1376208559,2,16
1376209162,2,16
1376209770,2,16
1376210376,2,16
1376210979,2,16
1376211583,2,16
1376212186,2,16
1376212790,2,16
1376213394,2,16
1376213997,2,16
1376214398,2,16
1376214425,3,15
1376215028,3,15
1376215244,3,15
1376215274,3,15
1376215358,4,14
1376215710,5,13
1376216239,3,15
1376216265,3,15
1376216351,3,15
1376216427,4,14
1376216478,5,13
1376216709,6,12
1376217312,6,12
1376217643,7,11
1376217775,6,12
1376218379,6,12
1376218982,6,12
1376219449,5,13
1376219737,4,14
1376220329,5,13
1376220634,3,15
1376221230,4,14
1376221834,4,14
1376221982,3,15
1376222586,3,15
1376222708,2,16
1376223017,3,15
1376223620,3,15
1376223687,4,14
1376224291,4,14
1376224894,4,14
1376225498,4,14
1376226101,4,14
1376226705,4,14
1376227284,3,15
1376227433,3,15
1376228036,3,15
1376228105,4,14
1376228282,5,13
1376228377,5,13
1376228404,5,13
1376228500,5,13
1376228531,6,12
1376228660,5,13
1376228715,7,11
1376228790,9,9
1376228982,10,8
1376229024,10,8
1376229082,11,7
1376229152,13,5
1376229193,13,5
1376229279,13,5
1376229312,14,4
1376229447,13,5
1376229747,13,5
1376230357,13,5
1376230373,13,5
1376230429,13,5
1376230533,13,5
1376230949,14,4
1376231065,16,2
1376231138,16,2
1376231183,16,2
1376231787,16,2
1376232391,16,2
1376232513,16,2
1376232541,17,1
1376232639,17,1
1376232678,16,2
1376233194,17,1
1376233797,17,1
1376234401,17,1
1376234902,18,0
1376234941,17,1
1376235070,18,0
1376235113,17,1
1376235464,16,1
1376235497,16,1
1376235810,17,0
1376235832,16,1
1376236411,15,2
1376236586,15,2
1376237189,15,2
1376237412,14,3
1376237453,14,4
1376237759,13,5
1376238367,13,5
1376238521,12,6
1376238753,13,5
1376238874,12,6
1376239478,12,6
1376239955,14,4
1376240589,12,5
1376240774,13,4
1376240973,12,5
1376241008,11,6
1376241361,12,5
1376241965,12,5
1376242175,11,6
1376242455,11,6
1376242538,11,6
1376242545,11,7
1376243149,11,7
1376243752,11,7
1376244179,12,6
1376244697,11,7
1376245235,12,6
1376245794,13,5
1376245876,14,4
1376246129,15,3
1376246596,14,4
1376247199,14,4
1376247304,13,5
1376247908,13,5
1376248181,13,5
1376248184,12,6
1376248306,11,7
1376248482,9,9
1376248731,10,8
1376249079,10,8
1376249087,11,7
1376249690,11,7
1376250010,10,8
1376250637,12,6
1376251241,12,6
1376251844,12,6
1376252429,12,6
1376252481,13,5
1376252508,13,5
1376252621,13,5
1376252651,13,5
1376252699,14,4
1376253303,14,4
1376253517,13,5
1376254120,13,5
1376254697,12,6
1376254936,13,5
1376255540,13,5
1376255645,14,4
1376256282,13,5
1376256742,14,4
1376257345,14,4
1376257711,12,6
1376258315,12,6
1376258918,12,6
1376259265,11,7
1376259453,10,8
1376260057,10,8
1376260661,9,9
1376261265,9,9
1376261578,8,10
1376262182,8,10
1376262317,9,9
1376262922,9,9
1376263526,9,9
1376264129,9,9
1376264732,9,9
1376265336,9,9
1376265940,9,9
1376266543,9,9
1376267147,9,9
1376267750,9,9
1376268361,8,10
1376268965,8,10
1376269568,8,10
1376270172,8,10
1376270534,8,10
1376271140,8,10
1376271744,8,10
1376272347,8,10
1376272950,8,10
1376273554,8,10
1376274158,8,10
1376274281,8,10
1376274284,9,9
1376274887,9,9
1376275490,9,9
1376276094,9,9
1376276698,9,9
1376276866,8,10
1376277470,8,10
1376278074,8,10
1376278677,8,10
1376279281,8,10
1376279884,8,10
1376280488,8,10
1376280761,8,10
1376280773,9,9
1376281376,9,9
1376281980,9,9
1376282584,9,9
1376283187,9,9
1376283790,9,9
1376284394,9,9
1376284998,9,9
1376285601,9,9
1376286205,9,9
1376286808,9,9
1376287030,8,10
1376287633,8,10
1376287806,9,9
1376287872,9,9
1376288476,9,9
1376288632,10,8
1376289235,10,8
1376289333,9,9
1376289598,9,9
1376289647,10,8
1376289816,11,7
1376289882,11,7
1376289900,11,7
1376290503,11,7
1376290769,10,8
1376290897,11,7
1376290962,10,8
1376290979,10,8
1376291051,9,9
1376291112,10,8
1376291436,12,6
1376291587,13,5
1376292191,13,5
1376292260,13,5
1376292294,14,4
1376292581,12,6
1376292881,12,5
1376292886,12,6
1376293023,12,6
1376293064,12,5
1376293235,12,5
1376293277,14,4
1376293523,14,4
1376294128,14,4
1376294732,14,4
1376295038,14,4
1376295047,15,3
1376295624,14,4
1376296206,13,5
1376296345,12,6
1376296949,12,6
1376297382,13,5
1376297986,13,5
1376298109,12,6
1376298712,12,6
1376299315,12,6
1376299758,11,7
1376300141,11,7
1376300149,12,6
1376300424,10,8
1376300459,11,7
1376300535,11,7
1376300621,12,6
1376300682,11,7
1376300970,12,6
1376301573,12,6
1376301596,12,6
1376302199,12,6
1376302556,11,7
1376303076,11,7
1376303110,12,6
1376303235,11,7
1376303838,11,7
1376304155,13,5
1376304631,14,5
1376304877,15,4
1376304909,15,4
1376304978,15,4
1376305581,15,4
1376305782,17,2
1376306430,18,1
1376306472,18,1
1376306508,19,0
1376307112,19,0
1376307301,18,1
1376307548,17,2
1376307815,16,3
1376308419,16,3
1376308871,15,4
1376309474,15,4
1376309682,15,4
1376309690,16,3
1376309756,17,2
1376309862,17,2
1376309865,16,3
1376310044,16,3
1376310649,16,3
1376311031,18,1
1376311634,18,1
1376312255,19,0
1376312859,19,0
1376312944,18,1
1376313278,17,2
1376313340,16,3
1376313454,17,2
1376313508,17,2
1376313633,19,0
1376314236,19,0
1376314352,18,1
1376314469,17,2
1376315072,17,2
1376315676,17,2
1376316279,17,2
1376316702,17,2
1376316714,18,1
1376317099,18,1
1376317432,17,2
1376318035,17,2
1376318639,17,2
1376319243,17,2
1376319846,17,2
1376320450,17,2
1376321019,16,3
1376321622,16,3
1376322206,17,2
1376322382,18,1
1376322941,17,2
1376322944,16,3
1376323479,15,4
1376323571,16,3
1376323638,17,2
1376323921,18,1
1376324429,17,2
1376324907,17,2
1376324951,16,3
1376325305,15,4
1376325447,14,5
1376325477,15,4
1376325795,14,5
1376326172,15,4
1376326234,15,4
1376326360,15,4
1376326403,15,4
1376326427,16,3
1376327030,16,3
1376327267,15,4
1376327440,14,5
1376327469,13,6
1376327641,12,7
1376327874,13,6
1376328084,12,7
1376328260,11,8
1376328669,10,9
1376328762,10,9
1376328772,11,8
1376328977,10,9
1376329054,10,9
1376329241,10,9
1376329244,11,8
1376329858,10,9
1376330461,10,9
1376330966,11,8
1376331392,10,9
1376331468,9,10
1376331628,9,10
1376331669,10,9
1376331737,9,10
1376332340,9,10
1376332901,8,11
1376333060,7,12
1376333105,5,14
1376333195,5,14
1376333205,6,13
1376333627,5,14
1376334135,6,13
1376334399,8,11
1376334804,7,12
1376334887,6,13
1376335490,6,13
1376335630,5,14
1376335912,6,13
1376336071,7,12
1376336391,6,13
1376336494,5,14
1376337097,5,14
1376337701,5,14
1376337966,4,15
1376338054,4,15
1376338067,5,14
1376338466,3,16
1376338543,4,15
1376338545,5,14
1376338715,4,15
1376338765,5,14
1376339073,7,12
1376339305,5,14
1376339908,5,14
1376340466,4,15
1376340559,2,17
1376340930,1,18
1376341295,2,17
1376341434,1,18
1376341721,0,19
1376341864,1,18
1376342468,1,18
1376342739,1,18
1376342745,1,18
1376343204,2,17
1376343807,2,17
1376344096,1,18
1376344700,1,18
1376344817,0,19
1376345421,0,19
1376346024,0,19
1376346628,0,19
1376347231,0,19
1376347602,0,19
1376347653,0,19
1376347701,1,18
1376348304,1,18
1376348908,1,18
1376349511,1,18
1376350115,1,18
1376350722,1,18
1376350771,1,18
1376351237,2,17
1376351841,2,17
1376352444,2,17
1376353048,2,17
1376353651,2,17
1376354255,2,17
1376354859,2,17
1376355462,2,17
1376356066,2,17
1376356669,2,17
1376356936,2,17
1376357539,2,17
1376358143,2,17
1376358701,4,15
1376358760,8,11
1376358823,12,7
1376358872,15,4
1376359476,15,4
1376360079,15,4
1376360683,15,4
1376361286,15,4
1376361890,15,4
1376362494,15,4
1376363097,15,4
1376363701,15,4
1376364304,15,4
1376364907,15,4
1376365511,15,4
1376366115,15,4
1376366718,15,4
1376367322,15,4
1376367761,15,4
1376367771,16,3
1376368374,16,3
1376368978,16,3
1376369582,16,3
1376370185,16,3
1376370788,16,3
1376371392,16,3
1376371996,16,3
1376372599,16,3
1376373203,16,3
1376373396,15,4
1376373654,14,5
1376373818,15,4
1376374421,15,4
1376374759,14,5
1376374816,14,5
1376374936,13,6
1376375114,14,5
1376375203,14,5
1376375205,15,4
1376375335,16,3
1376375675,17,2
1376376279,17,2
1376376882,17,2
1376376958,18,1
1376377028,19,0
1376377631,19,0
1376378235,19,0
1376378839,19,0
1376379442,19,0
1376380046,19,0
1376380649,19,0
1376381253,19,0
1376381856,19,0
1376381960,18,1
1376382563,18,1
1376382676,17,2
1376382861,18,1
1376383465,18,1
1376384069,18,1
1376384135,17,2
1376384192,16,3
1376384477,17,2
1376384837,16,3
1376384904,17,2
1376385280,18,1
1376385884,18,1
1376386487,18,1
1376387028,18,1
1376387632,18,1
1376388235,18,1
1376388328,17,2
1376388931,17,2
1376389295,18,1
1376389898,18,1
1376389941,17,2
1376390021,17,2
1376390031,18,1
1376390652,17,2
1376390980,16,3
1376391085,17,2
1376391629,18,1
1376392031,17,2
1376392391,18,1
1376393002,17,2
1376393310,18,1
1376393705,18,1
1376394247,17,2
1376394368,16,3
1376394422,15,4
1376394639,14,5
1376394677,13,6
1376395280,13,6
1376395884,13,6
1376396487,13,6
1376396722,11,8
1376396900,10,9
1376396951,11,8
1376397262,11,8
1376397754,11,8
1376397851,11,8
1376397939,11,8
1376397981,12,7
1376398585,12,7
1376398648,11,8
1376399251,11,8
1376399308,12,7
1376399484,13,6
1376400088,13,6
1376400691,13,6
1376400746,14,5
1376400876,15,4
1376400985,16,3
1376401017,17,2
1376401101,18,1
1376401704,18,1
1376402307,18,1
1376402623,18,1
1376402631,19,0
1376402748,18,1
1376403126,19,0
1376403729,19,0
1376404333,19,0
1376404683,18,1
1376405287,18,1
1376405534,17,2
1376406138,17,2
1376406741,17,2
1376407353,16,3
1376407709,15,4
1376407989,13,6
1376408516,12,7
1376408583,12,7
1376409187,12,7
1376409333,13,6
1376409936,13,6
1376410337,12,7
1376410411,11,8
1376410481,11,8
1376410489,12,7
1376410602,12,7
1376410604,11,8
1376410779,10,9
1376410795,9,10
1376410967,8,11
1376411265,8,11
1376411268,7,12
1376411335,6,13
1376411428,5,14
1376411487,6,13
1376412021,7,12
1376412272,8,11
1376412876,8,11
1376413197,7,12
1376413301,7,12
1376413342,7,12
1376413901,7,12
1376413909,8,11
1376414046,7,12
1376414524,6,13
1376414663,4,15
1376414776,5,14
1376414859,6,13
1376415403,6,13
1376415405,5,14
1376416009,5,14
1376416303,5,14
1376416311,6,13
1376416782,5,14
1376416862,4,15
1376417117,5,14
1376417531,6,13
1376418073,5,14
1376418676,5,14
1376419280,5,14
1376419883,5,14
1376420213,3,16
1376420406,2,17
1376420601,3,16
1376420890,2,17
1376421346,1,18
1376421876,0,19
1376422480,0,19
1376423083,0,19
1376423339,0,19
1376423441,0,19
1376423480,0,19
1376423538,0,19
1376423610,2,17
1376423649,1,18
1376423802,2,17
1376424406,2,17
1376425009,2,17
1376425252,1,18
1376425451,1,18
1376425505,2,17
1376425594,3,16
1376425620,3,16
1376425720,4,15
1376425772,5,14
1376426331,3,16
1376426934,3,16
1376427148,2,17
1376427393,3,16
1376427695,4,15
1376428299,4,15
1376428483,4,15
1376428487,5,14
1376428749,4,15
1376429215,3,16
1376429398,2,17
1376430001,2,17
1376430605,2,17
1376430692,3,16
1376430967,2,17
1376431007,1,18
1376431610,1,18
1376431842,1,18
1376431849,0,19
1376432452,0,19
1376432766,0,19
1376433369,0,19
1376433701,0,19
1376434305,0,19
1376434908,0,19
1376435512,0,19
1376436115,0,19
1376436719,0,19
1376437323,0,19
1376437603,0,19
1376437605,1,18
1376438209,1,18
1376438323,2,17
1376438382,4,15
1376438398,6,13
1376438881,7,12
1376439485,7,12
1376439604,6,13
1376439809,6,13
1376439844,7,12
1376440297,6,13
1376440325,5,14
1376440929,5,14
1376441532,5,14
1376442136,5,14
1376442740,5,14
1376443334,5,14
1376443938,5,14
1376444541,5,14
1376444623,6,13
1376444675,9,10
1376444733,11,8
1376444752,12,7
1376445355,12,7
1376445958,12,7
1376446562,12,7
1376446684,11,8
1376447287,11,8
1376447891,11,8
1376448494,11,8
1376449098,11,8
1376449702,11,8
1376450305,11,8
1376450909,11,8
1376451512,11,8
1376452116,11,8
1376452719,11,8
1376453323,11,8
1376453926,11,8
1376454530,11,8
1376455134,11,8
1376455433,10,9
1376456037,10,9
1376456640,10,9
1376457244,10,9
1376457847,10,9
1376457916,11,8
1376458110,10,9
1376458714,10,9
1376459317,10,9
1376459429,9,10
1376460032,9,10
1376460284,9,10
1376460443,10,9
1376460681,9,10
1376460792,10,9
1376460896,10,9
1376461026,11,8
1376461479,11,8
1376461490,12,7
1376462093,12,7
1376462710,13,6
1376463314,13,6
1376463917,13,6
1376464528,13,6
1376464598,12,7
1376464663,12,7
1376464667,13,6
1376464963,12,7
1376465013,14,5
1376465266,14,5
1376465436,14,5
1376465493,13,6
1376465533,14,5
1376465799,15,4
1376465849,16,3
1376466452,16,3
1376466637,17,2
1376466683,18,1
1376467287,18,1
1376467716,17,2
1376468319,17,2
1376468553,15,4
1376468813,16,3
1376469416,16,3
1376470020,16,3
1376470302,17,2
1376470905,17,2
1376471144,16,3
1376471150,15,4
1376471440,16,3
1376471874,15,4
1376472132,14,5
1376472268,15,4
1376472330,14,5
1376472933,14,5
1376473142,15,4
1376473282,16,3
1376473531,17,2
1376473838,16,3
1376474230,15,4
1376474834,15,4
1376475437,15,4
1376475566,14,5
1376475681,14,5
1376475715,15,4
1376475876,14,5
1376476480,14,5
1376476988,15,4
1376477058,16,3
1376477322,17,2
1376477927,17,2
1376478531,17,2
1376479135,17,2
1376479327,16,3
1376479434,17,2
1376479902,16,3
1376480415,15,4
1376481010,14,5
1376481515,15,4
1376482119,15,4
1376482293,16,3
1376482502,15,4
1376482995,14,5
1376483052,15,4
1376483381,15,4
1376483440,17,2
1376484044,17,2
1376484178,15,4
1376484782,15,4
1376485025,14,5
1376485074,15,4
1376485287,14,5
1376485330,14,5
1376485934,14,5
1376486204,14,5
1376486206,15,4
1376486538,15,4
1376487142,15,4
1376487323,16,3
1376487555,15,4
1376487626,15,4
1376487683,16,3
1376487923,17,2
1376487985,17,2
1376488563,17,2
1376488774,17,2
1376488790,18,1
1376488898,18,1
1376488948,19,0
1376489551,9,0
1376490155,9,0
1376490758,9,0
1376490880,8,1
1376491483,8,1
1376492087,8,1
1376492690,8,1
1376493042,8,1
1376493045,7,2
1376493274,7,2
1376493338,7,2
1376493370,7,2
1376493974,7,2
1376494577,7,2
1376494722,8,1
1376495326,8,1
1376495719,8,1
1376495911,8,1
1376495981,8,1
1376495988,9,0
1376496513,8,1
1376496579,9,0
1376497153,9,0
1376497189,9,0
1376497654,8,1
1376498017,8,1
1376498193,7,2
1376498797,7,2
1376498822,6,3
1376498888,7,2
1376499491,7,2
1376499935,7,2
1376499982,7,2
1376500536,4,5
1376501140,4,5
1376501281,3,6
1376501633,2,7
1376501944,1,8
1376501990,0,9
1376502098,0,9
1376502106,1,8
1376502710,1,8
1376503232,0,9
1376503568,1,8
1376503663,1,8
1376503665,0,9
1376504388,0,9
1376504981,0,9
1376505593,0,9
1376506197,0,9
1376506801,0,9
1376506935,1,8
1376507539,1,8
1376508141,1,8
1376508745,1,8
1376509339,1,8
1376509380,2,7
1376509602,0,9
1376509607,0,9
1376509771,0,9
1376510374,0,9
1376510978,0,9
1376511081,0,9
1376511154,0,9
1376511282,0,9
1376511395,2,7
1376511452,3,6
1376511741,2,7
1376511820,1,8
1376512027,2,7
1376512173,1,7
1376512193,1,8
1376512797,1,8
1376513400,1,8
1376513563,1,8
1376513568,2,7
1376514074,3,6
1376514345,3,6
1376514452,5,4
1376514588,5,4
1376514687,5,4
1376514759,5,4
1376514772,5,4
1376515375,5,4
1376515979,5,4
1376516538,4,5
1376517142,4,5
1376517745,4,5
1376518349,4,5
1376518482,4,5
1376518488,5,4
1376519092,5,4
1376519695,5,4
1376520299,5,4
1376520932,5,4
1376521000,5,4
1376521169,5,4
1376521291,6,3
1376521361,5,4
1376521539,5,4
1376521568,6,3
1376522172,6,3
1376522340,4,5
1376522924,4,5
1376523029,4,5
1376523508,3,6
1376523616,4,5
1376524219,4,15
1376524823,4,15
1376525426,4,15
1376526030,4,15
1376526633,4,15
1376527237,4,15
1376527840,4,15
1376528444,4,15
1376529047,4,15
1376529741,4,15
1376529877,4,15
1376530297,5,14
1376530327,4,15
1376530931,4,15
1376531534,4,15
1376532140,4,15
1376532716,5,14
1376533320,5,14
1376533923,5,14
1376534133,8,11
1376534195,10,8
1376534799,3,6
1376535403,3,6
1376536006,3,6
1376536610,3,6
1376537213,3,6
1376537830,3,6
1376537876,4,5
1376538480,4,5
1376539083,4,5
1376539687,4,5
1376539813,5,4
1376540353,6,3
1376540899,6,3
1376540928,6,3
1376541531,13,6
1376542135,13,6
1376542738,13,6
1376543342,13,6
1376543945,13,6
1376544203,13,6
1376544806,6,3
1376545410,6,3
1376545925,7,2
1376546082,7,2
1376546100,8,1
1376546703,8,1
1376547306,8,1
1376547910,8,1
1376548514,8,1
1376549117,8,1
1376549721,8,1
1376550324,8,1
1376550928,8,1
1376551083,8,1
1376551136,8,1
1376551740,8,1
1376552344,8,1
1376552952,8,1
1376553079,9,0
1376553682,9,0
1376553711,9,0
1376553849,9,0
1376554452,9,0
1376555056,9,0
1376555433,9,0
1376556037,9,0
1376556086,9,0
1376556690,9,0
1376557293,9,0
1376557676,8,1
1376557753,8,1
1376558141,17,1
1376558195,11,8
1376558244,11,8
1376558286,11,8
1376558415,11,8
1376558501,11,8
1376558559,11,8
1376558569,12,7
1376558688,11,8
1376558858,12,6
1376558922,13,5
1376558951,13,4
1376559555,13,4
1376560121,13,4
1376560123,12,5
1376560464,14,3
1376560623,15,2
1376560830,17,0
1376561433,17,0
1376562037,17,0
1376562641,17,0
1376563245,17,0
1376563848,17,0
1376563993,16,1
1376564555,16,1
1376564586,17,0
1376564831,16,1
1376565434,16,1
1376565868,15,2
1376565959,14,3
1376566494,15,2
1376566782,14,3
1376566947,13,4
1376567320,14,3
1376567343,15,2
1376567584,16,1
1376567756,17,0
1376568360,17,0
1376568964,17,0
1376569568,17,0
1376570069,16,1
1376570622,15,2
1376570681,15,2
1376570728,15,2
1376570778,16,1
1376570845,16,1
1376571034,16,1
1376571098,17,0
1376571434,17,0
1376572038,17,0
1376572641,17,0
1376572935,17,0
1376573105,16,1
1376573300,15,2
1376573565,14,3
1376573960,14,3
1376574028,15,2
1376574054,16,1
1376574151,17,0
1376574754,17,0
1376575358,17,0
1376575920,17,0
1376576169,16,1
1376576372,14,3
1376576439,14,3
1376577042,14,3
1376577646,14,3
1376578135,15,2
1376578567,14,3
1376579171,14,3
1376579774,14,3
1376579853,15,2
1376580456,15,2
1376580863,14,3
1376580941,13,4
1376581415,14,3
1376581799,13,4
1376581860,12,5
1376582082,11,6
1376582307,11,6
1376582438,11,6
1376582668,10,6
1376582725,10,7
1376582755,9,8
1376583386,7,10
1376583523,7,10
1376583525,8,9
1376583861,10,7
1376584062,9,8
1376584360,10,7
1376584481,11,6
1376584483,10,7
1376584588,11,6
1376585191,11,6
1376585516,10,7
1376585914,11,6
1376586188,12,5
1376586791,12,5
1376587172,13,4
1376587520,12,5
1376587792,11,6
1376587959,11,6
1376587975,12,5
1376588067,11,6
1376588148,10,7
1376588752,10,7
1376589006,8,9
1376589052,7,10
1376589655,7,10
1376589978,6,11
1376590053,6,11
1376590073,7,10
1376590476,9,8
1376590642,9,8
1376590703,9,8
1376590800,8,9
1376591166,7,10
1376591770,7,10
1376592192,6,11
1376592795,6,11
1376593399,6,11
1376594002,6,11
1376594065,5,12
1376594364,5,12
1376594914,6,11
1376595518,6,11
1376596121,6,11
1376596725,6,11
1376596825,5,12
1376597429,5,12
1376597546,4,13
1376597586,3,14
1376597713,5,12
1376597798,4,13
1376598403,4,13
1376599007,4,13
1376599611,4,13
1376600001,3,14
1376600202,4,13
1376600805,4,13
1376601222,5,12
1376601826,5,12
1376602430,5,12
1376603034,5,12
1376603637,5,12
1376604065,4,13
1376604669,4,13
1376605136,5,12
1376605739,5,12
1376606343,5,12
1376606946,5,12
1376607550,5,12
1376608154,5,12
1376608758,5,12
1376609361,5,12
1376609965,5,12
1376610568,5,12
1376611172,5,12
1376611775,5,12
1376612379,5,12
1376612982,5,12
1376613586,5,12
1376614189,5,12
1376614793,5,12
1376615417,5,12
1376615455,6,11
1376616134,6,11
1376616341,6,11
1376616343,5,12
1376616947,5,12
1376617551,5,12
1376618154,5,12
1376618320,12,5
1376618348,13,4
1376618951,13,4
1376619555,13,4
1376620158,13,4
1376620762,13,4
1376621365,13,4
1376621969,13,4
1376622572,13,4
1376623176,13,4
1376623779,13,4
1376624383,13,4
1376624986,13,4
1376625590,13,4
1376626194,13,4
1376626282,14,3
1376626886,14,3
1376627489,14,3
1376628093,14,3
1376628697,14,3
1376629301,14,3
1376629807,13,4
1376630411,13,4
1376631014,13,4
1376631618,13,4
1376632221,13,4
1376632824,13,4
1376633428,13,4
1376633612,12,5
1376633922,12,5
1376633924,13,4
1376634521,12,5
1376634631,13,4
1376634696,14,3
1376635300,14,3
1376635903,14,3
1376636507,14,3
1376636948,15,2
1376637327,16,1
1376637931,16,1
1376638109,16,2
1376638457,16,2
1376638513,17,0
1376638621,16,1
1376638808,17,0
1376639412,17,0
1376640015,17,0
1376640619,17,0
1376640787,15,2
1376640873,14,3
1376640938,14,3
1376640953,14,3
1376641108,13,4
1376641711,13,4
1376641839,12,5
1376641902,13,4
1376641914,14,3
1376642518,14,3
1376642670,15,2
1376643273,15,2
1376643877,15,2
1376644480,15,2
1376644809,15,2
1376644859,16,1
1376645345,17,0
1376645757,17,0
1376646109,16,1
1376646713,16,1
1376647316,16,1
1376647893,15,2
1376648497,15,2
1376648721,16,1
1376648965,16,1
1376649515,15,2
1376649979,14,3
1376650542,15,2
1376650574,16,1
1376650617,15,2
1376650728,16,1
1376650832,16,1
1376650867,17,0
1376651471,17,0
1376651855,16,1
1376652419,15,2
1376652727,14,3
1376653073,13,4
1376653179,13,4
1376653190,14,3
1376653349,13,4
1376653474,12,5
1376653674,11,6
1376653897,10,7
1376654080,11,6
1376654178,9,8
1376654339,9,8
1376654684,9,8
1376654686,8,9
1376655040,7,10
1376655476,6,11
1376655603,5,12
1376656206,5,12
1376656282,6,11
1376656343,7,10
1376656899,8,9
1376657503,8,9
1376657515,9,8
1376657893,8,9
1376658162,8,9
1376658165,9,8
1376658742,10,7
1376659007,9,8
1376659067,8,9
1376659170,6,11
1376659481,7,10
1376660041,6,11
1376660157,5,12
1376660645,7,10
1376661280,7,10
1376661296,8,9
1376661523,7,10
1376661525,8,9
1376661685,9,8
1376662289,9,8
1376662854,8,9
1376663233,6,11
1376663836,6,11
1376664059,7,10
1376664567,8,9
1376664970,7,10
1376665163,8,9
1376665403,9,8
1376665454,9,8
1376665562,9,8
1376665617,10,7
1376665947,10,7
1376666090,8,9
1376666370,9,8
1376666428,10,7
1376666916,9,8
1376666942,10,7
1376667207,11,6
1376667318,11,6
1376667362,12,5
1376667816,13,4
1376668419,13,4
1376668685,14,3
1376668899,13,4
1376669229,12,5
1376669310,11,6
1376669435,12,5
1376670038,12,5
1376670092,12,5
1376670695,12,5
1376671299,12,5
1376671826,11,6
1376672239,10,7
1376672842,10,7
1376673202,9,8
1376673570,8,9
1376673584,8,9
1376673749,9,8
1376673791,10,7
1376674353,11,6
1376674482,12,5
1376675065,11,6
1376675393,10,7
1376675494,9,8
1376676097,9,8
1376676153,10,7
1376676756,10,7
1376677016,11,6
1376677303,11,6
1376677359,13,4
1376677962,13,4
1376678616,13,4
1376679219,13,4
1376679694,10,7
1376679799,9,8
1376680294,8,9
1376680897,8,9
1376680977,7,10
1376681581,7,10
1376682076,6,11
1376682680,6,11
1376683107,8,9
1376683152,8,9
1376683188,9,8
1376683585,10,7
1376684189,10,7
1376684792,10,7
1376685205,9,8
1376685271,9,8
1376685341,10,7
1376685350,11,6
1376685954,11,6
1376686557,11,6
1376686921,10,7
1376687080,9,8
1376687289,8,9
1376687893,8,9
1376688497,8,9
1376689100,8,9
1376689267,7,10
1376689871,7,10
1376690475,7,10
1376690912,6,11
1376691516,6,11
1376692119,6,11
1376692723,6,11
1376693326,6,11
1376693930,6,11
1376694533,6,11
1376694787,5,12
1376695390,5,12
1376695994,5,12
1376696599,5,12
1376697033,3,14
1376697636,3,14
1376698240,3,14
1376698863,3,14
1376699467,3,14
1376700070,3,14
1376700674,3,14
1376701277,3,14
1376701881,3,14
1376702534,3,14
1376702668,3,14
1376703272,3,14
1376703711,2,15
1376704315,2,15
1376704918,2,15
1376705522,2,15
1376706125,2,15
1376706729,2,15
1376707333,2,15
1376707936,2,15
1376708556,1,16
1376709125,0,17
1376709715,0,17
1376709821,0,17
1376709827,1,16
1376710431,1,16
1376711035,1,16
1376711638,1,16
1376712242,1,16
1376712845,1,16
1376713108,0,17
1376713712,0,17
1376714315,0,17
1376714919,0,17
1376715522,0,17
1376716126,0,17
1376716729,0,17
1376717333,0,17
1376717936,0,17
1376718540,0,17
1376719143,0,17
1376719747,0,17
1376720351,0,17
1376720954,0,17
1376721557,0,17
1376722161,0,17
1376722765,0,17
1376723368,0,17
1376723971,0,17
1376724583,0,16
1376724592,1,16
1376725195,1,16
1376725799,1,16
1376726402,1,16
1376727006,1,16
1376727156,2,15
1376727499,1,16
1376728102,1,16
1376728706,1,16
1376729310,1,16
1376729501,2,15
1376730105,2,15
1376730201,3,14
1376730805,3,14
1376731409,3,14
1376732012,3,14
1376732345,2,15
1376732981,3,14
1376733128,3,14
1376733295,3,14
1376733353,4,13
1376733720,4,13
1376733810,4,13
1376733917,3,14
1376733983,4,13
1376734124,4,13
1376734183,6,11
1376734185,7,10
1376734789,7,10
1376735261,7,10
1376735864,7,10
1376736379,4,13
1376736983,4,13
1376737482,5,12
1376738086,5,12
1376738689,5,12
1376739293,5,12
1376739816,4,13
1376739869,5,12
1376740027,4,13
1376740161,3,14
1376740463,4,13
1376741067,4,13
1376741316,4,13
1376741346,5,12
1376741949,5,12
1376742205,6,11
1376742809,6,11
1376743257,7,10
1376743477,6,11
1376744081,6,11
1376744296,8,9
1376744382,8,9
1376744421,9,8
1376744848,8,9
1376745451,8,9
1376746054,8,9
1376746373,7,10
1376746519,8,9
1376746718,8,9
1376746840,10,7
1376747021,10,7
1376747033,11,6
1376747637,11,6
1376748240,11,6
1376748844,11,6
1376749447,11,6
1376750051,11,6
1376750600,10,7
1376750645,11,6
1376751248,11,6
1376751328,11,6
1376751400,12,5
1376751444,13,4
1376751480,12,5
1376752084,12,5
1376752225,11,6
1376752576,12,5
1376752689,11,6
1376753293,11,6
1376753896,11,6
1376753983,11,6
1376753991,12,5
1376754595,12,5
1376754823,12,5
1376754878,12,5
1376755268,13,4
1376755409,12,5
1376755522,11,6
1376755902,11,6
1376755936,15,2
1376756540,15,2
1376757143,15,2
1376757629,14,3
1376758237,15,2
1376758841,15,2
1376758898,14,3
1376759055,15,2
1376759405,14,3
1376760009,14,3
1376760121,13,4
1376760448,12,5
1376760546,13,4
1376760819,15,2
1376761063,15,2
1376761066,16,1
1376761669,16,1
1376761923,15,2
1376762526,15,2
1376762804,14,3
1376762942,13,4
1376763031,13,4
1376763123,14,3
1376763643,10,6
1376763651,9,8
1376763751,6,11
1376764355,6,11
1376764415,7,10
1376764846,8,9
1376765450,8,9
1376765906,7,10
1376766418,6,11
1376766788,5,12
1376766877,4,13
1376767333,5,12
1376767936,5,12
1376768539,5,12
1376768924,5,12
1376768927,4,13
1376769199,2,15
1376769501,3,14
1376769905,2,15
1376770037,3,14
1376770641,3,14
1376771244,3,14
1376771848,3,14
1376772187,2,15
1376772791,2,15
1376773069,3,14
1376773453,2,15
1376773506,4,13
1376773940,5,12
1376774544,5,12
1376775147,5,12
1376775196,5,12
1376775244,6,11
1376775642,7,10
1376776245,7,10
1376776324,8,9
1376776652,9,8
1376777131,7,10
1376777153,6,11
1376777299,5,12
1376777903,5,12
1376778506,5,12
1376779110,5,12
1376779713,5,12
1376780228,4,13
1376780832,4,13
1376781435,4,13
1376782039,4,13
1376782642,4,13
1376782885,3,14
1376783091,2,15
1376783694,2,15
1376784099,1,16
1376784702,1,16
1376784725,2,15
1376785329,2,15
1376785664,2,15
1376785672,3,14
1376786276,3,14
1376786879,3,14
1376787483,3,14
1376787844,3,14
1376788451,2,15
1376788937,2,15
1376789184,0,17
1376789788,0,17
1376790391,0,17
1376790995,0,17
1376791598,0,17
1376792202,0,17
1376792805,0,17
1376793409,0,17
1376794012,0,17
1376794616,0,17
1376795219,0,17
1376795823,0,17
1376796426,0,17
1376797030,0,17
1376797633,0,17
1376798237,0,17
1376798841,0,17
1376799444,0,17
1376800048,0,17
1376800651,0,17
1376801255,0,17
1376801858,0,17
1376801908,1,16
1376802361,1,16
1376802420,2,15
1376803023,2,15
1376803627,2,15
1376804230,2,15
1376804834,2,15
1376805437,2,15
1376806041,2,15
1376806644,2,15
1376806860,1,16
1376807464,1,16
1376808067,1,16
1376808358,1,16
1376808961,1,16
1376809565,1,16
1376810196,1,16
1376810799,1,16
1376811403,1,16
1376812007,1,16
1376812610,1,16
1376813214,1,16
1376813817,1,16
1376814009,2,15
1376814612,2,15
1376814955,3,14
1376815559,3,14
1376816162,3,14
1376816270,4,13
1376816873,4,13
1376817477,4,13
1376818117,4,13
1376818394,5,12
1376818997,5,12
1376819200,6,11
1376819623,5,12
1376819626,4,13
1376819982,4,13
1376820017,5,12
1376820100,5,12
1376820134,6,11
1376820377,5,12
1376820981,5,12
1376821584,5,12
1376821999,6,11
1376822603,6,11
1376823218,7,10
1376823821,7,10
1376824424,7,10
1376824618,8,9
1376825221,8,9
1376825435,7,10
1376825773,6,11
1376826082,5,12
1376826135,6,11
1376826345,7,10
1376826366,6,11
1376826899,5,12
1376827362,6,11
1376827400,7,10
1376828004,7,10
1376828607,7,10
1376829211,7,10
1376829715,6,11
1376830322,6,11
1376830378,7,10
1376830465,8,9
1376830898,9,8
1376831021,8,9
1376831054,9,8
1376831648,10,7
1376832041,11,6
1376832644,11,6
1376832861,12,5
