1376208162,3,14
1376208765,3,14
1376209369,3,14
1376209476,4,13
1376209524,5,12
1376209959,5,12
1376209968,6,11
1376210572,6,11
1376211175,6,11
1376211779,6,11
1376212382,6,11
1376212985,6,11
1376213190,4,11
1376213211,4,11
1376213317,4,11
1376213383,4,12
1376213437,4,13
1376213637,3,14
1376214216,1,15
1376214278,1,16
1376214337,1,16
1376214364,1,16
1376214463,2,15
1376214512,3,14
1376214901,3,14
1376215074,2,15
1376215678,2,15
1376215759,2,15
1376215832,2,15
1376215958,1,16
1376216479,3,14
1376216862,3,14
1376216900,4,13
1376216964,4,13
1376217019,5,12
1376217104,5,11
1376217132,7,10
1376217519,7,10
1376217528,8,9
1376218131,8,9
1376218735,8,9
1376219250,7,10
1376219820,6,11
1376220424,6,11
1376220869,7,10
1376221473,7,10
1376222077,7,10
1376222437,8,9
1376222564,8,9
1376222566,9,8
1376223022,11,6
1376223080,10,7
1376223163,12,5
1376223175,11,6
1376223252,12,5
1376223856,12,5
1376224303,12,5
1376224305,11,6
1376224572,11,6
1376224976,12,5
1376225053,13,4
1376225203,12,5
1376225274,11,6
1376225577,10,7
1376226180,10,7
1376226784,10,7
1376226921,9,8
1376227214,9,8
1376227252,10,7
1376227350,9,8
1376227466,10,7
1376227510,11,6
1376227644,10,7
1376227887,11,6
1376228092,10,7
1376228696,10,7
1376228976,9,8
1376229038,9,8
1376229082,10,7
1376229686,10,7
1376229760,9,8
1376230261,9,8
1376230352,10,7
1376230425,10,7
1376230790,9,8
1376231184,8,9
1376231549,8,9
1376231673,8,9
1376231798,9,8
1376232402,9,8
1376232906,8,9
1376233193,9,8
1376233285,8,9
1376233481,6,11
1376233515,4,13
1376233759,3,14
1376233827,4,13
1376234430,4,13
1376235033,5,12
1376235125,6,11
1376235210,7,10
1376235498,7,10
1376235578,8,9
1376235699,9,8
1376236014,7,10
1376236567,8,9
1376236961,9,8
1376236978,8,9
1376237041,7,10
1376237106,8,9
1376237180,7,10
1376237368,6,11
1376237417,7,10
1376237486,7,10
1376237510,8,9
1376237904,7,10
1376238108,6,11
1376238712,6,11
1376238829,5,12
1376239176,6,11
1376239280,6,11
1376239362,8,9
1376239393,7,10
1376239531,8,9
1376240107,7,10
1376240240,8,9
1376240391,7,10
1376240598,5,12
1376240786,3,14
1376240840,2,15
1376240908,3,14
1376241111,3,14
1376241224,3,14
1376241257,3,14
1376241523,3,14
1376241531,4,13
1376241941,3,14
1376241995,4,13
1376242020,4,13
1376242134,4,13
1376242210,4,13
1376242252,5,12
1376242856,5,12
1376242942,4,13
1376243192,2,15
1376243570,1,16
1376243803,1,16
1376243805,2,15
1376244224,2,15
1376244230,0,17
1376244428,1,16
1376245031,1,16
1376245635,1,16
1376245842,1,16
1376245844,2,15
1376246004,4,13
1376246288,5,12
1376246434,4,13
1376246499,6,11
1376246541,6,11
1376246573,7,10
1376246777,6,11
1376247169,5,12
1376247773,5,12
1376248313,4,13
1376248536,1,16
1376248663,1,16
1376248700,1,16
1376248754,2,15
1376249358,2,15
1376249964,0,17
1376250328,0,17
1376250379,1,16
1376250454,2,15
1376250473,3,14
1376251120,3,14
1376251123,2,15
1376251251,1,16
1376251739,2,15
1376252007,3,14
1376252611,3,14
1376252680,1,16
1376252944,0,17
1376253426,1,16
1376254029,1,16
1376254633,1,16
1376255083,1,16
1376255091,0,17
1376255694,0,17
1376256298,0,17
1376256702,0,17
1376256906,0,17
1376257349,0,17
1376257373,1,16
1376257893,0,17
1376258496,0,17
1376259100,0,17
1376259505,1,16
1376260108,1,16
1376260218,2,15
1376260464,0,17
1376261012,1,16
1376261138,0,17
1376261594,1,16
1376261646,2,15
1376261742,2,15
1376261744,3,14
1376262018,2,15
1376262621,2,15
1376262958,3,14
1376263561,3,14
1376264165,3,14
1376264743,3,14
1376265346,3,14
1376265681,2,15
1376265763,2,15
1376265774,2,15
1376265874,2,15
1376265912,3,14
1376266162,3,14
1376266766,3,14
1376267112,2,15
1376267716,2,15
1376268319,2,15
1376268923,2,15
1376269526,2,15
1376269737,3,14
1376270237,3,14
1376270842,3,14
1376271445,3,14
1376272048,3,14
1376272652,3,14
1376273257,3,14
1376273861,3,14
1376274295,4,13
1376274898,4,13
1376275502,4,13
1376275707,3,14
1376276312,3,14
1376276739,3,14
1376276750,4,13
1376277353,4,13
1376277957,4,13
1376278561,4,13
1376279165,4,13
1376279769,4,13
1376280373,4,13
1376280977,4,13
1376281581,4,13
1376282184,4,13
1376282788,4,13
1376283391,4,13
1376283995,4,13
1376284599,4,13
1376285165,3,14
1376285769,3,14
1376286049,2,15
1376286154,3,14
1376286759,3,14
1376287367,3,14
1376287532,2,15
1376287901,2,15
1376287903,3,14
1376288336,2,15
1376288431,1,16
1376288614,0,17
1376289218,0,17
1376289744,1,16
1376290302,0,17
1376290339,1,16
1376290590,0,17
1376290896,0,17
1376290927,0,17
1376291007,1,16
1376291611,1,16
1376292018,1,16
1376292076,2,15
1376292283,2,15
1376292290,3,14
1376292444,4,13
1376292743,6,11
1376292822,7,10
1376292861,5,12
1376292938,4,13
1376293106,4,13
1376293145,4,12
1376293202,5,11
1376293587,6,10
1376293674,5,11
1376294164,6,10
1376294531,7,9
1376294841,6,10
1376295445,6,10
1376295811,6,10
1376295832,6,10
1376295912,5,11
1376296001,6,10
1376296061,5,11
1376296122,5,11
1376296543,6,10
1376296591,7,9
1376297067,8,8
1376297234,7,9
1376297413,8,8
1376297614,9,8
1376297673,9,8
1376297741,10,7
1376297771,9,8
1376297862,8,9
1376297912,9,8
1376297960,9,8
1376298042,10,7
1376298078,11,6
1376298396,11,6
1376298439,11,6
1376298492,12,5
1376299032,11,6
1376299123,11,6
1376299125,10,7
1376299633,11,6
1376299802,12,5
1376299953,12,5
1376300013,13,4
1376300070,14,3
1376300099,15,2
1376300486,16,1
1376300597,17,0
1376301200,17,0
1376301804,17,0
1376302407,17,0
1376303010,17,0
1376303614,17,0
1376304152,17,0
1376304755,17,0
1376304940,16,1
1376305539,16,1
1376305548,17,0
1376306151,17,0
1376306756,16,1
1376307134,15,2
1376307738,15,2
1376308283,13,4
1376308586,15,2
1376308735,16,1
1376308903,15,2
1376308914,14,3
1376308984,13,4
1376309043,13,4
1376309563,12,5
1376309853,13,4
1376309923,14,3
1376309926,13,4
1376310101,14,3
1376310391,13,4
1376310758,14,3
1376311361,14,3
1376311459,14,3
1376311578,13,4
1376311649,13,4
1376311992,14,3
1376312595,14,3
1376313140,15,2
1376313279,15,2
1376313323,16,1
1376313927,16,1
1376314219,16,1
1376314266,17,0
1376314422,17,0
1376314424,16,1
1376314504,15,2
1376315139,16,1
1376315146,15,2
1376315750,15,2
1376316395,14,3
1376316746,16,1
1376317349,16,1
1376317953,16,1
1376318140,17,0
1376318664,15,2
1376319116,16,1
1376319574,15,2
1376320115,14,3
1376320358,15,2
1376320534,14,3
1376321137,14,3
1376321448,13,4
1376321555,13,4
1376321664,13,4
1376321732,13,4
1376321798,13,4
1376321820,14,3
1376321929,13,4
1376322297,12,5
1376322942,12,5
1376322944,13,4
1376323316,12,5
1376323455,13,4
1376323556,14,3
1376323784,14,3
1376324082,12,5
1376324120,13,4
1376324189,12,5
1376324365,13,4
1376324401,12,5
1376324743,12,5
1376324745,11,6
1376324900,12,5
1376324992,11,6
1376325402,10,7
1376325404,9,8
1376325503,8,9
1376325547,7,10
1376325763,8,9
1376325778,6,11
1376325921,8,9
1376326133,7,10
1376326294,6,11
1376326780,6,11
1376326790,8,9
1376326872,9,8
1376326961,9,8
1376327220,8,9
1376327375,8,9
1376327441,10,7
1376327681,10,7
1376327742,8,9
1376328136,7,10
1376328245,8,9
1376328462,8,9
1376328513,7,10
1376328761,6,11
1376329025,6,11
1376329107,5,12
1376329182,6,11
1376329229,7,10
1376329284,6,11
1376329313,7,10
1376329590,8,9
1376329681,7,10
1376329821,6,11
1376329963,6,11
1376330020,5,12
1376330034,6,11
1376330221,5,12
1376330464,6,11
1376330800,5,12
1376330834,5,12
1376330971,4,13
1376331044,4,13
1376331188,3,14
1376331265,1,16
1376331299,1,16
1376331389,0,17
1376331451,1,16
1376331680,2,15
1376331824,2,15
1376331826,3,14
1376331996,4,13
1376332176,4,13
1376332317,4,13
1376332398,3,14
1376332482,2,15
1376332485,3,14
1376332714,3,14
1376332839,4,13
1376332892,5,12
1376333081,3,14
1376333190,5,12
1376333443,0,17
1376333497,0,17
1376333542,0,17
1376333581,0,17
1376333677,0,17
1376333708,0,17
1376333838,1,16
1376334441,1,16
1376334479,2,15
1376335083,2,15
1376335632,3,14
1376335825,4,13
1376336428,4,13
1376337032,4,13
1376337125,3,14
1376337325,5,12
1376337361,6,11
1376337473,7,10
1376338002,8,9
1376338050,9,8
1376338167,10,7
1376338779,10,7
1376338898,11,6
1376339021,12,5
1376339042,13,4
1376339119,14,3
1376339189,14,2
1376339241,14,1
1376339317,14,1
1376339359,15,1
1376339423,14,2
1376339488,15,1
1376340091,15,1
1376340134,16,0
1376340254,14,2
1376340858,14,2
1376341295,13,3
1376341424,12,3
1376341471,13,3
1376341581,13,3
1376341620,14,2
1376341882,13,3
1376342006,12,4
1376342065,12,4
1376342109,12,4
1376342559,13,3
1376342714,12,4
1376342870,11,5
1376343091,12,4
1376343188,12,4
1376343401,11,5
1376343516,10,5
1376343575,9,6
1376343595,9,7
1376343883,9,7
1376343885,10,6
1376343960,10,6
1376344421,10,6
1376344429,11,5
1376344640,12,4
1376344694,13,3
1376345298,13,3
1376345608,14,2
1376346212,14,2
1376346815,14,2
1376347419,14,2
1376347470,11,5
1376347625,10,6
1376348229,10,6
1376348323,9,6
1376348378,9,7
1376348477,9,7
1376348513,10,6
1376348986,9,7
1376349132,10,6
1376349521,9,7
1376350124,9,7
1376350315,10,6
1376350462,9,7
1376350530,9,7
1376350588,10,6
1376351191,10,6
1376351795,10,6
1376352398,10,6
1376353002,10,6
1376353605,10,6
1376354209,10,6
1376354812,10,6
1376355416,10,6
1376356019,10,6
1376356637,10,6
1376357242,10,6
1376357845,10,6
1376358375,9,7
1376358978,9,7
1376359584,9,7
1376359879,10,6
1376360486,10,6
1376361090,10,6
1376361693,10,6
1376362297,10,6
1376362900,10,6
1376363504,10,6
1376364107,10,6
1376364711,10,6
1376365314,10,6
1376365918,10,6
1376366521,10,6
1376367125,10,6
1376367728,10,6
1376368332,10,6
1376368935,10,6
1376369539,10,6
1376370142,10,6
1376370745,10,6
1376371350,10,6
1376371954,10,6
1376372362,11,5
1376372965,11,5
1376373471,10,6
1376373731,9,7
1376374334,9,7
1376374938,9,7
1376375098,10,6
1376375248,9,7
1376375695,10,6
1376375802,10,6
1376375804,11,5
1376375919,9,6
1376376522,9,6
1376376551,8,7
1376376926,9,6
1376377422,10,5
1376377454,9,6
1376377561,8,7
1376378127,7,8
1376378407,7,8
1376378446,6,9
1376378560,6,9
1376378615,8,7
1376378642,9,6
1376378696,10,5
1376379300,10,5
1376379647,9,6
1376380250,9,6
1376380560,8,7
1376380888,9,6
1376381198,8,7
1376381317,7,8
1376381337,6,9
1376381475,5,10
1376381541,5,10
1376381679,5,10
1376381721,6,9
1376381802,6,9
1376381816,7,8
1376382420,7,8
1376383023,7,8
1376383627,7,8
1376383726,6,9
1376384164,7,8
1376384262,7,8
1376384272,8,7
1376384742,8,7
1376384744,7,8
1376384895,6,9
1376385163,6,9
1376385181,4,11
1376385264,4,11
1376385336,6,10
1376385371,6,10
1376385446,6,10
1376385514,7,10
1376385544,6,11
1376385737,6,10
1376385855,7,9
1376386241,7,9
1376386243,6,10
1376386661,5,11
1376387167,4,12
1376387215,3,13
1376387286,2,14
1376387711,1,15
1376387861,0,16
1376387863,0,16
1376388149,0,16
1376388208,1,15
1376388259,2,14
1376388286,2,14
1376388395,3,13
1376388440,4,12
1376388507,4,12
1376388573,3,13
1376388617,4,12
1376388696,4,12
1376388809,4,12
1376388851,6,10
1376388935,5,11
1376388994,4,12
1376389155,5,11
1376389758,5,11
1376389973,6,10
1376390336,6,10
1376390426,7,9
1376390461,8,8
1376390708,7,9
1376390879,6,10
1376391092,5,11
1376391696,5,11
1376392037,4,12
1376392289,3,13
1376392622,2,14
1376392703,1,15
1376392841,1,15
1376392848,2,14
1376393452,2,14
1376393947,1,15
1376394038,1,15
1376394068,1,15
1376394267,2,14
1376394356,3,13
1376394623,4,12
1376395182,6,10
1376395658,6,10
1376395666,7,9
1376395767,7,9
1376395842,7,9
1376396372,8,8
1376396794,9,7
1376397398,9,7
1376397455,9,7
1376397472,9,7
1376397810,8,8
1376397982,7,9
1376398303,8,8
1376398305,9,7
1376398646,8,8
1376398973,7,9
1376399577,7,9
1376400092,7,9
1376400156,7,9
1376400204,6,9
1376400397,7,8
1376400582,7,8
1376400614,7,8
1376400665,6,9
1376400928,7,8
1376401056,6,9
1376401066,7,8
1376401347,8,7
1376401950,8,8
1376402052,9,7
1376402441,8,8
1376402528,7,9
1376403132,7,9
1376403347,6,10
1376403445,5,11
1376403606,4,12
1376404210,4,12
1376404281,3,13
1376404418,3,13
1376404481,3,13
1376404484,4,12
1376404555,3,13
1376404649,4,12
1376404696,5,11
1376404837,4,12
1376404972,3,13
1376405258,0,16
1376405481,0,16
1376405587,0,16
1376405663,1,15
1376405740,1,15
1376405759,1,15
1376405837,1,15
1376405869,2,14
1376405981,1,15
1376406294,2,14
1376406736,1,15
1376406963,3,13
1376407089,5,11
1376407139,6,10
1376407393,7,9
1376407836,6,10
1376408283,7,9
1376408596,6,10
1376409199,6,10
1376409399,4,12
1376409461,4,12
1376409468,5,11
1376409553,6,10
1376409624,5,11
1376409963,4,12
1376410101,4,12
1376410183,3,13
1376410280,2,14
1376410483,3,13
1376410840,3,13
1376410854,4,12
1376410938,5,11
1376411005,4,12
1376411058,4,12
1376411143,5,11
1376411380,4,12
1376411428,5,11
1376411682,7,9
1376411708,6,10
1376411895,4,12
1376412026,2,14
1376412287,1,15
1376412414,2,14
1376412510,1,15
1376412660,0,16
1376412923,1,15
1376413167,0,16
1376413537,1,15
1376413575,0,16
1376414131,1,15
1376414443,1,15
1376414445,0,16
1376414537,1,15
1376414717,2,14
1376415100,1,14
1376415125,1,15
1376415222,1,15
1376415263,1,15
1376415401,1,15
1376415409,2,14
1376415519,2,14
1376415573,1,15
1376415638,2,14
1376415698,1,15
1376415717,2,14
1376415907,1,15
1376416042,0,16
1376416645,0,16
1376416782,1,15
1376416798,2,14
1376417311,1,15
1376417406,0,16
1376417559,1,15
1376417845,0,16
1376418076,0,16
1376418155,0,16
1376418187,1,15
1376418761,0,15
1376418780,0,16
1376419422,0,16
1376419482,1,15
1376419499,3,13
1376419580,2,14
1376420183,2,14
1376420370,1,15
1376420982,0,16
1376421032,1,15
1376421146,2,14
1376421642,2,14
1376421687,1,15
1376421837,0,16
1376422440,0,16
1376422508,1,15
1376423063,0,16
1376423344,0,16
1376423709,1,15
1376423976,1,15
1376424162,1,15
1376424165,2,14
1376424636,1,15
1376425239,1,15
1376425393,2,14
1376425997,2,14
1376426556,3,13
1376426566,4,12
1376427170,4,12
1376427703,3,13
1376427754,4,12
1376428096,4,12
1376428238,5,11
1376428388,5,11
1376428450,6,10
1376428646,5,11
1376428708,5,11
1376428764,5,11
1376428795,6,10
1376429262,7,9
1376429267,8,8
1376429871,8,8
1376430113,7,9
1376430187,5,11
1376430819,5,11
1376430882,6,10
1376430892,6,10
1376431073,5,11
1376431294,4,12
1376431310,3,13
1376431377,2,14
1376431473,4,12
1376431721,6,10
1376431738,6,10
1376431822,5,11
1376431943,6,10
1376432103,5,11
1376432707,5,11
1376433282,4,12
1376433335,3,13
1376433358,1,15
1376433555,2,14
1376434159,2,14
1376434762,2,14
1376434933,1,15
1376435018,0,16
1376435534,1,15
1376436062,1,15
1376436124,1,15
1376436216,1,15
1376436257,2,14
1376436457,1,15
1376437057,1,15
1376437661,1,15
1376438008,3,13
1376438077,6,10
1376438100,7,9
1376438703,7,9
1376439066,6,10
1376439669,6,10
1376440272,6,10
1376440722,7,9
1376441326,7,9
1376441929,7,9
1376442533,7,9
1376443033,7,9
1376443637,7,9
1376444241,7,9
1376444474,8,8
1376445077,8,8
1376445681,8,8
1376445890,7,9
1376446493,7,9
1376447097,7,9
1376447700,7,9
1376448304,7,9
1376448907,7,9
1376449511,7,9
1376450116,7,9
1376450617,8,8
1376451221,8,8
1376451824,8,8
1376452428,8,8
1376453031,8,8
1376453635,8,8
1376454238,8,8
1376454842,8,8
1376455446,8,8
1376456050,8,8
1376456415,9,7
1376457018,9,7
1376457622,9,7
1376458022,8,8
1376458625,8,8
1376459175,7,9
1376459679,6,10
1376459790,7,9
1376460395,7,9
1376460999,7,9
1376461603,7,9
1376461755,8,8
1376461946,8,8
1376462164,9,7
1376462250,8,8
1376462854,8,8
1376462939,9,7
1376463202,8,8
1376463553,9,7
1376463811,10,6
1376464047,11,5
1376464650,11,5
1376464842,12,4
1376464879,11,5
1376464939,12,4
1376465102,13,3
1376465547,13,3
1376465578,14,2
1376466071,15,1
1376466674,15,1
1376466911,14,2
1376466997,14,2
1376467231,13,3
1376467418,13,3
1376467426,14,2
1376467598,15,1
1376467689,14,2
1376467958,13,3
1376468012,12,4
1376468616,12,4
1376469133,11,5
1376469421,12,5
1376469484,12,5
1376470087,12,5
1376470132,11,6
1376470311,10,7
1376470790,9,8
1376470903,9,8
1376470932,10,7
1376471535,10,7
1376472139,10,7
1376472304,8,9
1376472384,7,10
1376472458,6,11
1376472474,6,11
1376472685,5,12
1376472717,4,13
1376473346,5,12
1376473582,4,13
1376473706,3,14
1376474310,3,14
1376474914,3,14
1376474968,4,13
1376475282,3,14
1376475342,3,14
1376475344,2,15
1376475521,2,15
1376475528,3,14
1376475702,2,15
1376475707,1,16
1376475917,2,15
1376476061,1,16
1376476108,0,17
1376476711,0,17
1376476780,0,17
1376476787,1,16
1376477359,2,15
1376477965,2,15
1376478034,4,13
1376478067,5,12
1376478144,6,11
1376478748,6,11
1376478900,6,11
1376478948,7,10
1376479063,7,10
1376479069,5,12
1376479294,6,11
1376479580,6,11
1376479631,6,11
1376479715,6,11
1376479982,5,12
1376480237,6,11
1376480501,7,10
1376480658,6,11
1376480982,5,12
1376481534,4,13
1376481604,5,12
1376482206,6,11
1376482389,7,10
1376482594,8,9
1376482662,11,6
1376483266,11,6
1376483459,10,7
1376483705,9,8
1376483974,8,9
1376484307,7,10
1376484488,6,11
1376484638,6,11
1376484646,7,10
1376484756,6,11
1376485289,7,10
1376485524,8,9
1376485633,8,9
1376485900,7,10
1376485908,6,11
1376486135,7,10
1376486362,9,8
1376486581,10,7
1376486863,9,8
1376486866,10,7
1376487435,9,8
1376487520,9,8
1376487563,10,7
1376487607,8,9
1376488223,9,8
1376488675,10,7
1376488773,9,8
1376488897,8,9
1376489022,9,8
1376489625,9,8
1376489851,7,10
1376489941,6,11
1376490002,5,12
1376490127,4,13
1376490221,3,14
1376490226,2,15
1376490482,1,16
1376490620,1,16
1376490654,2,15
1376490867,1,16
1376491045,2,15
1376491262,3,14
1376491824,2,15
1376491903,2,15
1376491933,3,14
1376492082,3,14
1376492119,4,13
1376492146,5,12
1376492294,4,13
1376492486,5,12
1376492556,4,13
1376492652,3,14
1376492736,1,16
1376492770,1,16
1376492972,0,17
1376493033,1,16
1376493333,0,17
1376493601,1,16
1376493692,1,16
1376493756,2,15
1376493909,1,16
1376494022,0,17
1376494176,0,17
1376494211,1,16
1376494631,2,15
1376494783,1,16
1376495160,0,17
1376495562,1,16
1376495565,2,15
1376495767,1,16
1376495818,1,16
1376495969,0,17
1376496573,0,17
1376497003,0,17
1376497005,1,16
1376497516,0,17
1376497815,1,16
1376497901,0,17
1376498198,0,17
1376498207,1,16
1376498712,2,15
1376498801,2,15
1376498864,4,13
1376498866,3,14
1376498981,3,14
1376498989,4,13
1376499343,3,14
1376499627,1,16
1376499684,0,17
1376500180,1,16
1376500224,2,15
1376500301,4,13
1376500304,5,12
1376500380,4,13
1376500480,6,11
1376500594,6,11
1376500801,7,10
1376500959,7,10
1376500967,8,9
1376501050,9,8
1376501121,10,7
1376501231,11,6
1376501292,11,6
1376501333,12,5
1376501413,11,6
1376501503,11,6
1376501539,11,6
1376501615,12,5
1376501681,12,5
1376501684,11,6
1376502064,10,7
1376502180,10,7
1376502343,11,6
1376502553,9,8
1376502603,8,9
1376502823,7,10
1376502826,6,11
1376503175,5,12
1376503279,4,13
1376503741,2,15
1376504237,3,14
1376504439,3,14
1376504447,4,13
1376504784,4,13
1376504836,5,12
1376504976,4,13
1376505288,3,14
1376505440,2,15
1376505709,1,16
1376505782,2,15
1376506217,3,14
1376506694,2,15
1376506773,1,16
1376506836,2,15
1376507259,2,15
1376507862,2,15
1376508219,1,16
1376508232,0,17
1376508632,0,17
1376508664,0,17
1376509207,1,16
1376509556,0,17
1376510159,0,17
1376510763,0,17
1376511366,0,17
1376511728,1,16
1376512136,2,15
1376512238,2,15
1376512248,1,16
1376512421,1,16
1376512482,1,16
1376512531,2,15
1376512587,2,15
1376512629,2,15
1376512926,1,16
1376513485,2,15
1376513921,3,14
1376514519,4,13
1376514699,4,13
1376514707,5,12
1376515050,4,13
1376515123,4,13
1376515138,6,11
1376515211,6,11
1376515258,7,10
1376515412,7,10
1376515460,7,10
1376515960,8,9
1376516381,7,10
1376516498,6,11
1376516639,7,10
1376516923,7,10
1376516926,6,11
1376517354,7,10
1376517491,6,11
1376517534,7,10
1376518138,7,10
1376518489,6,11
1376518893,7,10
1376519496,7,10
1376520100,7,10
1376520277,6,11
1376520735,7,10
1376520797,5,12
1376521157,4,13
1376521201,3,14
1376521805,3,14
1376521880,3,14
1376521922,4,13
1376522526,4,13
1376523129,4,13
1376523306,4,13
1376523879,4,13
1376523912,5,12
1376524516,5,12
1376524720,4,13
1376525323,4,13
1376525953,3,14
1376526066,2,15
1376526167,1,16
1376526256,0,17
1376526552,0,17
1376526698,1,16
1376526749,2,15
1376526823,1,16
1376526834,2,15
1376526906,2,15
1376526977,4,13
1376527058,4,13
1376527100,4,13
1376527178,6,11
1376527238,6,10
1376527253,6,10
1376527330,6,10
1376527412,6,10
1376527480,6,10
1376527529,6,10
1376527631,6,10
1376527707,6,10
1376527740,7,9
1376528343,7,9
1376528388,8,9
1376528991,8,9
1376529438,8,9
1376529580,8,9
1376529637,8,9
1376529648,9,8
1376530252,9,8
1376530360,8,9
1376530963,8,9
1376531005,7,10
1376531258,8,9
1376531861,8,9
1376532465,8,9
1376533068,8,9
1376533672,8,9
1376534275,8,9
1376534879,8,9
1376535516,9,8
1376535621,9,8
1376535648,10,7
1376536110,10,7
1376536173,10,7
1376536214,11,6
1376536459,11,6
1376536490,11,6
1376536557,11,6
1376536660,12,5
1376536808,13,4
1376537412,13,4
1376537666,13,4
1376537694,14,3
1376538268,15,2
1376538517,15,2
1376538557,16,1
1376538619,16,1
1376538701,17,0
1376539304,17,0
1376539908,17,0
1376540511,17,0
1376541115,17,0
1376541718,17,0
1376542322,17,0
1376542925,17,0
1376543529,17,0
1376544132,17,0
1376544736,17,0
1376545339,17,0
1376545943,17,0
1376546546,17,0
1376546589,16,1
1376547193,16,1
1376547601,15,2
1376547808,14,3
1376547843,12,5
1376548254,11,6
1376548857,11,6
1376549495,10,7
1376550099,10,7
1376550704,10,7
1376551307,10,7
1376551716,11,6
1376552319,11,6
1376552923,11,6
1376553092,11,6
1376553310,12,5
1376553748,11,6
1376554351,11,6
1376554954,11,6
1376555339,10,7
1376555675,10,7
1376555739,11,6
1376555836,11,6
1376555877,12,5
1376556006,13,4
1376556609,13,4
1376557213,13,4
1376557612,12,5
1376557736,11,6
1376558175,10,7
1376558313,9,8
1376558525,10,7
1376558737,9,8
1376558955,10,7
1376559161,10,7
1376559168,11,6
1376559475,10,7
1376559576,10,7
1376559608,11,6
1376559699,9,7
1376559715,9,8
1376560352,9,8
1376560514,10,7
1376560679,10,7
1376561261,12,5
1376561370,11,6
1376561580,10,7
1376562049,9,8
1376562272,11,6
1376562403,11,6
1376562499,12,5
1376562792,12,5
1376562877,14,3
1376563481,14,3
1376564041,14,3
1376564136,14,3
1376564265,14,3
1376564347,14,3
1376564417,14,3
1376564504,14,3
1376564560,14,3
1376564582,14,3
1376564655,14,3
1376565073,14,3
1376565145,14,3
1376565199,15,2
1376565262,16,1
1376565861,15,2
1376566464,15,2
1376566633,16,1
1376567237,16,1
1376567840,16,1
1376567915,15,2
1376568085,16,1
1376568457,15,2
1376569060,15,2
1376569284,15,2
1376569344,15,2
1376569418,17,0
1376570022,17,0
1376570625,17,0
1376571216,15,2
1376571819,15,2
1376571824,15,2
1376571940,16,1
1376571965,17,0
1376572568,17,0
1376573171,17,0
1376573775,17,0
1376574379,17,0
1376574982,17,0
1376575134,16,1
1376575404,17,0
1376575871,16,1
1376576016,16,1
1376576620,16,1
1376577161,16,1
1376577164,15,2
1376577553,16,1
1376578156,16,1
1376578336,16,1
1376578384,16,1
1376579010,17,0
1376579193,16,1
1376579371,15,2
1376579540,14,3
1376579754,15,2
1376579823,14,3
1376580426,14,3
1376580768,13,4
1376581182,13,4
1376581184,14,3
1376581275,13,4
1376581356,12,5
1376581369,11,6
1376581474,13,4
1376582080,16,1
1376582142,16,1
1376582169,17,0
1376582772,17,0
1376583375,17,0
1376583426,17,0
1376583603,16,1
1376583734,17,0
1376584338,17,0
1376584525,15,2
1376584723,15,2
1376584781,15,2
1376584820,17,0
1376585293,16,1
1376585470,15,2
1376586074,15,2
1376586578,13,4
1376586784,13,4
1376587173,11,6
1376587302,10,7
1376587516,11,6
1376587670,9,8
1376588017,8,9
1376588029,6,11
1376588572,4,13
1376588927,3,14
1376589343,4,13
1376589820,4,13
1376589832,5,12
1376589901,4,13
1376590450,5,12
1376590503,3,14
1376590561,2,15
1376590781,3,14
1376591015,0,17
1376591618,0,17
1376592096,3,14
1376592113,5,12
1376592582,5,12
1376592642,4,13
1376592651,5,12
1376592720,6,11
1376593030,4,13
1376593157,2,15
1376593289,0,17
1376593892,0,17
1376594083,0,17
1376594085,1,16
1376594296,0,17
1376594593,0,17
1376595199,0,17
1376595459,1,16
1376595504,2,15
1376595619,3,14
1376596059,0,17
1376596221,1,16
1376596592,2,15
1376596673,4,13
1376596983,5,12
1376597315,6,11
1376597367,7,10
1376597423,6,11
1376597495,6,11
1376597597,8,9
1376598201,8,9
1376598814,8,9
1376598881,8,9
1376598934,10,7
1376598993,11,6
1376599596,11,6
1376600200,11,6
1376600782,10,7
1376601026,8,9
1376601341,9,8
1376601344,10,7
1376601947,10,7
1376602300,10,7
1376602309,11,6
1376602596,12,5
1376603200,12,5
1376603659,11,6
1376604262,11,6
1376604866,11,6
1376605469,11,6
1376605601,11,6
1376605604,10,7
1376605938,9,8
1376606541,9,8
1376606620,8,9
1376606800,7,10
1376606828,6,11
1376606910,7,9
1376606959,8,8
1376607102,7,9
1376607574,8,8
1376608178,8,9
1376608781,8,9
1376608807,6,11
1376609208,5,12
1376609668,2,15
1376609833,4,13
1376609934,4,13
1376610024,4,13
1376610067,4,13
1376610125,4,13
1376610218,5,12
1376610251,6,11
1376610855,6,11
1376611459,6,11
1376612062,6,11
1376612666,6,11
1376613269,6,11
1376613872,6,11
1376614476,6,11
1376615079,6,11
1376615183,4,13
1376615837,4,13
1376615872,5,12
1376615973,5,12
1376616010,6,11
1376616613,6,11
1376617217,6,11
1376617820,6,11
1376618420,5,11
1376618480,5,11
1376618537,5,12
1376619140,5,12
1376619575,5,12
1376619599,6,11
1376620203,6,11
1376620806,6,11
1376621081,8,9
1376621139,10,7
1376621203,13,4
1376621258,16,1
1376621861,16,1
1376622107,15,2
1376622710,15,2
1376622978,14,3
1376623581,14,3
1376624185,14,3
1376624788,14,3
1376625392,14,3
1376625996,14,3
1376626600,14,3
1376626946,15,2
1376627549,15,2
1376628153,15,2
1376628748,14,3
1376629167,15,2
1376629770,15,2
1376630374,15,2
1376630667,14,3
1376631001,13,4
1376631605,13,4
1376632208,13,4
1376632812,13,4
1376633311,12,5
1376633853,13,4
1376634121,13,4
1376634411,12,5
1376634488,13,4
1376635047,12,5
1376635650,12,5
1376636121,13,4
1376636192,14,3
1376636251,13,4
1376636855,13,4
1376637458,13,4
1376637522,13,4
1376637530,14,3
1376637637,14,3
1376637655,13,4
1376638259,13,4
1376638661,12,5
1376639264,12,5
1376639362,13,4
1376639443,14,3
1376640046,14,3
1376640650,14,3
1376640762,15,2
1376640764,16,1
1376641155,15,2
1376641477,14,3
1376641587,12,5
1376641633,11,6
1376641701,11,6
1376642044,10,7
1376642648,10,7
1376643252,10,7
1376643417,9,8
1376643677,9,8
1376643956,8,9
1376644142,9,8
1376644519,8,9
1376645020,7,10
1376645079,7,10
1376645258,8,9
1376645323,9,8
1376645380,10,7
1376645398,12,5
1376645448,11,6
1376645687,10,7
1376646278,9,8
1376646882,9,8
1376647025,8,9
1376647274,7,10
1376647722,6,11
1376647736,7,10
1376647921,6,11
1376648082,6,11
1376648091,7,10
1376648593,6,11
1376648944,7,10
1376649520,7,10
1376649544,7,10
1376650082,6,11
1376650697,7,10
1376650869,6,11
1376651009,7,10
1376651192,8,9
1376651753,7,10
1376652358,7,10
1376652584,6,11
1376652688,6,11
1376652726,7,10
1376653059,8,9
1376653100,7,10
1376653302,6,11
1376653721,6,11
1376653777,7,10
1376653831,8,9
1376653902,11,6
1376654050,12,5
1376654652,12,5
1376654974,11,6
1376654990,11,6
1376655594,11,6
1376655909,12,5
1376656513,12,5
1376657116,12,5
1376657322,12,5
1376657324,13,4
1376657618,12,5
1376657701,13,4
1376657792,14,3
1376657971,13,4
1376658041,13,4
1376658044,14,3
1376658647,14,3
1376658793,13,4
1376658881,13,4
1376658883,12,5
1376658986,13,4
1376659415,12,5
1376659465,13,4
1376659499,14,3
1376659708,13,4
1376660011,14,3
1376660354,13,4
1376660819,12,5
1376661036,11,6
1376661196,10,7
1376661247,11,6
1376661332,12,5
1376661397,13,4
1376661495,11,6
1376661899,12,5
1376661987,11,6
1376662591,11,6
1376662710,12,5
1376662898,12,5
1376662906,13,4
1376662979,11,6
1376663075,13,4
1376663185,13,4
1376663664,11,6
1376663782,12,5
1376664101,14,3
1376664433,15,2
1376664731,13,4
1376664987,13,4
1376665084,14,3
1376665392,13,4
1376665624,14,3
1376665777,13,4
1376666310,12,5
1376666403,11,6
1376666655,12,5
1376666773,11,6
1376667024,12,5
1376667129,11,6
1376667450,10,7
1376667501,11,6
1376668104,11,6
1376668172,10,7
1376668284,10,7
1376668358,13,4
1376668395,10,7
1376668471,12,5
1376668542,13,4
1376668591,13,4
1376668652,14,3
1376668706,16,1
1376669014,15,2
1376669337,16,1
1376669942,16,1
1376670546,16,1
1376670871,15,2
1376670897,16,1
1376671094,15,2
1376671547,14,3
1376671836,12,5
1376671900,9,8
1376672321,9,8
1376672801,9,8
1376672811,8,9
1376673017,7,10
1376673066,7,10
1376673135,7,10
1376673204,8,9
1376673284,8,9
1376673328,8,9
1376673399,9,8
1376673408,10,7
1376673517,9,8
1376673579,9,8
1376673643,10,7
1376673644,10,7
1376673848,9,8
1376674345,8,9
1376674857,9,8
1376675075,11,6
1376675137,12,5
1376675188,12,5
1376675256,13,4
1376675282,11,6
1376675457,12,5
1376675619,13,4
1376675699,12,5
1376675862,11,6
1376676147,9,8
1376676321,10,7
1376676377,9,8
1376676597,7,10
1376676978,6,11
1376677041,5,12
1376677138,4,13
1376677363,4,13
1376677411,7,10
1376677464,7,10
1376677541,7,10
1376677601,7,10
1376677637,7,10
1376677670,8,9
1376677865,9,8
1376678143,8,9
1376678199,7,9
1376678250,6,10
1376678311,6,10
1376678453,6,10
1376678558,7,9
1376678572,7,9
1376678731,8,8
1376678863,8,8
1376678912,8,8
1376678926,8,8
1376679218,8,8
1376679281,8,8
1376679299,8,8
1376679460,9,7
1376679573,9,7
1376679636,10,6
1376679823,10,6
1376679825,9,7
1376679941,9,7
1376679991,9,7
1376680301,9,7
1376680346,9,7
1376680663,9,7
1376680701,9,7
1376680899,8,8
1376681017,8,8
1376681056,8,8
1376681215,9,7
1376681292,10,6
1376681372,10,6
1376681410,10,6
1376681578,11,5
1376681741,11,5
1376681766,11,5
1376682086,11,5
1376682150,11,5
1376682202,11,5
1376682263,11,5
1376682335,11,5
1376682395,11,5
1376682457,11,5
1376682523,11,5
1376682547,11,5
1376682642,11,5
1376682694,12,4
1376682749,13,3
1376682776,13,3
1376682879,14,2
1376682921,15,1
1376682991,15,1
1376683244,15,1
1376683259,15,1
1376683603,15,1
1376683618,15,1
1376683963,15,1
1376683979,15,1
1376684127,16,0
1376684323,16,0
1376684338,16,0
1376684683,16,0
1376684698,16,0
1376685042,16,0
1376685057,16,0
1376685399,16,0
1376685413,16,0
1376685754,16,0
1376685768,16,0
1376685928,15,1
1376686059,15,1
1376686123,15,1
1376686415,15,1
1376686479,15,1
1376686674,16,0
1376686784,16,0
1376686834,15,1
1376686950,16,0
1376687143,16,0
1376687188,16,0
1376687498,16,0
1376687543,16,0
1376687860,16,0
1376687899,16,0
1376688163,15,1
1376688215,13,3
1376688254,13,3
1376688341,13,3
1376688349,14,2
1376688571,15,1
1376688610,15,1
1376688940,15,1
1376688965,15,1
1376689300,15,1
1376689321,15,1
1376689494,16,0
1376689661,16,0
1376689675,16,0
1376690016,16,0
1376690031,16,0
1376690323,16,0
1376690371,16,0
1376690385,16,0
1376690677,16,0
1376690741,16,0
1376691032,16,0
1376691097,16,0
1376691401,16,0
1376691451,16,0
1376691478,15,1
1376691761,15,1
1376691806,15,1
1376692123,15,1
1376692162,15,1
1376692478,15,1
1376692517,15,1
1376692834,15,1
1376692875,15,1
1376693203,15,1
1376693229,15,1
1376693503,14,1
1376693563,14,1
1376693584,14,1
1376693858,14,1
1376693919,14,1
1376693939,14,1
1376694220,14,1
1376694283,15,1
1376694338,16,0
1376694639,16,0
1376694654,16,0
1376694736,15,1
1376694996,15,1
1376695010,15,1
1376695302,15,1
1376695353,15,1
1376695367,15,1
1376695659,15,1
1376695723,15,1
1376696015,15,1
1376696080,15,1
1376696371,15,1
1376696437,15,1
1376696743,15,1
1376696794,15,1
1376697001,16,0
1376697099,16,0
1376697151,16,0
1376697462,16,0
1376697508,16,0
1376697819,16,0
1376697864,16,0
1376698182,16,0
1376698222,16,0
1376698540,16,0
1376698580,16,0
1376698896,16,0
1376698936,16,0
1376699253,16,0
1376699293,16,0
1376699611,16,0
1376699652,16,0
1376699971,16,0
1376700011,16,0
1376700329,16,0
1376700370,16,0
1376700430,15,1
1376700689,15,1
1376700731,15,1
1376701063,15,1
1376701090,15,1
1376701424,15,1
1376701450,15,1
1376701783,15,1
1376701809,15,1
1376702236,15,1
1376702404,15,1
1376702497,15,1
1376702538,15,1
1376702856,15,1
1376702897,15,1
1376703215,15,1
1376703257,15,1
1376703635,15,1
1376703931,15,1
1376703969,15,1
1376704303,15,1
1376704324,15,1
1376704660,15,1
1376704680,15,1
1376704729,14,2
1376705021,14,2
1376705035,14,2
1376705376,14,2
1376705391,14,2
1376705682,14,2
1376705732,14,2
1376705745,14,2
1376706037,13,3
1376706101,13,3
1376706392,13,3
1376706456,13,3
1376706761,13,3
1376706811,13,3
1376707122,13,3
1376707166,13,3
1376707483,13,3
1376707522,13,3
1376707566,12,4
1376707838,12,4
1376707877,12,4
1376708193,12,4
1376708232,12,4
1376708562,12,4
1376708587,12,4
1376708922,12,4
1376708942,12,4
1376709278,12,4
1376709297,12,4
1376709639,12,4
1376709652,12,4
1376709994,12,4
1376710009,12,4
1376710117,13,3
1376710174,13,3
1376710237,14,2
1376710300,14,2
1376710363,14,2
1376710655,14,2
1376710718,14,2
1376710926,13,3
1376711024,12,4
1376711075,12,4
1376711382,12,4
1376711435,12,4
1376711741,12,4
1376711794,12,4
1376712101,12,4
1376712154,12,4
1376712460,12,4
1376712513,12,4
1376712633,13,3
1376712820,13,3
1376712873,13,3
1376712953,12,4
1376713180,12,4
1376713233,13,3
1376713540,13,3
1376713592,13,3
1376713903,13,3
1376713952,13,3
1376714259,13,3
1376714312,13,3
1376714624,13,3
1376714671,13,3
1376714983,13,3
1376715032,13,3
1376715342,13,3
1376715392,13,3
1376715703,13,3
1376715751,13,3
1376716063,13,3
1376716112,13,3
1376716424,13,3
1376716472,13,3
1376716783,13,3
1376716830,13,3
1376717143,13,3
1376717190,13,3
1376717502,13,3
1376717550,13,3
1376717862,13,3
1376717910,13,3
1376718223,13,3
1376718281,13,3
1376718284,12,4
1376718583,12,4
1376718630,12,4
1376718702,11,5
1376718877,12,4
1376718942,11,5
1376718990,11,5
1376719302,11,5
1376719349,11,5
1376719661,11,5
1376719710,11,5
1376720022,11,5
1376720069,11,5
1376720381,11,5
1376720429,11,5
1376720495,10,6
1376720741,10,6
1376720788,10,6
1376721040,10,6
1376721100,11,5
1376721147,11,5
1376721459,11,5
1376721508,11,5
1376721820,11,5
1376721867,11,5
1376722179,11,5
1376722228,11,5
1376722345,10,6
1376722540,10,6
1376722588,10,6
1376722899,10,6
1376722948,10,6
1376723199,9,7
1376723259,9,7
1376723308,9,7
1376723619,9,7
1376723668,9,7
1376723982,9,7
1376724028,9,7
1376724334,9,7
1376724387,9,7
1376724699,9,7
1376724747,9,7
1376724942,9,7
1376724949,10,6
1376725059,10,6
1376725106,10,6
1376725276,12,4
1376725363,12,4
1376725424,11,5
1376725484,12,4
1376725522,13,3
1376725553,13,3
1376725664,14,2
1376725698,15,1
1376725784,15,1
1376725826,15,1
1376726144,15,1
1376726186,15,1
1376726503,15,1
1376726545,15,1
1376726728,14,2
1376726803,14,2
1376726864,16,0
1376726905,15,1
1376727223,15,1
1376727265,15,1
1376727511,13,3
1376727584,13,3
1376727626,13,3
1376727944,13,3
1376727986,13,3
1376728049,11,5
1376728109,10,6
1376728304,10,6
1376728352,9,7
1376728664,9,7
1376728706,9,7
1376728819,8,8
1376728866,9,7
1376729024,9,7
1376729065,9,7
1376729321,9,7
1376729384,10,6
1376729425,10,6
1376729743,10,6
1376729799,11,5
1376729903,11,5
1376729974,12,4
1376730103,12,4
1376730145,12,4
1376730198,12,4
1376730294,13,3
1376730461,13,3
1376730501,12,4
1376730610,12,4
1376730668,12,4
1376730729,13,3
1376730817,13,3
1376730855,13,3
1376731172,13,3
1376731211,13,3
1376731440,14,2
1376731541,14,2
1376731566,14,2
1376731724,12,3
1376731772,12,4
1376731827,11,5
1376731901,11,5
1376731921,11,5
1376732262,11,5
1376732276,11,5
1376732617,11,5
1376732630,11,5
1376732922,11,5
1376732972,10,6
1376733043,10,6
1376733045,9,7
1376733277,9,7
1376733335,7,9
1376733347,7,9
1376733637,7,9
1376733690,6,10
1376733706,6,10
1376733998,5,11
1376734051,5,11
1376734067,5,11
1376734359,5,11
1376734424,5,11
1376734428,5,11
1376734510,6,10
1376734720,6,10
1376734773,6,10
1376734839,5,11
1376734878,4,12
1376735081,4,12
1376735134,4,12
1376735149,4,12
1376735296,5,11
1376735375,5,11
1376735442,6,10
1376735495,6,10
1376735512,6,10
1376735802,6,10
1376735863,5,11
1376735871,5,11
1376736162,5,11
1376736215,5,11
1376736231,5,11
1376736523,5,11
1376736575,6,10
1376736591,6,10
1376736883,5,11
1376736941,4,12
1376736952,4,12
1376737243,4,12
1376737296,4,12
1376737312,4,12
1376737603,3,13
1376737653,3,13
1376737668,3,13
1376737825,2,14
1376737960,2,14
1376738024,2,14
1376738315,2,14
1376738379,2,14
1376738685,2,14
1376738742,1,15
1376738905,1,15
1376738972,2,14
1376739043,3,13
1376739096,4,12
1376739136,5,11
1376739405,5,11
1376739449,5,11
1376739520,4,12
1376739579,3,13
1376739760,4,12
1376739806,4,12
1376740122,4,12
1376740162,4,12
1376740479,4,12
1376740517,4,12
1376740637,5,11
1376740835,5,11
1376740876,5,11
1376741021,4,12
1376741204,4,12
1376741229,4,12
1376741565,5,11
1376741585,5,11
1376741674,4,12
1376741922,4,12
1376741942,4,12
1376742081,3,13
1376742213,5,11
1376742283,6,10
1376742298,6,10
1376742639,6,10
1376742653,6,10
1376742815,6,10
1376742864,6,10
1376742944,7,9
1376742995,7,9
1376743060,8,8
1376743070,9,7
1376743183,9,7
1376743186,10,6
1376743301,10,6
1376743365,9,7
1376743390,8,8
1376743468,8,8
1376743543,9,7
1376743602,10,6
1376743657,11,5
1376743722,10,6
1376743841,11,5
1376744013,11,5
1376744077,11,5
1376744383,11,5
1376744432,11,5
1376744743,11,5
1376744788,11,5
1376744863,10,6
1376744979,10,6
1376745011,10,6
1376745105,10,6
1376745143,8,8
1376745209,8,8
1376745275,9,7
1376745318,7,9
1376745460,7,9
1376745499,7,9
1376745655,8,8
1376745757,9,7
1376745816,9,7
1376745858,9,7
1376746074,7,9
1376746185,7,9
1376746211,7,9
1376746541,7,9
1376746566,7,9
1376746626,6,10
1376746901,6,10
1376746921,6,10
1376747143,7,9
1376747263,7,9
1376747277,7,9
1376747618,7,9
1376747632,7,9
1376747717,7,9
1376747766,8,8
1376747925,9,7
1376747975,9,7
1376748035,9,7
1376748080,10,6
1376748113,11,5
1376748181,12,4
1376748279,11,5
1376748342,11,5
1376748634,11,5
1376748699,11,5
1376748944,10,6
1376748990,10,6
1376749055,10,6
1376749283,9,7
1376749365,9,7
1376749412,9,7
1376749723,9,7
1376749768,9,7
1376749904,10,6
1376749947,9,7
1376749990,9,7
1376750080,9,7
1376750125,9,7
1376750443,9,7
1376750482,9,7
1376750563,8,8
1376750621,10,6
1376750719,9,7
1376750800,9,7
1376750841,9,7
1376751159,9,7
1376751200,9,7
1376751269,7,9
1376751456,8,8
1376751517,8,8
1376751558,8,8
1376751875,8,8
1376751916,8,8
1376752112,7,9
1376752234,7,9
1376752274,7,9
1376752455,8,8
1376752591,8,8
1376752633,8,8
1376752746,7,9
1376752965,6,10
1376752991,6,10
1376753108,7,9
1376753324,7,9
1376753350,7,9
1376753682,7,9
1376753743,7,9
1376753746,8,8
1376753905,7,9
1376754042,7,9
1376754095,5,11
1376754159,5,11
1376754220,4,12
1376754254,4,12
1376754298,5,11
1376754404,5,11
1376754427,5,11
1376754571,6,10
1376754764,6,10
1376754786,6,10
1376755063,6,10
1376755123,7,9
1376755146,7,9
1376755281,6,10
1376755350,5,11
1376755479,5,11
1376755505,5,11
1376755601,5,11
1376755608,6,10
1376755773,7,9
1376755841,7,9
1376755862,7,9
1376755974,8,8
1376756194,8,8
1376756220,8,8
1376756405,7,9
1376756565,7,9
1376756579,8,8
1376756922,8,8
1376756939,7,9
1376757281,7,9
1376757296,7,9
1376757433,5,11
1376757640,5,11
1376757656,5,11
1376757999,6,10
1376758013,6,10
1376758358,6,10
1376758373,6,10
1376758664,6,10
1376758717,6,10
1376758737,7,9
1376758875,8,8
1376759024,8,8
1376759076,8,8
1376759126,6,10
1376759257,7,9
1376759383,8,8
1376759437,6,10
1376759456,5,11
1376759563,5,11
1376759619,6,10
1376759668,6,10
1376759743,6,10
1376759799,6,10
1376759817,7,9
1376759885,8,8
1376760007,7,9
1376760159,7,9
1376760174,7,9
1376760342,6,10
1376760455,8,8
1376760518,7,9
1376760583,8,8
1376760764,8,8
1376760824,7,9
1376760877,7,9
1376760893,7,9
1376761184,7,9
1376761236,7,9
1376761283,8,8
1376761401,7,9
1376761543,7,9
1376761595,7,9
1376761610,7,9
1376761902,6,10
1376761963,6,10
1376762011,8,8
1376762082,7,9
1376762261,7,9
1376762313,7,9
1376762380,9,7
1376762620,9,7
1376762683,8,8
1376762687,8,8
1376762792,6,10
1376762924,5,11
1376762978,4,12
1376763045,4,12
1376763103,4,12
1376763106,5,11
1376763285,5,11
1376763337,4,12
1376763390,4,12
1376763406,4,12
1376763627,3,13
1376763697,3,13
1376763763,3,13
1376763978,2,14
1376764055,2,14
1376764122,0,16
1376764414,0,16
1376764483,0,16
1376764722,2,14
1376764774,2,14
1376764842,2,14
1376765134,2,14
1376765205,1,15
1376765206,1,15
1376765317,3,13
1376765372,4,12
1376765503,5,11
1376765564,5,11
1376765603,6,10
1376765857,6,10
1376765925,6,10
1376765926,6,10
1376766218,6,10
1376766286,6,10
1376766324,4,12
1376766449,3,13
1376766578,3,13
1376766631,3,13
1376766647,3,13
1376766938,3,13
1376766992,3,13
1376767008,3,13
1376767299,3,13
1376767354,3,13
1376767367,3,13
1376767659,3,13
1376767711,3,13
1376767727,3,13
1376767873,3,13
1376768019,3,13
1376768072,3,13
1376768088,3,13
1376768380,3,13
1376768433,3,13
1376768448,3,13
1376768740,3,13
1376768793,3,13
1376768809,3,13
1376769100,3,13
1376769154,3,13
1376769169,3,13
1376769403,3,13
1376769460,4,12
1376769514,5,11
1376769532,5,11
1376769821,5,11
1376769874,5,11
1376769889,5,11
1376770181,5,11
1376770234,4,12
1376770250,4,12
1376770541,4,12
1376770594,4,12
1376770610,4,12
1376770682,2,14
1376770901,2,14
1376770954,2,14
1376770969,2,14
1376771261,2,14
1376771315,2,14
1376771330,2,14
1376771622,2,14
1376771674,2,14
1376771714,3,13
1376771774,2,14
1376771981,3,13
1376772034,3,13
1376772050,3,13
1376772342,3,13
1376772395,3,13
1376772410,3,13
1376772476,2,14
1376772569,0,16
1376772702,0,16
1376772756,0,16
1376772771,0,16
1376773062,0,16
1376773116,0,16
1376773131,0,16
1376773322,1,15
1376773422,1,15
1376773475,1,15
1376773491,1,15
1376773605,1,15
1376773650,1,15
1376773726,2,14
1376773784,4,12
1376773837,4,12
1376773853,4,12
1376773918,3,13
1376774085,4,12
1376774145,5,11
1376774195,6,10
1376774210,6,10
1376774502,6,10
1376774554,6,10
1376774570,6,10
1376774861,6,10
1376774914,6,10
1376774929,6,10
1376775221,6,10
1376775274,6,10
1376775334,5,11
1376775580,5,11
1376775632,5,11
1376775648,5,11
1376775939,5,11
1376775992,5,11
1376776008,5,11
1376776299,5,11
1376776365,5,11
1376776366,5,11
1376776657,5,11
1376776725,6,10
1376777016,6,10
1376777086,6,10
1376777376,6,10
1376777444,6,10
1376777735,6,10
1376777803,6,10
1376778027,6,10
1376778096,6,10
1376778165,5,11
1376778195,4,12
1376778454,3,13
1376778521,3,13
1376778690,4,12
1376778813,4,12
1376778881,4,12
1376779173,2,14
1376779240,2,14
1376779531,2,14
1376779604,2,14
1376779612,3,13
1376779890,5,11
1376779958,5,11
1376780264,5,11
1376780316,5,11
1376780358,5,11
1376780407,5,11
1376780497,6,10
1376780560,7,9
1376780625,7,9
1376780678,7,9
1376780982,7,9
1376781035,7,9
1376781340,7,9
1376781393,7,9
1376781705,7,9
1376781752,7,9
1376782064,7,9
1376782111,7,9
1376782423,7,9
1376782471,7,9
1376782665,7,9
1376782674,10,6
1376782782,10,6
1376782830,10,6
1376783142,10,6
1376783188,10,6
1376783499,10,6
1376783547,10,6
1376783666,10,6
1376783752,10,6
1376783866,10,6
1376783906,11,5
1376784224,11,5
1376784264,11,5
1376784449,11,5
1376784582,11,5
1376784623,11,5
1376784941,11,5
1376784983,11,5
1376785160,12,4
1376785301,12,4
1376785342,12,4
1376785659,12,4
1376785720,11,5
1376785766,10,6
1376785790,10,6
1376785905,10,6
1376785908,11,5
1376786019,11,5
1376786071,11,5
1376786113,12,4
1376786378,12,4
1376786419,12,4
1376786737,12,4
1376786778,12,4
1376787097,12,4
1376787139,12,4
1376787456,12,4
1376787498,12,4
1376787552,11,5
1376787816,11,5
1376787857,11,5
1376788215,11,5
1376788534,11,5
1376788576,11,5
1376788938,11,5
1376789254,11,5
1376789306,12,4
1376789383,13,3
1376789423,14,2
1376789614,14,2
1376789656,14,2
1376789974,14,2
1376790017,14,2
1376790084,15,1
1376790334,15,1
1376790376,15,1
1376790693,15,1
1376790732,15,1
1376790957,16,0
1376791066,16,0
1376791116,15,1
1376791132,14,2
1376791342,13,3
1376791423,13,3
1376791445,13,3
1376791782,13,3
1376791803,13,3
1376792146,13,3
1376792161,13,3
1376792506,13,3
1376792521,13,3
1376792860,13,3
1376792882,13,3
1376793224,13,3
1376793238,13,3
1376793580,13,3
1376793594,13,3
1376793936,13,3
1376793951,13,3
1376794242,13,3
1376794293,13,3
1376794307,13,3
1376794600,13,3
1376794663,13,3
1376794955,13,3
1376795020,13,3
1376795325,13,3
1376795376,13,3
1376795430,14,2
1376795685,14,2
1376795732,14,2
1376796042,14,2
1376796088,14,2
1376796405,14,2
1376796445,14,2
1376796762,14,2
1376796801,14,2
1376797118,14,2
1376797157,14,2
1376797245,14,2
1376797474,13,3
1376797513,13,3
1376797844,13,3
1376797869,13,3
1376798205,13,3
1376798226,13,3
1376798561,13,3
1376798582,13,3
1376798925,13,3
1376798939,13,3
1376799281,13,3
1376799296,13,3
1376799638,13,3
1376799652,13,3
1376799944,13,3
1376799994,13,3
1376800009,13,3
1376800365,13,3
1376800656,13,3
1376800721,13,3
1376801012,13,3
1376801077,13,3
1376801383,13,3
1376801434,13,3
1376801745,13,3
1376801790,13,3
1376802100,13,3
1376802145,13,3
1376802462,13,3
1376802501,13,3
1376802817,13,3
1376802856,13,3
1376803185,13,3
1376803211,13,3
1376803545,13,3
1376803566,13,3
1376803902,13,3
1376803922,13,3
1376804262,13,3
1376804277,13,3
1376804618,13,3
1376804631,13,3
1376804923,13,3
1376804973,13,3
1376804988,13,3
1376805279,12,4
1376805342,12,4
1376805634,12,4
1376805697,12,4
1376806002,12,4
1376806052,12,4
1376806362,12,4
1376806407,12,4
1376806723,12,4
1376806762,12,4
1376807019,11,5
1376807078,11,5
1376807117,11,5
1376807433,11,5
1376807471,11,5
1376807802,11,5
1376807826,11,5
1376808162,11,5
1376808181,11,5
1376808523,11,5
1376808536,11,5
1376808877,11,5
1376808891,11,5
1376809183,11,5
1376809246,11,5
1376809247,11,5
1376809538,11,5
1376809602,11,5
1376809893,11,5
1376809956,11,5
1376810265,11,5
1376810312,11,5
1376810627,11,5
1376810666,11,5
1376810983,11,5
1376811022,11,5
1376811337,11,5
1376811376,11,5
1376811570,12,4
1376811706,12,4
1376811730,12,4
1376812065,12,4
1376812086,12,4
1376812427,12,4
1376812440,12,4
1376812563,13,3
1376812781,13,3
1376812796,13,3
1376813136,13,3
1376813150,13,3
1376813441,13,3
1376813505,13,3
1376813670,14,2
1376813797,14,2
1376813861,14,2
1376814165,14,2
1376814215,14,2
1376814525,14,2
1376814570,14,2
1376814880,14,2
1376814925,14,2
1376815241,14,2
1376815279,14,2
1376815596,14,2
1376815642,15,1
1376815715,16,0
1376815965,16,0
1376815989,16,0
1376816083,15,1
1376816325,15,1
1376816344,15,1
1376816680,15,1
1376816700,15,1
1376817040,15,1
1376817055,15,1
1376817346,15,1
1376817396,15,1
1376817409,15,1
1376817701,15,1
1376817765,15,1
1376818057,15,1
1376818122,16,0
1376818413,16,0
1376818478,16,0
1376818784,16,0
1376818835,16,0
1376819146,16,0
1376819191,16,0
1376819501,16,0
1376819547,16,0
1376819864,16,0
1376819903,16,0
1376820220,16,0
1376820259,16,0
1376820577,16,0
1376820616,16,0
1376820946,16,0
1376820972,16,0
1376821303,16,0
1376821365,13,3
1376821372,12,4
1376821663,12,4
1376821683,12,4
1376822025,12,4
1376822039,12,4
1376822265,11,5
1376822283,10,6
1376822381,10,6
1376822395,10,6
1376822737,10,6
1376822751,10,6
1376823042,10,6
1376823106,10,6
1376823107,10,6
1376823399,10,6
1376823463,10,6
1376823754,10,6
1376823818,10,6
1376824123,10,6
1376824174,10,6
1376824302,11,5
1376824484,11,5
1376824530,11,5
1376824593,8,8
1376824620,7,9
1376824846,7,9
1376824885,7,9
1376825112,6,10
1376825201,6,10
1376825240,6,10
1376825309,5,11
1376825556,5,11
1376825624,6,10
1376825673,6,10
1376825712,7,9
1376825806,8,8
1376825922,7,9
1376825954,7,9
1376826009,8,8
1376826283,8,8
1376826345,7,9
1376826405,7,9
1376826422,7,9
1376826510,7,9
1376826548,7,9
1376826640,8,8
1376826664,8,8
1376826732,7,9
1376827003,7,9
1376827018,8,8
1376827360,8,8
1376827374,8,8
1376827716,8,8
1376827729,8,8
1376828021,8,8
1376828084,8,8
1376828376,8,8
1376828440,8,8
1376828732,8,8
1376828795,8,8
1376828809,7,9
1376829101,7,9
1376829150,7,9
1376829335,4,12
1376829461,4,12
1376829506,4,12
1376829823,3,13
1376829862,3,13
1376830180,3,13
1376830218,3,13
1376830422,2,14
1376830478,2,14
1376830536,3,13
1376830589,2,14
1376830646,3,13
1376830904,3,13
1376830930,3,13
1376831264,3,13
1376831284,3,13
1376831621,3,13
1376831640,3,13
1376831981,3,13
1376831995,3,13
1376832337,3,13
1376832350,3,13
1376832642,3,13
1376832692,4,12
1376832706,4,12
1376832997,4,12
