1376208576,10,7
1376209180,10,7
1376209784,10,7
1376210387,10,7
1376210910,11,6
1376210937,12,5
1376211007,12,5
1376211223,12,5
1376211249,12,5
1376211353,12,5
1376211435,13,4
1376212039,13,4
1376212239,14,3
1376212842,14,3
1376213168,15,2
1376213772,15,2
1376214376,15,2
1376214980,15,2
1376215584,15,2
1376216158,16,1
1376216409,17,0
1376217013,17,0
1376217360,16,1
1376217808,15,2
1376218180,15,2
1376218209,16,1
1376218340,17,0
1376218880,15,2
1376219484,15,2
1376219623,15,2
1376220227,15,2
1376220831,15,2
1376220892,16,1
1376221496,16,1
1376221734,17,0
1376222339,17,0
1376222854,16,1
1376223227,15,2
1376223831,15,2
1376224381,16,1
1376224984,16,1
1376225588,16,1
1376226192,16,1
1376226305,17,0
1376226909,17,0
1376227512,17,0
1376228116,17,0
1376228720,17,0
1376228961,17,0
1376229565,17,0
1376230168,17,0
1376230772,17,0
1376230823,16,0
1376230875,16,1
1376230998,15,1
1376231041,14,3
1376231172,13,4
1376231498,12,5
1376231557,13,4
1376231711,12,5
1376231799,12,5
1376231858,12,5
1376231900,12,5
1376232032,13,4
1376232341,14,3
1376232367,15,2
1376232423,14,3
1376232481,14,3
1376232544,15,2
1376232695,14,3
1376232881,14,3
1376232893,15,2
1376233034,16,1
1376233638,16,1
1376234242,16,1
1376234845,16,1
1376235449,16,1
1376236053,16,1
1376236533,14,3
1376236561,15,2
1376237164,15,2
1376237768,15,2
1376237838,13,4
1376238252,12,5
1376238568,13,4
1376238701,14,3
1376239097,12,5
1376239702,12,5
1376240305,12,5
1376240681,12,5
1376240684,13,4
1376241288,13,4
1376241462,13,4
1376241579,14,3
1376242182,14,3
1376242786,14,3
1376243390,14,3
1376243610,13,4
1376243725,13,4
1376243761,14,3
1376244034,15,2
1376244222,14,3
1376244806,13,4
1376244857,12,5
1376244966,13,4
1376245345,14,3
1376245398,13,4
1376245715,13,4
1376246318,13,4
1376246571,12,5
1376246801,12,5
1376246811,13,4
1376247415,13,4
1376248019,13,4
1376248623,13,4
1376249226,13,4
1376249557,13,4
1376249586,14,3
1376249935,13,4
1376250540,13,4
1376250819,12,5
1376250936,11,6
1376251540,11,6
1376252144,11,6
1376252749,11,6
1376253080,10,7
1376253683,10,7
1376254288,10,7
1376254892,10,7
1376255094,11,6
1376255698,11,6
1376255998,10,7
1376256440,8,9
1376257044,8,9
1376257648,8,9
1376258252,8,9
1376258380,8,9
1376258389,9,8
1376258993,9,8
1376259282,9,8
1376259288,7,10
1376259376,6,11
1376259969,5,12
1376260096,4,13
1376260607,3,14
1376261212,3,14
1376261815,3,14
1376262237,2,15
1376262841,2,15
1376263444,2,15
1376264029,2,15
1376264122,1,16
1376264298,2,15
1376264331,3,14
1376264936,3,14
1376265539,3,14
1376266143,3,14
1376266748,3,14
1376267352,3,14
1376267955,3,14
1376268096,1,16
1376268222,0,17
1376268689,2,15
1376269293,2,15
1376269897,2,15
1376270429,2,15
1376271033,2,15
1376271637,2,15
1376272240,2,15
1376272844,2,15
1376273448,2,15
1376274051,2,15
1376274655,2,15
1376275259,2,15
1376275324,1,16
1376275503,0,17
1376276107,0,17
1376276711,0,17
1376277315,0,17
1376277919,0,17
1376278522,0,17
1376278657,1,16
1376279023,1,16
1376279029,0,17
1376279633,0,17
1376280237,0,17
1376280841,0,17
1376281442,1,16
1376281776,1,16
1376281786,2,15
1376282390,2,15
1376282994,2,15
1376283612,1,16
1376284216,1,16
1376284820,1,16
1376285424,1,16
1376286028,1,16
1376286211,0,17
1376286816,0,17
1376287420,0,17
1376288023,0,17
1376288475,1,16
1376288737,0,17
1376288969,1,16
1376289202,2,15
1376289806,2,15
1376289927,1,16
1376290296,0,17
1376290595,1,16
1376290637,0,17
1376290716,0,17
1376290746,1,16
1376291143,1,16
1376291149,0,17
1376291220,1,16
1376291294,0,17
1376291458,1,16
1376291982,2,15
1376292000,1,16
1376292092,0,17
1376292142,0,17
1376292746,0,17
1376292923,1,16
1376293055,0,17
1376293284,0,17
1376293360,0,17
1376293370,1,16
1376293478,0,17
1376293486,1,16
1376294072,0,17
1376294396,1,16
1376294699,0,17
1376295008,1,16
1376295270,0,17
1376295874,0,17
1376296160,0,17
1376296764,0,17
1376297353,0,17
1376297404,1,16
1376298032,0,17
1376298261,0,17
1376298328,2,15
1376298361,1,16
1376298965,1,16
1376299206,0,17
1376299810,0,17
1376300011,1,16
1376300615,1,16
1376300769,0,17
1376301374,0,17
1376301978,0,17
1376302462,1,16
1376302962,1,16
1376302964,0,17
1376303103,1,16
1376303677,2,15
1376303692,1,16
1376303923,1,16
1376303925,2,15
1376304422,1,16
1376304723,2,15
1376304937,2,15
1376304953,1,16
1376305301,2,15
1376305381,1,16
1376305903,1,16
1376305912,2,15
1376306429,1,16
1376307033,1,16
1376307637,1,16
1376307686,0,17
1376308151,0,17
1376308209,1,16
1376308812,1,16
1376309094,0,17
1376309699,0,17
1376309905,1,16
1376310121,2,15
1376310252,3,14
1376310335,2,15
1376310377,2,15
1376310988,0,17
1376311591,0,17
1376312200,0,17
1376312215,1,16
1376312316,2,15
1376312563,1,16
1376312643,2,15
1376313200,3,14
1376313509,3,14
1376313558,4,13
1376313814,3,14
1376314418,3,14
1376314796,2,15
1376315345,1,16
1376315518,0,17
1376316122,0,17
1376316726,0,17
1376317330,0,17
1376317756,0,17
1376317808,1,16
1376318412,1,16
1376318610,0,17
1376318802,0,17
1376318804,1,16
1376318942,2,15
1376319381,3,14
1376319986,3,14
1376320026,4,13
1376320183,4,13
1376320202,2,15
1376320806,2,15
1376321277,3,14
1376321479,4,13
1376322042,2,15
1376322077,1,16
1376322681,1,16
1376322850,2,15
1376322939,3,14
1376322955,4,13
1376323099,5,12
1376323297,6,11
1376323424,6,11
1376323433,7,10
1376323593,8,9
1376323718,8,9
1376323726,9,8
1376323836,11,6
1376323885,10,7
1376324247,11,6
1376324354,10,7
1376324568,9,8
1376324963,8,9
1376324999,9,8
1376325127,7,10
1376325304,6,11
1376325388,9,8
1376325509,8,9
1376325631,9,8
1376325775,10,7
1376325857,11,6
1376325942,11,6
1376325981,12,5
1376326051,12,5
1376326083,13,4
1376326237,13,4
1376326267,14,3
1376326422,15,2
1376326430,16,1
1376327034,16,1
1376327599,15,2
1376327681,15,2
1376327688,13,4
1376328038,14,3
1376328102,11,6
1376328109,11,6
1376328278,10,7
1376328598,9,8
1376329202,9,8
1376329406,9,8
1376329431,10,7
1376329500,11,6
1376329867,10,7
1376330370,9,8
1376330409,10,7
1376330476,9,8
1376331081,9,8
1376331109,8,9
1376331267,10,7
1376331325,11,6
1376331456,12,5
1376331685,11,6
1376331752,12,5
1376331865,13,4
1376332089,12,5
1376332241,12,5
1376332262,13,4
1376332523,12,5
1376332574,11,6
1376332738,10,7
1376332874,11,6
1376333141,11,6
1376333151,11,6
1376333278,10,7
1376333383,10,7
1376333385,11,6
1376333644,12,5
1376333724,11,6
1376333822,10,7
1376334043,10,7
1376334051,11,6
1376334640,11,6
1376334700,10,7
1376334743,9,8
1376335266,10,7
1376335869,10,7
1376336141,9,8
1376336144,8,9
1376336747,8,9
1376336896,9,8
1376337499,9,8
1376337721,8,9
1376337788,8,9
1376337872,9,8
1376337929,9,8
1376338005,9,8
1376338059,9,8
1376338117,8,9
1376338239,8,9
1376338284,7,10
1376338400,7,10
1376338478,7,10
1376338535,8,9
1376339015,9,8
1376339271,8,9
1376339474,9,8
1376339791,8,9
1376339851,8,9
1376339909,9,8
1376339982,9,8
1376340027,10,7
1376340100,9,8
1376340150,8,9
1376340219,9,8
1376340228,10,7
1376340461,9,8
1376340534,8,9
1376340908,9,8
1376341511,9,8
1376341628,8,9
1376341674,7,10
1376342278,7,10
1376342667,6,11
1376342688,5,12
1376343293,5,12
1376343603,4,13
1376344207,4,13
1376344811,4,13
1376345315,3,14
1376345919,3,14
1376345955,4,13
1376346559,4,13
1376347162,4,13
1376347198,5,12
1376347802,5,12
1376348063,7,10
1376348583,7,10
1376348653,7,10
1376348689,8,9
1376349162,7,10
1376349766,7,10
1376350370,7,10
1376350478,6,11
1376351082,6,11
1376351686,6,11
1376352289,6,11
1376352893,6,11
1376353231,7,10
1376353835,7,10
1376354439,7,10
1376355043,7,10
1376355647,7,10
1376356250,7,10
1376356830,7,10
1376357434,7,10
1376358038,7,10
1376358642,7,10
1376359246,7,10
1376359849,7,10
1376360453,7,10
1376361057,7,10
1376361661,7,10
1376362168,6,11
1376362772,6,11
1376363376,6,11
1376363979,6,11
1376364583,6,11
1376365063,7,10
1376365667,7,10
1376366271,7,10
1376366875,7,10
1376367479,7,10
1376368083,7,10
1376368687,7,10
1376369290,7,10
1376369894,7,10
1376370015,6,11
1376370619,6,11
1376371223,6,11
1376371742,5,12
1376372249,5,12
1376372312,5,12
1376372357,6,11
1376372855,5,12
1376372984,5,12
1376372986,4,13
1376373591,4,13
1376373906,4,13
1376373973,4,13
1376374034,5,12
1376374638,5,12
1376375046,4,13
1376375659,3,14
1376375844,2,15
1376375896,1,16
1376375964,2,15
1376375995,3,14
1376376117,2,15
1376376359,3,14
1376376517,4,13
1376376631,3,14
1376376700,2,15
1376376865,3,14
1376377288,2,15
1376377891,2,15
1376378056,1,16
1376378123,2,15
1376378150,2,15
1376378405,2,15
1376378851,1,16
1376379325,2,15
1376379359,3,14
1376379509,1,16
1376379668,2,15
1376379878,3,14
1376379977,2,15
1376380176,3,14
1376380261,4,13
1376380321,3,14
1376380403,2,15
1376380464,2,15
1376380541,4,13
1376380723,4,13
1376380726,3,14
1376380831,2,15
1376380855,1,16
1376381082,1,16
1376381085,2,15
1376381194,4,13
1376381264,4,13
1376381296,2,15
1376381534,2,15
1376381702,2,15
1376381771,3,14
1376381808,4,13
1376382089,5,12
1376382413,6,11
1376382813,7,10
1376382872,6,11
1376383477,6,11
1376383600,7,10
1376384011,6,11
1376384078,6,11
1376384121,6,11
1376384242,7,10
1376384303,8,9
1376384373,7,10
1376384409,7,10
1376384473,7,10
1376384551,7,10
1376384601,7,9
1376384680,8,8
1376384739,9,7
1376385222,9,7
1376385234,10,6
1376385536,8,8
1376386051,7,9
1376386656,7,10
1376387259,7,10
1376387322,7,10
1376387325,8,9
1376387929,8,9
1376388217,8,9
1376388517,9,8
1376388581,10,7
1376388594,11,6
1376388760,10,7
1376388769,11,6
1376388926,12,5
1376389183,12,5
1376389299,13,4
1376389413,14,3
1376389484,15,2
1376390088,15,2
1376390742,14,3
1376390919,13,4
1376391157,14,3
1376391463,13,4
1376392068,13,4
1376392140,12,5
1376392339,11,6
1376392374,11,4
1376392542,12,3
1376392545,11,4
1376392719,10,5
1376393095,10,5
1376393358,9,6
1376393963,9,6
1376394039,8,7
1376394150,9,6
1376394269,8,7
1376394402,8,7
1376394413,9,6
1376394565,8,7
1376394869,7,8
1376395159,6,9
1376395285,5,10
1376395722,2,13
1376395749,1,14
1376395927,2,13
1376396139,1,14
1376396276,0,15
1376396554,0,15
1376397158,0,15
1376397280,2,13
1376397627,1,13
1376397687,0,14
1376397819,0,14
1376398094,0,15
1376398388,1,14
1376398958,2,13
1376399382,1,14
1376399389,0,15
1376399892,1,14
1376400496,1,14
1376400967,2,13
1376401572,2,13
1376401715,2,13
1376401778,2,13
1376402382,2,13
1376402628,1,14
1376402741,1,14
1376402747,0,15
1376402853,0,15
1376402884,1,14
1376402936,2,13
1376403533,1,14
1376403719,2,13
1376404063,1,14
1376404668,1,14
1376405298,2,13
1376405557,1,14
1376406102,1,14
1376406154,0,15
1376406217,2,13
1376406285,3,12
1376406339,4,11
1376406566,5,10
1376407170,5,10
1376407344,4,11
1376407414,2,13
1376407542,3,12
1376407550,4,11
1376408155,4,11
1376408250,6,9
1376408406,7,8
1376408545,8,7
1376408723,8,7
1376408809,7,8
1376409010,7,8
1376409101,7,8
1376409131,7,8
1376409233,6,9
1376409332,6,9
1376409474,5,10
1376409559,5,10
1376409591,6,9
1376409749,7,8
1376409767,8,7
1376409982,8,7
1376410008,9,6
1376410120,10,5
1376410161,11,4
1376410657,12,3
1376410946,13,2
1376411018,12,3
1376411389,11,4
1376411683,12,3
1376412196,12,3
1376412800,12,3
1376413328,11,4
1376413571,10,5
1376413886,11,4
1376413964,11,4
1376414304,10,5
1376414559,11,4
1376414601,10,5
1376414633,9,6
1376414768,10,5
1376414823,11,4
1376415023,10,5
1376415124,11,4
1376415360,9,6
1376415681,9,6
1376415881,10,5
1376416082,9,6
1376416369,8,7
1376416495,7,8
1376416662,7,8
1376416672,8,7
1376416976,9,6
1376417449,8,7
1376417743,7,8
1376417864,7,8
1376417866,6,9
1376418091,5,10
1376418462,3,12
1376418568,2,13
1376418822,1,14
1376418883,2,13
1376419487,2,13
1376419568,4,11
1376419691,5,10
1376419902,5,10
1376419912,3,12
1376420051,3,12
1376420089,4,11
1376420261,3,12
1376420866,3,12
1376421026,3,12
1376421059,4,11
1376421266,3,12
1376421428,4,11
1376421468,3,12
1376421566,4,11
1376421808,3,12
1376422364,2,13
1376422476,1,14
1376422804,0,15
1376422886,1,14
1376422933,0,15
1376423082,0,15
1376423124,2,13
1376423728,2,13
1376424011,3,12
1376424619,4,11
1376425224,4,11
1376425388,3,12
1376425992,3,12
1376426518,4,11
1376427122,4,11
1376427726,4,11
1376428091,5,10
1376428696,5,10
1376428880,4,11
1376429002,3,12
1376429606,3,12
1376430210,3,12
1376430808,4,11
1376431413,4,11
1376431722,3,12
1376432326,3,12
1376432930,3,12
1376433566,2,13
1376433655,3,12
1376434258,3,12
1376434443,4,11
1376435047,4,11
1376435651,4,11
1376436284,4,11
1376436287,5,10
1376436890,5,10
1376437494,5,10
1376438098,5,10
1376438701,5,10
1376439305,5,10
1376439909,5,10
1376440513,5,10
1376441116,5,10
1376441232,4,11
1376441837,4,11
1376442224,4,11
1376442227,3,12
1376442831,3,12
1376443231,3,12
1376443835,3,12
1376444438,3,12
1376445042,3,12
1376445646,3,12
1376446250,3,12
1376446854,3,12
1376447457,3,12
1376448061,3,12
1376448653,2,13
1376449257,2,13
1376449861,2,13
1376450465,2,13
1376451068,2,13
1376451334,3,12
1376451938,3,12
1376452482,3,12
1376452501,5,10
1376453105,5,10
1376453709,5,10
1376454313,5,10
1376454917,5,10
1376455521,5,10
1376456125,5,10
1376456729,5,10
1376457333,5,10
1376457813,4,11
1376457826,4,11
1376458356,3,12
1376458942,2,13
1376459545,2,13
1376459634,1,14
1376460237,1,14
1376460805,2,13
1376461061,2,13
1376461071,3,12
1376461461,2,13
1376461820,1,14
1376462144,1,14
1376462147,2,13
1376462442,3,12
1376462564,3,12
1376462618,2,13
1376463022,2,13
1376463062,3,12
1376463161,6,9
1376463217,5,10
1376463229,6,9
1376463487,5,10
1376463571,5,10
1376463607,6,9
1376464046,5,10
1376464248,4,11
1376464378,3,12
1376464449,2,13
1376464514,1,14
1376464665,1,14
1376464712,1,14
1376464979,1,14
1376465082,2,13
1376465141,2,13
1376465183,3,12
1376465234,4,11
1376465368,3,12
1376465973,3,12
1376466239,2,13
1376466398,1,14
1376466642,1,14
1376466703,1,14
1376466712,2,13
1376467184,3,12
1376467236,3,12
1376467257,2,13
1376467424,2,13
1376467433,1,14
1376467978,2,13
1376468312,2,13
1376468340,3,12
1376468651,2,13
1376468904,2,13
1376469334,2,13
1376469359,3,12
1376469963,3,12
1376470096,2,13
1376470160,1,14
1376470764,1,14
1376471368,1,14
1376471736,2,13
1376471753,1,14
1376471915,2,13
1376472363,3,12
1376472973,3,12
1376473117,4,11
1376473178,4,11
1376473221,5,10
1376473497,6,9
1376474046,5,10
1376474622,5,10
1376474625,6,9
1376474778,7,9
1376475316,6,10
1376475372,6,11
1376475665,7,10
1376475749,6,10
1376475796,6,11
1376475921,7,10
1376476078,6,11
1376476183,7,10
1376476788,7,10
1376477391,7,10
1376477562,6,11
1376477739,6,11
1376477795,7,10
1376478357,8,9
1376478996,7,10
1376479163,8,9
1376479402,9,8
1376479713,10,7
1376480152,9,8
1376480208,8,9
1376480812,8,9
1376481076,8,9
1376481140,8,9
1376481175,8,8
1376481282,9,7
1376481509,8,8
1376481577,5,11
1376481997,6,10
1376482314,7,9
1376482377,8,8
1376482572,7,9
1376482635,6,10
1376483055,6,10
1376483118,7,9
1376483722,7,10
1376484325,7,10
1376484453,8,9
1376484644,8,9
1376484695,8,9
1376484757,7,10
1376485361,7,10
1376485418,8,9
1376485528,8,9
1376485549,9,8
1376485707,10,7
1376485742,11,6
1376486346,11,6
1376486810,10,7
1376487190,11,6
1376487357,12,5
1376487461,12,4
1376487582,12,4
1376487597,12,4
1376487821,12,4
1376487883,13,3
1376487937,13,3
1376488002,13,3
1376488043,13,3
1376488080,13,3
1376488140,12,4
1376488475,11,5
1376488591,11,5
1376488649,12,4
1376489199,13,3
1376489379,12,4
1376489983,12,5
1376490587,12,5
1376490795,13,4
1376490902,12,5
1376491009,11,6
1376491132,10,7
1376491241,11,6
1376491846,11,6
1376491937,10,7
1376491988,9,8
1376492465,8,9
1376492920,8,9
1376492928,9,8
1376493121,8,9
1376493243,7,10
1376493848,7,10
1376494209,8,9
1376494295,8,9
1376494323,9,8
1376494422,9,8
1376494432,10,7
1376494822,10,7
1376494921,11,6
1376495263,11,6
1376495285,13,4
1376495405,14,3
1376496009,14,3
1376496075,15,2
1376496117,16,1
1376496277,16,0
1376496290,17,0
1376496895,17,0
1376497242,17,0
1376497244,16,1
1376497357,16,1
1376497400,17,0
1376497430,16,1
1376497558,15,2
1376497816,14,3
1376497854,13,4
1376498076,13,4
1376498117,14,3
1376498249,16,1
1376498320,16,0
1376498339,15,1
1376498944,15,2
1376499342,16,0
1376499923,17,0
1376500239,15,2
1376500269,17,0
1376500829,16,1
1376501022,15,2
1376501040,13,4
1376501286,12,5
1376501499,14,3
1376501563,14,3
1376501569,14,3
1376501797,14,3
1376501846,16,1
1376501880,15,2
1376501983,16,1
1376502094,15,2
1376502337,14,3
1376502713,15,2
1376502898,14,3
1376503122,12,5
1376503125,11,6
1376503347,12,5
1376503723,12,5
1376503725,11,6
1376503826,12,5
1376503957,13,4
1376503994,15,2
1376504131,15,2
1376504191,14,3
1376504243,14,3
1376504305,14,3
1376504547,15,2
1376504569,14,3
1376504679,15,2
1376504716,17,0
1376504893,16,1
1376504981,15,2
1376505030,16,1
1376505084,16,1
1376505162,15,2
1376505164,16,1
1376505253,17,0
1376505567,16,1
1376505628,15,2
1376506177,14,3
1376506461,15,2
1376507020,16,1
1376507625,16,1
1376507918,15,2
1376507950,15,2
1376508185,14,3
1376508370,13,4
1376508900,14,3
1376509421,14,3
1376509482,15,2
1376509856,14,3
1376509962,13,4
1376510249,14,3
1376510853,14,3
1376511324,13,4
1376511763,13,4
1376511765,14,3
1376512369,14,3
1376512482,13,4
1376513086,13,4
1376513164,11,6
1376513518,9,8
1376514122,9,8
1376514725,9,8
1376515201,10,7
1376515298,11,6
1376515416,10,7
1376515494,9,8
1376515917,8,9
1376516521,8,9
1376516939,7,10
1376517092,8,9
1376517697,8,9
1376518265,7,10
1376518588,5,12
1376518660,5,12
1376518668,6,11
1376519040,5,12
1376519347,4,13
1376519951,4,13
1376520414,3,14
1376520579,2,15
1376521056,2,15
1376521095,3,14
1376521540,2,15
1376522144,2,15
1376522748,2,15
1376523352,2,15
1376523956,2,15
1376524559,2,15
1376525163,2,15
1376525767,2,15
1376526370,2,15
1376526974,2,15
1376527578,2,15
1376527691,1,16
1376528295,1,16
1376528596,2,15
1376529200,2,15
1376529247,3,14
1376529633,3,14
1376529819,3,14
1376529826,3,14
1376530407,3,14
1376530478,3,14
1376530539,3,14
1376530598,3,14
1376530605,3,14
1376530724,3,14
1376530743,3,14
1376530835,3,14
1376531439,3,14
1376532043,3,14
1376532647,3,14
1376533251,3,14
1376533854,3,14
1376534458,3,14
1376535062,3,14
1376535664,2,15
1376535750,2,15
1376536178,2,15
1376536782,2,15
1376537386,2,15
1376537955,3,14
1376538560,3,14
1376538877,3,14
1376538890,4,13
1376539494,4,13
1376540098,4,13
1376540701,4,13
1376541306,4,13
1376541909,4,13
1376542513,4,13
1376543116,4,13
1376543720,4,13
1376544324,4,13
1376544928,4,13
1376545531,4,13
1376546135,4,13
1376546608,3,14
1376547212,3,14
1376547462,3,14
1376547464,4,13
1376548069,4,13
1376548672,4,13
1376548801,5,12
1376549373,6,11
1376549803,5,12
1376550406,5,12
1376551010,5,12
1376551586,4,13
1376552190,4,13
1376552439,4,13
1376552447,5,12
1376552922,5,12
1376552925,6,11
1376553529,6,11
1376553880,5,12
1376553903,6,11
1376554109,5,12
1376554713,5,12
1376555317,5,12
1376555921,5,12
1376556525,5,12
1376557128,5,12
1376557199,4,13
1376557432,5,12
1376557490,4,13
1376557639,3,14
1376557695,5,12
1376557902,4,13
1376558505,4,13
1376559109,4,13
1376559424,3,14
1376559877,2,15
1376560001,2,15
1376560011,3,14
1376560616,3,14
1376560839,3,14
1376560847,4,13
1376561487,3,14
1376561528,3,14
1376561614,4,13
1376561684,4,13
1376561696,5,12
1376562140,6,11
1376562503,7,10
1376563044,6,11
1376563166,5,12
1376563764,4,13
1376564368,4,13
1376564971,4,13
1376565019,4,13
1376565091,4,13
1376565329,5,12
1376565354,6,11
1376565454,7,10
1376566058,7,10
1376566357,8,9
1376566537,8,9
1376566643,10,7
1376566822,12,5
1376567425,12,5
1376567456,13,4
1376567521,12,5
1376567609,11,6
1376568213,11,6
1376568718,10,7
1376569322,10,7
1376569842,11,6
1376570234,12,5
1376570283,13,4
1376570821,12,5
1376570893,11,6
1376570931,11,6
1376571020,11,6
1376571079,12,5
1376571188,12,5
1376571273,12,5
1376571316,12,5
1376571384,12,5
1376571427,12,5
1376571513,13,4
1376571595,13,4
1376571736,13,4
1376571805,13,4
1376571881,14,3
1376571887,12,5
1376572140,10,7
1376572258,11,6
1376572692,13,4
1376573296,13,4
1376573459,14,3
1376573740,15,2
1376573785,16,1
1376574002,16,1
1376574090,15,2
1376574156,15,2
1376574176,16,1
1376574426,17,0
1376575030,17,0
1376575633,17,0
1376576237,17,0
1376576841,17,0
1376577445,17,0
1376578049,17,0
1376578652,17,0
1376579256,17,0
1376579860,17,0
1376580050,16,1
1376580390,15,2
1376580428,16,1
1376580928,16,1
1376581532,16,1
1376582136,16,1
1376582740,16,1
1376583343,16,1
1376583427,15,2
1376583666,16,1
1376583943,16,1
1376583945,15,2
1376584350,14,3
1376584386,13,4
1376584443,15,2
1376584786,14,3
1376585390,14,3
1376585524,15,2
1376586161,15,2
1376586169,16,1
1376586773,16,1
1376587377,16,1
1376588000,17,0
1376588152,16,1
1376588295,15,2
1376588620,15,2
1376588629,16,1
1376589150,15,2
1376589754,15,2
1376590358,15,2
1376590379,14,3
1376590481,14,3
1376590484,13,4
1376590782,14,3
1376591115,13,4
1376591203,13,4
1376591248,14,3
1376591863,14,3
1376591871,15,2
1376592475,15,2
1376592596,13,4
1376592702,13,4
1376592704,14,3
1376593308,14,3
1376593912,14,3
1376594479,15,2
1376594628,14,3
1376595232,14,3
1376595333,16,1
1376595937,16,1
1376596391,15,2
1376596712,16,1
1376597057,15,2
1376597666,16,1
1376598270,16,1
1376598874,16,1
1376599477,16,1
1376599704,15,2
1376599872,16,1
1376600475,16,1
1376601078,16,1
1376601238,15,2
1376601452,13,4
1376602057,13,4
1376602465,14,3
1376603069,14,3
1376603672,14,3
1376603699,13,4
1376604263,14,3
1376604315,13,4
1376604919,13,4
1376605523,13,4
1376605645,14,3
1376605802,15,2
1376605957,14,3
1376606061,12,5
1376606665,12,5
1376607269,12,5
1376607872,12,5
1376608187,11,6
1376608374,10,7
1376608475,9,8
1376609079,9,8
1376609176,8,9
1376609253,7,10
1376609857,7,10
1376610461,7,10
1376610911,6,11
1376611515,6,11
1376612119,6,11
1376612723,6,11
1376613326,6,11
1376613930,6,11
1376614534,6,11
1376615127,7,10
1376615731,7,10
1376616027,7,10
1376616631,7,10
1376617235,7,10
1376617839,7,10
1376618443,7,10
1376619047,7,10
1376619487,6,11
1376620091,6,11
1376620695,6,11
1376621299,6,11
1376621902,6,11
1376622506,6,11
1376623110,6,11
1376623714,6,11
1376624317,6,11
1376624921,6,11
1376625081,5,12
1376625685,5,12
1376626289,5,12
1376626893,5,12
1376627496,5,12
1376628100,5,12
1376628518,6,11
1376628528,7,10
1376629132,7,10
1376629562,8,9
1376630165,8,9
1376630769,8,9
1376631373,8,9
1376631976,8,9
1376632194,7,10
1376632798,7,10
1376633402,7,10
1376634005,7,10
1376634609,7,10
1376635130,6,11
1376635764,5,12
1376636174,6,11
1376636779,6,11
1376637194,5,12
1376637377,6,11
1376637818,6,11
1376637829,7,10
1376637905,8,9
1376637974,8,9
1376638015,7,10
1376638299,6,11
1376638412,7,10
1376638440,6,11
1376639044,6,11
1376639438,7,10
1376639586,6,11
1376640145,5,12
1376640363,6,11
1376640967,6,11
1376641283,7,10
1376641887,7,10
1376642203,8,9
1376642807,8,9
1376643411,8,9
1376644014,8,9
1376644122,8,9
1376644340,8,9
1376644638,7,10
1376645242,7,10
1376645846,7,10
1376646451,7,10
1376646523,7,10
1376646639,7,10
1376646672,8,9
1376646748,9,8
1376647351,9,8
1376647615,8,9
1376648051,9,8
1376648682,9,8
1376648740,10,7
1376648768,11,6
1376649372,11,6
1376649791,10,7
1376650089,11,6
1376650302,12,5
1376650306,13,4
1376650888,14,3
1376651311,16,1
1376651688,15,2
1376651825,14,3
1376652102,14,3
1376652110,15,2
1376652244,16,1
1376652849,16,1
1376653195,17,0
1376653557,16,1
1376653851,14,3
1376653942,13,4
1376654065,13,4
1376654097,14,3
1376654371,12,5
1376654417,12,5
1376654563,12,5
1376654611,12,5
1376654651,13,4
1376655144,15,2
1376655523,16,1
1376655582,16,1
1376655585,17,0
1376656188,17,0
1376656529,16,1
1376657133,16,1
1376657199,15,2
1376657803,15,2
1376658407,15,2
1376658527,14,3
1376658928,12,5
1376659043,12,5
1376659106,14,3
1376659179,14,3
1376659224,15,2
1376659828,15,2
1376660432,15,2
1376660890,14,3
1376661495,14,3
1376662099,14,3
1376662703,14,3
1376663306,14,3
1376663910,14,3
1376664514,14,3
1376664981,13,4
1376665096,12,5
1376665182,12,5
1376665237,13,4
1376665300,15,2
1376665626,16,1
1376666186,15,2
1376666790,15,2
1376667394,15,2
1376667424,14,3
1376667563,13,4
1376667643,12,5
1376667667,11,6
1376668002,11,6
1376668004,10,7
1376668148,11,6
1376668299,12,5
1376668776,13,4
1376668938,14,3
1376669114,13,4
1376669300,12,5
1376669714,13,4
1376669801,13,4
1376669809,14,3
1376669993,15,2
1376670087,14,3
1376670694,13,4
1376670881,13,4
1376670940,13,4
1376670954,12,5
1376671171,13,4
1376671775,13,4
1376672430,14,3
1376672665,13,4
1376673268,14,3
1376673502,13,4
1376673572,15,2
1376673650,14,3
1376673727,15,2
1376674206,13,4
1376674628,11,6
1376675233,11,6
1376675459,12,5
1376675637,11,6
1376675763,12,5
1376675829,11,6
1376676094,12,5
1376676209,11,6
1376676344,10,7
1376676382,9,8
1376676842,8,9
1376677039,8,9
1376677070,9,8
1376677345,10,7
1376677483,9,7
1376677510,9,8
1376677982,8,9
1376678586,8,9
1376678643,7,10
1376678733,5,12
1376678801,4,13
1376678809,5,12
1376679104,4,13
1376679708,4,13
1376679965,3,14
1376680569,3,14
1376680639,2,15
1376681020,1,16
1376681048,0,17
1376681653,0,17
1376682256,0,17
1376682345,0,17
1376682347,1,16
1376682951,1,16
1376683176,2,15
1376683518,1,16
1376684122,1,16
1376684726,1,16
1376684768,2,15
1376685044,2,15
1376685046,1,16
1376685651,1,16
1376686000,2,15
1376686070,1,16
1376686673,1,16
1376687009,0,17
1376687600,1,16
1376688205,1,16
1376688808,1,16
1376689303,2,15
1376689345,1,16
1376689949,1,16
1376690553,1,16
1376691156,1,16
1376691760,1,16
1376692146,2,15
1376692705,1,16
1376693309,1,16
1376693912,1,16
1376694095,0,17
1376694158,1,16
1376694762,1,16
1376695366,1,16
1376695582,0,17
1376696186,0,17
1376696790,0,17
1376697394,0,17
1376697997,0,17
1376698403,0,17
1376699007,0,17
1376699611,0,17
1376700215,0,17
1376700819,0,17
1376701422,0,17
1376702026,0,17
1376702425,0,17
1376702504,0,17
1376702511,0,17
1376703115,0,17
1376703719,0,17
1376704322,0,17
1376704926,0,17
1376705531,0,17
1376706134,0,17
1376706738,0,17
1376707342,0,17
1376707946,0,17
1376708549,0,17
1376709153,0,17
1376709757,0,17
1376710361,0,17
1376710965,0,17
1376711568,0,17
1376712172,0,17
1376712776,0,17
1376713379,0,17
1376713983,0,17
1376714587,0,17
1376715191,0,17
1376715795,0,17
1376716398,0,17
1376717002,0,17
1376717606,0,17
1376718210,0,17
1376718814,0,17
1376719418,0,17
1376720022,0,17
1376720626,0,17
1376721229,0,17
1376721833,0,17
1376722437,0,17
1376723041,0,17
1376723135,1,16
1376723441,0,16
1376723481,0,17
1376724089,0,17
1376724693,0,17
1376724867,1,16
1376725471,1,16
1376725747,2,15
1376726350,2,15
1376726954,2,15
1376727127,2,15
1376727199,2,15
1376727254,3,14
1376727339,5,12
1376727944,5,12
1376728142,4,13
1376728746,4,13
1376729177,5,12
1376729497,5,12
1376729556,5,12
1376729606,6,11
1376729640,7,10
1376730112,6,11
1376730716,6,11
1376730906,7,10
1376731509,7,10
1376731914,6,11
1376732165,7,10
1376732770,7,10
1376733374,7,10
1376733977,7,10
1376734391,6,11
1376734717,7,10
1376735046,8,9
1376735650,8,9
1376735788,7,10
1376736023,7,10
1376736627,7,10
1376737230,7,10
1376737483,7,10
1376737533,10,7
1376737564,12,5
1376738169,12,5
1376738668,11,6
1376739272,11,6
1376739876,11,6
1376740480,11,6
1376741081,11,6
1376741111,12,5
1376741735,14,3
1376741799,14,3
1376741939,15,2
1376742302,13,4
1376742689,11,6
1376743176,12,5
1376743518,12,5
1376743589,13,4
1376743780,12,5
1376743827,14,3
1376743858,15,2
1376744462,15,2
1376745066,15,2
1376745670,15,2
1376746089,14,3
1376746354,15,2
1376746501,15,2
1376746599,16,1
1376746612,15,2
1376747023,14,3
1376747075,14,3
1376747244,15,2
1376747523,14,3
1376748007,15,2
1376748586,14,3
1376748634,15,2
1376749238,15,2
1376749842,15,2
1376750163,14,3
1376750265,15,2
1376750531,15,2
1376750756,14,3
1376751360,14,3
1376751964,14,3
1376752065,13,4
1376752095,14,3
1376752164,15,2
1376752768,15,2
1376753372,15,2
1376753473,14,3
1376753624,13,4
1376753651,14,3
1376754209,14,3
1376754284,14,3
1376754326,15,2
1376754379,15,2
1376754424,16,1
1376754877,15,2
1376755480,15,2
1376756084,15,2
1376756263,16,1
1376756911,15,2
1376757456,16,1
1376757635,15,2
1376757916,14,3
1376758093,13,4
1376758697,13,4
1376758801,12,5
1376759404,12,5
1376759533,11,6
1376759921,12,5
1376760339,11,6
1376760396,9,8
1376761000,9,8
1376761604,9,8
1376762086,9,8
1376762134,11,6
1376762230,12,5
1376762276,12,5
1376762415,12,5
1376762475,13,4
1376762531,14,3
1376763135,14,3
1376763219,14,3
1376763284,14,3
1376763313,14,3
1376763403,15,2
1376763523,15,2
1376763535,15,1
1376763615,16,1
1376763975,15,2
1376764037,14,3
1376764363,13,4
1376764372,12,5
1376764976,12,5
1376765230,13,4
1376765834,13,4
1376766438,13,4
1376767054,12,5
1376767658,12,5
1376767839,10,7
1376768314,11,6
1376768619,9,8
1376769226,9,8
1376769356,8,9
1376769730,7,10
1376769871,8,9
1376770258,9,8
1376770862,9,8
1376771426,8,9
1376772030,8,9
1376772634,8,9
1376773237,8,9
1376773841,8,9
1376774445,8,9
1376775049,8,9
1376775296,6,11
1376775374,5,12
1376775978,5,12
1376776582,5,12
1376777186,5,12
1376777790,5,12
1376778394,5,12
1376778890,1,16
1376779494,1,16
1376779645,0,17
1376780250,0,17
1376780854,0,17
1376781458,0,17
1376782062,0,17
1376782665,0,17
1376783269,0,17
1376783873,0,17
1376784163,1,16
1376784165,2,15
1376784582,2,15
1376784617,1,16
1376784847,0,17
1376785451,0,17
1376786055,0,17
1376786659,0,17
1376787263,0,17
1376787866,0,17
1376788470,0,17
1376788831,0,17
1376789435,0,17
1376790031,1,16
1376790162,0,17
1376790170,1,16
1376790774,1,16
1376791378,1,16
1376791982,1,16
1376792586,1,16
1376792739,2,15
1376792799,3,14
1376793403,3,14
1376794007,3,14
1376794611,3,14
1376795215,3,14
1376795818,3,14
1376796422,3,14
1376797026,3,14
1376797629,3,14
1376798233,3,14
1376798321,2,15
1376798343,2,15
1376798947,2,15
1376799551,2,15
1376800155,2,15
1376800758,2,15
1376801362,2,15
1376801966,2,15
1376802570,2,15
1376803173,2,15
1376803777,2,15
1376804140,2,15
1376804743,2,15
1376805347,2,15
1376805952,2,15
1376806555,2,15
1376807159,2,15
1376807559,3,14
1376808163,3,14
1376808343,3,14
1376808345,2,15
1376808845,2,15
1376808934,2,15
1376808952,3,14
1376809380,2,15
1376809900,1,16
1376810504,1,16
1376810855,0,17
1376811299,1,16
1376811754,0,17
1376812359,0,17
1376812964,0,17
1376813568,0,17
1376814144,0,17
1376814211,1,16
1376814264,2,15
1376814341,4,13
1376814367,5,12
1376814738,4,13
1376814820,4,13
1376814873,4,13
1376814901,5,12
1376815357,5,12
1376815409,6,11
1376815446,7,10
1376816050,7,10
1376816317,6,11
1376816378,5,12
1376816982,5,12
1376817586,5,12
1376818190,5,12
1376818624,6,11
1376818721,7,10
1376818783,8,9
1376818790,9,8
1376818855,9,8
1376818954,11,6
1376819558,11,6
1376820162,11,6
1376820765,11,6
1376820922,12,5
1376821526,12,5
1376822129,12,5
1376822444,11,6
1376822743,11,6
1376822755,12,5
1376822858,12,5
1376822869,13,4
1376823472,13,4
1376823840,12,5
1376824443,12,5
1376824934,13,4
1376825108,12,5
1376825300,13,4
1376825855,14,3
1376826291,13,4
1376826679,14,3
1376826736,13,4
1376827042,14,3
1376827524,13,4
1376827898,13,4
1376827907,12,5
1376828511,12,5
1376828978,11,6
1376829032,10,7
1376829081,10,7
1376829685,10,7
1376830289,10,7
1376830663,10,7
1376830688,12,5
1376830880,11,6
1376831375,11,6
1376831407,12,5
1376831801,11,6
1376831803,10,7
1376832408,10,7
