1376208378,13,2
1376208982,13,2
1376209441,13,2
1376209522,12,3
1376209566,12,3
1376209616,12,3
1376209713,13,2
1376209745,13,2
1376209816,13,2
1376209855,14,1
1376210459,14,1
1376211063,14,1
1376211666,14,1
1376212270,14,1
1376212472,13,2
1376213076,13,2
1376213680,13,2
1376214129,14,1
1376214733,14,1
1376215337,14,1
1376215941,14,1
1376216160,14,1
1376216820,14,1
1376217036,12,3
1376217385,11,4
1376217989,11,4
1376218359,10,5
1376218661,11,4
1376219075,13,2
1376219680,13,2
1376219993,12,3
1376220200,12,3
1376220249,13,2
1376220441,14,1
1376220548,15,0
1376221152,15,0
1376221756,15,0
1376222360,15,0
1376222672,14,1
1376223190,13,2
1376223605,12,3
1376224210,12,3
1376224628,13,2
1376225220,12,3
1376225685,13,2
1376226288,13,2
1376226476,14,1
1376227080,14,1
1376227286,15,0
1376227890,15,0
1376228494,15,0
1376229098,15,0
1376229701,15,0
1376230305,15,0
1376230909,15,0
1376231513,15,0
1376232117,15,0
1376232721,15,0
1376233345,15,0
1376233529,15,0
1376234133,15,0
1376234737,15,0
1376235341,15,0
1376235493,14,1
1376236058,14,1
1376236135,14,1
1376236230,14,1
1376236290,14,1
1376236894,14,1
1376237498,14,1
1376238004,11,4
1376238608,11,4
1376238830,12,3
1376239434,12,3
1376239530,13,2
1376240135,13,2
1376240738,13,2
1376240862,13,2
1376240923,14,1
1376241017,14,1
1376241621,14,1
1376241701,14,1
1376241756,13,2
1376241816,12,3
1376242001,12,3
1376242004,11,4
1376242348,13,2
1376242951,13,2
1376243555,13,2
1376243636,14,1
1376244240,14,1
1376244844,14,1
1376244967,15,0
1376245062,15,0
1376245064,14,1
1376245668,14,1
1376245825,15,0
1376246429,15,0
1376247034,15,0
1376247638,15,0
1376248242,15,0
1376248846,15,0
1376249450,15,0
1376250053,15,0
1376250657,15,0
1376251261,15,0
1376251865,15,0
1376252468,15,0
1376253072,15,0
1376253676,15,0
1376254280,15,0
1376254883,15,0
1376255487,15,0
1376256091,15,0
1376256695,15,0
1376257299,15,0
1376257903,15,0
1376258557,14,1
1376258696,13,2
1376259006,12,3
1376259617,13,2
1376260220,13,2
1376260824,13,2
1376261428,13,2
1376262032,13,2
1376262635,13,2
1376262883,13,2
1376262890,14,1
1376263495,14,1
1376264099,14,1
1376264166,13,2
1376264771,13,2
1376265374,13,2
1376265978,13,2
1376266582,13,2
1376267186,13,2
1376267789,13,2
1376268399,13,2
1376269003,13,2
1376269606,13,2
1376270210,13,2
1376270813,13,2
1376271391,13,2
1376271995,13,2
1376272599,13,2
1376273202,13,2
1376273806,13,2
1376274410,13,2
1376275014,13,2
1376275617,13,2
1376276221,13,2
1376276825,13,2
1376277429,13,2
1376278032,13,2
1376278636,13,2
1376279117,14,1
1376279720,14,1
1376280324,14,1
1376280928,14,1
1376281531,14,1
1376282135,14,1
1376282739,14,1
1376282977,13,2
1376283580,13,2
1376284184,13,2
1376284788,13,2
1376285391,13,2
1376285995,13,2
1376286566,14,1
1376286642,14,1
1376287061,14,1
1376287069,15,0
1376287416,14,1
1376288019,14,1
1376288194,13,2
1376288797,13,2
1376289163,13,2
1376289185,12,3
1376289790,12,3
1376290204,13,2
1376290579,14,1
1376290662,15,0
1376290893,14,1
1376291443,14,1
1376291445,15,0
1376291833,14,1
1376292308,15,0
1376292624,14,1
1376292962,15,0
1376293261,14,1
1376293353,15,0
1376293668,14,1
1376294272,14,1
1376294876,14,1
1376295041,13,2
1376295298,13,2
1376295901,13,2
1376296241,13,2
1376296249,14,1
1376296853,14,1
1376297457,14,1
1376298061,14,1
1376298664,14,1
1376299268,14,1
1376299401,15,0
1376300005,15,0
1376300609,15,0
1376301212,15,0
1376301816,15,0
1376302420,15,0
1376303024,15,0
1376303628,15,0
1376304231,15,0
1376304835,15,0
1376305370,15,0
1376305850,14,1
1376306454,14,1
1376307058,14,1
1376307661,14,1
1376307907,15,0
1376308334,14,1
1376308938,14,1
1376309062,15,0
1376309666,15,0
1376310270,15,0
1376310874,15,0
1376311478,15,0
1376312081,15,0
1376312685,15,0
1376313289,15,0
1376313893,15,0
1376314497,15,0
1376315101,15,0
1376315704,15,0
1376315754,15,0
1376315868,15,0
1376316473,15,0
1376317076,15,0
1376317680,15,0
1376318284,15,0
1376318328,14,1
1376318539,15,0
1376318803,15,0
1376318812,13,2
1376319329,13,2
1376319360,14,1
1376319964,14,1
1376320568,14,1
1376321172,14,1
1376321803,15,0
1376322407,15,0
1376322727,14,1
1376323333,14,1
1376323441,13,2
1376323915,14,1
1376324023,14,1
1376324025,13,2
1376324629,13,2
1376324736,14,1
1376325102,14,1
1376325122,15,0
1376325726,15,0
1376326330,15,0
1376326934,15,0
1376327538,15,0
1376328142,15,0
1376328573,14,1
1376328727,15,0
1376329053,14,1
1376329663,14,1
1376330267,14,1
1376330786,15,0
1376331360,14,1
1376331473,13,2
1376331652,14,1
1376331913,15,0
1376332517,15,0
1376333121,15,0
1376333724,15,0
1376334328,15,0
1376334932,15,0
1376335536,15,0
1376336139,15,0
1376336743,15,0
1376337347,15,0
1376337951,15,0
1376338554,15,0
1376339158,15,0
1376339762,15,0
1376340366,15,0
1376340970,15,0
1376341573,15,0
1376342177,15,0
1376342781,15,0
1376343385,15,0
1376343988,15,0
1376344592,15,0
1376345195,15,0
1376345799,15,0
1376346403,15,0
1376347007,15,0
1376347610,15,0
1376348214,15,0
1376348818,15,0
1376349422,15,0
1376350026,15,0
1376350629,15,0
1376351233,15,0
1376351837,15,0
1376352441,15,0
1376353044,15,0
1376353648,15,0
1376354252,15,0
1376354856,15,0
1376355459,15,0
1376356063,15,0
1376356667,15,0
1376357276,15,0
1376357792,15,0
1376358396,15,0
1376359000,15,0
1376359603,15,0
1376360207,15,0
1376360810,15,0
1376361414,15,0
1376362018,15,0
1376362622,15,0
1376363226,15,0
1376363829,15,0
1376364433,15,0
1376365037,15,0
1376365641,15,0
1376366245,15,0
1376366848,15,0
1376367452,15,0
1376368056,15,0
1376368660,15,0
1376369263,15,0
1376369867,15,0
1376370366,14,1
1376370568,13,2
1376371172,13,2
1376371776,13,2
1376372289,14,1
1376372892,14,1
1376373496,14,1
1376373714,13,2
1376373947,12,3
1376374551,12,3
1376375155,12,3
1376375759,12,3
1376376362,12,3
1376376966,12,3
1376377051,12,3
1376377066,12,3
1376377670,12,3
1376378323,12,3
1376378346,12,3
1376378888,11,4
1376379206,10,5
1376379758,9,6
1376380212,10,5
1376380816,10,5
1376381419,10,5
1376382023,10,5
1376382626,10,5
1376383230,10,5
1376383834,10,5
1376384438,10,5
1376384561,10,5
1376385165,10,5
1376385494,9,6
1376386098,9,6
1376386701,9,6
1376387305,9,6
1376387909,9,6
1376388032,9,6
1376388098,11,4
1376388702,11,4
1376388727,9,6
1376389139,10,5
1376389543,11,4
1376389589,12,3
1376389613,13,2
1376389928,12,3
1376390532,12,3
1376391161,12,3
1376391170,13,2
1376391344,13,2
1376391346,12,3
1376391619,13,2
1376391866,12,3
1376392329,13,2
1376392626,14,1
1376393019,15,0
1376393623,15,0
1376394227,15,0
1376394331,14,1
1376394942,14,1
1376394999,15,0
1376395603,15,0
1376395611,14,1
1376396215,14,1
1376396762,15,0
1376397366,15,0
1376397970,15,0
1376398574,15,0
1376399178,15,0
1376399781,15,0
1376400385,15,0
1376400988,15,0
1376401591,15,0
1376401973,15,0
1376402328,14,1
1376402932,14,1
1376403223,14,1
1376403225,15,0
1376403830,15,0
1376404140,14,1
1376404303,14,1
1376404305,15,0
1376404791,14,1
1376405395,14,1
1376405455,15,0
1376406059,15,0
1376406698,14,1
1376406708,14,1
1376407261,15,0
1376407864,15,0
1376407972,14,1
1376408202,15,0
1376408240,14,1
1376408613,13,2
1376408706,12,3
1376409272,11,4
1376409767,10,5
1376410184,10,5
1376410186,11,4
1376410483,12,3
1376410639,13,2
1376411045,12,3
1376411113,13,2
1376411552,12,3
1376411621,13,2
1376411652,13,2
1376411708,13,2
1376411923,14,1
1376412191,15,0
1376412795,15,0
1376412996,14,1
1376413599,14,1
1376413832,15,0
1376414241,14,1
1376414443,13,2
1376414549,14,1
1376415153,14,1
1376415443,15,0
1376416047,15,0
1376416189,15,0
1376416793,15,0
1376417117,14,1
1376417600,15,0
1376418203,15,0
1376418807,15,0
1376419411,15,0
1376420014,15,0
1376420618,15,0
1376421222,15,0
1376421825,15,0
1376422429,15,0
1376423033,15,0
1376423637,15,0
1376424240,15,0
1376424844,15,0
1376425393,14,1
1376425996,14,1
1376426600,14,1
1376427204,14,1
1376427808,14,1
1376428412,14,1
1376428589,15,0
1376429193,15,0
1376429337,14,1
1376429742,14,1
1376429760,14,1
1376429874,14,1
1376430478,14,1
1376431082,14,1
1376431686,14,1
1376432290,14,1
1376432893,14,1
1376433497,14,1
1376434100,14,1
1376434704,14,1
1376435308,14,1
1376435912,14,1
1376436516,14,1
1376437119,14,1
1376437723,14,1
1376438327,14,1
1376438930,14,1
1376439534,14,1
1376440138,14,1
1376440742,14,1
1376441133,15,0
1376441619,14,1
1376442222,14,1
1376442826,14,1
1376443430,14,1
1376444193,14,1
1376444797,14,1
1376445401,14,1
1376446005,14,1
1376446608,14,1
1376447212,14,1
1376447816,14,1
1376448420,14,1
1376449024,14,1
1376449627,14,1
1376450231,14,1
1376450835,14,1
1376451438,14,1
1376452042,14,1
1376452646,14,1
1376453250,14,1
1376453854,14,1
1376454458,14,1
1376455061,14,1
1376455665,14,1
1376456269,14,1
1376456872,14,1
1376457476,14,1
1376458079,14,1
1376458683,14,1
1376459287,14,1
1376459891,14,1
1376460100,13,2
1376460644,13,2
1376460647,14,1
1376461079,15,0
1376461682,15,0
1376462286,15,0
1376462890,15,0
1376463494,15,0
1376464097,15,0
1376464701,15,0
1376464782,14,1
1376465098,13,2
1376465533,12,3
1376465850,11,4
1376466455,11,4
1376466821,11,4
1376466829,12,3
1376467433,12,3
1376468036,12,3
1376468640,12,3
1376469244,12,3
1376469846,12,3
1376469935,12,3
1376469949,13,2
1376470024,14,1
1376470569,13,2
1376471188,13,2
1376471791,13,2
1376472289,13,2
1376472893,13,2
1376473472,13,2
1376473498,14,1
1376474101,14,1
1376474309,15,0
1376474914,15,0
1376475517,15,0
1376476121,15,0
1376476725,15,0
1376477329,15,0
1376477933,15,0
1376478536,15,0
1376479140,15,0
1376479744,15,0
1376480348,15,0
1376480951,15,0
1376481555,15,0
1376481703,14,1
1376482147,15,0
1376482751,15,0
1376483355,15,0
1376483959,15,0
1376484563,15,0
1376485167,15,0
1376485724,15,0
1376485783,15,0
1376485842,15,0
1376486446,15,0
1376486885,14,1
1376487131,15,0
1376487735,15,0
1376488199,14,1
1376488345,15,0
1376488948,15,0
1376489552,15,0
1376490156,15,0
1376490624,13,2
1376491229,13,2
1376491328,12,3
1376491458,11,4
1376491540,11,4
1376491596,12,3
1376492200,12,3
1376492804,12,3
1376493407,12,3
1376493695,11,4
1376494300,11,4
1376494720,12,3
1376494990,13,2
1376495594,13,2
1376495628,12,3
1376495710,11,4
1376495795,12,3
1376496103,12,3
1376496134,11,4
1376496525,11,4
1376496527,12,3
1376496636,13,2
1376497240,13,2
1376497779,12,3
1376497842,14,1
1376497896,14,1
1376498500,14,1
1376498829,15,0
1376499433,15,0
1376499830,14,1
1376500433,14,1
1376501037,14,1
1376501194,13,2
1376501799,13,2
1376502042,13,2
1376502046,14,1
1376502649,14,1
1376502726,15,0
1376502872,15,0
1376503475,15,0
1376504079,15,0
1376504683,15,0
1376505286,15,0
1376505890,15,0
1376506494,15,0
1376507098,15,0
1376507702,15,0
1376508306,15,0
1376508910,15,0
1376509514,15,0
1376510117,15,0
1376510721,15,0
1376511325,15,0
1376511928,15,0
1376512532,15,0
1376513136,15,0
1376513740,15,0
1376514343,15,0
1376514947,15,0
1376515551,15,0
1376516155,15,0
1376516556,15,0
1376517160,15,0
1376517764,15,0
1376518367,15,0
1376518971,15,0
1376519575,15,0
1376520178,15,0
1376520782,15,0
1376521386,15,0
1376521990,15,0
1376522593,15,0
1376523197,15,0
1376523269,15,0
1376523873,15,0
1376524477,15,0
1376525080,15,0
1376525684,15,0
1376526288,15,0
1376526892,15,0
1376527495,15,0
1376528105,15,0
1376528709,15,0
1376529313,15,0
1376529916,15,0
1376530586,15,0
1376530663,15,0
1376530669,15,0
1376531273,15,0
1376531877,15,0
1376532481,15,0
1376533084,15,0
1376533688,15,0
1376534292,15,0
1376534895,15,0
1376535499,15,0
1376536103,15,0
1376536707,15,0
1376537310,15,0
1376537914,15,0
1376538518,15,0
1376539122,15,0
1376539726,15,0
1376540329,15,0
1376540933,15,0
1376541537,15,0
1376542141,15,0
1376542744,15,0
1376543348,15,0
1376543952,15,0
1376544556,15,0
1376545159,15,0
1376545763,15,0
1376546367,15,0
1376546970,15,0
1376547574,15,0
1376548178,15,0
1376548782,15,0
1376549014,14,1
1376549617,14,1
1376550221,14,1
1376550825,14,1
1376551429,14,1
1376551751,13,2
1376552355,13,2
1376552942,12,3
1376553546,12,3
1376554150,12,3
1376554414,11,4
1376555018,11,4
1376555622,11,4
1376556226,11,4
1376556473,11,4
1376556668,10,5
1376557272,10,5
1376557512,11,4
1376558115,11,4
1376558250,10,5
1376558854,10,5
1376558936,11,4
1376559541,11,4
1376559605,10,5
1376559814,11,4
1376560418,11,4
1376560517,12,3
1376560557,12,3
1376561161,12,3
1376561647,13,2
1376562251,13,2
1376562855,13,2
1376562969,12,3
1376563573,12,3
1376564177,12,3
1376564780,12,3
1376565083,13,2
1376565399,12,2
1376565432,12,3
1376565690,13,2
1376565788,14,1
1376566392,14,1
1376566995,14,1
1376567599,14,1
1376568203,14,1
1376568806,14,1
1376569083,13,2
1376569413,14,1
1376570016,14,1
1376570621,14,1
1376571224,14,1
1376571828,14,1
1376572110,12,3
1376572715,12,3
1376573318,12,3
1376573442,12,3
1376573472,13,2
1376574075,13,2
1376574679,13,2
1376575283,13,2
1376575886,13,2
1376576490,13,2
1376577094,13,2
1376577394,13,1
1376577435,13,1
1376577903,12,2
1376578096,13,1
1376578701,13,2
1376579141,13,2
1376579150,14,1
1376579634,15,0
1376579698,14,1
1376580302,14,1
1376580906,14,1
1376581464,13,2
1376581491,13,2
1376582095,13,2
1376582698,13,2
1376583302,13,2
1376583905,13,2
1376584509,13,2
1376585113,13,2
1376585717,13,2
1376585919,13,2
1376585928,14,1
1376586531,14,1
1376587135,14,1
1376587739,14,1
1376588343,14,1
1376588946,14,1
1376589550,14,1
1376590154,14,1
1376590758,14,1
1376591361,14,1
1376591965,14,1
1376592115,13,2
1376592179,12,3
1376592239,10,5
1376592843,10,5
1376593438,11,4
1376594041,11,4
1376594645,11,4
1376594995,12,3
1376595150,12,3
1376595753,12,3
1376596357,12,3
1376596961,12,3
1376597564,12,3
1376598168,12,3
1376598772,12,3
1376599376,12,3
1376599593,11,4
1376600197,11,4
1376600801,11,4
1376600811,9,6
1376601415,9,6
1376602018,9,6
1376602622,9,6
1376602898,10,5
1376603503,10,5
1376604107,10,5
1376604710,10,5
1376605314,10,5
1376605918,10,5
1376606521,10,5
1376607125,10,5
1376607729,10,5
1376608122,11,4
1376608542,10,5
1376608545,9,6
1376609149,9,6
1376609753,9,6
1376610357,9,6
1376610961,9,6
1376611564,9,6
1376612168,9,6
1376612778,9,6
1376612971,10,5
1376613574,10,5
1376614178,10,5
1376614782,10,5
1376615386,10,5
1376615990,10,5
1376616593,10,5
1376616993,10,5
1376617212,11,4
1376617816,11,4
1376618420,11,4
1376619024,11,4
1376619627,11,4
1376620231,11,4
1376620834,11,4
1376621438,11,4
1376622042,11,4
1376622240,9,6
1376622844,9,6
1376623447,9,6
1376624051,9,6
1376624655,9,6
1376625259,9,6
1376625862,9,6
1376626466,9,6
1376627070,9,6
1376627673,9,6
1376628277,9,6
1376628881,9,6
1376629485,9,6
1376630089,9,6
1376630693,9,6
1376631296,9,6
1376631900,9,6
1376632504,9,6
1376633109,9,6
1376633575,8,7
1376634179,8,7
1376634783,8,7
1376635386,8,7
1376635990,8,7
1376636594,8,7
1376637198,8,7
1376637802,8,7
1376638405,8,7
1376639009,8,7
1376639613,8,7
1376640217,8,7
1376640820,8,7
1376641416,8,7
1376641460,10,5
1376641544,10,5
1376641567,11,4
1376641654,12,3
1376641839,12,3
1376641848,13,2
1376642001,14,1
1376642079,15,0
1376642682,15,0
1376643286,15,0
1376643890,15,0
1376644494,15,0
1376645131,15,0
1376645175,15,0
1376645263,15,0
1376645866,15,0
1376646109,14,1
1376646713,14,1
1376647222,13,2
1376647751,14,1
1376648202,14,1
1376648211,15,0
1376648815,15,0
1376649371,14,1
1376649975,14,1
1376650579,14,1
1376651183,14,1
1376651636,13,2
1376652241,13,2
1376652328,12,3
1376652572,11,4
1376653177,11,4
1376653526,10,5
1376653696,10,5
1376653773,10,5
1376653787,10,5
1376653896,10,5
1376653953,10,5
1376653978,10,5
1376654070,10,5
1376654154,11,4
1376654535,12,3
1376654765,13,2
1376655032,14,1
1376655319,15,0
1376655924,15,0
1376656527,15,0
1376657131,15,0
1376657735,15,0
1376658339,15,0
1376658943,15,0
1376658994,13,2
1376659094,13,2
1376659148,13,2
1376659195,13,2
1376659836,15,0
1376660440,15,0
1376660589,15,0
1376660703,15,0
1376661308,15,0
1376661911,15,0
1376662515,15,0
1376663119,15,0
1376663722,15,0
1376663848,14,1
1376664452,14,1
1376664748,13,2
1376665351,13,2
1376665955,13,2
1376666084,14,1
1376666441,13,2
1376666682,13,2
1376666690,14,1
1376667293,14,1
1376667897,14,1
1376668501,14,1
1376668788,13,2
1376669241,14,1
1376669279,13,2
1376669434,14,1
1376669976,13,2
1376670036,13,2
1376670074,14,1
1376670107,15,0
1376670711,15,0
1376671314,15,0
1376671918,15,0
1376672522,15,0
1376673126,15,0
1376673730,15,0
1376674156,14,1
1376674759,14,1
1376675363,14,1
1376675480,15,0
1376676084,15,0
1376676563,14,1
1376677166,14,1
1376677663,14,1
1376677666,15,0
1376678270,15,0
1376678874,15,0
1376679478,15,0
1376680082,15,0
1376680685,15,0
1376681289,15,0
1376681605,14,1
1376681706,13,2
1376682309,13,2
1376682913,13,2
1376683518,13,2
1376684122,13,2
1376684725,13,2
1376685329,13,2
1376685933,13,2
1376686124,13,2
1376686132,14,1
1376686736,14,1
1376687339,14,1
1376687899,15,0
1376688502,15,0
1376689106,15,0
1376689710,15,0
1376690313,15,0
1376690917,15,0
1376691521,15,0
1376691921,14,1
1376692525,14,1
1376693129,14,1
1376693732,14,1
1376693979,13,1
1376693993,13,1
1376694284,13,1
1376694333,13,1
1376694347,13,1
1376694639,13,1
1376694701,13,1
1376694993,13,1
1376695056,13,1
1376695364,13,1
1376695410,13,1
1376695720,13,1
1376695764,13,1
1376696080,13,1
1376696118,13,1
1376696434,13,1
1376696473,13,1
1376696802,13,1
1376696827,13,1
1376697161,13,1
1376697181,13,1
1376697522,13,1
1376697536,13,1
1376697877,13,1
1376697891,13,1
1376698182,13,1
1376698243,13,1
1376698245,13,1
1376698536,13,1
1376698599,13,1
1376698903,13,1
1376698954,13,1
1376699198,11,3
1376699263,11,3
1376699310,11,3
1376699363,12,2
1376699399,13,1
1376699624,13,1
1376699662,13,1
1376699978,13,1
1376700016,13,1
1376700197,12,2
1376700332,12,2
1376700371,12,2
1376700704,12,2
1376700725,12,2
1376701065,12,2
1376701079,12,2
1376701419,12,2
1376701434,12,2
1376701775,12,2
1376701788,12,2
1376702080,12,2
1376702143,12,2
1376702434,12,2
1376702497,12,2
1376702801,12,2
1376702851,12,2
1376703161,12,2
1376703390,12,2
1376703523,12,2
1376703562,12,2
1376703877,12,2
1376703915,12,2
1376704244,12,2
1376704269,12,2
1376704603,12,2
1376704624,12,2
1376704965,12,2
1376704978,12,2
1376705319,12,2
1376705333,12,2
1376705624,12,2
1376705674,12,2
1376705687,12,2
1376705979,12,2
1376706041,12,2
1376706333,12,2
1376706396,12,2
1376706704,12,2
1376706750,12,2
1376707060,12,2
1376707105,12,2
1376707421,12,2
1376707459,12,2
1376707774,12,2
1376707813,12,2
1376708143,12,2
1376708167,12,2
1376708502,12,2
1376708522,12,2
1376708863,12,2
1376708877,12,2
1376709140,11,3
1376709216,11,3
1376709230,11,3
1376709521,11,3
1376709584,11,3
1376709875,11,3
1376709938,11,3
1376710242,11,3
1376710293,11,3
1376710603,11,3
1376710652,10,4
1376710963,10,4
1376711001,10,4
1376711318,10,4
1376711356,10,4
1376711685,10,4
1376711710,10,4
1376712044,10,4
1376712064,10,4
1376712404,10,4
1376712418,10,4
1376712758,10,4
1376712773,10,4
1376713064,10,4
1376713114,10,4
1376713128,10,4
1376713419,10,4
1376713483,10,4
1376713774,10,4
1376713837,10,4
1376714141,10,4
1376714191,10,4
1376714501,10,4
1376714546,10,4
1376714862,10,4
1376714900,10,4
1376714967,9,5
1376715216,9,5
1376715255,9,5
1376715584,9,5
1376715609,9,5
1376715943,9,5
1376715963,9,5
1376716303,9,5
1376716317,9,5
1376716658,9,5
1376716671,9,5
1376716963,9,5
1376717025,9,5
1376717026,9,5
1376717317,9,5
1376717380,9,5
1376717684,9,5
1376717735,9,5
1376718045,9,5
1376718089,9,5
1376718400,9,5
1376718445,9,5
1376718761,9,5
1376718799,9,5
1376719115,9,5
1376719153,9,5
1376719483,9,5
1376719507,9,5
1376719630,8,6
1376719841,8,6
1376719862,8,6
1376720202,8,6
1376720216,8,6
1376720557,8,6
1376720570,8,6
1376720862,8,6
1376720925,8,6
1376720926,8,6
1376721040,9,5
1376721216,9,5
1376721279,9,5
1376721583,9,5
1376721633,9,5
1376721943,9,5
1376721987,9,5
1376722303,9,5
1376722341,9,5
1376722657,9,5
1376722695,9,5
1376723026,9,5
1376723050,9,5
1376723384,9,5
1376723405,9,5
1376723745,9,5
1376723759,9,5
1376724099,9,5
1376724113,9,5
1376724405,9,5
1376724453,9,5
1376724468,9,5
1376724759,9,5
1376724822,9,5
1376725113,9,5
1376725176,9,5
1376725485,9,5
1376725531,9,5
1376725840,9,5
1376725885,9,5
1376726130,10,4
1376726200,10,4
1376726240,10,4
1376726556,10,4
1376726594,10,4
1376726924,10,4
1376726948,10,4
1376727282,10,4
1376727302,10,4
1376727642,10,4
1376727656,10,4
1376727997,10,4
1376728011,10,4
1376728302,9,5
1376728365,9,5
1376728656,9,5
1376728719,9,5
1376729024,9,5
1376729073,9,5
1376729383,9,5
1376729428,9,5
1376729616,10,4
1376729744,10,4
1376729782,10,4
1376730098,9,5
1376730137,9,5
1376730453,9,5
1376730491,9,5
1376730576,9,5
1376730613,10,4
1376730826,9,5
1376730846,9,5
1376730999,10,4
1376731180,10,4
1376731216,8,6
1376731541,8,6
1376731555,8,6
1376731896,8,6
1376731910,8,6
1376732084,7,7
1376732201,7,7
1376732265,7,7
1376732556,7,7
1376732619,7,7
1376732684,8,6
1376732754,7,7
1376732923,9,5
1376732975,9,5
1376733004,10,4
1376733283,10,4
1376733328,10,4
1376733644,10,4
1376733682,10,4
1376733998,10,4
1376734036,10,4
1376734365,10,4
1376734391,10,4
1376734725,10,4
1376734745,10,4
1376735079,10,4
1376735098,10,5
1376735298,9,6
1376735902,9,6
1376736305,8,7
1376736649,7,8
1376736805,8,7
1376737409,8,7
1376738013,8,7
1376738229,9,6
1376738693,9,6
1376738779,10,5
1376738818,9,5
1376738897,9,5
1376738984,9,5
1376739027,8,7
1376739631,8,7
1376740235,8,7
1376740691,8,7
1376740742,8,7
1376740816,9,6
1376740939,9,6
1376740971,9,6
1376741065,10,5
1376741668,10,5
1376742272,10,5
1376742511,12,3
1376742571,13,2
1376742665,14,1
1376743244,13,2
1376743283,12,3
1376743344,12,3
1376743422,14,1
1376743445,15,0
1376744049,15,0
1376744138,15,0
1376744170,15,0
1376744774,15,0
1376745378,15,0
1376745983,15,0
1376746316,14,1
1376746920,14,1
1376747014,15,0
1376747101,13,2
1376747503,14,1
1376747510,15,0
1376748114,15,0
1376748718,15,0
1376749322,15,0
1376749925,15,0
1376750385,15,0
1376750387,14,1
1376750992,14,1
1376751312,13,2
1376751403,14,1
1376751411,15,0
1376752015,15,0
1376752619,15,0
1376753223,15,0
1376753587,14,1
1376754190,14,1
1376754794,14,1
1376755398,14,1
1376755796,13,2
1376756170,12,3
1376756789,14,1
1376757393,14,1
1376757997,14,1
1376758144,13,2
1376758748,13,2
1376759352,13,2
1376759588,13,2
1376759916,12,3
1376760168,11,4
1376760295,11,4
1376760900,11,4
1376761504,11,4
1376762107,11,4
1376762488,11,4
1376762571,13,2
1376763278,13,2
1376763882,13,2
1376764485,13,2
1376765088,13,2
1376765692,13,2
1376765764,12,3
1376766302,12,3
1376766440,14,1
1376767044,14,1
1376767648,14,1
1376767770,15,0
1376768373,15,0
1376768873,15,0
1376768931,15,0
1376769535,15,0
1376770139,15,0
1376770742,15,0
1376771346,15,0
1376771949,15,0
1376772553,15,0
1376773157,15,0
1376773761,15,0
1376774365,15,0
1376774968,15,0
1376775134,13,2
1376775738,13,2
1376776342,13,2
1376776946,13,2
1376777550,13,2
1376778153,13,2
1376778757,13,2
1376778996,11,4
1376779600,11,4
1376780203,11,4
1376780807,11,4
1376781411,11,4
1376782015,11,4
1376782618,11,4
1376783222,11,4
1376783827,11,4
1376784430,11,4
1376785001,10,5
1376785605,10,5
1376786209,10,5
1376786812,10,5
1376787416,10,5
1376788020,10,5
1376788624,10,5
1376789228,10,5
1376789792,10,5
1376790396,10,5
1376791000,10,5
1376791604,10,5
1376792208,10,5
1376792811,10,5
1376793415,10,5
1376794019,10,5
1376794623,10,5
1376795226,10,5
1376795523,11,4
1376795664,11,4
1376795690,12,3
1376796295,12,3
1376796898,12,3
1376797502,12,3
1376798105,12,3
1376798709,12,3
1376799313,12,3
1376799916,12,3
1376800520,12,3
1376801124,12,3
1376801728,12,3
1376802331,12,3
1376802935,12,3
1376803539,12,3
1376804143,12,3
1376804747,12,3
1376805350,12,3
1376805954,12,3
1376806558,12,3
1376807162,12,3
1376807765,12,3
1376808369,12,3
1376808973,12,3
1376809576,12,3
1376810180,12,3
1376810784,12,3
1376811388,12,3
1376811991,12,3
1376812595,12,3
1376813199,12,3
1376813436,12,3
1376813475,14,1
1376814079,14,1
1376814683,14,1
1376815287,14,1
1376815890,14,1
1376816494,14,1
1376817098,14,1
1376817702,14,1
1376818306,14,1
1376818909,14,1
1376819513,14,1
1376820117,14,1
1376820721,14,1
1376821185,14,1
1376821199,15,0
1376821470,14,1
1376821650,13,2
1376821866,14,1
1376822470,14,1
1376823080,14,1
1376823109,15,0
1376823713,15,0
1376824317,15,0
1376824482,14,1
1376825087,14,1
1376825371,15,0
1376825713,14,1
1376826316,14,1
1376826920,14,1
1376827325,15,0
1376827929,15,0
1376828533,15,0
1376829136,15,0
1376829740,15,0
1376830343,15,0
1376830947,15,0
1376831551,15,0
1376832155,15,0
1376832758,15,0
