1376208695,24,0
1376209299,24,0
1376209902,24,0
1376210506,24,0
1376211110,24,0
1376211714,24,0
1376212317,24,0
1376212921,24,0
1376213524,24,0
1376213862,23,1
1376214403,22,1
1376214448,22,1
1376214746,21,3
1376215350,21,3
1376215953,21,3
1376216557,21,3
1376216841,22,2
1376216981,21,3
1376217584,21,3
1376218188,21,3
1376218685,21,3
1376218826,21,3
1376218859,22,2
1376219463,22,2
1376220066,22,2
1376220162,22,2
1376220164,23,1
1376220461,24,0
1376221064,24,0
1376221182,24,0
1376221189,24,0
1376221359,24,0
1376221370,24,0
1376221974,24,0
1376222577,24,0
1376223181,24,0
1376223785,24,0
1376224388,24,0
1376224992,24,0
1376225595,24,0
1376226199,24,0
1376226802,24,0
1376227406,24,0
1376228010,24,0
1376228085,24,0
1376228688,24,0
1376229292,24,0
1376229896,24,0
1376230500,24,0
1376231103,24,0
1376231548,24,0
1376231581,24,0
1376231965,24,0
1376232279,24,0
1376232342,24,0
1376232353,24,0
1376232957,24,0
1376233560,24,0
1376234164,24,0
1376234767,24,0
1376234922,24,0
1376234948,23,1
1376235000,23,1
1376235449,22,2
1376235757,24,0
1376236361,24,0
1376236964,24,0
1376237568,24,0
1376238172,24,0
1376238864,24,0
1376238886,24,0
1376239490,24,0
1376239902,24,0
1376239921,24,0
1376240075,23,1
1376240311,23,1
1376240363,23,1
1376240966,23,1
1376241215,22,2
1376241684,23,1
1376241972,23,1
1376242014,24,0
1376242618,24,0
1376242857,24,0
1376243460,24,0
1376243565,24,0
1376244169,24,0
1376244772,24,0
1376245376,24,0
1376245980,24,0
1376246099,24,0
1376246275,24,0
1376246462,23,1
1376247066,23,1
1376247279,24,0
1376247882,24,0
1376247942,24,0
1376247945,23,1
1376248362,22,2
1376248592,22,2
1376248615,22,2
1376249218,22,2
1376249822,22,2
1376250117,23,1
1376250719,24,0
1376251001,24,0
1376251089,24,0
1376251693,24,0
1376252307,24,0
1376252331,24,0
1376252934,24,0
1376253538,24,0
1376254141,24,0
1376254778,24,0
1376254816,24,0
1376254960,23,1
1376254973,24,0
1376255208,23,1
1376255562,24,0
1376256188,24,0
1376256708,24,0
1376257311,24,0
1376257915,24,0
1376258518,24,0
1376259122,24,0
1376259726,24,0
1376260329,24,0
1376260933,24,0
1376261161,23,1
1376261764,23,1
1376262368,23,1
1376262971,23,1
1376263575,23,1
1376264178,23,1
1376264782,23,1
1376264911,22,2
1376264982,17,7
1376265038,13,11
1376265050,12,12
1376265653,12,12
1376265727,11,13
1376266110,9,15
1376266714,9,15
1376267317,9,15
1376267921,9,15
1376268524,9,15
1376269128,9,15
1376269732,9,15
1376270335,9,15
1376270893,10,14
1376271497,10,14
1376272097,10,14
1376272701,10,14
1376273304,10,14
1376273907,10,14
1376274511,10,14
1376275115,10,14
1376275719,10,14
1376276323,10,14
1376276926,10,14
1376277531,10,14
1376278134,10,14
1376278738,10,14
1376279341,10,14
1376279946,10,14
1376280549,10,14
1376281153,10,14
1376281756,10,14
1376282360,10,14
1376282857,10,14
1376282866,11,13
1376283470,11,13
1376284073,11,13
1376284677,11,13
1376285280,11,13
1376285884,11,13
1376286487,11,13
1376286637,11,13
1376286647,12,12
1376287250,12,12
1376287854,12,12
1376288347,13,11
1376288637,14,10
1376289098,14,10
1376289157,14,10
1376289761,14,10
1376290091,15,9
1376290396,16,8
1376290481,18,6
1376290826,17,7
1376291125,18,6
1376291190,19,5
1376291260,20,4
1376291280,21,3
1376291780,22,2
1376292043,23,1
1376292459,23,1
1376292467,24,0
1376293071,24,0
1376293301,24,0
1376293586,24,0
1376293653,24,0
1376294256,24,0
1376294845,24,0
1376295450,24,0
1376295510,24,0
1376296116,24,0
1376296720,24,0
1376297039,24,0
1376297643,24,0
1376298246,24,0
1376298849,24,0
1376299294,24,0
1376299310,24,0
1376299914,24,0
1376300481,24,0
1376301085,24,0
1376301688,24,0
1376301995,24,0
1376302236,24,0
1376302479,23,1
1376302902,24,0
1376303505,24,0
1376304109,24,0
1376304713,24,0
1376305316,24,0
1376305652,24,0
1376305697,24,0
1376306301,24,0
1376306381,24,0
1376306984,24,0
1376307588,24,0
1376308037,24,0
1376308641,24,0
1376309245,24,0
1376309849,24,0
1376310453,24,0
1376311058,24,0
1376311662,24,0
1376312266,24,0
1376312760,23,1
1376312887,24,0
1376313490,24,0
1376314094,24,0
1376314153,24,0
1376314647,23,1
1376314967,22,2
1376315570,22,2
1376315852,24,0
1376316306,23,1
1376316457,23,1
1376316473,24,0
1376317077,24,0
1376317681,24,0
1376318285,24,0
1376318761,23,1
1376319365,23,1
1376319969,23,1
1376320089,24,0
1376320693,24,0
1376321296,24,0
1376321901,24,0
1376322395,24,0
1376322463,24,0
1376322691,23,1
1376323121,23,1
1376323132,24,0
1376323423,24,0
1376324027,24,0
1376324166,24,0
1376324786,24,0
1376325243,24,0
1376325822,23,1
1376325824,22,2
1376326001,22,2
1376326062,24,0
1376326665,24,0
1376327269,24,0
1376327743,24,0
1376327745,23,1
1376328349,23,1
1376328759,24,0
1376329362,24,0
1376329731,23,1
1376330335,23,1
1376330938,23,1
1376331299,21,3
1376331436,22,2
1376331577,23,1
1376331714,24,0
1376332318,24,0
1376332921,24,0
1376333524,24,0
1376334128,24,0
1376334732,24,0
1376335335,24,0
1376335939,24,0
1376336542,24,0
1376337146,24,0
1376337749,24,0
1376338353,24,0
1376338956,24,0
1376339560,24,0
1376340164,24,0
1376340768,24,0
1376341372,24,0
1376341975,24,0
1376342469,23,1
1376343073,23,1
1376343677,23,1
1376344281,23,1
1376344884,23,1
1376345259,23,1
1376345267,24,0
1376345870,24,0
1376346474,24,0
1376347078,24,0
1376347681,24,0
1376348285,24,0
1376348888,24,0
1376349492,24,0
1376350095,24,0
1376350699,24,0
1376351079,20,3
1376351138,15,8
1376351203,10,13
1376351205,9,14
1376351439,9,14
1376351453,9,14
1376351794,9,14
1376351808,9,14
1376352099,9,14
1376352162,9,14
1376352453,9,14
1376352516,9,14
1376352820,9,14
1376352871,9,14
1376353180,9,14
1376353225,9,14
1376353540,9,14
1376353579,9,14
1376353895,9,14
1376353933,9,14
1376354263,9,14
1376354287,9,14
1376354621,9,14
1376354641,9,14
1376354981,9,14
1376354995,9,14
1376355335,9,14
1376355349,9,14
1376355641,9,14
1376355703,9,14
1376355994,9,14
1376356057,9,14
1376356361,9,14
1376356414,10,13
1376356721,10,13
1376356766,10,13
1376357081,10,13
1376357120,10,13
1376357435,10,13
1376357474,10,13
1376357803,10,13
1376357828,10,13
1376358162,10,13
1376358182,10,13
1376358523,10,13
1376358539,10,13
1376358876,10,13
1376358890,10,13
1376359182,10,13
1376359243,10,13
1376359244,10,13
1376359536,10,13
1376359598,10,13
1376359902,10,13
1376359952,10,13
1376360262,10,13
1376360306,10,13
1376360622,10,13
1376360660,10,13
1376360977,10,13
1376361015,10,13
1376361343,10,13
1376361369,10,13
1376361702,10,13
1376361723,10,13
1376362057,10,13
1376362077,10,13
1376362418,10,13
1376362432,10,13
1376362773,10,13
1376362786,10,13
1376363078,10,13
1376363140,10,13
1376363432,10,13
1376363494,10,13
1376363803,10,13
1376363848,10,13
1376364158,10,13
1376364203,10,13
1376364518,10,13
1376364557,10,13
1376364872,10,13
1376364911,10,13
1376365241,10,13
1376365265,10,13
1376365599,10,13
1376365619,10,13
1376365959,10,13
1376366014,11,12
1376366313,11,12
1376366327,11,12
1376366619,11,12
1376366681,11,12
1376366973,11,12
1376367035,11,12
1376367344,11,12
1376367389,11,12
1376367699,11,12
1376367743,11,12
1376368059,11,12
1376368097,11,12
1376368413,11,12
1376368451,11,12
1376368782,11,12
1376368806,11,12
1376368995,12,11
1376369139,12,11
1376369160,12,11
1376369500,12,11
1376369514,12,11
1376369854,12,11
1376369868,12,11
1376370159,12,11
1376370222,12,11
1376370513,12,11
1376370576,12,11
1376370884,12,11
1376370930,12,11
1376371239,13,10
1376371284,13,10
1376371600,13,10
1376371638,13,10
1376371954,13,10
1376371992,13,10
1376372322,13,10
1376372346,13,10
1376372680,13,10
1376372700,13,10
1376373040,13,10
1376373054,13,10
1376373158,13,10
1376373167,14,9
1376373394,14,9
1376373408,14,9
1376373700,14,9
1376373762,14,9
1376374053,14,9
1376374116,14,9
1376374424,14,9
1376374470,14,9
1376374511,13,10
1376374779,13,10
1376374828,14,9
1376375141,14,9
1376375186,13,10
1376375494,13,10
1376375533,13,10
1376375863,13,10
1376375887,13,10
1376376221,14,9
1376376241,14,9
1376376581,14,9
1376376595,14,9
1376376788,15,8
1376376936,15,8
1376376950,15,8
1376377061,15,8
1376377064,14,9
1376377241,14,9
1376377302,13,10
1376377304,13,10
1376377595,13,10
1376377658,13,10
1376377962,13,10
1376378012,13,10
1376378048,14,9
1376378130,15,8
1376378321,15,8
1376378366,15,8
1376378682,15,8
1376378720,15,8
1376379036,15,8
1376379075,15,8
1376379390,15,8
1376379429,15,8
1376379763,15,8
1376379783,15,8
1376380123,16,7
1376380137,16,7
1376380477,16,7
1376380492,16,7
1376380784,16,7
1376380832,16,7
1376380846,16,7
1376381137,16,7
1376381201,16,7
1376381492,16,7
1376381555,16,7
1376381864,16,7
1376381910,16,7
1376382162,16,7
1376382219,17,6
1376382265,17,6
1376382580,17,6
1376382619,17,6
1376382935,17,6
1376382974,17,6
1376383303,17,6
1376383328,17,6
1376383602,17,6
1376383662,16,7
1376383682,16,7
1376384022,16,7
1376384036,16,7
1376384340,16,8
1376384944,16,8
1376385390,17,7
1376385993,17,7
1376386273,18,6
1376386876,18,6
1376387480,18,6
1376388083,18,6
1376388239,18,6
1376388696,19,5
1376389168,19,5
1376389232,20,4
1376389290,21,3
1376389539,21,3
1376389562,22,2
1376389663,22,2
1376389706,23,1
1376389745,24,0
1376390348,24,0
1376390538,23,1
1376391142,23,1
1376391745,23,1
1376392278,24,0
1376392519,24,0
1376392835,24,0
1376392848,24,0
1376393453,24,0
1376393988,24,0
1376394439,24,0
1376394491,24,0
1376394549,24,0
1376394876,23,1
1376394884,23,1
1376394991,24,0
1376395595,24,0
1376396199,24,0
1376396802,24,0
1376397327,23,1
1376397451,24,0
1376397658,24,0
1376397842,24,0
1376398177,23,1
1376398781,23,1
1376399385,23,1
1376399989,23,1
1376400395,24,0
1376400433,23,1
1376400975,23,1
1376401043,24,0
1376401647,24,0
1376402251,24,0
1376402854,24,0
1376403458,24,0
1376403809,24,0
1376403867,23,1
1376403899,24,0
1376404002,24,0
1376404011,24,0
1376404615,24,0
1376405138,24,0
1376405149,24,0
1376405753,24,0
1376406356,24,0
1376406500,24,0
1376406551,24,0
1376406703,24,0
1376407242,23,0
1376407265,23,1
1376407325,24,0
1376407447,24,0
1376407523,24,0
1376408127,24,0
1376408730,24,0
1376409334,24,0
1376409522,24,0
1376410125,24,0
1376410303,24,0
1376410305,23,1
1376410395,24,0
1376410999,24,0
1376411278,24,0
1376411529,24,0
1376412133,24,0
1376412736,24,0
1376413211,24,0
1376413815,24,0
1376413961,23,1
1376414414,23,1
1376414481,24,0
1376414564,24,0
1376415167,24,0
1376415754,24,0
1376415855,24,0
1376416062,23,1
1376416071,24,0
1376416601,22,2
1376416622,22,2
1376416684,22,2
1376416868,21,3
1376416959,22,2
1376417014,24,0
1376417376,24,0
1376417536,23,1
1376418139,23,1
1376418389,24,0
1376418992,24,0
1376419324,24,0
1376419927,24,0
1376420531,24,0
1376420991,23,1
1376421217,23,1
1376421283,23,1
1376421330,23,1
1376421375,23,1
1376421634,24,0
1376421865,24,0
1376422163,23,1
1376422767,23,1
1376423370,23,1
1376423974,23,1
1376424578,23,1
1376425181,23,1
1376425601,22,2
1376425609,21,3
1376426212,21,3
1376426816,21,3
1376427419,21,3
1376428023,21,3
1376428238,21,3
1376428296,22,2
1376428415,23,1
1376428465,23,0
1376428533,23,0
1376429136,23,1
1376429740,23,1
1376430343,23,1
1376430890,22,2
1376431493,22,2
1376432096,22,2
1376432700,22,2
1376433304,22,2
1376433907,22,2
1376434510,22,2
1376435114,22,2
1376435718,22,2
1376436322,22,2
1376436925,22,2
1376437528,22,2
1376437582,23,1
1376438186,23,1
1376438789,23,1
1376439393,23,1
1376439996,23,1
1376440600,23,1
1376441203,23,1
1376441807,23,1
1376442411,23,1
1376443014,23,1
1376443618,23,1
1376444221,23,1
1376444898,23,1
1376445502,23,1
1376445819,23,1
1376445935,23,1
1376445964,23,1
1376446568,23,1
1376447171,23,1
1376447775,23,1
1376448379,23,1
1376448644,21,3
1376448702,16,8
1376448764,12,12
1376448767,11,13
1376449370,11,13
1376449974,11,13
1376450577,11,13
1376451181,11,13
1376451784,11,13
1376452388,11,13
1376452991,11,13
1376453350,11,13
1376453392,12,12
1376453862,11,13
1376454466,11,13
1376455069,11,13
1376455672,11,13
1376456276,11,13
1376456880,11,13
1376457519,12,12
1376458122,12,12
1376458726,12,12
1376459329,12,12
1376459920,13,11
1376460523,13,11
1376461127,13,11
1376461534,12,12
1376462137,12,12
1376462446,12,12
1376462455,13,11
1376463059,13,11
1376463662,13,11
1376464266,13,11
1376464811,14,10
1376465115,15,9
1376465299,13,11
1376465424,14,10
1376466027,14,10
1376466631,14,10
1376467004,14,10
1376467007,15,9
1376467465,16,8
1376467543,16,8
1376467565,17,7
1376467653,17,7
1376467681,18,6
1376468285,18,6
1376468418,19,5
1376469022,19,5
1376469624,19,5
1376470228,19,5
1376470832,19,5
1376471435,19,5
1376472039,19,5
1376472450,18,6
1376472577,19,5
1376473074,19,5
1376473176,19,5
1376473205,20,4
1376473808,20,4
1376473855,21,3
1376474308,22,2
1376474361,22,2
1376474402,22,2
1376474490,22,2
1376474650,23,1
1376475253,23,1
1376475595,23,1
1376475698,22,2
1376475707,23,1
1376476268,23,1
1376476315,24,0
1376476443,24,0
1376477021,23,1
1376477251,22,2
1376477293,23,1
1376477896,23,1
1376478500,23,1
1376479103,23,1
1376479210,22,2
1376479814,22,2
1376480436,23,1
1376480704,23,1
1376481307,23,1
1376481911,23,1
1376482514,23,1
1376483118,23,1
1376483351,24,0
1376483954,24,0
1376484558,24,0
1376485161,24,0
1376485765,24,0
1376486368,24,0
1376486973,24,0
1376487576,24,0
1376488180,24,0
1376488783,24,0
1376489387,24,0
1376489991,24,0
1376490595,24,0
1376491200,24,0
1376491805,24,0
1376492409,24,0
1376493013,24,0
1376493617,24,0
1376493718,23,1
1376494322,23,1
1376494925,23,1
1376495529,23,1
1376495592,22,2
1376496195,22,2
1376496687,23,1
1376496879,24,0
1376497483,24,0
1376497543,22,1
1376497566,22,2
1376497663,22,2
1376497707,24,0
1376498311,24,0
1376498418,23,1
1376498560,24,0
1376499163,24,0
1376499768,24,0
1376500371,24,0
1376500626,23,1
1376500829,24,0
1376501163,23,1
1376501768,23,1
1376502031,22,2
1376502634,22,2
1376502815,22,2
1376502851,24,0
1376503456,24,0
1376504058,24,0
1376504661,24,0
1376505203,22,2
1376505332,21,3
1376505370,22,2
1376505974,22,2
1376506279,23,1
1376506469,24,0
1376507073,24,0
1376507677,24,0
1376508282,24,0
1376508886,24,0
1376509212,23,1
1376509284,23,1
1376509337,24,0
1376509940,24,0
1376510119,22,2
1376510624,22,2
1376510626,21,3
1376510905,22,2
1376511508,22,2
1376512112,22,2
1376512715,22,2
1376513319,22,2
1376513922,22,2
1376514174,23,1
1376514777,23,1
1376515321,24,0
1376515924,24,0
1376516528,24,0
1376517131,24,0
1376517735,24,0
1376518338,24,0
1376518878,23,1
1376519441,22,2
1376519537,22,2
1376519615,23,1
1376520219,23,1
1376520283,20,4
1376520300,18,6
1376520903,18,6
1376521510,18,6
1376522113,18,6
1376522717,18,6
1376522994,17,7
1376523598,17,7
1376524201,17,7
1376524805,17,7
1376525408,17,7
1376526012,17,7
1376526615,17,7
1376527219,17,7
1376527338,16,8
1376527942,16,8
1376528545,16,8
1376529014,13,11
1376529617,13,11
1376530220,13,11
1376530415,11,13
1376530479,10,14
1376530544,8,16
1376530582,5,19
1376531296,5,19
1376531381,5,19
1376531985,5,19
1376532588,5,19
1376533192,5,19
1376533795,5,19
1376534399,5,19
1376535003,5,19
1376535606,5,19
1376536210,5,19
1376536813,5,19
1376537417,5,19
1376538020,5,19
1376538624,5,19
1376539227,5,19
1376539831,5,19
1376540434,5,19
1376540467,4,20
1376541071,4,20
1376541674,4,20
1376542278,4,20
1376542808,5,19
1376543412,5,19
1376543649,6,18
1376544252,6,18
1376544856,6,18
1376545460,6,18
1376546064,6,18
1376546668,6,18
1376547272,6,18
1376547601,7,17
1376548205,7,17
1376548555,6,18
1376549158,6,18
1376549762,6,18
1376550365,6,18
1376550699,5,19
1376550707,6,18
1376551335,7,17
1376551719,6,18
1376551897,5,19
1376552501,5,19
1376552611,4,20
1376552639,3,21
1376553243,3,21
1376553846,3,21
1376554450,3,21
1376554958,3,21
1376554987,4,20
1376555129,5,19
1376555198,2,22
1376555240,3,21
1376555321,3,21
1376555380,4,20
1376555417,5,19
1376555547,4,20
1376556022,4,20
1376556062,5,19
1376556667,5,19
1376556862,6,18
1376557466,6,18
1376558070,6,18
1376558674,6,18
1376558892,4,20
1376559213,4,20
1376559230,3,21
1376559834,3,21
1376560215,2,22
1376560298,3,21
1376560901,3,21
1376561455,2,22
1376561813,1,23
1376562326,2,22
1376562364,3,21
1376562582,4,20
1376562605,5,19
1376562733,6,18
1376563291,5,19
1376563894,5,19
1376564499,5,19
1376565102,5,19
1376565398,6,18
1376565406,7,17
1376566009,7,17
1376566613,7,17
1376567217,7,17
1376567820,7,17
1376567955,6,18
1376568393,7,17
1376568997,7,17
1376569600,7,17
1376570204,7,17
1376570807,7,17
1376571412,7,17
1376571666,7,17
1376571720,7,17
1376572109,6,18
1376572303,6,18
1376572906,6,18
1376573510,6,18
1376574040,5,19
1376574253,4,20
1376574857,4,20
1376575168,3,21
1376575773,3,21
1376576010,3,21
1376576046,4,20
1376576650,4,20
1376577269,4,20
1376577327,5,19
1376577371,6,18
1376577509,7,17
1376577539,8,16
1376577678,7,17
1376578282,7,17
1376578552,8,16
1376578774,8,16
1376578836,9,15
1376579262,9,15
1376579305,10,14
1376579380,10,14
1376579902,12,12
1376580461,12,12
1376580518,11,13
1376580553,12,12
1376580597,13,11
1376581201,13,11
1376581602,14,10
1376581661,14,10
1376581690,14,10
1376581843,14,10
1376581865,13,11
1376582059,12,12
1376582660,13,11
1376582731,14,10
1376583086,15,9
1376583160,16,8
1376583213,17,7
1376583557,18,6
1376584119,18,6
1376584127,19,5
1376584731,19,5
1376585195,18,6
1376585359,19,5
1376585440,20,4
1376585502,19,5
1376585509,20,4
1376585652,21,3
1376586093,22,2
1376586503,21,3
1376586640,22,2
1376587202,23,1
1376587344,22,2
1376587948,22,2
1376588016,21,3
1376588152,22,2
1376588314,22,2
1376588918,22,2
1376589521,22,2
1376590125,22,2
1376590373,23,1
1376590976,23,1
1376591580,23,1
1376592183,23,1
1376592283,24,0
1376592886,24,0
1376593490,24,0
1376594094,24,0
1376594697,24,0
1376595301,24,0
1376595904,24,0
1376596507,24,0
1376597111,24,0
1376597715,24,0
1376597828,22,2
1376598432,22,2
1376599035,22,2
1376599639,22,2
1376600194,20,4
1376600797,20,4
1376601400,20,4
1376602004,20,4
1376602239,20,3
1376602269,21,3
1376602872,21,3
1376603476,21,3
1376603802,20,4
1376604406,20,4
1376605009,20,4
1376605613,20,4
1376606173,19,5
1376606777,19,5
1376607380,19,5
1376607984,19,5
1376608587,19,5
1376609191,19,5
1376609794,19,5
1376610398,19,5
1376611001,19,5
1376611298,16,8
1376611352,13,11
1376611423,10,14
1376611463,7,17
1376612067,7,17
1376612670,7,17
1376613274,7,17
1376613877,7,17
1376614481,7,17
1376615084,7,17
1376615688,7,17
1376616292,7,17
1376616895,7,17
1376617499,7,17
1376617697,7,17
1376618300,7,17
1376618904,7,17
1376619507,7,17
1376620111,7,17
1376620714,7,17
1376621318,7,17
1376621922,7,17
1376622525,7,17
1376623128,7,17
1376623732,7,17
1376624336,7,17
1376624939,7,17
1376625543,7,17
1376625919,8,16
1376626522,8,16
1376627126,8,16
1376627730,8,16
1376628333,8,16
1376628937,8,16
1376629540,8,16
1376630144,8,16
1376630619,9,15
1376631222,9,15
1376631825,9,15
1376632429,9,15
1376632650,10,14
1376633254,10,14
1376633857,10,14
1376634460,10,14
1376635119,10,14
1376635128,11,13
1376635732,11,13
1376636335,11,13
1376636465,12,12
1376637069,12,12
1376637126,13,11
1376637312,12,12
1376637916,12,12
1376638520,12,12
1376639125,12,12
1376639729,12,12
1376640332,12,12
1376640936,12,12
1376641540,12,12
1376641646,11,13
1376641717,12,12
1376642320,12,12
1376642924,12,12
1376643342,12,12
1376643369,11,13
1376643408,12,12
1376644011,12,12
1376644569,11,13
1376645173,11,13
1376645498,10,14
1376645517,9,15
1376646122,9,15
1376646577,10,14
1376647119,10,14
1376647128,11,13
1376647289,12,12
1376647352,11,13
1376647366,12,12
1376647714,12,12
1376647755,13,11
1376647831,13,11
1376647855,14,10
1376648021,15,9
1376648082,16,8
1376648163,15,9
1376648533,16,8
1376648652,16,8
1376648705,17,7
1376648859,17,7
1376648918,18,6
1376648981,19,5
1376649018,19,5
1376649623,19,5
1376650226,19,5
1376650829,19,5
1376651014,18,6
1376651078,19,5
1376651682,19,5
1376651850,20,4
1376652453,20,4
1376653060,20,4
1376653068,21,3
1376653238,21,3
1376653274,23,1
1376653878,23,1
1376653923,24,0
1376654527,24,0
1376655131,24,0
1376655735,24,0
1376656338,24,0
1376656942,24,0
1376657545,24,0
1376658149,24,0
1376658753,24,0
1376659357,24,0
1376659960,24,0
1376660428,23,1
1376660917,24,0
1376661191,23,1
1376661796,23,1
1376662400,23,1
1376662903,23,1
1376662932,24,0
1376663536,24,0
1376664140,24,0
1376664744,24,0
1376665349,24,0
1376665953,24,0
1376666167,23,1
1376666770,23,1
1376667375,23,1
1376667582,24,0
1376668187,24,0
1376668791,24,0
1376668857,23,1
1376668982,24,0
1376669481,23,1
1376670086,23,1
1376670690,23,1
1376670724,22,2
1376671302,21,3
1376671906,21,3
1376672444,22,2
1376672587,21,3
1376672742,21,3
1376672751,22,2
1376673203,21,3
1376673806,21,3
1376674352,22,2
1376674956,22,2
1376675318,22,2
1376675358,23,1
1376675962,23,1
1376676565,23,1
1376677169,23,1
1376677772,23,1
1376678376,23,1
1376678980,23,1
1376679210,23,1
1376679814,23,1
1376680417,23,1
1376681021,23,1
1376681624,23,1
1376681943,22,2
1376682415,21,3
1376683019,21,3
1376683649,22,2
1376684253,22,2
1376684443,21,3
1376685047,21,3
1376685650,21,3
1376686254,21,3
1376686725,21,3
1376686727,22,2
1376686836,21,3
1376686861,22,2
1376687464,22,2
1376688067,22,2
1376688671,22,2
1376689292,23,1
1376689895,23,1
1376690500,23,1
1376691103,23,1
1376691706,23,1
1376692310,23,1
1376692914,23,1
1376692986,22,2
1376693590,22,2
1376694194,22,2
1376694797,22,2
1376695401,22,2
1376696004,22,2
1376696608,22,2
1376697211,22,2
1376697815,22,2
1376698418,22,2
1376699022,22,2
1376699625,22,2
1376699802,22,2
1376699843,20,4
1376700446,20,4
1376701050,20,4
1376701654,20,4
1376702257,20,4
1376702861,20,4
1376703465,20,4
1376704179,20,4
1376704782,20,4
1376705386,20,4
1376705989,20,4
1376706593,20,4
1376707196,20,4
1376707800,20,4
1376708403,20,4
1376709007,20,4
1376709610,20,4
1376710214,20,4
1376710817,20,4
1376711421,20,4
1376712024,20,4
1376712203,21,3
1376712806,21,3
1376713410,21,3
1376714014,21,3
1376714624,21,3
1376714634,22,2
1376715237,22,2
1376715737,21,3
1376716341,21,3
1376716944,21,3
1376717548,21,3
1376718151,21,3
1376718755,21,3
1376719358,21,3
1376719962,21,3
1376720411,22,2
1376720896,21,3
1376721082,22,2
1376721685,22,2
1376722289,22,2
1376722892,22,2
1376723496,22,2
1376724100,22,2
1376724703,22,2
1376725306,22,2
1376725910,22,2
1376726514,22,2
1376727117,22,2
1376727721,22,2
1376728324,22,2
1376728928,22,2
1376729531,22,2
1376730135,22,2
1376730738,22,2
1376731342,22,2
1376731946,22,2
1376732549,22,2
1376732598,23,1
1376733202,23,1
1376733805,23,1
1376734408,23,1
1376735012,23,1
1376735502,22,2
1376735524,18,6
1376736128,18,6
1376736731,18,6
1376737335,18,6
1376737655,18,6
1376737710,18,6
1376737736,19,5
1376738341,19,5
1376738889,20,4
1376739023,21,3
1376739402,20,4
1376740006,20,4
1376740609,20,4
1376741213,20,4
1376741419,22,2
1376741766,23,1
1376742369,23,1
1376742973,23,1
1376743577,23,1
1376744192,21,3
1376744486,21,3
1376744542,22,2
1376745130,23,1
1376745606,21,3
1376746210,21,3
1376746428,21,3
1376746528,23,1
1376747133,23,1
1376747736,23,1
1376748046,23,1
1376748048,24,0
1376748652,24,0
1376749256,24,0
1376749861,24,0
1376750463,24,0
1376751068,24,0
1376751672,24,0
1376752275,24,0
1376752879,24,0
1376753484,24,0
1376754087,24,0
1376754692,24,0
1376755296,24,0
1376755900,24,0
1376756504,24,0
1376757108,24,0
1376757711,24,0
1376758002,23,1
1376758020,24,0
1376758624,24,0
1376759228,24,0
1376759475,23,1
1376759671,22,2
1376760084,24,0
1376760688,24,0
1376761292,24,0
1376761897,24,0
1376762500,24,0
1376762674,22,2
1376763279,22,2
1376763345,22,2
1376763392,24,0
1376763996,24,0
1376764599,24,0
1376765202,24,0
1376765789,24,0
1376766392,24,0
1376766996,24,0
1376767600,24,0
1376768203,24,0
1376768807,24,0
1376769410,24,0
1376770014,24,0
1376770617,24,0
1376771221,24,0
1376771558,23,1
1376772161,23,1
1376772481,24,0
1376773084,24,0
1376773688,24,0
1376774292,24,0
1376774896,24,0
1376775362,23,1
1376775966,23,1
1376776571,23,1
1376777175,23,1
1376777779,23,1
1376778382,23,1
1376778985,23,1
1376779590,23,1
1376780194,23,1
1376780798,23,1
1376781403,23,1
1376781552,24,0
1376782155,24,0
1376782759,24,0
1376783362,24,0
1376783966,24,0
1376784570,24,0
1376785173,24,0
1376785777,24,0
1376786381,24,0
1376786985,24,0
1376787589,24,0
1376788192,24,0
1376788796,24,0
1376789400,24,0
1376790005,24,0
1376790497,24,0
1376791100,24,0
1376791704,24,0
1376792308,24,0
1376792911,24,0
1376793514,24,0
1376794118,24,0
1376794722,24,0
1376795326,24,0
1376795930,24,0
1376796533,24,0
1376797137,24,0
1376797740,24,0
1376798343,24,0
1376798947,24,0
1376799551,24,0
1376800154,24,0
1376800757,24,0
1376801361,24,0
1376801964,24,0
1376802568,24,0
1376802884,23,1
1376803488,23,1
1376804091,23,1
1376804695,23,1
1376805298,23,1
1376805902,23,1
1376806505,23,1
1376807110,23,1
1376807713,23,1
1376808317,23,1
1376808921,23,1
1376809525,23,1
1376810129,23,1
1376810733,23,1
1376811336,23,1
1376811940,23,1
1376812393,24,0
1376812997,24,0
1376813600,24,0
1376814204,24,0
1376814807,24,0
1376815411,24,0
1376816014,24,0
1376816618,24,0
1376817221,24,0
1376817825,24,0
1376818428,24,0
1376819031,24,0
1376819635,24,0
1376820238,24,0
1376820842,24,0
1376821445,24,0
1376822049,24,0
1376822516,24,0
1376823119,24,0
1376823723,24,0
1376824326,24,0
1376824930,24,0
1376825533,24,0
1376825685,23,1
1376825689,22,2
1376826293,22,2
1376826765,21,3
1376826768,20,4
1376827371,20,4
1376827975,20,4
1376828579,20,4
1376829182,20,4
1376829785,20,4
1376830061,20,4
1376830064,21,3
1376830667,21,3
1376830798,19,5
1376831200,19,5
1376831254,19,5
1376831321,20,4
1376831609,19,5
1376832114,20,4
1376832324,20,4
1376832685,20,4
1376832805,22,2
