1376208610,24,1
1376209214,24,1
1376209818,24,1
1376210256,22,3
1376210307,22,3
1376210366,24,1
1376210486,23,2
1376210537,23,2
1376210623,21,4
1376210661,21,4
1376210701,21,4
1376210758,21,4
1376210821,21,4
1376210875,21,4
1376210981,22,3
1376211005,23,2
1376211203,23,2
1376211808,23,2
1376212412,23,2
1376212815,22,3
1376213262,22,3
1376213270,23,2
1376213874,23,2
1376214479,23,2
1376214537,24,1
1376215020,25,0
1376215623,25,0
1376216227,25,0
1376216517,23,2
1376216662,23,2
1376217000,24,1
1376217569,23,2
1376217606,23,2
1376218210,23,2
1376218463,22,3
1376218649,22,3
1376218681,22,3
1376218754,24,1
1376219358,24,1
1376219972,24,1
1376220033,24,1
1376220072,23,2
1376220160,23,2
1376220218,25,0
1376220822,25,0
1376221425,25,0
1376221829,23,2
1376222433,23,2
1376223036,23,2
1376223320,22,3
1376223370,22,3
1376223437,23,2
1376224040,23,2
1376224243,22,3
1376224847,22,3
1376225301,20,5
1376225700,20,5
1376225833,20,5
1376225965,21,4
1376226026,21,4
1376226148,22,3
1376226752,22,3
1376226820,23,2
1376226862,24,1
1376226972,22,3
1376227576,22,3
1376227878,23,2
1376228080,23,2
1376228089,24,1
1376228657,25,0
1376229260,25,0
1376229864,25,0
1376230468,25,0
1376231072,25,0
1376231162,24,1
1376231232,23,2
1376231836,23,2
1376232362,24,1
1376232967,24,1
1376233173,22,3
1376233387,23,2
1376233629,25,0
1376234233,25,0
1376234680,24,0
1376234687,24,1
1376234981,25,0
1376235585,25,0
1376236188,25,0
1376236792,25,0
1376237017,24,1
1376237562,24,1
1376237565,25,0
1376237647,24,1
1376237736,22,3
1376237795,22,3
1376237823,22,3
1376238042,24,0
1376238646,24,1
1376238941,25,0
1376238966,21,4
1376239042,22,3
1376239095,21,3
1376239162,21,3
1376239216,20,4
1376239467,20,5
1376239535,19,6
1376239602,20,5
1376239720,22,3
1376239761,23,2
1376239835,22,3
1376239845,22,3
1376240449,22,3
1376240622,23,2
1376240625,24,1
1376240750,22,3
1376240954,22,3
1376241012,24,1
1376241342,24,1
1376241361,22,3
1376241450,22,3
1376241491,24,1
1376242095,24,1
1376242552,25,0
1376242853,24,1
1376243147,23,2
1376243303,23,2
1376243334,24,1
1376243976,24,1
1376244013,25,0
1376244446,24,1
1376244544,22,3
1376244699,23,2
1376244849,24,1
1376245301,24,1
1376245310,25,0
1376245914,25,0
1376246518,25,0
1376247150,24,1
1376247165,24,1
1376247685,23,2
1376247763,20,5
1376247766,20,5
1376248371,20,5
1376248638,22,3
1376249132,23,2
1376249242,24,1
1376249322,24,1
1376249366,22,3
1376249519,23,2
1376249918,24,1
1376249926,25,0
1376250530,25,0
1376251134,25,0
1376251687,24,1
1376252081,23,2
1376252685,23,2
1376253342,21,4
1376253345,20,5
1376253855,21,4
1376254456,22,3
1376255033,23,2
1376255396,24,1
1376255659,24,1
1376256263,24,1
1376256867,24,1
1376257470,24,1
1376258074,24,1
1376258678,24,1
1376259282,24,1
1376259886,24,1
1376260490,24,1
1376261094,24,1
1376261223,25,0
1376261827,25,0
1376262381,24,1
1376262985,24,1
1376263112,24,1
1376263143,25,0
1376263747,25,0
1376264351,25,0
1376264954,25,0
1376265558,25,0
1376266161,25,0
1376266766,25,0
1376267369,25,0
1376267974,25,0
1376268578,25,0
1376269182,25,0
1376269786,25,0
1376270390,25,0
1376270994,25,0
1376271598,25,0
1376272391,25,0
1376272994,25,0
1376273598,25,0
1376274202,25,0
1376274806,25,0
1376275409,25,0
1376276013,25,0
1376276617,25,0
1376277221,25,0
1376277824,25,0
1376278428,25,0
1376279031,25,0
1376279635,25,0
1376280239,25,0
1376280843,25,0
1376281447,25,0
1376282050,25,0
1376282654,25,0
1376283258,25,0
1376283862,25,0
1376284242,25,0
1376284245,24,1
1376284483,23,2
1376284653,22,3
1376285256,22,3
1376285860,22,3
1376286435,23,2
1376287040,23,2
1376287643,23,2
1376288247,23,2
1376288851,23,2
1376289454,23,2
1376290058,23,2
1376290668,23,2
1376291066,24,1
1376291163,23,2
1376291439,23,2
1376291449,24,1
1376292057,23,2
1376292144,24,1
1376292748,24,1
1376292874,25,0
1376293478,25,0
1376294082,25,0
1376294686,25,0
1376295289,25,0
1376295893,25,0
1376296497,25,0
1376296980,24,1
1376297584,24,1
1376298188,24,1
1376298792,24,1
1376299395,24,1
1376299939,23,2
1376300543,23,2
1376301147,23,2
1376301751,23,2
1376302292,24,1
1376302896,24,1
1376303500,24,1
1376303659,23,2
1376304263,23,2
1376304446,24,1
1376305050,24,1
1376305654,24,1
1376306186,23,2
1376306380,24,1
1376306486,23,2
1376307090,23,2
1376307695,23,2
1376307961,24,1
1376308559,23,2
1376308645,24,1
1376309117,24,1
1376309721,24,1
1376310325,24,1
1376310505,25,0
1376311110,25,0
1376311714,25,0
1376312317,25,0
1376312737,24,1
1376313347,24,1
1376313747,24,0
1376314362,23,2
1376314419,23,2
1376314446,23,2
1376314495,23,2
1376314718,23,2
1376314743,24,1
1376315349,24,1
1376315802,25,0
1376316406,25,0
1376317010,25,0
1376317133,25,0
1376317738,25,0
1376318341,25,0
1376318945,25,0
1376319384,25,0
1376319988,25,0
1376320592,25,0
1376320989,24,1
1376321318,25,0
1376321923,25,0
1376322152,24,1
1376322759,23,2
1376322769,23,2
1376322835,23,2
1376322907,24,1
1376323072,25,0
1376323676,25,0
1376324052,23,2
1376324129,24,1
1376324487,25,0
1376324802,25,0
1376324837,23,2
1376325441,23,2
1376325555,24,1
1376325802,23,2
1376326059,23,2
1376326121,24,1
1376326354,24,1
1376326938,25,0
1376327416,23,2
1376327593,22,3
1376328197,22,3
1376328537,21,4
1376328614,20,5
1376328852,18,7
1376329042,15,10
1376329368,14,11
1376329972,14,11
1376330322,15,10
1376330411,14,11
1376330789,14,11
1376330844,15,10
1376330908,16,9
1376331475,15,10
1376332079,15,10
1376332398,13,12
1376333002,13,12
1376333169,12,13
1376333468,11,14
1376333670,12,13
1376333741,11,14
1376334202,9,16
1376334806,9,16
1376335410,9,16
1376335631,10,15
1376336235,10,15
1376336524,11,14
1376337129,11,14
1376337701,11,14
1376337708,12,13
1376337793,13,12
1376338302,12,13
1376338330,11,14
1376338948,13,12
1376339173,11,14
1376339235,13,12
1376339539,14,11
1376339896,14,11
1376339975,16,9
1376340580,16,9
1376340757,15,10
1376340778,14,11
1376341382,14,11
1376341662,15,10
1376342267,15,10
1376342871,15,10
1376343475,15,10
1376343638,16,9
1376344243,16,9
1376344754,16,9
1376344832,16,9
1376344863,17,8
1376345467,17,8
1376345666,18,7
1376345702,18,7
1376345801,19,6
1376345839,20,5
1376345913,19,6
1376346041,19,6
1376346043,20,5
1376346416,19,6
1376347020,19,6
1376347483,19,6
1376347486,20,5
1376347661,21,4
1376348265,21,4
1376348869,21,4
1376349473,21,4
1376350076,21,4
1376350680,21,4
1376351284,21,4
1376351888,21,4
1376352491,21,4
1376353095,21,4
1376353699,21,4
1376353742,20,5
1376354346,20,5
1376354950,20,5
1376355329,20,5
1376355372,21,4
1376355975,21,4
1376356579,21,4
1376357183,21,4
1376357787,21,4
1376358390,21,4
1376358786,21,4
1376359390,21,4
1376359994,21,4
1376360598,21,4
1376361202,21,4
1376361805,21,4
1376362409,21,4
1376363013,21,4
1376363617,21,4
1376364220,21,4
1376364824,21,4
1376365428,21,4
1376366032,21,4
1376366636,21,4
1376367239,21,4
1376367843,21,4
1376368447,21,4
1376369051,21,4
1376369654,21,4
1376370258,21,4
1376370862,21,4
1376371465,21,4
1376372069,21,4
1376372673,21,4
1376373277,21,4
1376373880,21,4
1376374484,21,4
1376374921,20,5
1376375526,20,5
1376376130,20,5
1376376356,21,4
1376376960,21,4
1376377564,21,4
1376377773,20,5
1376377784,20,5
1376378024,20,5
1376378031,21,4
1376378142,20,5
1376378800,20,5
1376378811,21,4
1376379337,22,3
1376379456,23,2
1376379636,22,3
1376380240,22,3
1376380844,22,3
1376381448,22,3
1376381681,22,3
1376381684,23,2
1376382288,23,2
1376382701,24,1
1376383363,22,3
1376383429,22,3
1376383541,22,3
1376383591,23,2
1376383615,24,1
1376384218,24,1
1376384822,24,1
1376385426,24,1
1376386029,24,1
1376386633,24,1
1376386769,23,2
1376387374,23,2
1376387463,24,1
1376388067,24,1
1376388184,23,2
1376388788,23,2
1376389392,23,2
1376389481,22,3
1376390016,22,3
1376390084,23,2
1376390086,24,1
1376390691,24,1
1376391295,24,1
1376391898,24,1
1376392502,24,1
1376393106,24,1
1376393710,24,1
1376394314,24,1
1376394917,24,1
1376395521,24,1
1376396125,24,1
1376396493,22,3
1376396797,23,1
1376396813,24,1
1376397417,24,1
1376398021,24,1
1376398625,24,1
1376398967,23,2
1376399300,22,3
1376399383,22,3
1376399407,23,2
1376399728,22,3
1376400036,23,2
1376400421,24,1
1376401024,24,1
1376401628,24,1
1376402232,24,1
1376402836,24,1
1376403440,24,1
1376404044,24,1
1376404647,24,1
1376405253,24,1
1376405856,24,1
1376406460,24,1
1376407064,24,1
1376407310,24,1
1376407914,24,1
1376408193,23,2
1376408727,22,3
1376408795,22,3
1376408822,22,3
1376408983,22,3
1376409041,23,2
1376409066,23,2
1376409112,24,1
1376409716,24,1
1376410319,24,1
1376410923,24,1
1376411527,24,1
1376412131,24,1
1376412315,23,2
1376412919,23,2
1376413460,24,1
1376413601,23,2
1376413819,22,3
1376413936,19,6
1376414027,19,6
1376414125,19,6
1376414199,21,4
1376414574,20,5
1376414781,21,4
1376415385,21,4
1376415990,21,4
1376416593,21,4
1376417197,21,4
1376417801,21,4
1376417815,20,5
1376418455,21,4
1376418499,21,4
1376418639,20,5
1376418654,20,5
1376418821,21,4
1376418829,22,3
1376419433,22,3
1376420023,21,4
1376420726,19,6
1376420839,17,8
1376420989,17,8
1376421089,18,7
1376421164,19,6
1376421216,18,7
1376421270,18,7
1376421580,19,6
1376422185,19,6
1376422789,19,6
1376423398,19,6
1376424002,19,6
1376424606,19,6
1376425209,19,6
1376425375,20,5
1376425839,20,5
1376425883,21,4
1376425960,21,4
1376426002,23,2
1376426607,23,2
1376427210,23,2
1376427814,23,2
1376428419,23,2
1376429022,23,2
1376429626,23,2
1376429898,22,3
1376430236,22,3
1376430839,22,3
1376431443,22,3
1376432047,22,3
1376432651,22,3
1376432924,22,3
1376432927,23,2
1376433306,24,1
1376433910,24,1
1376434514,24,1
1376434896,23,2
1376435500,23,2
1376436029,22,3
1376436210,23,2
1376436280,24,1
1376436884,24,1
1376437488,24,1
1376438092,24,1
1376438695,24,1
1376439299,24,1
1376439903,24,1
1376440507,24,1
1376441111,24,1
1376441715,24,1
1376442319,24,1
1376442923,24,1
1376443278,23,2
1376443884,23,2
1376444488,23,2
1376445191,23,2
1376445796,23,2
1376446400,23,2
1376447004,23,2
1376447608,23,2
1376448212,23,2
1376448815,23,2
1376449419,23,2
1376450023,23,2
1376450243,23,2
1376450323,23,2
1376450360,24,1
1376450963,24,1
1376451567,24,1
1376452171,24,1
1376452775,24,1
1376453379,24,1
1376453983,24,1
1376454587,24,1
1376455190,24,1
1376455489,23,2
1376456093,23,2
1376456697,23,2
1376457301,23,2
1376457905,23,2
1376458508,23,2
1376459002,24,1
1376459606,24,1
1376460210,24,1
1376460814,24,1
1376460934,23,2
1376461284,22,3
1376461349,22,3
1376461395,23,2
1376461958,23,2
1376461969,24,1
1376462573,24,1
1376463177,24,1
1376463781,24,1
1376464098,22,3
1376464349,21,4
1376464841,20,5
1376464981,19,6
1376465586,19,6
1376465705,18,7
1376465815,19,6
1376465922,20,5
1376466043,20,5
1376466073,22,3
1376466299,22,3
1376466388,21,4
1376466992,21,4
1376467596,21,4
1376468200,21,4
1376468804,21,4
1376469407,21,4
1376469643,21,4
1376469650,21,4
1376469711,21,4
1376469773,21,4
1376469835,22,3
1376470438,22,3
1376471042,22,3
1376471645,22,3
1376471742,21,4
1376471796,21,4
1376471863,21,4
1376471883,22,3
1376472069,21,4
1376472240,22,3
1376472844,22,3
1376473447,22,3
1376473780,22,3
1376473836,22,3
1376473864,23,2
1376474468,23,2
1376475072,23,2
1376475413,22,3
1376476017,22,3
1376476660,22,3
1376476772,22,3
1376476821,22,3
1376477022,22,3
1376477029,20,5
1376477258,20,5
1376477291,22,3
1376477851,21,4
1376478033,21,4
1376478082,22,3
1376478686,22,3
1376479123,21,4
1376479176,21,4
1376479192,21,4
1376479796,21,4
1376480399,21,4
1376481003,21,4
1376481607,21,4
1376481967,22,3
1376482571,22,3
1376482703,24,1
1376483308,24,1
1376483913,24,1
1376484517,24,1
1376485121,24,1
1376485699,25,0
1376486303,25,0
1376486793,23,2
1376486978,24,1
1376487027,24,1
1376487067,24,1
1376487124,25,0
1376487728,25,0
1376488332,25,0
1376488935,25,0
1376489539,25,0
1376490143,25,0
1376490747,25,0
1376491096,25,0
1376491700,25,0
1376492304,25,0
1376492907,25,0
1376493511,25,0
1376494115,25,0
1376494719,25,0
1376495323,25,0
1376495742,24,1
1376495793,22,3
1376495842,22,3
1376495903,22,3
1376496130,23,2
1376496734,23,2
1376496901,23,2
1376497504,23,2
1376497637,24,1
1376497784,24,1
1376497802,25,0
1376498407,25,0
1376499011,25,0
1376499331,24,1
1376499936,24,1
1376500360,23,2
1376500397,23,2
1376501001,23,2
1376501200,21,4
1376501500,20,4
1376501792,20,4
1376501857,20,4
1376502161,20,4
1376502214,20,4
1376502444,19,4
1376502523,19,5
1376502570,19,5
1376502696,20,4
1376502880,20,4
1376502928,20,4
1376502970,21,3
1376503121,20,4
1376503243,20,4
1376503284,20,4
1376503600,20,4
1376503642,20,4
1376503887,21,3
1376503958,21,3
1376503998,21,3
1376504258,21,3
1376504314,21,3
1376504357,21,3
1376504521,20,4
1376504671,20,4
1376504712,20,4
1376505043,20,4
1376505069,20,4
1376505198,19,5
1376505403,19,5
1376505426,19,5
1376505761,19,5
1376505783,19,5
1376506055,21,3
1376506118,21,3
1376506140,21,3
1376506482,21,3
1376506497,21,3
1376506583,20,4
1376506867,19,5
1376507034,20,4
1376507196,19,5
1376507211,19,5
1376507502,19,5
1376507553,19,5
1376507569,19,5
1376507860,19,5
1376507910,19,5
1376507926,19,5
1376508217,19,5
1376508282,19,5
1376508574,19,5
1376508640,19,5
1376508943,19,5
1376508996,19,5
1376509301,19,5
1376509354,19,5
1376509663,19,5
1376509711,19,5
1376509769,20,4
1376510020,20,4
1376510068,20,4
1376510383,20,4
1376510425,20,4
1376510741,20,4
1376510782,20,4
1376511098,20,4
1376511139,20,4
1376511454,20,4
1376511496,20,4
1376511812,20,4
1376511853,20,4
1376512183,20,4
1376512210,20,4
1376512541,20,4
1376512567,20,4
1376512902,20,4
1376512924,20,4
1376512980,21,3
1376513259,21,3
1376513281,21,3
1376513622,21,3
1376513638,21,3
1376513924,21,3
1376513981,22,2
1376513995,23,1
1376514336,23,1
1376514351,23,1
1376514643,23,1
1376514693,23,1
1376514709,23,1
1376515000,23,1
1376515050,23,1
1376515065,23,1
1376515236,23,1
1376515357,24,0
1376515422,24,0
1376515713,24,0
1376515778,24,0
1376516083,24,0
1376516136,24,0
1376516303,24,0
1376516440,24,0
1376516493,24,0
1376516802,24,0
1376516849,24,0
1376517159,24,0
1376517206,24,0
1376517522,24,0
1376517563,24,0
1376517878,24,0
1376517920,24,0
1376518235,24,0
1376518276,24,0
1376518409,23,1
1376518592,23,1
1376518633,23,1
1376518746,24,0
1376518963,24,0
1376518990,24,0
1376519321,24,0
1376519347,24,0
1376519682,24,0
1376519703,24,0
1376520039,24,0
1376520061,24,0
1376520142,22,2
1376520402,22,2
1376520418,22,2
1376520630,21,3
1376520758,21,3
1376520805,22,2
1376521116,22,2
1376521131,22,2
1376521422,23,1
1376521472,23,1
1376521488,23,1
1376521782,23,1
1376521844,23,1
1376521845,23,1
1376522144,24,0
1376522202,24,0
1376522494,24,0
1376522559,24,0
1376522863,24,0
1376522916,24,0
1376523220,24,0
1376523273,24,0
1376523582,24,0
1376523629,24,0
1376523865,23,1
1376523939,23,1
1376523987,23,1
1376524302,23,1
1376524343,23,1
1376524659,23,1
1376524700,23,1
1376524766,22,2
1376525016,22,2
1376525057,22,2
1376525373,22,2
1376525414,22,2
1376525730,22,2
1376525771,22,2
1376526102,22,2
1376526128,22,2
1376526463,22,2
1376526485,22,2
1376526820,22,2
1376526842,22,2
1376527183,22,2
1376527199,22,2
1376527542,22,2
1376527558,22,2
1376527899,22,2
1376527914,22,2
1376528256,22,2
1376528271,22,2
1376528562,22,2
1376528612,22,2
1376528628,22,2
1376528919,22,2
1376528984,22,2
1376528985,22,2
1376529276,22,2
1376529342,22,2
1376529633,22,2
1376529698,22,2
1376530002,22,2
1376530055,22,2
1376530411,22,2
1376530721,22,2
1376530769,22,2
1376531078,22,2
1376531125,22,2
1376531672,22,2
1376531852,22,2
1376531874,22,2
1376532159,22,2
1376532209,22,2
1376532225,22,2
1376532337,22,2
1376532395,22,2
1376532419,23,1
1376532516,23,1
1376532582,23,1
1376532873,23,1
1376532938,23,1
1376533242,22,2
1376533295,22,2
1376533600,22,2
1376533652,22,2
1376533962,22,2
1376534009,22,2
1376534318,22,2
1376534366,22,2
1376534682,22,2
1376534723,22,2
1376535038,22,2
1376535080,22,2
1376535396,22,2
1376535436,22,2
1376535752,22,2
1376535794,22,2
1376536109,22,2
1376536150,22,2
1376536481,22,2
1376536507,22,2
1376536842,22,2
1376536864,22,2
1376537201,22,2
1376537222,22,2
1376537557,22,2
1376537579,22,2
1376537920,22,2
1376537936,22,2
1376538277,22,2
1376538293,22,2
1376538637,22,2
1376538652,22,2
1376538994,22,2
1376539010,22,2
1376539301,22,2
1376539351,22,2
1376539366,22,2
1376539657,22,2
1376539723,22,2
1376540014,22,2
1376540080,22,2
1376540436,22,2
1376540741,22,2
1376540794,22,2
1376541102,22,2
1376541150,22,2
1376541461,22,2
1376541507,22,2
1376541823,22,2
1376541864,22,2
1376542180,22,2
1376542223,22,2
1376542537,22,2
1376542578,22,2
1376542894,22,2
1376542935,22,2
1376543250,22,2
1376543292,22,2
1376543623,22,2
1376543648,22,2
1376543982,22,2
1376544005,22,2
1376544341,22,2
1376544362,22,2
1376544697,22,2
1376544719,22,2
1376545060,22,2
1376545076,22,2
1376545417,22,2
1376545432,22,2
1376545774,22,2
1376545789,22,2
1376546080,22,2
1376546130,22,2
1376546146,22,2
1376546438,22,2
1376546502,22,2
1376546503,22,2
1376546794,22,2
1376546860,22,2
1376547151,22,2
1376547217,22,2
1376547521,22,2
1376547574,22,2
1376547882,22,2
1376547931,22,2
1376548241,22,2
1376548288,22,2
1376548603,22,2
1376548645,22,2
1376548960,22,2
1376549001,22,2
1376549317,22,2
1376549358,22,2
1376549674,22,2
1376549715,23,1
1376550031,23,1
1376550072,23,1
1376550402,23,1
1376550429,23,1
1376550763,23,1
1376550785,23,1
1376551120,23,1
1376551142,23,1
1376551483,23,1
1376551499,23,1
1376551840,23,1
1376551855,23,1
1376552047,22,2
1376552197,22,2
1376552212,22,2
1376552553,22,2
1376552569,22,2
1376552860,22,2
1376552910,22,2
1376552925,22,2
1376553216,22,2
1376553282,22,2
1376553574,22,2
1376553639,22,2
1376553943,22,2
1376553995,22,2
1376554299,22,2
1376554352,22,2
1376554422,22,2
1376554430,23,1
1376554662,23,1
1376554709,23,1
1376555018,23,1
1376555066,23,1
1376555254,22,2
1376555381,22,2
1376555422,22,2
1376555674,22,2
1376555695,22,3
1376556299,22,3
1376556902,22,3
1376557507,22,3
1376558111,22,3
1376558715,22,3
1376559072,23,2
1376559522,24,1
1376560000,25,0
1376560428,24,1
1376560779,24,1
1376560805,25,0
1376561410,25,0
1376562014,25,0
1376562617,25,0
1376563221,25,0
1376563825,25,0
1376564429,25,0
1376565033,25,0
1376565603,24,1
1376566207,24,1
1376566246,23,2
1376566594,23,2
1376566778,23,2
1376566813,23,2
1376566847,23,2
1376566947,23,2
1376567003,23,2
1376567045,23,2
1376567183,23,2
1376567786,23,2
1376567834,24,1
1376568438,24,1
1376568692,24,1
1376568707,24,1
1376569311,24,1
1376569554,23,2
1376569657,23,2
1376569711,23,2
1376569752,24,1
1376569952,23,2
1376570007,23,2
1376570073,23,2
1376570110,24,1
1376570714,24,1
1376571014,24,1
1376571099,24,1
1376571703,24,1
1376572093,24,1
1376572706,24,1
1376573132,24,1
1376573172,24,1
1376573253,24,0
1376573857,24,1
1376574386,22,3
1376574591,22,3
1376574792,22,3
1376574882,22,3
1376574995,22,3
1376575111,22,3
1376575168,23,2
1376575208,23,1
1376575296,23,1
1376575362,22,2
1376575408,22,2
1376575472,22,2
1376575517,23,1
1376576122,23,2
1376576490,23,2
1376576504,23,1
1376577162,22,2
1376577182,22,3
1376577688,23,1
1376577725,22,2
1376577943,22,2
1376577946,23,1
1376578122,22,2
1376578124,21,3
1376578526,20,4
1376578554,19,5
1376578653,19,5
1376578719,19,4
1376578770,20,3
1376578819,21,2
1376579004,20,3
1376579072,20,3
1376579139,20,3
1376579203,20,3
1376579205,21,2
1376579321,22,1
1376579381,23,1
1376579433,23,0
1376580037,23,2
1376580641,23,2
1376581245,23,2
1376581733,22,3
1376582353,23,2
1376582682,23,1
1376582743,23,1
1376582745,24,0
1376583009,23,1
1376583613,23,2
1376584217,23,2
1376584350,23,2
1376584490,23,2
1376584562,24,1
1376584642,24,1
1376584704,24,0
1376584738,24,0
1376584842,23,1
1376584890,24,0
1376584941,24,0
1376585005,24,0
1376585041,24,0
1376585135,24,0
1376585740,24,1
1376585794,24,0
1376586108,23,1
1376586330,23,1
1376586390,24,0
1376586452,24,0
1376586560,24,0
1376586640,22,2
1376586664,21,3
1376586816,20,4
1376587098,20,4
1376587167,20,4
1376587223,20,4
1376587301,22,2
1376587549,21,3
1376587867,19,5
1376588193,20,4
1376588254,20,4
1376588315,22,2
1376588699,22,2
1376588796,22,2
1376588923,22,2
1376589039,22,2
1376589102,23,1
1376589121,24,0
1376589271,24,0
1376589343,24,0
1376589557,24,0
1376590161,24,1
1376590227,24,1
1376590286,25,0
1376590853,25,0
1376591456,25,0
1376592060,25,0
1376592664,25,0
1376593268,25,0
1376593872,25,0
1376594425,24,1
1376595024,25,0
1376595629,25,0
1376596233,25,0
1376596837,25,0
1376597442,25,0
1376598075,24,1
1376598678,24,1
1376599282,24,1
1376599320,23,2
1376599599,23,2
1376599607,24,1
1376600227,24,1
1376600292,25,0
1376600895,25,0
1376601499,25,0
1376602102,25,0
1376602706,25,0
1376603310,25,0
1376603914,25,0
1376604518,25,0
1376605122,25,0
1376605243,24,1
1376605294,24,1
1376605898,24,1
1376606018,25,0
1376606622,25,0
1376607225,25,0
1376607829,25,0
1376608479,24,0
1376608535,24,0
1376608840,24,0
1376608896,24,0
1376608940,24,0
1376608972,24,0
1376609200,24,0
1376609256,24,0
1376609560,24,0
1376609616,24,0
1376609683,24,0
1376609796,24,0
1376609920,24,0
1376609977,24,0
1376610281,24,0
1376610337,24,0
1376610575,24,0
1376610641,24,0
1376610697,24,0
1376610759,24,0
1376610819,24,0
1376610929,24,0
1376610988,24,0
1376611061,24,0
1376611134,24,0
1376611303,24,0
1376611361,24,0
1376611423,24,0
1376611450,24,0
1376611492,24,0
1376611722,24,0
1376611777,24,0
1376612082,24,0
1376612138,24,0
1376612442,24,0
1376612499,24,0
1376612802,24,0
1376612858,24,0
1376613163,24,0
1376613219,24,0
1376613523,24,0
1376613580,24,0
1376613703,23,1
1376613871,23,1
1376613940,23,1
1376614231,23,1
1376614300,23,1
1376614591,23,1
1376614661,23,1
1376614952,23,1
1376615021,23,1
1376615312,23,1
1376615381,23,1
1376615672,23,1
1376615743,23,1
1376615744,23,1
1376616034,23,1
1376616103,23,1
1376616394,23,1
1376616462,23,1
1376616464,23,1
1376616755,23,1
1376616822,23,1
1376616823,23,1
1376617002,23,1
1376617005,24,0
1376617115,24,0
1376617184,24,0
1376617475,24,0
1376617527,24,0
1376617545,24,0
1376617987,24,0
1376618263,24,0
1376618286,24,0
1376618622,24,0
1376618647,24,0
1376618982,24,0
1376619007,24,0
1376619344,24,0
1376619367,24,0
1376619703,24,0
1376619727,24,0
1376620062,24,0
1376620087,24,0
1376620423,24,0
1376620447,24,0
1376620783,24,0
1376620807,24,0
1376621143,24,0
1376621167,24,0
1376621501,24,0
1376621528,24,0
1376621860,24,0
1376621888,24,0
1376622225,24,0
1376622248,24,0
1376622581,24,0
1376622608,24,0
1376622941,24,0
1376622968,24,0
1376623301,24,0
1376623328,24,0
1376623661,24,0
1376623689,24,0
1376624021,24,0
1376624048,24,0
1376624381,24,0
1376624409,24,0
1376624742,24,0
1376624769,24,0
1376625102,24,0
1376625129,24,0
1376625462,24,0
1376625489,24,0
1376625822,24,0
1376625850,24,0
1376626183,24,0
1376626210,24,0
1376626542,24,0
1376626570,24,0
1376626903,24,0
1376626930,24,0
1376627263,24,0
1376627291,24,0
1376627623,24,0
1376627651,24,0
1376627983,24,0
1376628011,24,0
1376628343,24,0
1376628371,24,0
1376628703,24,0
1376628732,24,0
1376629064,24,0
1376629092,24,0
1376629408,24,0
1376629453,24,0
1376629769,24,0
1376629814,24,0
1376630129,24,0
1376630173,24,0
1376630489,24,0
1376630533,24,0
1376630850,24,0
1376630894,24,0
1376631210,24,0
1376631254,24,0
1376631570,24,0
1376631614,24,0
1376631930,24,0
1376631975,24,0
1376632290,24,0
1376632335,24,0
1376632651,24,0
1376632695,24,0
1376633011,24,0
1376633056,24,0
1376633371,24,0
1376633416,24,0
1376633731,24,0
1376633775,24,0
1376634091,23,1
1376634135,23,1
1376634462,23,1
1376634496,24,0
1376634812,24,0
1376634856,24,0
1376635172,24,0
1376635217,24,0
1376635532,24,0
1376635577,24,0
1376635892,24,0
1376635936,24,0
1376636253,24,0
1376636296,24,0
1376636612,24,0
1376636657,24,0
1376636973,24,0
1376637017,24,0
1376637333,24,0
1376637377,24,0
1376637693,24,0
1376637737,24,0
1376638053,24,0
1376638098,24,0
1376638299,23,1
1376638414,23,1
1376638464,23,1
1376638774,23,1
1376638818,23,1
1376638888,23,1
1376638940,23,2
1376639060,23,2
1376639114,23,1
1376639203,24,1
1376639259,25,0
1376639864,25,0
1376640467,25,0
1376641072,25,0
1376641676,25,0
1376642281,25,0
1376642885,25,0
1376643489,25,0
1376644094,25,0
1376644699,25,0
1376645302,25,0
1376645906,25,0
1376646510,25,0
1376647113,25,0
1376647717,25,0
1376648321,25,0
1376648925,25,0
1376649268,24,1
1376649620,25,0
1376650225,25,0
1376650830,25,0
1376651291,24,1
1376651895,24,1
1376651982,25,0
1376652586,25,0
1376653190,25,0
1376653794,25,0
1376654398,25,0
1376655002,25,0
1376655138,24,1
1376655742,24,1
1376655879,23,2
1376655913,23,2
1376656517,23,2
1376656642,22,3
1376656713,22,3
1376656772,24,1
1376657376,24,1
1376657658,24,1
1376657686,25,0
1376658290,25,0
1376658894,25,0
1376659498,25,0
1376660103,25,0
1376660707,25,0
1376661311,25,0
1376661915,25,0
1376662519,25,0
1376663123,25,0
1376663431,24,1
1376663467,23,2
1376663683,23,2
1376663718,23,2
1376663798,24,1
1376663826,25,0
1376664429,25,0
1376665033,25,0
1376665637,25,0
1376666240,25,0
1376666845,25,0
1376667449,25,0
1376668052,25,0
1376668656,25,0
1376669260,25,0
1376669864,25,0
1376670269,24,1
1376670873,24,1
1376671000,24,1
1376671031,25,0
1376671294,24,1
1376671364,24,1
1376671366,23,2
1376671972,23,2
1376672577,23,2
1376672645,22,3
1376672976,21,4
1376672993,20,5
1376673087,21,4
1376673160,20,5
1376673737,21,4
1376674347,20,5
1376674481,19,6
1376674833,17,8
1376674919,19,6
1376675497,19,6
1376675564,20,5
1376675622,22,3
1376676226,22,3
1376676830,22,3
1376677003,22,3
1376677032,23,2
1376677104,21,4
1376677173,21,4
1376677203,22,3
1376677301,21,3
1376677319,21,4
1376677567,19,6
1376677955,18,7
1376678018,18,7
1376678085,18,7
1376678087,19,6
1376678692,19,6
1376679296,19,6
1376679461,19,6
1376679512,21,4
1376679703,21,4
1376679736,20,5
1376679908,19,6
1376680260,18,7
1376680323,18,7
1376680422,18,7
1376680425,19,6
1376680554,20,5
1376680683,19,6
1376680932,19,6
1376681021,20,5
1376681062,20,5
1376681096,21,4
1376681324,22,3
1376681840,21,4
1376682197,22,3
1376682454,21,4
1376683058,21,4
1376683526,20,5
1376684130,20,5
1376684438,20,5
1376684482,21,4
1376684529,20,5
1376684578,21,4
1376684798,20,5
1376684845,21,4
1376685449,21,4
1376685703,19,6
1376685726,17,8
1376686330,17,8
1376686449,16,9
1376686707,17,8
1376687310,17,8
1376687440,17,8
1376687449,18,7
1376687974,16,9
1376688044,16,9
1376688052,17,8
1376688598,16,9
1376689210,18,7
1376689749,19,6
1376690354,19,6
1376690461,20,5
1376690661,21,4
1376690725,20,5
1376690798,20,5
1376690845,20,5
1376690875,21,4
1376690984,21,4
1376691027,23,2
1376691103,23,2
1376691112,24,1
1376691716,24,1
1376692320,24,1
1376692550,23,2
1376693154,23,2
1376693504,24,1
1376693507,23,2
1376694110,23,2
1376694759,23,2
1376694770,24,1
1376695374,24,1
1376695978,24,1
1376696582,24,1
1376697185,24,1
1376697789,24,1
1376698393,24,1
1376698997,24,1
1376699600,24,1
1376700204,24,1
1376700808,24,1
1376701412,24,1
1376702015,24,1
1376702277,23,2
1376702881,23,2
1376703094,22,3
1376703698,22,3
1376703880,23,2
1376704478,23,2
1376705082,23,2
1376705686,23,2
1376706290,23,2
1376706894,23,2
1376707497,23,2
1376708101,23,2
1376708705,23,2
1376709309,23,2
1376709912,23,2
1376710199,21,4
1376710803,21,4
1376711407,21,4
1376712011,21,4
1376712615,21,4
1376713218,21,4
1376713822,21,4
1376714426,21,4
1376715030,21,4
1376715634,21,4
1376716237,21,4
1376716842,21,4
1376717446,21,4
1376718049,21,4
1376718653,21,4
1376719257,21,4
1376719571,22,3
1376720175,22,3
1376720608,23,2
1376721211,23,2
1376721816,23,2
1376722419,23,2
1376723023,23,2
1376723627,23,2
1376724230,23,2
1376724834,23,2
1376725438,23,2
1376726042,23,2
1376726645,23,2
1376727249,23,2
1376727853,23,2
1376728457,23,2
1376728882,24,1
1376729486,24,1
1376730090,24,1
1376730694,24,1
1376731300,23,1
1376731362,22,2
1376731413,22,3
1376731605,21,3
1376731657,21,4
1376731670,21,4
1376731746,20,5
1376732351,20,5
1376732726,21,4
1376733330,21,4
1376733934,21,4
1376734538,21,4
1376735141,21,4
1376735745,21,4
1376735945,21,4
1376736549,21,4
1376737153,21,4
1376737394,20,5
1376737445,20,5
1376737529,21,4
1376738016,22,3
1376738497,23,2
1376738517,23,2
1376738669,24,1
1376739272,24,1
1376739876,24,1
1376740480,24,1
1376740712,24,1
1376741317,24,1
1376741920,24,1
1376742524,24,1
1376742885,24,1
1376742888,25,0
1376743492,25,0
1376744096,25,0
1376744700,25,0
1376745304,25,0
1376745908,25,0
1376746511,25,0
1376747115,25,0
1376747719,25,0
1376748323,25,0
1376748763,24,1
1376748824,23,2
1376749428,23,2
1376750024,24,1
1376750026,25,0
1376750630,25,0
1376751234,25,0
1376751686,24,1
1376751763,24,1
1376751820,24,1
1376751829,25,0
1376752249,25,0
1376752853,25,0
1376753456,25,0
1376754060,25,0
1376754665,25,0
1376755268,25,0
1376755420,25,0
1376755501,25,0
1376756058,24,1
1376756314,25,0
1376756560,23,2
1376757165,23,2
1376757472,23,2
1376757808,24,1
1376758360,24,1
1376758489,23,2
1376759093,23,2
1376759384,23,2
1376759387,22,3
1376759545,22,3
1376759598,24,1
1376759674,24,1
1376760279,24,1
1376760883,24,1
1376761487,24,1
1376762091,24,1
1376762695,24,1
1376763032,23,2
1376763099,23,2
1376763165,23,2
1376763174,24,1
1376763778,24,1
1376764381,24,1
1376764447,25,0
1376764722,23,2
1376765327,23,2
1376765930,23,2
1376766534,23,2
1376766685,24,1
1376766900,25,0
1376767479,23,2
1376768084,23,2
1376768322,22,3
1376768375,22,3
1376768406,23,2
1376768563,22,3
1376768624,18,7
1376768626,17,8
1376768728,18,7
1376768922,17,7
1376768938,16,9
1376769542,16,9
1376770146,16,9
1376770221,16,9
1376770342,17,8
1376770425,17,8
1376770483,18,7
1376770622,18,7
1376770714,19,6
1376770737,19,6
1376771340,19,6
1376771740,20,5
1376771790,21,4
1376771845,22,3
1376771894,23,2
1376771967,25,0
1376772572,25,0
1376772811,24,1
1376773415,24,1
1376773721,23,2
1376773822,21,4
1376774426,21,4
1376774832,23,2
1376775436,23,2
1376775605,24,1
1376776209,24,1
1376776363,24,1
1376776377,25,0
1376776981,25,0
1376777495,24,0
1376777523,22,3
1376778081,22,3
1376778206,23,2
1376778810,23,2
1376779176,24,1
1376779265,25,0
1376779870,24,1
1376780243,25,0
1376780305,25,0
1376780909,25,0
1376781512,25,0
1376782116,25,0
1376782720,25,0
1376783323,25,0
1376783927,25,0
1376784356,24,1
1376784960,24,1
1376785184,23,2
1376785281,22,3
1376785886,22,3
1376785988,23,2
1376786591,23,2
1376786982,23,2
1376787002,25,0
1376787606,25,0
1376788186,24,1
1376788790,24,1
1376789394,24,1
1376789998,24,1
1376790788,24,1
1376791392,24,1
1376791997,24,1
1376792601,24,1
1376793204,24,1
1376793808,24,1
1376794412,24,1
1376795016,24,1
1376795620,24,1
1376796223,24,1
1376796827,24,1
1376797430,24,1
1376798034,24,1
1376798638,24,1
1376799241,24,1
1376799845,24,1
1376800449,24,1
1376801053,24,1
1376801656,24,1
1376802260,24,1
1376802864,24,1
1376803468,24,1
1376804071,24,1
1376804676,24,1
1376805280,24,1
1376805752,25,0
1376806356,25,0
1376806960,25,0
1376807564,25,0
1376808168,25,0
1376808539,25,0
1376808740,24,1
1376808924,25,0
1376809528,25,0
1376810132,25,0
1376810736,25,0
1376811340,25,0
1376811944,25,0
1376812547,25,0
1376813151,25,0
1376813755,25,0
1376814358,25,0
1376814962,25,0
1376815566,25,0
1376816170,25,0
1376816561,24,1
1376816816,25,0
1376817327,24,1
1376817932,24,1
1376818536,24,1
1376819140,24,1
1376819744,24,1
1376820348,24,1
1376820951,24,1
1376821205,25,0
1376821808,25,0
1376822412,25,0
1376822759,24,1
1376823399,24,1
1376824003,24,1
1376824607,24,1
1376825211,24,1
1376825814,24,1
1376825967,23,2
1376826027,23,2
1376826101,22,3
1376826124,21,4
1376826212,21,4
1376826282,22,3
1376826338,23,2
1376826348,24,1
1376826952,24,1
1376827562,24,1
1376828166,24,1
1376828771,24,1
1376829375,24,1
1376829979,24,1
1376830159,25,0
1376830763,25,0
1376831368,25,0
1376831971,25,0
1376832575,25,0
