1376208545,15,6
1376208794,16,5
1376209398,16,5
1376209479,16,5
1376209507,17,4
1376209596,18,3
1376210200,18,3
1376210804,18,3
1376211408,18,3
1376212011,18,3
1376212281,17,4
1376212331,17,4
1376212422,17,4
1376212430,18,3
1376213033,18,3
1376213388,19,2
1376213992,19,2
1376214595,19,2
1376215199,19,2
1376215539,18,3
1376215602,18,3
1376215604,17,4
1376215704,17,4
1376215956,17,4
1376216074,17,4
1376216173,17,4
1376216261,16,5
1376216302,16,5
1376216371,17,4
1376216423,16,5
1376216495,17,4
1376216521,18,3
1376216743,18,3
1376216764,16,5
1376217250,16,5
1376217501,16,5
1376217575,16,5
1376217643,17,4
1376217703,17,4
1376217708,19,2
1376217815,19,2
1376217862,17,4
1376217896,18,3
1376217991,19,2
1376218450,19,2
1376218497,20,1
1376218584,18,3
1376219123,19,2
1376219202,19,2
1376219205,20,1
1376219809,20,1
1376220101,19,2
1376220162,19,2
1376220164,20,1
1376220768,20,1
1376220949,19,2
1376221184,19,2
1376221240,19,2
1376221282,20,1
1376221511,19,2
1376221958,18,3
1376222025,18,3
1376222027,17,4
1376222144,17,4
1376222146,18,3
1376222360,17,4
1376222400,16,5
1376222490,16,5
1376222536,17,4
1376222672,18,3
1376222765,18,3
1376222854,16,5
1376222907,15,6
1376222949,15,6
1376223033,17,4
1376223195,18,3
1376223342,18,3
1376223518,19,2
1376223558,20,1
1376223733,19,2
1376223774,20,1
1376223884,19,2
1376224232,18,3
1376224602,19,2
1376224616,19,2
1376225080,20,1
1376225683,20,1
1376225803,16,5
1376226128,16,5
1376226470,15,6
1376226882,15,6
1376226884,14,7
1376227488,14,7
1376227645,14,7
1376227777,14,7
1376227844,13,8
1376228174,12,9
1376228399,11,10
1376228474,10,11
1376228555,11,10
1376228719,12,9
1376228800,12,9
1376228811,13,8
1376228916,9,12
1376228983,9,12
1376229088,9,12
1376229162,10,11
1376229218,11,10
1376229249,12,9
1376229391,10,11
1376229450,9,12
1376229520,11,10
1376229704,12,9
1376229995,10,11
1376230287,10,11
1376230327,11,10
1376230414,12,9
1376230543,11,10
1376230604,11,10
1376230608,11,10
1376230746,11,10
1376230822,13,8
1376230885,14,7
1376230951,16,5
1376231076,17,4
1376231184,18,3
1376231382,18,3
1376231388,16,5
1376231594,15,6
1376231700,16,5
1376231784,17,4
1376231857,16,5
1376231885,15,6
1376232103,16,5
1376232127,17,4
1376232404,18,3
1376232619,17,4
1376233000,18,3
1376233085,18,3
1376233133,18,3
1376233736,18,3
1376233898,16,5
1376233922,17,4
1376234015,19,2
1376234069,17,4
1376234473,17,4
1376234523,17,3
1376234620,18,3
1376234632,19,2
1376234924,18,3
1376234971,18,3
1376235096,19,2
1376235162,20,1
1376235766,20,1
1376236089,18,3
1376236181,16,5
1376236237,17,4
1376236296,18,3
1376236338,19,2
1376236443,18,3
1376237047,18,3
1376237231,19,2
1376237433,16,5
1376237471,17,4
1376237559,17,4
1376237577,17,4
1376237803,14,6
1376237829,14,7
1376238078,15,6
1376238122,16,5
1376238306,14,7
1376238394,12,9
1376238428,10,11
1376238635,10,11
1376238702,11,10
1376238756,14,7
1376239014,13,8
1376239223,13,8
1376239359,14,7
1376239471,12,9
1376239552,12,9
1376239929,9,12
1376240009,9,12
1376240067,8,13
1376240381,9,12
1376240405,9,12
1376240458,10,11
1376240578,8,13
1376240669,7,14
1376240704,8,13
1376240916,10,11
1376240954,11,10
1376241094,11,10
1376241218,12,9
1376241339,13,8
1376241397,13,8
1376241459,15,6
1376241635,15,6
1376242239,15,6
1376242513,14,7
1376242747,14,7
1376242833,13,7
1376242883,14,7
1376242915,15,6
1376243471,16,5
1376243688,15,6
1376243794,14,7
1376243858,12,9
1376243874,11,10
1376244004,10,11
1376244087,10,11
1376244159,11,10
1376244171,12,9
1376244746,11,10
1376244899,12,9
1376245045,11,10
1376245601,12,9
1376245640,12,9
1376245712,12,9
1376245755,13,8
1376245819,13,8
1376245888,13,8
1376245947,14,7
1376246006,15,6
1376246051,17,4
1376246092,17,4
1376246546,18,3
1376247149,18,3
1376247564,18,3
1376247625,18,3
1376247659,19,2
1376247882,17,4
1376247917,15,6
1376247968,16,5
1376248437,15,6
1376248837,16,5
1376249049,16,5
1376249101,15,6
1376249198,17,4
1376249783,16,5
1376250085,15,6
1376250688,15,6
1376250932,16,5
1376251261,14,7
1376251385,15,6
1376251889,15,6
1376251928,17,4
1376252129,18,3
1376252437,17,4
1376252642,17,4
1376252705,18,3
1376252785,19,2
1376253389,19,2
1376253803,18,3
1376254063,17,4
1376254066,16,5
1376254669,16,5
1376254753,14,7
1376255318,15,6
1376255613,14,7
1376255759,15,6
1376255940,16,5
1376256101,16,5
1376256137,17,4
1376256545,16,5
1376257122,16,5
1376257167,17,4
1376257283,17,4
1376257318,18,3
1376257922,18,3
1376258525,18,3
1376258736,17,4
1376259340,17,4
1376259943,17,4
1376260293,16,5
1376260336,15,6
1376260656,14,7
1376261259,14,7
1376261363,14,7
1376261826,15,6
1376262430,15,6
1376263033,15,6
1376263637,15,6
1376263879,16,5
1376264483,16,5
1376264781,17,4
1376265385,17,4
1376265868,16,5
1376266148,15,6
1376266751,15,6
1376266851,14,7
1376267136,13,8
1376267739,13,8
1376268343,13,8
1376268946,13,8
1376269550,13,8
1376270113,13,8
1376270716,13,8
1376271322,13,8
1376271925,13,8
1376272529,13,8
1376273132,13,8
1376273736,13,8
1376274339,13,8
1376274943,13,8
1376275546,13,8
1376276150,13,8
1376276476,14,7
1376276713,13,8
1376277317,13,8
1376277920,13,8
1376278524,13,8
1376279128,13,8
1376279731,13,8
1376280318,14,7
1376280921,14,7
1376281525,14,7
1376282128,14,7
1376282732,14,7
1376283235,15,6
1376283523,17,4
1376283530,18,3
1376284135,18,3
1376284739,18,3
1376285230,17,4
1376285833,17,4
1376285922,17,4
1376285931,18,3
1376286263,19,2
1376286484,20,1
1376287062,19,2
1376287182,20,1
1376287785,20,1
1376288389,20,1
1376288993,20,1
1376289596,20,1
1376289698,19,2
1376290203,20,1
1376290807,20,1
1376290897,19,2
1376291241,20,1
1376291655,19,2
1376291743,20,1
1376291788,20,1
1376291829,19,2
1376291896,18,3
1376292220,18,3
1376292229,19,2
1376292784,20,1
1376293207,19,2
1376293480,20,1
1376294084,20,1
1376294622,20,1
1376294624,19,2
1376295228,19,2
1376295318,20,1
1376295457,19,2
1376296061,19,2
1376296630,18,3
1376296983,19,2
1376297139,18,3
1376297428,19,2
1376297654,17,4
1376297915,18,3
1376298012,19,2
1376298615,19,2
1376298867,17,4
1376299470,17,4
1376299634,18,3
1376300238,18,3
1376300415,19,2
1376300545,18,3
1376301024,18,3
1376301050,19,2
1376301222,19,1
1376301276,18,2
1376301287,19,1
1376301878,19,1
1376301888,20,1
1376302492,20,1
1376303096,20,1
1376303687,19,2
1376304102,19,2
1376304105,20,1
1376304708,20,1
1376305312,20,1
1376305423,20,1
1376305435,18,3
1376305650,16,5
1376305836,16,5
1376305868,17,4
1376306081,15,6
1376306129,13,8
1376306191,13,8
1376306248,13,8
1376306266,14,7
1376306494,15,6
1376306613,16,5
1376306657,17,4
1376306915,18,3
1376307114,19,2
1376307718,19,2
1376307914,18,3
1376308182,18,3
1376308199,19,2
1376308593,20,1
1376309069,19,2
1376309103,20,1
1376309706,20,1
1376309997,19,2
1376310153,20,1
1376310265,18,3
1376310384,16,5
1376310988,16,5
1376311100,16,5
1376311178,16,5
1376311207,16,5
1376311465,16,5
1376311590,15,6
1376311655,15,6
1376311704,16,5
1376311756,16,5
1376311844,17,4
1376311934,17,4
1376311980,17,4
1376312312,18,3
1376312382,19,2
1376312626,18,3
1376312798,19,2
1376312822,18,3
1376313191,19,2
1376313744,20,1
1376313811,19,2
1376314274,20,1
1376314878,20,1
1376315482,20,1
1376315682,20,1
1376315684,19,2
1376316146,19,2
1376316204,20,1
1376316800,19,2
1376317174,18,3
1376317624,19,2
1376317902,18,3
1376317956,17,4
1376318010,17,4
1376318474,18,3
1376318612,17,4
1376318973,18,3
1376319160,16,5
1376319170,14,7
1376319308,15,6
1376319365,16,5
1376319745,14,7
1376320058,15,6
1376320079,14,7
1376320174,14,7
1376320223,15,6
1376320267,15,6
1376320420,13,8
1376320597,14,7
1376320660,13,8
1376320717,13,8
1376320743,14,7
1376320901,13,8
1376321071,16,5
1376321121,15,6
1376321157,16,5
1376321624,17,4
1376321803,17,4
1376321836,19,2
1376321921,20,1
1376321924,19,2
1376322145,20,1
1376322748,20,1
1376323106,19,2
1376323521,20,1
1376323550,19,2
1376323712,20,1
1376323952,19,2
1376324316,20,1
1376324515,19,2
1376324639,18,3
1376325224,18,3
1376325240,20,1
1376325330,19,2
1376325373,18,3
1376325975,17,4
1376326104,17,4
1376326176,18,3
1376326187,19,2
1376326420,17,4
1376326449,17,4
1376326564,17,4
1376326651,18,3
1376326673,19,2
1376327278,19,2
1376327443,16,5
1376327458,16,5
1376327558,15,6
1376327604,15,6
1376327682,15,6
1376327685,16,5
1376328101,15,6
1376328223,15,6
1376328225,16,5
1376328341,16,5
1376328357,17,4
1376328485,15,6
1376328579,16,5
1376328629,16,5
1376328699,17,4
1376328735,18,3
1376328778,17,4
1376328910,18,3
1376329045,18,3
1376329100,18,3
1376329145,17,4
1376329300,18,3
1376329326,18,3
1376329414,18,2
1376329476,20,1
1376329771,19,2
1376329827,20,1
1376330259,19,2
1376330419,18,3
1376330539,17,4
1376330822,18,3
1376331426,18,3
1376331552,17,4
1376331604,16,5
1376331663,16,5
1376331745,16,5
1376331822,16,5
1376331834,17,4
1376331940,18,3
1376332037,19,2
1376332596,18,3
1376332843,18,3
1376332846,17,4
1376332948,16,5
1376333126,15,6
1376333186,14,7
1376333204,14,7
1376333496,15,6
1376334100,15,6
1376334482,16,5
1376334559,17,4
1376334815,16,5
1376334830,16,5
1376335434,16,5
1376335805,17,4
1376335963,17,4
1376335991,15,6
1376336308,16,5
1376336786,16,5
1376336827,16,5
1376337387,15,6
1376337598,14,7
1376337674,13,8
1376337909,12,9
1376337970,11,10
1376338092,10,11
1376338341,9,12
1376338469,8,13
1376338610,7,14
1376338841,5,16
1376338900,4,17
1376338908,5,16
1376339202,6,15
1376339247,5,16
1376339851,5,16
1376340454,5,16
1376340848,7,14
1376341162,8,13
1376341290,6,15
1376341334,6,15
1376341642,7,14
1376342246,7,14
1376342849,7,14
1376343089,6,15
1376343427,4,17
1376343677,5,16
1376343869,4,17
1376344473,4,17
1376344986,4,17
1376345066,5,16
1376345246,7,14
1376345850,7,14
1376345878,6,15
1376346481,6,15
1376347085,6,15
1376347152,5,16
1376347662,5,16
1376347694,6,15
1376348298,6,15
1376348901,6,15
1376349505,6,15
1376350108,6,15
1376350479,7,14
1376351082,7,14
1376351685,7,14
1376352077,5,16
1376352263,3,18
1376352313,3,18
1376352754,2,19
1376353068,1,20
1376353167,1,20
1376353238,1,20
1376353291,2,19
1376353895,2,19
1376354258,3,18
1376354861,3,18
1376355465,3,18
1376355814,2,19
1376356511,2,19
1376357115,2,19
1376357719,2,19
1376358322,2,19
1376358926,2,19
1376359529,2,19
1376360138,2,19
1376360741,2,19
1376360862,4,17
1376360919,8,13
1376360926,9,12
1376361530,9,12
1376362133,9,12
1376362737,9,12
1376363340,9,12
1376363944,9,12
1376364547,9,12
1376365151,9,12
1376365754,9,12
1376365883,8,13
1376366486,8,13
1376367090,8,13
1376367294,8,13
1376367429,8,13
1376367480,9,12
1376368084,9,12
1376368127,8,13
1376368730,8,13
1376369334,8,13
1376369905,9,12
1376370508,9,12
1376371112,9,12
1376371567,10,11
1376372021,11,10
1376372625,11,10
1376373268,12,9
1376373319,13,8
1376373922,13,8
1376373951,14,7
1376374056,14,7
1376374102,15,5
1376374508,14,6
1376374893,15,6
1376375172,16,5
1376375790,16,5
1376375812,17,4
1376376219,16,5
1376376228,17,4
1376376614,18,3
1376377188,17,4
1376377730,16,5
1376377931,17,4
1376378535,17,4
1376378717,16,5
1376378953,17,4
1376379039,18,3
1376379130,17,4
1376379415,16,5
1376379603,17,4
1376380112,18,3
1376380147,17,4
1376380661,17,4
1376380782,17,4
1376380839,17,4
1376380902,19,2
1376381256,19,2
1376381279,20,1
1376381798,20,1
1376381829,20,1
1376382432,20,1
1376383036,20,1
1376383556,20,1
1376383640,20,1
1376383772,20,1
1376383898,19,2
1376384019,19,2
1376384046,19,2
1376384133,19,2
1376384403,19,2
1376384457,20,1
1376384687,19,2
1376385172,18,3
1376385775,18,3
1376386379,18,3
1376386449,16,5
1376386533,15,6
1376386602,15,6
1376386652,16,5
1376386739,17,4
1376387262,17,4
1376387304,18,3
1376387365,18,3
1376387594,19,2
1376387801,18,3
1376387912,18,3
1376387970,18,3
1376387999,19,2
1376388251,20,1
1376388286,19,2
1376388561,18,3
1376389048,17,4
1376389300,18,3
1376389903,18,3
1376390019,18,3
1376390047,20,1
1376390652,20,1
1376391255,20,1
1376391635,19,2
1376391812,20,1
1376392415,20,1
1376392751,19,2
1376392816,20,1
1376393420,20,1
1376393452,19,2
1376393539,18,3
1376393618,18,3
1376393648,19,2
1376393730,18,3
1376393841,20,1
1376393954,18,3
1376394174,17,4
1376394549,18,3
1376394606,18,3
1376394881,19,2
1376394912,20,1
1376395515,20,1
1376395781,20,1
1376395783,19,2
1376395908,18,3
1376395974,17,4
1376396577,17,4
1376396794,16,5
1376397121,15,6
1376397243,13,8
1376397559,12,9
1376397591,11,10
1376398194,11,10
1376398312,10,11
1376398916,10,11
1376399521,10,11
1376399727,9,12
1376400084,10,11
1376400689,10,11
1376401176,11,10
1376401242,10,11
1376401293,10,11
1376401362,11,10
1376401368,12,9
1376401719,13,8
1376401765,14,7
1376402369,14,7
1376402503,13,8
1376402556,13,8
1376402605,15,6
1376403210,16,5
1376403240,15,6
1376403844,15,6
1376404157,16,5
1376404299,16,5
1376404343,17,4
1376404401,17,4
1376404472,18,3
1376404489,18,3
1376404575,18,3
1376404614,18,3
1376405046,19,2
1376405428,20,1
1376406032,20,1
1376406635,20,1
1376407198,19,2
1376407802,19,2
1376407847,18,3
1376407906,17,4
1376408065,16,5
1376408381,17,4
1376408542,17,4
1376408587,17,4
1376408661,17,4
1376408700,19,2
1376409074,20,1
1376409231,19,2
1376409595,18,2
1376409687,17,3
1376409741,18,3
1376409804,17,4
1376409877,17,4
1376409923,17,4
1376410179,16,5
1376410282,17,4
1376410451,18,3
1376410846,17,4
1376411079,17,4
1376411189,18,3
1376411360,16,5
1376411427,16,5
1376411495,15,6
1376412099,15,6
1376412243,14,7
1376412444,13,8
1376412471,12,9
1376412823,12,9
1376412863,12,9
1376413049,11,10
1376413117,10,11
1376413241,8,13
1376413466,9,12
1376413570,8,13
1376413670,7,14
1376413962,7,14
1376413965,8,13
1376414313,7,14
1376414423,6,15
1376414728,6,15
1376414762,7,14
1376415006,6,15
1376415163,7,14
1376415219,5,16
1376415333,4,17
1376415623,3,18
1376415689,4,17
1376415741,3,18
1376415953,2,19
1376416345,2,19
1376416443,3,18
1376416520,2,19
1376416827,2,19
1376416868,1,20
1376417076,2,19
1376417125,3,18
1376417305,1,20
1376417676,0,21
1376417957,1,20
1376418160,0,21
1376418810,0,21
1376419414,0,21
1376419456,0,21
1376419792,1,20
1376419899,0,21
1376420180,2,19
1376420664,1,20
1376420727,1,20
1376420803,1,20
1376420854,2,19
1376420897,4,17
1376421160,3,18
1376421763,3,18
1376422048,1,20
1376422139,0,21
1376422587,1,20
1376422890,0,21
1376423233,2,19
1376423519,3,18
1376423781,2,19
1376423864,1,20
1376423901,0,21
1376424505,0,21
1376425108,0,21
1376425358,0,21
1376425366,1,20
1376425456,2,19
1376425532,1,20
1376425547,1,20
1376426150,1,20
1376426247,0,21
1376426853,0,21
1376427100,0,21
1376427112,2,19
1376427342,2,19
1376427344,1,20
1376427631,0,21
1376428234,0,21
1376428394,1,20
1376428998,1,20
1376429263,1,20
1376429303,2,19
1376429375,4,17
1376429959,4,17
1376430126,4,17
1376430218,4,17
1376430264,5,16
1376430304,6,15
1376430907,6,15
1376431355,7,14
1376431585,8,13
1376432126,7,14
1376432730,7,14
1376432863,8,13
1376433467,8,13
1376433896,8,13
1376434150,7,14
1376434449,6,15
1376435053,6,15
1376435299,7,14
1376435479,7,14
1376436083,7,14
1376436687,7,14
1376437195,7,14
1376437245,8,13
1376437678,9,12
1376438282,9,12
1376438886,9,12
1376439264,10,11
1376439400,11,10
1376439863,11,10
1376439991,13,8
1376440447,12,9
1376440587,11,10
1376441191,11,10
1376441403,12,9
1376442007,12,9
1376442611,12,9
1376442912,12,9
1376443515,12,9
1376444119,12,9
1376444722,12,9
1376445326,12,9
1376445929,12,9
1376446533,12,9
1376446738,11,10
1376447342,11,10
1376447945,11,10
1376448549,11,10
1376448760,15,6
1376448768,16,5
1376449371,16,5
1376449975,16,5
1376450579,16,5
1376451182,16,5
1376451785,16,5
1376452389,16,5
1376452993,16,5
1376453596,16,5
1376454200,16,5
1376454803,16,5
1376455407,16,5
1376456019,16,5
1376456027,17,4
1376456383,17,4
1376456396,19,2
1376456913,18,3
1376456979,18,3
1376457041,19,2
1376457645,19,2
1376458248,19,2
1376458713,20,1
1376458777,19,2
1376459050,18,3
1376459198,18,3
1376459213,19,2
1376459599,18,3
1376460155,19,2
1376460613,20,1
1376460659,19,2
1376461073,18,3
1376461330,19,2
1376461933,19,2
1376462130,19,2
1376462733,19,2
1376463080,20,1
1376463115,19,2
1376463718,19,2
1376463791,18,3
1376463941,18,3
1376463948,19,2
1376464514,18,3
1376464912,17,4
1376465516,17,4
1376465739,17,4
1376465746,18,3
1376466278,18,3
1376466303,19,2
1376466567,18,3
1376466648,18,3
1376466851,17,4
1376466903,18,3
1376467432,19,2
1376468035,19,2
1376468638,19,2
1376469242,19,2
1376469880,18,3
1376470518,17,4
1376470663,16,5
1376471266,16,5
1376471754,17,4
1376471829,18,3
1376472436,18,3
1376472480,19,2
1376473084,19,2
1376473687,19,2
1376474291,19,2
1376474651,20,1
1376475162,20,1
1376475222,20,1
1376475332,20,1
1376475346,20,1
1376475757,18,3
1376475889,17,4
1376476493,17,4
1376476973,18,3
1376477286,18,3
1376477683,19,2
1376477686,18,3
1376477906,19,2
1376478509,19,2
1376479113,19,2
1376479423,19,2
1376479426,18,3
1376479635,19,2
1376480238,19,2
1376480744,19,2
1376480779,20,1
1376481377,19,2
1376481644,19,2
1376481651,20,1
1376481709,19,2
1376481901,20,1
1376482111,19,2
1376482156,18,3
1376482279,17,4
1376482711,16,5
1376482767,16,5
1376482798,16,5
1376482856,17,4
1376483203,17,4
1376483242,18,3
1376483557,19,2
1376483878,18,3
1376484029,17,4
1376484522,18,3
1376484613,19,2
1376485216,19,2
1376485820,19,2
1376486324,19,2
1376486326,20,1
1376486817,19,2
1376487368,20,1
1376487971,20,1
1376488575,20,1
1376489074,20,1
1376489271,19,2
1376489712,20,1
1376489789,18,3
1376490393,18,3
1376490818,19,2
1376491372,20,1
1376491778,19,2
1376492365,18,3
1376492554,18,3
1376492655,19,2
1376492844,20,1
1376493448,20,1
1376493622,19,2
1376493824,18,3
1376493832,17,4
1376494050,16,5
1376494094,17,4
1376494127,16,5
1376494261,17,4
1376494332,16,5
1376494375,15,6
1376494447,14,7
1376494660,13,8
1376494775,14,7
1376494973,13,8
1376495068,12,9
1376495672,12,9
1376495749,11,10
1376496352,11,10
1376496576,10,11
1376496943,10,11
1376496963,9,12
1376497442,8,13
1376497524,7,14
1376497754,6,15
1376497884,6,15
1376498017,7,14
1376498126,6,15
1376498378,5,16
1376498407,4,17
1376498524,4,17
1376498712,3,18
1376498835,2,19
1376498883,3,18
1376499429,1,20
1376499522,2,19
1376499582,3,18
1376499630,1,20
1376499970,2,19
1376500166,0,21
1376500653,1,20
1376500731,0,21
1376500868,0,21
1376501305,1,20
1376501358,1,20
1376501393,0,21
1376501997,0,21
1376502056,1,20
1376502215,1,20
1376502580,1,20
1376502643,0,21
1376502646,1,20
1376502986,0,21
1376503121,0,21
1376503619,1,20
1376503697,0,21
1376504302,0,21
1376504559,2,19
1376504718,3,18
1376505010,2,19
1376505198,1,20
1376505266,0,21
1376505322,0,21
1376505398,1,20
1376505440,2,19
1376505617,1,20
1376506220,1,20
1376506357,1,20
1376506388,3,18
1376506574,4,17
1376507084,3,18
1376507140,0,21
1376507414,2,19
1376507563,2,19
1376507609,3,18
1376508141,3,18
1376508198,5,16
1376508255,5,16
1376508303,6,15
1376508393,6,15
1376508436,7,14
1376508881,7,14
1376508888,8,13
1376509492,8,13
1376509705,7,14
1376509897,6,15
1376510501,6,15
1376510615,8,13
1376510648,9,12
1376510694,8,13
1376511298,8,13
1376511682,7,14
1376511804,6,15
1376512017,5,16
1376512620,5,16
1376513224,5,16
1376513480,5,16
1376513556,6,15
1376513616,5,16
1376513683,6,15
1376513860,6,14
1376513909,7,13
1376514100,8,12
1376514161,10,10
1376514260,9,11
1376514864,9,12
1376515419,10,11
1376515508,10,11
1376515547,11,10
1376516142,11,10
1376516144,12,9
1376516250,12,9
1376516656,11,10
1376517043,11,10
1376517095,11,10
1376517164,12,9
1376517167,13,8
1376517260,13,8
1376517432,10,11
1376517496,9,12
1376517809,11,10
1376518404,10,11
1376518821,8,13
1376519428,7,14
1376519502,8,13
1376519553,7,13
1376519624,7,14
1376519658,8,13
1376520037,9,12
1376520108,9,12
1376520184,9,12
1376520252,11,10
1376520741,12,9
1376520801,13,8
1376521408,13,8
1376521804,13,8
1376521928,13,8
1376521988,14,7
1376522071,15,6
1376522169,16,5
1376522321,16,5
1376522345,17,4
1376522500,17,4
1376522543,19,2
1376522682,20,1
1376522924,20,1
1376523527,20,1
1376524131,20,1
1376524734,20,1
1376525338,20,1
1376525941,20,1
1376526034,19,2
1376526637,19,2
1376527241,19,2
1376527543,18,3
1376527575,18,3
1376527618,19,2
1376527709,19,2
1376527750,20,1
1376527952,19,2
1376528555,19,2
1376528657,18,3
1376528736,18,3
1376528768,19,2
1376529309,19,2
1376529404,19,2
1376529409,19,2
1376529784,19,2
1376530104,18,3
1376530707,18,3
1376531311,18,3
1376531914,18,3
1376532518,18,3
1376533121,18,3
1376533725,18,3
1376534328,18,3
1376534932,18,3
1376535098,18,3
1376535155,18,3
1376535193,18,3
1376535268,18,3
1376535308,19,2
1376535399,19,2
1376535477,19,2
1376535527,20,1
1376536131,20,1
1376536734,20,1
1376537338,20,1
1376537941,20,1
1376538545,20,1
1376539148,20,1
1376539539,19,2
1376540142,19,2
1376540362,18,3
1376540966,18,3
1376541570,18,3
1376542173,18,3
1376542777,18,3
1376543282,19,2
1376543886,19,2
1376544072,18,3
1376544294,19,2
1376544899,20,1
1376545502,20,1
1376546106,20,1
1376546709,20,1
1376547313,20,1
1376547916,20,1
1376548520,20,1
1376549124,20,1
1376549727,20,1
1376550119,19,2
1376550458,20,1
1376551061,20,1
1376551665,20,1
1376552269,20,1
1376552500,19,2
1376553104,19,2
1376553245,20,1
1376553657,20,1
1376553793,21,0
1376553959,21,0
1376554562,21,0
1376555166,21,0
1376555769,21,0
1376556373,21,0
1376556976,21,0
1376557143,20,1
1376557746,20,1
1376558350,20,1
1376558880,21,0
1376559076,20,1
1376559360,19,2
1376559440,19,2
1376559534,20,1
1376560137,20,1
1376560639,19,2
1376560983,18,3
1376561105,17,4
1376561514,18,3
1376561758,17,4
1376561858,17,4
1376561867,18,3
1376562523,18,3
1376562563,20,1
1376562686,20,1
1376562737,21,0
1376563044,17,4
1376563372,16,5
1376563470,15,6
1376563549,15,6
1376563963,15,6
1376563965,16,5
1376564621,15,6
1376564667,15,6
1376564720,16,5
1376564774,17,4
1376564816,18,3
1376565420,18,3
1376565623,19,2
1376565700,19,2
1376565754,17,4
1376565778,17,4
1376566341,16,5
1376566411,17,4
1376566428,17,4
1376566597,18,3
1376566767,17,4
1376566843,15,6
1376566901,11,10
1376566937,11,10
1376567075,12,9
1376567196,11,10
1376567431,9,12
1376567478,10,11
1376567779,6,15
1376568197,4,17
1376568400,4,17
1376568441,7,14
1376568576,6,15
1376568631,5,16
1376568696,4,17
1376568963,6,15
1376569216,4,17
1376569362,5,16
1376569372,6,15
1376569542,6,15
1376569601,7,14
1376569659,6,15
1376569707,7,14
1376569868,5,16
1376570380,5,16
1376570614,3,18
1376570680,3,18
1376570737,3,18
1376570762,5,16
1376570838,3,18
1376570904,4,17
1376571423,4,17
1376571512,5,16
1376571674,5,16
1376571764,6,15
1376571799,6,15
1376571865,6,15
1376571911,7,14
1376571997,7,14
1376572033,7,13
1376572149,7,13
1376572235,7,12
1376572266,7,12
1376572362,9,10
1376572407,10,9
1376572529,12,8
1376572618,12,8
1376573222,12,9
1376573311,14,7
1376573474,14,7
1376574078,14,7
1376574341,15,6
1376574348,16,5
1376574581,15,6
1376574627,13,8
1376574695,12,9
1376574787,11,10
1376574869,11,10
1376574927,12,9
1376575003,12,9
1376575042,15,6
1376575304,13,7
1376575349,15,6
1376575425,16,5
1376575466,18,3
1376575540,18,3
1376575548,19,2
1376575653,19,2
1376575711,19,2
1376575780,19,2
1376575787,20,1
1376575944,21,0
1376576098,20,1
1376576322,19,2
1376576925,19,2
1376577127,18,3
1376577386,19,2
1376577969,18,3
1376578573,18,3
1376579177,18,3
1376579376,17,3
1376579427,15,6
1376579452,14,7
1376579558,14,7
1376579613,13,8
1376579677,12,9
1376579740,15,6
1376579802,17,4
1376580041,16,5
1376580056,15,6
1376580514,15,6
1376580535,15,6
1376580762,15,6
1376580821,11,10
1376580876,8,13
1376580935,8,13
1376580958,9,12
1376581051,11,10
1376581105,11,10
1376581137,12,9
1376581386,11,10
1376581700,10,11
1376581841,9,12
1376581892,7,14
1376581908,6,15
1376582073,4,17
1376582141,2,19
1376582184,1,20
1376582383,1,20
1376582422,3,18
1376582772,2,19
1376583000,1,20
1376583215,3,18
1376583237,3,18
1376583307,4,17
1376583389,4,17
1376583460,4,17
1376583512,4,17
1376583532,5,16
1376583666,6,15
1376583874,1,20
1376583941,0,21
1376584294,0,21
1376584359,0,21
1376584408,0,21
1376584472,0,21
1376584533,1,20
1376584557,2,19
1376584738,1,20
1376584819,1,20
1376584901,1,20
1376584939,2,19
1376585002,1,20
1376585172,1,20
1376585260,1,20
1376585309,2,19
1376585381,4,17
1376585433,4,17
1376585536,5,16
1376585613,5,16
1376585769,4,17
1376585829,3,18
1376585919,3,18
1376586021,2,19
1376586083,3,18
1376586124,2,19
1376586214,2,19
1376586247,1,20
1376586326,1,20
1376586376,1,20
1376586416,2,19
1376586474,1,20
1376586678,1,20
1376586716,2,19
1376586873,1,20
1376587003,2,19
1376587059,2,19
1376587113,1,20
1376587178,2,19
1376587228,2,19
1376587277,2,19
1376587528,1,20
1376587615,0,21
1376587729,0,21
1376588257,0,21
1376588323,2,18
1376588324,2,19
1376588488,3,18
1376588673,2,19
1376588741,4,17
1376588792,3,18
1376588897,3,18
1376588981,2,18
1376589006,1,19
1376589070,0,20
1376589143,0,20
1376589277,0,20
1376589331,1,19
1376589361,3,17
1376589463,0,20
1376589494,0,20
1376589566,0,20
1376590169,0,20
1376590480,1,20
1376590489,2,19
1376590753,4,17
1376591202,3,18
1376591237,2,19
1376591491,3,18
1376591873,2,19
1376592399,2,19
1376592409,3,18
1376592641,4,17
1376593057,5,16
1376593314,4,17
1376593425,3,18
1376593433,4,17
1376593517,3,18
1376593601,4,17
1376593611,5,16
1376593897,3,18
1376594307,3,18
1376594334,2,19
1376594743,3,18
1376594802,5,16
1376594845,6,15
1376595322,7,14
1376595601,6,15
1376595998,6,15
1376596016,6,15
1376596087,9,12
1376596181,9,12
1376596241,11,10
1376596303,11,10
1376596323,14,7
1376596706,13,8
1376596783,12,9
1376596786,11,10
1376596955,12,9
1376597438,12,9
1376597480,14,7
1376597598,13,8
1376597670,13,8
1376597709,14,7
1376597750,15,6
1376598354,15,6
1376598957,15,6
1376599044,16,5
1376599303,15,6
1376599335,14,7
1376599655,15,6
1376599886,16,5
1376600115,15,6
1376600200,16,5
1376600263,16,5
1376600321,17,4
1376600351,19,2
1376600763,18,3
1376601013,19,2
1376601616,19,2
1376602172,19,2
1376602239,18,3
1376602276,20,1
1376602601,20,1
1376603054,18,3
1376603658,18,3
1376604262,18,3
1376604462,18,3
1376604470,19,2
1376604757,17,4
1376605105,18,3
1376605708,18,3
1376605817,19,2
1376606013,20,1
1376606194,19,2
1376606251,20,1
1376606855,20,1
1376607458,20,1
1376607757,18,3
1376608328,17,4
1376608931,17,4
1376609455,16,5
1376609520,17,4
1376609602,18,3
1376609694,19,2
1376609862,19,2
1376609887,20,1
1376610315,19,2
1376610582,19,2
1376610590,20,1
1376610806,19,2
1376611409,19,2
1376612013,19,2
1376612617,19,2
1376612796,18,3
1376612829,18,3
1376612970,18,3
1376613573,18,3
1376613621,19,2
1376613821,19,2
1376613828,20,1
1376614432,20,1
1376615035,20,1
1376615716,20,1
1376616320,20,1
1376616923,20,1
1376617527,20,1
1376617950,21,0
1376618553,21,0
1376619157,21,0
1376619761,21,0
1376620364,21,0
1376620967,21,0
1376621571,21,0
1376622174,21,0
1376622778,21,0
1376623382,21,0
1376623985,21,0
1376624589,21,0
1376625192,21,0
1376625254,20,1
1376625858,20,1
1376626461,20,1
1376627065,20,1
1376627668,20,1
1376628272,20,1
1376628876,20,1
1376629052,21,0
1376629655,21,0
1376630259,21,0
1376630862,21,0
1376631466,21,0
1376632069,21,0
1376632673,21,0
1376633276,21,0
1376633879,21,0
1376634483,21,0
1376635086,21,0
1376635690,21,0
1376635961,21,0
1376635964,20,1
1376636567,20,1
1376636921,19,2
1376637161,20,1
1376637428,21,0
1376638034,21,0
1376638637,21,0
1376639240,21,0
1376639809,20,1
1376640412,20,1
1376641015,20,1
1376641220,21,0
1376641722,20,1
1376642150,20,1
1376642754,20,1
1376643087,20,1
1376643159,20,1
1376643762,20,1
1376644300,20,1
1376644333,19,2
1376644390,19,2
1376644483,19,2
1376644518,20,1
1376644581,21,0
1376645107,20,1
1376645361,21,0
1376645965,21,0
1376646568,21,0
1376647171,21,0
1376647443,21,0
1376647719,20,1
1376648171,18,3
1376648650,16,5
1376648800,16,5
1376648828,17,4
1376649214,18,3
1376649750,17,4
1376650323,16,5
1376650784,17,4
1376650818,19,2
1376650963,19,2
1376651023,16,5
1376651072,15,6
1376651196,16,5
1376651258,16,5
1376651302,17,4
1376651376,17,4
1376651440,19,2
1376651612,19,2
1376651625,19,2
1376651739,20,1
1376651791,21,0
1376652181,19,2
1376652254,18,3
1376652556,19,2
1376652682,19,2
1376652748,19,2
1376652776,20,1
1376653153,21,0
1376653757,21,0
1376654360,21,0
1376654963,21,0
1376655567,21,0
1376656108,20,1
1376656297,21,0
1376656577,19,2
1376656774,20,1
1376657378,20,1
1376657396,19,2
1376657498,18,3
1376657536,17,4
1376657609,15,6
1376658213,15,6
1376658817,15,6
1376658860,15,6
1376659001,18,3
1376659053,18,3
1376659103,19,2
1376659172,21,0
1376659450,20,1
1376659860,21,0
1376660464,21,0
1376661068,21,0
1376661671,21,0
1376662275,21,0
1376662616,20,1
1376662695,21,0
1376663299,21,0
1376663566,20,1
1376663779,21,0
1376664382,21,0
1376664449,19,2
1376664741,19,2
1376664790,20,1
1376664873,20,1
1376664942,20,1
1376664950,21,0
1376665554,21,0
1376666157,21,0
1376666435,20,1
1376666659,19,2
1376666833,18,3
1376666905,19,2
1376667091,19,2
1376667138,19,2
1376667165,19,2
1376667266,19,2
1376667314,19,2
1376667462,19,2
1376667512,20,1
1376667567,20,1
1376667809,19,2
1376667891,18,3
1376668241,19,2
1376668258,18,3
1376668318,17,4
1376668499,16,5
1376668980,17,4
1376669260,18,3
1376669288,19,2
1376669470,18,3
1376669777,18,3
1376669863,18,3
1376669887,19,2
1376670066,18,3
1376670153,17,4
1376670222,15,6
1376670552,13,8
1376670721,11,10
1376670998,11,10
1376671010,12,9
1376671188,11,10
1376671792,11,10
1376671883,10,11
1376672487,10,11
1376672652,9,12
1376672810,8,13
1376672915,9,12
1376673519,9,12
1376673667,7,14
1376673843,7,14
1376673910,8,13
1376673947,9,12
1376674063,8,13
1376674065,7,14
1376674343,5,16
1376674394,4,17
1376674680,2,19
1376674843,2,19
1376674849,0,21
1376675452,0,21
1376675858,1,20
1376676024,0,21
1376676126,0,21
1376676229,0,21
1376676437,0,21
1376676519,1,20
1376676537,1,20
1376676642,2,19
1376676812,1,20
1376677419,2,19
1376677907,1,20
1376677976,0,21
1376678580,0,21
1376678670,0,21
1376678725,0,21
1376678768,0,21
1376678848,0,21
1376678873,1,20
1376679476,1,20
1376679594,0,21
1376679922,2,19
1376679966,3,18
1376680362,2,19
1376680556,3,18
1376680767,3,18
1376680878,3,18
1376680917,4,17
1376681012,3,18
1376681615,3,18
1376681864,3,18
1376681875,4,17
1376682315,3,18
1376682701,4,17
1376682812,3,18
1376682832,2,19
1376682943,2,19
1376682946,3,18
1376683550,3,18
1376684141,3,18
1376684144,2,19
1376684232,1,20
1376684851,3,18
1376684957,1,20
1376685080,1,20
1376685114,2,19
1376685390,2,19
1376685433,2,18
1376685505,3,17
1376685568,4,16
1376685633,2,18
1376685990,1,19
1376686274,1,19
1376686394,0,20
1376686901,0,20
1376686931,1,19
1376687014,2,18
1376687065,2,18
1376687125,3,17
1376687184,5,15
1376687262,6,14
1376687306,7,13
1376687909,7,14
1376688513,7,14
1376688540,7,14
1376688608,7,14
1376689225,8,13
1376689585,8,13
1376689650,8,13
1376689684,9,12
1376689781,8,13
1376690015,10,11
1376690602,10,11
1376690678,10,10
1376690712,12,9
1376690895,11,10
1376691499,11,10
1376691669,9,12
1376691984,7,14
1376692265,7,14
1376692328,8,13
1376692843,8,13
1376692895,9,12
1376692919,10,11
1376693523,10,11
1376694126,10,11
1376694730,10,11
1376694800,9,12
1376694886,8,13
1376695489,8,13
1376696017,9,12
1376696312,8,13
1376696798,7,14
1376697002,6,15
1376697184,7,14
1376697255,6,15
1376697534,4,16
1376698029,3,17
1376698633,3,17
1376698695,2,18
1376698940,1,19
1376699544,1,19
1376699891,1,19
1376699959,1,19
1376700031,1,19
1376700047,1,19
1376700144,1,19
1376700188,1,19
1376700600,1,19
1376700702,1,19
1376700748,1,18
1376700822,1,18
1376700883,2,17
1376700940,2,17
1376700998,3,16
1376701066,3,16
1376701183,3,16
1376701223,4,15
1376701826,4,15
1376702192,4,15
1376702271,4,15
1376702343,4,15
1376702466,3,16
1376702597,4,15
1376703200,4,15
1376703804,4,15
1376704287,5,14
1376704891,5,14
1376705494,5,14
1376705658,6,15
1376706261,6,15
1376706576,7,14
1376706592,8,13
1376707196,8,13
1376707799,8,13
1376708403,8,13
1376708553,7,14
1376708654,7,14
1376709258,7,14
1376709862,7,14
1376710465,7,14
1376711069,7,14
1376711672,7,14
1376712276,7,14
1376712507,8,13
1376712537,9,12
1376712877,8,13
1376713481,8,13
1376714085,8,13
1376714688,8,13
1376715292,8,13
1376715895,8,13
1376716499,8,13
1376717102,8,13
1376717202,8,13
1376717210,9,12
1376717813,9,12
1376718417,9,12
1376718580,10,11
1376719183,10,11
1376719787,10,11
1376720391,10,11
1376720995,10,11
1376721599,10,11
1376721924,9,12
1376722364,9,12
1376722365,9,12
1376722968,9,12
1376723583,10,11
1376724186,10,11
1376724789,10,11
1376725164,9,12
1376725676,9,12
1376726203,10,11
1376726212,10,11
1376726908,11,10
1376727511,11,10
1376727712,10,11
1376728172,11,10
1376728776,11,10
1376728839,11,10
1376728900,11,10
1376728961,12,9
1376728990,14,7
1376729594,14,7
1376729679,13,8
1376730283,13,8
1376730886,13,8
1376731425,13,8
1376731462,14,7
1376731525,15,6
1376732128,15,6
1376732204,13,8
1376732226,13,8
1376732403,14,7
1376732735,13,8
1376733039,12,9
1376733088,12,9
1376733202,13,8
1376733359,12,9
1376733583,12,9
1376733590,13,8
1376733825,13,8
1376733833,14,7
1376734436,14,7
1376734767,13,8
1376734804,12,9
1376735383,12,9
1376735432,12,9
1376735474,11,10
1376735662,11,10
1376735729,13,8
1376735993,12,9
1376736221,13,8
1376736487,10,11
1376736569,11,10
1376736601,11,10
1376736866,10,11
1376737121,10,11
1376737169,11,10
1376737193,12,9
1376737603,12,9
1376737622,11,10
1376737688,11,10
1376737833,11,10
1376737873,12,9
1376737996,13,8
1376738616,13,8
1376738797,13,8
1376738961,14,7
1376739040,13,8
1376739050,12,9
1376739577,11,10
1376739594,10,11
1376740197,10,11
1376740604,10,11
1376740606,10,11
1376740677,11,10
1376740769,11,10
1376740800,12,9
1376741160,11,10
1376741683,11,10
1376741724,12,9
1376742048,11,10
1376742448,11,10
1376742507,13,8
1376742585,14,7
1376742620,14,7
1376742703,14,7
1376742800,16,5
1376743167,17,4
1376743219,18,3
1376743823,18,3
1376743858,17,4
1376744078,18,3
1376744381,19,2
1376744399,20,1
1376744607,18,3
1376744861,17,4
1376744980,18,3
1376745191,17,4
1376745704,15,6
1376745814,15,6
1376745884,16,5
1376745886,17,4
1376745996,16,5
1376746065,14,7
1376746067,15,6
1376746296,16,5
1376746424,14,7
1376746475,18,3
1376746576,18,3
1376746725,18,3
1376746761,18,3
1376746809,19,2
1376746878,20,1
1376746972,20,1
1376747141,20,1
1376747166,20,1
1376747770,20,1
1376748034,20,1
1376748637,20,1
1376748655,21,0
1376748715,20,1
1376749060,20,1
1376749124,20,1
1376749382,19,2
1376749479,17,4
1376749515,17,4
1376749638,18,3
1376749759,17,4
1376749853,18,3
1376749938,17,4
1376750144,17,4
1376750156,18,3
1376750605,17,4
1376751035,18,3
1376751320,18,3
1376751356,19,2
1376751466,20,1
1376752070,20,1
1376752673,20,1
1376752795,19,2
1376752865,18,3
1376753024,19,2
1376753026,20,1
1376753630,20,1
1376753714,19,2
1376753867,18,3
1376754471,18,3
1376754539,17,4
1376754594,15,6
1376754765,13,8
1376754856,12,9
1376754985,12,9
1376755046,13,8
1376755358,12,9
1376755592,11,10
1376755685,12,9
1376755807,13,8
1376756381,14,7
1376756421,16,5
1376756474,14,7
1376756624,16,5
1376756800,17,4
1376756839,18,3
1376757028,17,4
1376757204,15,6
1376757239,16,5
1376757343,15,6
1376757395,15,6
1376757503,14,7
1376757581,13,8
1376757627,11,10
1376757654,11,10
1376757794,10,11
1376757884,10,11
1376757936,11,10
1376757970,12,9
1376758074,11,10
1376758384,10,11
1376758502,11,10
1376758758,12,9
1376758878,12,9
1376759018,13,7
1376759084,14,6
1376759242,15,5
1376759366,13,7
1376759457,13,7
1376759617,14,6
1376759791,13,7
1376759914,14,6
1376759950,13,7
1376760004,12,8
1376760392,11,9
1376760687,12,8
1376761291,12,9
1376761482,13,8
1376761725,16,5
1376761863,17,4
1376762085,18,3
1376762616,15,6
1376762906,15,6
1376762940,16,5
1376763282,16,5
1376763403,16,5
1376763407,16,5
1376763755,15,6
1376763776,16,5
1376764037,15,6
1376764177,13,8
1376764419,14,7
1376765022,14,7
1376765361,16,5
1376765672,17,4
1376765759,17,4
1376765849,18,3
1376766165,18,3
1376766225,19,2
1376766227,20,1
1376766869,18,3
1376767418,20,1
1376767693,19,2
1376767801,19,2
1376767852,20,1
1376768024,19,2
1376768081,19,2
1376768662,20,1
1376768985,19,1
1376769005,17,4
1376769183,16,5
1376769233,15,6
1376769327,13,8
1376769381,13,8
1376769417,14,7
1376769511,10,11
1376769570,8,13
1376769664,7,14
1376769844,7,14
1376769895,8,13
1376770499,8,13
1376771103,8,13
1376771606,7,14
1376772144,8,13
1376772728,7,14
1376773045,9,12
1376773649,9,12
1376774072,8,13
1376774129,7,14
1376774647,8,13
1376775191,6,15
1376775719,5,16
1376776045,3,18
1376776649,3,18
1376776994,4,17
1376777598,4,17
1376777740,4,17
1376777748,5,16
1376778352,5,16
1376778629,5,16
1376778648,6,15
1376778815,5,16
1376778833,5,16
1376779207,4,17
1376779601,4,17
1376779896,5,16
1376780117,4,17
1376780720,4,17
1376781324,4,17
1376781928,4,17
1376782052,3,18
1376782655,3,18
1376783057,3,18
1376783296,4,17
1376783899,4,17
1376784105,3,18
1376784393,3,18
1376784475,5,16
1376785078,5,16
1376785681,5,16
1376785982,4,17
1376786586,4,17
1376786804,4,17
1376786857,4,17
1376786889,4,17
1376786951,4,17
1376787012,5,16
1376787212,5,16
1376787259,7,14
1376787862,7,14
1376788514,7,14
1376788944,8,13
1376789548,8,13
1376790151,8,13
1376790755,8,13
1376791359,8,13
1376791749,7,14
1376792352,7,14
1376792956,7,14
1376793559,7,14
1376794163,7,14
1376794767,7,14
1376794831,7,14
1376794863,8,13
1376794946,8,13
1376794978,9,12
1376795197,9,12
1376795251,11,10
1376795854,11,10
1376796458,11,10
1376797061,11,10
1376797665,11,10
1376798268,11,10
1376798916,12,9
1376799520,12,9
1376800124,12,9
1376800727,12,9
1376801330,12,9
1376801934,12,9
1376802039,11,10
1376802643,11,10
1376803247,11,10
1376803850,11,10
1376804454,11,10
1376805057,11,10
1376805661,11,10
1376806264,11,10
1376806868,11,10
1376807471,11,10
1376808075,11,10
1376808263,12,9
1376808866,12,9
1376809470,12,9
1376810073,12,9
1376810677,12,9
1376810985,12,9
1376810987,11,10
1376811591,11,10
1376812195,11,10
1376812798,11,10
1376812990,10,11
1376813131,11,10
1376813735,11,10
1376813858,9,12
1376814095,10,11
1376814446,9,12
1376814766,9,12
1376814771,9,12
1376814904,10,11
1376815508,10,11
1376816112,10,11
1376816715,10,11
1376817319,10,11
1376817533,9,12
1376817659,9,12
1376817753,10,11
1376818278,10,11
1376818326,11,10
1376818514,12,9
1376819145,12,9
1376819154,12,9
1376819248,11,10
1376819684,11,10
1376819735,9,12
1376819794,8,13
1376820046,8,13
1376820089,10,11
1376820252,9,12
1376820305,8,13
1376820706,9,12
1376820813,10,11
1376821241,9,12
1376821595,9,12
1376821655,9,12
1376821725,8,13
1376821742,8,13
1376822020,8,13
1376822060,10,11
1376822107,10,11
1376822335,9,12
1376822478,10,11
1376823105,10,11
1376823143,9,12
1376823244,7,14
1376823359,8,13
1376823615,8,13
1376823685,8,12
1376823723,8,12
1376823822,8,12
1376823869,9,11
1376824101,8,12
1376824170,6,14
1376824246,7,13
1376824349,7,13
1376824405,7,13
1376824473,7,13
1376824532,6,14
1376824561,7,13
1376824655,6,14
1376824670,5,15
1376824869,6,14
1376824985,7,13
1376825103,8,12
1376825248,7,13
1376825412,6,14
1376825616,6,14
1376826219,6,15
1376826573,5,16
1376826785,6,15
1376826978,5,16
1376827138,6,15
1376827262,7,14
1376827603,5,16
1376828024,4,17
1376828628,4,17
1376829017,2,19
1376829103,2,19
1376829131,0,21
1376829582,1,20
1376829802,2,19
1376829855,2,19
1376829927,3,18
1376829977,2,19
1376830309,1,20
1376830381,2,19
1376830634,1,20
1376830816,0,21
1376831420,0,21
1376831504,1,20
1376831555,3,18
1376831577,4,17
1376832094,3,18
1376832343,3,18
1376832399,5,16
1376832671,4,17
1376832935,5,16
