1376208492,28,38
1376208864,28,38
1376208900,29,37
1376208995,29,37
1376209025,30,36
1376209629,30,36
1376209677,29,37
1376210281,29,37
1376210680,29,37
1376210824,28,38
1376210938,29,37
1376211053,28,38
1376211153,27,39
1376211437,27,39
1376211476,28,38
1376211765,25,41
1376211787,23,43
1376211864,23,43
1376211912,24,42
1376212416,25,41
1376212626,24,42
1376213230,24,42
1376213825,24,42
1376214256,23,43
1376214860,23,43
1376215222,23,43
1376215357,23,43
1376215385,24,42
1376215482,23,43
1376215520,24,42
1376215720,24,42
1376215769,24,42
1376215903,24,42
1376215959,23,43
1376216023,23,43
1376216063,22,44
1376216127,24,42
1376216169,25,41
1376216251,25,41
1376216309,26,40
1376216383,26,40
1376216426,25,41
1376216469,26,40
1376216604,24,42
1376216641,23,43
1376216795,24,42
1376216840,22,44
1376217254,20,46
1376217459,19,47
1376217480,18,48
1376217613,18,48
1376217692,19,47
1376217810,20,46
1376217934,21,45
1376217969,21,45
1376218030,22,44
1376218090,23,43
1376218175,22,44
1376218241,22,44
1376218247,21,45
1376218310,21,45
1376218378,22,44
1376218467,22,44
1376218524,23,43
1376218840,24,42
1376218885,25,41
1376219418,26,40
1376219735,27,39
1376219849,25,41
1376219901,24,42
1376220039,24,42
1376220094,25,41
1376220337,18,48
1376220392,18,48
1376220422,19,47
1376220518,20,46
1376220576,19,47
1376220641,17,49
1376220688,17,49
1376220758,17,49
1376220811,18,48
1376221076,17,49
1376221720,17,49
1376221779,18,48
1376221831,18,48
1376221869,19,47
1376222074,17,49
1376222639,18,48
1376222851,15,51
1376223397,13,53
1376223514,9,57
1376223579,8,58
1376223643,7,59
1376223702,4,61
1376223713,3,62
1376223792,1,64
1376224042,0,65
1376224576,0,65
1376224642,0,65
1376224706,1,64
1376224755,1,64
1376224833,0,65
1376224892,0,65
1376225018,0,65
1376225071,0,65
1376225096,0,65
1376225161,2,63
1376225308,1,64
1376225384,0,65
1376225467,0,65
1376225572,0,65
1376225870,0,65
1376226200,0,65
1376226272,1,64
1376226339,0,65
1376226363,0,65
1376226422,1,64
1376226636,0,65
1376226688,1,64
1376226754,0,65
1376226839,1,64
1376226942,0,65
1376227546,0,65
1376227643,0,65
1376227691,0,65
1376227750,0,65
1376227843,1,64
1376227850,0,65
1376228021,1,64
1376228508,1,64
1376228592,2,63
1376228922,1,64
1376228979,3,62
1376229043,2,63
1376229101,1,64
1376229124,1,64
1376229222,1,64
1376229243,0,65
1376229339,2,63
1376229392,2,63
1376229407,3,62
1376229500,1,64
1376229571,1,64
1376229586,2,63
1376229699,0,65
1376229763,0,65
1376229806,0,65
1376229881,0,65
1376229943,0,65
1376229989,1,64
1376230038,0,65
1376230396,0,65
1376230475,1,64
1376230603,1,64
1376230686,1,64
1376230764,0,65
1376230832,0,65
1376230856,0,65
1376230916,1,64
1376231003,0,65
1376231366,0,65
1376231502,0,65
1376231557,2,63
1376231600,1,64
1376231756,0,65
1376232280,0,65
1376232517,0,65
1376232580,2,62
1376232635,1,64
1376232689,0,64
1376232729,0,65
1376232780,0,65
1376232875,0,65
1376232917,1,64
1376232981,1,64
1376233005,1,64
1376233241,1,64
1376233271,1,64
1376233423,1,64
1376233530,0,65
1376233564,1,64
1376233657,1,64
1376233711,2,63
1376233804,2,63
1376233900,5,60
1376233963,7,58
1376233999,8,57
1376234081,10,55
1376234142,13,52
1376234204,18,47
1376234254,19,46
1376234290,22,43
1376234374,23,42
1376234436,23,42
1376234493,25,40
1376234557,26,39
1376234620,26,39
1376234663,26,39
1376234736,27,38
1376234800,27,38
1376234861,27,38
1376234917,25,40
1376234966,26,39
1376235502,24,41
1376235742,25,40
1376235800,25,40
1376235835,26,39
1376236122,24,41
1376236182,26,39
1376236243,28,37
1376236286,29,36
1376236622,30,35
1376237226,30,35
1376237366,31,34
1376237438,31,34
1376237554,31,34
1376237565,32,33
1376237682,31,33
1376237739,31,34
1376238160,33,32
1376238287,34,31
1376238423,32,33
1376238521,32,33
1376238524,33,32
1376238601,33,32
1376238687,33,32
1376238761,34,31
1376238811,32,33
1376238887,32,33
1376238958,32,33
1376239069,32,33
1376239221,32,33
1376239369,33,32
1376239537,33,32
1376239587,33,32
1376239705,33,32
1376239772,34,31
1376239823,35,30
1376239861,36,29
1376240063,37,28
1376240230,37,28
1376240322,37,28
1376240383,38,27
1376240491,39,26
1376240556,39,26
1376240599,41,24
1376240800,41,24
1376240812,43,22
1376241262,43,22
1376241473,43,22
1376241580,40,25
1376241643,40,25
1376241680,40,25
1376241755,41,24
1376241773,41,24
1376241839,42,23
1376241925,41,24
1376241994,42,23
1376242060,42,23
1376242085,43,22
1376242147,43,22
1376242240,44,21
1376242286,45,20
1376242534,45,20
1376243052,46,19
1376243141,46,19
1376243144,45,20
1376243247,45,20
1376243290,45,20
1376243371,45,20
1376243402,46,19
1376243449,45,20
1376244032,42,23
1376244135,41,24
1376244173,40,25
1376244437,41,24
1376244809,42,23
1376244851,43,22
1376245183,41,23
1376245214,40,25
1376245260,41,24
1376245357,39,26
1376245373,39,26
1376245477,39,26
1376245534,40,25
1376245589,41,24
1376245658,42,23
1376245722,42,22
1376245761,42,23
1376245831,43,22
1376245889,42,23
1376246079,42,23
1376246120,43,22
1376246148,44,21
1376246309,44,21
1376246382,45,20
1376246385,43,22
1376246489,43,22
1376246557,43,21
1376246618,43,21
1376246681,45,19
1376246737,46,18
1376246777,46,18
1376246913,46,19
1376246960,45,20
1376247041,46,19
1376247055,48,17
1376247201,49,16
1376247277,48,17
1376247339,49,16
1376247685,50,15
1376247758,48,17
1376248242,46,19
1376248246,45,20
1376248464,46,19
1376248541,46,19
1376248557,43,22
1376248639,43,22
1376248684,43,22
1376248780,44,21
1376248840,43,21
1376248876,44,20
1376248948,43,21
1376249050,43,21
1376249133,43,21
1376249198,43,21
1376249255,44,21
1376249374,45,20
1376249422,45,20
1376249455,46,19
1376249615,47,18
1376249658,46,19
1376249729,46,19
1376250127,46,19
1376250219,46,19
1376250276,47,18
1376250381,47,18
1376250436,47,18
1376250474,48,17
1376250563,48,17
1376250587,49,16
1376250681,48,17
1376250930,48,17
1376251001,49,15
1376251042,50,14
1376251113,50,14
1376251359,50,14
1376251378,50,14
1376251590,49,15
1376251716,49,15
1376251732,49,15
1376251848,49,15
1376252023,49,15
1376252082,49,15
1376252131,49,15
1376252170,49,15
1376252214,50,14
1376252376,50,14
1376252438,50,14
1376252740,50,14
1376252791,50,14
1376252896,50,14
1376252966,51,13
1376253038,50,14
1376253100,50,14
1376253145,50,14
1376253274,51,13
1376253336,52,12
1376253381,53,11
1376253460,53,11
1376253500,53,11
1376253580,53,11
1376253634,55,9
1376253683,56,8
1376253732,54,10
1376253813,54,10
1376253851,54,10
1376254182,53,11
1376254205,53,11
1376254245,53,11
1376254317,54,10
1376254381,53,11
1376254446,54,10
1376254538,54,10
1376254559,54,10
1376254897,54,10
1376254913,54,10
1376255202,54,10
1376255253,54,10
1376255267,54,10
1376255556,54,10
1376255618,54,10
1376255732,51,13
1376255910,51,13
1376255972,51,13
1376256217,51,13
1376256281,52,12
1376256339,52,12
1376256380,49,15
1376256641,49,15
1376256679,50,14
1376256761,52,12
1376256815,53,11
1376256879,54,10
1376256995,54,10
1376257032,54,10
1376257361,54,10
1376257385,54,10
1376257477,52,12
1376257523,52,12
1376257600,52,12
1376257659,53,11
1376257720,54,10
1376257739,54,10
1376257878,55,9
1376258078,55,9
1376258092,55,9
1376258383,55,9
1376258443,55,9
1376258445,55,9
1376258736,55,9
1376258799,55,9
1376258823,55,9
1376258914,56,8
1376259090,56,8
1376259152,56,8
1376259461,56,8
1376259506,56,8
1376259821,56,8
1376259861,56,8
1376260175,56,8
1376260215,56,8
1376260542,56,8
1376260568,56,8
1376260901,56,8
1376260922,56,8
1376261260,56,8
1376261275,56,8
1376261615,56,8
1376261629,56,8
1376261920,56,8
1376261982,56,8
1376262138,56,8
1376262222,56,8
1376262274,56,8
1376262336,55,9
1376262367,56,8
1376262462,57,7
1376262504,56,8
1376262581,58,6
1376262641,58,6
1376262689,58,6
1376263000,58,6
1376263056,58,6
1376263122,58,6
1376263164,59,5
1376263297,59,5
1376263359,60,4
1376263397,60,4
1376263712,60,4
1376263750,60,4
1376264081,60,4
1376264106,60,4
1376264441,60,4
1376264486,61,3
1376264800,61,3
1376264813,61,3
1376264946,61,3
1376265040,61,3
1376265064,61,3
1376265154,61,3
1376265179,61,3
1376265258,61,3
1376265289,62,2
1376265459,62,2
1376265521,62,2
1376265812,62,2
1376265874,62,2
1376266182,62,2
1376266228,62,2
1376266538,62,2
1376266581,62,2
1376266897,62,2
1376266937,62,2
1376267185,63,1
1376267251,63,1
1376267291,63,1
1376267368,63,1
1376267411,64,0
1376267622,64,0
1376267661,64,0
1376267978,64,0
1376267999,64,0
1376268337,64,0
1376268352,64,0
1376268642,64,0
1376268690,64,0
1376268706,64,0
1376268995,64,0
1376269059,64,0
1376269361,64,0
1376269412,64,0
1376269722,64,0
1376269766,64,0
1376270082,64,0
1376270119,64,0
1376270435,64,0
1376270473,64,0
1376270802,64,0
1376270826,64,0
1376271161,64,0
1376271180,64,0
1376271520,64,0
1376271533,64,0
1376271873,64,0
1376271887,64,0
1376272241,64,0
1376272532,64,0
1376272594,64,0
1376272902,64,0
1376272947,64,0
1376273258,64,0
1376273301,64,0
1376273616,64,0
1376273655,64,0
1376273970,64,0
1376274010,64,0
1376274341,64,0
1376274364,64,0
1376274702,64,0
1376274717,64,0
1376275056,64,0
1376275071,64,0
1376275360,64,0
1376275409,64,0
1376275425,64,0
1376275714,64,0
1376275778,64,0
1376276081,64,0
1376276132,64,0
1376276441,64,0
1376276486,64,0
1376276800,64,0
1376276840,64,0
1376277153,64,0
1376277193,64,0
1376277522,64,0
1376277547,64,0
1376277880,64,0
1376277899,64,0
1376278238,64,0
1376278252,64,0
1376278592,64,0
1376278607,64,0
1376278897,64,0
1376278961,64,0
1376279250,64,0
1376279315,64,0
1376279621,64,0
1376279668,64,0
1376279982,64,0
1376280022,64,0
1376280336,64,0
1376280376,64,0
1376280690,64,0
1376280730,64,0
1376281062,64,0
1376281083,64,0
1376281421,64,0
1376281437,64,0
1376281775,64,0
1376281791,64,0
1376282080,64,0
1376282142,64,0
1376282144,64,0
1376282434,64,0
1376282496,64,0
1376282800,64,0
1376282849,64,0
1376283160,64,0
1376283203,64,0
1376283518,64,0
1376283556,64,0
1376283872,64,0
1376283910,64,0
1376284241,64,0
1376284265,64,0
1376284598,64,0
1376284617,64,0
1376284957,64,0
1376284970,64,0
1376285262,64,0
1376285322,64,0
1376285324,64,0
1376285615,64,0
1376285677,64,0
1376285982,64,0
1376286031,64,0
1376286340,64,0
1376286384,64,0
1376286699,64,0
1376286737,64,0
1376286932,63,1
1376287053,63,1
1376287091,63,1
1376287420,64,0
1376287445,64,0
1376287649,63,1
1376287779,63,1
1376287798,63,1
1376288138,63,1
1376288155,63,1
1376288492,63,1
1376288505,63,1
1376288632,62,2
1376288743,61,3
1376288797,61,3
1376288859,61,3
1376289150,61,3
1376289213,60,4
1376289387,59,5
1376289521,59,5
1376289566,59,5
1376289762,58,6
1376289791,59,5
1376289882,59,5
1376289920,59,5
1376290070,58,6
1376290236,58,6
1376290274,58,6
1376290589,58,6
1376290627,58,6
1376290753,57,7
1376290962,57,7
1376291019,56,8
1376291122,55,9
1376291321,55,9
1376291352,56,8
1376291491,55,8
1376291546,53,10
1376291616,52,11
1376291679,51,12
1376291716,48,15
1376291802,48,15
1376291805,46,17
1376291919,45,18
1376292042,44,19
1376292053,43,20
1376292183,42,21
1376292373,41,22
1376292403,41,22
1376292541,40,23
1376292637,39,24
1376292686,37,26
1376292752,35,28
1376292992,33,30
1376293062,33,30
1376293106,33,30
1376293232,33,30
1376293415,33,30
1376293459,33,30
1376293643,32,31
1376293702,32,31
1376293836,31,32
1376293900,32,31
1376294017,30,33
1376294141,29,34
1376294166,29,34
1376294317,28,35
1376294381,29,34
1376294394,29,34
1376294487,30,33
1376294586,29,34
1376294677,28,35
1376294734,28,35
1376294796,28,35
1376294803,28,35
1376294893,28,36
1376294959,28,36
1376294995,28,36
1376295064,28,35
1376295150,26,37
1376295754,26,37
1376296297,26,37
1376296320,26,37
1376296422,27,36
1376296457,27,36
1376296535,27,36
1376296570,27,36
1376296652,27,36
1376296720,27,36
1376296738,26,37
1376296806,26,37
1376296892,26,37
1376296963,24,39
1376297011,22,41
1376297075,23,40
1376297165,22,41
1376297284,21,42
1376297681,20,43
1376297886,19,44
1376298261,20,43
1376298326,20,43
1376298436,21,42
1376298517,22,41
1376298579,22,41
1376298638,23,40
1376298820,23,40
1376298823,22,41
1376299114,22,41
1376299161,22,41
1376299221,16,47
1376299315,16,47
1376299590,16,47
1376299638,17,46
1376300103,15,48
1376300170,14,49
1376300360,14,49
1376300420,15,48
1376300487,15,48
1376300545,16,47
1376300604,16,46
1376300683,16,46
1376300706,15,47
1376300760,15,47
1376300833,13,49
1376300888,13,49
1376300963,13,49
1376301089,9,53
1376301208,6,56
1376301280,5,57
1376301339,5,57
1376301395,2,60
1376301462,2,60
1376301510,1,61
1376301583,1,61
1376301624,1,62
1376301683,0,63
1376301745,1,62
1376301822,1,62
1376301850,1,62
1376301933,1,62
1376301984,3,61
1376302006,3,61
1376302071,3,61
1376302278,1,63
1376302354,0,64
1376302961,0,65
1376303276,0,65
1376303358,0,65
1376303440,0,65
1376303524,1,64
1376303571,0,65
1376304199,1,64
1376304401,1,64
1376304411,0,65
1376304520,0,65
1376305122,0,65
1376305147,0,65
1376305233,1,64
1376305471,0,65
1376305780,0,65
1376305837,2,63
1376305923,2,63
1376306016,3,62
1376306051,3,62
1376306133,2,63
1376306306,0,65
1376306372,1,64
1376306409,1,64
1376306674,0,65
1376306738,0,65
1376306759,0,65
1376306901,0,65
1376306925,0,65
1376307033,1,64
1376307091,2,63
1376307440,0,65
1376307604,0,65
1376308205,0,65
1376308275,1,64
1376308352,0,65
1376308435,0,64
1376308589,0,64
1376308659,2,63
1376308709,0,63
1376308782,0,64
1376308784,0,64
1376309062,0,64
1376309131,1,63
1376309159,0,64
1376309260,1,63
1376309399,1,63
1376309497,1,63
1376309552,0,64
1376309802,1,63
1376309861,0,64
1376309976,0,64
1376310041,0,64
1376310089,0,64
1376310577,0,64
1376310611,1,63
1376310687,2,62
1376310726,2,62
1376310800,2,62
1376310855,3,61
1376310925,2,62
1376311030,3,61
1376311109,3,61
1376311168,2,62
1376311409,1,63
1376311439,1,63
1376311510,2,62
1376311591,3,61
1376311686,2,62
1376311774,3,61
1376311796,2,62
1376311894,4,60
1376311961,3,61
1376312019,3,61
1376312126,4,59
1376312173,5,59
1376312249,6,58
1376312370,6,58
1376312422,7,57
1376312488,7,57
1376312562,8,56
1376312683,7,57
1376312701,7,57
1376312853,8,56
1376312889,7,57
1376313014,6,58
1376313137,5,59
1376313515,3,61
1376313574,3,61
1376313641,3,61
1376313692,3,61
1376313707,4,60
1376313937,3,61
1376313983,4,60
1376314043,4,60
1376314121,5,59
1376314240,3,61
1376314245,2,62
1376314444,2,62
1376314772,1,63
1376315092,1,63
1376315154,2,62
1376315261,1,63
1376315318,2,62
1376315432,1,63
1376315905,1,63
1376315947,1,63
1376316140,1,63
1376316203,2,62
1376316265,3,61
1376316797,4,60
1376316882,4,60
1376316885,5,59
1376317048,5,59
1376317122,3,61
1376317138,1,63
1376317269,0,64
1376317842,0,64
1376317853,1,63
1376318058,2,62
1376318254,3,61
1376318382,3,61
1376318434,6,58
1376318454,4,60
1376318660,4,60
1376318743,4,60
1376318791,3,61
1376319157,3,61
1376319222,1,63
1376319276,2,62
1376319343,3,61
1376319400,4,60
1376319458,4,60
1376319700,4,60
1376319744,3,61
1376319855,3,61
1376319927,4,60
1376320053,3,61
1376320123,2,62
1376320169,2,62
1376320216,2,62
1376320295,4,60
1376320361,1,63
1376320388,2,62
1376320467,1,63
1376320550,2,62
1376320656,2,62
1376320708,1,63
1376320758,1,63
1376320842,3,61
1376320860,3,61
1376320954,3,61
1376320985,3,60
1376321066,4,59
1376321125,4,59
1376321195,4,59
1376321236,6,57
1376321319,6,57
1376321379,6,57
1376321436,4,59
1376321520,5,58
1376321569,4,59
1376321674,6,57
1376321724,5,58
1376321773,7,56
1376321856,7,56
1376321890,7,56
1376321980,9,54
1376322320,8,55
1376322372,9,54
1376322517,10,53
1376322580,12,51
1376322639,13,50
1376322693,10,53
1376322763,9,54
1376322809,10,53
1376322855,11,52
1376322939,12,51
1376322949,13,50
1376323040,14,49
1376323122,13,50
1376323183,13,50
1376323228,13,50
1376323301,14,49
1376323353,14,49
1376323394,14,49
1376323541,14,49
1376323603,14,49
1376323634,14,49
1376323714,15,48
1376324017,13,50
1376324069,14,49
1376324136,14,49
1376324203,16,47
1376324223,18,45
1376324275,18,46
1376324364,19,45
1376324476,20,44
1376324574,20,44
1376324802,20,44
1376324822,22,42
1376324913,21,43
1376324979,21,43
1376325018,21,43
1376325097,22,42
1376325149,23,41
1376325270,22,42
1376325285,22,42
1376325392,21,43
1376325461,21,43
1376325502,21,43
1376325573,22,42
1376325669,22,42
1376325757,21,43
1376325783,22,42
1376325833,23,41
1376325998,22,42
1376326566,22,42
1376326635,22,42
1376326721,23,41
1376327053,24,40
1376327142,24,40
1376327198,23,41
1376327259,25,39
1376327299,25,39
1376327453,26,38
1376327510,26,38
1376327615,26,38
1376327679,26,38
1376327703,26,38
1376327796,26,38
1376327837,26,38
1376328025,27,37
1376328083,27,37
1376328159,28,36
1376328214,30,34
1376328702,30,34
1376328711,31,33
1376328813,30,34
1376328993,28,36
1376329057,28,36
1376329120,28,36
1376329722,28,36
1376329782,29,35
1376329840,31,33
1376329878,32,32
1376329940,34,30
1376330078,36,28
1376330134,35,29
1376330491,35,29
1376330558,35,29
1376330622,35,29
1376330677,35,29
1376330693,36,28
1376330857,36,28
1376330914,38,26
1376331094,37,27
1376331131,38,26
1376331279,37,27
1376331580,37,27
1376331592,38,26
1376331761,39,25
1376331765,38,26
1376332051,36,28
1376332118,36,28
1376332252,36,28
1376332314,36,28
1376332423,36,28
1376332462,37,27
1376332543,36,28
1376332546,37,27
1376332631,36,28
1376332779,36,28
1376332839,36,28
1376332883,37,27
1376332917,38,26
1376333512,39,25
1376333680,39,25
1376333715,40,24
1376333784,41,23
1376333841,42,22
1376334125,43,21
1376334251,42,22
1376334568,42,22
1376334628,43,21
1376335232,43,21
1376335409,44,20
1376335566,43,21
1376335644,44,20
1376335718,45,19
1376336069,46,18
1376336130,45,19
1376336157,45,19
1376336236,46,18
1376336500,46,18
1376336503,48,16
1376336730,48,16
1376337021,49,15
1376337133,50,14
1376337213,49,15
1376337263,49,15
1376337332,50,14
1376337935,50,14
1376338017,48,16
1376338074,48,16
1376338242,48,16
1376338298,49,15
1376338332,50,14
1376338707,52,12
1376338947,52,12
1376339550,52,12
1376339960,51,13
1376340563,51,13
1376340636,50,14
1376340674,50,14
1376340755,52,12
1376340955,53,11
1376341559,53,11
1376341658,53,11
1376341669,54,10
1376342259,53,11
1376342315,54,10
1376342357,54,10
1376342432,55,9
1376343037,55,9
1376343400,55,9
1376343462,57,7
1376343508,57,7
1376343614,58,6
1376344217,58,6
1376344821,58,6
1376345059,58,6
1376345141,58,6
1376345144,57,7
1376345235,56,8
1376345427,56,8
1376345490,55,9
1376345556,55,9
1376345613,56,8
1376345655,57,7
1376346153,58,6
1376346757,58,6
1376346853,58,6
1376346924,59,5
1376347490,58,6
1376347721,58,6
1376347792,57,7
1376347894,54,10
1376348261,54,10
1376348321,56,8
1376348323,57,7
1376348927,57,7
1376349530,57,7
1376350134,57,7
1376350400,56,8
1376350523,56,8
1376350581,56,8
1376350897,57,7
1376350961,57,7
1376351106,57,7
1376351318,57,7
1376351377,57,7
1376351449,57,7
1376351597,58,6
1376352201,58,6
1376352804,58,6
1376353408,58,6
1376354011,58,6
1376354615,58,6
1376354973,57,7
1376355577,57,7
1376356180,57,7
1376356742,58,6
1376357345,58,6
1376357949,58,6
1376358613,58,6
1376358673,59,5
1376359277,59,5
1376359880,59,5
1376360484,59,5
1376361087,59,5
1376361691,59,5
1376362294,59,5
1376362898,59,5
1376363502,59,5
1376364105,59,5
1376364709,59,5
1376365312,59,5
1376365916,59,5
1376366519,59,5
1376367123,59,5
1376367726,59,5
1376368205,59,5
1376368808,59,5
1376369440,59,5
1376369459,59,5
1376369562,59,5
1376369612,59,5
1376369663,59,5
1376369737,59,5
1376369762,59,5
1376369851,59,5
1376369972,59,5
1376370576,59,5
1376370640,58,6
1376370645,57,7
1376371248,57,7
1376371868,56,8
1376372021,57,7
1376372051,56,8
1376372655,56,8
1376373260,56,8
1376373626,55,9
1376373712,54,10
1376374316,54,10
1376374710,53,11
1376374814,52,12
1376374915,53,11
1376375486,52,12
1376375680,52,12
1376375727,50,14
1376375785,49,15
1376375847,48,16
1376376451,48,16
1376377054,48,16
1376377181,47,17
1376377301,47,17
1376377311,48,16
1376377397,47,17
1376377627,44,20
1376377741,43,21
1376377814,40,24
1376378302,37,27
1376378418,36,28
1376378460,35,29
1376378776,35,29
1376378888,36,28
1376379182,35,29
1376379274,34,30
1376379563,35,29
1376379641,35,29
1376379644,34,30
1376380031,33,31
1376380141,30,34
1376380216,30,34
1376380290,30,34
1376380345,31,33
1376380413,31,33
1376380472,28,36
1376380570,27,37
1376380719,27,37
1376380728,26,38
1376380941,25,39
1376381048,26,39
1376381172,27,38
1376381317,27,39
1376381709,25,41
1376382000,24,42
1376382604,24,42
1376382760,22,44
1376383334,21,45
1376383516,20,46
1376383572,21,45
1376384057,20,46
1376384661,20,46
1376384861,20,46
1376384864,19,47
1376385468,19,47
1376385566,19,47
1376385606,19,47
1376385652,19,47
1376385739,20,46
1376385804,21,45
1376386111,20,46
1376386534,20,46
1376386577,21,45
1376387111,20,46
1376387347,19,47
1376387540,20,46
1376387674,18,48
1376387690,17,49
1376388278,16,50
1376388519,16,50
1376388529,17,49
1376388622,16,50
1376388864,15,51
1376388928,16,50
1376389533,16,50
1376389596,17,49
1376389820,15,51
1376390180,16,50
1376390322,16,50
1376390325,15,51
1376390407,16,50
1376390525,15,51
1376390664,15,51
1376390720,14,52
1376390786,13,53
1376390834,13,53
1376390918,12,54
1376390981,11,55
1376391034,11,55
1376391080,12,54
1376391109,12,54
1376391169,13,53
1376391668,12,54
1376391837,12,54
1376391934,11,55
1376392000,11,55
1376392038,13,53
1376392066,14,52
1376392267,14,52
1376392523,15,51
1376392586,15,51
1376392645,15,51
1376392721,14,49
1376392732,14,50
1376392806,13,51
1376393301,13,51
1376393379,10,54
1376393513,8,56
1376393587,8,56
1376393793,9,55
1376394397,9,57
1376394600,10,56
1376394814,6,60
1376395001,7,59
1376395111,7,59
1376395207,6,60
1376395274,5,61
1376395540,5,61
1376395543,4,62
1376395615,5,61
1376395954,5,61
1376395995,4,62
1376396175,4,62
1376396260,4,61
1376396318,4,61
1376396383,4,61
1376396428,6,59
1376396502,6,59
1376396535,7,58
1376396601,8,58
1376396717,7,59
1376396983,7,59
1376396987,6,60
1376397614,6,60
1376397674,7,59
1376397803,6,60
1376397861,5,61
1376398051,4,62
1376398154,2,64
1376398521,1,65
1376398915,0,66
1376399519,0,66
1376400122,0,66
1376400319,1,65
1376400455,0,66
1376400546,0,66
1376400596,0,66
1376400711,0,66
1376401314,0,66
1376401444,0,66
1376401539,0,66
1376401601,1,65
1376401638,1,65
1376401759,1,65
1376401819,2,64
1376401892,2,64
1376401927,3,63
1376402181,3,63
1376402315,3,63
1376402423,3,63
1376402492,4,62
1376402525,3,63
1376402620,4,62
1376402635,5,61
1376402685,4,62
1376402813,2,64
1376403028,1,65
1376403160,0,66
1376403264,0,66
1376403323,0,66
1376403381,1,65
1376403985,1,65
1376404100,0,66
1376404704,0,66
1376405109,1,65
1376405613,1,65
1376406102,0,66
1376406110,0,66
1376406254,0,66
1376406334,1,65
1376406373,2,64
1376406419,3,63
1376406568,3,63
1376406639,2,64
1376406689,2,64
1376406757,1,65
1376406802,1,65
1376406865,3,63
1376406935,2,64
1376407003,4,62
1376407029,4,62
1376407105,5,61
1376407233,5,61
1376407287,6,60
1376407311,6,60
1376407395,7,59
1376407447,8,58
1376407530,8,58
1376407556,7,59
1376407715,6,60
1376407772,4,62
1376407825,6,60
1376407957,6,60
1376407980,7,59
1376408119,7,59
1376408164,5,61
1376408216,5,61
1376408372,4,62
1376408501,3,63
1376408505,2,64
1376408622,3,63
1376408785,5,61
1376408917,6,60
1376409459,6,60
1376409522,7,59
1376409624,7,59
1376409769,8,58
1376409868,8,58
1376409941,9,57
1376409983,9,57
1376410008,9,57
1376410115,9,57
1376410179,11,54
1376410241,12,53
1376410461,12,53
1376410492,11,54
1376410574,11,54
1376410651,10,55
1376410700,11,55
1376410806,10,56
1376411142,9,57
1376411147,8,58
1376411382,8,58
1376411385,7,59
1376411477,6,60
1376411552,6,60
1376411604,7,59
1376411661,7,59
1376411740,7,59
1376411764,7,59
1376411826,7,59
1376412042,7,59
1376412087,7,59
1376412151,8,58
1376412399,8,58
1376412447,8,58
1376412551,9,57
1376412854,9,57
1376412901,9,57
1376412966,10,56
1376413058,11,55
1376413081,12,54
1376413138,13,53
1376413201,14,52
1376413347,14,52
1376413413,15,51
1376413464,14,52
1376413591,14,52
1376413622,17,49
1376413711,17,49
1376413742,17,49
1376413887,17,49
1376413996,17,49
1376414080,17,49
1376414095,17,49
1376414316,17,49
1376414359,18,48
1376414413,19,47
1376414633,19,47
1376414742,21,45
1376414802,22,44
1376414862,22,44
1376414906,24,42
1376414961,25,41
1376415007,26,40
1376415049,27,39
1376415147,27,39
1376415222,26,39
1376415231,27,39
1376415321,27,39
1376415359,27,39
1376415462,27,39
1376415483,30,36
1376415559,29,37
1376415652,29,37
1376415716,29,37
1376415806,30,36
1376415873,31,35
1376415967,32,34
1376416047,33,33
1376416168,32,34
1376416362,33,33
1376416423,33,33
1376416476,34,32
1376416535,36,30
1376416548,37,29
1376416686,36,30
1376416744,37,29
1376416955,37,29
1376417063,37,29
1376417132,35,30
1376417169,35,31
1376417222,35,31
1376417314,36,30
1376417382,36,30
1376417428,37,29
1376417465,38,28
1376417542,37,29
1376417597,36,30
1376417639,35,31
1376417801,37,29
1376417862,37,29
1376417871,38,28
1376417952,37,29
1376418282,37,29
1376418290,38,28
1376418390,37,29
1376418492,35,31
1376418575,35,31
1376418632,35,31
1376419000,36,30
1376419177,33,33
1376419183,33,33
1376419284,34,32
1376419516,33,33
1376419839,35,31
1376419887,35,31
1376420367,36,30
1376420482,35,31
1376420879,36,30
1376420936,35,31
1376421342,35,31
1376421344,33,33
1376421802,34,32
1376422092,35,31
1376422238,35,30
1376422271,36,29
1376422538,36,29
1376422575,37,29
1376422625,37,29
1376422781,37,29
1376422805,39,27
1376423408,39,27
1376423796,40,26
1376423807,41,25
1376424411,41,25
1376424669,41,25
1376424751,41,25
1376424802,42,24
1376424880,42,24
1376424910,43,23
1376425261,42,24
1376425421,42,24
1376425469,45,21
1376425717,44,22
1376426012,45,21
1376426067,45,21
1376426131,45,21
1376426260,45,21
1376426337,45,21
1376426442,46,20
1376427046,46,20
1376427518,46,20
1376427529,47,19
1376428133,47,19
1376428736,47,19
1376429168,48,18
1376429357,47,19
1376429385,47,19
1376429603,48,18
1376430207,48,18
1376430811,48,18
1376431414,48,18
1376431496,48,18
1376431601,48,18
1376431626,50,16
1376431717,49,16
1376431777,49,17
1376431902,48,18
1376431940,47,19
1376432010,47,19
1376432070,49,17
1376432364,48,18
1376432967,48,18
1376433474,47,19
1376434078,47,19
1376434682,47,19
1376434990,47,19
1376435060,47,19
1376435117,47,19
1376435187,47,19
1376435251,48,18
1376435309,48,18
1376435406,48,18
1376435526,48,18
1376435620,49,17
1376435802,49,17
1376435805,50,16
1376435886,50,16
1376436490,50,16
1376437096,51,15
1376437179,52,14
1376437537,53,13
1376437659,54,12
1376438263,54,12
1376438867,54,12
1376439470,54,12
1376440074,54,12
1376440677,54,12
1376441281,54,12
1376441885,54,12
1376442488,54,12
1376443091,54,12
1376443702,55,11
1376444306,55,11
1376445011,55,11
1376445280,56,10
1376445884,56,10
1376446488,56,10
1376447091,56,10
1376447695,56,10
1376448298,56,10
1376448902,56,10
1376449505,56,10
1376450109,56,10
1376450712,56,10
1376451316,56,10
1376451920,56,10
1376452523,56,10
1376453127,56,10
1376453730,56,10
1376454334,56,10
1376454937,56,10
1376455541,56,10
1376456144,56,10
1376456748,56,10
1376457351,56,10
1376457955,56,10
1376458061,57,9
1376458089,56,10
1376458416,57,9
1376459020,57,9
1376459623,57,9
1376459731,56,10
1376459909,55,11
1376460512,55,11
1376461116,55,11
1376461629,54,12
1376461774,53,13
1376461829,53,13
1376461991,52,14
1376462115,50,16
1376462362,50,16
1376462625,50,16
1376462627,49,17
1376463041,49,17
1376463055,47,19
1376463279,45,21
1376463508,43,23
1376463643,41,25
1376463851,43,23
1376464047,44,22
1376464084,42,24
1376464147,41,25
1376464290,41,25
1376464358,41,25
1376464422,42,24
1376464424,41,25
1376464566,40,26
1376464662,39,27
1376464696,37,29
1376464792,35,31
1376464956,33,33
1376465223,32,34
1376465726,30,36
1376465888,31,35
1376466388,31,35
1376466515,32,34
1376466572,31,35
1376466752,30,36
1376467315,29,37
1376467497,27,39
1376467930,28,38
1376468347,27,39
1376468483,26,40
1376468531,26,40
1376468619,26,40
1376468682,26,40
1376468705,26,40
1376468780,27,39
1376468814,28,38
1376468911,29,37
1376468981,29,37
1376469024,28,38
1376469099,28,38
1376469157,26,40
1376469181,26,40
1376469231,27,39
1376469820,27,39
1376469824,26,40
1376469924,24,42
1376470056,23,43
1376470262,22,44
1376470331,22,44
1376470439,22,44
1376470585,22,44
1376470634,22,44
1376470694,22,44
1376470782,23,43
1376470965,23,43
1376471034,23,43
1376471118,23,43
1376471163,22,44
1376471223,21,45
1376471277,21,45
1376471343,21,45
1376471405,22,44
1376471495,22,44
1376471553,23,43
1376471572,24,42
1376471796,25,41
1376471857,20,46
1376472100,19,47
1376472147,18,48
1376472221,18,48
1376472447,15,51
1376472486,14,52
1376473090,14,52
1376473342,14,52
1376473418,14,52
1376473480,14,52
1376473533,13,53
1376473549,14,52
1376473656,14,52
1376473676,15,51
1376473744,16,50
1376473822,15,51
1376473870,15,51
1376473937,14,52
1376474014,13,53
1376474039,13,53
1376474118,13,53
1376474314,12,54
1376474378,11,55
1376474524,10,56
1376474674,9,57
1376474696,7,59
1376474890,5,61
1376475280,2,64
1376475331,1,65
1376475348,1,65
1376475535,1,65
1376475858,0,66
1376476121,1,65
1376476188,0,66
1376476478,1,65
1376476539,1,65
1376476721,1,65
1376476726,3,63
1376477320,3,63
1376477337,4,62
1376477413,5,61
1376477500,3,63
1376478034,2,64
1376478090,1,65
1376478196,0,66
1376478801,0,66
1376478874,1,65
1376478898,0,66
1376479298,0,66
1376479352,1,65
1376479415,2,64
1376479468,2,64
1376479507,3,63
1376479584,1,65
1376479826,0,66
1376480381,1,65
1376480430,1,65
1376480446,2,64
1376480540,1,65
1376480616,1,65
1376480716,2,64
1376480858,0,66
1376480911,0,66
1376481141,0,66
1376481165,0,66
1376481243,0,66
1376481338,0,66
1376481626,1,65
1376481696,2,64
1376481817,1,65
1376481904,0,66
1376481973,1,65
1376482098,3,63
1376482354,3,63
1376482467,3,63
1376482533,5,61
1376482597,5,61
1376482866,3,63
1376483135,3,63
1376483170,2,64
1376483214,3,63
1376483473,1,65
1376483941,1,65
1376484018,2,64
1376484104,2,64
1376484170,3,63
1376484389,3,63
1376484519,1,65
1376484619,1,65
1376484701,1,65
1376484743,2,64
1376484794,1,65
1376484938,2,64
1376485313,1,65
1376485917,1,65
1376486259,1,65
1376486323,1,65
1376486375,2,64
1376486438,3,63
1376487030,4,62
1376487054,5,61
1376487330,4,62
1376487746,5,61
1376487836,5,61
1376488123,3,63
1376488127,2,64
1376488209,3,63
1376488339,2,64
1376488408,2,64
1376488539,2,64
1376488590,3,63
1376488655,2,64
1376488723,2,64
1376488772,3,63
1376488844,3,63
1376488888,4,62
1376488963,3,63
1376489022,4,62
1376489049,2,64
1376489122,2,64
1376489262,1,65
1376489277,1,65
1376489439,1,65
1376489496,1,65
1376489605,3,63
1376489660,3,63
1376489695,4,62
1376490282,4,62
1376490300,2,64
1376490363,2,64
1376490464,2,64
1376490521,4,62
1376490576,5,61
1376490615,6,60
1376490971,4,62
1376491153,2,64
1376491238,2,64
1376491299,1,65
1376491574,2,64
1376491881,1,65
1376491960,1,65
1376492018,1,65
1376492085,2,64
1376492204,2,64
1376492327,1,65
1376492480,1,65
1376492621,1,65
1376492647,1,65
1376492732,1,65
1376492784,1,65
1376492898,3,63
1376492927,2,64
1376493038,2,64
1376493095,2,64
1376493119,1,65
1376493253,2,64
1376493403,1,65
1376493427,1,65
1376493484,1,65
1376493534,1,65
1376493623,1,65
1376493786,2,64
1376493875,2,64
1376493898,2,64
1376493987,1,65
1376494035,1,65
1376494118,1,65
1376494132,1,65
1376494656,2,64
1376494689,2,64
1376494743,3,63
1376494903,4,62
1376495057,3,63
1376495161,4,62
1376495317,4,62
1376495329,5,61
1376495664,5,61
1376495799,5,61
1376495815,2,64
1376495883,4,62
1376495962,5,61
1376496014,6,60
1376496083,6,60
1376496111,6,60
1376496225,6,60
1376496275,7,59
1376496643,7,59
1376497231,6,60
1376497472,7,59
1376497569,8,58
1376497662,7,59
1376497783,8,58
1376497951,9,57
1376498008,9,57
1376498129,10,56
1376498320,9,57
1376498381,10,56
1376498408,11,55
1376498454,11,55
1376498528,11,55
1376498619,11,54
1376498682,12,54
1376498715,10,56
1376498765,10,56
1376498862,11,55
1376498890,11,55
1376498962,11,55
1376499001,13,53
1376499096,13,53
1376499162,12,54
1376499216,12,54
1376499234,12,54
1376499342,13,53
1376499379,13,53
1376499451,13,53
1376499499,13,53
1376499573,11,55
1376499593,11,55
1376499698,11,55
1376499723,11,55
1376499786,10,56
1376499896,10,56
1376499980,9,57
1376500036,9,57
1376500106,10,56
1376500177,11,55
1376500241,11,55
1376500274,12,54
1376500388,12,54
1376500480,11,55
1376500573,10,56
1376500657,11,55
1376500723,13,53
1376500768,15,51
1376500817,14,52
1376500889,14,52
1376500931,15,51
1376501073,14,52
1376501127,14,52
1376501166,15,51
1376501206,15,51
1376501441,15,51
1376501482,15,51
1376501547,15,51
1376501608,16,50
1376501672,16,50
1376501735,15,51
1376501800,14,52
1376501835,12,54
1376501918,12,54
1376502028,12,54
1376502222,11,55
1376502366,10,56
1376502461,11,55
1376502504,12,54
1376502582,12,53
1376502590,13,53
1376502757,12,54
1376502816,13,53
1376502869,12,54
1376502937,13,53
1376502999,13,53
1376503031,14,52
1376503112,14,52
1376503176,16,50
1376503568,16,50
1376503713,16,50
1376503782,16,50
1376503810,16,50
1376503848,18,48
1376503939,18,48
1376503977,19,47
1376504581,19,47
1376504735,20,46
1376504980,19,47
1376505565,19,47
1376505715,18,48
1376506060,17,49
1376506084,17,49
1376506472,18,48
1376506543,19,47
1376506596,21,45
1376506618,19,47
1376506745,18,48
1376506951,19,47
1376507556,19,47
1376507668,19,47
1376507753,19,47
1376508039,19,47
1376508098,21,45
1376508453,20,46
1376508522,21,45
1376508581,22,44
1376508612,23,43
1376508665,24,42
1376508751,23,43
1376508819,23,43
1376508883,23,43
1376508942,24,41
1376508995,24,42
1376509066,25,41
1376509301,25,41
1376509350,26,40
1376509413,27,39
1376509467,28,38
1376509515,29,37
1376509717,30,36
1376510065,31,35
1376510112,31,35
1376510202,31,35
1376510260,31,35
1376510321,31,35
1376510363,32,34
1376510409,32,34
1376510463,32,34
1376510544,32,34
1376510638,35,31
1376510800,36,30
1376510851,39,27
1376510919,38,28
1376510943,38,28
1376511038,38,28
1376511102,39,27
1376511155,40,26
1376511758,40,26
1376511784,39,27
1376512388,39,27
1376512992,39,27
1376513510,39,27
1376513597,39,26
1376513650,40,26
1376513725,40,26
1376513802,41,25
1376514221,42,24
1376514483,42,24
1376514561,44,22
1376514998,44,22
1376515053,45,21
1376515102,47,19
1376515225,48,18
1376515661,48,18
1376515672,49,17
1376515760,48,18
1376515899,48,18
1376515935,49,17
1376516538,49,17
1376516678,49,17
1376516686,50,16
1376516843,51,15
1376517451,51,15
1376518000,50,16
1376518345,50,16
1376518949,50,16
1376519554,50,16
1376520158,50,16
1376520762,50,16
1376521063,51,15
1376521236,51,15
1376521256,50,16
1376521419,50,16
1376521474,50,16
1376521499,51,15
1376521896,50,16
1376521910,49,17
1376522514,49,17
1376522851,48,18
1376522914,48,18
1376522984,49,17
1376523595,50,16
1376524199,50,16
1376524803,50,16
1376525104,51,15
1376525708,51,15
1376526311,51,15
1376526915,51,15
1376527518,51,15
1376528122,51,15
1376528438,52,14
1376529041,52,14
1376529253,53,13
1376529857,53,13
1376530246,53,13
1376530346,53,13
1376530456,53,13
1376530510,54,12
1376530931,53,13
1376531358,53,13
1376531613,53,13
1376531673,53,13
1376532277,53,13
1376532880,53,13
1376533484,53,13
1376534088,53,13
1376534691,53,13
1376535295,53,13
1376535899,53,13
1376536502,53,13
1376537106,53,13
1376537709,53,13
1376538313,53,13
1376538916,53,13
1376539520,53,13
1376539598,54,12
1376540202,54,12
1376540469,54,12
1376540518,55,11
1376541122,55,11
1376541725,55,11
1376542329,55,11
1376542932,55,11
1376543536,55,11
1376544139,55,11
1376544743,55,11
1376545320,56,10
1376545923,56,10
1376546196,55,11
1376546799,55,11
1376546967,54,12
1376546984,54,12
1376547173,53,13
1376547777,53,13
1376547880,52,14
1376547940,51,15
1376547974,50,16
1376548030,50,16
1376548358,49,17
1376548531,47,19
1376548959,49,17
1376549115,48,18
1376549337,47,19
1376549942,47,19
1376550080,46,20
1376550399,42,24
1376551003,42,24
1376551608,42,24
1376552211,42,24
1376552815,40,26
1376553419,40,26
1376553521,40,26
1376553581,41,25
1376553641,41,25
1376553672,42,24
1376554179,42,24
1376554190,43,23
1376554406,42,24
1376554532,40,26
1376554614,41,25
1376554701,41,25
1376554773,41,25
1376554813,41,25
1376554871,41,25
1376554943,42,24
1376555014,43,23
1376555618,43,23
1376556221,43,23
1376556825,43,23
1376557216,44,22
1376557820,44,22
1376558162,43,22
1376558413,45,20
1376558662,45,20
1376558731,46,19
1376558849,45,20
1376558921,45,20
1376559574,43,22
1376559617,42,23
1376559693,42,23
1376559720,43,22
1376559901,43,22
1376560049,41,24
1376560101,42,23
1376560182,42,23
1376560218,43,22
1376560296,44,21
1376560347,44,21
1376560408,44,21
1376560445,45,20
1376560723,43,22
1376560779,41,24
1376560822,41,24
1376560902,41,24
1376560961,42,23
1376560999,43,22
1376561064,44,21
1376561087,43,22
1376561202,43,22
1376561205,44,21
1376561303,45,20
1376561557,44,21
1376561607,43,22
1376561836,41,24
1376561923,38,27
1376561927,37,28
1376562013,35,30
1376562327,35,30
1376562396,37,28
1376562435,38,27
1376562801,37,28
1376562858,34,31
1376563109,35,30
1376563225,33,32
1376563273,34,31
1376563316,35,30
1376563403,34,31
1376563763,33,32
1376563821,32,33
1376563892,31,34
1376563906,31,34
1376564021,30,35
1376564078,31,34
1376564319,29,36
1376564484,29,36
1376564558,28,37
1376564599,27,38
1376564689,26,39
1376564894,25,40
1376565440,25,40
1376565474,25,40
1376565579,25,40
1376565870,26,39
1376566233,27,38
1376566764,28,37
1376566976,27,38
1376567068,28,37
1376567137,28,37
1376567201,29,36
1376567246,29,36
1376567373,27,38
1376567412,27,38
1376567667,27,38
1376567800,25,40
1376567858,23,42
1376567914,22,43
1376567968,19,46
1376568044,17,48
1376568101,13,51
1376568130,12,53
1376568282,12,53
1376568363,10,55
1376568445,10,55
1376568518,11,54
1376568855,11,55
1376568925,11,55
1376568971,10,56
1376569033,10,56
1376569110,9,57
1376569129,9,57
1376569286,7,59
1376569314,5,61
1376569403,4,62
1376569472,3,63
1376569782,1,65
1376569823,1,65
1376569902,0,66
1376570506,0,66
1376570904,1,65
1376570968,2,64
1376571031,2,64
1376571126,1,65
1376571192,2,64
1376571271,1,65
1376571342,0,66
1376571370,0,66
1376571452,1,65
1376571522,1,65
1376571539,1,65
1376571700,1,65
1376571708,1,65
1376571819,1,65
1376571849,0,66
1376571891,1,65
1376572268,1,65
1376572362,1,65
1376572397,0,66
1376572599,0,66
1376572827,1,65
1376572892,0,66
1376572987,0,66
1376573229,0,66
1376573501,0,66
1376573549,0,66
1376573620,0,66
1376573656,7,59
1376573734,7,59
1376573802,7,59
1376573835,10,56
1376574086,10,56
1376574180,9,57
1376574575,5,61
1376574600,5,61
1376575119,4,62
1376575208,3,63
1376575414,2,64
1376575516,2,64
1376575678,2,64
1376575769,3,63
1376575797,3,63
1376575941,2,64
1376576005,3,63
1376576082,3,63
1376576084,4,62
1376576188,3,63
1376576260,2,64
1376576264,1,65
1376576453,0,66
1376576659,0,66
1376576742,1,65
1376576768,0,66
1376576839,0,66
1376576888,1,65
1376576981,3,63
1376576994,4,62
1376577207,3,63
1376577331,3,63
1376577457,1,65
1376577934,1,65
1376578241,0,66
1376578292,1,65
1376578331,0,66
1376578418,1,65
1376578475,0,66
1376578531,0,66
1376578577,0,66
1376579014,0,66
1376579055,0,66
1376579120,0,66
1376579297,0,66
1376579354,1,65
1376579427,1,65
1376579476,2,64
1376579560,1,65
1376579609,1,65
1376579625,2,64
1376579703,2,64
1376579783,2,64
1376579853,3,63
1376579920,4,62
1376579983,1,65
1376579988,1,65
1376580220,0,66
1376580274,0,66
1376580315,1,65
1376580366,1,65
1376580444,2,64
1376580515,2,64
1376580550,2,64
1376580640,2,64
1376580696,3,63
1376580758,6,60
1376580821,6,60
1376580877,8,58
1376580909,10,56
1376580981,12,54
1376581354,11,55
1376581600,7,59
1376581624,7,58
1376581710,9,57
1376581756,9,57
1376581834,10,56
1376581877,8,58
1376581952,8,58
1376582009,8,58
1376582065,8,58
1376582122,9,57
1376582184,10,56
1376582261,6,60
1376582322,2,64
1376582336,3,63
1376582418,1,65
1376582455,0,66
1376582594,0,66
1376582648,0,66
1376582705,0,66
1376582778,0,66
1376582861,0,66
1376582891,2,64
1376582977,0,66
1376583040,0,66
1376583100,0,66
1376583156,0,66
1376583221,1,65
1376583224,0,66
1376583337,1,65
1376583422,1,65
1376583496,2,64
1376583580,3,63
1376583630,4,62
1376583692,6,60
1376583762,7,59
1376583814,9,57
1376583864,9,57
1376583979,10,56
1376584012,10,56
1376584118,10,56
1376584156,10,56
1376584241,11,55
1376584301,9,57
1376584311,9,57
1376584373,9,57
1376584470,9,57
1376584521,10,56
1376584579,10,56
1376584648,11,55
1376584697,11,55
1376584835,8,58
1376584894,8,58
1376584976,9,57
1376585073,9,57
1376585140,10,56
1376585187,9,57
1376585305,9,57
1376585374,8,58
1376585414,8,58
1376585464,6,60
1376585557,2,64
1376585681,2,64
1376585706,0,66
1376585823,1,65
1376585885,1,65
1376585924,1,65
1376586027,2,64
1376586160,1,65
1376586215,2,64
1376586266,3,63
1376586313,4,62
1376586455,4,62
1376586484,4,62
1376586557,4,62
1376586795,3,63
1376586866,4,62
1376587181,3,63
1376587186,2,64
1376587443,3,63
1376587547,2,64
1376587942,2,64
1376588065,3,63
1376588246,4,62
1376588536,5,61
1376588741,6,60
1376588792,6,60
1376589047,5,61
1376589638,5,61
1376589677,4,62
1376589715,3,63
1376589781,3,63
1376589869,4,62
1376590062,4,62
1376590106,5,61
1376590170,4,62
1376590240,4,62
1376590300,4,62
1376590355,3,63
1376590395,4,62
1376590475,4,62
1376590533,4,62
1376590584,5,61
1376590620,4,62
1376590776,3,63
1376591210,1,65
1376591321,1,65
1376591382,0,66
1376591484,0,66
1376591663,0,66
1376591799,0,66
1376591810,1,65
1376591969,0,66
1376592572,0,66
1376593177,0,66
1376593437,0,66
1376593591,0,66
1376593657,0,66
1376593707,1,65
1376593838,1,65
1376593887,1,65
1376593940,2,64
1376594023,2,64
1376594082,3,63
1376594138,5,61
1376594188,5,61
1376594228,5,61
1376594318,6,60
1376594368,7,59
1376594429,8,58
1376594623,5,61
1376594669,5,61
1376594694,5,61
1376594749,6,60
1376595352,6,60
1376596001,2,64
1376596607,2,64
1376597003,1,65
1376597439,1,65
1376597495,2,64
1376597547,3,63
1376597782,2,64
1376598385,2,64
1376598857,4,62
1376599158,4,62
1376599214,5,61
1376599418,6,60
1376599954,4,62
1376600022,4,62
1376600080,5,61
1376600139,7,59
1376600319,7,59
1376600344,7,59
1376600396,8,58
1376600667,7,59
1376600801,8,58
1376600842,9,57
1376601446,9,57
1376602050,9,57
1376602272,9,57
1376602317,10,56
1376602921,10,56
1376603440,8,58
1376603453,7,59
1376603774,6,60
1376604158,6,60
1376604169,7,59
1376604450,7,59
1376604534,8,58
1376605139,8,58
1376605743,8,58
1376606004,7,59
1376606607,7,59
1376607053,6,60
1376607587,5,61
1376607684,5,61
1376607722,6,60
1376608326,6,60
1376608422,6,60
1376608482,6,60
1376608539,7,59
1376608599,8,58
1376608653,8,58
1376608704,8,58
1376608751,8,58
1376608802,9,57
1376609203,9,57
1376609258,13,53
1376609322,16,50
1376609383,17,49
1376609412,18,48
1376609500,17,49
1376609558,18,48
1376609564,18,48
1376609655,19,47
1376610258,19,47
1376610862,19,47
1376611465,19,47
1376612069,19,47
1376612462,20,46
1376613066,20,46
1376613394,21,45
1376613463,24,42
1376613519,26,40
1376613581,29,37
1376613642,33,33
1376613701,34,32
1376613759,37,29
1376613820,39,27
1376613854,40,26
1376614120,40,26
1376614129,39,27
1376614733,39,27
1376615337,39,27
1376615734,38,28
1376616338,38,28
1376616943,38,28
1376617513,39,27
1376617832,40,26
1376618436,40,26
1376618578,40,26
1376619181,40,26
1376619785,40,26
1376619920,41,25
1376620523,41,25
1376621129,41,25
1376621733,41,25
1376622338,41,25
1376622941,41,25
1376623545,41,25
1376624149,41,25
1376624652,42,24
1376625255,42,24
1376625859,42,24
1376626464,42,24
1376627067,42,24
1376627671,42,24
1376628274,42,24
1376628455,42,24
1376628470,43,23
1376629074,43,23
1376629208,44,22
1376629812,44,22
1376630417,44,22
1376631022,44,22
1376631626,44,22
1376632231,44,22
1376632251,43,23
1376632854,43,23
1376633458,43,23
1376634062,43,23
1376634624,42,24
1376634962,40,26
1376635035,39,27
1376635391,38,28
1376635994,38,28
1376636075,37,29
1376636489,37,29
1376636562,39,27
1376636620,40,26
1376636663,41,25
1376636994,40,26
1376637599,40,26
1376637747,39,27
1376638030,39,27
1376638585,38,28
1376638683,37,29
1376639017,37,29
1376639141,35,31
1376639556,34,32
1376640160,34,32
1376640522,33,33
1376641125,33,33
1376641233,32,34
1376641303,32,34
1376641358,34,32
1376641782,33,33
1376641831,30,36
1376642044,29,37
1376642148,28,38
1376642752,28,38
1376642974,28,38
1376643038,29,37
1376643102,29,37
1376643162,29,37
1376643756,26,39
1376643820,25,41
1376643965,23,43
1376644326,22,44
1376644482,22,43
1376644501,24,42
1376644610,23,43
1376644738,21,45
1376645004,21,45
1376645621,21,45
1376645680,17,48
1376645711,17,49
1376645783,17,49
1376645844,15,51
1376645901,16,50
1376645963,16,50
1376646033,17,49
1376646087,18,48
1376646208,18,48
1376646278,18,48
1376646329,19,47
1376646673,19,47
1376646762,20,46
1376646764,21,45
1376646927,20,46
1376646950,19,47
1376647108,18,48
1376647178,16,50
1376647278,14,52
1376647343,13,53
1376647411,11,55
1376647438,10,56
1376647684,9,57
1376647874,5,61
1376648046,5,61
1376648300,5,61
1376648381,5,61
1376648540,5,61
1376648611,5,61
1376648802,5,61
1376648859,5,61
1376648917,5,61
1376649062,4,62
1376649134,4,62
1376649189,5,61
1376649279,5,61
1376649342,5,61
1376649345,5,61
1376649461,4,62
1376649475,4,62
1376649637,4,62
1376649728,4,62
1376649791,4,62
1376649829,5,61
1376649998,5,61
1376650064,5,61
1376650121,5,61
1376650178,5,61
1376650226,3,63
1376650287,3,63
1376650351,3,63
1376650412,4,62
1376650537,3,63
1376650565,1,65
1376650654,0,66
1376651007,1,65
1376651212,0,66
1376651678,0,66
1376651694,0,66
1376651863,0,66
1376651909,1,65
1376651951,1,65
1376652015,2,64
1376652388,2,64
1376652436,0,66
1376652508,0,66
1376652562,0,66
1376652627,0,66
1376652808,0,66
1376652833,0,66
1376652906,0,66
1376653176,1,65
1376653331,1,65
1376653404,2,64
1376653476,3,63
1376653538,2,64
1376653569,1,65
1376653657,1,65
1376653697,2,64
1376653780,4,62
1376653796,5,61
1376653892,4,62
1376653919,4,62
1376654005,2,64
1376654032,2,64
1376654380,0,66
1376654383,0,66
1376654856,0,66
1376655089,1,65
1376655686,0,66
1376656239,0,66
1376656294,1,65
1376656414,0,66
1376656432,0,66
1376656538,0,66
1376657142,0,66
1376657746,0,66
1376657953,0,66
1376658162,0,66
1376658172,1,65
1376658281,1,65
1376658289,2,64
1376658478,2,64
1376658683,0,66
1376658757,1,65
1376658786,0,66
1376659044,0,66
1376659173,1,65
1376659196,0,66
1376659299,0,66
1376659360,0,66
1376659419,1,65
1376659542,2,64
1376659592,0,66
1376659659,0,66
1376659713,0,66
1376659772,0,66
1376659827,1,65
1376659896,1,65
1376659929,2,64
1376660019,2,64
1376660103,3,63
1376660163,4,62
1376660285,2,64
1376660363,1,65
1376660486,2,64
1376660543,1,65
1376660643,1,65
1376660692,1,65
1376660798,1,65
1376660852,0,66
1376660968,0,66
1376661178,0,66
1376661266,0,66
1376661311,0,66
1376661402,0,66
1376661417,1,65
1376661519,1,65
1376661544,0,66
1376661636,1,65
1376661762,1,65
1376661781,2,64
1376661880,2,64
1376661934,1,65
1376661994,2,64
1376662042,2,64
1376662091,3,63
1376662169,4,62
1376662241,5,61
1376662275,4,62
1376662317,2,64
1376662391,3,63
1376662456,4,62
1376662503,5,61
1376662581,5,61
1376662643,6,60
1376662804,5,61
1376662894,4,62
1376663007,0,66
1376663341,0,66
1376663622,0,66
1376663625,1,65
1376663776,0,66
1376664380,0,66
1376664870,1,65
1376664913,1,65
1376664987,1,65
1376665022,1,65
1376665076,1,65
1376665154,0,66
1376665274,0,66
1376665359,0,66
1376665384,0,66
1376665478,0,66
1376665568,0,66
1376665663,2,64
1376665738,2,64
1376665838,1,65
1376665864,0,66
1376665927,0,66
1376665996,1,65
1376666035,1,65
1376666111,2,64
1376666190,2,64
1376666250,3,63
1376666320,2,64
1376666367,2,64
1376666797,0,66
1376667205,1,65
1376667277,1,65
1376667314,0,66
1376667395,1,65
1376667449,0,66
1376667494,0,66
1376667557,0,66
1376667622,1,65
1376667688,2,64
1376667755,0,66
1376667789,0,66
1376667881,0,66
1376667931,0,66
1376667998,0,66
1376668054,0,66
1376668114,0,66
1376668176,0,66
1376668192,1,65
1376668289,0,66
1376668530,0,66
1376668586,0,66
1376668658,0,65
1376668721,0,65
1376668770,0,65
1376668842,1,64
1376668893,1,65
1376668914,0,66
1376669139,0,66
1376669184,1,65
1376669246,1,65
1376669266,2,64
1376669397,1,65
1376669481,1,65
1376669621,2,64
1376669799,1,65
1376669822,1,65
1376669904,1,65
1376669982,2,63
1376670041,3,62
1376670103,3,62
1376670262,4,61
1376670296,5,60
1376670464,6,59
1376670514,6,59
1376670576,6,59
1376670879,5,60
1376670941,6,59
1376670993,5,60
1376671023,6,59
1376671160,6,59
1376671191,8,57
1376671419,8,57
1376671600,6,59
1376671658,6,59
1376671712,6,59
1376671963,1,64
1376672034,1,64
1376672133,1,64
1376672197,1,64
1376672222,1,64
1376672369,1,64
1376672437,1,64
1376672504,1,64
1376672563,2,63
1376672622,2,63
1376672660,0,65
1376672734,0,65
1376672767,0,65
1376672861,1,64
1376672911,1,64
1376672956,0,65
1376673271,1,64
1376673322,2,63
1376673398,3,62
1376673461,3,62
1376673523,3,62
1376673576,3,62
1376673601,3,62
1376673665,3,62
1376673762,5,60
1376673794,5,60
1376673858,5,60
1376673889,5,60
1376673999,4,61
1376674044,4,61
1376674109,5,60
1376674180,6,59
1376674200,6,59
1376674303,7,58
1376674317,7,58
1376674372,8,57
1376674578,10,55
1376674738,8,57
1376675342,8,58
1376675449,7,59
1376675562,7,59
1376675579,4,62
1376675844,4,62
1376675900,5,61
1376676141,6,60
1376676234,5,61
1376676335,4,62
1376676575,4,62
1376676628,5,61
1376676683,6,60
1376676763,6,60
1376676806,7,59
1376676907,7,59
1376676990,7,58
1376677051,7,58
1376677106,7,58
1376677229,7,58
1376677291,8,57
1376677380,8,57
1376677442,9,56
1376677521,8,57
1376677782,8,57
1376677786,7,58
1376677872,8,57
1376678163,8,57
1376678216,9,56
1376678313,9,56
1376678352,9,56
1376678425,10,55
1376678565,10,55
1376678630,11,54
1376678740,11,54
1376678754,12,53
1376678891,12,53
1376678937,13,52
1376679195,13,52
1376679273,13,52
1376679341,14,51
1376679395,15,51
1376679574,15,51
1376679630,16,50
1376679693,16,50
1376679740,17,49
1376679814,17,49
1376679866,18,48
1376679932,19,47
1376680180,18,48
1376680184,17,49
1376680294,18,48
1376680611,17,49
1376680740,17,49
1376680854,18,48
1376681458,18,48
1376681623,18,48
1376681666,18,48
1376681743,20,46
1376681893,20,46
1376681952,21,45
1376682042,23,43
1376682101,24,42
1376682162,25,41
1376682209,26,40
1376682231,27,39
1376682355,27,39
1376682413,28,38
1376683048,28,38
1376683110,28,38
1376683157,28,38
1376683315,28,38
1376683417,28,38
1376683478,27,39
1376683499,26,40
1376683589,26,40
1376683607,26,40
1376683692,28,38
1376683732,28,38
1376683815,29,37
1376683963,29,37
1376683997,30,36
1376684440,31,35
1376684665,31,35
1376684723,32,34
1376684795,32,34
1376684853,33,33
1376684917,33,33
1376684980,32,34
1376685103,32,34
1376685112,33,33
1376685175,32,34
1376685317,32,34
1376685389,33,33
1376685431,33,33
1376685517,33,33
1376685553,34,32
1376686157,34,32
1376686761,34,32
1376686841,35,31
1376686881,36,30
1376686904,36,30
1376687008,36,30
1376687042,37,29
1376687319,39,27
1376687381,38,28
1376687391,39,27
1376687706,40,26
1376688102,40,25
1376688127,41,25
1376688730,41,25
1376689207,42,24
1376689294,40,26
1376689394,38,28
1376689459,37,29
1376689493,37,29
1376689589,38,28
1376689637,38,28
1376689699,38,28
1376689763,39,27
1376689811,40,26
1376690415,40,26
1376690526,39,27
1376691129,39,27
1376691733,39,27
1376692066,38,28
1376692587,39,27
1376692663,40,26
1376692722,40,26
1376692778,41,25
1376692943,40,26
1376693007,40,26
1376693043,40,26
1376693113,40,26
1376693155,41,25
1376693343,39,27
1376693947,39,27
1376694551,39,27
1376695154,39,27
1376695758,39,27
1376696362,39,27
1376696814,39,27
1376696920,39,27
1376696969,39,27
1376697086,39,27
1376697161,39,27
1376697212,40,26
1376697275,40,26
1376697352,41,25
1376697956,41,25
1376698595,41,25
1376698647,41,25
1376698692,43,23
1376698873,42,24
1376699057,42,24
1376699660,42,24
1376699738,42,24
1376699750,42,24
1376699879,43,23
1376700483,43,23
1376701087,43,23
1376701691,43,23
1376701878,43,23
1376701911,43,23
1376702515,43,23
1376703120,43,23
1376703724,43,23
1376703776,44,22
1376704158,44,22
1376704258,44,22
1376704862,44,22
1376705080,44,22
1376705110,44,22
1376705242,44,22
1376705317,44,22
1376705347,44,22
1376705952,44,22
1376706556,44,22
1376707161,44,22
1376707765,44,22
1376708368,44,22
1376708972,44,22
1376709575,44,22
1376710179,44,22
1376710782,44,22
1376711388,44,22
1376711991,44,22
1376712595,44,22
1376713198,44,22
1376713802,44,22
1376714406,44,22
1376715011,44,22
1376715615,44,22
1376716219,44,22
1376716823,44,22
1376716962,45,21
1376717565,45,21
1376718169,45,21
1376718402,45,21
1376718411,46,20
1376719015,46,20
1376719618,46,20
1376720223,46,20
1376720303,47,19
1376720852,46,20
1376720879,46,20
1376720971,46,20
1376721043,46,20
1376721049,47,19
1376721260,46,20
1376721841,45,21
1376722061,43,23
1376722094,41,25
1376722180,40,26
1376722339,39,27
1376722944,39,27
1376723123,38,28
1376723726,38,28
1376724259,36,30
1376724814,36,30
1376724878,36,30
1376725036,35,31
1376725354,34,32
1376725670,33,33
1376725856,31,35
1376726460,31,35
1376727042,30,36
1376727099,30,36
1376727206,30,36
1376727256,31,35
1376727463,32,34
1376727797,30,36
1376728394,27,39
1376728461,25,41
1376728604,25,41
1376728721,23,43
1376728764,21,45
1376728921,20,46
1376729256,18,48
1376729583,17,49
1376729724,18,48
1376730327,18,48
1376730932,18,48
1376731405,17,49
1376731436,15,51
1376731841,14,52
1376731936,15,51
1376732002,15,51
1376732082,14,52
1376732122,13,53
1376732189,13,53
1376732322,13,53
1376732377,12,54
1376732433,12,54
1376732447,13,53
1376733051,13,53
1376733358,14,52
1376733464,12,54
1376733635,13,53
1376734184,13,53
1376734202,13,53
1376734292,13,53
1376734389,14,52
1376734448,15,51
1376734760,15,51
1376734989,15,51
1376735077,13,53
1376735127,14,52
1376735170,14,52
1376735509,14,52
1376735614,16,50
1376735632,16,50
1376735738,15,51
1376735756,15,51
1376735829,15,51
1376735909,15,51
1376736042,15,51
1376736072,13,53
1376736154,14,52
1376736331,12,54
1376736491,13,53
1376736882,13,53
1376736905,11,55
1376737113,10,56
1376737591,10,56
1376737722,10,56
1376737725,9,57
1376737982,10,56
1376738137,9,57
1376738371,9,57
1376738436,10,56
1376738554,10,56
1376738643,11,55
1376738802,10,55
1376738819,10,56
1376738868,9,57
1376739066,8,58
1376739271,7,59
1376739322,7,59
1376739394,6,60
1376739462,4,62
1376739466,3,63
1376739583,1,65
1376739586,1,65
1376739742,1,65
1376739871,1,65
1376739919,1,65
1376739985,1,65
1376740121,1,65
1376740147,1,65
1376740243,2,64
1376740271,1,65
1376740404,2,64
1376740464,1,65
1376740769,2,64
1376740902,2,64
1376740948,2,64
1376741015,3,63
1376741080,4,62
1376741124,5,61
1376741237,3,63
1376741370,2,64
1376741409,2,64
1376741463,2,64
1376741532,3,63
1376741704,2,64
1376741764,1,65
1376741834,2,64
1376742092,1,64
1376742160,1,64
1376742180,2,64
1376742424,3,63
1376742703,1,65
1376742818,1,65
1376742883,1,65
1376743109,1,65
1376743146,1,65
1376743239,1,65
1376743283,1,65
1376743410,1,65
1376743481,2,64
1376743512,2,64
1376743713,1,65
1376743818,1,65
1376743858,2,64
1376743949,2,64
1376744007,3,63
1376744263,4,62
1376744322,4,62
1376744325,5,61
1376744495,3,63
1376744680,2,64
1376744687,1,65
1376745059,1,65
1376745121,2,64
1376745185,2,64
1376745250,3,63
1376745329,2,64
1376745378,1,65
1376745517,2,64
1376745570,2,64
1376745743,2,64
1376745787,3,63
1376745835,3,63
1376745934,4,62
1376746169,4,62
1376746225,4,62
1376746279,6,60
1376746354,6,60
1376746419,6,60
1376746481,4,62
1376746577,2,63
1376746662,1,63
1376746683,1,64
1376746739,1,64
1376746822,1,64
1376746873,1,64
1376746962,5,60
1376747024,6,59
1376747084,8,57
1376747144,9,56
1376747204,10,55
1376747264,14,51
1376747315,17,48
1376747381,17,48
1376747443,17,48
1376747455,15,50
1376747605,14,51
1376747633,13,52
1376747731,13,52
1376747792,14,52
1376747918,14,52
1376747948,16,50
1376748012,15,51
1376748050,15,51
1376748135,15,51
1376748223,15,51
1376748282,16,50
1376748334,13,53
1376748454,11,55
1376748499,12,54
1376748577,11,55
1376748639,10,56
1376748695,11,55
1376748763,12,54
1376748938,11,55
1376749001,8,58
1376749032,8,58
1376749073,8,58
1376749240,6,60
1376749257,5,61
1376749359,3,63
1376749516,4,62
1376749709,4,62
1376749765,3,63
1376749830,3,63
1376749887,3,63
1376749960,3,63
1376750127,3,63
1376750183,4,62
1376750297,3,63
1376750425,2,64
1376750497,1,65
1376751101,1,65
1376751132,2,64
1376751204,1,65
1376751616,1,65
1376751718,1,65
1376751796,1,65
1376751866,1,65
1376751943,1,65
1376751993,3,63
1376752062,3,63
1376752087,3,63
1376752231,6,60
1376752353,8,58
1376752468,5,61
1376752585,5,61
1376752641,5,61
1376752744,6,60
1376753023,6,60
1376753025,6,60
1376753115,6,60
1376753176,6,60
1376753242,7,59
1376753323,6,60
1376753360,7,59
1376753408,7,59
1376753504,6,60
1376753552,6,60
1376753596,6,60
1376753672,7,59
1376753716,8,58
1376753859,9,57
1376753979,9,57
1376754084,7,59
1376754219,7,59
1376754256,9,57
1376754365,8,58
1376754477,7,59
1376754643,7,59
1376754701,8,58
1376754739,10,56
1376754880,11,55
1376754942,9,57
1376754998,10,56
1376755086,9,57
1376755147,8,58
1376755210,9,57
1376755278,10,56
1376755315,11,55
1376755919,11,55
1376756019,11,55
1376756058,12,54
1376756087,12,54
1376756203,11,55
1376756243,9,57
1376756286,8,58
1376756494,8,58
1376756564,8,58
1376756594,10,56
1376756636,11,55
1376756700,9,57
1376756894,10,56
1376757128,9,57
1376757242,7,59
1376757341,7,59
1376757350,8,58
1376757614,8,58
1376757667,9,57
1376757768,9,57
1376757855,10,56
1376757924,11,55
1376758124,11,55
1376758165,11,55
1376758264,13,53
1376758662,13,53
1376758721,15,51
1376758759,15,51
1376758860,14,52
1376758948,14,52
1376759006,15,51
1376759051,15,51
1376759143,17,49
1376759168,16,50
1376759316,17,49
1376759355,17,49
1376759415,17,49
1376759489,17,49
1376759514,17,49
1376759580,20,45
1376760102,17,48
1376760189,14,50
1376760370,14,50
1376760437,15,50
1376760578,14,51
1376760640,14,51
1376760656,12,53
1376760821,10,54
1376760878,12,53
1376760918,13,52
1376760998,14,51
1376761043,13,51
1376761122,14,51
1376761141,14,51
1376761231,13,52
1376761292,12,53
1376761342,12,53
1376761479,11,54
1376761540,12,53
1376761601,13,52
1376761712,15,50
1376761744,16,50
1376761839,15,51
1376761901,15,51
1376761991,16,50
1376762058,16,50
1376762137,16,50
1376762264,17,49
1376762290,17,49
1376762325,17,49
1376762553,15,51
1376762622,16,50
1376762671,16,50
1376762711,17,49
1376763223,16,50
1376763283,15,51
1376763308,14,52
1376763464,15,51
1376763729,16,50
1376763827,15,51
1376763955,16,50
1376764117,16,50
1376764128,17,49
1376764315,16,50
1376764898,20,46
1376764926,21,45
1376765085,23,43
1376765141,24,42
1376765204,25,41
1376765244,28,38
1376765295,28,38
1376765644,28,38
1376765716,28,38
1376766322,28,38
1376766689,29,37
1376766760,30,36
1376766811,32,34
1376766882,32,34
1376767029,33,33
1376767499,31,35
1376767719,31,35
1376767768,31,35
1376767800,33,33
1376767880,31,35
1376768138,31,35
1376768202,33,33
1376768294,33,33
1376768433,31,35
1376768488,32,34
1376768653,31,35
1376768735,31,35
1376768766,31,35
1376768857,30,36
1376768948,31,35
1376769035,32,34
1376769323,32,34
1376769404,32,34
1376769407,33,33
1376770010,33,33
1376770303,33,33
1376770463,32,34
1376771067,32,34
1376771682,31,35
1376771744,31,35
1376771747,32,34
1376772081,32,34
1376772217,33,33
1376772266,32,34
1376772309,33,33
1376772476,32,34
1376772537,31,35
1376773141,31,35
1376773438,29,37
1376773604,29,37
1376773664,31,35
1376773667,32,34
1376773861,32,34
1376773967,32,34
1376774078,33,33
1376774681,33,33
1376775286,33,33
1376775414,32,34
1376776018,32,34
1376776538,33,33
1376776737,34,32
1376777341,34,32
1376777946,34,32
1376778331,33,33
1376778402,31,35
1376778449,29,37
1376778510,29,37
1376778529,29,37
1376778906,29,37
1376779217,27,39
1376779476,26,40
1376779603,26,40
1376779617,27,39
1376779752,28,38
1376780356,28,38
1376780959,28,38
1376781563,28,38
1376782166,28,38
1376782595,27,39
1376782678,28,38
1376783282,28,38
1376783887,28,38
1376784101,24,42
1376784163,24,42
1376784192,25,41
1376784280,26,40
1376784343,28,38
1376784392,29,37
1376784685,27,39
1376784862,25,41
1376784996,25,41
1376785061,25,41
1376785087,27,39
1376785528,28,38
1376785714,29,37
1376785748,29,37
1376785843,30,36
1376786447,30,36
1376786519,28,38
1376786847,28,38
1376786965,28,38
1376787005,29,37
1376787337,27,39
1376787736,26,40
1376787854,26,40
1376787932,26,40
1376787999,26,40
1376788027,28,38
1376788630,28,38
1376789235,28,38
1376789358,29,37
1376789407,29,37
1376790011,29,37
1376790615,29,37
1376790693,30,36
1376791297,30,36
1376791840,29,37
1376791848,29,37
1376791933,29,37
1376791988,30,36
1376792593,30,36
1376793197,30,36
1376793801,30,36
1376793936,31,35
1376794540,31,35
1376795144,31,35
1376795748,31,35
1376796351,31,35
1376796955,31,35
1376797559,31,35
1376798164,31,35
1376798768,31,35
1376799372,31,35
1376799976,31,35
1376800580,31,35
1376801120,30,36
1376801724,30,36
1376802327,30,36
1376802932,30,36
1376803535,30,36
1376804140,30,36
1376804712,29,37
1376805315,29,37
1376805919,29,37
1376806462,28,38
1376806827,29,37
1376807002,30,36
1376807341,31,35
1376807461,30,36
1376807555,29,37
1376808159,29,37
1376808399,29,37
1376808503,28,38
1376809040,27,39
1376809251,26,40
1376809664,25,41
1376809667,24,42
1376810309,23,43
1376810913,23,43
1376811191,23,43
1376811794,23,43
1376812392,22,44
1376812623,21,45
1376812894,20,46
1376812945,19,47
1376813179,16,50
1376813263,16,50
1376813333,18,48
1376813790,17,49
1376814393,17,49
1376814487,16,50
1376815005,16,50
1376815052,15,51
1376815225,11,55
1376815457,10,56
1376815676,9,57
1376815904,7,59
1376815954,3,63
1376816083,3,63
1376816141,4,62
1376816167,2,64
1376816771,2,64
1376817258,1,65
1376817862,1,65
1376818474,2,64
1376818599,1,65
1376818732,1,65
1376818901,1,65
1376819305,2,64
1376819909,2,64
1376820072,3,63
1376820140,1,65
1376820234,2,64
1376820362,2,64
1376820437,3,63
1376820562,5,61
1376820613,6,60
1376820823,6,60
1376820883,5,61
1376820964,3,63
1376821594,2,64
1376821616,1,65
1376822199,1,65
1376822251,1,65
1376822409,0,66
1376822612,1,65
1376822803,1,65
1376822919,1,65
1376823030,1,65
1376823279,0,66
1376823811,2,64
1376823872,1,65
1376823934,2,64
1376823978,1,65
1376824116,1,65
1376824294,0,66
1376824419,0,66
1376824473,1,65
1376824859,1,65
1376825160,0,66
1376825467,0,66
1376826070,0,66
1376826674,0,66
1376826779,0,66
1376826862,1,65
1376826932,1,65
1376827003,2,64
1376827026,2,64
1376827108,3,63
1376827293,2,64
1376827314,1,65
1376827712,2,64
1376827958,0,66
1376828125,1,65
1376828412,0,66
1376829016,0,66
1376829344,0,66
1376829948,0,66
1376830457,1,65
1376830782,1,65
1376830840,0,66
1376830965,0,66
1376831037,0,66
1376831199,0,66
1376831245,2,64
1376831474,2,64
1376831616,4,62
1376831682,6,60
1376831735,6,60
1376831775,4,62
1376831868,4,62
1376832079,2,64
1376832174,1,65
1376832652,0,66
1376832813,0,66
1376832982,0,66
