1376208187,22,3
1376208791,22,3
1376209395,22,3
1376209542,23,2
1376209586,25,0
1376209702,24,1
1376209848,23,2
1376210451,23,2
1376210874,22,3
1376211198,21,4
1376211801,21,4
1376212405,21,4
1376213009,21,4
1376213244,22,3
1376213848,22,3
1376214452,22,3
1376214679,22,3
1376214878,22,3
1376214939,22,3
1376214954,20,5
1376215051,20,5
1376215183,20,5
1376215233,22,3
1376215278,22,3
1376215358,19,6
1376215422,19,6
1376215662,19,6
1376215695,22,3
1376216079,22,3
1376216087,23,2
1376216321,22,3
1376216862,21,4
1376216872,20,5
1376217475,20,5
1376217866,21,4
1376218470,21,4
1376219074,21,4
1376219168,20,5
1376219771,20,5
1376220162,18,6
1376220200,18,7
1376220241,19,6
1376220343,20,5
1376220367,20,5
1376220447,20,5
1376220519,20,5
1376220542,20,5
1376220587,21,4
1376221084,19,6
1376221534,17,8
1376221841,16,9
1376221858,17,8
1376222013,18,7
1376222618,18,7
1376222886,17,8
1376223347,16,9
1376223570,17,8
1376223639,17,8
1376223716,15,10
1376224054,16,9
1376224553,17,8
1376225175,16,9
1376225365,15,10
1376225968,15,10
1376226144,13,12
1376226212,12,13
1376226340,8,17
1376226437,7,18
1376226469,6,19
1376226870,5,19
1376226902,5,20
1376227505,5,20
1376227662,6,19
1376227664,7,18
1376228139,5,19
1376228157,6,19
1376228351,7,18
1376228486,7,18
1376228559,9,16
1376228660,8,17
1376228773,6,19
1376228823,7,18
1376229156,10,15
1376229221,7,18
1376229275,8,17
1376229307,8,17
1376229346,8,17
1376229447,8,17
1376229518,8,17
1376229638,9,16
1376229701,9,15
1376229762,5,19
1376229813,3,21
1376229865,4,20
1376229908,4,20
1376230062,4,20
1376230121,5,19
1376230171,5,19
1376230283,5,19
1376230362,5,19
1376230415,5,19
1376230476,5,19
1376230492,7,17
1376230652,6,18
1376230748,6,18
1376230823,5,19
1376230902,5,19
1376230935,6,18
1376231019,6,18
1376231049,6,18
1376231094,6,18
1376231202,6,18
1376231214,6,18
1376231289,6,18
1376231377,6,18
1376231411,7,17
1376231489,6,18
1376231609,6,18
1376231655,7,17
1376231722,6,18
1376231773,5,19
1376231842,5,19
1376231894,3,21
1376231978,4,20
1376232162,3,21
1376232204,2,22
1376232276,2,22
1376232314,1,23
1376232388,1,23
1376232421,1,23
1376232514,1,23
1376232563,2,22
1376232620,1,23
1376232672,1,23
1376232998,1,23
1376233038,4,20
1376233153,3,21
1376233205,2,22
1376233654,1,23
1376233707,1,23
1376233776,1,23
1376233825,1,23
1376233892,1,23
1376233961,2,22
1376234009,1,23
1376234135,1,23
1376234203,3,21
1376234258,4,20
1376234295,5,19
1376234350,6,18
1376234739,7,17
1376235009,6,18
1376235213,6,18
1376235267,6,18
1376235297,7,17
1376235460,6,18
1376235582,7,17
1376235585,8,16
1376235719,8,16
1376236323,8,17
1376236586,9,16
1376236654,8,17
1376236967,7,18
1376237320,6,19
1376237358,5,20
1376237937,6,19
1376238055,7,18
1376238410,10,15
1376238563,10,15
1376238642,9,16
1376238759,10,15
1376238881,8,17
1376238928,10,15
1376238969,11,14
1376239108,10,15
1376239158,12,13
1376239762,12,13
1376240373,12,13
1376240502,14,10
1376240512,15,10
1376241128,16,9
1376241217,17,8
1376241271,16,9
1376241874,16,9
1376242478,16,9
1376242522,18,7
1376242552,17,8
1376242943,18,7
1376243016,19,6
1376243122,22,3
1376243147,21,4
1376243249,22,3
1376243618,22,3
1376244029,21,4
1376244273,19,6
1376244447,20,5
1376244474,19,6
1376244809,18,7
1376244901,16,9
1376245375,17,8
1376245769,18,7
1376245810,18,7
1376245870,18,7
1376245960,17,8
1376246023,18,7
1376246024,18,7
1376246095,18,7
1376246319,18,7
1376246328,19,6
1376246552,18,7
1376246618,19,6
1376246675,20,5
1376246725,21,4
1376246764,21,4
1376246853,21,4
1376246922,21,4
1376246980,22,3
1376247041,20,5
1376247101,21,4
1376247104,22,3
1376247187,22,3
1376247790,22,3
1376248394,22,3
1376248527,22,3
1376248602,23,2
1376248661,21,4
1376248777,21,4
1376248834,22,3
1376248884,23,2
1376248959,24,1
1376249021,24,1
1376249032,25,0
1376249093,24,1
1376249173,23,2
1376249677,22,3
1376249854,23,2
1376250457,23,2
1376251061,23,2
1376251665,23,2
1376252241,22,3
1376252282,23,2
1376252885,23,2
1376253489,23,2
1376253624,21,4
1376254228,21,4
1376254452,23,2
1376254849,22,3
1376255452,22,3
1376256056,22,3
1376256660,22,3
1376257055,21,3
1376257120,21,4
1376257123,20,5
1376257457,21,4
1376258061,21,4
1376258664,21,4
1376259068,22,3
1376259672,22,3
1376259828,21,4
1376260432,21,4
1376260596,20,5
1376261071,21,4
1376261675,21,4
1376262279,21,4
1376262498,22,3
1376262934,22,3
1376262979,22,3
1376263028,22,3
1376263120,22,3
1376263217,21,4
1376263700,21,4
1376263732,21,4
1376264335,21,4
1376264939,21,4
1376265543,21,4
1376266147,21,4
1376266751,21,4
1376267354,21,4
1376267958,21,4
1376268561,21,4
1376269165,21,4
1376269769,21,4
1376270373,21,4
1376270976,21,4
1376271328,21,4
1376271378,21,4
1376271449,21,4
1376271482,22,3
1376271761,21,4
1376272419,21,4
1376273023,21,4
1376273627,21,4
1376274230,21,4
1376274496,22,3
1376275099,22,3
1376275703,22,3
1376276307,22,3
1376276910,22,3
1376277514,22,3
1376278117,22,3
1376278720,22,3
1376279323,22,3
1376279927,22,3
1376280530,22,3
1376281134,22,3
1376281737,22,3
1376282341,22,3
1376282945,22,3
1376283433,21,4
1376283613,22,3
1376284217,22,3
1376284820,22,3
1376285424,22,3
1376286027,22,3
1376286631,22,3
1376287053,21,4
1376287656,21,4
1376287930,20,5
1376288542,21,4
1376289145,21,4
1376289282,21,4
1376289290,22,3
1376289375,21,4
1376289596,22,3
1376289743,21,4
1376289889,20,5
1376290335,21,4
1376290520,20,5
1376290571,21,4
1376290686,19,6
1376290768,18,7
1376290985,17,8
1376291095,18,7
1376291696,17,8
1376291760,17,8
1376292247,18,7
1376292422,17,8
1376292474,18,7
1376292573,17,8
1376292637,16,9
1376292646,17,8
1376293134,16,9
1376293196,15,10
1376293301,15,10
1376293303,16,9
1376293390,15,10
1376293662,14,11
1376293744,12,13
1376293870,11,14
1376294013,12,13
1376294527,11,14
1376294650,11,14
1376294700,12,13
1376295028,11,14
1376295220,10,15
1376295239,9,16
1376295843,9,16
1376296399,8,17
1376296470,4,21
1376297075,4,21
1376297679,4,21
1376297820,5,20
1376297970,4,21
1376298123,3,22
1376298279,2,23
1376298308,2,23
1376298930,4,21
1376298965,5,20
1376299046,5,20
1376299069,6,19
1376299239,6,19
1376299294,7,18
1376299314,7,18
1376299918,7,18
1376300228,8,17
1376300501,8,17
1376300509,9,16
1376301113,9,16
1376301716,9,16
1376301960,7,18
1376302564,7,18
1376302816,8,17
1376303012,9,16
1376303360,6,19
1376303500,6,19
1376303541,4,21
1376304145,4,21
1376304220,2,23
1376304238,1,24
1376304340,2,23
1376304735,1,24
1376305078,0,25
1376305458,0,25
1376305490,1,24
1376305556,0,25
1376305656,1,24
1376306123,0,25
1376306262,1,24
1376306264,2,23
1376306378,1,24
1376306501,1,24
1376306583,0,25
1376306793,1,24
1376306845,2,23
1376306870,1,24
1376307160,1,24
1376307163,0,25
1376307766,0,25
1376308237,1,24
1376308443,0,25
1376308842,0,25
1376308885,0,25
1376308950,1,24
1376308999,2,23
1376309117,1,24
1376309440,0,25
1376309474,0,25
1376309535,0,25
1376309613,0,25
1376309681,0,25
1376309741,1,24
1376309778,0,25
1376309855,0,25
1376309920,0,25
1376309981,1,24
1376310038,1,24
1376310138,0,25
1376310200,0,25
1376310337,0,25
1376310374,0,25
1376310977,0,25
1376311014,1,24
1376311617,1,24
1376311700,0,25
1376311759,1,24
1376312363,1,24
1376312578,0,25
1376313146,0,25
1376313204,0,25
1376313368,1,24
1376313512,2,23
1376313762,3,22
1376313789,4,21
1376313860,3,22
1376313936,1,24
1376313980,2,23
1376314050,3,22
1376314091,1,24
1376314449,2,23
1376314504,2,23
1376314578,1,24
1376314713,0,25
1376314989,1,24
1376315063,1,24
1376315100,2,23
1376315161,1,24
1376315320,1,24
1376315328,0,25
1376315487,1,24
1376315960,0,25
1376315995,0,25
1376316599,0,25
1376316689,1,24
1376316725,0,25
1376316852,0,25
1376317192,0,25
1376317292,0,25
1376317328,1,24
1376317376,2,23
1376317607,1,24
1376317839,0,25
1376318443,0,25
1376319047,0,25
1376319277,0,25
1376319297,0,25
1376319841,1,24
1376320084,0,25
1376320162,0,25
1376320486,0,25
1376320566,1,24
1376320983,2,23
1376321587,2,23
1376321714,2,23
1376321875,3,22
1376322134,2,23
1376322278,2,23
1376322285,3,22
1376322419,2,23
1376322667,1,24
1376322936,2,23
1376322968,0,25
1376323054,0,25
1376323091,1,24
1376323182,1,24
1376323185,2,23
1376323281,2,23
1376323304,2,23
1376323521,2,23
1376323579,2,23
1376323640,4,21
1376323776,4,21
1376323839,3,21
1376323899,3,21
1376323937,4,20
1376323999,4,20
1376324046,5,19
1376324099,4,20
1376324194,4,20
1376324233,4,20
1376324280,4,20
1376324341,5,19
1376324475,5,19
1376324555,3,21
1376324616,3,21
1376324678,4,20
1376324759,3,21
1376324860,3,21
1376324922,4,20
1376324948,4,20
1376325028,5,19
1376325223,5,19
1376325281,6,18
1376325301,7,17
1376325395,7,17
1376325428,10,14
1376325642,10,14
1376325668,9,15
1376325757,8,16
1376325814,10,14
1376325996,11,13
1376326009,11,13
1376326237,11,13
1376326301,12,12
1376326362,11,13
1376326365,11,13
1376326439,10,14
1376326541,11,13
1376326657,10,14
1376326719,9,15
1376327023,10,14
1376327074,10,14
1376327164,9,15
1376327279,10,14
1376327382,10,14
1376327428,10,14
1376327620,9,15
1376327643,8,16
1376327738,8,16
1376327782,8,16
1376328021,9,15
1376328098,9,15
1376328137,9,15
1376328452,8,16
1376328491,8,16
1376328555,9,15
1376328732,10,14
1376328821,10,14
1376328846,10,14
1376328936,11,13
1376328963,12,12
1376329180,12,12
1376329201,13,11
1376329401,14,10
1376329480,16,8
1376329541,16,8
1376329556,16,8
1376329839,17,7
1376329895,18,6
1376329909,18,6
1376330137,18,6
1376330200,19,5
1376330262,18,6
1376330316,18,6
1376330372,18,6
1376330440,19,5
1376330556,19,5
1376330618,18,6
1376330718,17,7
1376330910,17,7
1376330978,16,8
1376331007,17,7
1376331054,18,6
1376331134,17,7
1376331282,17,7
1376331340,19,5
1376331371,21,3
1376331446,20,4
1376331466,19,5
1376331643,17,7
1376331684,18,6
1376331906,19,5
1376331997,19,5
1376332036,19,5
1376332293,18,6
1376332351,18,6
1376332391,18,6
1376332657,16,8
1376332720,16,8
1376332782,13,11
1376332796,13,11
1376332950,12,12
1376333010,13,11
1376333076,16,8
1376333100,16,8
1376333156,15,9
1376333258,15,9
1376333289,17,7
1376333440,17,7
1376333453,17,7
1376333794,17,7
1376333808,17,7
1376334099,17,7
1376334162,17,7
1376334322,17,7
1376334453,17,7
1376334516,17,7
1376334820,17,7
1376334875,17,7
1376335180,17,7
1376335225,17,7
1376335541,17,7
1376335579,18,6
1376335641,19,5
1376335719,17,7
1376335776,16,8
1376335840,16,8
1376335895,15,9
1376335933,15,9
1376336262,15,9
1376336295,15,9
1376336371,17,7
1376336442,17,7
1376336482,20,4
1376336514,21,3
1376336622,21,3
1376336642,21,3
1376336918,21,3
1376336977,23,1
1376337008,22,2
1376337337,22,2
1376337351,22,2
1376337439,21,3
1376337536,19,5
1376337642,19,5
1376337691,20,4
1376337705,20,4
1376337805,21,3
1376337997,21,3
1376338059,21,3
1376338351,21,3
1376338414,21,3
1376338717,21,3
1376338768,21,3
1376339078,21,3
1376339123,21,3
1376339438,21,3
1376339477,21,3
1376339658,20,4
1376339792,20,4
1376339831,20,4
1376340160,20,4
1376340185,20,4
1376340519,20,4
1376340540,20,4
1376340881,20,4
1376340894,20,4
1376341235,20,4
1376341300,19,5
1376341303,18,6
1376341540,18,6
1376341589,18,6
1376341603,18,6
1376341894,18,6
1376341960,18,6
1376342261,18,6
1376342311,18,6
1376342621,18,6
1376342666,17,7
1376342782,17,7
1376342977,17,7
1376343021,17,7
1376343222,17,7
1376343225,18,6
1376343337,18,6
1376343375,18,6
1376343693,17,7
1376343754,16,8
1376343779,16,8
1376344062,17,7
1376344084,17,7
1376344394,18,7
1376344839,18,7
1376344852,20,5
1376345189,20,5
1376345259,21,4
1376345296,23,2
1376345899,23,2
1376346503,23,2
1376346632,23,2
1376346822,24,1
1376346825,23,2
1376347428,23,2
1376348032,23,2
1376348636,23,2
1376349173,23,2
1376349240,24,1
1376349395,24,1
1376349439,25,0
1376350042,25,0
1376350646,25,0
1376351250,25,0
1376351854,25,0
1376352402,25,0
1376352404,24,1
1376352728,23,2
1376352768,23,2
1376352902,24,1
1376353505,24,1
1376354109,24,1
1376354713,24,1
1376355316,24,1
1376355920,24,1
1376356524,24,1
1376357127,24,1
1376357731,24,1
1376358335,24,1
1376358823,24,1
1376359426,24,1
1376360030,24,1
1376360365,25,0
1376360969,25,0
1376361572,25,0
1376362176,25,0
1376362779,25,0
1376363125,24,1
1376363254,25,0
1376363858,25,0
1376364462,25,0
1376365065,25,0
1376365669,25,0
1376366273,25,0
1376366876,25,0
1376367480,25,0
1376368084,25,0
1376368326,24,1
1376368930,24,1
1376369533,24,1
1376369905,25,0
1376370509,25,0
1376371112,25,0
1376371366,24,1
1376371699,23,2
1376372303,23,2
1376372599,22,3
1376373022,23,2
1376373442,23,2
1376373482,24,1
1376374122,24,1
1376374124,25,0
1376374728,25,0
1376375332,25,0
1376375463,24,1
1376375708,23,2
1376375796,21,4
1376375819,20,5
1376376093,21,4
1376376203,20,5
1376376330,20,5
1376376400,20,5
1376376454,21,4
1376376491,21,4
1376376552,22,3
1376376633,21,4
1376376933,22,3
1376377230,23,2
1376377270,24,1
1376377336,23,2
1376377515,22,3
1376377634,21,4
1376377719,21,4
1376377738,21,4
1376378372,22,3
1376378778,20,5
1376378923,19,6
1376379526,19,6
1376379758,18,7
1376379808,17,8
1376380150,16,9
1376380592,14,11
1376380771,13,12
1376381022,12,13
1376381579,12,13
1376381665,11,14
1376381815,11,14
1376381884,12,13
1376382217,12,13
1376382226,11,14
1376382450,12,13
1376382622,13,12
1376383071,12,13
1376383496,11,14
1376383707,10,15
1376383735,9,16
1376383839,10,15
1376384442,10,15
1376384682,10,15
1376384685,9,16
1376385222,9,16
1376385225,10,15
1376385454,9,16
1376385818,8,16
1376386421,8,16
1376387025,8,16
1376387440,8,16
1376387484,9,15
1376387547,10,14
1376387777,9,15
1376387963,8,16
1376388149,7,17
1376388227,6,18
1376388392,5,19
1376388676,4,20
1376388755,4,20
1376388768,4,20
1376389016,3,21
1376389359,4,20
1376389383,4,20
1376389474,3,21
1376389587,5,19
1376389618,4,20
1376389679,3,21
1376390295,2,22
1376390492,4,20
1376390787,4,20
1376390812,4,20
1376390899,5,19
1376390991,4,20
1376391159,4,20
1376391168,5,19
1376391392,6,18
1376391797,5,19
1376391934,4,20
1376392172,3,21
1376392347,3,21
1376392387,4,20
1376392453,3,21
1376392539,3,21
1376392599,3,21
1376392651,3,21
1376392884,2,22
1376393175,3,21
1376393258,3,21
1376393274,4,20
1376393498,3,21
1376393827,3,21
1376393902,3,22
1376394506,3,22
1376394631,2,23
1376394671,0,25
1376395242,1,24
1376395282,0,25
1376395351,0,25
1376395591,1,24
1376395648,1,24
1376395671,3,22
1376396275,3,22
1376396878,3,22
1376397197,4,21
1376397335,5,20
1376397435,6,19
1376397562,5,20
1376397587,4,21
1376397928,3,22
1376398021,4,21
1376398226,3,22
1376398293,3,22
1376398312,3,22
1376398436,3,22
1376398513,3,22
1376398602,3,22
1376398608,4,21
1376398691,3,22
1376398897,2,23
1376398934,2,23
1376399021,2,23
1376399071,2,23
1376399124,2,23
1376399261,3,22
1376399317,3,22
1376399349,4,21
1376399452,5,20
1376399741,5,20
1376399749,6,19
1376399896,6,19
1376400101,6,19
1376400104,7,18
1376400212,6,19
1376400229,6,19
1376400329,6,19
1376400389,6,19
1376400450,5,20
1376400511,6,19
1376400580,7,18
1376400641,6,19
1376400646,7,18
1376401290,8,17
1376401355,9,16
1376401417,9,16
1376401471,7,18
1376401522,7,18
1376401583,7,18
1376401614,7,18
1376401722,6,19
1376401761,4,21
1376401902,4,20
1376401943,6,19
1376401974,6,19
1376402386,5,20
1376402509,4,21
1376403112,4,21
1376403570,3,22
1376403655,2,23
1376403843,3,22
1376404447,3,22
1376404692,4,21
1376405183,4,21
1376405231,4,21
1376405305,2,23
1376405332,2,23
1376405918,3,22
1376406190,2,23
1376406602,3,22
1376406930,1,24
1376407533,1,24
1376407714,2,23
1376407734,1,24
1376407831,2,23
1376407933,2,23
1376407973,3,22
1376408047,2,23
1376408196,3,22
1376408623,4,21
1376408680,5,20
1376408921,4,21
1376408978,4,21
1376409042,3,21
1376409061,3,22
1376409267,4,21
1376409402,5,20
1376409450,6,19
1376409488,7,18
1376409593,4,21
1376409686,5,20
1376410289,5,20
1376410362,6,19
1376410394,6,19
1376410456,5,20
1376410535,6,19
1376410637,6,19
1376410717,6,19
1376410738,7,18
1376410838,6,19
1376411247,7,18
1376411416,8,17
1376411483,9,16
1376411542,10,15
1376411592,11,14
1376411675,11,14
1376411725,8,17
1376411747,7,18
1376412143,6,19
1376412283,5,20
1376412291,6,19
1376412523,4,21
1376412607,5,20
1376412732,5,20
1376412907,7,18
1376412985,8,17
1376413085,8,17
1376413164,8,17
1376413195,11,14
1376413246,10,15
1376413354,10,15
1376413393,10,15
1376413430,11,14
1376413583,10,15
1376413675,11,14
1376413883,12,13
1376414259,13,12
1376414322,9,16
1376414407,8,17
1376414452,8,17
1376414552,8,17
1376414571,9,16
1376414654,10,15
1376414776,9,16
1376414846,10,15
1376414875,10,15
1376414954,10,15
1376415039,11,14
1376415067,13,12
1376415147,14,11
1376415616,13,12
1376415773,14,11
1376416063,13,12
1376416121,13,12
1376416130,14,11
1376416340,15,10
1376416856,14,11
1376417010,12,13
1376417136,10,15
1376417199,11,14
1376417228,12,13
1376417363,13,12
1376417410,14,11
1376417622,15,10
1376417666,16,9
1376418043,13,12
1376418054,13,12
1376418185,14,11
1376418237,14,11
1376418334,17,8
1376418701,17,8
1376418703,18,7
1376418909,17,8
1376419400,17,8
1376419467,16,9
1376419547,16,9
1376419648,17,8
1376419684,18,7
1376419806,18,7
1376419881,20,5
1376420202,19,5
1376420241,21,3
1376420303,21,3
1376420380,21,3
1376420408,22,2
1376420556,22,2
1376420570,22,2
1376420788,23,1
1376420862,23,1
1376420912,23,1
1376420926,23,1
1376421036,23,1
1376421093,24,0
1376421217,24,0
1376421282,24,0
1376421573,24,0
1376421638,24,0
1376421781,22,2
1376421929,21,3
1376421994,21,3
1376422240,21,3
1376422300,23,1
1376422350,23,1
1376422661,23,1
1376422707,23,1
1376423023,23,1
1376423062,23,1
1376423250,21,3
1376423379,21,3
1376423432,20,4
1376423735,20,4
1376423775,20,4
1376424091,20,4
1376424132,20,4
1376424462,20,4
1376424487,20,4
1376424574,19,5
1376424823,20,4
1376424844,20,4
1376425108,21,3
1376425179,21,3
1376425200,21,3
1376425542,21,3
1376425557,21,3
1376425832,22,2
1376425898,22,2
1376425912,22,2
1376426254,22,2
1376426269,22,2
1376426559,22,2
1376426610,22,2
1376426625,22,2
1376426916,22,2
1376426981,22,2
1376427275,22,2
1376427336,22,2
1376427393,23,1
1376427641,23,1
1376427693,23,1
1376427883,23,1
1376427892,24,0
1376427999,24,0
1376428049,24,0
1376428360,24,0
1376428405,24,0
1376428722,24,0
1376428762,24,0
1376429079,24,0
1376429119,24,0
1376429435,24,0
1376429475,24,0
1376429792,24,0
1376429832,24,0
1376430163,24,0
1376430188,24,0
1376430522,24,0
1376430544,24,0
1376430740,23,1
1376430880,23,1
1376430901,23,1
1376431243,23,1
1376431274,24,0
1376431599,24,0
1376431614,24,0
1376431956,24,0
1376431971,24,0
1376432079,23,1
1376432262,23,1
1376432313,23,1
1376432327,23,1
1376432618,23,1
1376432670,23,1
1376432685,23,1
1376432976,22,2
1376433041,22,2
1376433333,22,2
1376433398,22,2
1376433703,22,2
1376433754,22,2
1376434063,22,2
1376434111,22,2
1376434421,22,2
1376434467,22,2
1376434556,23,1
1376434778,23,1
1376434823,23,1
1376434888,24,0
1376435140,24,0
1376435181,24,0
1376435497,24,0
1376435537,24,0
1376435853,24,0
1376435894,24,0
1376436223,24,0
1376436250,24,0
1376436581,24,0
1376436607,24,0
1376436941,24,0
1376436962,23,1
1376437298,23,1
1376437319,23,1
1376437661,24,0
1376437676,24,0
1376438018,24,0
1376438033,24,0
1376438181,23,1
1376438254,23,1
1376438375,22,2
1376438441,23,1
1376438495,24,0
1376438681,24,0
1376438731,24,0
1376438747,24,0
1376439039,24,0
1376439089,24,0
1376439105,24,0
1376439397,24,0
1376439463,24,0
1376439754,24,0
1376439821,24,0
1376440112,24,0
1376440179,24,0
1376440484,24,0
1376440537,24,0
1376440842,24,0
1376440894,24,0
1376441201,24,0
1376441253,24,0
1376441562,24,0
1376441610,24,0
1376441921,24,0
1376441968,24,0
1376442279,24,0
1376442326,24,0
1376442637,24,0
1376442685,24,0
1376443001,24,0
1376443043,24,0
1376443359,24,0
1376443401,24,0
1376443718,24,0
1376443759,24,0
1376444076,24,0
1376444116,24,0
1376444434,24,0
1376444474,24,0
1376444792,24,0
1376444832,24,0
1376445217,24,0
1376445522,24,0
1376445548,24,0
1376445883,24,0
1376445906,24,0
1376446243,24,0
1376446264,24,0
1376446601,24,0
1376446622,24,0
1376446959,24,0
1376446979,24,0
1376447323,24,0
1376447337,24,0
1376447680,24,0
1376447695,24,0
1376448038,24,0
1376448053,24,0
1376448395,24,0
1376448410,24,0
1376448701,24,0
1376448752,24,0
1376448768,24,0
1376449059,24,0
1376449110,24,0
1376449126,24,0
1376449416,24,0
1376449483,24,0
1376449774,24,0
1376449842,24,0
1376450132,24,0
1376450200,24,0
1376450490,24,0
1376450557,24,0
1376450862,24,0
1376450915,24,0
1376451220,24,0
1376451273,24,0
1376451583,24,0
1376451631,24,0
1376451942,24,0
1376451989,24,0
1376452300,24,0
1376452347,24,0
1376452658,24,0
1376452705,24,0
1376453022,24,0
1376453062,24,0
1376453380,24,0
1376453422,24,0
1376453738,23,1
1376453778,23,1
1376454096,23,1
1376454136,23,1
1376454454,23,1
1376454494,23,1
1376454812,23,1
1376454852,23,1
1376455170,23,1
1376455210,23,1
1376455542,23,1
1376455568,23,1
1376455900,23,1
1376455926,23,1
1376456262,23,1
1376456284,23,1
1376456620,23,1
1376456642,23,1
1376456766,22,2
1376456978,22,2
1376456999,22,2
1376457342,21,3
1376457357,21,3
1376457550,22,2
1376457700,22,2
1376457716,22,2
1376458058,22,2
1376458073,22,2
1376458355,21,3
1376458416,21,3
1376458431,21,3
1376458722,21,3
1376458774,21,3
1376458788,21,3
1376459080,21,3
1376459133,21,3
1376459147,21,3
1376459439,21,3
1376459490,21,3
1376459506,21,3
1376459796,20,4
1376459862,20,4
1376459864,20,4
1376460156,20,4
1376460221,20,4
1376460324,19,5
1376460389,20,4
1376460438,21,3
1376460513,21,3
1376460579,21,3
1376460627,20,4
1376460871,20,4
1376460937,20,4
1376461229,20,4
1376461296,20,4
1376461320,19,5
1376461602,20,4
1376461655,20,4
1376461666,20,4
1376461859,21,3
1376461960,21,3
1376462017,21,3
1376462081,22,2
1376462213,21,3
1376462323,21,3
1376462371,21,3
1376462681,22,2
1376462727,22,2
1376463039,22,2
1376463085,22,2
1376463163,21,3
1376463221,22,2
1376463230,23,1
1376463403,23,1
1376463443,22,2
1376463760,23,1
1376463801,23,1
1376463833,22,2
1376464118,22,2
1376464159,22,2
1376464208,21,3
1376464361,21,3
1376464363,22,2
1376464476,22,2
1376464516,21,3
1376464646,20,4
1376464705,21,3
1376464834,22,2
1376464886,23,1
1376464959,22,2
1376465192,22,2
1376465252,23,1
1376465354,22,2
1376465420,23,1
1376465466,22,2
1376465551,22,2
1376465612,23,1
1376465659,22,2
1376465816,23,1
1376465923,23,1
1376465949,23,1
1376466282,23,1
1376466307,23,1
1376466576,22,2
1376466643,22,2
1376466665,22,2
1376466753,21,3
1376466906,21,3
1376466984,21,4
1376467103,20,5
1376467137,20,5
1376467741,20,5
1376468344,20,5
1376468523,19,6
1376469004,19,6
1376469102,20,5
1376469104,21,4
1376469580,22,3
1376469641,22,3
1376469644,23,2
1376470036,22,3
1376470069,22,3
1376470163,22,3
1376470230,21,4
1376470307,21,4
1376470382,21,4
1376470482,22,3
1376470529,21,4
1376470602,21,4
1376471206,21,4
1376471801,20,5
1376471811,19,6
1376472415,17,8
1376472522,17,8
1376472581,18,7
1376472623,19,6
1376472703,18,7
1376472750,17,8
1376472777,18,7
1376473182,17,8
1376473184,16,9
1376473442,15,10
1376473748,14,11
1376474222,11,14
1376474306,9,16
1376474371,8,17
1376474475,7,18
1376474507,6,19
1376474672,5,20
1376475006,5,20
1376475065,4,21
1376475291,4,21
1376475441,4,21
1376475511,5,20
1376475746,1,24
1376476105,0,25
1376476709,0,25
1376477313,0,25
1376477917,0,25
1376478141,1,24
1376478218,0,25
1376478821,0,25
1376478861,0,25
1376479121,0,25
1376479129,1,24
1376479397,0,25
1376480001,0,25
1376480101,1,24
1376480344,0,25
1376480423,0,25
1376480492,0,25
1376481097,0,25
1376481461,0,25
1376481505,2,23
1376481810,3,22
1376482140,2,23
1376482334,1,24
1376482938,1,24
1376483104,1,24
1376483162,0,25
1376483766,0,25
1376484370,0,25
1376484518,1,24
1376484599,2,23
1376484694,3,22
1376484810,3,22
1376484859,3,22
1376484909,3,22
1376485060,5,20
1376485109,6,19
1376485328,7,18
1376485387,6,19
1376485916,7,18
1376485975,7,18
1376486124,7,18
1376486170,8,17
1376486536,9,16
1376486912,10,15
1376486977,9,16
1376487079,8,17
1376487646,7,18
1376487943,7,18
1376487986,9,16
1376488495,8,17
1376488547,7,18
1376488714,5,20
1376489305,3,22
1376489540,2,23
1376489568,1,24
1376489711,0,25
1376489968,0,25
1376489992,0,25
1376490070,0,25
1376490153,0,25
1376490247,0,25
1376490340,1,24
1376490369,0,25
1376490429,1,24
1376490575,1,24
1376490602,0,25
1376490743,0,25
1376491346,0,25
1376491950,0,25
1376492553,0,25
1376492607,2,23
1376492795,3,22
1376492940,2,23
1376493510,3,22
1376493596,2,23
1376493777,3,22
1376494380,3,22
1376494542,2,23
1376494545,1,24
1376495010,0,25
1376495143,0,25
1376495173,1,24
1376495321,1,24
1376495324,2,23
1376495501,2,23
1376495522,4,21
1376495678,5,20
1376495688,6,19
1376496112,5,20
1376496242,6,19
1376496318,4,21
1376496400,5,20
1376496454,5,20
1376496487,5,20
1376497091,5,20
1376497160,6,19
1376497313,7,18
1376497395,7,18
1376497430,8,17
1376497802,7,18
1376497939,6,19
1376498083,7,18
1376498085,8,17
1376498291,9,16
1376498424,7,18
1376498546,6,19
1376498591,6,19
1376498677,5,20
1376498741,5,20
1376498763,6,19
1376499367,6,19
1376499635,7,18
1376499653,7,18
1376499757,7,18
1376499823,6,19
1376499988,4,21
1376500334,4,21
1376500393,5,20
1376500586,6,19
1376500782,6,19
1376500784,7,18
1376500956,6,19
1376501153,7,18
1376501315,7,18
1376501326,8,17
1376501443,8,17
1376501446,9,16
1376501994,8,17
1376502094,7,18
1376502259,6,19
1376502408,5,20
1376502513,6,19
1376502609,6,19
1376503002,8,17
1376503062,8,17
1376503363,8,17
1376503371,9,16
1376503563,9,16
1376503662,9,16
1376503664,9,16
1376503767,8,17
1376503842,8,17
1376503897,6,19
1376503910,6,19
1376504010,8,17
1376504081,8,17
1376504185,8,17
1376504561,8,17
1376504567,7,18
1376505171,7,18
1376505775,7,18
1376505931,5,20
1376506535,5,20
1376506587,6,19
1376506651,7,18
1376506711,4,21
1376506839,4,21
1376506845,5,20
1376507448,5,20
1376507608,4,21
1376507682,3,22
1376507684,2,23
1376508134,3,22
1376508223,3,22
1376508273,4,21
1376508314,6,19
1376508936,5,20
1376509540,5,20
1376509774,5,20
1376509801,6,19
1376509903,7,18
1376509924,9,16
1376509993,9,16
1376510082,9,16
1376510136,10,15
1376510162,11,14
1376510215,10,15
1376510706,8,17
1376510799,9,16
1376511094,10,15
1376511486,11,14
1376512090,11,14
1376512694,11,14
1376512783,10,15
1376512805,11,14
1376512902,11,14
1376512904,12,13
1376513508,12,13
1376514112,12,13
1376514641,13,12
1376514761,13,12
1376514789,14,11
1376514932,15,10
1376515080,16,9
1376515155,16,9
1376515260,16,9
1376515363,16,9
1376515366,17,8
1376515528,18,7
1376515871,16,9
1376516185,18,7
1376516789,18,7
1376517192,19,6
1376517795,19,6
1376518088,20,5
1376518692,20,5
1376519161,21,4
1376519247,20,5
1376519850,20,5
1376520454,20,5
1376520660,18,7
1376521263,18,7
1376521337,17,8
1376521461,16,9
1376521998,19,6
1376522551,17,8
1376523155,17,8
1376523758,17,8
1376523801,16,9
1376523922,15,10
1376524525,15,10
1376525129,15,10
1376525733,15,10
1376526336,15,10
1376526940,15,10
1376527544,15,10
1376528148,15,10
1376528752,15,10
1376529355,15,10
1376529959,15,10
1376530380,16,9
1376530983,16,9
1376531617,16,9
1376532221,16,9
1376532825,16,9
1376533428,16,9
1376534031,16,9
1376534430,16,9
1376534485,17,8
1376535088,17,8
1376535692,17,8
1376535776,16,9
1376536380,16,9
1376536984,16,9
1376537529,17,8
1376538132,17,8
1376538736,17,8
1376539339,17,8
1376539943,17,8
1376540546,17,8
1376541150,17,8
1376541753,17,8
1376542357,17,8
1376542835,18,7
1376543346,16,9
1376543949,16,9
1376544553,16,9
1376545156,16,9
1376545759,16,9
1376546011,15,10
1376546615,15,10
1376547219,15,10
1376547822,15,10
1376548426,15,10
1376549029,15,10
1376549633,15,10
1376550236,15,10
1376550840,15,10
1376551443,15,10
1376551547,14,11
1376552151,14,11
1376552477,13,12
1376553032,13,12
1376553060,13,12
1376553231,12,13
1376553580,12,13
1376553582,13,12
1376554186,13,12
1376554537,13,12
1376554579,15,10
1376555182,15,10
1376555786,15,10
1376556278,16,9
1376556306,17,8
1376556375,16,9
1376557000,15,10
1376557595,15,10
1376557655,16,9
1376557667,17,8
1376557974,18,7
1376558064,19,6
1376558668,19,6
1376558816,18,7
1376559140,17,8
1376559743,17,8
1376560179,16,8
1376560228,15,10
1376560401,14,11
1376560477,12,13
1376560533,13,12
1376560597,13,12
1376560657,16,9
1376561067,15,10
1376561219,15,10
1376561281,16,9
1376561518,16,9
1376561595,18,7
1376561914,18,7
1376562265,14,11
1376562533,13,12
1376563136,13,12
1376563285,12,13
1376563324,11,14
1376563660,9,16
1376563755,8,17
1376563959,7,18
1376563973,3,22
1376564427,1,24
1376564739,1,24
1376564746,0,25
1376565259,1,24
1376565341,1,24
1376565397,0,25
1376565987,1,24
1376566386,0,25
1376566989,0,25
1376567593,0,25
1376567793,0,25
1376567831,2,23
1376568080,3,22
1376568268,2,23
1376568660,1,24
1376568773,0,25
1376569376,0,25
1376569979,0,25
1376570556,0,25
1376570565,1,24
1376570656,1,24
1376570690,2,23
1376570850,2,23
1376570918,4,21
1376570980,3,22
1376571094,3,22
1376571156,2,23
1376571184,3,22
1376571233,2,23
1376571310,2,23
1376571377,1,24
1376571449,0,25
1376571525,0,25
1376571687,0,25
1376571717,1,24
1376572241,1,24
1376572342,1,24
1376572526,0,25
1376572582,0,25
1376572714,0,25
1376572727,2,23
1376573330,2,23
1376573391,3,22
1376573578,2,23
1376573778,3,22
1376574381,3,22
1376574444,3,22
1376574730,4,21
1376574795,3,22
1376574938,5,20
1376575541,5,20
1376575585,6,19
1376575719,5,20
1376575796,6,19
1376575962,3,22
1376576015,2,23
1376576053,2,23
1376576126,3,22
1376576171,5,20
1376576491,1,24
1376576825,0,25
1376577428,0,25
1376578032,0,25
1376578636,0,25
1376578996,1,24
1376579196,1,24
1376579240,2,23
1376579434,3,22
1376579726,3,22
1376579860,4,21
1376579895,5,20
1376579961,7,18
1376580571,8,17
1376580741,7,18
1376580881,5,20
1376580928,5,20
1376580946,5,20
1376581053,5,20
1376581076,6,19
1376581354,3,22
1376581641,3,22
1376581695,5,20
1376581729,6,19
1376581901,6,19
1376581907,7,18
1376582544,5,20
1376582604,4,21
1376583035,4,21
1376583045,5,20
1376583648,5,20
1376584106,7,18
1376584145,8,17
1376584360,6,19
1376584400,7,18
1376585019,6,19
1376585060,6,19
1376585125,6,19
1376585148,7,18
1376585363,6,19
1376585622,3,22
1376585681,2,23
1376585683,1,24
1376586132,0,25
1376586222,0,25
1376586279,0,25
1376586310,0,25
1376586389,0,25
1376586445,0,25
1376586499,1,24
1376586670,0,25
1376586773,0,25
1376586871,1,24
1376587054,2,23
1376587089,3,22
1376587350,3,22
1376587417,5,20
1376587479,5,20
1376587536,6,19
1376588140,6,19
1376588228,3,22
1376588755,2,23
1376589103,2,23
1376589139,3,22
1376589517,2,23
1376589571,3,22
1376589766,2,23
1376590208,3,22
1376590277,3,22
1376590346,3,22
1376590535,3,22
1376590579,4,21
1376590885,5,20
1376591013,3,22
1376591166,4,21
1376591548,1,24
1376591875,0,25
1376592281,0,25
1376592328,1,24
1376592401,3,22
1376592854,3,22
1376592910,5,20
1376592993,5,20
1376593053,5,20
1376593093,4,21
1376593181,5,20
1376593204,6,19
1376593611,4,21
1376593709,4,21
1376593758,5,20
1376593797,6,19
1376594401,6,19
1376594543,4,21
1376594715,3,22
1376595310,4,21
1376595376,3,22
1376595980,3,22
1376596349,5,20
1376596454,5,20
1376596540,6,19
1376596576,9,16
1376596627,10,15
1376596713,11,14
1376596920,10,15
1376597218,10,15
1376597316,9,16
1376597379,9,16
1376597439,9,16
1376597502,9,16
1376598132,9,16
1376598222,10,15
1376598225,11,14
1376598829,11,14
1376599432,11,14
1376600036,11,14
1376600198,11,14
1376600248,12,13
1376600290,13,12
1376600370,13,12
1376600441,14,11
1376601045,14,11
1376601649,14,11
1376601893,15,10
1376602470,18,7
1376602721,19,6
1376602933,18,7
1376603272,17,8
1376603919,16,9
1376604523,16,9
1376605126,16,9
1376605730,16,9
1376605942,16,9
1376606320,16,9
1376606365,16,9
1376606949,17,8
1376607553,17,8
1376607858,17,8
1376607894,18,7
1376608498,18,7
1376608601,19,6
1376609204,19,6
1376609498,17,8
1376609551,17,8
1376610155,17,8
1376610758,17,8
1376611362,17,8
1376611965,17,8
1376612569,17,8
1376613173,17,8
1376613805,16,9
1376613882,17,8
1376614175,15,10
1376614779,15,10
1376615382,15,10
1376615986,15,10
1376616159,14,11
1376616762,14,11
1376617365,14,11
1376618016,14,11
1376618135,13,12
1376618739,13,12
1376619342,13,12
1376619947,13,12
1376620551,13,12
1376621155,13,12
1376621758,13,12
1376622384,12,13
1376622987,12,13
1376623591,12,13
1376624195,12,13
1376624748,11,14
1376625351,11,14
1376625459,12,13
1376626062,12,13
1376626666,12,13
1376627213,11,14
1376627283,10,15
1376627440,10,15
1376627448,11,14
1376628052,11,14
1376628514,10,15
1376629118,10,15
1376629688,9,16
1376630291,9,16
1376630547,8,17
1376630578,8,17
1376631182,8,17
1376631785,8,17
1376632130,7,18
1376632763,8,17
1376633367,8,17
1376633670,9,16
1376634273,9,16
1376634877,9,16
1376634925,8,17
1376635210,9,16
1376635645,8,17
1376635779,7,18
1376635804,6,19
1376636286,7,18
1376636347,8,17
1376636610,7,18
1376636957,7,18
1376637031,5,20
1376637088,5,20
1376637153,4,21
1376637451,3,22
1376637472,4,21
1376638075,4,21
1376638171,3,22
1376638447,3,22
1376638639,2,23
1376638670,1,24
1376639273,1,24
1376639605,1,24
1376639625,1,24
1376639693,0,25
1376640297,0,25
1376640900,0,25
1376641504,0,25
1376642107,0,25
1376642711,0,25
1376643314,0,25
1376643877,0,25
1376643941,0,25
1376644002,1,24
1376644058,0,25
1376644661,0,25
1376645265,0,25
1376645868,0,25
1376646127,1,24
1376646302,0,25
1376646605,0,25
1376647208,0,25
1376647812,0,25
1376648021,0,25
1376648072,0,25
1376648142,0,25
1376648254,1,24
1376648734,0,25
1376648919,0,25
1376649522,0,25
1376649822,1,24
1376649883,0,25
1376650057,0,25
1376650159,0,25
1376650220,0,25
1376650280,0,25
1376650537,1,24
1376650618,0,25
1376650781,0,25
1376650789,1,24
1376651258,1,24
1376651265,0,25
1376651547,0,25
1376651595,1,24
1376651665,1,24
1376651720,0,25
1376651772,0,25
1376652080,0,25
1376652684,0,25
1376653242,0,25
1376653255,2,23
1376653475,1,24
1376653543,1,24
1376653545,2,23
1376653703,0,25
1376653746,2,23
1376654291,0,25
1376654373,1,24
1376654393,2,23
1376654997,2,23
1376655156,2,23
1376655166,3,22
1376655495,1,24
1376656099,1,24
1376656345,0,25
1376656390,0,25
1376656569,0,25
1376657173,0,25
1376657776,0,25
1376657982,1,24
1376658042,1,24
1376658049,0,25
1376658335,0,25
1376658399,1,24
1376658438,1,24
1376658811,3,22
1376659112,1,24
1376659163,0,25
1376659766,0,25
1376660196,1,24
1376660252,0,25
1376660436,0,25
1376660466,0,25
1376660561,0,25
1376660573,0,25
1376660845,0,25
1376661357,0,25
1376661869,0,25
1376661900,0,25
1376662503,0,25
1376662722,0,25
1376662780,0,25
1376662832,0,25
1376662866,0,25
1376662957,1,24
1376663000,0,25
1376663603,0,25
1376663679,0,25
1376663707,0,25
1376664310,0,25
1376664913,0,25
1376665516,0,25
1376665656,0,25
1376665717,0,25
1376666320,0,25
1376666924,0,25
1376667528,0,25
1376668131,0,25
1376668312,1,24
1376668622,0,25
1376668962,0,25
1376669074,0,25
1376669141,2,23
1376669167,3,22
1376669364,4,21
1376669412,3,22
1376669543,1,24
1376670054,0,25
1376670657,0,25
1376671261,0,25
1376671408,0,25
1376671741,1,24
1376672263,1,24
1376672271,0,25
1376672801,0,25
1376672832,2,23
1376673462,2,23
1376673514,0,25
1376673580,0,25
1376673641,1,24
1376673672,0,25
1376673968,0,25
1376674047,0,25
1376674349,2,23
1376674792,3,22
1376675018,1,24
1376675034,1,24
1376675637,1,24
1376675801,2,23
1376675807,3,22
1376676376,2,23
1376676522,2,23
1376676525,1,24
1376676657,2,23
1376676923,2,23
1376676996,4,21
1376677061,6,19
1376677119,7,18
1376677128,8,17
1376677732,8,17
1376678140,11,14
1376678165,13,12
1376678220,14,11
1376678290,15,10
1376678347,15,10
1376678680,15,10
1376678689,16,9
1376678981,17,8
1376679235,16,9
1376679640,17,7
1376679743,16,8
1376679808,17,7
1376680411,17,8
1376681004,15,10
1376681607,15,10
1376682211,15,10
1376682642,15,10
1376682680,16,9
1376682733,16,8
1376682812,16,8
1376682843,17,7
1376683446,17,8
1376684050,17,8
1376684376,17,8
1376684439,17,8
1376684491,17,8
1376684623,17,7
1376684682,17,7
1376684735,17,7
1376684798,18,6
1376684852,20,4
1376684883,21,3
1376685130,20,4
1376685265,20,4
1376685361,19,5
1376685826,18,6
1376686430,18,7
1376687033,18,7
1376687300,16,8
1376687334,16,9
1376687469,18,7
1376687912,16,9
1376688472,17,8
1376689076,17,8
1376689599,18,7
1376689626,20,5
1376690229,20,5
1376690833,20,5
1376691265,21,4
1376691869,21,4
1376692472,21,4
1376693027,20,5
1376693653,19,6
1376694256,19,6
1376694860,19,6
1376695463,19,6
1376695889,18,7
1376696493,18,7
1376697096,18,7
1376697640,17,8
1376697656,16,9
1376697762,16,9
1376697941,16,9
1376697975,17,8
1376698061,17,7
1376698072,18,6
1376698676,18,7
1376699280,18,7
1376699883,18,7
1376700487,18,7
1376701090,18,7
1376701203,18,6
1376701256,19,5
1376701859,19,6
1376702463,19,6
1376703066,19,6
1376703611,20,5
1376704413,20,5
1376704503,20,5
1376705107,20,5
1376705711,20,5
1376706314,20,5
1376706918,20,5
1376707521,20,5
1376708125,20,5
1376708729,20,5
1376709333,20,5
1376709936,20,5
1376710249,19,6
1376710852,19,6
1376711456,19,6
1376712060,19,6
1376712664,19,6
1376713267,19,6
1376713871,19,6
1376714475,19,6
1376715079,19,6
1376715682,19,6
1376716205,18,7
1376716809,18,7
1376717413,18,7
1376718016,18,7
1376718619,18,7
1376718848,17,8
1376719201,18,7
1376719805,18,7
1376720408,18,7
1376721012,18,7
1376721616,18,7
1376722220,18,7
1376722823,18,7
1376723427,18,7
1376724031,18,7
1376724635,18,7
1376724808,19,6
1376725411,19,6
1376725946,18,7
1376726036,17,8
1376726621,16,9
1376726660,15,10
1376727264,15,10
1376727369,16,9
1376727697,15,10
1376728301,15,10
1376728649,13,12
1376728944,11,14
1376729001,11,14
1376729528,12,13
1376729628,11,14
1376729801,12,13
1376730296,11,14
1376730442,12,13
1376731046,12,13
1376731401,8,17
1376731516,8,17
1376731552,8,17
1376731643,8,17
1376731697,9,16
1376732302,9,16
1376732483,8,17
1376732636,7,18
1376733240,7,18
1376733322,6,19
1376733568,5,20
1376733606,5,20
1376734085,4,21
1376734689,4,21
1376735293,4,21
1376735586,4,21
1376735678,4,21
1376735686,5,20
1376735798,6,19
1376735858,7,18
1376735918,8,17
1376735984,9,16
1376735986,10,15
1376736083,9,16
1376736583,7,18
1376736764,6,19
1376736912,5,20
1376736989,4,21
1376737541,4,21
1376737649,5,20
1376737747,5,20
1376737830,7,18
1376737874,7,18
1376737962,8,17
1376738059,8,17
1376738126,10,15
1376738564,10,15
1376738567,9,16
1376738983,9,16
1376739016,8,17
1376739155,8,17
1376739216,9,16
1376739506,8,17
1376739631,9,16
1376739675,7,18
1376739880,5,20
1376740018,6,19
1376740444,7,18
1376740711,6,19
1376740755,6,19
1376740813,7,18
1376740850,8,17
1376740937,6,19
1376741069,4,21
1376741142,4,21
1376741151,3,22
1376741254,3,22
1376741322,5,20
1376741562,4,21
1376741736,2,23
1376741770,2,23
1376741918,2,23
1376741931,3,22
1376742022,3,22
1376742148,3,22
1376742217,4,21
1376742316,4,21
1376742450,4,21
1376742501,4,21
1376742582,3,22
1376742633,3,22
1376742683,3,22
1376742737,5,20
1376742785,7,18
1376742854,6,19
1376742937,5,20
1376742953,4,21
1376743263,4,21
1376743308,4,21
1376743544,4,21
1376743546,3,22
1376743711,3,22
1376743766,4,21
1376743844,2,23
1376743903,3,22
1376743917,2,23
1376744021,1,24
1376744059,1,24
1376744663,1,24
1376744814,0,25
1376745134,1,24
1376745176,0,25
1376745279,0,25
1376745402,0,25
1376745426,0,25
1376745543,1,24
1376745795,0,25
1376745827,0,25
1376746090,0,25
1376746165,0,25
1376746214,0,25
1376746296,0,25
1376746321,0,25
1376746708,0,25
1376746773,0,25
1376746790,0,25
1376747426,0,25
1376747488,0,25
1376747545,1,24
1376747617,1,24
1376747653,0,25
1376747753,0,25
1376747861,0,25
1376747896,0,24
1376747973,0,24
1376748093,0,24
1376748145,1,23
1376748182,0,24
1376748269,0,24
1376748309,0,24
1376748350,0,24
1376748531,0,24
1376748821,0,24
1376748871,1,23
1376748908,2,22
1376748961,2,22
1376749021,3,21
1376749116,4,20
1376749161,3,21
1376749205,4,20
1376749293,3,21
1376749359,2,22
1376749384,0,24
1376749497,0,24
1376750101,0,24
1376750317,0,24
1376750486,0,24
1376750622,0,24
1376750629,1,23
1376750980,0,24
1376751035,0,24
1376751341,1,23
1376751403,1,23
1376751448,0,24
1376751800,0,24
1376751851,1,23
1376751939,0,24
1376751946,0,24
1376752031,0,24
1376752120,0,24
1376752183,0,24
1376752241,0,24
1376752267,0,24
1376752893,1,23
1376752946,1,23
1376753010,2,22
1376753098,1,23
1376753401,0,24
1376753909,0,24
1376753968,1,23
1376754022,0,24
1376754276,1,23
1376754328,1,23
1376754367,2,22
1376754555,1,23
1376754949,1,23
1376755042,0,24
1376755091,1,23
1376755172,1,23
1376755235,1,23
1376755377,0,24
1376755978,1,23
1376756263,1,23
1376756266,2,22
1376756869,2,22
1376756937,1,23
1376757131,0,24
1376757556,1,23
1376757618,0,24
1376757703,0,24
1376757738,1,23
1376757777,2,22
1376758001,1,23
1376758172,0,24
1376758252,1,23
1376758364,2,22
1376758496,1,23
1376758602,1,23
1376758635,2,22
1376759070,1,23
1376759330,0,24
1376759480,0,24
1376759524,0,24
1376759674,1,23
1376759703,0,24
1376759795,0,24
1376759850,1,23
1376759958,1,23
1376760022,4,20
1376760103,5,19
1376760106,6,18
1376760236,5,19
1376760568,6,18
1376760656,7,17
1376760764,6,18
1376761064,5,19
1376761124,4,20
1376761244,5,19
1376761266,6,18
1376761314,6,18
1376761414,5,19
1376761484,5,19
1376761542,9,15
1376761555,10,14
1376761949,9,15
1376762259,10,14
1376762662,8,16
1376762895,6,18
1376763244,4,20
1376763435,4,20
1376763523,4,20
1376763580,4,20
1376763679,5,19
1376764001,4,20
1376764063,5,19
1376764122,5,19
1376764169,5,19
1376764239,5,19
1376764299,5,19
1376764445,6,18
1376764616,3,21
1376765219,3,21
1376765323,3,21
1376765382,2,22
1376765433,4,20
1376765488,3,21
1376765649,4,20
1376766150,4,20
1376766361,3,21
1376766524,4,20
1376766573,5,19
1376766753,4,20
1376766791,3,21
1376766848,3,21
1376767348,2,22
1376767671,1,23
1376768079,2,22
1376768095,3,21
1376768188,3,21
1376768236,4,20
1376768300,4,20
1376768334,5,19
1376768549,6,18
1376768923,5,19
1376769016,1,22
1376769100,1,22
1376769197,1,22
1376769283,1,22
1376769339,1,23
1376769642,0,24
1376770173,2,22
1376770194,3,21
1376770782,4,20
1376770785,5,19
1376770867,4,20
1376771139,4,20
1376771204,4,20
1376771207,5,19
1376771552,6,18
1376771591,7,17
1376772195,7,17
1376772577,9,15
1376773181,9,15
1376773784,9,15
1376773815,8,16
1376774419,8,16
1376774655,7,17
1376774924,8,16
1376774984,8,16
1376775000,9,15
1376775154,10,14
1376775758,10,14
1376776303,11,13
1376776312,13,11
1376776916,13,11
1376777520,13,11
1376777727,14,10
1376778331,14,10
1376778934,14,10
1376779538,14,10
1376779741,13,11
1376779837,13,11
1376779898,15,9
1376780502,15,9
1376780624,15,9
1376780657,16,8
1376780691,17,7
1376780864,17,7
1376780913,16,8
1376780939,17,7
1376781543,17,7
1376781835,17,7
1376782438,17,7
1376783030,16,8
1376783109,16,8
1376783713,16,8
1376784317,16,8
1376784920,16,8
1376785524,16,8
1376785666,16,8
1376785668,17,7
1376786271,17,7
1376786875,17,7
1376787215,16,8
1376787819,16,8
1376787895,15,9
1376788499,15,9
1376789103,15,9
1376789707,15,9
1376790311,15,9
1376790817,15,9
1376791421,15,9
1376792025,15,9
1376792628,15,9
1376793232,15,9
1376793835,15,9
1376794439,15,9
1376794657,13,11
1376795261,13,11
1376795865,13,11
1376796468,13,11
1376797072,13,11
1376797675,13,11
1376798279,13,11
1376798882,13,11
1376799009,12,12
1376799613,12,12
1376800079,11,13
1376800683,11,13
1376801286,11,13
1376801530,10,14
1376801644,10,14
1376801710,11,13
1376802314,11,13
1376802917,11,13
1376803521,11,13
1376804124,11,13
1376804728,11,13
1376805331,11,13
1376805935,11,13
1376806538,11,13
1376807142,11,13
1376807746,11,13
1376808349,11,13
1376808953,11,13
1376809556,11,13
1376810160,11,13
1376810344,10,14
1376810947,10,14
1376811203,11,13
1376811518,9,15
1376812122,9,15
1376812725,9,15
1376813329,9,15
1376813933,9,15
1376814192,7,17
1376814795,7,17
1376815107,9,15
1376815390,9,15
1376815993,9,15
1376816597,9,15
1376816712,8,16
1376817063,7,17
1376817666,7,17
1376818270,7,17
1376818339,6,18
1376818554,7,17
1376819023,7,17
1376819026,6,18
1376819307,7,17
1376819893,5,19
1376820018,3,21
1376820090,1,23
1376820339,2,22
1376820942,2,22
1376821595,2,22
1376821633,4,20
1376822294,1,23
1376822372,0,24
1376822976,0,24
1376823579,0,24
1376823683,0,24
1376823734,0,24
1376823873,0,24
1376824119,1,23
1376824211,1,23
1376824322,3,21
1376824595,5,19
1376824719,4,20
1376824771,2,22
1376824983,3,21
1376825144,1,23
1376825465,0,24
1376826069,0,24
1376826138,1,23
1376826423,0,24
1376827026,0,24
1376827493,1,23
1376827569,0,24
1376828172,0,24
1376828560,1,23
1376828584,0,24
1376829187,0,24
1376829325,1,23
1376829928,1,23
1376830532,1,23
1376830601,0,24
1376830720,0,24
1376830750,1,23
1376830807,0,24
1376830903,1,23
1376831014,2,22
1376831078,3,21
1376831142,1,23
1376831144,0,24
1376831748,0,24
1376832351,0,24
1376832493,0,24
1376832580,0,24
1376832629,2,22
1376832700,1,23
1376832749,1,23
1376832813,0,24
1376832982,1,23
