1376208763,15,29
1376208865,16,28
1376209053,16,28
1376209111,16,28
1376209129,16,28
1376209420,16,28
1376209477,16,28
1376209496,16,28
1376209556,15,29
1376209650,13,31
1376209836,13,31
1376209864,13,31
1376210073,12,32
1376210091,11,33
1376210184,11,33
1376210219,11,33
1376210323,11,33
1376210612,11,33
1376210670,11,33
1376210689,11,33
1376210911,12,32
1376210978,12,32
1376211036,12,32
1376211101,13,31
1376211134,12,32
1376211185,13,31
1376211344,13,31
1376211403,13,31
1376211422,13,31
1376211632,15,29
1376211665,16,28
1376211764,16,28
1376211789,16,28
1376211923,17,27
1376212107,17,27
1376212155,17,27
1376212475,17,27
1376212522,17,27
1376212842,17,27
1376212889,17,27
1376212917,16,28
1376213067,15,29
1376213089,14,30
1376213203,14,30
1376213256,13,31
1376213546,13,31
1376213622,13,31
1376213913,13,31
1376213970,13,31
1376213990,13,31
1376214103,14,30
1376214116,15,29
1376214280,15,29
1376214339,16,28
1376214356,16,28
1376214694,16,28
1376214723,16,28
1376214821,17,27
1376215061,17,27
1376215090,17,27
1376215242,15,29
1376215409,15,29
1376215482,16,28
1376215776,17,27
1376215827,16,28
1376215936,18,26
1376215985,20,24
1376216143,20,24
1376216189,20,24
1376216403,19,25
1376216503,19,25
1376216556,19,25
1376216578,20,24
1376216847,20,24
1376216923,20,24
1376217214,20,24
1376217272,20,24
1376217290,20,24
1376217580,20,24
1376217638,20,24
1376217686,19,25
1376217808,20,24
1376217941,20,24
1376217999,20,24
1376218045,21,23
1376218116,20,24
1376218167,21,23
1376218214,21,23
1376218278,21,23
1376218362,21,23
1376218390,21,23
1376218591,22,22
1376218710,22,22
1376218756,22,22
1376218809,24,20
1376218949,25,19
1376219080,25,19
1376219124,27,17
1376219238,26,18
1376219443,26,18
1376219492,27,17
1376219563,27,17
1376219571,28,16
1376219803,28,16
1376219858,28,16
1376220036,29,15
1376220148,29,15
1376220223,31,13
1376220225,31,13
1376220515,31,13
1376220574,30,14
1376220591,30,14
1376220791,29,15
1376220882,29,15
1376220940,29,15
1376220958,29,15
1376221037,30,14
1376221093,31,13
1376221300,30,14
1376221325,30,14
1376221663,30,14
1376221692,30,14
1376221843,30,14
1376221902,31,13
1376221932,34,10
1376222011,34,10
1376222059,34,10
1376222203,32,12
1376222246,31,13
1376222324,32,12
1376222379,33,11
1376222425,33,11
1376222499,32,12
1376222547,32,12
1376222619,32,12
1376222649,33,11
1376222738,33,11
1376222792,33,11
1376222888,34,10
1376223101,34,10
1376223159,34,10
1376223234,33,11
1376223449,33,11
1376223508,33,11
1376223576,34,10
1376223667,35,9
1376223817,35,9
1376223875,36,8
1376223893,36,8
1376224183,36,8
1376224240,36,8
1376224292,35,9
1376224346,36,8
1376224602,36,8
1376224626,36,8
1376224723,36,8
1376224733,36,8
1376224963,36,8
1376224993,36,8
1376225313,36,8
1376225360,36,8
1376225679,36,8
1376225726,36,8
1376225855,36,8
1376225922,36,8
1376225924,37,7
1376226041,37,7
1376226094,37,7
1376226211,37,7
1376226403,36,8
1376226461,36,8
1376226505,36,8
1376226568,36,8
1376226623,37,7
1376226751,37,7
1376226809,37,7
1376226848,38,6
1376227118,38,6
1376227175,38,6
1376227193,38,6
1376227407,37,7
1376227542,37,7
1376227561,37,7
1376227649,38,6
1376227737,37,7
1376227840,37,7
1376227903,37,7
1376227927,37,7
1376228004,38,6
1376228064,39,5
1376228203,39,5
1376228247,41,3
1376228294,41,3
1376228342,42,2
1376228614,44,0
1376228660,44,0
1376228796,44,0
1376228907,44,0
1376228980,44,0
1376229027,44,0
1376229342,44,0
1376229395,44,0
1376229702,44,0
1376229761,44,0
1376229930,41,3
1376230053,38,6
1376230110,38,6
1376230129,38,6
1376230419,38,6
1376230477,38,6
1376230496,38,6
1376230838,38,6
1376230863,38,6
1376230938,39,5
1376231203,39,5
1376231228,39,5
1376231549,39,5
1376231596,39,5
1376231916,39,5
1376231962,39,5
1376232282,39,5
1376232329,39,5
1376232643,39,5
1376232696,39,5
1376232986,39,5
1376233063,39,5
1376233353,39,5
1376233411,39,5
1376233474,38,6
1376233608,37,7
1376233720,37,7
1376233777,37,7
1376233796,37,7
1376234139,37,7
1376234163,37,7
1376234210,35,9
1376234301,36,8
1376234424,37,7
1376234504,38,6
1376234530,38,6
1376234849,38,6
1376234897,38,6
1376235124,38,6
1376235216,38,6
1376235263,38,6
1376235385,39,5
1376235488,39,5
1376235583,39,5
1376235630,38,6
1376235736,37,7
1376235820,36,8
1376235944,37,7
1376235998,38,6
1376236176,37,7
1376236288,36,8
1376236359,36,8
1376236404,36,8
1376236535,35,9
1376236602,33,11
1376236655,33,11
1376236712,33,11
1376236737,34,10
1376237021,33,11
1376237079,33,11
1376237097,33,11
1376237441,33,11
1376237471,32,12
1376237614,31,13
1376237724,30,14
1376237802,30,14
1376237831,30,14
1376238197,30,14
1376238393,29,15
1376238518,28,16
1376238565,28,16
1376238687,27,17
1376238753,28,16
1376238931,30,14
1376239241,30,14
1376239333,33,11
1376239492,34,10
1376239589,34,10
1376239647,34,10
1376239665,34,10
1376239842,34,10
1376239959,33,11
1376240013,34,10
1376240065,35,9
1376240381,35,9
1376240418,34,10
1376240742,34,10
1376240839,35,9
1376240916,37,7
1376241103,37,7
1376241133,37,7
1376241452,37,7
1376241499,37,7
1376241629,36,8
1376241757,35,9
1376241819,35,9
1376241867,35,9
1376242180,35,9
1376242233,35,9
1376242251,34,10
1376242345,34,10
1376242420,34,10
1376242434,34,10
1376242541,35,9
1376242600,35,9
1376242614,35,9
1376242891,35,9
1376242949,34,10
1376242967,34,10
1376243257,34,10
1376243315,34,10
1376243334,34,10
1376243609,31,13
1376243682,31,13
1376243700,31,13
1376244043,30,14
1376244067,30,14
1376244212,29,15
1376244403,26,18
1376244434,26,18
1376244753,26,18
1376244801,26,18
1376244951,25,19
1376245120,25,19
1376245168,25,19
1376245237,24,20
1376245300,25,19
1376245482,25,19
1376245534,25,19
1376245580,26,18
1376245638,26,18
1376245711,25,19
1376245843,25,19
1376245901,24,20
1376246097,23,21
1376246192,23,21
1376246250,23,21
1376246268,23,21
1376246559,23,21
1376246616,23,21
1376246635,23,21
1376246795,22,22
1376246828,22,22
1376246982,22,22
1376247002,22,22
1376247342,22,22
1376247368,22,22
1376247511,23,21
1376247543,24,20
1376247698,23,21
1376247734,23,21
1376247798,24,20
1376248054,24,20
1376248120,23,21
1376248422,22,22
1376248477,21,23
1376248543,21,23
1376248545,22,22
1376248782,21,23
1376248836,21,23
1376249126,20,24
1376249202,21,23
1376249284,20,24
1376249493,20,24
1376249551,20,24
1376249570,20,24
1376249759,21,23
1376249860,21,23
1376249918,21,23
1376249936,21,23
1376250203,20,24
1376250278,20,24
1376250303,20,24
1376250455,17,27
1376250476,16,28
1376250641,16,28
1376250670,16,28
1376250914,14,30
1376250990,14,30
1376251037,14,30
1376251357,14,30
1376251404,14,30
1376251567,15,29
1376251723,15,29
1376251770,15,29
1376251987,15,29
1376252083,15,29
1376252137,17,27
1376252184,13,31
1376252428,13,31
1376252485,13,31
1376252504,13,31
1376252795,13,31
1376252853,13,31
1376252871,13,31
1376252998,14,30
1376253162,14,30
1376253219,14,30
1376253238,14,30
1376253579,14,30
1376253612,13,31
1376253941,13,31
1376253970,14,30
1376254174,13,31
1376254291,13,31
1376254355,13,31
1376254455,13,31
1376254553,14,30
1376254657,14,30
1376254703,14,30
1376254727,15,29
1376255018,15,29
1376255073,15,29
1376255134,16,28
1376255238,17,27
1376255275,16,28
1376255381,16,28
1376255440,16,28
1376255624,15,29
1376255731,15,29
1376255788,15,29
1376255806,15,29
1376255981,15,29
1376255992,16,28
1376256097,16,28
1376256155,16,28
1376256172,16,28
1376256463,16,28
1376256520,16,28
1376256538,16,28
1376256631,17,27
1376256880,17,27
1376256905,17,27
1376257122,17,27
1376257125,16,28
1376257225,16,28
1376257272,16,28
1376257592,16,28
1376257639,16,28
1376257756,17,27
1376257958,17,27
1376258006,17,27
1376258066,16,28
1376258314,16,28
1376258373,16,28
1376258680,16,28
1376258739,16,28
1376258961,15,29
1376259030,15,29
1376259088,15,29
1376259106,15,29
1376259178,16,28
1376259397,16,28
1376259456,18,26
1376259517,20,24
1376259561,20,24
1376259638,22,22
1376259665,23,21
1376259762,23,21
1376259821,27,17
1376259879,30,14
1376259941,33,11
1376260002,37,7
1376260181,35,9
1376260205,35,9
1376260543,35,9
1376260572,35,9
1376260774,34,10
1376260892,33,11
1376260940,33,11
1376261259,33,11
1376261305,33,11
1376261619,33,11
1376261672,33,11
1376261980,33,11
1376262042,34,10
1376262329,34,10
1376262388,35,9
1376262406,35,9
1376262697,35,9
1376262753,35,9
1376262773,35,9
1376263063,35,9
1376263121,34,10
1376263139,34,10
1376263481,34,10
1376263506,34,10
1376263720,34,10
1376263728,35,9
1376263843,35,9
1376263872,35,9
1376264192,35,9
1376264240,35,9
1376264319,34,10
1376264559,34,10
1376264606,34,10
1376264920,34,10
1376264972,34,10
1376265000,33,11
1376265281,33,11
1376265340,33,11
1376265631,33,11
1376265688,33,11
1376265706,33,11
1376265998,33,11
1376266055,33,11
1376266074,33,11
1376266139,32,12
1376266420,32,12
1376266439,32,12
1376266782,32,12
1376266807,32,12
1376267126,32,12
1376267173,32,12
1376267494,32,12
1376267541,32,12
1376267660,30,14
1376267860,30,14
1376267908,30,14
1376268221,30,14
1376268275,30,14
1376268582,30,14
1376268642,30,14
1376268932,30,14
1376268990,30,14
1376269009,30,14
1376269300,30,14
1376269357,30,14
1376269375,30,14
1376269719,30,14
1376269743,30,14
1376270083,30,14
1376270110,30,14
1376270274,29,15
1376270429,29,15
1376270477,29,15
1376270796,29,15
1376270844,29,15
1376271163,29,15
1376271209,29,15
1376271523,29,15
1376271577,29,15
1376272030,27,17
1376272301,27,17
1376272331,27,17
1376272651,27,17
1376272697,27,17
1376273017,27,17
1376273065,27,17
1376273384,27,17
1376273430,27,17
1376273750,27,17
1376273798,27,17
1376274088,27,17
1376274145,27,17
1376274164,27,17
1376274455,27,17
1376274512,27,17
1376274531,27,17
1376274821,27,17
1376274880,27,17
1376274898,27,17
1376275240,27,17
1376275265,27,17
1376275603,27,17
1376275632,27,17
1376275952,27,17
1376275999,27,17
1376276319,27,17
1376276366,27,17
1376276679,27,17
1376276732,27,17
1376277040,27,17
1376277100,27,17
1376277311,28,16
1376277390,28,16
1376277447,28,16
1376277515,29,15
1376277757,29,15
1376277814,29,15
1376277833,29,15
1376278123,29,15
1376278181,29,15
1376278200,29,15
1376278542,29,15
1376278567,29,15
1376278886,29,15
1376278933,29,15
1376279253,29,15
1376279299,29,15
1376279618,29,15
1376279667,29,15
1376279980,29,15
1376280033,29,15
1376280341,29,15
1376280400,29,15
1376280689,29,15
1376280747,29,15
1376280767,29,15
1376281057,29,15
1376281114,29,15
1376281134,29,15
1376281481,29,15
1376281500,29,15
1376281839,29,15
1376281868,29,15
1376281979,30,14
1376282186,30,14
1376282235,31,13
1376282552,31,13
1376282601,31,13
1376282920,31,13
1376282968,31,13
1376283275,31,13
1376283334,31,13
1376283641,31,13
1376283700,31,13
1376283992,31,13
1376284048,31,13
1376284068,31,13
1376284357,31,13
1376284416,31,13
1376284435,31,13
1376284782,31,13
1376284801,31,13
1376285077,32,12
1376285143,32,12
1376285168,32,12
1376285488,32,12
1376285534,32,12
1376285608,33,11
1376285854,33,11
1376285902,33,11
1376286222,33,11
1376286270,33,11
1376286438,34,10
1376286582,34,10
1376286635,35,9
1376286722,36,8
1376286943,36,8
1376287002,36,8
1376287293,36,8
1376287351,36,8
1376287369,36,8
1376287660,36,8
1376287716,36,8
1376287779,35,9
1376288083,35,9
1376288102,35,9
1376288319,36,8
1376288440,37,7
1376288472,38,6
1376288700,39,5
1376288789,40,4
1376288836,40,4
1376288954,41,3
1376289024,42,2
1376289155,41,3
1376289203,41,3
1376289401,42,2
1376289522,43,1
1376289569,43,1
1376289676,44,0
1376289882,44,0
1376289935,44,0
1376290226,44,0
1376290302,44,0
1376290593,44,0
1376290650,44,0
1376290723,44,0
1376290959,44,0
1376291018,44,0
1376291072,43,1
1376291378,43,1
1376291402,43,1
1376291742,44,0
1376291769,44,0
1376291920,43,1
1376291953,42,2
1376292090,42,2
1376292136,42,2
1376292202,43,1
1376292457,43,1
1376292503,44,0
1376292823,44,0
1376292870,44,0
1376293183,44,0
1376293237,44,0
1376293288,43,1
1376293314,42,2
1376293528,42,2
1376293603,42,2
1376293606,42,2
1376293829,40,4
1376293895,40,4
1376293952,40,4
1376293971,40,4
1376294035,41,3
1376294262,41,3
1376294319,41,3
1376294337,41,3
1376294513,40,4
1376294679,40,4
1376294705,40,4
1376295043,40,4
1376295071,40,4
1376295309,40,4
1376295401,40,4
1376295455,40,4
1376295509,40,4
1376295545,40,4
1376295673,41,3
1376295758,41,3
1376295805,41,3
1376295998,40,4
1376296119,39,5
1376296171,39,5
1376296480,39,5
1376296539,39,5
1376296830,39,5
1376296887,39,5
1376296958,40,4
1376297196,40,4
1376297254,40,4
1376297273,40,4
1376297377,41,3
1376297562,41,3
1376297620,41,3
1376297638,41,3
1376297923,41,3
1376297981,42,2
1376298005,42,2
1376298344,42,2
1376298382,42,2
1376298507,43,1
1376298691,43,1
1376298739,43,1
1376299059,43,1
1376299105,43,1
1376299279,41,3
1376299419,41,3
1376299472,41,3
1376299534,42,2
1376299780,42,2
1376299839,42,2
1376300130,42,2
1376300187,42,2
1376300206,42,2
1376300394,43,1
1376300495,43,1
1376300554,43,1
1376300572,43,1
1376300863,43,1
1376300920,43,1
1376300981,41,3
1376301281,41,3
1376301305,41,3
1376301644,41,3
1376301677,41,3
1376301748,42,2
1376301812,43,1
1376301992,43,1
1376302039,42,2
1376302136,41,3
1376302358,41,3
1376302406,41,3
1376302719,41,3
1376302772,41,3
1376303081,41,3
1376303139,41,3
1376303171,42,2
1376303429,42,2
1376303501,42,2
1376303509,43,1
1376303797,43,1
1376303860,42,2
1376303873,42,2
1376304043,42,2
1376304131,43,1
1376304222,43,1
1376304241,43,1
1376304583,43,1
1376304607,43,1
1376304927,43,1
1376304975,42,2
1376305294,42,2
1376305342,42,2
1376305570,43,1
1376305660,43,1
1376305707,43,1
1376306021,43,1
1376306074,43,1
1376306383,42,2
1376306441,42,2
1376306677,42,2
1376306731,42,2
1376306789,42,2
1376306807,42,2
1376306979,43,1
1376307099,42,2
1376307156,42,2
1376307191,42,2
1376307228,43,1
1376307522,43,1
1376307557,42,2
1376307623,42,2
1376307700,42,2
1376307742,43,1
1376307882,43,1
1376307907,43,1
1376308227,43,1
1376308274,43,1
1376308593,43,1
1376308641,43,1
1376308960,43,1
1376309007,43,1
1376309142,43,1
1376309168,43,1
1376309258,43,1
1376309321,43,1
1376309374,43,1
1376309682,43,1
1376309741,43,1
1376310031,43,1
1376310100,42,2
1376310133,42,2
1376310399,42,2
1376310456,42,2
1376310474,42,2
1376310735,41,3
1376310822,41,3
1376310842,41,3
1376311052,40,4
1376311180,40,4
1376311208,40,4
1376311359,40,4
1376311369,41,3
1376311529,41,3
1376311575,41,3
1376311895,41,3
1376311942,41,3
1376312262,41,3
1376312309,40,4
1376312623,40,4
1376312675,40,4
1376312736,41,3
1376312841,42,2
1376312966,42,2
1376313043,42,2
1376313187,41,3
1376313333,41,3
1376313391,40,4
1376313461,39,5
1376313700,40,4
1376313757,40,4
1376313776,40,4
1376314124,40,4
1376314143,41,3
1376314480,41,3
1376314510,41,3
1376314600,42,2
1376314753,43,1
1376314837,42,2
1376314875,42,2
1376315196,42,2
1376315255,42,2
1376315281,43,1
1376315351,43,1
1376315563,43,1
1376315610,43,1
1376315922,43,1
1376315977,43,1
1376316267,43,1
1376316343,43,1
1376316634,43,1
1376316693,42,2
1376316711,42,2
1376316806,41,3
1376317003,41,3
1376317060,41,3
1376317078,41,3
1376317420,41,3
1376317445,41,3
1376317518,42,2
1376317572,41,3
1376317783,41,3
1376317812,41,3
1376318132,41,3
1376318203,42,2
1376318499,41,3
1376318546,41,3
1376318713,43,1
1376318859,43,1
1376318913,43,1
1376319221,43,1
1376319279,43,1
1376319570,43,1
1376319628,43,1
1376319647,43,1
1376319937,43,1
1376319994,43,1
1376320012,43,1
1376320140,42,2
1376320303,41,3
1376320361,40,4
1376320380,40,4
1376320722,42,2
1376320746,42,2
1376320836,43,1
1376321066,43,1
1376321114,43,1
1376321434,43,1
1376321480,43,1
1376321525,42,2
1376321800,42,2
1376321847,41,3
1376321929,40,4
1376322155,40,4
1376322214,40,4
1376322457,42,2
1376322522,42,2
1376322580,42,2
1376322871,42,2
1376322930,42,2
1376322948,42,2
1376323013,41,3
1376323238,41,3
1376323296,41,3
1376323314,41,3
1376323662,41,3
1376323680,41,3
1376323889,40,4
1376324023,40,4
1376324048,41,3
1376324129,41,3
1376324251,42,2
1376324371,42,2
1376324428,43,1
1376324735,43,1
1376324782,43,1
1376324977,42,2
1376325101,43,1
1376325157,42,2
1376325462,42,2
1376325523,42,2
1376325823,42,2
1376325882,42,2
1376325921,41,3
1376325963,40,4
1376326178,40,4
1376326230,40,4
1376326289,40,4
1376326540,40,4
1376326598,40,4
1376326616,40,4
1376326843,40,4
1376326845,41,3
1376326959,41,3
1376326983,41,3
1376327061,40,4
1376327127,39,5
1376327321,37,7
1376327374,37,7
1376327435,36,8
1376327483,37,7
1376327669,38,6
1376327716,38,6
1376327753,38,6
1376327860,38,6
1376327885,38,6
1376328036,37,7
1376328088,38,6
1376328153,37,7
1376328220,36,8
1376328282,35,9
1376328341,34,10
1376328403,35,9
1376328450,33,11
1376328687,32,12
1376328763,32,12
1376328817,32,12
1376328847,31,13
1376328915,30,14
1376328961,29,15
1376329021,28,16
1376329108,28,16
1376329182,28,16
1376329197,29,15
1376329360,28,16
1376329401,28,16
1376329474,28,16
1376329532,29,15
1376329596,32,12
1376329686,30,14
1376329750,29,15
1376329841,29,15
1376329899,29,15
1376329917,29,15
1376329991,28,16
1376330259,28,16
1376330283,28,16
1376330621,28,16
1376330651,27,17
1376330977,26,18
1376331017,26,18
1376331059,25,19
1376331196,24,20
1376331338,24,20
1376331403,24,20
1376331406,25,19
1376331495,24,20
1376331698,24,20
1376331751,24,20
1376331888,23,21
1376332060,23,21
1376332117,23,21
1376332301,24,20
1376332362,24,20
1376332412,21,23
1376332472,23,21
1376332486,23,21
1376332556,24,20
1376332670,23,21
1376332776,21,23
1376332833,21,23
1376332871,18,26
1376333023,18,26
1376333142,18,26
1376333200,18,26
1376333219,18,26
1376333283,17,27
1376333343,17,27
1376333451,16,28
1376333561,16,28
1376333620,17,27
1376333663,18,26
1376333786,17,27
1376333923,17,27
1376333953,17,27
1376334271,17,27
1376334328,16,28
1376334359,17,27
1376334638,17,27
1376334686,17,27
1376334755,18,26
1376335000,19,25
1376335053,19,25
1376335143,18,26
1376335361,18,26
1376335420,18,26
1376335471,17,27
1376335520,18,26
1376335556,17,27
1376335653,17,27
1376335710,18,26
1376335777,17,27
1376335787,17,27
1376335860,16,28
1376336078,16,28
1376336134,16,28
1376336153,16,28
1376336501,16,28
1376336521,16,28
1376336616,13,31
1376336863,13,31
1376336888,13,31
1376337143,12,32
1376337208,12,32
1376337270,9,35
1376337575,9,35
1376337624,8,36
1376337942,8,36
1376337990,8,36
1376338296,8,36
1376338357,8,36
1376338591,7,37
1376338646,7,37
1376338704,7,37
1376338782,6,38
1376338833,7,37
1376338850,8,36
1376339013,8,36
1376339070,8,36
1376339090,8,36
1376339180,9,35
1376339379,9,35
1376339438,9,35
1376339458,9,35
1376339556,9,35
1376339573,10,34
1376339742,9,35
1376339796,9,35
1376339824,9,35
1376339911,8,36
1376339982,8,36
1376339985,7,37
1376340141,7,37
1376340190,7,37
1376340421,7,37
1376340508,7,37
1376340557,7,37
1376340875,7,37
1376340925,7,37
1376341243,7,37
1376341291,7,37
1376341598,6,38
1376341660,6,38
1376341776,7,37
1376341962,7,37
1376342004,6,38
1376342061,5,39
1376342133,4,40
1376342315,4,40
1376342372,4,40
1376342392,4,40
1376342614,6,38
1376342681,6,38
1376342738,6,38
1376342758,6,38
1376343100,6,38
1376343125,6,38
1376343444,6,38
1376343519,5,39
1376343811,5,39
1376343860,5,39
1376344178,5,39
1376344227,5,39
1376344533,6,38
1376344594,6,38
1376344900,6,38
1376344961,6,38
1376345142,5,39
1376345202,5,39
1376345250,7,37
1376345307,7,37
1376345327,7,37
1376345617,7,37
1376345674,7,37
1376345694,7,37
1376346041,7,37
1376346061,7,37
1376346211,7,37
1376346227,8,36
1376346401,8,36
1376346426,8,36
1376346745,8,36
1376346794,8,36
1376346982,7,37
1376347112,7,37
1376347161,7,37
1376347358,8,36
1376347416,10,34
1376347479,10,34
1376347543,11,33
1376347588,12,32
1376347654,16,28
1376347715,19,25
1376347779,22,22
1376347834,23,21
1376347902,25,19
1376347943,27,17
1376348202,27,17
1376348262,27,17
1376348551,27,17
1376348608,27,17
1376348628,27,17
1376348770,27,17
1376348860,28,16
1376348917,28,16
1376348975,28,16
1376348995,28,16
1376349116,27,17
1376349342,27,17
1376349362,27,17
1376349703,27,17
1376349728,27,17
1376350046,27,17
1376350095,27,17
1376350414,27,17
1376350463,27,17
1376350780,27,17
1376350829,27,17
1376351015,26,18
1376351136,26,18
1376351197,26,18
1376351487,26,18
1376351563,26,18
1376351591,25,19
1376351709,26,18
1376351853,25,19
1376351913,25,19
1376351933,25,19
1376352222,24,20
1376352279,24,20
1376352299,24,20
1376352637,24,20
1376352666,24,20
1376352984,24,20
1376353032,24,20
1376353350,24,20
1376353399,24,20
1376353717,24,20
1376353766,24,20
1376354073,24,20
1376354133,25,19
1376354439,24,20
1376354500,24,20
1376354789,24,20
1376354846,24,20
1376354866,24,20
1376355155,24,20
1376355212,24,20
1376355233,24,20
1376355523,24,20
1376355579,24,20
1376355601,24,20
1376355941,24,20
1376355966,24,20
1376356284,24,20
1376356334,24,20
1376356651,24,20
1376356701,24,20
1376357018,24,20
1376357067,24,20
1376357373,24,20
1376357433,24,20
1376357740,24,20
1376357800,24,20
1376358089,24,20
1376358146,24,20
1376358456,24,20
1376358513,24,20
1376358533,24,20
1376358824,24,20
1376358881,24,20
1376358901,24,20
1376358974,25,19
1376359050,26,18
1376359238,26,18
1376359268,26,18
1376359509,25,19
1376359586,25,19
1376359634,25,19
1376359952,25,19
1376360002,25,19
1376360319,25,19
1376360368,25,19
1376360674,25,19
1376360734,25,19
1376361041,25,19
1376361101,25,19
1376361390,25,19
1376361448,25,19
1376361468,25,19
1376361757,25,19
1376361815,25,19
1376361835,25,19
1376362182,25,19
1376362201,25,19
1376362539,25,19
1376362569,25,19
1376362887,25,19
1376362936,25,19
1376363253,25,19
1376363302,25,19
1376363426,26,18
1376363620,26,18
1376363669,26,18
1376363975,26,18
1376364035,26,18
1376364342,26,18
1376364401,26,18
1376364692,26,18
1376364749,26,18
1376364769,26,18
1376365058,26,18
1376365116,25,19
1376365136,25,19
1376365483,25,19
1376365503,25,19
1376365843,25,19
1376365870,25,19
1376366187,25,19
1376366236,25,19
1376366555,25,19
1376366603,25,19
1376366921,25,19
1376366969,25,19
1376367277,25,19
1376367337,25,19
1376367643,25,19
1376367703,25,19
1376367992,25,19
1376368050,25,19
1376368098,26,18
1376368360,26,18
1376368405,26,18
1376368436,27,17
1376368783,27,17
1376368841,28,16
1376369143,28,16
1376369169,28,16
1376369489,28,16
1376369536,28,16
1376369856,28,16
1376369903,28,16
1376370222,28,16
1376370271,28,16
1376370582,28,16
1376370638,28,16
1376370927,28,16
1376370985,28,16
1376371004,28,16
1376371294,28,16
1376371352,28,16
1376371398,29,15
1376371661,29,15
1376371718,29,15
1376371737,29,15
1376371818,30,14
1376372077,30,14
1376372123,31,13
1376372151,32,12
1376372435,32,12
1376372470,33,11
1376372790,33,11
1376372836,33,11
1376372981,33,11
1376373041,35,9
1376373155,35,9
1376373203,35,9
1376373313,34,10
1376373523,35,9
1376373570,35,9
1376373710,34,10
1376373884,33,11
1376373938,33,11
1376374227,33,11
1376374286,33,11
1376374304,33,11
1376374595,33,11
1376374657,34,10
1376374670,34,10
1376374955,34,10
1376375019,35,9
1376375078,35,9
1376375088,36,8
1376375262,36,7
1376375273,37,7
1376375379,37,7
1376375404,37,7
1376375742,37,7
1376375771,37,7
1376375847,38,6
1376376090,38,6
1376376137,40,4
1376376175,39,5
1376376456,40,4
1376376503,41,3
1376376694,42,2
1376376722,43,1
1376376823,44,0
1376376870,44,0
1376377107,43,1
1376377183,43,1
1376377236,43,1
1376377356,44,0
1376377527,44,0
1376377603,44,0
1376377762,42,2
1376377808,43,1
1376377894,43,1
1376377960,44,0
1376377987,44,0
1376378059,44,1
1376378118,45,1
1376378440,45,1
1376378449,46,0
1376379053,46,0
1376379546,45,1
1376379821,46,0
1376380425,46,0
1376380619,45,1
1376381022,46,0
1376381626,46,0
1376382230,46,0
1376382399,45,1
1376383002,45,1
1376383115,46,0
1376383128,45,1
1376383648,46,0
1376384252,46,0
1376384549,45,1
1376384614,45,1
1376384730,45,1
1376384784,46,0
1376384914,45,1
1376385103,45,1
1376385105,46,0
1376385709,46,0
1376386313,46,0
1376386916,46,0
1376387517,45,1
1376387803,45,1
1376387811,46,0
1376388415,46,0
1376389020,46,0
1376389623,46,0
1376390228,46,0
1376390418,45,1
1376390702,46,0
1376391157,45,1
1376391182,46,0
1376391340,45,1
1376391394,44,2
1376391421,45,1
1376391901,44,2
1376391983,44,2
1376392048,44,2
1376392096,44,2
1376392229,43,3
1376392304,43,3
1376392338,44,2
1376392410,44,2
1376392439,45,1
1376392594,44,2
1376392780,43,3
1376393093,44,2
1376393698,44,2
1376394303,44,2
1376394508,43,3
1376394679,44,2
1376395161,44,2
1376395192,44,2
1376395527,44,2
1376395551,44,2
1376395668,43,3
1376395794,44,2
1376396128,45,1
1376396637,46,0
1376397241,46,0
1376397436,45,1
1376397500,44,2
1376397662,43,3
1376397754,44,2
1376398358,44,2
1376398843,44,2
1376398846,45,1
1376399045,46,0
1376399646,45,1
1376399877,46,0
1376400331,45,1
1376400424,46,0
1376400628,45,1
1376401103,44,2
1376401302,45,1
1376401669,45,1
1376401782,46,0
1376401818,45,1
1376401860,45,1
1376402076,46,0
1376402680,46,0
1376403285,46,0
1376403883,46,0
1376403885,45,1
1376404408,46,0
1376404865,44,2
1376405324,43,3
1376405327,42,4
1376405930,42,4
1376406592,44,2
1376406853,44,2
1376407001,43,3
1376407109,42,4
1376407178,42,4
1376407331,44,2
1376407935,44,2
1376408309,45,1
1376408623,43,3
1376408828,43,3
1376409021,44,2
1376409159,43,3
1376409175,44,2
1376409317,43,3
1376409408,42,4
1376409694,42,4
1376409750,43,3
1376409821,43,3
1376409867,44,2
1376410003,44,2
1376410006,43,3
1376410211,42,4
1376410807,43,3
1376411203,42,4
1376411343,43,3
1376411398,42,4
1376411612,41,5
1376411781,40,6
1376411823,41,5
1376411917,40,6
1376412021,39,7
1376412093,39,7
1376412223,39,7
1376412283,40,6
1376412337,38,8
1376412558,36,10
1376412641,35,11
1376412665,34,12
1376412805,36,10
1376412883,35,11
1376412927,37,9
1376412989,38,8
1376413123,36,10
1376413527,37,9
1376413598,39,7
1376413707,38,8
1376413770,37,9
1376413842,37,9
1376413902,37,9
1376414002,36,10
1376414127,35,11
1376414304,31,15
1376414582,32,14
1376414679,31,15
1376414688,31,15
1376414921,30,16
1376414946,31,15
1376415009,30,16
1376415340,31,15
1376415503,32,14
1376415953,31,15
1376416026,30,16
1376416174,31,15
1376416358,29,17
1376416528,29,17
1376416564,30,16
1376416689,31,15
1376416890,30,16
1376417020,29,17
1376417029,28,18
1376417317,25,21
1376417904,23,23
1376418041,23,23
1376418097,24,22
1376418421,25,21
1376418687,25,21
1376418728,25,21
1376418952,24,22
1376419122,22,23
1376419176,22,23
1376419484,21,24
1376419542,21,24
1376419765,19,26
1376419834,19,26
1376419890,19,26
1376419909,19,26
1376420200,19,26
1376420278,19,26
1376420466,18,27
1376420620,18,27
1376420645,18,27
1376420984,18,27
1376421012,18,27
1376421096,17,28
1376421108,18,27
1376421263,17,28
1376421331,17,28
1376421378,16,29
1376421698,16,29
1376421794,12,33
1376421906,13,32
1376422124,11,34
1376422200,10,35
1376422420,10,35
1376422480,10,35
1376422540,11,34
1376422714,10,35
1376422770,10,35
1376422836,9,36
1376422848,9,36
1376423137,9,36
1376423194,9,36
1376423214,9,36
1376423354,10,35
1376423503,10,35
1376423561,10,35
1376423615,9,36
1376423734,9,36
1376423751,10,35
1376423919,10,35
1376423948,10,35
1376424266,10,35
1376424340,9,36
1376424568,10,35
1376424681,10,35
1376425000,10,35
1376425048,10,35
1376425127,9,36
1376425355,9,36
1376425415,8,37
1376425722,8,37
1376425782,8,37
1376426072,9,36
1376426130,9,36
1376426150,9,36
1376426439,9,36
1376426495,9,36
1376426516,9,36
1376426567,8,37
1376426863,7,38
1376426884,7,38
1376426975,7,38
1376426989,6,39
1376427099,5,40
1376427135,4,41
1376427202,4,41
1376427251,4,41
1376427334,4,41
1376427377,5,40
1376427444,6,39
1376427585,5,40
1376427615,5,40
1376427936,5,40
1376427981,4,41
1376428292,4,41
1376428357,4,41
1376428662,4,41
1376428724,4,41
1376429012,4,41
1376429070,4,41
1376429119,3,42
1376429379,3,42
1376429436,3,42
1376429458,3,42
1376429657,1,44
1376429804,1,44
1376429840,0,45
1376430142,0,45
1376430192,0,45
1376430293,0,45
1376430509,0,45
1376430559,0,45
1376430876,0,45
1376430926,0,45
1376431243,0,45
1376431293,0,45
1376431598,0,45
1376431659,0,45
1376431823,0,45
1376431963,0,45
1376432020,0,45
1376432061,0,45
1376432105,1,44
1376432314,1,44
1376432372,1,44
1376432393,1,44
1376432681,1,44
1376432738,1,44
1376432759,1,44
1376432921,0,45
1376433102,1,44
1376433126,1,44
1376433444,1,44
1376433494,1,44
1376433577,2,43
1376433633,4,41
1376433699,5,40
1376433764,5,40
1376433816,10,35
1376433875,12,33
1376433942,16,29
1376434000,17,28
1376434065,19,26
1376434176,19,26
1376434222,19,26
1376434542,19,26
1376434589,19,26
1376434687,18,27
1376434903,18,27
1376434956,18,27
1376435101,19,26
1376435149,18,27
1376435265,18,27
1376435323,18,27
1376435613,18,27
1376435672,17,28
1376435691,17,28
1376435981,17,28
1376436037,17,28
1376436058,17,28
1376436399,17,28
1376436423,17,28
1376436619,16,29
1376436762,16,29
1376436791,16,29
1376437110,16,29
1376437158,16,29
1376437477,16,29
1376437524,16,29
1376437844,16,29
1376437891,16,29
1376438006,17,28
1376438205,17,28
1376438258,17,28
1376438548,17,28
1376438625,17,28
1376438749,16,29
1376438915,16,29
1376438974,16,29
1376438992,16,29
1376439282,16,29
1376439339,16,29
1376439359,16,29
1376439700,16,29
1376439726,16,29
1376440063,16,29
1376440092,16,29
1376440412,16,29
1376440458,16,29
1376440778,16,29
1376440826,16,29
1376441139,16,29
1376441193,16,29
1376441500,16,29
1376441559,16,29
1376441850,16,29
1376441926,16,29
1376442216,16,29
1376442274,16,29
1376442292,16,29
1376442641,16,29
1376442659,16,29
1376443002,16,29
1376443026,16,29
1376443364,16,29
1376443394,16,29
1376443713,16,29
1376443761,16,29
1376444079,16,29
1376444127,16,29
1376444441,16,29
1376444494,16,29
1376444861,16,29
1376445151,16,29
1376445211,16,29
1376445228,16,29
1376445518,17,28
1376445576,17,28
1376445636,17,28
1376445661,17,28
1376445736,17,28
1376445795,18,27
1376445885,19,26
1376445942,19,26
1376445961,19,26
1376446303,19,26
1376446327,19,26
1376446647,19,26
1376446694,19,26
1376447014,19,26
1376447062,19,26
1376447381,19,26
1376447428,19,26
1376447742,19,26
1376447795,19,26
1376448104,19,26
1376448163,19,26
1376448453,19,26
1376448510,19,26
1376448529,19,26
1376448820,19,26
1376448878,19,26
1376448896,19,26
1376449244,19,26
1376449263,18,27
1376449604,17,28
1376449630,17,28
1376449708,18,27
1376449949,18,27
1376449997,18,27
1376450316,18,27
1376450363,18,27
1376450682,18,27
1376450730,18,27
1376451043,18,27
1376451097,18,27
1376451403,18,27
1376451463,18,27
1376451753,18,27
1376451825,18,27
1376451829,18,27
1376451890,19,26
1376452121,19,26
1376452179,19,26
1376452197,19,26
1376452539,19,26
1376452564,19,26
1376452905,19,26
1376452930,19,26
1376453250,19,26
1376453296,19,26
1376453617,19,26
1376453665,19,26
1376453984,19,26
1376454030,19,26
1376454345,19,26
1376454398,19,26
1376454601,20,25
1376454688,20,25
1376454765,20,25
1376454855,21,24
1376455056,21,24
1376455113,22,23
1376455131,22,23
1376455422,22,23
1376455480,22,23
1376455498,22,23
1376455841,22,23
1376455864,22,23
1376456202,22,23
1376456232,22,23
1376456552,22,23
1376456598,22,23
1376456918,22,23
1376456965,22,23
1376457280,22,23
1376457332,22,23
1376457645,22,23
1376457699,22,23
1376457991,22,23
1376458065,22,23
1376458067,22,23
1376458357,22,23
1376458415,22,23
1376458433,22,23
1376458724,22,23
1376458781,22,23
1376458814,23,22
1376459142,23,22
1376459201,22,23
1376459505,22,23
1376459533,22,23
1376459650,23,22
1376459713,22,23
1376459853,22,23
1376459899,22,23
1376460089,23,22
1376460164,23,22
1376460220,24,21
1376460266,24,21
1376460298,23,22
1376460580,23,22
1376460634,23,22
1376460757,24,21
1376460883,25,20
1376460943,24,21
1376461002,24,21
1376461012,25,20
1376461291,25,20
1376461365,25,20
1376461371,26,19
1376461478,26,19
1376461658,26,19
1376461715,27,18
1376461799,29,16
1376461954,29,16
1376462024,29,16
1376462081,29,16
1376462100,29,16
1376462441,30,15
1376462466,30,15
1376462528,32,13
1376462658,33,12
1376462805,33,12
1376462833,34,11
1376463153,35,10
1376463199,35,10
1376463340,37,8
1376463394,38,7
1376463408,38,7
1376463520,39,6
1376463584,40,5
1376463629,39,6
1376463678,40,5
1376463740,41,4
1376463880,41,4
1376463933,41,4
1376464057,40,5
1376464100,41,4
1376464241,41,4
1376464301,41,4
1376464330,42,3
1376464591,42,3
1376464665,42,3
1376464667,42,3
1376464957,42,3
1376465015,42,3
1376465033,42,3
1376465324,42,3
1376465382,42,3
1376465400,42,3
1376465685,42,3
1376465743,43,2
1376465766,43,2
1376465910,45,0
1376465935,44,1
1376466105,44,1
1376466154,43,2
1376466276,42,3
1376466454,43,2
1376466500,43,2
1376466821,43,2
1376466868,43,2
1376467182,43,2
1376467235,43,2
1376467543,43,2
1376467601,43,2
1376467750,42,3
1376467892,42,3
1376467950,42,3
1376467967,42,3
1376468200,43,2
1376468258,43,2
1376468318,43,2
1376468385,44,1
1376468387,45,0
1376468685,45,0
1376468703,45,0
1376469044,45,0
1376469070,45,0
1376469389,45,0
1376469436,45,0
1376469754,45,0
1376469802,45,0
1376470121,45,0
1376470169,45,0
1376470481,45,0
1376470534,45,0
1376470842,45,0
1376470901,45,0
1376471011,44,1
1376471115,45,0
1376471192,45,0
1376471250,45,0
1376471268,45,0
1376471560,44,1
1376471616,44,1
1376471635,44,1
1376471795,45,0
1376471978,45,0
1376472002,45,0
1376472344,45,0
1376472369,45,0
1376472689,45,0
1376472736,45,0
1376473055,45,0
1376473102,45,0
1376473422,45,0
1376473469,45,0
1376473783,45,0
1376473836,45,0
1376474127,45,0
1376474202,45,0
1376474310,44,1
1376474363,44,1
1376474493,45,0
1376474551,45,0
1376474570,45,0
1376474861,45,0
1376474918,45,0
1376474937,45,0
1376475279,45,0
1376475304,45,0
1376475642,45,0
1376475670,45,0
1376475712,44,1
1376475990,44,1
1376476044,43,2
1376476207,44,1
1376476258,43,2
1376476357,43,2
1376476404,43,2
1376476723,43,2
1376476771,43,2
1376477083,43,2
1376477137,43,2
1376477296,42,3
1376477428,42,3
1376477503,41,4
1376477532,40,5
1376477795,40,5
1376477853,40,5
1376477871,40,5
1376478162,40,5
1376478219,40,5
1376478250,41,4
1376478441,42,3
1376478580,43,2
1376478604,43,2
1376478807,42,3
1376478943,42,3
1376478971,42,3
1376479092,43,2
1376479303,43,2
1376479337,44,1
1376479436,45,0
1376479585,44,1
1376479658,44,1
1376479704,44,1
1376479748,43,2
1376480024,43,2
1376480072,43,2
1376480304,42,3
1376480384,42,3
1376480439,41,4
1376480679,40,5
1376480729,41,4
1376480804,41,4
1376480806,41,4
1376480916,42,3
1376481096,42,3
1376481153,42,3
1376481172,42,3
1376481274,42,3
1376481462,42,3
1376481520,42,3
1376481573,43,2
1376481623,42,3
1376481740,41,4
1376481812,40,5
1376481883,41,4
1376481905,42,3
1376482061,42,3
1376482088,44,1
1376482151,45,0
1376482243,45,0
1376482271,45,0
1376482591,45,0
1376482640,45,0
1376482958,45,0
1376483006,45,0
1376483319,45,0
1376483371,45,0
1376483684,45,0
1376483739,45,0
1376483916,45,0
1376484030,45,0
1376484104,45,0
1376484105,45,0
1376484397,45,0
1376484454,45,0
1376484472,45,0
1376484763,45,0
1376484820,45,0
1376484839,45,0
1376484892,44,1
1376484947,43,2
1376485181,43,2
1376485206,43,2
1376485543,41,4
1376485573,40,5
1376485893,40,5
1376485939,41,4
1376486107,42,3
1376486259,42,3
1376486306,42,3
1376486619,42,3
1376486673,42,3
1376486702,42,3
1376486981,42,3
1376487039,42,3
1376487330,41,4
1376487387,41,4
1376487407,41,4
1376487524,40,5
1376487697,40,5
1376487755,40,5
1376487773,40,5
1376487903,41,4
1376488064,40,5
1376488121,39,6
1376488159,40,5
1376488482,40,5
1376488506,40,5
1376488644,41,4
1376488844,41,4
1376488874,41,4
1376489022,41,4
1376489030,42,3
1376489101,43,2
1376489194,43,2
1376489240,43,2
1376489560,43,2
1376489607,43,2
1376489921,43,2
1376489973,43,2
1376490039,43,2
1376490048,44,1
1376490134,45,0
1376490283,44,1
1376490341,44,1
1376490347,44,1
1376490632,44,1
1376490704,44,1
1376490708,45,0
1376490883,45,0
1376490904,45,0
1376490998,45,0
1376491055,45,0
1376491074,45,0
1376491423,45,0
1376491441,45,0
1376491783,45,0
1376491807,45,0
1376491913,44,1
1376492127,44,1
1376492173,44,1
1376492411,43,2
1376492494,43,2
1376492541,43,2
1376492580,42,3
1376492661,41,4
1376492741,40,5
1376492861,40,5
1376492908,40,5
1376493222,40,5
1376493276,40,5
1376493300,41,4
1376493583,41,4
1376493642,41,4
1376493932,41,4
1376493990,41,4
1376494008,41,4
1376494299,41,4
1376494358,41,4
1376494375,41,4
1376494609,40,5
1376494718,40,5
1376494743,40,5
1376494940,39,6
1376495004,38,7
1376495084,38,7
1376495110,38,7
1376495438,39,6
1376495477,40,5
1376495796,40,5
1376495843,40,5
1376496163,38,7
1376496210,38,7
1376496520,39,6
1376496577,40,5
1376496616,41,4
1376496682,40,5
1376496823,39,6
1376496884,39,6
1376496943,39,6
1376497234,39,6
1376497292,39,6
1376497310,39,6
1376497478,38,7
1376497498,37,8
1376497603,37,8
1376497658,38,7
1376497677,38,7
1376498019,38,7
1376498043,38,7
1376498150,37,8
1376498323,39,6
1376498384,40,5
1376498440,40,5
1376498449,41,4
1376498626,42,3
1376498743,42,3
1376498777,41,4
1376498920,40,5
1376499023,39,6
1376499097,39,6
1376499143,39,6
1376499376,38,7
1376499464,37,8
1376499510,36,9
1376499543,35,10
1376499632,36,9
1376499824,34,11
1376499878,36,9
1376500017,37,8
1376500168,38,7
1376500243,39,6
1376500312,38,7
1376500448,39,6
1376500536,39,6
1376500592,39,6
1376500610,39,6
1376500812,40,5
1376500903,38,7
1376500959,39,6
1376500977,39,6
1376501219,38,7
1376501324,38,7
1376501344,37,8
1376501494,38,7
1376501537,37,8
1376501683,36,9
1376501711,36,9
1376501810,35,10
1376502031,35,10
1376502078,35,10
1376502397,35,10
1376502446,35,10
1376502619,35,10
1376502704,35,10
1376502761,35,10
1376502820,36,9
1376503120,36,9
1376503179,37,8
1376503394,36,9
1376503483,36,9
1376503528,38,7
1376503546,38,7
1376503708,39,6
1376503837,39,6
1376503894,39,6
1376503963,38,7
1376503970,39,6
1376504069,38,7
1376504261,38,7
1376504279,38,7
1376504361,37,8
1376504547,38,7
1376504622,38,7
1376504646,38,7
1376504820,39,6
1376504983,39,6
1376505013,39,6
1376505332,39,6
1376505380,39,6
1376505458,38,7
1376505550,37,8
1376505627,36,9
1376505700,36,9
1376505747,35,10
1376506061,35,10
1376506114,35,10
1376506181,36,9
1376506242,37,8
1376506301,40,5
1376506421,40,5
1376506480,40,5
1376506554,39,6
1376506678,38,7
1376506772,38,7
1376506829,38,7
1376506847,38,7
1376507138,38,7
1376507195,38,7
1376507213,38,7
1376507382,38,7
1376507384,39,6
1376507562,39,6
1376507580,39,6
1376507923,39,6
1376507976,38,7
1376508267,38,7
1376508313,38,7
1376508508,37,8
1376508633,37,8
1376508680,37,8
1376508740,36,9
1376509000,36,9
1376509047,36,9
1376509113,38,7
1376509300,38,7
1376509361,39,6
1376509414,39,6
1376509435,40,5
1376509595,38,7
1376509722,38,7
1376509780,38,7
1376510072,38,7
1376510129,38,7
1376510148,38,7
1376510320,37,8
1376510438,37,8
1376510497,37,8
1376510515,37,8
1376510800,36,8
1376510864,36,9
1376510923,37,8
1376510925,38,7
1376511223,38,7
1376511252,38,7
1376511326,37,8
1376511432,36,9
1376511568,36,9
1376511614,36,9
1376511934,36,9
1376511981,35,10
1376512301,35,10
1376512348,36,9
1376512662,36,9
1376512714,36,9
1376512842,35,10
1376512855,32,13
1376513023,32,13
1376513082,32,13
1376513373,33,12
1376513430,33,12
1376513449,33,12
1376513739,33,12
1376513796,33,12
1376513816,33,12
1376514038,33,12
1376514047,34,11
1376514163,31,14
1376514181,31,14
1376514523,31,14
1376514549,31,14
1376514721,32,13
1376514868,32,13
1376514928,32,13
1376514992,33,12
1376515074,32,13
1376515235,32,13
1376515282,32,13
1376515602,32,13
1376515649,32,13
1376515837,29,16
1376515962,29,16
1376516016,29,16
1376516324,29,16
1376516382,29,16
1376516426,31,14
1376516460,31,14
1376516673,31,14
1376516731,31,14
1376516749,31,14
1376516948,30,15
1376517040,32,13
1376517097,33,12
1376517116,33,12
1376517315,32,13
1376517395,31,14
1376517458,31,14
1376517482,31,14
1376517824,31,14
1376517848,31,14
1376518168,31,14
1376518215,31,14
1376518347,29,16
1376518535,29,16
1376518583,29,16
1376518902,29,16
1376518950,29,16
1376519059,30,15
1376519263,29,16
1376519322,28,17
1376519325,27,18
1376519547,28,17
1376519624,27,18
1376519682,27,18
1376519973,27,18
1376520031,27,18
1376520090,26,19
1376520151,25,20
1376520340,25,20
1376520397,25,20
1376520417,25,20
1376520583,25,20
1376520592,26,19
1376520758,26,19
1376520783,26,19
1376521121,26,19
1376521150,26,19
1376521469,26,19
1376521544,27,18
1376521574,27,18
1376521640,28,17
1376521836,28,17
1376521883,28,17
1376522202,28,17
1376522249,29,16
1376522563,29,16
1376522616,29,16
1376522908,29,16
1376522983,29,16
1376523274,29,16
1376523332,29,16
1376523350,29,16
1376523643,29,16
1376523699,28,17
1376523717,28,17
1376524059,28,17
1376524083,28,17
1376524422,28,17
1376524450,28,17
1376524771,28,17
1376524839,29,16
1376525137,29,16
1376525185,29,16
1376525504,29,16
1376525552,29,16
1376525639,28,17
1376525859,28,17
1376525918,28,17
1376526209,28,17
1376526283,28,17
1376526291,27,18
1376526576,27,18
1376526633,27,18
1376526651,27,18
1376526943,27,18
1376527000,27,18
1376527018,27,18
1376527362,27,18
1376527386,27,18
1376527723,27,18
1376527753,27,18
1376528072,27,18
1376528120,27,18
1376528439,27,18
1376528486,27,18
1376528800,27,18
1376528853,27,18
1376529039,26,19
1376529161,26,19
1376529219,26,19
1376529510,26,19
1376529567,26,19
1376529587,26,19
1376529877,26,19
1376529935,26,19
1376529954,26,19
1376530027,25,20
1376530304,25,20
1376530364,25,20
1376530410,25,20
1376530600,26,19
1376530723,26,19
1376530778,26,19
1376531320,25,20
1376531338,24,21
1376531503,24,21
1376531531,24,21
1376531647,25,20
1376531851,25,20
1376531898,25,20
1376532218,25,20
1376532265,25,20
1376532578,25,20
1376532632,25,20
1376532877,23,22
1376532939,23,22
1376532998,23,22
1376533346,23,22
1376533365,23,22
1376533655,23,22
1376533714,23,22
1376533732,23,22
1376534023,23,22
1376534080,23,22
1376534099,23,22
1376534466,23,22
1376534682,22,22
1376534703,22,23
1376534785,22,23
1376534832,22,23
1376535152,22,23
1376535201,22,23
1376535419,21,24
1376535522,21,24
1376535567,21,24
1376535881,21,24
1376535934,21,24
1376536242,21,24
1376536301,21,24
1376536385,20,25
1376536592,20,25
1376536649,20,25
1376536668,20,25
1376536958,20,25
1376537015,20,25
1376537035,20,25
1376537383,20,25
1376537402,20,25
1376537743,20,25
1376537769,20,25
1376538087,20,25
1376538136,20,25
1376538240,21,24
1376538456,21,24
1376538503,21,24
1376538817,21,24
1376538869,21,24
1376539182,21,24
1376539236,21,24
1376539528,21,24
1376539601,21,24
1376539604,21,24
1376539809,21,24
1376539894,21,24
1376539952,21,24
1376539969,21,24
1376540260,21,24
1376540319,21,24
1376540337,21,24
1376540679,21,24
1376540703,21,24
1376540829,22,23
1376541045,22,23
1376541071,22,23
1376541390,22,23
1376541437,22,23
1376541514,23,22
1376541756,23,22
1376541804,23,22
1376542118,23,22
1376542171,23,22
1376542483,23,22
1376542538,23,22
1376542829,23,22
1376542885,23,22
1376542905,23,22
1376543194,23,22
1376543253,23,22
1376543271,23,22
1376543561,23,22
1376543620,23,22
1376543638,23,22
1376543980,23,22
1376544006,23,22
1376544234,22,23
1376544343,22,23
1376544372,22,23
1376544692,22,23
1376544739,22,23
1376544987,21,24
1376545059,21,24
1376545106,21,24
1376545420,21,24
1376545473,21,24
1376545781,21,24
1376545840,21,24
1376546130,21,24
1376546188,22,23
1376546207,22,23
1376546498,22,23
1376546555,22,23
1376546573,22,23
1376546921,22,23
1376546982,22,23
1376546984,21,24
1376547283,21,24
1376547307,21,24
1376547627,21,24
1376547672,21,24
1376547993,21,24
1376548041,21,24
1376548360,21,24
1376548408,21,24
1376548657,21,24
1376548720,21,24
1376548773,21,24
1376548856,22,23
1376549081,22,23
1376549140,22,23
1376549158,22,21
1376549379,23,21
1376549393,22,22
1376549643,23,21
1376550079,22,22
1376550684,22,22
1376550881,21,23
1376551252,20,24
1376551855,20,24
1376552233,20,24
1376552315,21,23
1376552362,23,21
1376552553,24,20
1376553157,24,20
1376553761,24,20
1376554366,24,20
1376554772,24,20
1376554841,25,19
1376554844,26,18
1376555402,27,17
1376555481,28,16
1376555679,29,15
1376555734,30,14
1376555792,31,13
1376556042,31,13
1376556044,30,14
1376556612,31,13
1376556821,32,12
1376556988,31,13
1376557398,32,12
1376557717,31,13
1376558093,32,12
1376558372,31,13
1376558436,30,14
1376559040,30,14
1376559644,30,14
1376560248,30,14
1376560897,31,13
1376561501,31,13
1376561735,31,13
1376561763,32,12
1376561819,32,12
1376561891,33,11
1376561999,34,10
1376562125,33,11
1376562206,32,12
1376562746,33,11
1376562794,34,10
1376563242,35,9
1376563273,36,8
1376563409,35,9
1376563706,35,9
1376563748,36,8
1376563813,36,8
1376563859,37,7
1376563933,37,7
1376564079,36,8
1376564137,37,7
1376564207,37,7
1376564321,37,7
1376564351,37,7
1376564407,37,7
1376564576,38,6
1376564642,39,5
1376564699,40,4
1376564851,40,4
1376564866,40,4
1376565470,40,4
1376566040,40,4
1376566109,40,4
1376566235,41,3
1376566303,41,3
1376566408,43,1
1376566914,42,2
1376567084,42,2
1376567509,40,4
1376567763,41,3
1376568224,41,3
1376568234,43,1
1376568755,44,0
1376568996,43,1
1376569019,44,0
1376569288,44,0
1376569351,44,0
1376569789,43,1
1376570393,43,1
1376570996,43,1
1376571281,42,2
1376571885,42,2
1376572119,42,2
1376572196,43,1
1376572279,41,3
1376572361,42,2
1376572370,43,1
1376572634,44,0
1376572836,43,1
1376572877,42,2
1376573110,41,3
1376573607,43,1
1376574211,43,1
1376574388,43,1
1376574417,44,0
1376574544,44,0
1376574656,44,0
1376575180,43,1
1376575481,44,0
1376575491,42,2
1376575774,43,1
1376576073,40,3
1376576116,39,5
1376576333,40,4
1376576534,38,6
1376576661,37,7
1376576903,36,8
1376577122,37,7
1376577725,37,7
1376577793,35,9
1376577885,33,11
1376577913,31,13
1376578055,31,13
1376578117,34,10
1376578209,34,10
1376578297,35,9
1376578306,36,8
1376578417,35,8
1376578445,35,9
1376578924,36,8
1376579083,36,8
1376579135,37,7
1376579677,38,6
1376579823,37,7
1376579905,37,7
1376579983,37,7
1376579994,38,6
1376580453,38,6
1376580802,39,5
1376580999,40,4
1376581083,39,5
1376581182,39,5
1376581220,38,6
1376581291,40,4
1376581363,38,6
1376581365,37,7
1376581435,36,8
1376582007,34,10
1376582343,33,11
1376582516,34,10
1376582915,35,9
1376583398,35,9
1376583520,36,8
1376583583,36,8
1376583679,36,8
1376583758,36,8
1376583814,37,7
1376584109,38,6
1376584525,39,5
1376584566,40,4
1376584640,42,2
1376584870,43,1
1376585141,43,1
1376585183,43,1
1376585246,44,0
1376585850,44,0
1376586262,43,1
1376586582,42,2
1376586588,42,2
1376586703,44,0
1376587320,43,1
1376587542,44,0
1376587601,43,1
1376587704,42,2
1376588016,42,2
1376588050,43,1
1376588201,42,2
1376588261,42,2
1376588305,42,2
1376588351,41,3
1376588569,40,4
1376588724,39,5
1376588856,39,5
1376588956,39,5
1376589140,38,6
1376589216,39,5
1376589462,38,6
1376589490,38,6
1376589618,37,7
1376589653,36,8
1376590026,37,7
1376590630,37,7
1376590697,38,6
1376591137,38,6
1376591147,39,5
1376591236,39,5
1376591382,38,6
1376591726,39,5
1376592103,38,6
1376592106,37,7
1376592329,36,8
1376592776,34,10
1376592940,33,11
1376592992,32,12
1376593595,32,12
1376594119,34,10
1376594684,34,10
1376594743,34,10
1376594778,35,9
1376595043,35,9
1376595099,35,9
1376595140,35,9
1376595649,34,10
1376595943,35,9
1376595994,33,11
1376596265,32,12
1376596414,33,11
1376596538,32,12
1376596841,32,12
1376596852,33,11
1376597247,35,9
1376597851,35,9
1376598158,33,11
1376598761,33,11
1376598854,33,11
1376598942,33,11
1376598945,34,10
1376599303,34,10
1376599306,35,9
1376599718,36,8
1376599962,36,8
1376599971,36,8
1376600054,35,9
1376600129,36,8
1376600732,36,8
1376600922,36,8
1376600934,37,7
1376601059,36,8
1376601471,35,9
1376602075,35,9
1376602290,34,10
1376602633,34,10
1376602678,35,9
1376603282,35,9
1376603885,35,9
1376604513,33,11
1376604790,34,10
1376604916,33,11
1376605519,33,11
1376605602,31,13
1376605644,30,14
1376605767,29,15
1376606380,29,15
1376606389,30,14
1376606506,29,15
1376607110,29,15
1376607714,29,15
1376607773,28,16
1376608377,28,16
1376608980,28,16
1376609507,27,17
1376610110,27,17
1376610217,26,18
1376610761,26,18
1376610764,24,20
1376610923,23,21
1376611314,22,22
1376611811,22,22
1376611865,23,21
1376612468,23,21
1376612683,24,20
1376612742,25,19
1376613346,25,19
1376613949,25,19
1376614553,25,19
1376615157,25,19
1376615760,25,19
1376616363,25,19
1376616967,25,19
1376617630,25,19
1376618233,25,19
1376618837,25,19
1376619440,25,19
1376619939,26,18
1376620543,26,18
1376621147,26,18
1376621231,25,19
1376621834,25,19
1376622438,25,19
1376622522,24,20
1376623125,24,20
1376623729,24,20
1376624333,24,20
1376624936,24,20
1376625540,24,20
1376626144,24,20
1376626747,24,20
1376627170,25,19
1376627431,26,18
1376628036,26,18
1376628639,26,18
1376628682,27,17
1376629286,27,17
1376629891,27,17
1376630494,27,17
1376630644,28,16
1376630708,27,17
1376631313,27,17
1376631461,28,16
1376632065,28,16
1376632663,28,16
1376632723,29,15
1376632732,30,14
1376633051,29,15
1376633654,29,15
1376633790,30,14
1376634255,31,13
1376634822,31,13
1376634824,30,14
1376634973,31,13
1376635017,32,12
1376635492,31,13
1376635598,31,13
1376635606,32,12
1376636215,31,13
1376636503,31,13
1376636505,32,12
1376636620,33,11
1376636628,34,10
1376637090,35,9
1376637121,35,9
1376637334,37,7
1376637940,37,7
1376638058,37,7
1376638105,37,6
1376638256,37,6
1376638521,38,5
1376638901,38,5
1376638955,38,4
1376638986,39,3
1376639590,39,3
1376640194,39,3
1376640662,38,4
1376640865,40,4
1376640941,40,4
1376640980,41,3
1376641056,42,3
1376641098,44,2
1376641703,44,2
1376642307,44,2
1376642911,44,2
1376643019,43,3
1376643327,44,2
1376643932,44,2
1376644536,44,2
1376644662,44,2
1376644664,43,3
1376645268,43,3
1376645710,42,4
1376645770,43,3
1376646375,43,3
1376646927,42,4
1376646990,41,5
1376647594,41,5
1376647642,40,6
1376647961,41,5
1376648045,43,3
1376648380,44,2
1376648985,44,2
1376649352,43,3
1376649703,43,3
1376649705,42,4
1376650309,42,4
1376650709,41,5
1376651003,42,4
1376651561,42,4
1376651569,43,3
1376651977,43,3
1376652151,42,4
1376652755,42,4
1376652784,43,3
1376652925,44,2
1376653421,43,3
1376653433,43,3
1376654037,43,3
1376654640,43,3
1376654793,41,5
1376654861,42,4
1376655466,42,4
1376655646,41,5
1376655870,42,4
1376656474,42,4
1376656530,41,5
1376656660,41,5
1376656724,43,3
1376656734,43,3
1376657338,43,3
1376657942,43,3
1376658179,44,2
1376658263,43,3
1376658359,44,2
1376658962,44,2
1376659567,44,2
1376660010,43,3
1376660501,43,3
1376660504,42,4
1376660610,42,4
1376660632,42,4
1376660723,42,4
1376660753,43,3
1376660880,43,3
1376660991,43,3
1376661163,43,3
1376661190,43,3
1376661436,42,4
1376661700,42,4
1376661760,43,3
1376661768,44,2
1376662373,44,2
1376662515,43,3
1376662570,43,3
1376662608,43,3
1376662687,43,3
1376662829,43,3
1376662856,43,3
1376662933,42,4
1376662989,41,5
1376663593,41,5
1376663729,40,6
1376664009,39,7
1376664120,41,5
1376664335,41,5
1376664383,42,4
1376664607,41,5
1376665185,41,5
1376665207,41,5
1376665810,41,5
1376666414,41,5
1376666551,40,5
1376666624,41,5
1376666627,40,6
1376667218,39,7
1376667357,38,8
1376667940,36,10
1376668004,36,10
1376668064,37,9
1376668073,39,7
1376668197,38,8
1376668329,37,9
1376668596,38,8
1376668622,39,7
1376668899,40,6
1376669320,39,7
1376669341,39,7
1376669497,38,8
1376669574,38,8
1376669780,38,8
1376669834,39,7
1376669951,39,7
1376670076,39,7
1376670131,39,7
1376670259,40,6
1376670301,41,5
1376670373,41,5
1376670629,43,3
1376671238,42,4
1376671424,43,3
1376671656,42,4
1376671708,43,3
1376671811,42,4
1376672414,42,4
1376672564,41,5
1376672566,42,4
1376673170,42,4
1376673246,42,4
1376673488,43,3
1376673557,42,4
1376673625,42,4
1376673685,42,4
1376673916,41,5
1376674153,39,7
1376674340,40,6
1376674471,41,5
1376674561,40,6
1376674641,39,7
1376674843,38,8
1376675319,36,10
1376675342,36,10
1376675946,36,10
1376676026,35,11
1376676088,36,10
1376676201,35,11
1376676387,36,10
1376676418,37,9
1376676700,36,10
1376676764,37,9
1376676909,35,11
1376677396,34,12
1376677596,34,11
1376677637,36,10
1376677853,35,11
1376678068,34,12
1376678349,34,12
1376678732,33,13
1376678943,34,12
1376679019,33,13
1376679085,34,12
1376679185,35,11
1376679392,35,11
1376679438,36,10
1376679632,35,11
1376679691,36,10
1376679989,36,10
1376680122,36,10
1376680165,36,10
1376680270,36,10
1376680386,37,9
1376680561,36,10
1376680652,37,9
1376680698,36,10
1376680779,35,11
1376681214,34,12
1376681818,34,12
1376682421,34,12
1376683063,34,12
1376683065,35,11
1376683673,34,12
1376684191,35,11
1376684258,36,10
1376684669,37,9
1376685273,37,9
1376685692,36,10
1376686296,36,10
1376686658,35,11
1376687261,35,11
1376687820,34,12
1376688423,34,12
1376688625,34,12
1376688667,35,11
1376688721,36,10
1376689096,36,10
1376689130,37,9
1376689733,37,9
1376690196,38,8
1376690339,37,9
1376690942,37,9
1376691356,38,8
1376691463,39,7
1376691589,38,8
1376691680,39,7
1376692283,39,7
1376692591,38,8
1376693023,38,8
1376693025,37,9
1376693629,37,9
1376693998,38,8
1376694463,38,8
1376694466,39,7
1376694564,38,8
1376694643,40,6
1376694713,41,5
1376695317,41,5
1376695921,41,5
1376696301,42,4
1376696904,42,4
1376696961,41,5
1376697564,41,5
1376697804,40,6
1376698408,40,6
1376698518,38,8
1376699121,38,8
1376699362,39,7
1376699966,39,7
1376700570,39,7
1376701004,39,7
1376701013,40,6
1376701617,40,6
1376701702,39,7
1376702306,39,7
1376702909,39,7
1376703513,39,7
1376704034,39,7
1376704119,39,7
1376704126,38,8
1376704729,38,8
1376705333,38,8
1376705936,38,8
1376706540,38,8
1376707143,38,8
1376707747,38,8
1376708074,36,10
1376708678,36,10
1376708725,35,11
1376709329,35,11
1376709933,35,11
1376710537,35,11
1376711141,35,11
1376711744,35,11
1376712348,35,11
1376712952,35,11
1376713556,35,11
1376714159,35,11
1376714763,35,11
1376715366,35,11
1376715970,35,11
1376716573,35,11
1376717177,35,11
1376717781,35,11
1376718267,36,10
1376718870,36,10
1376718908,35,11
1376719301,35,11
1376719311,36,10
1376719450,35,11
1376720009,36,10
1376720212,35,11
1376720450,34,12
1376720840,34,12
1376720980,35,11
1376721382,36,10
1376722005,36,10
1376722008,37,9
1376722611,37,9
1376723215,37,9
1376723819,37,9
1376723911,38,8
1376723975,39,7
1376724330,40,6
1376724933,40,6
1376725085,41,5
1376725425,40,6
1376725481,40,6
1376725508,41,5
1376726068,42,4
1376726238,43,3
1376726613,43,3
1376726652,43,3
1376727257,43,3
1376727861,43,3
1376728466,43,3
1376728844,42,4
1376729244,43,3
1376729307,42,4
1376729912,42,4
1376730142,41,5
1376730704,41,5
1376730707,42,4
1376731311,42,4
1376731915,42,4
1376732519,42,4
1376732591,43,3
1376732935,42,4
1376733038,42,4
1376733429,41,5
1376733799,40,6
1376734178,39,7
1376734782,39,7
1376734901,40,6
1376735107,41,5
1376735258,41,5
1376735855,42,4
1376735924,43,3
1376736117,42,4
1376736720,42,4
1376737002,41,5
1376737044,41,5
1376737114,41,5
1376737462,41,5
1376738063,42,4
1376738338,43,3
1376738931,42,4
1376739430,41,5
1376740034,41,5
1376740172,41,5
1376740196,42,4
1376740556,43,3
1376740725,43,3
1376740727,44,2
1376741331,44,2
1376741934,44,2
1376742538,44,2
1376742915,44,2
1376743518,44,2
1376743766,44,2
1376744370,44,2
1376744973,44,2
1376745105,41,5
1376745220,40,6
1376745254,39,7
1376745330,39,7
1376745633,39,7
1376745664,40,6
1376745753,41,5
1376745833,40,6
1376746485,40,6
1376746552,41,5
1376746726,41,5
1376746757,41,5
1376746858,40,6
1376746935,41,5
1376747124,42,4
1376747344,42,4
1376747456,42,4
1376747565,42,4
1376748169,41,5
1376748266,41,5
1376748436,42,4
1376748488,41,5
1376748644,42,4
1376748655,44,2
1376749259,44,2
1376749863,44,2
1376750466,44,2
1376750743,43,3
1376751302,44,2
1376751384,43,3
1376751633,42,4
1376751692,42,4
1376751774,43,3
1376751943,42,4
1376752178,43,3
1376752782,43,3
1376752956,44,2
1376753189,43,3
1376753560,43,3
1376753569,44,2
1376754173,44,2
1376754776,44,2
1376754831,43,3
1376754910,42,4
1376755542,42,4
1376755551,43,3
1376756169,43,3
1376756250,44,2
1376756345,43,3
1376756434,44,2
1376756820,43,3
1376757342,41,5
1376757388,42,4
1376757450,44,2
1376757514,43,3
1376757697,44,2
1376757766,44,2
1376757769,43,3
1376758025,42,4
1376758108,43,3
1376758172,43,3
1376758201,43,3
1376758254,43,3
1376758332,43,3
1376758400,43,3
1376758588,42,4
1376758665,43,3
1376759052,42,4
1376759101,43,3
1376759666,42,4
1376759851,41,5
1376759882,40,6
1376760101,39,7
1376760165,41,5
1376760692,40,6
1376760764,40,6
1376760792,42,4
1376760970,41,5
1376761062,41,5
1376761098,42,4
1376761230,41,5
1376761281,42,4
1376761546,42,4
1376761590,42,4
1376761767,41,5
1376761870,40,6
1376761917,41,5
1376762026,39,7
1376762085,39,7
1376762137,39,7
1376762177,40,6
1376762251,41,5
1376762316,40,6
1376762578,39,7
1376762723,40,6
1376762772,40,6
1376762898,39,7
1376762955,40,6
1376763041,41,5
1376763540,40,6
1376763883,40,6
1376763992,39,7
1376764065,39,7
1376764067,38,8
1376764485,39,7
1376764505,37,9
1376764888,38,8
1376765491,38,8
1376765812,37,9
1376766069,36,10
1376766402,36,10
1376766630,35,11
1376767234,35,11
1376767261,34,12
1376767474,33,13
1376768059,33,13
1376768663,33,13
1376768788,34,12
1376769143,34,12
1376769202,34,12
1376769368,34,12
1376769463,34,12
1376769522,36,10
1376769556,37,9
1376769641,37,9
1376769651,38,8
1376769764,38,8
1376769771,39,7
1376769880,38,8
1376769905,38,8
1376769950,39,7
1376770208,40,6
1376770303,39,7
1376770361,38,8
1376770370,39,7
1376770973,39,7
1376771134,40,6
1376771155,41,5
1376771498,41,5
1376771551,41,5
1376771742,41,5
1376772220,40,6
1376772231,39,7
1376772362,38,8
1376772572,39,7
1376773176,39,7
1376773289,38,8
1376773548,37,9
1376773830,36,10
1376774230,35,11
1376774311,34,12
1376774366,33,13
1376774970,33,13
1376775052,32,14
1376775290,31,15
1376775389,31,15
1376775417,32,14
1376776021,32,14
1376776624,32,14
1376777083,32,14
1376777092,33,13
1376777316,32,14
1376777838,33,13
1376778225,33,13
1376778227,34,12
1376778831,34,12
1376778942,33,13
1376779360,32,14
1376779384,32,14
1376779464,33,13
1376779710,34,12
1376780314,34,12
1376780442,33,13
1376780450,32,14
1376781054,32,14
1376781683,32,14
1376781758,34,12
1376781792,33,13
1376781910,33,13
1376781991,34,12
1376782110,35,11
1376782482,34,12
1376782495,33,13
1376783099,33,13
1376783264,33,13
1376783309,33,13
1376783344,33,13
1376783458,32,14
1376783939,33,13
1376784014,32,14
1376784125,31,15
1376784729,31,15
1376784773,32,14
1376785377,32,14
1376785881,31,15
1376786009,30,16
1376786073,31,15
1376786503,30,16
1376786560,30,16
1376786568,31,15
1376787205,32,14
1376787450,32,14
1376787483,33,13
1376788087,33,13
1376788287,31,15
1376788842,32,14
1376789069,33,13
1376789673,33,13
1376790427,33,13
1376790841,34,12
1376790894,35,11
1376791498,35,11
1376792102,35,11
1376792705,35,11
1376793309,35,11
1376793912,35,11
1376794516,35,11
1376795119,35,11
1376795593,36,10
1376796153,35,11
1376796182,35,11
1376796284,36,10
1376796305,38,8
1376796803,39,7
1376796839,39,7
1376797442,39,7
1376798046,39,7
1376798144,38,8
1376798162,39,7
1376798766,39,7
1376799370,39,7
1376799973,39,7
1376800364,39,7
1376800373,40,6
1376800773,39,7
1376800844,40,6
1376801448,40,6
1376802051,40,6
1376802655,40,6
1376803258,40,6
1376803862,40,6
1376804053,39,7
1376804347,38,8
1376804950,38,8
1376805339,38,8
1376805377,39,7
1376805980,39,7
1376806584,39,7
1376807187,39,7
1376807643,38,8
1376808247,38,8
1376808851,38,8
1376809454,38,8
1376809851,37,9
1376810454,37,9
1376811058,37,9
1376811555,36,10
1376812180,37,9
1376812189,36,10
1376812777,36,10
1376812820,38,8
1376813424,38,8
1376813543,39,7
1376814147,39,7
1376814305,40,6
1376814524,40,6
1376814527,41,5
1376814613,40,6
1376815027,41,5
1376815631,41,5
1376815877,42,4
1376816481,42,4
1376816564,42,4
1376816566,43,3
1376817170,43,3
1376817773,43,3
1376818099,44,2
1376818527,43,3
1376818574,44,2
1376819142,43,3
1376819155,44,2
1376819759,44,2
1376820247,43,3
1376820851,43,3
1376821230,43,3
1376821260,44,2
1376821424,44,2
1376821639,43,3
1376821943,44,2
1376822547,44,2
1376823154,43,3
1376823632,42,4
1376823886,41,5
1376824021,40,6
1376824148,41,5
1376824297,42,4
1376824876,43,3
1376825479,43,3
1376825811,42,4
1376826162,43,3
1376826626,42,4
1376827230,42,4
1376827349,43,3
1376827578,44,2
1376827893,43,3
1376828062,44,2
1376828223,43,3
1376828327,42,4
1376828503,42,4
1376828547,41,5
1376829150,41,5
1376829754,41,5
1376830099,42,4
1376830263,41,5
1376830644,41,5
1376830692,42,4
1376831075,43,3
1376831323,43,3
1376831325,44,2
1376831557,43,3
1376831604,44,2
1376832035,43,3
1376832093,43,3
1376832155,43,3
1376832198,43,3
1376832266,43,3
1376832339,43,3
1376832692,44,2
