1376208291,7,29
1376208896,7,29
1376209499,7,29
1376209729,7,29
1376209813,8,28
1376209856,8,28
1376210143,8,28
1376210185,8,28
1376210255,9,27
1376210299,10,26
1376210379,11,25
1376210677,12,24
1376210751,11,25
1376210922,10,26
1376210924,11,25
1376211528,11,25
1376211816,11,25
1376211878,13,23
1376212479,13,23
1376212515,14,22
1376213042,14,22
1376213556,14,22
1376213614,15,21
1376213664,15,21
1376213801,16,20
1376213923,17,19
1376214317,18,18
1376214637,16,20
1376214923,17,19
1376215030,18,18
1376215243,18,18
1376215284,21,15
1376215452,22,14
1376215501,23,13
1376215805,22,14
1376215993,23,13
1376216060,22,14
1376216137,21,15
1376216196,20,16
1376216316,20,16
1376216358,21,15
1376216824,22,14
1376216907,21,15
1376217162,22,14
1376217181,22,14
1376217244,23,13
1376217382,22,14
1376217812,20,16
1376217881,19,17
1376218120,19,17
1376218134,20,16
1376218196,21,15
1376218280,23,13
1376218649,22,14
1376219020,22,14
1376219029,23,13
1376219125,25,11
1376219216,24,12
1376219424,24,12
1376219470,25,11
1376219774,24,12
1376220222,24,12
1376220228,26,10
1376220651,25,11
1376220758,25,11
1376220803,24,12
1376220857,25,11
1376220939,25,11
1376220989,25,11
1376221023,25,11
1376221120,26,10
1376221256,27,9
1376221420,27,9
1376221429,28,8
1376222033,28,8
1376222468,27,9
1376223072,27,9
1376223176,28,8
1376223449,28,8
1376223520,29,7
1376223582,29,7
1376223635,29,7
1376223650,30,6
1376223877,29,7
1376223940,29,7
1376223989,29,7
1376224049,29,7
1376224112,30,6
1376224303,30,6
1376224306,31,5
1376224543,30,6
1376224567,31,5
1376224655,31,5
1376224921,32,4
1376225139,33,3
1376225183,32,4
1376225321,32,4
1376225350,33,3
1376225955,33,3
1376226299,32,4
1376226404,32,4
1376226406,33,3
1376226508,32,4
1376226767,31,5
1376226925,32,4
1376226989,30,6
1376227594,30,6
1376228197,30,6
1376228247,31,5
1376228330,30,6
1376228489,29,7
1376228605,28,8
1376228855,29,7
1376228904,28,8
1376229385,28,8
1376229456,28,8
1376229512,28,8
1376229856,28,8
1376229909,28,8
1376230002,29,7
1376230036,30,6
1376230139,30,6
1376230455,31,5
1376230610,30,6
1376230722,30,6
1376230762,31,5
1376230810,31,5
1376230896,32,4
1376231003,33,3
1376231540,32,4
1376231919,32,4
1376232079,33,3
1376232588,32,4
1376233192,32,4
1376233296,32,4
1376233308,33,3
1376233565,32,4
1376234169,32,4
1376234423,31,5
1376234637,32,4
1376235143,33,3
1376235747,33,3
1376235857,32,4
1376235927,31,5
1376236075,30,6
1376236482,31,5
1376236763,30,6
1376236903,31,5
1376236961,30,6
1376237005,28,8
1376237112,28,8
1376237153,29,7
1376237381,29,7
1376237424,31,5
1376237541,29,7
1376238145,29,7
1376238217,29,7
1376238226,30,6
1376238400,31,5
1376238599,32,4
1376239040,33,3
1376239657,30,6
1376239718,29,7
1376239807,28,8
1376239962,26,10
1376240010,26,10
1376240082,26,10
1376240168,30,6
1376240245,30,6
1376240849,30,6
1376241135,31,5
1376241461,30,6
1376241464,29,7
1376241882,29,7
1376241884,30,6
1376242055,29,7
1376242068,28,8
1376242229,28,8
1376242287,29,7
1376242542,28,8
1376242552,27,9
1376242654,26,10
1376242704,25,11
1376242996,26,10
1376243354,25,11
1376243669,24,12
1376243791,23,13
1376244064,24,12
1376244145,24,12
1376244208,24,12
1376244273,26,10
1376244336,25,10
1376244382,25,10
1376244458,25,10
1376244509,24,12
1376244577,24,12
1376244585,24,12
1376245061,24,12
1376245064,23,13
1376245234,24,12
1376245248,25,11
1376245891,25,11
1376246495,25,11
1376246584,26,10
1376246979,25,11
1376246989,24,12
1376247243,23,13
1376247336,21,15
1376247729,20,16
1376248333,20,16
1376248768,19,17
1376248798,17,19
1376248877,14,22
1376249207,13,23
1376249693,12,24
1376249751,11,25
1376249917,9,27
1376249941,9,27
1376250546,9,27
1376250878,8,28
1376250905,7,29
1376251045,9,27
1376251098,8,28
1376251148,9,27
1376251519,8,28
1376251892,9,27
1376252497,9,27
1376252698,10,26
1376253303,10,26
1376253907,10,26
1376254511,10,26
1376255115,10,26
1376255252,8,28
1376255857,8,28
1376256462,8,28
1376257066,8,28
1376257671,8,28
1376258275,8,28
1376258622,7,29
1376259226,7,29
1376259831,7,29
1376260436,7,29
1376261041,7,29
1376261620,8,28
1376261682,10,26
1376261742,12,24
1376261796,16,20
1376261814,17,19
1376262418,17,19
1376263021,17,19
1376263625,17,19
1376263969,16,20
1376264573,16,20
1376265177,16,20
1376265781,16,20
1376266386,16,20
1376266899,16,20
1376266908,17,19
1376267512,17,19
1376268116,17,19
1376268721,17,19
1376269325,17,19
1376269465,17,19
1376269496,17,19
1376270100,17,19
1376270704,17,19
1376271308,17,19
1376271639,17,19
1376271686,18,18
1376272291,18,18
1376272896,18,18
1376273500,18,18
1376274105,18,18
1376274710,18,18
1376275314,18,18
1376275918,18,18
1376276522,18,18
1376277127,18,18
1376277731,18,18
1376277851,17,19
1376278455,17,19
1376279058,17,19
1376279663,17,19
1376280267,17,19
1376280872,17,19
1376281476,17,19
1376282080,17,19
1376282683,17,19
1376283287,17,19
1376283891,17,19
1376284495,17,19
1376285098,17,19
1376285702,17,19
1376286306,17,19
1376286402,17,19
1376286405,16,20
1376287010,16,20
1376287614,16,20
1376287733,17,19
1376288337,17,19
1376288479,17,19
1376288524,18,18
1376288893,19,17
1376289027,20,16
1376289220,20,16
1376289223,21,15
1376289308,22,14
1376289581,23,13
1376289590,24,12
1376289723,25,11
1376289891,26,10
1376289998,27,9
1376290042,28,8
1376290238,29,7
1376290249,30,6
1376290747,32,4
1376290840,32,4
1376290848,33,3
1376291077,33,3
1376291086,34,2
1376291525,33,3
1376291621,33,3
1376291629,34,2
1376292065,33,3
1376292634,33,3
1376292669,33,3
1376292726,32,4
1376292790,34,2
1376293394,34,2
1376293998,34,2
1376294107,33,3
1376294711,33,3
1376295316,33,3
1376295386,34,2
1376295990,34,2
1376296476,34,2
1376296894,33,3
1376297433,34,2
1376298037,34,2
1376298520,33,3
1376298761,33,3
1376298763,32,4
1376299120,33,3
1376299330,33,3
1376299456,31,5
1376299721,30,6
1376300325,30,6
1376300657,32,4
1376300997,33,3
1376301098,33,3
1376301125,34,2
1376301319,34,2
1376301923,34,2
1376302158,33,3
1376302401,34,2
1376302675,33,3
1376303298,34,2
1376303735,34,2
1376304129,33,3
1376304221,33,3
1376304582,32,4
1376305240,32,4
1376305250,33,3
1376305855,33,3
1376306459,33,3
1376307062,33,3
1376307337,34,2
1376307506,33,3
1376307539,34,2
1376308094,33,3
1376308281,34,2
1376308885,34,2
1376309015,33,3
1376309586,32,4
1376310190,32,4
1376310337,33,3
1376310717,34,2
1376311322,34,2
1376311448,33,3
1376311718,33,3
1376311730,34,2
1376312334,34,2
1376312479,33,3
1376313084,33,3
1376313169,32,4
1376313299,31,5
1376313637,29,7
1376313995,28,8
1376314407,29,7
1376315012,29,7
1376315616,29,7
1376315646,28,8
1376315880,27,9
1376316484,27,9
1376317088,27,9
1376317289,28,8
1376317583,29,7
1376318004,30,6
1376318113,31,5
1376318256,30,6
1376318275,29,7
1376318422,30,6
1376319027,30,6
1376319515,29,7
1376320120,29,7
1376320298,29,7
1376320307,30,6
1376320489,29,7
1376320951,29,7
1376320983,30,6
1376321041,29,7
1376321256,29,7
1376321280,30,6
1376321591,31,5
1376321859,30,6
1376321876,29,7
1376322243,28,8
1376322387,29,7
1376322461,28,8
1376322523,29,7
1376322529,30,6
1376322905,31,5
1376323205,29,7
1376323270,30,6
1376323597,31,5
1376323655,32,4
1376323712,32,4
1376324285,33,3
1376324629,32,4
1376324839,33,3
1376324886,34,2
1376325031,33,3
1376325091,32,4
1376325218,33,3
1376325372,34,2
1376325539,33,3
1376326035,34,2
1376326265,33,3
1376326347,32,4
1376326409,32,4
1376326469,32,4
1376326536,33,3
1376326779,33,3
1376326800,34,2
1376326933,33,3
1376327238,34,2
1376327424,33,3
1376327671,34,2
1376327724,33,3
1376327782,34,2
1376327904,33,3
1376328041,32,4
1376328060,32,4
1376328139,31,5
1376328206,31,5
1376328253,31,5
1376328462,30,6
1376328505,31,5
1376328544,30,6
1376328682,29,7
1376328817,29,7
1376329042,27,9
1376329170,28,8
1376329380,27,9
1376329478,26,10
1376329555,25,11
1376329698,25,11
1376329746,25,11
1376329902,25,11
1376329905,24,12
1376330076,25,11
1376330103,26,10
1376330558,25,11
1376330657,24,12
1376330980,22,14
1376331053,20,16
1376331330,19,17
1376331759,18,18
1376331819,16,20
1376331870,17,19
1376331941,17,19
1376331982,17,19
1376332054,17,19
1376332105,18,18
1376332182,18,18
1376332420,18,18
1376332462,18,18
1376332528,18,18
1376332595,19,17
1376332633,20,16
1376332721,20,16
1376332877,19,17
1376333015,17,19
1376333051,19,17
1376333221,18,18
1376333404,17,19
1376333584,16,20
1376334189,16,20
1376334458,15,21
1376335062,15,21
1376335150,16,20
1376335357,17,19
1376335392,18,18
1376336008,16,20
1376336029,16,20
1376336087,16,20
1376336201,17,19
1376336345,18,18
1376336950,18,18
1376337398,16,19
1376337427,16,20
1376338031,16,20
1376338463,17,19
1376338599,17,19
1376338661,18,18
1376338699,18,18
1376338947,17,19
1376339551,17,19
1376340156,17,19
1376340760,17,19
1376340927,16,20
1376341470,17,19
1376341568,16,20
1376342004,15,21
1376342152,14,22
1376342262,12,24
1376342579,11,25
1376342760,11,25
1376342922,10,26
1376342931,9,27
1376343325,8,28
1376343929,8,28
1376344278,9,27
1376344684,10,26
1376345109,9,27
1376345289,8,28
1376345562,7,29
1376345619,7,29
1376345635,7,29
1376345690,6,30
1376346295,6,30
1376346898,6,30
1376347199,5,31
1376347803,5,31
1376348116,4,32
1376348154,5,31
1376348225,3,33
1376348739,3,33
1376348751,4,32
1376349083,3,33
1376349461,6,30
1376349519,8,28
1376349581,13,23
1376349639,17,19
1376349669,19,17
1376350272,19,17
1376350876,19,17
1376350971,18,18
1376351321,19,17
1376351863,15,20
1376351876,15,21
1376352480,15,21
1376353085,15,21
1376353688,15,21
1376354292,15,21
1376354896,15,21
1376355501,15,21
1376356105,15,21
1376356709,15,21
1376357314,15,21
1376358035,15,21
1376358640,15,21
1376359244,15,21
1376359849,15,21
1376360453,15,21
1376361057,15,21
1376361696,16,20
1376361718,17,19
1376362322,17,19
1376362926,17,19
1376363530,17,19
1376363917,17,19
1376363948,18,18
1376364553,18,18
1376365158,18,18
1376365762,18,18
1376366366,18,18
1376366970,18,18
1376367575,18,18
1376368180,18,18
1376368785,18,18
1376369389,18,18
1376369993,18,18
1376370232,17,19
1376370836,17,19
1376371182,18,18
1376371361,18,18
1376371703,19,17
1376372308,19,17
1376372913,19,17
1376373517,19,17
1376373860,18,18
1376374254,19,17
1376374409,20,16
1376374591,19,17
1376374714,18,18
1376375314,19,17
1376375486,18,18
1376375779,19,17
1376375916,18,18
1376375950,19,17
1376376091,20,16
1376376198,21,15
1376376336,22,14
1376376676,24,12
1376376731,23,13
1376376785,22,14
1376376943,22,14
1376376946,23,13
1376377328,22,14
1376377932,22,14
1376378079,23,13
1376378112,24,12
1376378473,25,11
1376378820,24,12
1376378979,22,14
1376379290,21,15
1376379354,22,14
1376379455,23,13
1376379519,23,13
1376379565,23,13
1376379942,22,14
1376379997,22,14
1376380058,22,14
1376380074,23,13
1376380181,22,14
1376380361,21,15
1376380965,21,15
1376381074,22,14
1376381308,23,13
1376381459,24,12
1376381790,25,11
1376381918,25,11
1376381928,26,10
1376382532,26,10
1376382750,27,9
1376383114,26,10
1376383171,27,9
1376383689,26,10
1376383772,25,11
1376384137,26,10
1376384303,27,9
1376384382,27,9
1376384384,27,9
1376384511,27,9
1376384614,27,9
1376384664,28,8
1376384706,29,7
1376384795,28,8
1376384906,29,7
1376385088,28,8
1376385194,27,9
1376385623,27,9
1376385676,27,9
1376386280,27,9
1376386498,28,8
1376386741,29,7
1376387191,29,7
1376387260,29,7
1376387312,30,6
1376387368,30,6
1376387414,30,6
1376387485,31,5
1376388089,31,5
1376388265,30,6
1376388553,31,5
1376388632,30,6
1376388858,31,5
1376388930,30,6
1376388965,29,7
1376389330,30,6
1376389782,30,6
1376389796,29,7
1376390018,29,7
1376390030,30,6
1376390506,29,7
1376390777,30,6
1376391041,31,5
1376391238,32,4
1376391569,31,5
1376391641,31,5
1376391687,32,4
1376391761,33,3
1376391786,34,2
1376392390,34,2
1376392995,34,2
1376393599,34,2
1376393919,33,3
1376394043,32,3
1376394057,32,4
1376394387,31,5
1376394991,31,5
1376395388,30,6
1376395876,29,7
1376395937,30,6
1376396061,29,7
1376396103,30,6
1376396417,29,7
1376396787,30,6
1376397099,30,6
1376397127,31,5
1376397176,32,4
1376397276,33,3
1376397403,34,2
1376398032,33,3
1376398266,34,2
1376398778,33,3
1376398806,33,3
1376399010,34,2
1376399569,33,3
1376399850,32,4
1376399923,32,4
1376399930,34,2
1376400505,33,3
1376401109,33,3
1376401164,34,2
1376401451,34,2
1376402055,34,2
1376402621,34,2
1376402624,33,3
1376402964,34,2
1376403568,34,2
1376404172,34,2
1376404572,33,3
1376404835,32,4
1376404976,31,5
1376405138,30,6
1376405177,31,5
1376405293,30,6
1376405332,29,7
1376405528,30,6
1376405855,31,5
1376405921,31,5
1376405956,31,5
1376406015,30,6
1376406102,29,7
1376406105,30,6
1376406710,30,6
1376407123,29,7
1376407154,30,6
1376407243,30,6
1376407245,31,5
1376407478,30,6
1376407592,31,5
1376407770,32,4
1376408374,32,4
1376408977,32,4
1376409037,32,4
1376409047,33,3
1376409702,33,3
1376409713,34,2
1376410098,33,3
1376410147,33,3
1376410386,34,2
1376410991,34,2
1376411184,33,3
1376411481,34,2
1376411520,33,3
1376411712,34,2
1376412058,35,1
1376412151,33,3
1376412208,33,3
1376412438,32,4
1376412621,30,6
1376412700,28,8
1376412758,28,8
1376412767,29,7
1376412883,28,8
1376412978,27,9
1376413017,26,10
1376413291,27,9
1376413505,26,10
1376413647,27,9
1376413959,28,8
1376414501,26,10
1376414681,27,9
1376414800,27,9
1376414808,28,8
1376415021,27,9
1376415158,27,9
1376415433,28,8
1376415806,27,9
1376415854,28,8
1376415976,27,9
1376416121,26,10
1376416131,25,11
1376416392,26,10
1376416466,27,9
1376416918,26,10
1376417055,27,9
1376417200,27,9
1376417227,28,8
1376417467,29,7
1376417678,28,8
1376417733,27,9
1376417744,27,9
1376417960,28,8
1376418506,27,9
1376418761,27,9
1376418764,26,10
1376419375,25,11
1376420006,26,10
1376420035,27,9
1376420107,26,10
1376420164,27,9
1376420304,28,8
1376420678,27,9
1376420737,27,9
1376420774,27,9
1376420840,27,9
1376421041,27,9
1376421217,28,8
1376421602,26,10
1376421734,25,11
1376422161,24,12
1376422332,25,11
1376422519,24,12
1376423124,24,12
1376423202,24,12
1376423234,23,13
1376423553,22,14
1376423566,22,14
1376423683,22,14
1376423737,21,15
1376423754,20,16
1376424341,21,15
1376424680,20,16
1376425284,20,16
1376425380,21,15
1376425984,21,15
1376426588,21,15
1376426773,19,17
1376427035,18,18
1376427101,16,20
1376427159,15,21
1376427663,16,20
1376427943,15,21
1376427947,14,22
1376428014,12,24
1376428183,12,24
1376428213,14,22
1376428377,13,23
1376428902,13,23
1376428944,14,22
1376429548,14,22
1376429982,12,24
1376430322,11,25
1376430687,10,26
1376431291,10,26
1376431895,10,26
1376432500,10,26
1376433104,10,26
1376433708,10,26
1376434312,10,26
1376434490,9,27
1376435095,9,27
1376435700,9,27
1376436304,9,27
1376436782,8,28
1376437042,9,27
1376437104,8,28
1376437713,7,29
1376437881,7,29
1376437952,7,29
1376438015,8,28
1376438620,8,28
1376439225,8,28
1376439829,8,28
1376440433,8,28
1376441038,8,28
1376441642,8,28
1376442247,8,28
1376442852,8,28
1376443456,8,28
1376444061,8,28
1376444439,8,28
1376445043,8,28
1376445265,10,26
1376445342,12,24
1376445398,15,21
1376445436,17,19
1376445642,17,19
1376445685,21,15
1376446289,21,15
1376446758,20,16
1376447362,20,16
1376447966,20,16
1376448571,20,16
1376449175,20,16
1376449780,20,16
1376450384,20,16
1376450989,20,16
1376451592,20,16
1376452197,20,16
1376452801,20,16
1376453405,20,16
1376454009,20,16
1376454613,20,16
1376455077,21,15
1376455682,21,15
1376456287,21,15
1376456890,21,15
1376457342,21,15
1376457345,20,16
1376457746,21,15
1376458351,21,15
1376458659,21,15
1376458679,21,15
1376458774,21,15
1376458809,22,14
1376459414,22,14
1376459921,22,14
1376459962,23,13
1376460566,23,13
1376461171,23,13
1376461775,23,13
1376461823,22,14
1376461881,23,13
1376461962,23,13
1376461971,24,12
1376462262,25,11
1376462294,27,9
1376462378,27,9
1376462650,26,10
1376463100,28,8
1376463576,28,8
1376463606,29,7
1376463696,27,9
1376463803,28,8
1376464284,29,7
1376464419,30,6
1376464808,30,6
1376465024,29,7
1376465026,30,6
1376465264,30,6
1376465297,29,7
1376465359,31,5
1376465442,32,4
1376465467,32,4
1376465624,33,3
1376465713,32,4
1376465867,32,4
1376466030,32,4
1376466078,31,5
1376466278,31,5
1376466322,30,6
1376466418,31,5
1376466883,30,6
1376466902,32,4
1376466993,31,5
1376467286,32,4
1376467361,32,4
1376467364,33,3
1376467692,32,4
1376467902,32,4
1376467961,33,3
1376467971,34,2
1376468438,34,2
1376468450,35,1
1376469053,35,1
1376469474,34,2
1376469912,34,2
1376469972,35,1
1376470042,36,0
1376470153,35,1
1376470758,35,1
1376471203,36,0
1376471263,35,1
1376471265,34,2
1376471870,34,2
1376472039,35,1
1376472049,34,2
1376472325,35,1
1376472930,35,1
1376473321,34,2
1376473925,34,2
1376474143,33,3
1376474371,32,4
1376474398,33,3
1376474953,34,2
1376475581,34,2
1376475584,33,3
1376476188,33,3
1376476550,32,4
1376476618,33,3
1376477222,33,3
1376477363,32,4
1376477587,30,6
1376477825,29,7
1376477887,30,6
1376478391,29,7
1376478512,29,7
1376478552,29,7
1376479156,29,7
1376479432,28,8
1376480037,28,8
1376480097,29,7
1376480442,29,7
1376480451,30,6
1376481055,30,6
1376481659,30,6
1376481820,31,5
1376481856,30,6
1376482363,30,6
1376482366,31,5
1376482970,31,5
1376483486,33,3
1376483921,33,3
1376483929,34,2
1376484510,34,2
1376484525,34,1
1376484762,33,2
1376484815,33,2
1376484878,35,0
1376484983,34,1
1376485059,35,0
1376485156,34,1
1376485645,35,0
1376485687,35,0
1376486079,35,0
1376486131,35,0
1376486192,35,0
1376486295,35,0
1376486785,34,1
1376486938,33,2
1376487552,34,2
1376487639,33,3
1376487652,32,4
1376487807,32,4
1376487834,32,4
1376487929,32,4
1376487969,33,3
1376488081,32,4
1376488572,32,4
1376488686,32,4
1376488753,33,3
1376488814,34,2
1376489221,33,3
1376489387,32,4
1376489992,32,4
1376490162,32,4
1376490165,33,3
1376490342,33,3
1376490345,32,4
1376490641,32,4
1376490644,33,3
1376490739,32,4
1376491118,33,3
1376491439,34,2
1376491570,35,1
1376491977,34,2
1376492234,34,2
1376492477,33,3
1376493008,34,2
1376493192,35,1
1376493254,36,0
1376493675,34,2
1376493758,34,2
1376493767,35,1
1376493913,36,0
1376494120,35,1
1376494177,34,2
1376494338,35,1
1376494399,34,2
1376495003,34,2
1376495189,35,1
1376495302,34,2
1376495362,34,2
1376495849,35,1
1376495939,36,0
1376496512,35,1
1376496721,34,2
1376497132,33,3
1376497231,34,2
1376497358,33,3
1376497632,33,3
1376497748,34,2
1376497897,33,3
1376498443,35,1
1376498447,36,0
1376498697,35,1
1376498857,35,1
1376499021,34,2
1376499307,33,3
1376499592,32,4
1376499664,31,5
1376500268,31,5
1376500351,30,6
1376500890,29,7
1376500961,29,7
1376500972,30,6
1376501140,30,6
1376501484,29,7
1376501524,30,6
1376501665,31,5
1376501703,32,4
1376501773,33,3
1376501846,32,4
1376502450,32,4
1376502520,31,5
1376502896,32,4
1376502993,31,5
1376503004,31,5
1376503178,29,7
1376503475,28,8
1376503650,29,7
1376504074,29,7
1376504380,29,7
1376504405,29,7
1376504563,29,7
1376504575,29,7
1376504675,30,6
1376505283,30,6
1376505292,31,5
1376505896,31,5
1376506001,31,5
1376506605,31,5
1376506710,31,5
1376506771,31,5
1376506802,32,4
1376507406,32,4
1376507488,31,5
1376508092,31,5
1376508143,30,6
1376508454,29,7
1376508785,30,6
1376509062,29,7
1376509115,28,7
1376509423,28,7
1376509468,28,7
1376509556,27,8
1376509778,27,8
1376509822,27,8
1376510137,27,8
1376510175,26,9
1376510368,27,8
1376510503,26,9
1376510529,26,9
1376510803,25,10
1376510863,24,11
1376510883,24,11
1376511077,26,9
1376511223,25,10
1376511236,25,10
1376511554,26,10
1376511919,28,8
1376512177,28,8
1376512201,29,7
1376512248,28,8
1376512569,29,7
1376512902,28,8
1376512917,26,10
1376513097,25,11
1376513628,24,12
1376514244,23,13
1376514433,24,12
1376515037,24,12
1376515455,22,14
1376516003,21,15
1376516203,21,15
1376516731,22,14
1376517335,22,14
1376517939,22,14
1376518461,21,15
1376518540,22,14
1376519145,22,14
1376519223,21,15
1376519381,20,16
1376519978,17,18
1376519993,16,20
1376520452,17,19
1376520519,19,17
1376520568,22,14
1376520950,21,15
1376521555,21,15
1376521745,20,16
1376522349,20,16
1376522447,19,17
1376523051,19,17
1376523654,19,17
1376524259,19,17
1376524863,19,17
1376524948,17,19
1376525553,17,19
1376525964,16,20
1376526283,16,20
1376526286,15,21
1376526393,13,23
1376526853,12,24
1376527457,12,24
1376528062,12,24
1376528667,12,24
1376528900,12,24
1376528931,13,23
1376529218,11,24
1376529239,11,25
1376529844,11,25
1376530362,10,26
1376530364,9,27
1376530833,9,27
1376531437,9,27
1376531679,9,27
1376531711,9,27
1376532315,9,27
1376532448,10,26
1376533053,10,26
1376533283,9,27
1376533887,9,27
1376534492,9,27
1376535097,9,27
1376535701,9,27
1376535750,9,27
1376536170,9,27
1376536217,10,26
1376536822,10,26
1376537426,10,26
1376538031,10,26
1376538636,10,26
1376539241,10,26
1376539845,10,26
1376540316,9,27
1376540920,9,27
1376541207,10,26
1376541811,10,26
1376542414,10,26
1376543018,10,26
1376543623,10,26
1376544181,9,27
1376544785,9,27
1376545388,9,27
1376545994,9,27
1376546340,10,26
1376546944,10,26
1376547549,10,26
1376548153,10,26
1376548757,10,26
1376549361,10,26
1376549820,10,26
1376549920,11,25
1376550523,11,25
1376550641,11,25
1376550643,12,24
1376550747,11,25
1376551350,11,25
1376551799,12,24
1376552403,12,24
1376553007,12,24
1376553066,11,25
1376553671,11,25
1376554175,10,26
1376554780,10,26
1376555021,10,26
1376555037,12,24
1376555632,13,23
1376556236,13,23
1376556604,14,22
1376556700,14,22
1376556703,13,23
1376557307,13,23
1376557912,13,23
1376558265,12,24
1376558870,12,24
1376558941,13,23
1376559218,13,23
1376559240,14,22
1376559844,14,22
1376560399,13,23
1376560496,13,23
1376560561,14,22
1376560656,14,22
1376560782,14,22
1376560826,15,21
1376560889,16,20
1376560945,17,19
1376561362,18,18
1376561819,17,19
1376561905,18,18
1376562152,17,19
1376562218,18,18
1376562354,19,17
1376562411,19,17
1376562994,20,16
1376563052,19,17
1376563209,20,16
1376563302,19,17
1376563627,18,18
1376563810,15,21
1376564414,15,21
1376565018,15,21
1376565100,15,21
1376565110,16,20
1376565278,15,21
1376565376,15,21
1376565508,15,21
1376565555,16,20
1376565586,17,19
1376566013,18,18
1376566617,18,18
1376566872,16,20
1376566991,15,21
1376567038,16,20
1376567372,15,21
1376567717,15,21
1376567788,13,23
1376567849,14,22
1376567874,15,21
1376568210,14,22
1376568814,14,22
1376569061,15,21
1376569180,14,22
1376569272,15,21
1376569353,16,20
1376569683,16,20
1376570132,17,19
1376570240,18,18
1376570364,18,18
1376570494,17,19
1376570725,17,19
1376570747,18,18
1376570843,20,16
1376570913,20,16
1376570946,21,15
1376571022,23,13
1376571094,26,10
1376571261,26,10
1376571304,27,9
1376571513,27,9
1376571573,28,8
1376571658,27,9
1376571816,28,8
1376572009,27,9
1376572266,29,7
1376572549,28,8
1376572899,29,7
1376573112,28,8
1376573716,28,8
1376574320,28,8
1376574366,27,9
1376574575,27,9
1376575179,27,9
1376575416,28,8
1376575453,28,8
1376575540,28,8
1376575617,29,7
1376575719,30,6
1376575743,29,7
1376576153,30,6
1376576560,30,6
1376576609,33,3
1376576833,31,5
1376577441,29,7
1376577481,31,5
1376577552,32,4
1376577745,31,5
1376578161,32,4
1376578189,31,5
1376578584,33,3
1376578921,34,2
1376579525,34,2
1376579908,34,2
1376580512,34,2
1376580634,35,1
1376580693,34,2
1376580798,35,1
1376580959,36,0
1376581564,36,0
1376582167,36,0
1376582740,35,1
1376583160,36,0
1376583567,36,0
1376584172,36,0
1376584286,35,1
1376584576,32,4
1376584715,32,4
1376584726,33,3
1376585301,33,3
1376585905,33,3
1376586509,33,3
1376586699,32,4
1376587261,31,5
1376587419,29,7
1376587427,30,6
1376587595,30,6
1376587654,28,8
1376587700,28,8
1376587781,28,8
1376587823,28,8
1376587896,27,9
1376587920,29,7
1376588022,29,7
1376588038,31,5
1376588156,32,4
1376588533,30,6
1376588572,30,6
1376588669,31,5
1376588742,31,5
1376588751,32,4
1376588839,31,5
1376589012,32,4
1376589282,33,3
1376589285,34,2
1376589633,36,0
1376589878,34,2
1376590483,34,2
1376590888,33,3
1376591493,33,3
1376591621,34,2
1376591629,35,1
1376592233,35,1
1376592837,35,1
1376593421,34,2
1376593961,34,2
1376594019,35,1
1376594058,36,0
1376594321,36,0
1376594323,35,1
1376594588,36,0
1376595002,35,1
1376595102,34,2
1376595217,33,3
1376595799,31,5
1376595971,29,7
1376596390,27,9
1376596971,28,8
1376597623,26,10
1376597737,25,11
1376597790,24,12
1376597836,24,12
1376598219,24,12
1376598246,25,11
1376598343,25,11
1376598381,26,10
1376598985,26,10
1376599265,28,8
1376599467,27,9
1376599590,25,11
1376599613,23,13
1376600130,22,14
1376600292,20,16
1376600368,20,16
1376600434,20,16
1376600467,21,15
1376600554,21,15
1376601158,21,15
1376601762,21,15
1376601845,20,16
1376601920,19,17
1376602181,20,16
1376602226,18,18
1376602470,17,19
1376602984,16,20
1376603588,16,20
1376603844,15,21
1376604448,15,21
1376605052,15,21
1376605657,15,21
1376606190,14,22
1376606794,14,22
1376607398,14,22
1376607634,13,23
1376608033,12,24
1376608083,11,25
1376608341,12,24
1376608946,12,24
1376609550,12,24
1376609681,12,24
1376609684,11,25
1376610288,11,25
1376610761,11,25
1376610764,9,27
1376611369,9,27
1376611464,8,28
1376611634,7,29
1376611954,6,30
1376612163,5,31
1376612768,5,31
1376613364,4,32
1376613969,4,32
1376614603,4,32
1376614605,3,33
1376615209,3,33
1376615813,3,33
1376616417,3,33
1376617021,3,33
1376617242,3,33
1376617846,3,33
1376618450,3,33
1376619039,4,32
1376619643,4,32
1376620247,4,32
1376620851,4,32
1376621169,3,33
1376621774,3,33
1376622377,3,33
1376622982,3,33
1376623586,3,33
1376624190,3,33
1376624795,3,33
1376625127,4,32
1376625732,4,32
1376626337,4,32
1376626941,4,32
1376627545,4,32
1376628149,4,32
1376628754,4,32
1376629358,4,32
1376629962,4,32
1376630256,3,33
1376630860,3,33
1376631465,3,33
1376632069,3,33
1376632672,3,33
1376633314,2,34
1376633740,2,34
1376633743,3,33
1376634347,3,33
1376634952,3,33
1376635082,4,32
1376635686,4,32
1376635937,5,31
1376636381,5,31
1376636399,6,30
1376636643,5,31
1376636743,5,31
1376636937,6,30
1376637012,5,31
1376637051,5,31
1376637250,6,30
1376637338,6,30
1376637348,7,29
1376637550,6,30
1376637907,6,30
1376637987,6,30
1376638594,6,30
1376639001,6,30
1376639082,7,29
1376639116,8,28
1376639721,8,28
1376640325,8,28
1376640774,7,29
1376640835,8,28
1376641062,7,29
1376641065,6,30
1376641214,7,29
1376641819,7,29
1376642373,8,28
1376642483,10,26
1376642515,10,26
1376642595,10,26
1376642913,11,25
1376643163,11,25
1376643428,12,24
1376643504,13,23
1376643572,15,21
1376644176,15,21
1376644271,14,22
1376644358,14,22
1376644367,15,21
1376644477,14,22
1376644703,16,20
1376644945,17,19
1376644981,15,21
1376645179,16,20
1376645783,16,20
1376645954,15,21
1376646559,15,21
1376647087,14,22
1376647230,15,21
1376647597,16,20
1376647707,18,18
1376648054,19,17
1376648658,19,17
1376648955,19,17
1376649089,19,17
1376649693,19,17
1376650296,19,17
1376650674,20,16
1376650815,19,17
1376651251,18,18
1376651513,17,19
1376652117,17,19
1376652696,18,18
1376653300,18,18
1376653472,19,17
1376654024,20,16
1376654352,18,18
1376654432,18,18
1376654482,18,18
1376654539,18,18
1376654741,18,18
1376654750,19,17
1376654857,18,18
1376655460,18,18
1376655628,17,19
1376655860,16,20
1376656085,17,19
1376656143,18,18
1376656257,19,17
1376656418,20,16
1376656558,21,15
1376656939,22,14
1376656982,23,13
1376657556,22,14
1376658160,22,14
1376658268,24,12
1376658738,23,13
1376659102,22,14
1376659477,21,15
1376660081,21,15
1376660353,21,15
1376660418,23,13
1376661012,24,12
1376661137,25,11
1376661190,25,11
1376661259,25,11
1376661325,25,11
1376661639,25,11
1376661666,25,11
1376661719,25,11
1376661767,26,10
1376662142,24,12
1376662751,23,13
1376663015,24,12
1376663432,23,13
1376663498,21,15
1376663546,20,16
1376663764,21,15
1376663889,22,14
1376663969,21,15
1376664041,21,15
1376664049,22,14
1376664207,22,14
1376664237,23,13
1376664331,23,13
1376664356,24,12
1376664960,24,12
1376665565,24,12
1376665659,23,13
1376665720,22,14
1376666083,23,13
1376666231,22,14
1376666376,24,12
1376666478,23,13
1376667082,23,13
1376667323,24,12
1376667459,25,11
1376668063,25,11
1376668182,24,12
1376668236,26,10
1376668594,25,11
1376668808,26,10
1376669206,25,11
1376669310,24,12
1376669375,27,9
1376669392,28,8
1376669490,29,7
1376670094,29,7
1376670231,28,8
1376670596,29,7
1376670847,28,8
1376670895,27,9
1376671137,25,11
1376671742,25,11
1376672118,24,12
1376672194,23,13
1376672443,22,14
1376672896,21,15
1376673203,21,15
1376673226,21,15
1376673322,21,15
1376673375,22,14
1376673428,20,16
1376673507,21,15
1376673640,22,14
1376673662,23,13
1376673788,22,14
1376673941,22,14
1376673944,23,13
1376674053,22,14
1376674225,21,15
1376674349,22,14
1376674444,23,13
1376674561,24,12
1376674782,24,12
1376674831,25,11
1376674962,24,12
1376674965,23,13
1376675081,23,13
1376675090,24,12
1376675273,22,14
1376675731,22,14
1376675765,25,11
1376675817,24,12
1376676054,25,11
1376676558,26,10
1376676960,27,9
1376677146,26,10
1376677764,25,11
1376678379,25,11
1376678417,25,11
1376678857,26,10
1376678867,27,9
1376679121,26,10
1376679222,25,11
1376679490,26,10
1376679703,26,10
1376679750,26,10
1376679991,25,11
1376680157,26,10
1376680271,25,11
1376680325,24,12
1376680641,23,13
1376680977,22,14
1376681134,23,13
1376681326,22,14
1376681602,21,15
1376682206,21,15
1376682536,22,14
1376683140,22,14
1376683591,23,13
1376683764,23,13
1376683864,23,13
1376683910,24,12
1376684514,24,12
1376684845,24,12
1376684873,24,12
1376684948,24,12
1376685096,25,11
1376685252,27,9
1376685856,27,9
1376686460,27,9
1376686531,28,8
1376687135,28,8
1376687264,28,8
1376687284,26,10
1376687697,27,9
1376688302,27,9
1376688641,27,9
1376688645,29,7
1376689250,29,7
1376689700,27,9
1376689902,26,10
1376690419,26,10
1376691023,26,10
1376691507,25,11
1376692055,23,13
1376692241,23,13
1376692244,22,14
1376692635,21,15
1376693240,21,15
1376693845,21,15
1376694139,20,16
1376694742,20,16
1376694939,20,16
1376694994,20,16
1376695463,21,15
1376696003,20,16
1376696607,20,16
1376697211,20,16
1376697563,20,16
1376697604,20,16
1376697699,20,16
1376697749,20,16
1376697810,21,14
1376697854,20,15
1376698458,20,16
1376699061,20,16
1376699665,20,16
1376700270,20,16
1376700320,19,17
1376700346,19,17
1376700461,18,17
1376700481,18,18
1376700876,14,22
1376701480,14,22
1376702014,14,22
1376702064,15,21
1376702116,15,21
1376702246,14,22
1376702438,15,21
1376702593,14,22
1376703197,14,22
1376703635,14,22
1376703732,14,22
1376703938,13,23
1376703947,14,22
1376704286,13,23
1376704889,13,23
1376705494,13,23
1376706099,13,23
1376706629,14,22
1376707234,14,22
1376707838,14,22
1376707918,15,21
1376708522,15,21
1376709126,15,21
1376709731,15,21
1376710335,15,21
1376710939,15,21
1376711542,15,21
1376712146,15,21
1376712750,15,21
1376713354,15,21
1376713959,15,21
1376714562,15,21
1376715166,15,21
1376715770,15,21
1376716375,15,21
1376716979,15,21
1376717583,15,21
1376718187,15,21
1376718791,15,21
1376719365,15,21
1376719923,16,20
1376720527,16,20
1376720694,17,19
1376721215,18,18
1376721820,18,18
1376722424,18,18
1376723028,18,18
1376723631,18,18
1376724265,19,17
1376724779,18,18
1376725384,18,18
1376725667,17,19
1376726294,16,20
1376726499,15,21
1376726579,14,22
1376727220,15,21
1376727825,15,21
1376728372,14,22
1376728449,13,23
1376729053,13,23
1376729623,12,24
1376729631,13,23
1376729691,12,24
1376730249,13,23
1376730853,13,23
1376730900,14,22
1376731363,13,23
1376731602,12,24
1376731703,11,25
1376731817,12,24
1376731922,11,25
1376732197,11,25
1376732249,13,23
1376732321,12,24
1376732598,11,25
1376732719,10,26
1376732759,9,27
1376732854,9,27
1376732885,11,25
1376732974,11,25
1376733039,13,23
1376733092,12,24
1376733120,13,23
1376733492,13,23
1376734096,13,23
1376734472,12,24
1376734603,13,23
1376734612,14,22
1376734813,13,23
1376735001,14,22
1376735606,14,22
1376735918,13,23
1376736033,14,22
1376736453,15,21
1376736643,14,22
1376736646,13,23
1376736787,15,21
1376737232,14,22
1376737251,14,22
1376737325,14,22
1376737424,15,21
1376738083,15,21
1376738086,14,22
1376738360,14,22
1376738411,14,22
1376738502,15,21
1376738938,13,23
1376739543,13,23
1376740146,13,23
1376740751,13,23
1376740862,14,22
1376741194,10,25
1376741312,11,24
1376741357,13,23
1376741440,13,23
1376741911,14,22
1376742515,14,22
1376742545,16,20
1376743119,16,20
1376743165,17,19
1376743213,18,18
1376743393,20,16
1376743604,20,16
1376743659,21,15
1376743783,22,14
1376743844,23,13
1376743903,22,14
1376743906,23,13
1376743997,24,12
1376744252,25,11
1376744790,25,11
1376744862,26,10
1376744922,25,11
1376744973,25,11
1376745002,26,10
1376745272,27,9
1376745399,28,8
1376745419,28,8
1376745473,29,7
1376745808,30,6
1376745865,30,6
1376746124,30,6
1376746283,30,6
1376746505,30,6
1376746604,31,5
1376746622,31,5
1376746840,32,4
1376747008,33,3
1376747188,34,2
1376747238,33,3
1376747859,34,2
1376747924,33,3
1376748253,34,2
1376748324,33,3
1376748364,34,2
1376748437,34,2
1376748781,33,3
1376749384,33,3
1376749988,33,3
1376750085,33,3
1376750135,34,2
1376750151,33,3
1376750268,32,4
1376750440,32,4
1376750500,32,4
1376750551,32,4
1376750825,31,5
1376751181,32,4
1376751397,33,3
1376751441,33,3
1376751468,32,4
1376751945,32,4
1376751954,33,3
1376752244,33,3
1376752303,33,3
1376752305,33,3
1376752420,33,3
1376752443,33,3
1376752547,33,3
1376752844,32,4
1376752881,33,3
1376753110,32,4
1376753245,33,3
1376753850,33,3
1376753881,32,4
1376754485,32,4
1376754696,31,4
1376754709,31,4
1376754801,31,4
1376754916,31,4
1376755001,31,4
1376755057,32,4
1376755110,31,5
1376755183,31,5
1376755214,32,4
1376755262,31,5
1376755526,32,4
1376755738,30,6
1376756342,30,6
1376756570,29,7
1376757174,29,7
1376757643,29,7
1376757679,28,8
1376757759,28,8
1376757819,29,7
1376757856,30,6
1376758039,31,5
1376758362,31,5
1376758382,32,4
1376758522,31,5
1376758554,30,6
1376758708,29,7
1376758867,30,6
1376759024,30,6
1376759073,28,8
1376759194,28,8
1376759238,28,8
1376759295,27,9
1376759366,27,9
1376759424,28,8
1376759557,28,8
1376759593,29,7
1376760197,29,7
1376760370,29,7
1376760520,28,8
1376760640,27,9
1376760650,26,10
1376761253,26,10
1376761362,25,11
1376761542,24,12
1376761601,24,12
1376761664,25,11
1376761696,26,10
1376761930,25,11
1376762068,23,13
1376762113,21,15
1376762571,20,16
1376762641,19,17
1376762972,19,17
1376763576,19,17
1376763674,18,18
1376764278,18,18
1376764603,17,19
1376764710,18,18
1376765314,18,18
1376765740,16,20
1376766345,16,20
1376766424,14,22
1376766482,15,21
1376767122,16,20
1376767131,16,20
1376767203,16,20
1376767301,16,20
1376767418,17,19
1376767936,18,18
1376767989,18,18
1376768050,19,17
1376768102,18,18
1376768580,19,17
1376768841,20,16
1376769446,21,15
1376770049,21,15
1376770653,21,15
1376771257,21,15
1376771862,21,15
1376772087,22,14
1376772691,22,14
1376773295,22,14
1376773899,22,14
1376773918,23,13
1376774523,23,13
1376774574,22,14
1376775179,22,14
1376775784,22,14
1376776046,23,13
1376776651,23,13
1376777195,22,14
1376777476,21,15
1376778081,21,15
1376778684,21,15
1376779289,21,15
1376779894,21,15
1376780274,20,16
1376780846,17,19
1376781103,15,21
1376781343,15,21
1376781346,16,20
1376781950,16,20
1376782115,15,21
1376782720,15,21
1376783324,15,21
1376783833,14,22
1376784437,14,22
1376785041,14,22
1376785301,13,23
1376785892,12,24
1376785964,11,25
1376786081,11,25
1376786131,11,25
1376786161,12,24
1376786765,12,24
1376787370,12,24
1376787974,12,24
1376788577,12,24
1376788951,13,23
1376789382,12,24
1376790041,12,24
1376790645,12,24
1376791226,11,25
1376791758,11,25
1376791840,11,25
1376791957,12,24
1376792083,12,24
1376792126,13,23
1376792258,13,23
1376792741,14,22
1376792789,15,21
1376793394,15,21
1376793500,16,20
1376794105,16,20
1376794709,16,20
1376795313,16,20
1376795916,16,20
1376796521,16,20
1376797126,16,20
1376797730,16,20
1376798334,16,20
1376798937,16,20
1376799541,16,20
1376799852,15,21
1376800456,15,21
1376801061,15,21
1376801664,15,21
1376802268,15,21
1376802872,15,21
1376803476,15,21
1376803653,14,22
1376804258,14,22
1376804862,14,22
1376805465,14,22
1376806069,14,22
1376806592,13,23
1376807196,13,23
1376807350,12,24
1376807953,12,24
1376808558,12,24
1376809163,12,24
1376809767,12,24
1376810371,12,24
1376810426,12,24
1376810479,10,26
1376810513,10,26
1376810648,10,26
1376811244,9,27
1376811848,9,27
1376812119,9,27
1376812155,10,26
1376812759,10,26
1376813015,11,25
1376813136,11,25
1376813740,11,25
1376813921,12,24
1376814525,12,24
1376814823,11,25
1376815001,11,25
1376815352,10,26
1376815604,10,26
1376815612,11,25
1376816217,11,25
1376816821,11,25
1376816896,10,26
1376817433,11,25
1376818037,11,25
1376818635,10,26
1376819010,10,26
1376819058,10,26
1376819138,10,26
1376819165,11,25
1376819348,10,26
1376819713,11,25
1376820318,11,25
1376820729,11,25
1376820775,11,25
1376821379,11,25
1376821983,11,25
1376822204,11,25
1376822236,13,23
1376822840,13,23
1376823445,13,23
1376824049,13,23
1376824310,12,24
1376824915,12,24
1376825111,11,25
1376825172,10,26
1376825339,11,25
1376825472,10,26
1376825860,10,26
1376825869,11,25
1376826028,12,24
1376826249,11,25
1376826853,11,25
1376827360,10,26
1376828021,10,26
1376828024,9,27
1376828365,10,26
1376828408,9,27
1376828603,9,27
1376828673,12,24
1376828709,13,23
1376828914,12,24
1376829363,13,23
1376829446,12,24
1376830050,12,24
1376830654,12,24
1376831259,12,24
1376831302,13,23
1376831366,13,23
1376831432,13,23
1376831496,14,22
1376831683,15,21
1376831794,16,20
1376831875,15,21
1376831949,14,22
1376832094,14,21
1376832662,15,20
1376832998,16,19
