1376208738,4,34
1376209236,3,35
1376209610,2,36
1376210214,2,36
1376210859,2,36
1376210895,4,34
1376211102,4,34
1376211139,3,35
1376211543,4,34
1376211824,4,34
1376211826,3,35
1376211996,3,35
1376212034,2,36
1376212238,3,35
1376212514,2,36
1376212589,2,36
1376212674,3,35
1376212871,2,36
1376212922,3,35
1376213069,4,34
1376213116,4,34
1376213516,3,35
1376213593,3,35
1376213658,4,34
1376213856,3,35
1376213961,3,35
1376213999,4,34
1376214047,3,35
1376214124,3,35
1376214214,4,34
1376214278,6,32
1376214617,5,33
1376214761,4,34
1376214982,3,35
1376215057,4,34
1376215170,2,36
1376215418,1,37
1376215571,2,36
1376215637,3,35
1376215710,5,33
1376215832,7,31
1376216435,7,31
1376216644,6,32
1376216742,6,32
1376216749,7,31
1376216862,9,29
1376216875,10,28
1376216960,9,29
1376217464,10,28
1376217823,10,28
1376217825,9,29
1376217990,9,29
1376218048,10,28
1376218316,11,27
1376218603,12,26
1376218643,12,26
1376218839,13,25
1376219024,12,26
1376219059,11,27
1376219202,9,29
1376219217,10,28
1376219361,9,29
1376219701,11,27
1376219793,12,26
1376220211,13,25
1376220296,12,26
1376220601,12,26
1376220697,12,26
1376220758,12,26
1376220855,12,26
1376221048,13,25
1376221169,13,25
1376221211,14,24
1376221276,13,25
1376221362,14,24
1376221542,14,24
1376221551,15,23
1376221771,14,24
1376222197,15,23
1376222801,14,24
1376222980,14,24
1376222988,15,23
1376223215,16,22
1376223257,15,23
1376223822,14,24
1376223881,14,24
1376223889,14,24
1376223999,15,23
1376224023,16,22
1376224077,17,21
1376224192,16,22
1376224796,16,22
1376224875,15,23
1376225325,15,23
1376225327,16,22
1376225829,16,22
1376225900,17,21
1376225966,19,19
1376226522,18,20
1376226582,19,19
1376226698,20,18
1376226824,21,17
1376226831,22,16
1376226941,22,16
1376226950,23,15
1376227405,22,16
1376227654,25,13
1376227704,25,13
1376227756,26,12
1376228360,26,12
1376228440,26,12
1376228447,27,11
1376228588,28,10
1376228803,28,10
1376228810,29,9
1376229050,28,10
1376229148,28,10
1376229186,28,10
1376229275,28,10
1376229343,28,10
1376229403,30,8
1376229413,31,7
1376229502,31,7
1376229550,31,7
1376229603,32,6
1376229656,33,5
1376229724,33,5
1376229821,34,4
1376229875,35,3
1376230244,35,3
1376230247,36,2
1376230758,34,4
1376231106,35,3
1376231250,37,1
1376231324,37,1
1376231326,36,2
1376231615,35,3
1376231673,35,3
1376231759,36,2
1376232128,35,3
1376232275,36,2
1376232460,35,3
1376232478,34,4
1376232680,35,3
1376232990,34,4
1376233316,35,3
1376233921,35,3
1376234382,34,4
1376234390,35,3
1376234472,35,3
1376234620,36,2
1376234651,35,3
1376234731,36,2
1376235335,36,2
1376235679,35,3
1376235764,33,5
1376235783,32,6
1376236125,32,6
1376236127,31,7
1376236299,31,7
1376236343,31,7
1376236557,29,9
1376236708,29,9
1376236774,31,7
1376236820,32,6
1376236948,30,8
1376237092,29,9
1376237695,29,9
1376237881,30,8
1376238195,29,9
1376238256,30,8
1376238453,25,13
1376238971,26,12
1376239011,25,13
1376239067,24,14
1376239507,25,13
1376239878,24,14
1376239919,23,15
1376240035,22,16
1376240321,22,16
1376240436,22,16
1376240468,21,17
1376240697,22,16
1376240921,22,16
1376240924,21,17
1376241527,20,18
1376241883,20,18
1376241889,20,18
1376242017,18,20
1376242121,18,20
1376242155,20,18
1376242227,19,19
1376242523,20,18
1376242825,18,20
1376243008,16,22
1376243253,17,21
1376243455,18,20
1376243624,18,20
1376243944,18,20
1376244146,17,21
1376244675,18,20
1376244812,19,19
1376245415,19,19
1376245563,21,17
1376245888,22,16
1376246024,21,17
1376246079,22,16
1376246147,22,16
1376246751,22,16
1376247257,21,17
1376247642,21,17
1376247652,20,18
1376247818,19,19
1376248422,19,19
1376249025,19,19
1376249380,18,20
1376249984,18,20
1376250522,18,20
1376250569,18,20
1376250876,17,21
1376251348,16,22
1376251458,15,23
1376251519,15,23
1376251587,15,23
1376251708,14,24
1376252108,12,26
1376252240,10,28
1376252358,10,28
1376252395,11,27
1376252793,10,28
1376253112,9,29
1376253297,8,30
1376253824,8,30
1376253826,7,31
1376254053,6,32
1376254383,7,31
1376254986,7,31
1376255408,5,33
1376255465,4,34
1376255682,4,34
1376255684,3,35
1376255983,4,34
1376256586,4,34
1376256864,3,35
1376257086,2,36
1376257458,1,37
1376258062,1,37
1376258116,2,36
1376258720,2,36
1376258898,1,37
1376259501,1,37
1376259682,2,36
1376259905,3,35
1376260509,3,35
1376260882,2,36
1376261486,2,36
1376261579,1,37
1376262042,1,37
1376262049,0,38
1376262652,0,38
1376263256,0,38
1376263317,1,37
1376263921,1,37
1376264524,1,37
1376265170,2,36
1376265774,2,36
1376266377,2,36
1376266981,2,36
1376267585,2,36
1376268188,2,36
1376268623,1,37
1376269227,1,37
1376269830,1,37
1376269959,0,38
1376270169,0,38
1376270773,0,38
1376271376,0,38
1376272090,0,38
1376272241,3,35
1376272290,5,33
1376272358,9,29
1376272419,13,25
1376272526,20,18
1376273130,20,18
1376273733,20,18
1376274337,20,18
1376274940,20,18
1376275544,20,18
1376276147,20,18
1376276751,20,18
1376277402,20,18
1376277404,21,17
1376278008,21,17
1376278611,21,17
1376278670,20,18
1376279274,20,18
1376279878,20,18
1376280219,20,18
1376280228,21,17
1376280318,20,18
1376280922,20,18
1376281526,20,18
1376282129,20,18
1376282733,20,18
1376283336,20,18
1376283940,20,18
1376284543,20,18
1376285147,20,18
1376285502,21,17
1376286105,21,17
1376286377,20,18
1376286866,19,19
1376287422,19,19
1376287424,20,18
1376287581,21,17
1376287935,22,16
1376288023,23,15
1376288626,23,15
1376288980,22,16
1376289437,23,15
1376289493,23,15
1376289580,24,14
1376289639,25,13
1376289648,26,12
1376289808,28,10
1376290058,28,10
1376290181,29,9
1376290334,30,8
1376290404,31,7
1376290521,32,6
1376290659,32,6
1376290702,32,6
1376290778,32,6
1376290789,33,5
1376290934,32,6
1376291022,32,6
1376291128,33,5
1376291185,34,4
1376291303,33,5
1376291347,34,4
1376291656,35,3
1376291724,34,4
1376291780,35,3
1376291884,36,2
1376292250,35,3
1376292334,35,3
1376292418,36,2
1376292803,35,3
1376292999,33,5
1376293088,34,4
1376293655,33,5
1376293837,33,5
1376293846,34,4
1376294040,35,3
1376294148,35,3
1376294621,36,2
1376294779,37,1
1376295095,36,2
1376295201,35,3
1376295605,36,2
1376295929,37,1
1376296009,36,2
1376296124,36,2
1376296126,37,1
1376296730,37,1
1376296838,37,0
1376296847,38,0
1376296935,37,1
1376297186,38,0
1376297233,37,1
1376297836,37,1
1376298440,37,1
1376299043,37,1
1376299647,37,1
1376300022,37,1
1376300442,36,2
1376300482,36,2
1376300615,37,1
1376300958,36,2
1376301248,37,1
1376301683,37,1
1376302287,37,1
1376302418,37,1
1376302427,38,0
1376303030,38,0
1376303194,37,1
1376303239,36,2
1376303352,36,2
1376303813,36,2
1376303919,37,1
1376303950,38,0
1376304446,37,1
1376305049,37,1
1376305398,38,0
1376305536,37,1
1376305546,38,0
1376305782,37,1
1376306039,38,0
1376306286,37,1
1376306550,38,0
1376307155,38,0
1376307759,38,0
1376308363,38,0
1376308669,37,1
1376308757,37,1
1376308829,38,0
1376309433,38,0
1376309701,38,0
1376310289,37,1
1376310354,38,0
1376310958,38,0
1376311016,37,1
1376311620,37,1
1376311948,38,0
1376312552,38,0
1376312631,37,1
1376313015,38,0
1376313619,38,0
1376313770,37,1
1376314173,38,0
1376314777,38,0
1376315380,38,0
1376315983,38,0
1376316591,38,0
1376316835,37,1
1376317459,38,0
1376318062,38,0
1376318601,37,1
1376319205,37,1
1376319799,38,0
1376320293,37,1
1376320446,36,2
1376320872,35,3
1376321240,34,4
1376321532,35,3
1376322161,35,3
1376322171,36,2
1376322280,35,3
1376322476,36,2
1376322801,35,3
1376322860,34,4
1376322939,34,4
1376323003,35,3
1376323005,34,4
1376323183,33,4
1376323351,35,2
1376323474,35,2
1376323540,35,2
1376323651,35,2
1376323693,34,3
1376323783,34,3
1376323831,35,2
1376323897,36,1
1376324079,36,1
1376324086,37,0
1376324201,37,0
1376324253,36,1
1376324322,35,2
1376324564,34,3
1376324611,34,3
1376324686,33,4
1376324764,34,3
1376324922,34,3
1376324969,35,2
1376325075,35,2
1376325161,34,3
1376325169,35,2
1376325280,35,2
1376325327,35,2
1376325452,34,3
1376325638,33,4
1376325685,33,4
1376325786,32,5
1376325861,31,6
1376325902,30,7
1376326002,30,7
1376326043,29,8
1376326086,29,8
1376326157,29,8
1376326279,30,7
1376326360,28,9
1376326401,29,8
1376326463,29,8
1376326496,30,7
1376326718,30,7
1376326772,28,9
1376327076,28,9
1376327116,28,9
1376327322,28,9
1376327353,29,8
1376327434,31,6
1376327488,31,6
1376327552,31,6
1376327593,29,8
1376327674,28,9
1376327726,29,8
1376327792,28,9
1376327834,28,9
1376327916,27,10
1376327996,26,11
1376328163,27,10
1376328190,27,10
1376328258,28,9
1376328523,27,10
1376328548,28,9
1376328882,28,9
1376328908,28,9
1376329026,27,10
1376329114,26,11
1376329241,26,11
1376329267,26,11
1376329537,25,12
1376329603,24,13
1376329626,24,13
1376329824,23,14
1376329963,23,14
1376329992,24,14
1376330259,23,15
1376330324,23,15
1376330345,24,14
1376330483,24,14
1376330683,24,14
1376330703,24,14
1376330861,25,13
1376330880,23,15
1376331042,23,15
1376331089,23,15
1376331217,22,16
1376331249,21,17
1376331402,21,17
1376331424,21,17
1376331605,19,19
1376331703,18,20
1376331763,19,19
1376331784,19,19
1376331884,18,20
1376331899,19,19
1376331965,18,20
1376332052,19,19
1376332116,20,18
1376332153,18,20
1376332469,18,20
1376332511,18,20
1376332632,17,21
1376332747,18,20
1376332829,17,21
1376332898,17,21
1376332931,17,21
1376333074,14,24
1376333194,13,25
1376333232,13,25
1376333550,12,26
1376333592,12,26
1376333910,12,26
1376333953,12,26
1376334271,12,26
1376334313,12,26
1376334431,10,28
1376334548,8,30
1376334642,8,30
1376334675,7,31
1376334992,7,31
1376335035,6,32
1376335353,6,32
1376335395,6,32
1376335713,6,32
1376335756,6,32
1376336074,6,32
1376336121,7,31
1376336220,6,32
1376336278,5,33
1376336436,4,34
1376336478,4,34
1376336742,4,34
1376336796,6,32
1376336838,6,32
1376336940,7,31
1376337101,6,32
1376337156,6,32
1376337198,6,32
1376337431,5,33
1376337516,5,33
1376337558,5,33
1376337728,4,34
1376337772,3,35
1376337876,3,35
1376337919,3,35
1376338016,4,34
1376338238,4,34
1376338279,4,34
1376338429,3,35
1376338597,3,35
1376338640,3,35
1376338959,3,35
1376339001,3,35
1376339318,3,35
1376339362,3,35
1376339680,3,35
1376339722,3,35
1376339869,2,36
1376340041,2,36
1376340083,2,36
1376340402,2,36
1376340445,2,36
1376340510,1,37
1376340763,1,37
1376340806,1,37
1376341119,1,37
1376341166,1,37
1376341478,1,37
1376341526,1,37
1376341840,1,37
1376341888,0,38
1376342201,0,38
1376342250,0,38
1376342377,0,38
1376342438,0,38
1376342493,0,38
1376342562,2,36
1376342623,2,36
1376342636,3,35
1376342922,3,35
1376342974,3,35
1376343013,2,36
1376343281,2,36
1376343337,2,36
1376343503,2,36
1376343528,3,35
1376343629,3,35
1376343698,3,35
1376343990,1,37
1376344061,1,37
1376344351,1,37
1376344423,1,37
1376344719,0,38
1376344783,0,38
1376344784,0,38
1376345076,0,38
1376345129,0,38
1376345146,0,38
1376345437,0,38
1376345491,0,38
1376345509,0,38
1376345799,0,38
1376345853,0,38
1376345870,0,38
1376346161,0,38
1376346215,0,38
1376346231,0,38
1376346523,0,38
1376346577,0,38
1376346593,0,38
1376346939,0,38
1376346956,0,38
1376347301,0,38
1376347317,0,38
1376347662,0,38
1376347680,0,38
1376347865,0,38
1376348018,0,38
1376348041,0,38
1376348380,0,38
1376348403,0,38
1376348549,0,38
1376348565,0,38
1376348742,0,38
1376348764,0,38
1376349103,0,38
1376349126,0,38
1376349461,0,38
1376349487,0,38
1376349822,0,38
1376349849,0,38
1376350183,0,38
1376350210,0,38
1376350530,0,38
1376350572,0,38
1376350892,0,38
1376350933,0,38
1376351252,0,38
1376351296,0,38
1376351613,0,38
1376351657,0,38
1376351913,0,38
1376351977,1,37
1376352021,1,37
1376352337,1,37
1376352380,1,37
1376352699,1,37
1376352742,1,37
1376353060,1,37
1376353103,1,37
1376353351,0,38
1376353421,0,38
1376353464,0,38
1376353777,0,38
1376353827,0,38
1376354139,0,38
1376354187,0,38
1376354500,0,38
1376354550,0,38
1376354863,0,38
1376354911,0,38
1376355222,0,38
1376355273,0,38
1376355579,0,38
1376355634,0,38
1376355942,0,38
1376355997,0,38
1376356176,1,37
1376356242,4,34
1376356303,7,31
1376356363,10,28
1376356415,14,24
1376356477,18,20
1376356514,20,18
1376356650,20,18
1376356721,20,18
1376357011,20,18
1376357082,20,18
1376357373,20,18
1376357443,20,18
1376357444,20,18
1376357735,20,18
1376357789,20,18
1376357805,20,18
1376358097,20,18
1376358150,20,18
1376358167,20,18
1376358514,20,17
1376358532,20,17
1376358820,20,17
1376358875,20,17
1376358890,20,17
1376359182,20,17
1376359236,20,17
1376359253,20,17
1376359598,20,17
1376359613,20,17
1376359959,20,17
1376359975,20,17
1376360320,20,17
1376360336,20,17
1376360682,20,17
1376360698,20,17
1376361044,20,17
1376361061,20,17
1376361399,20,17
1376361422,20,17
1376361761,20,17
1376361785,20,17
1376362123,20,17
1376362150,20,17
1376362469,20,17
1376362513,20,17
1376362830,20,17
1376362874,20,17
1376363191,20,17
1376363234,20,17
1376363553,20,17
1376363597,20,17
1376363915,20,17
1376363958,20,17
1376364276,20,17
1376364319,20,17
1376364638,20,17
1376364680,20,17
1376364999,20,17
1376365043,20,17
1376365360,20,17
1376365403,20,17
1376365723,20,17
1376365765,20,17
1376366077,20,17
1376366125,20,17
1376366444,20,17
1376366488,20,17
1376366800,19,18
1376366849,19,18
1376367161,19,18
1376367209,19,18
1376367523,19,18
1376367571,19,18
1376367883,19,18
1376367932,19,18
1376368240,19,18
1376368294,19,18
1376368602,19,18
1376368655,19,18
1376368820,18,19
1376368947,18,19
1376369018,18,19
1376369308,18,19
1376369378,18,19
1376369669,18,19
1376369740,18,19
1376370032,18,19
1376370102,18,19
1376370393,18,19
1376370461,18,19
1376370463,18,19
1376370755,18,19
1376370808,18,19
1376370824,18,19
1376371116,18,19
1376371170,19,18
1376371186,19,18
1376371476,19,18
1376371531,19,18
1376371547,19,18
1376371838,19,18
1376371892,19,18
1376371908,19,18
1376372200,19,18
1376372254,19,18
1376372270,19,18
1376372561,19,18
1376372615,19,18
1376372631,19,18
1376372780,20,17
1376372922,20,17
1376372976,20,17
1376372992,20,17
1376373283,20,17
1376373337,20,17
1376373359,21,16
1376373698,22,15
1376373715,22,15
1376373789,23,14
1376374060,23,14
1376374077,24,13
1376374421,23,14
1376374439,23,14
1376374531,22,15
1376374598,24,13
1376374606,25,12
1376374782,25,12
1376374798,25,12
1376374923,25,12
1376374983,26,11
1376375144,26,11
1376375160,26,11
1376375219,27,10
1376375416,26,11
1376375500,26,11
1376375522,26,11
1376375596,28,9
1376375672,29,8
1376375861,29,8
1376375883,29,8
1376376016,30,7
1376376078,29,8
1376376223,28,9
1376376245,28,9
1376376439,30,7
1376376522,30,7
1376376579,32,5
1376376605,32,5
1376376819,31,6
1376376861,32,5
1376376940,32,5
1376376967,32,5
1376377239,33,4
1376377300,33,4
1376377329,35,2
1376377420,34,3
1376377503,35,2
1376377588,35,2
1376377661,36,1
1376377689,37,0
1376377743,36,1
1376378024,36,1
1376378068,37,0
1376378369,37,0
1376378411,37,0
1376378729,37,0
1376378772,37,0
1376379090,37,0
1376379133,37,0
1376379268,36,1
1376379368,37,0
1376379451,37,0
1376379494,37,0
1376379608,37,0
1376379693,37,0
1376379729,37,1
1376379794,38,0
1376380397,38,0
1376380574,37,1
1376380829,37,1
1376381014,36,2
1376381246,37,1
1376381347,38,0
1376381951,38,0
1376382102,37,1
1376382122,38,0
1376382725,38,0
1376382865,37,1
1376383112,37,1
1376383164,37,1
1376383241,37,1
1376383243,36,2
1376383322,37,1
1376383422,37,1
1376383507,38,0
1376383770,38,0
1376384374,38,0
1376384633,37,1
1376385227,36,2
1376385400,37,1
1376385443,36,2
1376386051,37,1
1376386401,38,0
1376386455,37,1
1376386952,38,0
1376387556,38,0
1376388159,38,0
1376388763,38,0
1376389379,37,1
1376389807,37,1
1376389848,37,1
1376389922,37,1
1376390079,38,0
1376390543,38,0
1376391147,38,0
1376391313,37,1
1376391916,37,1
1376392001,37,1
1376392004,38,0
1376392607,38,0
1376392984,37,1
1376393245,37,1
1376393360,35,3
1376393409,35,3
1376393465,35,3
1376393548,36,2
1376394151,36,2
1376394269,37,1
1376394640,37,1
1376394683,37,1
1376394878,38,0
1376395096,37,1
1376395482,38,0
1376396007,37,1
1376396163,38,0
1376396433,37,1
1376396480,38,0
1376397084,38,0
1376397477,37,1
1376397953,36,2
1376398181,35,3
1376398642,33,5
1376399143,32,6
1376399145,31,7
1376399636,32,6
1376399706,30,8
1376400309,30,8
1376400359,31,7
1376400585,31,7
1376400763,31,7
1376400765,30,8
1376400877,30,8
1376400934,29,9
1376401035,29,9
1376401082,30,8
1376401287,30,8
1376401333,31,7
1376401404,32,6
1376401446,32,6
1376401688,33,5
1376401745,34,4
1376402196,35,3
1376402682,36,2
1376403188,37,1
1376403791,37,1
1376403970,36,2
1376404269,36,2
1376404326,35,3
1376404695,36,2
1376405171,35,3
1376405365,36,2
1376405424,37,1
1376405844,36,2
1376405954,35,3
1376406020,34,4
1376406079,33,5
1376406150,33,5
1376406165,33,5
1376406279,33,5
1376406335,33,5
1376406602,34,4
1376406763,34,4
1376406808,34,4
1376407031,32,6
1376407079,31,7
1376407422,31,7
1376407469,31,7
1376407523,32,6
1376407572,32,6
1376407644,32,6
1376407720,32,6
1376407775,33,5
1376407883,33,5
1376407961,35,3
1376408040,34,4
1376408233,35,3
1376408290,36,2
1376408632,35,3
1376409004,36,2
1376409149,35,3
1376409276,36,2
1376409359,37,1
1376409522,37,1
1376409524,36,2
1376409712,35,3
1376410062,35,3
1376410110,33,5
1376410182,33,5
1376410185,33,5
1376410275,32,6
1376410356,31,7
1376410637,32,6
1376410815,32,6
1376410847,33,5
1376410971,32,6
1376411188,32,6
1376411316,32,6
1376411339,33,5
1376411453,32,6
1376411608,33,5
1376411683,32,6
1376412102,30,8
1376412151,31,7
1376412167,30,8
1376412354,29,9
1376412516,30,8
1376412552,31,7
1376412600,32,6
1376412710,31,7
1376412772,30,8
1376412991,28,10
1376413035,27,11
1376413092,24,14
1376413179,24,14
1376413539,22,16
1376413563,21,17
1376413660,21,17
1376413692,22,16
1376413806,21,17
1376414319,20,18
1376414523,19,19
1376414623,19,19
1376414646,17,21
1376414782,16,22
1376414833,17,21
1376415129,18,20
1376415397,17,21
1376415463,15,23
1376415519,16,22
1376415899,15,23
1376415999,14,24
1376416060,14,24
1376416120,14,24
1376416173,16,22
1376416200,15,23
1376416292,14,24
1376416392,15,23
1376416653,16,22
1376416723,17,21
1376416900,15,23
1376416921,14,24
1376417021,13,24
1376417073,13,25
1376417141,12,26
1376417595,11,27
1376417742,11,27
1376417781,11,27
1376418343,12,26
1376418515,11,27
1376418782,10,28
1376418845,9,29
1376419178,10,28
1376419362,10,28
1376419364,9,29
1376419475,8,30
1376419648,7,31
1376419853,5,33
1376419932,4,34
1376419991,5,33
1376420048,6,32
1376420651,6,32
1376420981,6,32
1376420991,7,31
1376421167,6,32
1376421232,7,31
1376421392,6,32
1376421622,7,31
1376422226,7,31
1376422658,6,32
1376422668,7,31
1376422977,6,32
1376423581,6,32
1376423962,7,31
1376424193,6,32
1376424248,7,31
1376424353,6,32
1376424957,6,32
1376425560,6,32
1376425781,6,32
1376425796,4,34
1376426388,3,35
1376426992,3,35
1376427093,4,34
1376427698,4,34
1376427878,2,36
1376428483,2,36
1376428843,2,36
1376428877,2,36
1376429222,1,37
1376429276,2,36
1376429498,1,37
1376429736,0,38
1376430339,0,38
1376430943,0,38
1376431547,0,38
1376432150,0,38
1376432754,0,38
1376433357,0,38
1376433636,2,36
1376433676,1,37
1376434279,1,37
1376434479,0,38
1376435083,0,38
1376435687,0,38
1376436290,0,38
1376436894,0,38
1376437498,0,38
1376438101,0,38
1376438705,0,38
1376438968,1,37
1376439572,1,37
1376440175,1,37
1376440779,1,37
1376441382,1,37
1376441779,0,38
1376442383,0,38
1376442517,0,38
1376442582,4,34
1376442633,8,30
1376443237,8,30
1376443841,8,30
1376444444,8,30
1376444885,8,30
1376445489,8,30
1376446092,8,30
1376446696,8,30
1376447299,8,30
1376447359,9,29
1376447963,9,29
1376448566,9,29
1376449170,9,29
1376449773,9,29
1376450377,9,29
1376450980,9,29
1376451584,9,29
1376452187,9,29
1376452791,9,29
1376453174,8,30
1376453777,8,30
1376454381,8,30
1376454985,8,30
1376455588,8,30
1376456192,8,30
1376456795,8,30
1376457399,8,30
1376458003,8,30
1376458055,7,31
1376458659,7,31
1376458855,8,30
1376458987,9,29
1376459442,8,30
1376459901,7,31
1376459956,6,32
1376460559,6,32
1376460615,7,31
1376461119,7,31
1376461159,6,32
1376461361,7,31
1376461371,8,30
1376461781,9,29
1376461807,10,28
1376462083,11,27
1376462122,12,26
1376462252,13,25
1376462341,14,24
1376462452,13,25
1376462679,13,25
1376462913,13,25
1376462968,14,24
1376463069,15,23
1376463402,16,22
1376463635,18,20
1376463837,18,20
1376463893,19,19
1376464135,18,20
1376464299,19,19
1376464630,20,18
1376464698,19,19
1376464874,21,17
1376465256,22,16
1376465295,23,15
1376465427,23,15
1376465642,22,16
1376466001,23,15
1376466163,23,15
1376466179,25,13
1376466284,24,14
1376466292,25,13
1376466446,24,14
1376467050,24,14
1376467158,25,13
1376467222,27,11
1376467333,27,11
1376467429,26,12
1376467661,26,12
1376467716,27,11
1376467727,28,10
1376467821,30,8
1376468425,30,8
1376468647,29,9
1376468700,29,9
1376468797,31,7
1376468819,30,8
1376469023,32,6
1376469091,33,5
1376469485,34,4
1376469711,33,5
1376469848,32,6
1376469887,31,7
1376470051,31,7
1376470188,30,8
1376470329,31,7
1376470932,31,7
1376471318,31,7
1376471344,34,4
1376471439,35,3
1376471503,36,2
1376471801,35,3
1376471859,34,4
1376471975,34,4
1376472101,35,3
1376472274,35,3
1376472343,38,0
1376472947,38,0
1376473426,38,0
1376473489,38,0
1376474093,38,0
1376474696,38,0
1376475219,37,1
1376475689,38,0
1376476134,37,1
1376476663,37,1
1376476665,38,0
1376477267,38,0
1376477395,38,0
1376477998,38,0
1376478310,37,1
1376478508,36,2
1376479112,36,2
1376479141,37,1
1376479744,37,1
1376480079,37,1
1376480090,38,0
1376480693,38,0
1376481116,37,1
1376481284,37,1
1376481294,38,0
1376481878,38,0
1376482151,37,1
1376482755,37,1
1376482866,38,0
1376483074,37,1
1376483186,36,2
1376483320,35,3
1376483923,35,3
1376484040,34,4
1376484147,33,5
1376484712,32,6
1376485292,33,5
1376485330,34,4
1376485380,35,3
1376485745,36,2
1376486310,35,3
1376486442,34,4
1376487046,34,4
1376487370,33,5
1376487758,34,4
1376488119,35,3
1376488229,34,4
1376488278,35,3
1376488597,34,4
1376488675,35,3
1376489243,34,4
1376489543,35,3
1376489704,36,2
1376489840,35,3
1376490170,34,4
1376490772,33,5
1376491052,32,6
1376491413,33,5
1376491782,33,5
1376491784,32,6
1376491958,33,5
1376492024,32,6
1376492026,31,7
1376492141,32,6
1376492379,32,6
1376492417,33,5
1376492503,34,4
1376492505,33,5
1376492636,32,6
1376493027,33,5
1376493223,33,5
1376493225,32,6
1376493430,33,5
1376493527,32,6
1376493626,31,7
1376493667,31,7
1376493782,32,6
1376494081,33,5
1376494579,34,4
1376494617,33,5
1376494746,32,6
1376494829,32,6
1376494880,33,5
1376494926,32,6
1376495382,32,6
1376495384,31,7
1376495664,32,6
1376495823,33,5
1376496220,34,4
1376496403,36,2
1376496422,36,2
1376496491,37,1
1376497095,37,1
1376497265,38,0
1376497374,37,1
1376497541,36,2
1376497571,36,2
1376498022,37,1
1376498338,37,1
1376498625,36,2
1376498642,37,1
1376498799,38,0
1376499028,37,1
1376499117,35,3
1376499553,34,4
1376499601,35,3
1376499879,34,4
1376500207,35,3
1376500454,38,0
1376501007,37,1
1376501070,37,1
1376501093,37,1
1376501178,37,1
1376501261,37,1
1376501268,38,0
1376501328,37,1
1376501786,36,2
1376501839,35,3
1376502038,35,3
1376502049,36,2
1376502445,37,1
1376502808,36,2
1376503121,36,2
1376503129,37,1
1376503212,36,2
1376503255,35,3
1376503341,36,2
1376503410,38,0
1376503672,37,1
1376504007,36,2
1376504069,36,2
1376504132,36,2
1376504179,37,1
1376504229,35,3
1376504610,35,3
1376505090,35,3
1376505153,34,4
1376505260,35,3
1376505307,36,2
1376505680,35,3
1376505707,35,3
1376505823,35,3
1376505881,35,3
1376505981,33,5
1376506073,34,4
1376506200,32,6
1376506680,31,7
1376506816,31,7
1376506889,30,8
1376507492,30,8
1376508099,29,9
1376508254,30,8
1376508823,30,8
1376508841,30,8
1376509023,29,9
1376509627,29,9
1376510230,29,9
1376510834,29,9
1376511237,30,8
1376511841,30,8
1376512417,31,7
1376513021,31,7
1376513624,31,7
1376513774,29,9
1376513951,28,10
1376514267,29,9
1376514315,30,8
1376514918,30,8
1376515396,29,9
1376515647,30,8
1376515957,29,9
1376516561,29,9
1376516610,28,10
1376517131,28,10
1376517205,29,9
1376517274,30,8
1376517468,29,9
1376518072,29,9
1376518676,29,9
1376519280,29,9
1376519737,28,10
1376519803,29,9
1376520406,29,9
1376521010,29,9
1376521289,28,10
1376521462,29,9
1376522066,29,9
1376522179,28,10
1376522541,27,11
1376522677,26,12
1376523214,25,13
1376523245,24,14
1376523849,24,14
1376524130,23,15
1376524398,24,14
1376525001,24,14
1376525155,22,16
1376525476,21,17
1376525736,20,18
1376525831,19,19
1376526022,18,20
1376526069,17,21
1376526596,16,22
1376526806,15,23
1376527410,15,23
1376528014,15,23
1376528349,14,24
1376528521,15,23
1376528964,13,25
1376529393,12,26
1376529486,11,27
1376529680,10,28
1376530146,11,27
1376530750,11,27
1376531383,11,27
1376531986,11,27
1376532436,9,29
1376533040,9,29
1376533644,9,29
1376534248,9,29
1376534851,9,29
1376535068,8,30
1376535672,8,30
1376536275,8,30
1376536879,8,30
1376537482,8,30
1376538086,8,30
1376538690,8,30
1376539294,8,30
1376539566,9,29
1376540171,9,29
1376540774,9,29
1376540921,9,29
1376540947,11,27
1376541550,11,27
1376542158,11,27
1376542762,11,27
1376543366,11,27
1376543969,11,27
1376544573,11,27
1376545176,11,27
1376545780,11,27
1376546231,12,26
1376546835,12,26
1376547438,12,26
1376547626,13,25
1376548229,13,25
1376548833,13,25
1376549437,13,25
1376549681,14,24
1376550091,14,24
1376550152,14,24
1376550204,14,24
1376550240,14,24
1376550843,14,24
1376550972,13,25
1376551418,12,26
1376551841,12,26
1376551844,11,27
1376552448,11,27
1376552510,10,28
1376552961,11,27
1376553565,11,27
1376553881,11,27
1376553888,12,26
1376554061,13,25
1376554064,14,24
1376554703,14,24
1376555307,14,24
1376555901,13,25
1376556505,13,25
1376556541,14,24
1376556625,15,23
1376556930,15,23
1376556985,15,23
1376557024,16,22
1376557067,15,23
1376557255,15,23
1376557346,14,24
1376557402,15,23
1376557527,14,24
1376557756,15,23
1376558105,16,22
1376558290,16,22
1376558361,16,22
1376558426,16,22
1376558498,18,20
1376558551,19,19
1376559030,18,20
1376559147,19,19
1376559562,18,20
1376560153,17,21
1376560461,18,20
1376560594,19,19
1376560980,18,20
1376561122,17,21
1376561203,18,20
1376561208,20,18
1376561409,21,17
1376561647,22,16
1376561779,23,15
1376562196,24,14
1376562488,25,13
1376563096,25,13
1376563175,25,13
1376563237,26,12
1376563358,27,11
1376563367,28,10
1376563824,29,9
1376563901,29,9
1376563920,29,9
1376564093,28,10
1376564208,27,11
1376564332,26,12
1376564540,25,13
1376564644,26,12
1376564962,25,13
1376565477,26,12
1376565665,27,11
1376565861,26,12
1376566082,27,11
1376566282,28,10
1376566708,26,12
1376566779,27,11
1376567125,28,10
1376567323,29,9
1376567377,29,9
1376567415,30,8
1376567502,30,8
1376567504,31,7
1376568042,31,7
1376568051,32,6
1376568441,33,5
1376568522,34,4
1376568530,35,3
1376568606,34,4
1376568878,33,5
1376568940,34,4
1376568952,36,2
1376569172,36,2
1376569283,36,2
1376569441,36,2
1376569607,36,2
1376569718,38,0
1376570321,38,0
1376570428,37,1
1376570906,35,3
1376571158,35,3
1376571194,36,2
1376571279,35,3
1376571326,35,3
1376571399,35,3
1376571458,35,2
1376571502,36,2
1376571629,37,1
1376571700,37,1
1376571729,38,0
1376571923,37,1
1376571957,36,2
1376572168,35,3
1376572203,36,2
1376572272,35,3
1376572765,34,4
1376572841,34,4
1376572877,35,3
1376572924,36,2
1376573527,36,2
1376573734,37,1
1376573769,38,0
1376574373,38,0
1376574924,37,1
1376575469,34,4
1376575720,31,7
1376575925,32,6
1376576037,30,8
1376576436,28,10
1376576486,27,11
1376576524,28,10
1376576726,27,11
1376576797,28,10
1376576861,27,11
1376577179,28,10
1376577387,28,10
1376577455,30,8
1376578064,31,7
1376578668,31,7
1376578971,30,8
1376579574,30,8
1376579792,30,8
1376579818,31,7
1376580051,29,9
1376580215,29,9
1376580305,30,8
1376580470,29,9
1376580838,30,8
1376581242,29,9
1376581518,28,10
1376581877,29,9
1376582299,30,8
1376582614,29,9
1376582782,30,8
1376582921,30,8
1376582953,27,11
1376583556,27,11
1376583849,26,12
1376583949,25,13
1376584168,24,14
1376584292,23,15
1376584365,24,14
1376584501,25,13
1376584673,24,14
1376584747,25,13
1376584903,25,13
1376585273,23,15
1376585372,24,14
1376585692,25,13
1376585922,24,14
1376585925,25,13
1376586058,26,12
1376586193,25,13
1376586281,25,13
1376586294,27,11
1376586346,26,12
1376586557,26,12
1376586813,26,12
1376586881,26,12
1376586923,29,9
1376587104,28,10
1376587235,27,11
1376587481,28,10
1376587511,29,9
1376588114,29,9
1376588180,30,8
1376588350,29,9
1376588440,27,11
1376588451,26,12
1376588570,24,14
1376588860,24,14
1376588871,26,12
1376589314,25,13
1376589519,29,9
1376589621,30,8
1376589703,32,6
1376590063,32,6
1376590066,31,7
1376590151,30,8
1376590478,31,7
1376590515,32,6
1376590588,32,6
1376590622,33,5
1376591147,32,6
1376591500,33,5
1376591541,35,3
1376591602,34,4
1376591631,33,5
1376592146,33,5
1376592221,35,3
1376592276,37,1
1376592455,37,1
1376592485,38,0
1376592666,37,1
1376593098,38,0
1376593520,37,1
1376593581,36,2
1376594107,35,3
1376594711,35,3
1376595083,36,2
1376595372,35,3
1376595855,34,4
1376596225,33,5
1376596536,29,9
1376596587,28,10
1376596647,28,10
1376596848,27,11
1376597302,27,11
1376597341,28,10
1376597674,26,12
1376597860,25,13
1376597887,24,14
1376598191,23,15
1376598672,24,14
1376598862,25,13
1376599452,24,14
1376599486,23,15
1376600090,23,15
1376600471,22,16
1376600700,23,15
1376601138,24,14
1376601200,25,13
1376601266,26,12
1376601538,25,13
1376601928,24,14
1376601965,23,15
1376602569,23,15
1376603172,23,15
1376603600,22,16
1376603842,21,17
1376604160,21,17
1376604224,22,16
1376604562,20,18
1376604642,17,21
1376605002,15,23
1376605024,13,25
1376605628,13,25
1376606232,13,25
1376606604,14,24
1376607067,13,25
1376607500,12,26
1376607633,11,27
1376608115,11,27
1376608465,10,28
1376608534,11,27
1376608765,12,26
1376608816,13,25
1376609421,13,25
1376609777,14,24
1376609869,13,25
1376610472,13,25
1376610870,12,26
1376611474,12,26
1376612077,12,26
1376612681,12,26
1376612773,11,27
1376613083,10,28
1376613220,9,29
1376613271,8,30
1376613440,7,31
1376614044,7,31
1376614646,8,30
1376615250,8,30
1376615853,8,30
1376616374,7,31
1376616544,8,30
1376617148,8,30
1376617692,8,30
1376618296,8,30
1376618899,8,30
1376619503,8,30
1376619916,7,31
1376620520,7,31
1376621124,7,31
1376621727,7,31
1376622331,7,31
1376622935,7,31
1376623538,7,31
1376624142,7,31
1376624745,7,31
1376625349,7,31
1376625953,7,31
1376626556,7,31
1376627160,7,31
1376627764,7,31
1376628367,7,31
1376628971,7,31
1376629575,7,31
1376630178,7,31
1376630782,7,31
1376630904,7,31
1376631507,7,31
1376632111,7,31
1376632569,6,32
1376633173,6,32
1376633776,6,32
1376634223,6,32
1376634251,6,32
1376634335,6,32
1376634482,7,31
1376634700,7,31
1376634707,8,30
1376634931,9,29
1376635535,9,29
1376636139,9,29
1376636166,10,28
1376636738,12,26
1376636796,11,27
1376636881,10,28
1376637329,11,27
1376637367,12,26
1376637422,13,25
1376637567,14,24
1376637633,15,23
1376637853,16,22
1376637914,17,21
1376638201,16,22
1376638297,16,22
1376638363,16,22
1376638630,15,23
1376638843,15,23
1376638845,16,22
1376639316,17,21
1376639377,16,22
1376639406,17,21
1376639540,16,22
1376639620,13,25
1376639635,12,26
1376640274,13,25
1376640397,14,24
1376640568,16,22
1376640697,16,22
1376640706,17,21
1376641068,16,22
1376641336,15,23
1376641419,15,23
1376641428,16,22
1376641579,17,21
1376641782,17,21
1376641784,18,20
1376641903,19,19
1376641914,17,21
1376642008,16,22
1376642037,16,22
1376642128,18,20
1376642499,19,19
1376642919,21,17
1376642929,22,16
1376643059,23,15
1376643404,23,15
1376643406,22,16
1376643730,21,17
1376643783,21,17
1376643913,22,16
1376643977,22,16
1376644049,22,16
1376644092,23,15
1376644471,24,14
1376644616,24,14
1376644723,26,12
1376644783,26,12
1376644809,28,10
1376645123,27,11
1376645727,27,11
1376646095,28,10
1376646222,29,9
1376646735,30,8
1376647339,30,8
1376647651,29,9
1376647721,28,10
1376648062,27,11
1376648498,28,10
1376648948,29,9
1376649102,30,8
1376649161,29,9
1376649196,28,10
1376649761,29,9
1376650364,29,9
1376650594,29,9
1376650657,29,9
1376650700,30,8
1376650753,31,7
1376650864,30,8
1376650934,29,9
1376651167,30,8
1376651234,31,7
1376651838,31,7
1376651910,32,6
1376652114,33,5
1376652339,33,5
1376652400,34,4
1376652822,33,5
1376652832,34,4
1376652940,34,4
1376652996,35,3
1376653312,36,2
1376653588,35,3
1376653618,34,4
1376653700,35,3
1376654307,34,3
1376654370,35,3
1376654394,34,4
1376654997,34,4
1376655073,33,5
1376655251,34,4
1376655399,34,4
1376655409,35,3
1376655502,36,2
1376655699,35,3
1376655798,36,2
1376656401,36,2
1376656453,37,1
1376656943,38,0
1376656999,38,0
1376657603,38,0
1376657738,37,1
1376658342,37,1
1376658804,35,3
1376659408,35,3
1376659564,33,5
1376659748,32,6
1376660352,32,6
1376660414,31,7
1376660890,32,6
1376661004,33,5
1376661219,33,5
1376661275,35,3
1376661446,35,3
1376662049,35,3
1376662070,34,4
1376662238,35,3
1376662397,36,2
1376662438,35,3
1376662992,35,3
1376663073,36,2
1376663584,35,3
1376663645,34,4
1376663738,34,4
1376663772,35,3
1376663983,34,4
1376663994,34,4
1376664348,33,5
1376664512,34,4
1376665115,34,4
1376665539,34,4
1376665601,35,3
1376665612,36,2
1376665802,37,1
1376665916,38,0
1376666235,37,1
1376666317,37,1
1376666409,38,0
1376667013,38,0
1376667616,38,0
1376667649,37,1
1376668252,37,1
1376668856,37,1
1376669357,34,4
1376669781,33,5
1376669828,31,7
1376670432,31,7
1376670501,30,8
1376671104,30,8
1376671179,29,9
1376671231,28,10
1376671283,27,11
1376671417,28,10
1376671832,27,11
1376672074,27,11
1376672141,27,11
1376672144,28,10
1376672421,27,11
1376672622,26,12
1376672770,27,11
1376672932,28,10
1376673025,27,11
1376673492,28,10
1376673529,27,11
1376673597,28,10
1376673651,27,11
1376673761,24,14
1376673936,25,13
1376674540,25,13
1376674849,24,14
1376675288,22,16
1376675353,21,17
1376675414,22,16
1376676017,22,16
1376676083,20,18
1376676279,20,18
1376676288,21,17
1376676392,20,18
1376676458,19,19
1376676628,19,19
1376676736,18,20
1376677340,18,20
1376677648,19,19
1376678252,19,19
1376678492,17,20
1376678603,18,20
1376679043,18,20
1376679046,17,21
1376679321,14,24
1376679501,15,23
1376680063,14,24
1376680131,13,25
1376680735,13,25
1376680993,14,24
1376681237,13,25
1376681737,13,25
1376682100,13,25
1376682113,14,24
1376682440,16,22
1376682788,15,23
1376683045,15,23
1376683091,16,22
1376683344,14,24
1376683663,13,25
1376684267,13,25
1376684497,14,24
1376684558,15,23
1376684606,15,23
1376684683,16,22
1376684686,17,21
1376684813,16,22
1376685417,16,22
1376686020,16,22
1376686624,16,22
1376687227,16,22
1376687433,17,21
1376687501,15,23
1376687784,14,24
1376687923,14,24
1376687932,15,23
1376688535,15,23
1376689184,14,24
1376689187,13,25
1376689790,13,25
1376690293,12,26
1376690896,12,26
1376691500,12,26
1376692105,12,26
1376692413,13,25
1376692722,13,25
1376692729,14,24
1376692865,13,25
1376693468,13,25
1376694084,12,26
1376694310,11,27
1376694672,12,26
1376695276,12,26
1376695880,12,26
1376695923,11,27
1376696327,10,28
1376696930,10,28
1376697534,10,28
1376698063,10,28
1376698077,12,26
1376698272,11,27
1376698386,10,28
1376698990,10,28
1376699593,10,28
1376699659,11,27
1376699712,12,26
1376700316,12,26
1376700920,12,26
1376701523,12,26
1376701635,13,25
1376701936,12,26
1376702539,12,26
1376702769,11,27
1376703373,11,27
1376704093,11,27
1376704180,11,27
1376704784,11,27
1376704938,10,28
1376705101,9,29
1376705172,8,30
1376705310,7,31
1376705913,7,31
1376706517,7,31
1376707120,7,31
1376707724,7,31
1376708328,7,31
1376708932,7,31
1376709137,11,27
1376709741,11,27
1376710344,11,27
1376710948,11,27
1376711551,11,27
1376712155,11,27
1376712758,11,27
1376713127,10,28
1376713733,11,27
1376714337,11,27
1376714940,11,27
1376715544,11,27
1376716147,11,27
1376716751,11,27
1376717354,11,27
1376717958,11,27
1376718561,11,27
1376719165,11,27
1376719769,11,27
1376720373,11,27
1376720560,10,28
1376720775,11,27
1376721239,10,28
1376721843,10,28
1376722446,10,28
1376723050,10,28
1376723238,11,27
1376723841,11,27
1376724164,11,27
1376724172,12,26
1376724298,13,25
1376724901,13,25
1376725139,14,24
1376725743,14,24
1376726136,15,23
1376726187,15,23
1376726257,15,23
1376726346,16,22
1376726950,16,22
1376727289,15,23
1376727739,16,22
1376728149,15,23
1376728304,15,23
1376728314,16,22
1376728384,17,21
1376728474,17,21
1376728520,17,21
1376728584,17,21
1376728655,17,21
1376728695,17,21
1376728842,17,21
1376728896,18,20
1376729499,18,20
1376730103,18,20
1376730706,18,20
1376731161,18,20
1376731287,20,18
1376731344,21,17
1376731947,21,17
1376731984,21,17
1376732083,22,16
1376732091,23,15
1376732204,23,15
1376732207,24,14
1376732564,24,14
1376732566,25,13
1376732635,24,13
1376732688,23,14
1376732799,24,13
1376732909,25,12
1376733005,24,13
1376733085,24,13
1376733203,24,13
1376733345,23,14
1376733394,24,13
1376733998,24,13
1376734177,25,12
1376734244,25,12
1376734847,25,12
1376735240,24,13
1376735399,23,14
1376735503,23,14
1376735545,24,13
1376735608,25,12
1376736007,26,11
1376736095,26,11
1376736698,26,11
1376737182,26,11
1376737204,26,11
1376737266,27,10
1376737590,27,10
1376737819,28,9
1376737874,29,8
1376737958,28,9
1376738019,29,8
1376738143,30,7
1376738674,29,8
1376738763,28,9
1376738953,27,10
1376739222,28,9
1376739333,29,8
1376739373,29,8
1376739644,28,9
1376739805,29,8
1376739891,28,9
1376740266,29,8
1376740579,28,9
1376740875,29,8
1376741409,28,9
1376741690,27,10
1376742158,26,11
1376742180,25,11
1376742303,25,11
1376742366,25,12
1376742480,24,13
1376742644,24,13
1376742646,25,12
1376742915,26,11
1376743064,28,9
1376743167,29,8
1376743217,27,10
1376743346,28,9
1376743466,28,9
1376743496,29,8
1376743825,29,8
1376743903,31,6
1376743935,32,5
1376744129,33,4
1376744251,34,3
1376744279,35,2
1376744735,36,1
1376744921,37,0
1376745296,36,1
1376745486,35,2
1376746084,36,1
1376746629,35,2
1376746844,34,3
1376746852,35,2
1376747054,35,2
1376747132,35,2
1376747181,36,1
1376747521,37,0
1376747718,36,1
1376747789,36,1
1376747818,36,1
1376748039,37,0
1376748575,36,1
1376748942,37,0
1376749087,36,1
1376749361,37,1
1376749873,36,2
1376750191,35,3
1376750260,35,3
1376750292,36,2
1376750441,36,2
1376750450,37,1
1376751054,37,1
1376751275,38,0
1376751879,38,0
1376751921,37,1
1376752160,38,0
1376752644,37,1
1376752899,38,0
1376753085,37,1
1376753087,36,2
1376753379,37,1
1376753627,37,1
1376753629,36,2
1376753698,35,3
1376753766,33,5
1376753858,33,5
1376753918,33,5
1376753970,32,6
1376754027,32,6
1376754065,33,5
1376754659,34,4
1376755085,32,6
1376755287,31,7
1376755890,31,7
1376755913,30,8
1376756036,29,9
1376756143,29,9
1376756154,30,8
1376756758,30,8
1376757043,29,9
1376757216,31,7
1376757280,31,7
1376757308,32,6
1376757374,33,5
1376757668,34,4
1376757750,35,3
1376757884,34,4
1376757893,33,5
1376758038,34,4
1376758358,35,3
1376758635,36,2
1376758858,37,1
1376758947,38,0
1376759550,38,0
1376760080,37,1
1376760192,36,2
1376760796,36,2
1376761340,35,3
1376761378,34,4
1376761785,35,3
1376761840,36,2
1376761927,37,1
1376762288,38,0
1376762892,38,0
1376763188,37,1
1376763427,36,2
1376763996,37,1
1376764210,35,3
1376764449,36,2
1376764662,35,3
1376765130,37,1
1376765733,37,1
1376766015,34,4
1376766494,35,3
1376766578,35,3
1376766729,36,2
1376766907,38,0
1376766996,37,1
1376767599,37,1
1376767867,36,2
1376768142,36,2
1376768151,35,3
1376768448,34,4
1376768532,33,5
1376768943,34,4
1376769026,33,5
1376769223,32,6
1376769298,33,5
1376769902,33,5
1376770505,33,5
1376770584,33,5
1376770964,32,6
1376771021,32,6
1376771073,32,6
1376771109,32,6
1376771203,32,6
1376771211,33,5
1376771339,33,5
1376771482,32,6
1376772086,32,6
1376772524,31,6
1376772545,30,8
1376772822,33,5
1376773228,32,6
1376773831,32,6
1376773928,32,6
1376774531,32,6
1376774852,32,6
1376775262,30,8
1376775866,30,8
1376775913,29,9
1376776062,28,10
1376776399,29,9
1376776864,28,10
1376777468,28,10
1376778071,28,10
1376778675,28,10
1376779228,26,12
1376779422,27,11
1376779484,28,10
1376779950,27,11
1376780555,27,11
1376780828,25,13
1376781401,24,14
1376781545,23,15
1376782149,23,15
1376782223,24,14
1376782826,24,14
1376783430,24,14
1376784033,24,14
1376784637,24,14
1376785240,24,14
1376785573,23,15
1376785680,22,16
1376786284,22,16
1376786645,21,17
1376786821,20,18
1376786914,21,17
1376787518,21,17
1376787537,22,16
1376788141,22,16
1376788744,22,16
1376788948,21,17
1376789015,21,17
1376789052,20,18
1376789142,21,17
1376789152,20,18
1376789262,20,18
1376789280,22,16
1376789719,21,17
1376790493,21,17
1376790607,20,18
1376791211,20,18
1376791814,20,18
1376792002,19,19
1376792606,19,19
1376793209,19,19
1376793521,21,17
1376794124,21,17
1376794728,21,17
1376795332,21,17
1376795936,21,17
1376796539,21,17
1376797143,21,17
1376797746,21,17
1376798350,21,17
1376798953,21,17
1376799557,21,17
1376800161,21,17
1376800764,21,17
1376801368,21,17
1376801971,21,17
1376802575,21,17
1376802913,22,16
1376803517,22,16
1376804120,22,16
1376804724,22,16
1376805327,22,16
1376805404,22,16
1376805406,23,15
1376806009,23,15
1376806613,23,15
1376806930,24,14
1376807232,25,13
1376807835,25,13
1376808438,25,13
1376808578,25,13
1376808846,26,12
1376809449,26,12
1376809906,26,12
1376809937,27,11
1376810335,26,12
1376810540,27,11
1376811144,27,11
1376811303,28,10
1376811907,28,10
1376812205,27,11
1376812808,27,11
1376813202,27,11
1376813252,28,10
1376813273,29,9
1376813660,29,9
1376814264,29,9
1376814383,30,8
1376814986,30,8
1376815590,30,8
1376815817,31,7
1376816014,30,8
1376816618,30,8
1376817059,29,9
1376817663,29,9
1376818260,30,8
1376818544,29,9
1376818552,30,8
1376819116,31,7
1376819720,31,7
1376819980,31,7
1376820357,30,8
1376820756,30,8
1376820785,29,9
1376821121,31,7
1376821721,33,5
1376822324,33,5
1376822614,32,6
1376822846,32,6
1376822899,33,5
1376823018,33,5
1376823093,33,5
1376823696,33,5
1376823766,34,4
1376823769,35,3
1376824372,35,3
1376824665,35,3
1376824673,36,2
1376824816,37,1
1376825158,36,2
1376825440,35,3
1376825692,34,4
1376826295,34,4
1376826633,33,5
1376826766,33,5
1376826769,34,4
1376827372,34,4
1376827976,34,4
1376828624,33,5
1376829023,33,5
1376829578,34,4
1376829730,33,5
1376829943,33,5
1376830061,34,4
1376830077,35,3
1376830230,36,2
1376830283,37,1
1376830413,36,2
1376831017,36,2
1376831621,36,2
1376832027,35,3
1376832073,35,3
1376832163,36,2
1376832332,37,1
1376832601,36,2
1376832844,35,3
