1376208700,16,15
1376208860,18,13
1376208929,17,14
1376209002,17,14
1376209026,17,14
1376209071,17,14
1376209360,17,14
1376209379,17,14
1376209480,17,14
1376209502,17,15
1376209718,17,15
1376209732,17,15
1376209960,16,16
1376210023,16,16
1376210083,16,16
1376210105,16,17
1376210261,16,17
1376210376,16,17
1376210444,16,17
1376210447,17,16
1376210680,17,17
1376210741,17,17
1376210789,17,17
1376210818,18,17
1376211021,18,17
1376211104,18,17
1376211142,18,17
1376211217,18,17
1376211458,18,17
1376211523,19,18
1376211583,18,19
1376211593,19,18
1376211702,19,18
1376211727,19,19
1376211812,19,19
1376211850,18,20
1376211937,18,20
1376211947,18,20
1376212009,18,20
1376212076,18,20
1376212182,18,20
1376212202,18,20
1376212262,19,19
1376212361,19,19
1376212544,19,19
1376212603,18,20
1376212724,18,20
1376212895,18,20
1376212908,18,20
1376213202,18,20
1376213261,18,20
1376213311,19,19
1376213366,20,18
1376213440,22,17
1376213499,22,17
1376213552,22,17
1376213623,23,16
1376213656,24,15
1376213728,24,14
1376213769,24,14
1376213922,24,14
1376213965,24,14
1376214044,24,14
1376214281,24,14
1376214318,24,14
1376214391,26,12
1376214461,24,14
1376214634,26,12
1376214671,26,12
1376214794,26,12
1376214878,27,11
1376214887,28,10
1376215003,28,10
1376215024,28,10
1376215123,28,10
1376215182,30,8
1376215268,31,7
1376215363,31,7
1376215376,31,7
1376215715,31,7
1376215751,30,8
1376216020,30,8
1376216082,30,8
1376216177,29,9
1376216304,30,8
1376216373,29,9
1376216435,29,9
1376216744,29,9
1376216788,28,10
1376217098,28,10
1376217142,28,10
1376217350,27,11
1376217459,27,11
1376217496,27,11
1376217570,26,12
1376217823,27,11
1376217850,28,10
1376217923,29,9
1376217994,31,7
1376218060,30,8
1376218117,29,9
1376218184,29,9
1376218212,31,7
1376218293,32,6
1376218544,32,6
1376218578,33,5
1376218781,35,3
1376218898,35,3
1376218911,35,3
1376219019,35,3
1376219203,36,2
1376219263,36,2
1376219265,36,2
1376219414,35,3
1376219557,35,3
1376219619,36,2
1376219640,36,2
1376219801,36,2
1376219924,36,2
1376219973,36,2
1376220044,36,2
1376220213,35,3
1376220283,34,4
1376220326,35,3
1376220582,35,3
1376220642,36,2
1376220680,36,2
1376220997,36,2
1376221034,36,2
1376221166,35,3
1376221364,35,3
1376221388,35,3
1376221483,35,3
1376221520,33,5
1376221722,34,4
1376221741,34,4
1376221803,32,6
1376221902,32,6
1376221905,33,5
1376222081,33,5
1376222143,33,5
1376222195,33,5
1376222314,35,3
1376222335,34,4
1376222435,34,4
1376222448,34,4
1376222552,34,4
1376222577,35,3
1376222665,35,3
1376222740,36,2
1376222802,36,2
1376222827,37,1
1376223029,37,1
1376223093,36,2
1376223161,36,1
1376223223,36,2
1376223233,36,2
1376223344,36,2
1376223382,36,2
1376223460,36,2
1376223509,36,2
1376223641,36,2
1376223821,36,2
1376223863,36,2
1376223972,35,3
1376224049,36,2
1376224095,36,2
1376224180,36,2
1376224217,36,2
1376224300,36,2
1376224471,36,2
1376224534,36,2
1376224574,36,2
1376224679,37,1
1376224834,37,1
1376224904,37,1
1376224925,37,1
1376225258,37,1
1376225277,37,1
1376225360,37,1
1376225439,37,1
1376225464,37,1
1376225618,37,1
1376225655,37,1
1376225743,35,3
1376225799,37,1
1376225820,37,1
1376225922,37,1
1376225984,37,1
1376225986,37,1
1376226277,37,1
1376226339,37,1
1376226456,37,1
1376226517,35,3
1376226583,35,3
1376226643,36,2
1376226691,36,2
1376227001,36,2
1376227045,36,2
1376227360,35,3
1376227397,36,2
1376227533,37,1
1376227595,36,2
1376227664,35,3
1376227714,35,3
1376227750,35,3
1376227923,36,2
1376228083,36,2
1376228104,36,2
1376228220,35,3
1376228443,35,3
1376228466,36,2
1376228588,35,3
1376228733,36,2
1376228796,36,2
1376228809,36,2
1376228990,36,2
1376229100,36,2
1376229163,36,2
1376229372,35,3
1376229454,34,4
1376229522,33,4
1376229538,33,4
1376229823,32,5
1376229872,35,2
1376229941,35,2
1376229998,36,1
1376230093,35,2
1376230180,35,2
1376230223,35,2
1376230533,35,2
1376230577,35,2
1376230663,35,2
1376230683,33,4
1376230887,32,5
1376230931,32,5
1376231166,31,6
1376231265,30,7
1376231324,31,6
1376231492,32,6
1376231517,33,5
1376231624,34,4
1376231646,34,4
1376231738,34,4
1376231777,33,5
1376231843,34,4
1376231978,34,4
1376231993,34,4
1376232150,35,3
1376232283,36,2
1376232344,35,3
1376232345,35,3
1376232492,36,2
1376232569,35,3
1376232637,35,3
1376232699,35,3
1376232822,34,4
1376232918,32,6
1376233003,31,7
1376233052,31,7
1376233362,29,9
1376233405,29,9
1376233721,28,10
1376233758,28,10
1376233904,28,10
1376233960,30,8
1376234019,31,7
1376234078,32,6
1376234115,32,6
1376234147,31,7
1376234239,32,6
1376234285,31,7
1376234359,30,8
1376234445,30,8
1376234497,29,9
1376234672,29,9
1376234742,32,6
1376234802,32,6
1376234862,32,6
1376234865,33,5
1376234980,34,4
1376235075,33,5
1376235162,33,5
1376235216,34,4
1376235276,33,5
1376235342,33,5
1376235348,34,4
1376235513,34,4
1376235532,34,4
1376235658,35,3
1376235818,35,3
1376235879,35,3
1376236184,35,3
1376236233,35,3
1376236364,36,2
1376236367,35,3
1376236450,34,4
1376236543,34,4
1376236586,34,4
1376236711,35,3
1376236779,36,2
1376236834,34,4
1376236902,35,3
1376236957,34,4
1376237022,34,4
1376237032,35,3
1376237256,35,3
1376237293,34,4
1376237542,33,5
1376237623,33,5
1376237646,33,5
1376237801,34,4
1376237881,35,3
1376237981,35,3
1376237999,35,3
1376238077,34,4
1376238130,33,5
1376238283,33,5
1376238353,34,4
1376238612,33,5
1376238701,32,6
1376238755,31,7
1376238781,32,6
1376238847,31,7
1376238897,32,6
1376238998,33,5
1376239109,33,5
1376239182,34,4
1376239240,32,6
1376239303,34,4
1376239364,35,3
1376239421,35,3
1376239454,36,2
1376239502,37,1
1376239602,36,2
1376239629,35,3
1376239722,35,3
1376239783,35,3
1376239786,34,4
1376239963,33,5
1376240024,34,4
1376240081,33,5
1376240119,34,4
1376240239,35,3
1376240319,35,3
1376240434,35,3
1376240503,36,2
1376240512,37,1
1376240592,35,3
1376240742,35,3
1376240800,34,4
1376240824,34,4
1376240919,34,4
1376241027,34,4
1376241099,33,5
1376241163,33,5
1376241222,30,8
1376241270,28,10
1376241384,29,9
1376241517,29,9
1376241530,29,9
1376241671,30,8
1376241748,31,7
1376241821,31,7
1376241870,30,8
1376241913,29,9
1376241975,30,8
1376242179,29,8
1376242239,30,8
1376242282,31,7
1376242348,30,8
1376242463,29,9
1376242543,29,9
1376242592,29,9
1376242640,30,8
1376242716,29,9
1376242774,28,10
1376242840,28,10
1376242901,28,10
1376242951,27,11
1376243016,26,12
1376243073,25,13
1376243107,26,12
1376243260,26,12
1376243298,26,12
1376243377,26,12
1376243442,26,12
1376243455,27,11
1376243613,27,11
1376243657,25,13
1376243794,27,11
1376243857,29,9
1376243877,28,10
1376243981,27,11
1376244041,27,11
1376244096,29,9
1376244130,30,8
1376244225,30,8
1376244338,30,8
1376244376,31,7
1376244520,33,5
1376244697,31,7
1376244711,30,8
1376245001,29,9
1376245052,29,9
1376245081,30,8
1376245357,29,9
1376245419,29,9
1376245553,28,10
1376245723,28,10
1376245771,28,10
1376246083,27,11
1376246143,28,10
1376246155,29,9
1376246443,27,11
1376246501,27,11
1376246523,30,8
1376246604,29,9
1376246634,28,10
1376246794,28,10
1376246834,28,10
1376246880,27,11
1376246932,26,12
1376247014,25,13
1376247101,25,13
1376247163,26,12
1376247187,26,12
1376247270,26,12
1376247308,27,11
1376247397,26,12
1376247410,27,11
1376247515,27,11
1376247572,26,12
1376247630,26,12
1376247697,27,11
1376247748,28,10
1376247796,28,10
1376247878,28,10
1376247891,28,10
1376248117,27,11
1376248182,27,11
1376248230,27,11
1376248299,29,9
1376248540,28,10
1376248597,28,10
1376248782,28,10
1376248836,30,8
1376248903,32,6
1376248952,33,5
1376249018,33,5
1376249047,35,3
1376249157,36,2
1376249260,35,3
1376249304,35,3
1376249380,35,3
1376249384,36,2
1376249620,35,3
1376249657,35,3
1376249700,34,4
1376249854,33,5
1376249885,32,6
1376249973,32,6
1376250010,32,6
1376250077,31,7
1376250343,30,8
1376250362,30,8
1376250522,30,8
1376250575,28,10
1376250587,28,10
1376250694,27,11
1376250747,27,11
1376250813,27,11
1376250869,28,10
1376251058,28,10
1376251072,28,10
1376251238,28,10
1376251302,29,9
1376251363,31,7
1376251424,31,7
1376251468,30,8
1376251506,29,9
1376251654,28,10
1376251715,28,10
1376251777,27,11
1376251936,26,12
1376251969,25,13
1376252081,25,13
1376252130,25,13
1376252365,24,14
1376252433,24,14
1376252483,24,14
1376252683,23,14
1376252690,21,16
1376252791,21,16
1376252834,21,16
1376253168,21,16
1376253362,21,16
1376253520,21,16
1376253539,21,16
1376253873,21,16
1376253892,21,16
1376254049,18,19
1376254225,18,19
1376254301,18,19
1376254311,16,21
1376254397,14,23
1376254580,14,23
1376254662,14,23
1376254665,13,24
1376254752,14,23
1376254909,14,23
1376255006,13,24
1376255179,12,25
1376255261,12,25
1376255614,12,25
1376255638,12,25
1376255787,14,23
1376255812,14,23
1376255967,13,24
1376255991,13,24
1376256180,12,25
1376256341,12,25
1376256388,12,25
1376256689,14,23
1376256708,14,23
1376257060,14,23
1376257221,12,25
1376257411,11,26
1376257432,11,26
1376257765,11,26
1376258142,11,25
1376258199,11,26
1376258253,12,25
1376258477,12,25
1376258683,13,24
1376258706,13,24
1376258830,13,24
1376259075,12,25
1376259159,12,25
1376259183,12,25
1376259276,10,27
1376259435,11,26
1376259477,10,27
1376259535,10,27
1376259810,10,27
1376259870,11,27
1376259910,11,27
1376260241,10,28
1376260265,10,28
1376260350,10,28
1376260401,11,27
1376260603,11,27
1376260618,11,27
1376260726,11,27
1376260785,11,27
1376260887,10,28
1376260961,11,27
1376260972,12,26
1376261262,12,26
1376261310,11,27
1376261325,11,27
1376261415,10,28
1376261614,10,28
1376261677,10,28
1376261913,9,29
1376261981,9,29
1376262030,9,29
1376262333,9,29
1376262383,9,29
1376262697,9,29
1376262736,9,29
1376262822,8,29
1376262842,8,30
1376262992,9,29
1376263050,9,29
1376263088,9,29
1376263419,8,30
1376263444,8,30
1376263781,8,30
1376263796,8,30
1376263962,8,30
1376263964,7,31
1376264133,7,31
1376264165,8,30
1376264232,9,29
1376264437,9,29
1376264499,9,29
1376264595,8,30
1376264742,9,29
1376264791,9,29
1376264854,9,29
1376265163,9,29
1376265207,9,29
1376265366,9,29
1376265416,10,28
1376265522,10,28
1376265560,10,28
1376265873,10,28
1376265914,10,28
1376266243,10,28
1376266266,10,28
1376266482,12,26
1376266600,12,26
1376266619,12,26
1376266828,13,25
1376266958,13,25
1376266972,13,25
1376267262,13,25
1376267322,13,25
1376267376,12,26
1376267432,12,26
1376267482,11,27
1376267622,11,27
1376267678,11,27
1376267698,10,28
1376267980,10,28
1376268030,10,28
1376268048,9,29
1376268339,9,29
1376268384,9,29
1376268700,8,30
1376268738,8,30
1376269052,8,30
1376269091,8,30
1376269422,8,30
1376269443,8,30
1376269782,8,30
1376269796,8,30
1376270134,8,30
1376270149,8,30
1376270439,8,30
1376270501,8,30
1376270792,8,30
1376270855,8,30
1376271162,8,30
1376271208,8,30
1376271523,8,30
1376271560,8,30
1376271877,8,30
1376271915,8,30
1376272175,8,30
1376272243,8,30
1376272267,8,30
1376272423,8,30
1376272599,8,30
1376272637,9,29
1376272973,9,29
1376273313,9,29
1376273327,9,29
1376273617,9,29
1376273679,9,29
1376273982,9,29
1376274032,9,29
1376274335,9,29
1376274385,9,29
1376274700,9,29
1376274738,9,29
1376275052,9,29
1376275090,9,29
1376275422,9,29
1376275443,9,29
1376275781,9,29
1376275796,9,29
1376276135,9,29
1376276149,9,29
1376276440,9,29
1376276502,9,29
1376276792,9,29
1376276855,9,29
1376277161,9,29
1376277208,9,29
1376277523,9,29
1376277560,9,29
1376277875,9,29
1376277913,9,29
1376278154,10,28
1376278242,10,28
1376278268,10,28
1376278599,10,28
1376278619,10,28
1376278830,9,29
1376278960,9,29
1376279014,10,28
1376279263,10,28
1376279310,10,28
1376279324,10,28
1376279616,10,28
1376279678,10,28
1376279863,11,27
1376279864,11,27
1376279981,11,27
1376280030,11,27
1376280339,11,27
1376280383,11,27
1376280698,11,27
1376280736,11,27
1376281051,11,27
1376281088,11,27
1376281421,11,27
1376281441,11,27
1376281663,11,27
1376281673,12,26
1376281780,12,26
1376281793,12,26
1376282133,12,26
1376282147,12,26
1376282438,12,26
1376282500,12,26
1376282790,12,26
1376282852,12,26
1376283162,12,26
1376283205,12,26
1376283521,12,26
1376283558,12,26
1376283874,12,26
1376283911,12,26
1376284241,12,26
1376284265,12,26
1376284598,12,26
1376284617,12,26
1376284957,12,26
1376284971,12,26
1376285262,12,26
1376285323,12,26
1376285614,12,26
1376285676,12,26
1376285980,12,26
1376286030,12,26
1376286339,12,26
1376286382,12,26
1376286698,12,26
1376286736,12,26
1376286981,11,27
1376287051,10,28
1376287108,11,27
1376287195,10,28
1376287422,10,28
1376287469,10,28
1376287600,10,28
1376287611,11,27
1376287783,11,27
1376287797,11,27
1376288076,12,26
1376288135,12,26
1376288149,12,26
1376288442,11,27
1376288497,12,26
1376288511,13,25
1376288798,13,25
1376288860,13,25
1376288980,14,24
1376289157,15,23
1376289215,15,23
1376289330,17,21
1376289523,17,21
1376289576,18,20
1376289700,19,19
1376289709,20,18
1376289881,20,18
1376289922,21,17
1376290047,22,16
1376290169,23,15
1376290237,23,15
1376290294,22,16
1376290362,23,15
1376290411,25,13
1376290448,26,12
1376290602,26,12
1376290627,27,11
1376290883,28,10
1376290963,28,10
1376290980,30,8
1376291082,32,6
1376291319,32,6
1376291333,32,6
1376291404,31,7
1376291623,31,7
1376291672,32,6
1376291732,33,5
1376291857,33,5
1376291921,34,4
1376291977,35,3
1376292038,35,3
1376292130,34,4
1376292220,34,4
1376292234,35,3
1376292342,35,3
1376292393,35,3
1376292437,34,3
1376292571,33,4
1376292699,33,4
1376292752,34,3
1376292773,34,3
1376292861,35,2
1376293053,35,2
1376293114,36,2
1376293136,36,2
1376293354,36,2
1376293421,36,2
1376293450,36,2
1376293594,34,4
1376293783,33,4
1376293843,33,5
1376293846,34,4
1376293987,33,5
1376294048,32,6
1376294142,32,6
1376294156,32,6
1376294297,33,5
1376294372,35,3
1376294420,36,2
1376294494,37,1
1376294561,36,2
1376294671,34,4
1376294694,35,3
1376294800,35,3
1376294861,35,3
1376295026,34,4
1376295159,35,3
1376295214,36,2
1376295330,36,2
1376295523,36,2
1376295566,36,2
1376295882,36,2
1376295934,35,3
1376296235,35,3
1376296276,35,3
1376296320,35,3
1376296418,36,2
1376296494,37,1
1376296600,36,2
1376296625,36,2
1376296683,36,2
1376296772,36,2
1376296957,36,2
1376296977,36,2
1376297062,36,2
1376297317,36,2
1376297330,36,2
1376297621,36,2
1376297683,36,2
1376297833,35,3
1376297900,35,3
1376297974,35,3
1376298035,36,2
1376298340,36,2
1376298389,36,2
1376298697,36,2
1376298742,36,2
1376298866,36,2
1376298911,36,2
1376299056,36,2
1376299094,36,2
1376299423,36,2
1376299447,36,2
1376299600,36,2
1376299780,36,2
1376299799,36,2
1376300019,36,2
1376300043,36,2
1376300138,36,2
1376300152,36,2
1376300303,36,2
1376300377,36,2
1376300443,36,2
1376300491,36,2
1376300505,36,2
1376300615,36,2
1376300796,36,2
1376300858,36,2
1376301161,36,2
1376301212,36,2
1376301397,35,3
1376301441,33,5
1376301521,33,5
1376301565,33,5
1376301638,32,6
1376301662,33,5
1376301880,33,5
1376301918,33,5
1376302233,32,6
1376302270,32,6
1376302602,31,7
1376302622,31,7
1376302962,31,7
1376302976,31,7
1376303314,31,7
1376303327,31,7
1376303524,29,9
1376303619,29,9
1376303675,29,9
1376303732,30,8
1376303977,30,8
1376304038,30,8
1376304342,29,9
1376304391,29,9
1376304700,29,9
1376304744,29,9
1376304882,30,8
1376304885,29,9
1376305059,29,9
1376305096,29,9
1376305156,28,10
1376305267,27,11
1376305413,28,10
1376305450,28,10
1376305608,27,11
1376305783,27,11
1376305803,27,11
1376306021,27,11
1376306141,27,11
1376306155,27,11
1376306235,28,10
1376306288,27,11
1376306442,26,12
1376306495,26,12
1376306508,26,12
1376306628,25,13
1376306799,25,13
1376306861,25,13
1376306900,26,12
1376307043,25,13
1376307152,25,13
1376307214,25,13
1376307517,25,13
1376307566,25,13
1376307882,25,13
1376307920,25,13
1376307970,26,12
1376308008,25,13
1376308182,25,13
1376308235,24,14
1376308277,25,14
1376308592,25,14
1376308629,25,14
1376308962,25,14
1376308982,25,14
1376309249,26,13
1376309322,27,12
1376309381,27,12
1376309418,27,12
1376309451,27,12
1376309735,27,12
1376309759,27,12
1376309841,27,12
1376309899,28,11
1376309963,27,12
1376310014,28,11
1376310102,28,11
1376310114,29,10
1376310375,27,12
1376310463,27,12
1376310466,27,12
1376310631,28,11
1376310647,29,10
1376310818,29,10
1376311171,29,10
1376311254,30,9
1376311325,31,8
1376311543,30,9
1376311719,31,8
1376311902,30,9
1376311958,32,7
1376311992,32,7
1376312235,32,7
1376312346,33,6
1376312562,33,6
1376312588,33,6
1376312917,33,6
1376312941,33,6
1376313023,33,5
1376313101,33,5
1376313110,34,4
1376313282,34,4
1376313308,34,4
1376313377,33,5
1376313641,33,5
1376313661,33,5
1376313834,34,4
1376314000,34,4
1376314013,34,4
1376314213,35,3
1376314299,35,3
1376314352,35,3
1376314403,35,3
1376314460,36,2
1376314661,35,2
1376314724,35,3
1376314732,36,2
1376315072,36,2
1376315307,36,2
1376315382,36,2
1376315425,36,2
1376315741,36,2
1376315778,36,2
1376316094,36,2
1376316132,36,2
1376316280,33,5
1376316462,33,5
1376316485,33,5
1376316614,34,4
1376316684,35,3
1376316736,35,3
1376316822,35,3
1376316881,35,3
1376316941,37,1
1376316957,36,2
1376317177,36,2
1376317190,36,2
1376317333,35,3
1376317542,35,3
1376317543,35,3
1376317667,34,4
1376317756,33,5
1376317897,32,6
1376318250,31,7
1376318373,31,7
1376318387,30,8
1376318563,30,8
1376318603,30,8
1376318843,29,9
1376318919,29,9
1376318956,29,9
1376319032,30,8
1376319083,30,8
1376319271,30,8
1376319309,30,8
1376319426,29,9
1376319626,29,9
1376319676,28,10
1376319759,28,10
1376319814,29,9
1376320004,30,8
1376320061,29,9
1376320356,29,9
1376320458,28,10
1376320518,27,11
1376320718,26,12
1376320892,25,13
1376321063,25,13
1376321250,24,14
1376321362,25,13
1376321440,25,13
1376321503,26,12
1376321511,24,14
1376321585,23,15
1376321743,22,16
1376321770,22,16
1376321830,23,15
1376321874,22,16
1376321982,22,16
1376322099,21,17
1376322148,19,19
1376322169,18,20
1376322271,20,18
1376322357,21,17
1376322452,21,17
1376322511,20,18
1376322758,20,18
1376322823,19,19
1376322872,18,20
1376322910,17,21
1376322973,17,21
1376323054,17,21
1376323163,18,20
1376323189,18,20
1376323281,20,18
1376323327,20,18
1376323408,21,17
1376323541,21,17
1376323780,20,18
1376323893,18,20
1376323918,17,21
1376323974,17,21
1376324060,18,20
1376324106,17,21
1376324165,15,23
1376324248,15,23
1376324342,14,24
1376324559,13,25
1376324601,13,25
1376324666,12,26
1376324769,11,27
1376324845,9,29
1376324914,8,30
1376324954,8,30
1376325032,7,31
1376325281,7,31
1376325308,7,31
1376325560,7,31
1376325637,8,30
1376325668,9,29
1376325998,9,29
1376326021,9,29
1376326093,7,31
1376326234,6,32
1376326299,6,32
1376326350,7,31
1376326373,7,31
1376326568,6,32
1376326721,4,34
1376326770,2,36
1376327084,2,36
1376327435,2,36
1376327465,3,35
1376327790,2,36
1376327835,3,35
1376327909,3,35
1376328143,3,35
1376328204,2,36
1376328264,3,35
1376328402,4,34
1376328460,4,34
1376328501,5,33
1376328583,5,33
1376328693,4,34
1376328758,4,34
1376328796,4,34
1376328858,3,35
1376328945,2,35
1376329292,2,35
1376329310,2,35
1376329713,2,35
1376329760,2,35
1376330055,3,34
1376330099,2,35
1376330198,2,35
1376330239,2,35
1376330501,2,35
1376330530,2,35
1376330591,2,35
1376330743,2,35
1376330793,3,34
1376330859,2,35
1376330890,4,33
1376330992,3,34
1376331132,2,35
1376331214,2,35
1376331231,3,34
1376331440,4,33
1376331495,2,35
1376331600,2,35
1376332097,3,34
1376332232,2,35
1376332285,5,32
1376332320,4,33
1376332519,5,32
1376332578,4,33
1376332654,3,34
1376332753,4,33
1376332854,3,34
1376332944,2,35
1376333093,2,35
1376333368,2,35
1376333443,2,35
1376333495,2,35
1376333543,4,33
1376333612,2,35
1376334151,2,35
1376334211,3,34
1376334522,3,34
1376334583,2,35
1376334605,3,34
1376334994,4,33
1376335062,3,34
1376335281,2,35
1376335363,2,35
1376335396,4,33
1376335442,3,34
1376335522,4,33
1376335644,4,33
1376336069,4,33
1376336112,5,32
1376336212,4,33
1376336291,4,33
1376336458,2,35
1376337062,2,36
1376337501,3,35
1376337683,3,35
1376337936,2,36
1376338037,2,36
1376338390,2,36
1376338465,3,35
1376338648,2,36
1376338926,2,36
1376339185,3,35
1376339245,2,36
1376339503,4,34
1376339504,4,34
1376339585,5,33
1376339791,4,34
1376339981,2,36
1376340022,3,35
1376340101,4,34
1376340157,4,34
1376340766,4,34
1376340936,3,35
1376340953,2,36
1376341100,3,35
1376341211,3,35
1376341282,4,34
1376341481,5,33
1376341720,5,33
1376342359,6,32
1376342667,3,35
1376342698,2,36
1376342813,2,36
1376342914,3,35
1376343009,2,36
1376343223,2,36
1376343251,4,34
1376343334,4,34
1376343398,3,35
1376343619,3,35
1376344224,3,35
1376344411,2,36
1376344430,3,35
1376344559,2,36
1376344722,2,36
1376345002,3,35
1376345377,5,33
1376345674,5,33
1376345687,6,32
1376345941,5,33
1376346173,3,35
1376346613,2,36
1376346759,2,36
1376346777,3,35
1376346916,2,36
1376347242,2,36
1376347575,2,36
1376347900,2,36
1376347929,2,36
1376348282,2,36
1376348887,2,36
1376349042,2,36
1376349114,2,36
1376349177,3,35
1376349317,3,35
1376349555,4,34
1376349691,2,36
1376350295,2,36
1376350402,2,36
1376350457,3,35
1376350534,4,34
1376350782,3,35
1376350826,6,32
1376350864,5,33
1376350947,5,33
1376350965,7,31
1376351570,7,31
1376351793,7,31
1376351811,7,31
1376352275,8,30
1376352517,8,30
1376352988,8,31
1376353080,8,31
1376353168,9,30
1376353232,9,30
1376353587,9,30
1376353774,11,28
1376353939,11,28
1376354293,11,28
1376354438,10,29
1376354622,10,29
1376354645,10,29
1376354800,9,30
1376354975,9,30
1376354998,9,30
1376355328,9,30
1376355352,9,30
1376355695,9,30
1376355706,9,30
1376356060,10,29
1376356119,10,29
1376356155,10,29
1376356216,12,27
1376356415,12,27
1376356769,12,27
1376357122,12,27
1376357475,12,27
1376357802,12,27
1376357828,12,27
1376358157,12,27
1376358181,12,27
1376358574,12,27
1376358881,12,27
1376358888,12,27
1376359241,12,27
1376359594,12,27
1376359948,12,27
1376360301,12,27
1376360655,12,27
1376360982,12,27
1376361008,12,27
1376361337,12,27
1376361362,12,27
1376361692,12,27
1376361717,12,27
1376362046,12,27
1376362070,12,27
1376362423,12,27
1376362776,12,27
1376363130,12,27
1376363483,12,27
1376363589,11,28
1376363836,11,28
1376364190,11,28
1376364520,11,28
1376364543,11,28
1376364873,11,28
1376364897,11,28
1376365226,11,28
1376365249,11,28
1376365601,11,28
1376365603,11,28
1376365957,11,28
1376366313,12,27
1376366425,11,28
1376366667,11,28
1376367019,11,28
1376367373,11,28
1376367456,12,27
1376367703,12,27
1376367740,12,27
1376368056,12,27
1376368083,13,26
1376368410,13,26
1376368433,13,26
1376368766,14,25
1376368787,14,25
1376368958,14,25
1376368995,16,23
1376369140,16,23
1376369494,16,23
1376369847,16,23
1376370200,16,23
1376370554,16,23
1376370603,17,22
1376370745,18,21
1376370882,18,21
1376370907,18,21
1376371100,17,22
1376371236,17,22
1376371260,17,22
1376371505,18,21
1376371589,18,21
1376371613,18,21
1376371943,18,21
1376371966,18,21
1376372113,17,22
1376372320,17,22
1376372673,17,22
1376372782,18,21
1376373027,18,21
1376373380,17,22
1376373523,18,21
1376373733,18,21
1376374062,18,21
1376374087,17,22
1376374153,17,22
1376374208,18,21
1376374296,19,20
1376374340,19,20
1376374416,18,21
1376374440,18,21
1376374623,17,22
1376374770,17,22
1376374794,17,22
1376375144,17,22
1376375196,17,22
1376375242,17,22
1376375500,17,22
1376375623,17,22
1376375630,18,21
1376375853,18,21
1376375915,18,21
1376375983,18,21
1376376007,16,23
1376376096,16,23
1376376145,17,22
1376376209,17,22
1376376326,18,21
1376376513,20,19
1376376562,20,19
1376376618,21,18
1376376855,22,17
1376376930,22,17
1376377029,23,16
1376377075,22,17
1376377243,22,17
1376377269,22,17
1376377417,23,16
1376377598,24,15
1376377636,25,14
1376377824,26,13
1376377861,27,12
1376377951,26,13
1376378026,26,13
1376378041,27,12
1376378114,28,11
1376378188,27,12
1376378262,26,13
1376378323,28,11
1376378370,30,9
1376378556,29,10
1376378617,30,9
1376378682,31,8
1376378696,32,7
1376378922,32,7
1376378966,33,6
1376379036,33,6
1376379094,33,6
1376379120,34,5
1376379402,34,5
1376379564,34,5
1376379642,35,4
1376379656,35,4
1376379760,36,3
1376379768,37,2
1376380061,37,2
1376380109,36,3
1376380359,35,4
1376380423,34,5
1376380483,34,5
1376380491,35,4
1376380604,35,4
1376380705,35,4
1376380783,34,5
1376380816,35,4
1376380942,34,5
1376380993,34,5
1376381073,35,4
1376381132,34,5
1376381171,33,6
1376381403,32,7
1376381503,32,7
1376381524,32,7
1376381620,33,6
1376381706,33,6
1376381772,33,6
1376381863,33,6
1376381877,33,6
1376382216,33,6
1376382230,33,6
1376382520,33,6
1376382583,33,6
1376382643,34,5
1376382661,33,6
1376382874,33,6
1376382935,33,6
1376383239,33,6
1376383288,35,4
1376383504,36,3
1376383597,36,3
1376383640,36,3
1376383956,35,4
1376383994,35,4
1376384131,34,5
1376384187,35,4
1376384323,35,4
1376384347,35,4
1376384598,36,3
1376384680,34,5
1376384699,34,5
1376385039,34,5
1376385085,34,5
1376385158,33,6
1376385392,33,6
1376385405,33,6
1376385491,33,6
1376385696,33,6
1376385758,33,6
1376385838,35,4
1376386062,35,4
1376386110,35,4
1376386334,34,5
1376386420,34,5
1376386474,34,5
1376386523,35,4
1376386723,35,4
1376386778,35,4
1376386816,35,4
1376387134,35,4
1376387169,34,5
1376387227,34,5
1376387292,35,4
1376387360,34,5
1376387437,34,5
1376387502,34,5
1376387555,34,5
1376387735,33,6
1376387862,33,6
1376387874,32,7
1376387955,33,6
1376388165,33,6
1376388214,33,6
1376388227,33,6
1376388338,32,7
1376388518,32,7
1376388580,32,7
1376388612,31,8
1376388703,31,8
1376388705,30,9
1376388871,30,9
1376388933,30,9
1376388993,31,8
1376389120,32,7
1376389156,33,6
1376389244,33,6
1376389285,33,6
1376389361,32,7
1376389397,32,7
1376389601,32,7
1376389663,32,7
1376389694,31,8
1376389782,31,8
1376389837,31,8
1376389873,30,9
1376389954,30,9
1376389991,30,9
1376390060,30,9
1376390127,29,10
1376390157,30,9
1376390250,30,9
1376390323,30,9
1376390346,30,9
1376390420,31,8
1376390548,29,10
1376390683,30,9
1376390696,30,9
1376390791,29,10
1376390916,28,11
1376391035,28,11
1376391049,28,11
1376391111,27,12
1376391189,28,11
1376391340,28,11
1376391402,28,11
1376391562,28,11
1376391694,29,10
1376391754,30,9
1376391838,29,10
1376392062,29,10
1376392107,28,11
1376392303,28,11
1376392306,27,12
1376392423,27,12
1376392460,27,12
1376392526,28,11
1376392590,25,14
1376392780,24,14
1376392813,24,15
1376393143,24,15
1376393172,25,14
1376393274,26,13
1376393421,27,13
1376393494,25,15
1376393600,25,15
1376393643,26,14
1376393839,27,13
1376393909,26,14
1376394066,27,13
1376394149,27,13
1376394492,28,12
1376394577,27,13
1376394836,26,14
1376394942,26,14
1376394995,26,14
1376395009,25,15
1376395112,26,14
1376395378,25,15
1376395495,25,15
1376396099,25,15
1376396193,26,14
1376396222,27,13
1376396277,28,12
1376396756,29,11
1376397360,29,11
1376397619,30,10
1376397985,29,11
1376398265,30,10
1376398582,29,11
1376398701,30,10
1376399159,31,9
1376399263,31,9
1376399294,32,8
1376399494,31,9
1376399732,31,9
1376399784,32,8
1376399823,33,7
1376399923,32,8
1376400238,31,9
1376400343,31,9
1376400554,28,12
1376401158,28,12
1376401220,29,11
1376401756,29,11
1376401871,29,11
1376401990,30,10
1376402381,29,11
1376402398,29,11
1376402731,28,12
1376402903,29,11
1376403339,30,10
1376403743,31,9
1376403938,30,10
1376404017,29,11
1376404420,30,10
1376404469,28,12
1376404526,29,11
1376404698,29,11
1376404772,28,12
1376404801,29,11
1376404861,28,12
1376405161,27,13
1376405462,26,14
1376405821,25,15
1376405964,24,16
1376406042,25,15
1376406112,24,16
1376406318,23,17
1376406458,24,16
1376406483,25,15
1376406815,25,15
1376406846,26,14
1376406997,25,15
1376407007,25,15
1376407170,24,16
1376407215,23,17
1376407284,22,18
1376407661,22,18
1376407716,23,17
1376408021,22,18
1376408317,23,17
1376408604,24,16
1376408712,25,15
1376408803,25,15
1376408841,24,16
1376409027,25,15
1376409051,26,14
1376409161,24,16
1376409183,26,14
1376409504,27,13
1376409543,26,14
1376409738,27,13
1376409803,27,13
1376409985,26,14
1376410023,27,13
1376410138,25,15
1376410302,26,14
1376410325,26,14
1376410543,25,15
1376411140,23,17
1376411256,24,16
1376411372,23,17
1376411422,23,17
1376411459,24,16
1376411623,24,16
1376411838,22,18
1376412014,23,17
1376412355,22,18
1376412611,22,18
1376412698,21,19
1376412889,20,20
1376413029,19,21
1376413102,17,23
1376413170,15,25
1376413187,14,26
1376413287,14,26
1376413327,12,28
1376413413,10,30
1376413444,9,31
1376413541,8,32
1376413554,6,34
1376413656,5,35
1376413717,4,36
1376413878,2,38
1376414039,1,39
1376414263,1,39
1376414905,1,39
1376415032,1,39
1376415449,2,38
1376415469,1,39
1376415622,2,38
1376415684,1,39
1376415972,1,39
1376416026,2,38
1376416237,3,37
1376416337,4,36
1376416393,5,35
1376416578,3,37
1376416660,2,38
1376416683,3,37
1376416923,2,38
1376417012,1,39
1376417066,1,39
1376417085,2,38
1376417163,1,39
1376417306,2,38
1376417436,2,38
1376417455,3,37
1376417652,2,38
1376417792,2,38
1376417830,2,38
1376418006,1,39
1376418162,1,39
1376418278,1,39
1376418297,1,39
1376418384,1,39
1376418449,2,38
1376418516,1,39
1376419120,1,39
1376419296,1,39
1376419347,2,38
1376419374,1,39
1376419707,2,38
1376419796,1,39
1376420400,1,39
1376420862,2,38
1376420864,1,39
1376420957,2,38
1376421276,1,39
1376421318,1,39
1376421924,1,39
1376422301,3,37
1376422413,3,37
1376422452,1,39
1376422686,2,38
1376422840,2,38
1376422889,5,35
1376423113,4,36
1376423405,3,37
1376423535,4,36
1376423672,4,36
1376423690,5,35
1376423878,4,36
1376424042,3,37
1376424515,2,38
1376424815,2,38
1376424855,2,38
1376424941,2,38
1376424959,3,37
1376425424,1,39
1376425525,2,38
1376425574,1,39
1376425626,2,38
1376425713,3,37
1376426009,4,36
1376426545,3,37
1376426614,3,37
1376426638,4,36
1376426726,3,37
1376427330,3,37
1376427934,3,37
1376428273,2,38
1376428532,3,37
1376428751,4,36
1376428862,3,37
1376429000,3,37
1376429315,2,38
1376429655,3,37
1376429824,4,36
1376429923,2,37
1376429930,2,38
1376430133,1,39
1376430738,1,39
1376431109,1,39
1376431171,1,39
1376431777,1,39
1376432126,1,39
1376432145,2,38
1376432323,2,38
1376432342,3,37
1376432476,4,36
1376432714,3,37
1376432765,3,37
1376432847,3,37
1376432895,4,36
1376433499,4,36
1376434103,4,36
1376434206,3,37
1376434446,2,38
1376435049,2,38
1376435284,1,39
1376435353,2,38
1376435425,2,38
1376435553,2,38
1376435595,3,37
1376435728,3,37
1376435745,4,36
1376435873,3,37
1376436092,3,37
1376436137,6,34
1376436742,6,34
1376437166,7,33
1376437463,8,32
1376437973,7,33
1376438073,8,32
1376438678,8,32
1376438918,10,30
1376439136,9,31
1376439609,8,32
1376439750,7,33
1376440354,7,33
1376440541,7,33
1376440554,8,32
1376441159,8,32
1376441762,8,32
1376442366,8,32
1376442557,9,31
1376442606,10,30
1376443210,10,30
1376443814,10,30
1376443893,11,29
1376444497,11,29
1376444973,11,29
1376445578,11,29
1376446181,11,29
1376446785,11,29
1376447389,11,29
1376447993,11,29
1376448596,11,29
1376449200,11,29
1376449804,11,29
1376450408,11,29
1376451012,11,29
1376451615,11,29
1376452219,11,29
1376452696,12,28
1376453037,11,29
1376453642,11,29
1376454125,12,28
1376454729,12,28
1376455333,12,28
1376455937,12,28
1376456436,13,27
1376456739,13,27
1376456787,15,25
1376456809,14,26
1376457413,14,26
1376457722,15,25
1376458326,15,25
1376458929,15,25
1376459533,15,25
1376459622,14,26
1376459776,13,27
1376459907,14,26
1376460176,13,27
1376460581,13,27
1376460967,12,28
1376461182,11,29
1376461211,10,30
1376461245,10,30
1376461315,10,30
1376461380,11,29
1376461538,12,28
1376461652,12,28
1376461861,11,29
1376462465,11,29
1376462555,11,29
1376462568,12,28
1376463037,12,28
1376463084,14,26
1376463160,14,26
1376463208,14,26
1376463269,14,26
1376463343,16,24
1376463364,17,23
1376463515,18,22
1376463695,19,21
1376463760,18,22
1376463769,19,21
1376463872,21,19
1376464053,21,19
1376464098,23,17
1376464182,23,17
1376464243,23,17
1376464300,23,17
1376464344,23,17
1376464474,24,16
1376464577,23,17
1376464748,23,17
1376464986,24,16
1376465076,23,17
1376465114,23,17
1376465421,24,16
1376465636,25,15
1376465988,24,16
1376466212,24,16
1376466250,25,15
1376466461,24,15
1376466474,24,16
1376466669,26,14
1376467175,27,13
1376467200,26,14
1376467388,25,15
1376467540,27,13
1376467601,27,13
1376467604,26,14
1376467789,25,15
1376467893,26,14
1376467919,27,13
1376468067,28,12
1376468165,29,11
1376468455,30,10
1376468794,31,9
1376468859,30,10
1376468871,30,10
1376469234,29,11
1376469818,29,11
1376469828,30,10
1376470433,30,10
1376470690,30,10
1376470797,31,9
1376471119,30,10
1376471193,31,9
1376471290,32,8
1376471370,32,8
1376471438,32,8
1376471485,32,8
1376471679,32,8
1376471723,34,6
1376472071,34,6
1376472499,33,7
1376472643,33,7
1376472646,34,6
1376473250,34,6
1376473376,35,5
1376473557,34,6
1376473660,34,6
1376473688,36,4
1376473819,36,4
1376473882,35,5
1376473937,36,4
1376474290,36,4
1376474357,35,5
1376474668,34,6
1376474922,33,7
1376474924,32,8
1376475215,33,7
1376475284,33,7
1376475292,34,6
1376475390,33,7
1376475801,34,6
1376476045,35,5
1376476267,36,4
1376476424,37,3
1376476644,38,2
1376476709,38,2
1376476783,39,1
1376477144,38,2
1376477194,38,2
1376477210,38,2
1376477347,39,1
1376477578,38,2
1376477845,39,1
1376478043,39,1
1376478076,38,2
1376478121,37,3
1376478245,38,2
1376478398,37,3
1376478616,38,2
1376478703,39,1
1376478748,39,1
1376478931,39,1
1376479243,39,1
1376479246,40,0
1376479323,39,1
1376479541,38,2
1376479962,38,2
1376479992,39,1
1376480323,38,2
1376480343,37,3
1376480545,36,4
1376481149,36,4
1376481333,34,6
1376481415,35,5
1376481576,36,4
1376481921,38,2
1376481961,37,3
1376482228,36,4
1376482647,35,5
1376482750,34,6
1376482843,36,4
1376482895,37,3
1376482957,38,2
1376483017,37,3
1376483407,36,4
1376483481,37,3
1376483589,36,4
1376483733,36,4
1376483767,37,3
1376484033,38,2
1376484282,37,3
1376484290,38,2
1376484505,39,1
1376484599,38,2
1376485017,39,1
1376485240,39,1
1376485262,40,0
1376485331,40,0
1376485403,38,2
1376485442,39,1
1376485542,38,2
1376485708,39,1
1376485902,39,1
1376485905,38,2
1376486312,38,2
1376486338,39,1
1376486676,38,2
1376487125,39,1
1376487729,39,1
1376488113,38,2
1376488240,39,1
1376488410,40,0
1376488701,39,1
1376488842,40,0
1376489113,39,1
1376489716,38,2
1376489907,39,1
1376490087,40,0
1376490691,40,0
1376490990,40,0
1376491229,40,0
1376491838,40,0
1376491953,39,1
1376492418,40,0
1376492606,39,1
1376493211,39,1
1376493298,38,2
1376493464,37,2
1376493478,37,3
1376493634,35,5
1376493655,36,4
1376493811,37,3
1376493844,36,4
1376494050,35,5
1376494108,34,6
1376494152,35,5
1376494411,34,6
1376494543,33,7
1376494600,34,6
1376494740,33,7
1376494869,32,8
1376495049,33,7
1376495321,33,7
1376495515,32,8
1376495743,32,8
1376495746,31,9
1376496083,30,10
1376496145,31,9
1376496477,30,10
1376496570,31,9
1376496805,30,10
1376496928,28,12
1376497061,29,11
1376497227,28,12
1376497299,27,13
1376497338,28,12
1376497442,27,13
1376497633,26,14
1376497783,26,14
1376497797,24,16
1376497862,23,17
1376497953,24,16
1376498105,23,17
1376498302,21,19
1376498666,22,18
1376498779,22,18
1376498812,23,17
1376498877,22,18
1376499135,23,17
1376499213,22,18
1376499253,20,20
1376499763,21,19
1376499764,21,19
1376499878,21,19
1376499943,21,19
1376499958,19,21
1376500293,18,22
1376500536,19,21
1376500658,18,22
1376500672,19,21
1376500739,18,22
1376501065,19,21
1376501100,17,23
1376501307,14,26
1376501457,13,27
1376501553,12,28
1376501569,13,27
1376501669,10,30
1376501889,10,30
1376502090,9,31
1376502218,8,32
1376502234,7,33
1376502335,7,33
1376502374,9,31
1376502465,9,31
1376502611,7,33
1376502703,5,35
1376502757,5,35
1376502812,4,36
1376502916,1,39
1376503004,2,38
1376503005,2,38
1376503304,2,38
1376503307,1,39
1376503888,2,38
1376503961,3,37
1376504014,5,35
1376504054,4,36
1376504562,1,39
1376504617,1,39
1376504643,3,37
1376504709,3,37
1376504779,2,38
1376504854,1,39
1376504912,1,39
1376505517,1,39
1376505639,1,39
1376505656,1,39
1376505738,2,38
1376505810,2,38
1376505828,3,37
1376505891,2,38
1376505989,1,39
1376506357,1,39
1376506407,3,37
1376506639,3,37
1376506777,2,38
1376506869,1,39
1376507141,2,38
1376507160,3,37
1376507368,4,36
1376507456,3,37
1376507834,4,36
1376507922,3,37
1376508157,3,37
1376508202,4,36
1376508390,3,37
1376508511,3,37
1376508555,4,36
1376508642,4,36
1376508661,6,34
1376508749,7,33
1376508789,5,35
1376509321,6,34
1376509699,5,35
1376509769,5,35
1376509843,5,35
1376509858,6,34
1376510297,7,33
1376510418,7,33
1376511042,6,33
1376511096,5,35
1376511135,6,34
1376511222,4,36
1376511278,3,37
1376511296,4,36
1376511370,3,37
1376511452,2,38
1376511632,2,37
1376511649,3,36
1376511907,2,37
1376512139,1,38
1376512692,2,37
1376512775,2,37
1376512840,2,37
1376512992,3,36
1376513134,4,35
1376513161,5,34
1376513438,4,35
1376513476,5,34
1376514081,5,35
1376514610,6,34
1376514817,6,34
1376514846,8,32
1376514920,7,33
1376515031,6,34
1376515243,7,33
1376515419,5,35
1376515598,3,37
1376515658,5,35
1376515707,8,32
1376516170,9,31
1376516257,9,31
1376516266,11,29
1376516380,10,30
1376516411,11,29
1376516628,10,30
1376516741,11,29
1376516864,11,29
1376516873,12,28
1376517190,12,28
1376517281,12,28
1376517316,12,28
1376517376,13,27
1376517445,13,27
1376517492,15,25
1376517542,16,24
1376517803,14,26
1376517839,13,27
1376518181,12,28
1376518187,11,29
1376518531,12,28
1376518783,12,28
1376518953,11,28
1376519022,12,28
1376519025,11,29
1376519248,12,28
1376519503,10,30
1376519542,10,30
1376519579,11,29
1376519761,10,30
1376519872,9,31
1376520016,8,32
1376520117,9,31
1376520335,8,32
1376520454,9,31
1376520480,10,30
1376520714,9,31
1376520802,10,30
1376520880,12,28
1376520936,11,29
1376521298,10,30
1376521308,11,29
1376521482,13,27
1376521532,13,27
1376521559,12,28
1376522037,13,27
1376522119,12,28
1376522177,13,27
1376522281,12,28
1376522542,13,27
1376522590,12,28
1376522760,11,29
1376522957,12,28
1376523343,10,29
1376523354,10,30
1376523453,11,29
1376523547,10,30
1376523695,11,29
1376523762,12,28
1376523788,10,30
1376523983,11,29
1376524235,10,30
1376524296,11,29
1376524322,12,28
1376524401,12,28
1376524452,14,26
1376524544,14,26
1376524590,15,25
1376524624,14,26
1376524672,14,26
1376524771,15,25
1376524902,16,24
1376524946,16,24
1376525228,17,23
1376525496,20,20
1376525544,21,19
1376525924,21,19
1376525967,23,17
1376526009,22,18
1376526444,22,18
1376526530,21,19
1376526752,21,19
1376526773,21,19
1376526870,21,19
1376526940,21,19
1376526991,22,18
1376527295,21,19
1376527417,23,17
1376527819,22,18
1376528423,22,18
1376528833,23,17
1376529436,23,17
1376530040,23,17
1376530644,23,17
1376531372,23,17
1376531641,22,18
1376532245,22,18
1376532849,22,18
1376533452,22,18
1376534056,22,18
1376534260,20,20
1376534310,20,20
1376534337,21,19
1376534942,21,19
1376535545,21,19
1376536149,21,19
1376536753,21,19
1376537299,20,20
1376537903,20,20
1376538429,21,19
1376538971,22,18
1376539575,22,18
1376540179,22,18
1376540457,23,17
1376540939,21,19
1376541158,22,18
1376541762,22,18
1376541777,23,17
1376542398,22,18
1376542691,23,17
1376543321,23,17
1376543362,25,15
1376543966,25,15
1376544487,24,16
1376544696,25,15
1376545300,25,15
1376545903,25,15
1376546507,25,15
1376546982,25,15
1376546984,24,16
1376547461,24,16
1376547464,23,17
1376547686,23,17
1376547987,22,18
1376548591,22,18
1376549195,22,18
1376549586,21,19
1376550191,21,19
1376550282,22,18
1376550886,22,18
1376550947,21,19
1376551170,22,18
1376551314,21,19
1376551917,21,19
1376552521,21,19
1376552593,20,20
1376553011,21,19
1376553152,20,20
1376553638,20,20
1376553647,21,19
1376554044,23,17
1376554648,23,17
1376554824,24,16
1376554861,25,15
1376555194,26,14
1376555260,27,13
1376555322,27,13
1376555324,28,12
1376555710,27,13
1376556183,26,14
1376556360,26,14
1376556434,25,15
1376556498,25,15
1376556552,26,14
1376556634,27,13
1376556688,27,13
1376556737,28,12
1376556768,27,13
1376556896,26,14
1376556974,27,13
1376557596,26,14
1376557821,27,13
1376558426,27,13
1376558608,29,11
1376558732,27,13
1376558749,28,12
1376558830,27,13
1376559150,26,14
1376559183,27,13
1376559256,28,12
1376559609,27,13
1376559920,29,11
1376560194,30,10
1376560477,29,11
1376560917,30,10
1376560977,31,9
1376561157,30,10
1376561456,31,9
1376562057,30,10
1376562582,30,10
1376562585,31,9
1376562821,28,12
1376562942,28,12
1376562959,29,11
1376563175,27,13
1376563301,28,12
1376563422,28,12
1376563470,27,13
1376563534,27,13
1376563626,27,13
1376563695,27,13
1376563756,27,13
1376563892,28,12
1376564369,25,15
1376564618,26,14
1376564708,27,13
1376564849,28,12
1376565163,28,12
1376565169,30,10
1376565262,29,11
1376565362,28,12
1376565762,28,12
1376565823,28,12
1376565826,29,11
1376565942,28,12
1376566002,27,13
1376566005,28,12
1376566076,29,11
1376566540,28,12
1376566563,29,11
1376567023,28,12
1376567066,29,11
1376567195,28,12
1376567253,27,13
1376567288,26,14
1376567631,26,14
1376568235,26,14
1376568289,25,15
1376568396,25,15
1376568430,26,14
1376568691,25,15
1376568963,26,14
1376569183,26,14
1376569237,27,13
1376569261,26,14
1376569388,27,13
1376569506,28,12
1376569580,27,13
1376569866,28,12
1376569971,27,13
1376570070,28,12
1376570388,27,13
1376570788,26,14
1376570840,25,15
1376570889,24,16
1376570933,25,15
1376571000,26,14
1376571208,26,14
1376571234,26,14
1376571311,26,14
1376571358,24,16
1376571440,24,16
1376571508,21,19
1376571742,23,17
1376571921,23,17
1376571982,24,16
1376572047,23,17
1376572096,24,16
1376572242,24,16
1376572293,24,16
1376572897,24,16
1376573252,23,17
1376573277,24,16
1376573495,23,17
1376573676,22,18
1376573694,21,19
1376573840,22,18
1376574162,22,18
1376574219,23,17
1376574282,26,14
1376574333,28,12
1376574397,28,12
1376574406,29,11
1376574641,30,10
1376574743,30,10
1376574805,31,9
1376575414,30,10
1376575575,29,11
1376575618,30,10
1376575900,32,8
1376576188,32,8
1376576341,31,9
1376576433,32,8
1376576579,31,9
1376576656,30,10
1376576825,31,9
1376576908,32,8
1376577022,33,7
1376577088,33,7
1376577159,33,7
1376577199,33,7
1376577413,34,6
1376577576,33,7
1376577609,34,6
1376577691,33,7
1376577843,34,6
1376577937,35,5
1376578070,34,6
1376578214,36,4
1376578348,36,4
1376578404,33,7
1376578468,32,8
1376578503,33,7
1376578623,32,8
1376578718,32,8
1376578760,32,8
1376578827,32,8
1376578901,32,8
1376578930,36,4
1376578967,35,5
1376579222,34,6
1376579306,33,7
1376579427,34,6
1376579473,33,7
1376579528,32,8
1376579658,33,7
1376579694,34,6
1376580069,35,5
1376580355,36,4
1376580436,34,6
1376580936,34,6
1376581265,33,7
1376581350,31,9
1376581691,32,8
1376581803,33,7
1376581891,32,8
1376582017,31,9
1376582037,30,10
1376582172,31,9
1376582236,30,10
1376582522,31,9
1376582792,33,7
1376583037,34,6
1376583047,35,5
1376583431,34,6
1376583754,34,6
1376583919,34,6
1376583984,35,5
1376584056,36,4
1376584069,36,4
1376584242,36,4
1376584244,37,3
1376584318,38,2
1376584478,39,1
1376585082,39,1
1376585175,38,2
1376585245,36,4
1376585285,36,4
1376585362,35,5
1376585472,34,6
1376585526,34,6
1376585902,32,8
1376585977,31,9
1376586115,31,9
1376586222,31,9
1376586227,29,11
1376586324,28,12
1376586510,29,10
1376586574,30,9
1376586611,28,11
1376586683,26,13
1376586755,28,11
1376586824,28,11
1376586882,29,10
1376586943,30,10
1376586999,29,11
1376587008,30,10
1376587118,31,9
1376587170,31,9
1376587258,32,8
1376587308,33,7
1376587412,32,8
1376587444,32,8
1376587498,33,7
1376587622,34,6
1376587841,32,8
1376587857,32,8
1376587962,31,9
1376588054,30,10
1376588458,29,11
1376588527,29,11
1376588663,31,9
1376588809,30,10
1376589024,29,11
1376589215,29,11
1376589230,29,11
1376589343,28,12
1376589471,27,13
1376589550,26,14
1376589639,24,16
1376589690,23,17
1376589763,23,17
1376589811,22,18
1376589855,21,19
1376589943,21,19
1376589985,19,21
1376590026,20,20
1376590128,19,21
1376590408,18,22
1376590661,18,22
1376590706,18,22
1376590879,17,23
1376590953,15,25
1376591066,16,24
1376591179,15,25
1376591553,16,24
1376591611,15,25
1376591626,15,25
1376591782,14,26
1376592014,11,29
1376592336,11,29
1376592385,11,29
1376592415,11,29
1376592514,13,27
1376592531,12,28
1376592652,11,29
1376592921,9,31
1376592973,8,32
1376593114,8,32
1376593251,7,33
1376593359,5,35
1376593368,4,36
1376593566,5,35
1376593688,4,36
1376593788,3,37
1376593880,3,37
1376593908,5,35
1376593979,4,36
1376594198,2,38
1376594497,2,38
1376594512,4,36
1376594801,3,36
1376594834,2,38
1376594921,2,38
1376594967,3,37
1376595042,3,37
1376595076,4,36
1376595211,5,35
1376595235,4,36
1376595730,5,35
1376595880,4,36
1376595968,3,37
1376596063,4,36
1376596091,3,37
1376596298,4,36
1376596342,3,37
1376596600,4,36
1376596800,3,37
1376597127,2,38
1376597378,2,37
1376597388,2,38
1376597798,3,37
1376597854,4,36
1376597919,3,37
1376597972,1,39
1376598029,1,39
1376598084,1,39
1376598112,1,39
1376598194,1,39
1376598280,1,39
1376598884,1,39
1376598967,1,39
1376599184,1,39
1376599235,3,37
1376599298,1,39
1376599834,1,39
1376599892,1,39
1376599925,1,39
1376600016,1,39
1376600621,1,39
1376601225,1,39
1376601583,1,39
1376601634,4,36
1376601663,5,35
1376601823,5,35
1376601874,6,34
1376601984,5,35
1376602172,4,36
1376602361,3,37
1376602520,3,37
1376603023,3,37
1376603041,4,36
1376603289,5,35
1376603621,6,34
1376603676,5,35
1376603730,6,34
1376604045,6,34
1376604261,7,33
1376604418,6,34
1376604929,7,33
1376604957,6,34
1376605054,7,33
1376605098,7,33
1376605133,8,32
1376605291,8,32
1376605361,8,32
1376605369,9,31
1376605543,9,31
1376605554,10,30
1376605717,11,29
1376605727,12,28
1376606031,11,29
1376606268,10,30
1376606547,9,31
1376606673,7,33
1376606804,7,33
1376606839,7,33
1376606879,8,32
1376607188,8,32
1376607244,8,32
1376607416,9,31
1376607576,7,33
1376607723,7,33
1376607806,5,35
1376607835,5,35
1376608043,6,34
1376608103,6,34
1376608542,7,33
1376608554,8,32
1376608660,7,33
1376608681,6,34
1376609166,7,33
1376609443,5,34
1376609452,5,35
1376609579,6,34
1376609713,7,33
1376610117,6,34
1376610396,7,33
1376611000,7,33
1376611183,7,33
1376611235,8,32
1376611839,8,32
1376612194,7,33
1376612798,7,33
1376612883,8,32
1376613248,7,33
1376613853,7,33
1376614299,7,33
1376614317,8,32
1376614921,8,32
1376615012,7,33
1376615321,7,33
1376615324,6,34
1376615494,5,35
1376616098,5,35
1376616567,3,37
1376616629,3,37
1376616684,5,35
1376617045,6,34
1376617775,6,34
1376618379,6,34
1376618909,5,35
1376619269,4,36
1376619873,4,36
1376620476,4,36
1376621080,4,36
1376621684,4,36
1376622043,4,36
1376622058,5,35
1376622663,5,35
1376622816,4,36
1376623419,4,36
1376624023,4,36
1376624075,4,36
1376624134,6,34
1376624188,6,34
1376624792,6,34
1376624882,7,33
1376625486,7,33
1376626090,7,33
1376626694,7,33
1376627297,7,33
1376627901,7,33
1376628260,8,32
1376628878,9,31
1376629483,9,31
1376629756,9,31
1376629806,9,31
1376629938,10,30
1376630542,10,30
1376631146,10,30
1376631253,11,29
1376631454,12,28
1376632058,12,28
1376632662,12,28
1376633295,11,29
1376633914,12,28
1376634517,12,28
1376634736,9,31
1376635120,9,31
1376635147,11,29
1376635522,12,28
1376635568,12,28
1376635761,14,26
1376635843,15,25
1376635844,15,25
1376635996,14,26
1376636136,14,26
1376636192,15,25
1376636437,17,23
1376637041,17,23
1376637522,17,23
1376637533,18,22
1376637710,17,23
1376637770,16,24
1376638269,17,23
1376638406,19,21
1376638603,19,21
1376638614,20,20
1376638794,21,19
1376639106,22,18
1376639498,22,18
1376639508,23,17
1376639747,24,16
1376639971,24,16
1376640019,25,15
1376640163,24,16
1376640768,24,16
1376641293,24,16
1376641420,28,12
1376641484,28,12
1376641514,28,12
1376641548,29,11
1376641782,29,11
1376641839,29,11
1376642302,28,12
1376642412,29,11
1376642569,28,12
1376642675,30,10
1376642722,29,11
1376642765,31,9
1376642862,32,8
1376642864,31,9
1376643369,32,8
1376643485,31,9
1376643978,32,8
1376644138,31,9
1376644190,30,10
1376644414,29,11
1376644721,29,11
1376644730,30,10
1376644919,31,9
1376645383,31,9
1376645439,32,8
1376645468,31,9
1376645707,31,9
1376645859,30,10
1376645901,30,9
1376646068,30,9
1376646143,29,10
1376646190,30,9
1376646262,30,9
1376646289,30,9
1376646402,30,9
1376646421,31,8
1376646791,31,8
1376646952,32,7
1376647048,32,7
1376647069,31,8
1376647172,30,9
1376647301,29,10
1376647359,29,10
1376647842,28,10
1376647901,29,10
1376647936,30,9
1376648042,28,11
1376648253,29,10
1376648480,28,11
1376648683,27,12
1376648687,25,14
1376648770,25,14
1376648861,25,14
1376648879,25,14
1376648966,24,15
1376649131,23,16
1376649224,23,16
1376649226,22,17
1376649389,21,18
1376649457,20,19
1376649484,19,20
1376649563,18,21
1376649612,17,22
1376649784,16,23
1376649859,15,24
1376649968,14,25
1376650572,14,25
1376650709,15,24
1376650749,14,25
1376651073,15,24
1376651351,13,26
1376651430,12,26
1376651468,12,26
1376651621,12,26
1376651624,11,27
1376651798,11,27
1376651821,11,27
1376651909,12,26
1376651979,11,27
1376652160,11,27
1376652175,11,27
1376652251,10,28
1376652298,9,29
1376652351,9,29
1376652514,9,29
1376652577,9,29
1376652593,10,28
1376652819,10,28
1376652871,11,27
1376652939,9,29
1376653055,10,28
1376653175,9,29
1376653240,10,28
1376653542,10,28
1376653592,10,28
1376653657,11,27
1376653714,11,27
1376653895,10,28
1376653945,10,28
1376654259,10,28
1376654298,10,28
1376654616,10,28
1376654654,11,27
1376654984,11,27
1376655007,11,27
1376655082,12,26
1376655336,12,26
1376655360,12,26
1376655512,12,26
1376655544,12,26
1376655629,13,25
1376655698,13,25
1376655751,13,25
1376655814,15,24
1376655879,17,22
1376655938,16,23
1376656004,18,22
1376656021,19,21
1376656357,18,22
1376656369,19,21
1376656582,19,21
1376656637,19,21
1376656720,19,21
1376656758,19,21
1376656841,21,19
1376657369,20,20
1376657502,22,18
1376657553,21,19
1376657613,22,18
1376657677,21,19
1376658281,21,19
1376658453,21,19
1376658633,22,18
1376658783,21,19
1376658929,20,20
1376659103,21,19
1376659360,21,19
1376659411,22,18
1376659502,22,18
1376659548,22,18
1376659644,23,17
1376659783,24,16
1376659840,24,16
1376659901,24,16
1376659963,24,16
1376660019,23,17
1376660083,23,17
1376660132,23,17
1376660200,23,17
1376660262,23,17
1376660322,23,17
1376660378,23,17
1376660443,23,17
1376660501,23,17
1376660559,23,17
1376660619,23,17
1376660657,23,17
1376660734,21,19
1376660833,21,19
1376660872,21,19
1376661209,20,20
1376661370,19,21
1376661438,19,21
1376661524,20,20
1376661550,21,19
1376661643,22,18
1376661701,21,19
1376661711,22,18
1376661882,23,17
1376662063,23,17
1376662066,22,18
1376662286,21,19
1376662452,22,18
1376662532,22,18
1376662603,22,18
1376662612,23,17
1376662842,24,16
1376663001,25,15
1376663080,26,14
1376663253,27,13
1376663346,28,12
1376663420,29,11
1376663533,30,10
1376663992,29,11
1376664104,28,12
1376664124,29,11
1376664268,28,12
1376664421,29,11
1376664861,28,12
1376665094,29,11
1376665157,26,14
1376665295,25,15
1376665532,25,15
1376665654,24,16
1376665761,25,15
1376665842,25,15
1376665845,26,14
1376666062,26,14
1376666094,27,13
1376666225,26,14
1376666766,25,15
1376667079,26,14
1376667159,25,15
1376667167,26,14
1376667402,26,14
1376667433,24,16
1376667494,26,14
1376667584,26,14
1376667626,26,14
1376667701,25,15
1376667755,23,17
1376667823,22,18
1376667932,22,18
1376668065,22,18
1376668105,22,18
1376668227,23,17
1376668299,23,17
1376668340,24,16
1376668406,23,17
1376668565,22,18
1376668803,21,19
1376668936,20,20
1376669006,21,19
1376669158,20,20
1376669254,22,18
1376669309,22,18
1376669332,23,17
1376669400,22,18
1376670004,22,18
1376670113,21,19
1376670403,20,20
1376670460,22,18
1376670513,20,20
1376670549,19,21
1376670657,20,20
1376670879,18,22
1376670891,19,21
1376671001,16,24
1376671062,16,24
1376671121,15,25
1376671125,13,27
1376671291,11,29
1376671352,11,29
1376671366,12,28
1376671711,10,30
1376671860,9,31
1376672042,10,30
1376672197,9,31
1376672236,8,32
1376672531,7,33
1376672572,6,34
1376672856,7,33
1376672983,7,33
1376673040,9,31
1376673093,9,31
1376673131,7,33
1376673454,8,32
1376673517,7,33
1376673564,10,30
1376673785,9,31
1376674238,9,31
1376674304,6,34
1376674363,6,34
1376674417,5,35
1376674477,6,34
1376674543,5,35
1376674597,5,35
1376674658,5,35
1376674724,3,37
1376674782,3,37
1376674830,3,37
1376674893,3,37
1376674961,2,38
1376675024,2,38
1376675077,2,38
1376675127,2,38
1376675193,3,37
1376675254,3,37
1376675283,3,37
1376675484,2,38
1376675679,2,38
1376675720,2,38
1376676123,1,39
1376676728,1,39
1376677061,2,38
1376677111,2,38
1376677129,3,37
1376677289,1,39
1376677894,1,39
1376677963,2,38
1376678021,2,38
1376678056,3,37
1376678200,3,37
1376678261,2,38
1376678317,1,39
1376678379,1,39
1376678444,2,38
1376678454,2,38
1376678618,1,39
1376678684,2,38
1376678784,2,38
1376678855,3,37
1376678872,4,36
1376678951,5,35
1376679035,4,36
1376679061,2,38
1376679126,3,37
1376679207,2,38
1376679335,2,38
1376679403,2,38
1376679437,1,39
1376679745,2,38
1376679801,2,38
1376679831,1,39
1376680436,1,39
1376680526,1,39
1376680555,2,38
1376680661,1,39
1376680767,3,37
1376680836,3,37
1376680853,2,38
1376681181,3,37
1376681224,4,36
1376681533,3,37
1376681629,2,38
1376681934,1,39
1376682399,1,39
1376682451,1,39
1376682633,1,39
1376683232,1,39
1376683251,2,38
1376683539,2,38
1376683603,2,38
1376683652,3,37
1376683669,4,36
1376683783,3,37
1376683807,2,38
1376684230,1,39
1376684619,1,39
1376684638,2,38
1376684860,2,38
1376684908,2,38
1376684941,2,38
1376685199,3,37
1376685281,3,37
1376685285,2,38
1376685695,3,37
1376686063,4,36
1376686182,3,37
1376686198,4,36
1376686685,3,37
1376686995,4,36
1376687358,5,35
1376687473,4,36
1376687623,3,37
1376687660,4,36
1376687716,3,37
1376687785,2,38
1376688402,3,37
1376688455,4,36
1376688525,4,36
1376688553,4,36
1376688639,3,37
1376688676,5,35
1376688824,5,35
1376688866,3,37
1376689236,2,38
1376689840,2,38
1376690144,2,38
1376690275,1,39
1376690545,1,39
1376690612,2,38
1376690681,2,38
1376690727,4,36
1376690794,5,35
1376690829,6,34
1376690922,6,34
1376690944,7,33
1376691055,6,34
1376691163,9,31
1376691200,12,28
1376691300,11,29
1376691387,10,30
1376691700,10,30
1376691763,11,29
1376691976,12,28
1376692580,12,28
1376692961,14,26
1376692996,15,25
1376693105,14,26
1376693346,14,26
1376693623,14,26
1376693661,16,24
1376693786,16,24
1376693849,17,23
1376693873,18,22
1376693972,20,20
1376694043,22,18
1376694089,24,16
1376694157,26,14
1376694221,26,14
1376694278,26,14
1376694332,29,11
1376694386,27,13
1376694523,30,10
1376694942,29,11
1376694950,30,10
1376695482,29,10
1376695715,29,10
1376695827,29,10
1376695943,30,9
1376696004,31,8
1376696407,30,9
1376696555,28,11
1376696972,30,9
1376697082,30,10
1376697260,31,9
1376697314,31,9
1376697397,33,7
1376697700,33,6
1376697722,33,6
1376697882,32,7
1376697994,33,7
1376698060,33,7
1376698098,35,5
1376698702,35,5
1376699306,35,5
1376699909,35,5
1376700255,33,7
1376700412,32,8
1376700723,33,7
1376700825,33,7
1376700854,33,7
1376700935,33,7
1376701004,34,6
1376701008,33,7
1376701120,33,7
1376701128,34,6
1376701338,34,6
1376701703,34,6
1376701841,35,5
1376701954,35,5
1376701999,35,5
1376702025,35,5
1376702139,35,5
1376702174,35,5
1376702432,35,5
1376702467,35,5
1376702640,35,5
1376702745,35,5
1376702922,36,4
1376703128,37,3
1376703253,37,3
1376703339,36,4
1376703365,36,4
1376703428,37,3
1376703535,37,3
1376703607,37,3
1376703703,35,4
1376703733,36,4
1376703878,36,4
1376703890,37,3
1376704175,37,3
1376704276,37,3
1376704390,37,3
1376704513,37,3
1376705118,37,3
1376705182,38,2
1376705786,38,2
1376706278,38,2
1376706316,38,2
1376706457,39,1
1376707062,39,1
1376707659,35,4
1376707674,35,5
1376708279,35,5
1376708882,35,5
1376708953,36,4
1376709211,35,5
1376709815,35,5
1376710419,35,5
1376711023,35,5
1376711611,36,4
1376711864,36,4
1376711873,37,3
1376712367,38,2
1376712972,38,2
1376713575,38,2
1376714179,38,2
1376714683,37,3
1376714712,36,4
1376715316,36,4
1376715584,36,4
1376715587,37,3
1376716191,37,3
1376716794,37,3
1376717398,37,3
1376717724,36,4
1376718328,36,4
1376718653,35,5
1376719181,35,5
1376719244,37,3
1376719273,37,3
1376719877,37,3
1376720427,38,2
1376721031,38,2
1376721635,38,2
1376722239,38,2
1376722649,39,1
1376722682,38,2
1376723286,38,2
1376723890,38,2
1376724493,38,2
1376725097,38,2
1376725244,38,2
1376725247,37,3
1376725641,37,3
1376725913,38,2
1376726516,38,2
1376726668,37,3
1376726849,38,2
1376727454,38,2
1376727542,38,2
1376728145,38,2
1376728542,37,3
1376728591,37,3
1376728616,37,3
1376728725,37,3
1376728751,38,2
1376729013,39,1
1376729055,38,2
1376729290,37,3
1376729369,38,2
1376729973,38,2
1376730577,38,2
1376731181,38,2
1376731372,37,3
1376731469,37,3
1376731497,37,3
1376731805,36,4
1376731920,36,4
1376731978,36,4
1376732071,38,2
1376732114,36,4
1376732310,35,5
1376732443,36,4
1376732446,35,5
1376732595,36,4
1376732744,36,4
1376732756,37,3
1376733006,37,3
1376733149,36,4
1376733753,36,4
1376733792,35,5
1376733996,33,7
1376734170,35,5
1376734656,35,5
1376734719,36,4
1376734749,34,6
1376734833,35,5
1376734865,36,4
1376735416,37,3
1376736020,37,3
1376736247,37,3
1376736341,37,3
1376736375,36,4
1376736582,36,4
1376737187,36,4
1376737389,35,5
1376737773,36,4
1376737830,35,5
1376738315,36,4
1376738522,37,3
1376738758,36,4
1376738864,36,4
1376738866,35,5
1376739470,35,5
1376739693,34,6
1376739795,33,7
1376739942,31,9
1376739997,32,8
1376740121,32,8
1376740180,32,8
1376740784,32,8
1376741235,33,7
1376741390,32,8
1376741503,32,8
1376741559,31,9
1376741607,32,8
1376741684,32,8
1376741687,33,7
1376742291,33,7
1376742611,34,6
1376742701,32,8
1376743031,31,9
1376743240,31,9
1376743302,33,7
1376743364,34,6
1376743409,35,5
1376743469,35,5
1376743529,35,5
1376743604,35,5
1376743665,35,5
1376743685,35,5
1376744016,36,4
1376744248,34,6
1376744408,35,5
1376745011,35,5
1376745154,34,6
1376745239,33,7
1376745392,34,6
1376745464,34,6
1376745467,35,5
1376746063,36,4
1376746359,37,3
1376746724,36,4
1376746732,37,3
1376746889,37,3
1376746967,37,3
1376747193,36,4
1376747443,35,5
1376747516,35,5
1376747619,35,5
1376747628,36,4
1376747857,37,3
1376748274,36,4
1376748306,37,3
1376748457,37,3
1376748516,37,3
1376748580,35,5
1376748609,36,4
1376748703,36,4
1376748706,35,5
1376748814,35,5
1376748940,36,4
1376748950,37,3
1376749344,38,2
1376749379,37,3
1376749876,37,3
1376749947,37,3
1376749982,37,3
1376750492,37,3
1376750766,37,3
1376751093,36,4
1376751403,36,4
1376751406,37,3
1376751705,36,4
1376751707,37,3
1376751866,36,4
1376752117,37,3
1376752664,37,3
1376752667,36,4
1376752766,36,4
1376752883,37,3
1376753009,34,6
1376753057,34,6
1376753139,33,7
1376753201,33,7
1376753383,32,8
1376753405,31,9
1376753500,30,10
1376753538,30,10
1376753577,28,12
1376753719,27,13
1376753975,28,12
1376754100,26,14
1376754164,27,13
1376754470,27,13
1376754574,27,13
1376754703,26,14
1376754732,26,14
1376754930,25,15
1376755345,24,16
1376755402,23,17
1376755639,24,16
1376755899,25,15
1376755918,26,14
1376755986,27,13
1376756082,28,12
1376756097,27,13
1376756217,28,12
1376756300,28,12
1376756365,29,11
1376756393,28,12
1376756448,27,13
1376756545,28,12
1376756646,27,13
1376756734,27,13
1376757123,26,14
1376757210,27,13
1376757255,28,12
1376757556,29,11
1376757622,30,10
1376757763,30,10
1376757814,30,10
1376757829,29,11
1376757998,28,12
1376758177,27,13
1376758343,25,15
1376758400,24,16
1376758483,25,15
1376758655,22,18
1376758728,21,19
1376758845,20,20
1376758898,20,20
1376758978,20,20
1376759074,20,20
1376759144,21,19
1376759203,22,18
1376759299,21,19
1376759444,20,20
1376759447,21,19
1376759602,20,20
1376759744,19,21
1376759853,21,19
1376759925,20,20
1376759968,20,20
1376760197,19,21
1376760433,17,23
1376760503,15,25
1376760607,14,26
1376760668,13,27
1376760855,12,28
1376761097,12,28
1376761484,11,29
1376761519,10,30
1376761902,9,31
1376761940,10,30
1376762204,10,30
1376762206,9,31
1376762359,8,32
1376762398,7,33
1376762744,7,33
1376762746,6,34
1376762840,5,35
1376762887,4,36
1376762950,3,37
1376763110,2,38
1376763568,2,38
1376763643,3,37
1376763677,5,35
1376763823,5,35
1376763924,2,38
1376764049,2,38
1376764098,2,38
1376764460,1,39
1376764533,1,39
1376764552,2,38
1376764719,2,38
1376764737,3,37
1376764954,1,39
1376765410,2,38
1376765479,3,37
1376765563,1,39
1376765610,2,38
1376765742,2,38
1376765799,2,38
1376766040,1,39
1376766095,1,39
1376766161,2,38
1376766223,3,37
1376766257,5,35
1376766331,4,36
1376766401,3,37
1376766463,2,38
1376766503,1,39
1376766824,2,38
1376766865,3,37
1376767054,4,36
1376767304,5,35
1376767306,5,35
1376767663,4,36
1376767708,3,37
1376767874,4,36
1376767938,3,37
1376768013,4,36
1376768103,5,35
1376768193,5,35
1376768231,7,33
1376768301,5,35
1376768379,5,35
1376768414,9,31
1376768527,8,32
1376768678,7,33
1376768717,6,34
1376768826,7,33
1376768870,6,34
1376769097,6,34
1376769112,7,33
1376769280,7,33
1376769330,8,32
1376769400,7,33
1376769578,8,32
1376769764,7,33
1376769823,7,33
1376769861,8,32
1376770241,7,33
1376770302,9,31
1376770322,10,30
1376770704,8,32
1376770750,9,31
1376770903,9,31
1376770916,10,30
1376770988,11,29
1376771316,11,29
1376771381,11,29
1376771510,10,30
1376771586,10,30
1376771682,9,31
1376771693,10,30
1376772162,11,29
1376772221,9,31
1376772524,9,31
1376772562,7,33
1376772724,7,33
1376772816,6,34
1376772883,5,35
1376772897,3,37
1376772990,2,38
1376773277,1,39
1376773483,1,39
1376773508,1,39
1376773566,2,38
1376773662,2,38
1376773720,4,36
1376773882,3,37
1376774008,4,36
1376774253,3,37
1376774323,1,39
1376774915,2,38
1376775021,1,39
1376775343,1,39
1376775346,2,38
1376775937,2,38
1376775971,3,37
1376776060,3,37
1376776098,4,36
1376776205,5,35
1376776811,5,35
1376777041,4,36
1376777255,5,35
1376777418,4,36
1376777674,3,37
1376777983,3,37
1376778266,2,38
1376778325,4,36
1376778364,3,37
1376778985,1,39
1376779589,1,39
1376779811,2,38
1376779998,2,38
1376780081,3,37
1376780186,4,36
1376780307,4,36
1376780351,5,35
1376780788,5,34
1376780814,6,34
1376781023,7,33
1376781542,8,32
1376781757,7,33
1376781812,7,33
1376781980,7,33
1376782325,6,34
1376782418,8,32
1376782477,8,32
1376782490,9,31
1376782643,8,32
1376783264,8,32
1376783267,7,33
1376783660,7,33
1376783850,6,34
1376783921,7,33
1376783980,9,31
1376784011,9,31
1376784088,9,31
1376784152,9,31
1376784183,10,30
1376784281,10,30
1376784303,10,30
1376784395,12,28
1376784457,13,27
1376784493,12,28
1376784545,12,28
1376784699,13,27
1376784760,13,27
1376784788,15,25
1376784877,14,26
1376784919,14,25
1376785047,15,25
1376785265,14,26
1376785332,14,26
1376785392,15,25
1376785476,16,24
1376785886,17,23
1376786060,16,24
1376786664,16,24
1376786800,17,23
1376786846,18,22
1376786968,19,21
1376787002,19,21
1376787081,19,21
1376787581,20,20
1376787590,21,19
1376788194,21,19
1376788403,20,20
1376789007,20,20
1376789315,21,19
1376789918,21,19
1376790575,21,19
1376790614,21,19
1376790997,20,20
1376791121,20,20
1376791130,21,19
1376791297,22,18
1376791338,22,18
1376791424,22,18
1376791433,23,17
1376791757,24,16
1376792231,25,15
1376792511,25,15
1376792617,26,14
1376792664,25,15
1376792741,27,13
1376793344,27,13
1376793878,29,11
1376794003,28,12
1376794607,28,12
1376794932,29,11
1376795080,29,11
1376795187,29,11
1376795323,29,11
1376795335,30,10
1376795771,30,10
1376795852,30,10
1376796013,31,9
1376796585,31,9
1376796589,33,7
1376797243,33,7
1376797251,34,6
1376797855,34,6
1376798344,33,7
1376798948,33,7
1376799157,33,7
1376799168,34,6
1376799772,34,6
1376800376,34,6
1376800980,34,6
1376801458,33,7
1376802063,33,7
1376802666,33,7
1376803270,33,7
1376803841,33,7
1376803895,33,7
1376803965,33,7
1376804017,33,7
1376804080,33,7
1376804140,33,7
1376804202,33,7
1376804265,33,7
1376804322,33,7
1376804378,33,7
1376804444,33,7
1376804505,34,6
1376804554,35,5
1376804625,35,5
1376804684,35,5
1376804742,35,5
1376804805,35,5
1376804858,35,5
1376804925,35,5
1376804984,35,5
1376805041,35,5
1376805097,35,5
1376805163,35,5
1376805217,35,5
1376805253,35,5
1376805336,35,5
1376805401,35,5
1376805457,35,5
1376805517,35,5
1376805579,35,5
1376805635,35,5
1376805701,35,5
1376805761,35,5
1376805824,35,5
1376805884,35,5
1376805945,35,5
1376805994,35,5
1376806065,35,5
1376806119,35,5
1376806182,35,5
1376806240,35,5
1376806303,35,5
1376806363,35,5
1376806423,35,5
1376806484,35,5
1376806544,35,5
1376806596,35,5
1376806623,35,5
1376807228,35,5
1376807832,35,5
1376808103,35,5
1376808165,36,4
1376808226,36,4
1376808278,36,4
1376808317,36,4
1376808880,36,4
1376808942,36,4
1376809005,36,4
1376809036,36,4
1376809521,36,4
1376809582,36,4
1376809662,36,4
1376809675,36,4
1376809779,36,4
1376809839,36,4
1376809902,36,4
1376809960,36,4
1376809966,36,4
1376810141,36,4
1376810205,36,4
1376810382,35,5
1376810436,35,5
1376810683,35,5
1376810726,35,5
1376811045,35,5
1376811086,35,5
1376811149,36,4
1376811398,36,4
1376811701,36,4
1376811714,36,4
1376812002,36,4
1376812053,36,4
1376812364,36,4
1376812399,36,4
1376812461,37,3
1376812493,36,4
1376812663,36,4
1376812672,36,4
1376812959,36,4
1376812993,36,4
1376813294,35,5
1376813437,35,5
1376813459,35,5
1376813668,36,4
1376813739,35,5
1376813766,36,4
1376813855,36,4
1376813955,35,5
1376814147,35,5
1376814285,35,5
1376814334,34,6
1376814643,33,7
1376814683,33,7
1376814944,33,7
1376814947,34,6
1376815103,34,6
1376815269,32,8
1376815483,32,8
1376815751,31,9
1376815838,31,9
1376816077,32,8
1376816219,33,7
1376816368,33,7
1376816559,31,9
1376816803,31,9
1376816807,31,9
1376817195,31,9
1376817637,31,9
1376817834,32,8
1376818036,32,8
1376818413,32,8
1376818832,32,8
1376819254,32,8
1376819306,33,7
1376819623,33,7
1376819642,33,7
1376819764,34,6
1376819983,34,6
1376820008,34,6
1376820465,34,6
1376820469,34,6
1376820851,34,6
1376821243,34,6
1376821251,34,6
1376821477,33,7
1376821489,32,8
1376821587,33,7
1376821645,33,7
1376821901,32,8
1376822125,32,8
1376822293,31,9
1376822621,31,9
1376822643,31,9
1376823028,32,8
1376823081,31,9
1376823515,31,9
1376823528,31,9
1376823879,31,9
1376824153,32,8
1376824301,32,8
1376824329,32,8
1376824723,33,7
1376824772,33,7
1376825082,35,5
1376825137,35,5
1376825237,36,4
1376825290,35,5
1376825381,35,5
1376825389,36,4
1376825498,35,5
1376825564,35,5
1376825570,35,5
1376825741,34,6
1376825925,34,6
1376825948,35,5
1376825998,36,4
1376826058,37,3
1376826132,37,3
1376826218,36,4
1376826276,36,4
1376826389,35,5
1376826696,33,7
1376826882,32,7
1376826901,32,8
1376827019,30,10
1376827183,31,9
1376827240,31,9
1376827327,32,8
1376827657,33,7
1376827687,34,6
1376827902,34,6
1376828079,33,7
1376828131,34,6
1376828320,34,6
1376828383,34,6
1376828417,34,6
1376828500,32,8
1376828562,32,8
1376828623,32,8
1376828645,32,8
1376828741,32,8
1376828785,32,8
1376828807,31,9
1376828920,31,9
1376828975,31,9
1376829044,31,9
1376829091,32,8
1376829223,31,9
1376829267,29,11
1376829403,29,11
1376829409,28,12
1376829522,29,11
1376829551,29,11
1376829600,28,12
1376829670,27,13
1376829752,27,13
1376829883,27,13
1376829899,27,13
1376830062,27,13
1376830085,27,13
1376830293,27,13
1376830420,27,13
1376830483,27,13
1376830529,25,15
1376830699,25,15
1376830806,24,16
1376830901,23,17
1376830936,23,17
1376831114,25,15
1376831180,24,16
1376831217,24,16
1376831379,24,16
1376831441,24,16
1376831563,25,15
1376831639,25,15
1376831794,26,14
1376831862,27,13
1376831922,27,13
1376832281,27,13
1376832296,27,13
1376832380,28,12
1376832524,28,12
1376832581,29,11
1376832631,29,11
1376832702,29,11
1376832762,29,11
1376832823,29,11
1376832882,29,11
1376832944,30,10
1376833000,30,10
