1376208560,39,8
1376208925,40,7
1376209509,39,8
1376210022,39,8
1376210024,40,7
1376210124,40,7
1376210167,41,6
1376210797,42,5
1376211401,42,5
1376212005,42,5
1376212219,40,7
1376212838,39,8
1376213060,40,7
1376213664,40,7
1376213705,41,6
1376213945,42,5
1376214188,42,5
1376214273,42,5
1376214315,43,4
1376214390,43,4
1376214417,44,3
1376214492,45,2
1376214596,44,3
1376214679,45,2
1376214808,44,3
1376214861,44,3
1376214892,45,2
1376215422,45,2
1376215433,45,2
1376215774,44,3
1376216320,43,4
1376216334,43,4
1376216716,43,4
1376216783,43,4
1376216811,44,3
1376216921,44,3
1376216961,45,2
1376217157,46,1
1376217183,45,2
1376217241,46,1
1376217424,45,2
1376217511,46,1
1376217726,45,2
1376217846,46,1
1376218451,46,1
1376218594,47,0
1376219198,47,0
1376219802,47,0
1376220025,46,1
1376220629,46,1
1376221233,46,1
1376221356,46,1
1376221367,47,0
1376221971,47,0
1376222575,47,0
1376222644,47,0
1376223046,46,1
1376223171,47,0
1376223776,47,0
1376224380,47,0
1376224984,47,0
1376225587,47,0
1376226191,47,0
1376226332,46,1
1376226459,46,1
1376227063,46,1
1376227180,47,0
1376227661,46,1
1376227689,46,1
1376227854,47,0
1376228458,47,0
1376229062,47,0
1376229222,46,1
1376229397,46,1
1376229455,46,1
1376229558,46,1
1376229622,46,1
1376229692,47,0
1376229754,47,0
1376229819,47,0
1376229879,47,0
1376229937,47,0
1376230000,47,0
1376230039,47,0
1376230224,46,1
1376230318,46,1
1376230716,46,1
1376230760,45,2
1376231022,45,2
1376231031,46,1
1376231124,45,2
1376231458,46,1
1376232062,46,1
1376232360,47,0
1376232964,47,0
1376233363,44,2
1376233379,45,2
1376233594,44,3
1376233662,45,2
1376233665,44,3
1376233770,43,4
1376234374,43,4
1376234461,43,4
1376234510,42,5
1376234763,42,5
1376234889,42,5
1376234984,41,6
1376234986,42,5
1376235080,39,8
1376235460,37,10
1376235467,36,11
1376235607,35,12
1376235719,34,13
1376236025,35,12
1376236273,34,13
1376236327,35,12
1376236515,36,11
1376236586,35,12
1376236663,35,12
1376236681,35,12
1376236742,35,12
1376236839,35,12
1376237109,35,12
1376237185,33,14
1376237279,33,14
1376237372,32,15
1376237407,32,15
1376237446,33,14
1376237570,33,14
1376237641,34,13
1376237760,35,12
1376238164,36,11
1376238293,35,12
1376238506,35,12
1376238620,34,12
1376238772,33,13
1376238968,32,14
1376239477,31,15
1376239799,30,16
1376239900,30,16
1376239960,33,13
1376240022,33,13
1376240081,35,11
1376240181,37,9
1376240240,36,10
1376240372,35,11
1376240982,32,14
1376241161,33,13
1376241212,35,11
1376241234,36,10
1376241342,36,10
1376241345,35,11
1376241580,33,13
1376241601,34,12
1376241687,35,11
1376241951,34,12
1376242296,33,13
1376242677,32,14
1376243281,32,14
1376243786,33,13
1376244212,32,14
1376244278,33,13
1376244369,32,14
1376244490,33,13
1376244561,34,12
1376244642,35,11
1376244645,34,12
1376244810,32,14
1376244859,33,13
1376244913,32,14
1376245433,32,14
1376245542,32,14
1376245551,33,13
1376245754,34,12
1376246068,34,12
1376246136,33,13
1376246344,32,14
1376246470,32,14
1376246561,31,15
1376246567,30,16
1376246975,30,16
1376247033,31,15
1376247186,30,16
1376247510,29,17
1376247702,27,19
1376247763,27,19
1376247772,28,18
1376247828,28,18
1376248022,29,17
1376248138,29,17
1376248233,31,15
1376248272,30,16
1376248348,30,16
1376248411,29,17
1376248475,29,17
1376248541,30,16
1376248570,31,15
1376248617,30,16
1376248902,30,16
1376248911,31,15
1376249110,32,14
1376249261,30,16
1376249269,31,15
1376249726,28,18
1376249977,27,19
1376249986,28,18
1376250417,29,17
1376250898,28,18
1376251502,28,18
1376251585,28,18
1376251656,28,18
1376251690,28,18
1376251732,29,17
1376252202,28,18
1376252500,27,19
1376252974,26,20
1376253578,26,20
1376253823,25,21
1376253876,24,22
1376253935,24,22
1376253952,24,22
1376254264,23,23
1376254525,23,23
1376254557,24,22
1376254883,23,23
1376255487,22,22
1376256085,22,22
1376256122,23,21
1376256398,21,23
1376257001,21,23
1376257605,21,23
1376258209,21,23
1376258322,21,23
1376258326,20,24
1376258929,20,24
1376259140,19,25
1376259315,18,26
1376259920,18,26
1376260243,18,26
1376260848,17,27
1376261452,17,27
1376261880,17,27
1376261964,18,26
1376261994,17,27
1376262599,17,27
1376262727,16,28
1376262942,16,28
1376262994,15,29
1376263006,15,29
1376263611,15,29
1376264214,15,29
1376264405,14,30
1376265009,14,30
1376265613,14,30
1376266217,14,30
1376266821,14,30
1376267425,14,30
1376268029,14,30
1376268050,13,31
1376268654,13,31
1376269258,13,31
1376269458,12,32
1376269765,12,32
1376270370,12,32
1376270974,12,32
1376271577,12,32
1376272181,12,32
1376272785,12,32
1376273388,12,32
1376273993,12,32
1376274597,12,32
1376275200,12,32
1376275804,12,32
1376276022,14,30
1376276076,17,27
1376276133,20,24
1376276184,22,22
1376276788,22,22
1376277235,23,21
1376277839,23,21
1376278443,23,21
1376278986,22,22
1376279589,22,22
1376279890,21,23
1376280494,21,23
1376281098,21,23
1376281272,20,24
1376281639,21,23
1376282039,22,22
1376282644,22,22
1376283196,23,21
1376283307,24,20
1376283912,24,20
1376284516,24,20
1376285120,24,20
1376285724,24,20
1376285833,24,20
1376286353,23,21
1376286415,24,20
1376287020,24,20
1376287621,25,19
1376287769,26,18
1376288373,26,18
1376288621,25,19
1376288653,26,18
1376288729,27,17
1376288916,27,17
1376288983,27,17
1376288998,28,16
1376289047,28,16
1376289374,29,15
1376289481,30,14
1376289859,31,13
1376290001,31,13
1376290004,32,12
1376290115,34,10
1376290243,34,10
1376290253,35,9
1376290418,37,7
1376290537,37,7
1376290546,38,6
1376290661,38,6
1376290783,38,6
1376290785,39,5
1376290895,40,4
1376290944,41,3
1376291220,42,2
1376291384,42,2
1376291479,42,2
1376291606,42,2
1376292069,42,2
1376292661,43,1
1376293166,43,1
1376293346,42,2
1376293396,41,3
1376293649,42,2
1376293706,43,1
1376294310,43,1
1376294913,43,1
1376295517,43,1
1376296121,43,1
1376296658,42,2
1376296992,43,1
1376297137,42,2
1376297154,41,3
1376297322,41,3
1376297325,42,2
1376297929,42,2
1376298178,43,1
1376298782,43,1
1376299386,43,1
1376299990,43,1
1376300594,43,1
1376301198,43,1
1376301752,42,2
1376302356,42,2
1376302960,42,2
1376303133,43,1
1376303738,43,1
1376304341,43,1
1376304943,42,2
1376304946,41,3
1376305360,41,3
1376305642,40,4
1376305963,41,3
1376306195,41,3
1376306290,42,2
1376306834,43,1
1376307438,43,1
1376308042,43,1
1376308646,43,1
1376309250,43,1
1376309399,42,2
1376309895,43,1
1376310193,43,1
1376310248,42,2
1376310642,40,4
1376310940,40,4
1376310996,41,3
1376311044,42,2
1376311106,42,2
1376311288,41,3
1376311753,42,2
1376312298,42,2
1376312615,43,1
1376313219,43,1
1376313389,42,2
1376313993,42,2
1376314122,43,1
1376314637,42,2
1376315185,43,1
1376315399,42,2
1376315492,43,1
1376315560,43,1
1376315581,43,1
1376315682,43,1
1376315685,42,2
1376315994,41,3
1376316207,41,3
1376316282,40,4
1376316325,39,5
1376316453,38,6
1376316517,38,6
1376316575,38,6
1376316876,37,7
1376316921,36,8
1376317237,36,8
1376317406,36,8
1376317483,36,8
1376317514,37,7
1376318011,37,7
1376318038,38,6
1376318546,37,7
1376318665,36,8
1376318728,36,8
1376318967,36,8
1376319341,37,7
1376319349,38,6
1376319425,39,5
1376319744,38,6
1376319878,37,7
1376319907,37,7
1376320000,39,5
1376320604,39,5
1376320929,40,4
1376321063,41,3
1376321197,39,5
1376321289,40,4
1376321662,39,5
1376321861,39,5
1376321872,39,5
1376322359,40,4
1376322407,39,5
1376322694,39,5
1376322707,38,6
1376323077,39,5
1376323402,39,5
1376323469,40,4
1376323599,38,6
1376323652,37,7
1376323782,39,5
1376323927,38,6
1376324003,37,7
1376324239,38,6
1376324276,39,5
1376324495,40,4
1376324643,41,3
1376324733,42,2
1376324823,40,4
1376324885,40,4
1376324953,39,5
1376325033,39,5
1376325073,38,6
1376325136,38,6
1376325197,38,6
1376325463,38,6
1376325486,36,8
1376325638,37,7
1376325692,37,7
1376325744,36,8
1376325808,36,8
1376325907,35,9
1376326016,35,9
1376326096,36,8
1376326149,35,9
1376326226,36,8
1376326282,35,9
1376326377,34,10
1376326621,35,9
1376326717,34,10
1376326859,33,11
1376327201,32,12
1376327225,31,13
1376327492,32,12
1376327553,31,13
1376327662,31,13
1376327773,30,14
1376327970,29,15
1376328041,30,14
1376328102,27,17
1376328105,28,16
1376328503,29,15
1376328799,28,16
1376328941,26,18
1376328977,25,19
1376329137,24,20
1376329363,24,20
1376329371,25,19
1376329542,24,20
1376329630,23,21
1376329865,22,22
1376330002,23,21
1376330255,23,21
1376330286,24,20
1376330558,23,21
1376330567,24,20
1376330739,25,19
1376330800,26,18
1376330833,27,17
1376330880,26,18
1376330957,24,20
1376331132,22,22
1376331248,21,23
1376331289,20,24
1376331715,21,23
1376331937,21,23
1376332000,20,24
1376332053,21,23
1376332103,21,23
1376332470,19,25
1376332542,17,27
1376332546,16,28
1376332811,15,29
1376333014,14,30
1376333030,13,31
1376333132,11,33
1376333154,11,33
1376333382,11,33
1376333385,12,32
1376333460,11,33
1376334039,11,33
1376334067,12,32
1376334129,13,31
1376334474,14,30
1376334736,13,31
1376334873,12,32
1376334902,11,33
1376335247,10,34
1376335367,9,35
1376335528,9,35
1376335832,10,34
1376336162,9,35
1376336578,10,34
1376336809,9,35
1376337413,9,35
1376337590,8,36
1376338195,8,36
1376338493,7,37
1376339098,7,37
1376339701,7,37
1376340305,7,37
1376340440,6,38
1376341045,6,38
1376341464,4,40
1376341567,5,39
1376341706,3,41
1376341902,2,42
1376342346,3,41
1376342951,3,41
1376343035,2,42
1376343628,1,43
1376344233,1,43
1376344581,0,44
1376345185,0,44
1376345261,2,42
1376345321,4,40
1376345380,7,37
1376345441,9,35
1376345503,12,32
1376345561,13,31
1376345571,14,30
1376345743,17,27
1376345800,20,24
1376346131,19,25
1376346217,19,25
1376346228,20,24
1376346401,19,25
1376346441,20,24
1376347045,20,24
1376347614,19,25
1376348182,18,26
1376348786,18,26
1376349034,19,25
1376349341,20,24
1376349679,18,26
1376350283,18,26
1376350496,17,27
1376351100,17,27
1376351345,16,28
1376351673,15,29
1376351854,15,29
1376351911,16,28
1376352095,17,27
1376352699,17,27
1376353303,17,27
1376353907,17,27
1376354510,17,27
1376355114,17,27
1376355718,17,27
1376356156,17,27
1376356761,17,27
1376357364,17,27
1376357968,17,27
1376358572,17,27
1376358881,17,27
1376358884,16,28
1376359489,16,28
1376360093,16,28
1376360698,16,28
1376361302,16,28
1376361907,16,28
1376362113,17,27
1376362717,17,27
1376363321,17,27
1376363924,17,27
1376364205,18,26
1376364809,18,26
1376365413,18,26
1376366022,17,27
1376366625,17,27
1376367067,18,26
1376367672,18,26
1376368276,18,26
1376368358,18,26
1376368370,19,25
1376368973,19,25
1376369284,20,24
1376369888,20,24
1376370033,21,23
1376370504,21,23
1376370540,22,22
1376371145,22,22
1376371360,23,21
1376371415,24,20
1376371718,25,19
1376372260,25,19
1376372503,26,18
1376372535,26,18
1376372617,27,17
1376372885,26,18
1376373338,27,20
1376373390,27,20
1376373518,27,20
1376373580,26,20
1376373682,26,21
1376373818,27,20
1376374132,28,19
1376374291,27,20
1376374895,26,20
1376375019,27,19
1376375196,28,18
1376375472,27,19
1376375642,28,18
1376375785,27,19
1376375922,27,19
1376375957,29,17
1376376162,29,17
1376376174,31,15
1376376230,30,16
1376376835,30,16
1376376901,31,15
1376376966,32,14
1376377123,32,14
1376377126,31,15
1376377498,32,14
1376377580,33,13
1376377962,33,13
1376377977,33,13
1376378623,34,12
1376378657,36,10
1376378849,39,7
1376379043,40,6
1376379069,39,7
1376379279,38,8
1376379592,38,8
1376380196,38,8
1376380329,40,6
1376380418,39,7
1376380478,39,7
1376380541,40,6
1376380586,38,8
1376380723,39,7
1376380743,40,6
1376381347,40,6
1376381548,42,4
1376382152,42,4
1376382197,43,3
1376382358,43,3
1376382410,44,2
1376383014,44,2
1376383162,43,3
1376383751,42,4
1376383915,43,3
1376384370,44,2
1376384600,43,3
1376384797,44,2
1376385342,44,2
1376385345,43,3
1376385840,42,4
1376386212,43,3
1376386436,44,2
1376386543,45,1
1376386658,46,0
1376386687,45,1
1376386886,43,2
1376387281,42,3
1376387371,41,4
1376387441,42,3
1376387802,42,3
1376387835,42,3
1376387922,43,2
1376388526,43,2
1376388823,44,1
1376388859,45,0
1376389154,44,1
1376389758,44,1
1376389841,44,1
1376389850,45,0
1376390454,45,0
1376390801,44,1
1376391406,44,1
1376392010,44,1
1376392083,43,2
1376392552,44,1
1376392642,45,0
1376393247,45,0
1376393622,44,1
1376394026,45,0
1376394518,44,0
1376394822,44,0
1376394858,45,0
1376395160,43,2
1376395302,44,1
1376395636,43,2
1376395948,43,2
1376395980,43,2
1376396056,44,1
1376396255,45,0
1376396441,45,0
1376396500,45,1
1376396727,43,2
1376396801,43,2
1376396840,44,1
1376396923,42,3
1376396949,45,2
1376396995,46,1
1376397087,45,2
1376397150,45,2
1376397208,46,2
1376397282,46,2
1376397335,46,3
1376397399,45,3
1376397546,45,3
1376397633,45,3
1376397701,45,2
1376397751,46,2
1376397843,45,3
1376397913,46,3
1376397998,46,3
1376398041,46,4
1376398113,47,3
1376398184,47,3
1376398187,48,2
1376398394,47,3
1376398569,47,3
1376398837,46,4
1376399017,46,4
1376399075,45,5
1376399097,45,5
1376399436,44,6
1376399499,45,5
1376399619,46,4
1376399647,46,4
1376399738,46,4
1376399801,47,2
1376400102,47,2
1376400117,47,2
1376400721,44,3
1376401325,44,3
1376401477,43,4
1376401963,44,3
1376402440,45,2
1376402619,44,3
1376403223,44,3
1376403324,42,5
1376403928,42,5
1376404089,43,4
1376404240,43,4
1376404247,44,3
1376404734,44,3
1376404809,43,4
1376404902,43,4
1376405083,43,4
1376405578,42,5
1376406079,41,6
1376406368,42,5
1376407003,42,5
1376407027,42,5
1376407514,41,6
1376407882,42,5
1376408196,43,4
1376408416,42,5
1376409021,42,5
1376409183,43,4
1376409448,42,5
1376409642,42,5
1376409645,41,6
1376409882,41,6
1376409884,40,7
1376410000,40,7
1376410264,39,8
1376410478,38,9
1376410661,35,12
1376410701,33,14
1376410750,32,15
1376411021,32,15
1376411283,33,14
1376411356,34,13
1376411430,34,13
1376411562,34,13
1376411621,34,13
1376411682,34,13
1376411722,34,13
1376411860,34,13
1376411924,34,13
1376411980,35,12
1376412042,35,12
1376412078,35,12
1376412111,35,12
1376412274,33,14
1376412342,33,14
1376412403,32,15
1376412523,31,16
1376412555,31,16
1376412610,31,16
1376412936,31,16
1376412994,29,18
1376413045,28,19
1376413075,27,20
1376413161,26,21
1376413250,25,22
1376413363,26,21
1376413373,27,20
1376413501,27,20
1376413595,28,19
1376413625,29,18
1376413703,28,19
1376413779,27,20
1376413830,27,20
1376413895,27,20
1376413916,27,20
1376414081,27,20
1376414136,27,20
1376414199,27,20
1376414259,27,20
1376414320,26,21
1376414340,26,21
1376414469,26,21
1376414513,24,23
1376414613,24,23
1376414630,24,23
1376414858,24,23
1376414918,22,25
1376414995,22,25
1376415079,21,26
1376415156,21,26
1376415224,20,27
1376415231,19,28
1376415383,20,27
1376415495,21,26
1376415629,21,26
1376415749,20,27
1376415861,20,27
1376415928,20,27
1376415992,21,26
1376416010,20,27
1376416124,20,26
1376416145,20,27
1376416239,20,27
1376416252,21,26
1376416642,20,27
1376416780,21,26
1376416799,21,26
1376417143,20,27
1376417145,19,28
1376417334,18,29
1376417505,17,30
1376417541,17,30
1376417623,15,32
1376417672,13,34
1376417732,13,34
1376417800,13,34
1376417858,13,34
1376417924,13,34
1376417940,15,32
1376418042,14,33
1376418045,13,34
1376418500,12,35
1376418549,13,34
1376418612,13,34
1376418703,13,34
1376418735,15,32
1376418793,15,32
1376418876,15,32
1376418897,15,32
1376419120,15,32
1376419160,14,33
1376419242,13,34
1376419290,13,34
1376419358,13,34
1376419387,13,34
1376419483,13,34
1376419532,13,34
1376419584,13,34
1376419658,13,34
1376419706,12,35
1376419784,12,35
1376419843,14,33
1376419885,14,33
1376419951,14,33
1376420010,14,33
1376420077,14,33
1376420139,14,33
1376420185,14,33
1376420234,13,34
1376420280,12,35
1376420377,12,35
1376420405,11,36
1376420498,11,36
1376420515,11,36
1376420619,11,36
1376420677,11,36
1376420719,11,36
1376420854,11,36
1376420868,11,36
1376420978,10,37
1376421135,9,38
1376421270,8,39
1376421323,8,39
1376421363,8,39
1376421441,7,40
1376421518,7,40
1376421534,7,40
1376421630,7,40
1376421669,7,40
1376421761,7,40
1376421823,6,41
1376421872,6,41
1376421928,5,42
1376421967,5,42
1376422082,4,43
1376422409,2,45
1376422515,2,45
1376422597,1,46
1376423201,1,46
1376423805,1,46
1376423946,0,47
1376424551,0,47
1376425173,1,46
1376425199,2,45
1376425392,3,44
1376425718,2,45
1376425740,2,45
1376425945,3,44
1376426055,1,46
1376426622,1,46
1376426630,2,45
1376426762,3,44
1376427366,3,44
1376427413,2,45
1376427608,0,47
1376427994,1,46
1376428342,0,47
1376428570,1,46
1376429018,1,46
1376429051,1,46
1376429124,1,46
1376429197,2,45
1376429233,3,44
1376429306,2,45
1376429910,2,45
1376430519,1,46
1376430775,0,47
1376430928,0,47
1376431000,2,45
1376431040,2,45
1376431429,1,46
1376431710,3,44
1376431761,4,43
1376431822,6,41
1376431896,9,38
1376431923,10,37
1376432059,11,36
1376432135,14,33
1376432199,17,30
1376432258,20,27
1376432287,21,26
1376432890,21,26
1376433494,21,26
1376434100,21,26
1376434439,21,26
1376434494,21,26
1376434641,21,26
1376434674,22,25
1376434754,21,26
1376434790,22,25
1376435262,21,26
1376435265,20,27
1376435870,20,27
1376435985,20,27
1376436041,22,25
1376436140,22,25
1376436181,23,24
1376436336,23,24
1376436387,23,24
1376436449,23,24
1376436478,24,23
1376436764,24,23
1376437353,22,25
1376437958,22,25
1376438562,22,25
1376438862,23,24
1376438878,24,23
1376439482,24,23
1376440086,24,23
1376440179,25,22
1376440784,25,22
1376441387,25,22
1376441991,25,22
1376442561,25,22
1376443165,25,22
1376443768,25,22
1376444317,24,23
1376444921,24,23
1376445364,23,24
1376445968,23,24
1376446572,23,24
1376447176,23,24
1376447780,23,24
1376448383,23,24
1376448987,23,24
1376449591,23,24
1376450195,23,24
1376450324,23,24
1376450326,24,23
1376450931,24,23
1376451186,23,24
1376451790,23,24
1376452139,22,25
1376452678,21,26
1376453282,21,26
1376453886,21,26
1376454490,21,26
1376454538,22,25
1376455142,22,25
1376455746,22,25
1376456349,22,25
1376456681,23,24
1376457285,23,24
1376457673,24,23
1376457975,25,22
1376458104,26,21
1376458295,27,20
1376458417,28,19
1376459025,29,18
1376459073,31,16
1376459677,31,16
1376459731,31,16
1376459776,32,14
1376460381,32,15
1376460568,33,14
1376461172,33,14
1376461340,34,13
1376461453,35,12
1376461826,36,11
1376462027,36,11
1376462035,37,10
1376462201,38,9
1376462239,38,9
1376462429,39,8
1376462504,40,7
1376462565,40,7
1376462574,42,5
1376462683,42,5
1376462702,41,6
1376462790,42,5
1376462887,43,4
1376463004,44,3
1376463609,44,3
1376463778,45,2
1376463878,46,1
1376464482,46,1
1376464645,47,0
1376465091,46,1
1376465239,47,0
1376465843,47,0
1376466447,47,0
1376466709,46,1
1376467068,45,2
1376467216,47,0
1376467332,46,1
1376467725,46,1
1376467727,47,0
1376468331,47,0
1376468935,47,0
1376469310,46,1
1376469923,45,2
1376470001,46,1
1376470611,46,1
1376471079,46,1
1376471087,47,0
1376471695,46,1
1376471761,45,2
1376471844,46,1
1376472448,46,1
1376472519,46,1
1376472527,47,0
1376473131,47,0
1376473741,47,0
1376474346,47,0
1376474949,47,0
1376475539,46,1
1376475629,47,0
1376476234,47,0
1376476837,47,0
1376477441,47,0
1376477933,46,1
1376478338,45,2
1376478463,45,2
1376478466,44,3
1376478820,45,2
1376479063,45,2
1376479342,45,2
1376479383,45,1
1376479588,45,1
1376479738,44,2
1376479977,43,3
1376480429,42,4
1376480683,42,4
1376480708,43,3
1376480798,42,4
1376480834,43,3
1376481368,44,2
1376481761,43,3
1376482365,43,3
1376482757,42,4
1376482818,43,3
1376482929,42,4
1376482985,43,3
1376483484,44,2
1376483564,45,1
1376483587,44,2
1376483743,44,2
1376483746,44,2
1376484100,44,2
1376484158,44,2
1376484224,44,2
1376484227,45,1
1376484332,45,1
1376484397,45,1
1376484442,45,1
1376484524,46,0
1376484626,45,1
1376484675,44,2
1376485246,44,2
1376485248,45,1
1376485853,45,1
1376485986,44,2
1376486141,45,1
1376486562,46,0
1376487167,46,0
1376487324,45,1
1376487444,44,2
1376488048,44,2
1376488226,43,3
1376488511,44,2
1376488794,45,1
1376489188,46,0
1376489792,46,0
1376490396,46,0
1376491000,46,0
1376491063,44,2
1376491120,43,3
1376491239,42,4
1376491249,43,3
1376491853,43,3
1376492018,43,3
1376492435,44,2
1376492906,43,3
1376493144,42,4
1376493369,43,3
1376493524,42,4
1376493577,44,2
1376493661,46,0
1376494265,46,0
1376494676,45,1
1376495175,44,2
1376495231,43,3
1376495577,44,2
1376495743,43,3
1376495745,44,2
1376495836,43,3
1376495917,44,2
1376496152,43,3
1376496294,42,4
1376496392,41,5
1376496753,39,7
1376496811,38,8
1376496994,38,8
1376497066,37,9
1376497182,35,11
1376497193,37,9
1376497576,36,10
1376497662,35,11
1376497692,34,12
1376498041,35,11
1376498122,36,10
1376498327,35,11
1376498413,34,12
1376498911,32,14
1376498965,31,15
1376499191,32,14
1376499327,30,16
1376499518,28,18
1376499530,28,18
1376499965,27,19
1376500184,26,20
1376500222,25,21
1376500435,24,22
1376500589,23,23
1376500814,23,23
1376500862,23,23
1376501398,24,22
1376501778,21,25
1376501861,22,24
1376501905,23,23
1376501941,22,24
1376502002,22,24
1376502199,23,23
1376502281,22,24
1376502459,21,25
1376502481,20,26
1376502881,19,27
1376503485,19,27
1376503757,19,27
1376503834,18,28
1376503860,18,28
1376504015,20,26
1376504034,21,25
1376504261,19,27
1376504735,17,29
1376504807,16,30
1376504982,16,30
1376504997,18,28
1376505303,17,29
1376505368,17,29
1376505413,18,28
1376505829,17,29
1376505985,16,30
1376506395,16,30
1376506428,17,29
1376506740,16,30
1376507101,17,29
1376507234,16,30
1376507778,15,31
1376507947,16,30
1376508042,15,31
1376508045,16,30
1376508461,16,30
1376508464,17,29
1376509069,17,29
1376509134,16,30
1376509363,15,31
1376509376,15,31
1376509981,15,31
1376510142,16,30
1376510747,16,30
1376510979,16,30
1376511059,18,28
1376511393,19,27
1376511634,20,26
1376512239,20,26
1376512843,20,26
1376513050,21,25
1376513369,22,24
1376513933,23,23
1376514039,22,24
1376514557,21,25
1376514621,20,26
1376515225,20,26
1376515483,19,27
1376515778,18,28
1376516274,19,27
1376516878,19,27
1376517379,18,28
1376517656,18,28
1376517712,19,27
1376517811,20,26
1376517848,19,27
1376518227,18,28
1376518831,18,28
1376519052,19,27
1376519312,19,27
1376519350,20,26
1376519530,19,27
1376519729,19,27
1376519754,19,27
1376519826,19,27
1376519899,19,27
1376520022,18,28
1376520260,17,29
1376520429,17,29
1376520469,18,28
1376521073,18,28
1376521197,16,30
1376521701,17,29
1376521743,18,28
1376522033,17,29
1376522358,18,28
1376522962,18,28
1376523488,17,29
1376524089,15,31
1376524694,15,31
1376524764,15,31
1376524836,15,31
1376524872,14,32
1376525077,14,32
1376525118,13,33
1376525191,12,34
1376525246,12,34
1376525496,12,34
1376525545,13,33
1376526150,13,33
1376526607,12,34
1376526898,11,35
1376527012,10,36
1376527448,9,37
1376527608,8,38
1376528212,8,38
1376529043,8,38
1376529648,8,38
1376529959,9,37
1376530563,9,37
1376531167,9,37
1376531591,10,36
1376531983,10,36
1376532013,11,35
1376532617,11,35
1376533104,11,35
1376533167,12,34
1376533204,13,33
1376533808,13,33
1376534412,13,33
1376535015,13,33
1376535620,13,33
1376536224,13,33
1376536333,14,32
1376536937,14,32
1376537009,15,31
1376537099,16,30
1376537703,16,30
1376538307,16,30
1376538911,16,30
1376539038,15,31
1376539643,15,31
1376540246,15,31
1376540850,15,31
1376541454,15,31
1376542058,15,31
1376542662,15,31
1376543258,16,30
1376543387,15,31
1376543881,17,29
1376544338,18,28
1376544795,20,26
1376545399,20,26
1376546020,20,26
1376546048,20,26
1376546653,20,26
1376546781,21,25
1376547333,22,24
1376547690,23,23
1376547738,22,24
1376548167,23,23
1376548499,24,22
1376548791,25,21
1376549432,26,20
1376549522,25,21
1376549983,25,21
1376549985,26,20
1376550591,26,20
1376551195,26,20
1376551781,26,20
1376551784,27,19
1376552173,28,18
1376552777,28,18
1376552831,29,17
1376553341,29,17
1376553799,29,17
1376553866,31,15
1376554273,30,16
1376554577,31,15
1376554743,32,14
1376554807,33,13
1376555412,33,13
1376555741,32,14
1376556345,32,14
1376556975,33,13
1376557096,32,14
1376557491,33,13
1376558142,33,13
1376558150,31,15
1376558243,31,15
1376558276,33,13
1376558753,34,12
1376559242,33,13
1376559387,34,12
1376559504,32,14
1376559988,31,15
1376560054,31,15
1376560102,31,15
1376560180,32,14
1376560262,33,13
1376560662,32,14
1376560748,33,13
1376561352,33,13
1376561479,33,13
1376562026,34,12
1376562310,33,13
1376562357,32,14
1376562455,32,14
1376562573,33,13
1376562812,33,13
1376562879,33,13
1376562917,33,13
1376562995,33,13
1376563055,33,13
1376563216,32,14
1376563821,32,14
1376564057,33,13
1376564677,34,12
1376564732,34,12
1376564921,34,12
1376564924,33,13
1376565008,32,14
1376565103,32,14
1376565105,33,13
1376565566,34,12
1376565642,34,12
1376565703,35,11
1376565761,39,7
1376565937,38,8
1376566071,37,9
1376566154,39,7
1376566275,41,5
1376566417,42,4
1376566723,42,4
1376566784,43,3
1376567251,44,2
1376567855,44,2
1376568162,43,3
1376568165,42,4
1376568337,43,3
1376568450,42,4
1376568500,44,2
1376568746,45,1
1376568814,44,2
1376568865,45,1
1376569381,46,0
1376569985,46,0
1376570263,45,1
1376570267,45,1
1376570373,46,0
1376570977,46,0
1376571581,46,0
1376572185,46,0
1376572789,46,0
1376573392,46,0
1376573996,46,0
1376574086,45,1
1376574690,45,1
1376574762,46,0
1376575365,46,0
1376575969,46,0
1376576573,46,0
1376577177,46,0
1376577243,44,2
1376577463,43,3
1376577639,43,3
1376577655,44,2
1376578259,44,2
1376578863,44,2
1376579195,43,3
1376579261,43,3
1376579277,41,5
1376579532,40,6
1376579737,39,7
1376579783,39,7
1376579836,39,7
1376579982,39,7
1376579995,39,7
1376580089,40,6
1376580326,39,7
1376580474,37,9
1376580666,36,10
1376580879,37,9
1376581165,38,8
1376581581,39,7
1376581881,40,6
1376582143,40,6
1376582178,40,6
1376582301,39,7
1376582678,38,8
1376582737,39,7
1376582783,39,7
1376582860,39,7
1376582868,40,6
1376583154,40,6
1376583222,39,7
1376583229,40,6
1376583750,39,7
1376583936,39,7
1376583988,41,5
1376584021,42,4
1376584104,41,5
1376584295,40,6
1376584409,39,7
1376584535,39,7
1376584568,38,8
1376584691,39,7
1376584735,40,6
1376584869,40,6
1376584937,39,7
1376584985,40,6
1376585153,41,5
1376585493,40,6
1376585838,39,7
1376586003,37,9
1376586143,35,11
1376586185,36,10
1376586275,35,11
1376586393,34,12
1376586661,35,11
1376586801,34,12
1376586872,34,12
1376587283,35,11
1376587422,35,11
1376587425,36,10
1376587723,36,10
1376587726,37,9
1376588043,37,9
1376588521,37,9
1376588576,37,9
1376588778,36,10
1376589160,35,11
1376589175,36,10
1376589280,35,11
1376589744,35,11
1376589819,36,10
1376589864,36,10
1376590227,35,11
1376590340,35,11
1376590372,36,10
1376590480,35,11
1376590527,33,13
1376590579,34,12
1376590622,32,14
1376590767,33,13
1376590961,33,13
1376591019,35,11
1376591519,34,12
1376591588,35,11
1376591675,34,12
1376591738,34,11
1376591787,35,10
1376591836,34,11
1376592094,33,12
1376592578,32,13
1376592832,31,14
1376592940,29,16
1376593544,29,17
1376594067,28,18
1376594671,28,18
1376595048,27,19
1376595558,26,20
1376595712,25,21
1376596316,25,21
1376596433,24,22
1376597037,24,22
1376597217,23,23
1376597655,22,24
1376597898,21,25
1376598029,20,26
1376598183,19,27
1376598601,17,29
1376599205,17,29
1376599362,17,29
1376599401,17,29
1376599502,17,29
1376599594,20,26
1376599630,21,25
1376600057,20,26
1376600102,20,26
1376600706,20,26
1376600841,21,25
1376600946,22,24
1376601550,22,24
1376601589,21,25
1376601850,21,25
1376601939,21,25
1376601947,22,24
1376602146,22,24
1376602221,22,24
1376602267,24,22
1376602390,23,23
1376602941,24,22
1376602997,23,23
1376603045,24,22
1376603550,22,24
1376604066,22,24
1376604112,23,23
1376604558,24,22
1376604782,24,22
1376604852,24,22
1376604933,24,22
1376604971,24,22
1376605327,24,22
1376605496,24,22
1376605599,24,22
1376605652,24,22
1376605721,24,22
1376605783,24,22
1376605841,24,22
1376605891,23,23
1376606187,23,23
1376606237,23,23
1376606318,23,23
1376606348,23,23
1376606420,24,22
1376606466,24,22
1376606561,24,22
1376606619,24,22
1376606665,24,22
1376606740,24,22
1376606800,22,24
1376606834,22,24
1376606910,22,24
1376606983,22,24
1376607039,22,24
1376607098,22,24
1376607154,22,24
1376607165,22,24
1376607770,22,24
1376608373,22,24
1376608659,23,23
1376609264,23,23
1376609868,23,23
1376609931,22,24
1376610535,22,24
1376611121,22,24
1376611149,23,23
1376611223,24,22
1376611684,23,23
1376612252,22,23
1376612447,21,24
1376613051,21,24
1376613655,21,24
1376614259,21,24
1376614863,21,24
1376615356,21,24
1376615605,20,25
1376615822,19,26
1376616418,18,27
1376617022,18,27
1376617626,18,27
1376618230,18,27
1376618834,18,27
1376619438,18,27
1376620042,18,27
1376620646,18,27
1376620721,19,26
1376621325,19,26
1376621929,19,26
1376622533,19,26
1376623137,19,26
1376623660,20,25
1376624264,20,25
1376624860,19,26
1376625464,19,26
1376626068,19,26
1376626672,19,26
1376627275,19,26
1376627496,20,25
1376627554,21,24
1376628004,22,23
1376628609,22,23
1376629212,22,23
1376629816,22,23
1376629870,23,22
1376630474,23,22
1376630851,24,21
1376631295,25,20
1376631899,25,20
1376632503,25,20
1376633066,26,19
1376633400,27,18
1376633788,28,17
1376633826,29,16
1376634276,30,15
1376634880,30,15
1376635110,31,14
1376635160,32,13
1376635328,33,12
1376635414,32,13
1376635482,32,13
1376635538,32,13
1376635575,34,11
1376635882,34,11
1376635913,35,10
1376636078,36,9
1376636682,36,9
1376636791,35,10
1376636982,34,11
1376637026,34,11
1376637078,34,11
1376637133,35,10
1376637737,35,10
1376638341,35,10
1376638423,36,9
1376638683,37,8
1376638893,37,8
1376638950,38,6
1376639202,38,6
1376639204,39,6
1376639305,38,7
1376639656,38,7
1376640260,38,7
1376640349,37,8
1376640444,38,7
1376640758,39,6
1376641048,38,7
1376641403,37,8
1376641707,38,7
1376642287,39,6
1376642633,38,7
1376642785,39,6
1376643222,39,6
1376643254,42,3
1376643695,41,4
1376644305,41,4
1376644641,41,5
1376644680,42,4
1376645060,41,5
1376645540,42,4
1376645723,42,4
1376645769,43,3
1376645982,43,3
1376646037,43,3
1376646141,44,2
1376646515,43,3
1376646852,42,4
1376647480,44,2
1376647825,45,1
1376647979,46,0
1376648068,45,1
1376648568,44,2
1376649074,44,2
1376649151,44,2
1376649185,44,2
1376649451,43,3
1376649697,44,2
1376649744,45,1
1376650054,46,0
1376650242,45,1
1376650244,46,0
1376650848,46,0
1376651053,45,1
1376651339,46,0
1376651675,45,1
1376652009,46,0
1376652612,46,0
1376652787,45,1
1376653231,46,0
1376653362,45,1
1376653389,45,1
1376653594,44,2
1376653621,43,3
1376653783,43,3
1376653786,42,4
1376653918,43,3
1376654076,41,5
1376654102,43,3
1376654257,44,2
1376654437,45,1
1376654617,44,2
1376654974,43,3
1376655516,43,3
1376655553,44,2
1376655694,44,2
1376656303,42,4
1376656307,41,5
1376656534,41,5
1376656600,41,5
1376656676,40,6
1376656807,41,5
1376656941,42,4
1376657120,42,4
1376657353,41,5
1376657874,40,6
1376658126,41,5
1376658551,42,4
1376658689,43,3
1376658800,43,3
1376658883,41,5
1376658943,42,3
1376658978,43,3
1376659198,44,2
1376659398,43,3
1376659623,44,2
1376659875,45,1
1376660012,44,2
1376660367,44,2
1376660426,45,1
1376660621,46,0
1376660624,45,1
1376660730,46,0
1376661333,46,0
1376661481,45,1
1376661575,45,1
1376661747,44,2
1376661869,45,1
1376662117,46,0
1376662220,46,0
1376662824,46,0
1376662967,45,1
1376663073,44,2
1376663140,44,2
1376663150,45,1
1376663465,46,0
1376663617,44,2
1376663683,43,3
1376663686,42,4
1376664196,43,3
1376664524,43,3
1376664543,45,1
1376664615,45,1
1376664952,44,2
1376665162,43,3
1376665766,43,3
1376665810,42,4
1376666053,41,5
1376666142,41,5
1376666145,42,4
1376666383,43,3
1376666726,44,2
1376667029,42,4
1376667162,40,6
1376667216,39,7
1376667329,40,6
1376667478,41,5
1376667567,42,4
1376667866,41,5
1376667991,41,5
1376668059,41,5
1376668638,40,6
1376668671,39,7
1376668991,38,8
1376669056,40,6
1376669445,41,5
1376669447,40,6
1376669514,38,8
1376669605,36,10
1376669675,35,11
1376669854,34,12
1376670183,32,14
1376670297,33,13
1376670356,32,14
1376670572,30,16
1376670602,31,15
1376670764,32,14
1376670931,30,16
1376671064,29,17
1376671668,29,17
1376671796,27,19
1376672400,27,19
1376672466,29,17
1376672617,29,17
1376672669,29,17
1376672798,28,18
1376672950,27,18
1376673040,27,18
1376673091,27,18
1376673237,26,19
1376673328,27,18
1376673918,28,17
1376674003,27,18
1376674103,28,17
1376674156,29,16
1376674193,30,15
1376674334,29,16
1376674540,29,16
1376674582,31,14
1376674724,31,14
1376674878,30,15
1376674995,31,14
1376675063,30,15
1376675116,31,14
1376675186,30,15
1376675791,30,15
1376675984,30,16
1376676033,31,15
1376676258,29,17
1376676456,28,18
1376676643,28,18
1376676651,29,17
1376677095,28,18
1376677351,29,17
1376677529,30,16
1376678133,30,16
1376678216,29,17
1376678795,30,16
1376678966,31,15
1376679197,29,17
1376679456,28,18
1376679702,28,18
1376679714,29,17
1376680119,28,18
1376680713,27,19
1376680794,26,20
1376680944,27,19
1376681018,26,20
1376681623,26,20
1376681651,25,21
1376681729,26,20
1376682306,26,20
1376682368,27,19
1376682440,27,19
1376682484,27,19
1376682691,26,20
1376682726,27,19
1376682862,25,21
1376683113,24,21
1376683180,24,21
1376683189,25,20
1376683484,25,20
1376683509,25,20
1376683663,26,19
1376683666,27,18
1376683840,27,18
1376683865,27,18
1376684202,27,18
1376684223,27,18
1376684559,27,18
1376684579,27,18
1376684641,26,19
1376684936,25,20
1376685080,25,20
1376685279,26,19
1376685341,27,18
1376685584,27,18
1376685634,27,18
1376685693,26,19
1376685830,26,19
1376685941,25,20
1376685996,26,19
1376686012,26,19
1376686123,26,19
1376686125,25,20
1376686301,25,20
1376686351,24,21
1376686367,24,21
1376686658,24,21
1376686737,24,21
1376687015,22,23
1376687082,22,23
1376687125,22,23
1376687373,22,23
1376687438,22,23
1376687609,21,24
1376687743,21,24
1376687795,20,25
1376688103,20,25
1376688151,20,25
1376688462,20,25
1376688509,20,25
1376688626,22,23
1376688825,22,23
1376688865,22,23
1376688934,24,21
1376689036,22,23
1376689182,22,23
1376689222,22,23
1376689539,22,23
1376689581,20,25
1376689783,20,25
1376689786,19,26
1376689895,19,26
1376689936,19,26
1376690200,19,26
1376690253,19,26
1376690292,19,26
1376690625,19,26
1376690652,19,26
1376690984,19,26
1376691011,19,26
1376691344,19,26
1376691370,19,26
1376691605,18,27
1376691703,18,27
1376691729,18,27
1376692062,17,28
1376692088,17,28
1376692231,16,29
1376692249,15,30
1376692358,14,31
1376692424,14,31
1376692543,12,32
1376692566,9,36
1376692784,9,36
1376692804,9,36
1376693142,9,36
1376693164,9,36
1376693306,8,37
1376693500,8,37
1376693521,8,37
1376693756,9,36
1376693864,9,36
1376693879,8,37
1376693982,9,36
1376694103,7,38
1376694222,7,38
1376694238,7,38
1376694490,6,39
1376694580,5,40
1376694596,5,40
1376694940,6,39
1376694954,6,39
1376695297,6,39
1376695312,6,39
1376695528,5,40
1376695603,5,40
1376695655,5,40
1376695678,4,41
1376695961,3,42
1376696013,3,42
1376696029,3,42
1376696319,3,42
1376696384,3,42
1376696440,3,42
1376696448,4,41
1376696675,4,41
1376696739,4,41
1376696958,5,40
1376697043,6,39
1376697092,6,39
1376697159,6,39
1376697215,6,39
1376697398,6,39
1376697447,6,39
1376697763,5,40
1376697819,6,39
1376697878,7,37
1376697943,8,37
1376697987,9,36
1376698044,12,33
1376698120,13,32
1376698183,14,31
1376698474,14,31
1376698513,14,31
1376698700,15,30
1376698843,15,30
1376698867,15,30
1376699202,15,30
1376699222,15,30
1376699562,15,30
1376699576,15,30
1376699916,15,30
1376699930,15,30
1376700221,14,31
1376700284,14,31
1376700580,14,31
1376700639,15,30
1376700750,16,29
1376700804,17,28
1376700943,17,28
1376700994,17,28
1376701304,17,28
1376701349,17,28
1376701761,16,29
1376701843,16,29
1376702024,16,29
1376702068,16,29
1376702384,16,29
1376702423,16,29
1376702739,16,29
1376702778,16,29
1376703094,16,29
1376703132,16,29
1376703462,16,29
1376703486,16,29
1376703641,16,29
1376703655,18,27
1376703821,18,27
1376703842,18,27
1376703919,18,27
1376703957,19,26
1376704183,20,25
1376704197,20,25
1376704423,19,26
1376704537,19,26
1376704564,18,27
1376704843,18,27
1376704904,18,27
1376704906,18,27
1376705022,19,26
1376705196,19,26
1376705260,19,26
1376705552,19,26
1376705615,19,26
1376705925,19,26
1376705970,19,26
1376706280,19,26
1376706325,19,26
1376706641,19,26
1376706680,19,26
1376706996,19,26
1376707034,19,26
1376707365,19,26
1376707389,19,26
1376707723,19,26
1376707744,19,26
1376708084,19,26
1376708099,19,26
1376708439,19,26
1376708454,19,26
1376708745,19,26
1376708794,19,26
1376708808,19,26
1376709100,19,26
1376709163,19,26
1376709404,19,26
1376709454,18,27
1376709518,18,27
1376709822,18,27
1376709873,18,27
1376709897,19,26
1376710227,19,26
1376710354,20,25
1376710543,20,25
1376710582,20,25
1376710898,20,25
1376710937,20,25
1376711252,20,25
1376711292,20,25
1376711625,20,25
1376711646,20,25
1376711982,20,25
1376712001,20,25
1376712341,20,25
1376712356,20,25
1376712696,20,25
1376712710,20,25
1376713001,19,26
1376713065,19,26
1376713356,19,26
1376713419,19,26
1376713774,19,26
1376713880,18,27
1376714084,18,27
1376714130,18,27
1376714341,19,26
1376714440,19,26
1376714484,19,26
1376714583,20,25
1376714800,20,25
1376714839,20,25
1376715155,20,25
1376715193,20,25
1376715548,20,25
1376715883,20,25
1376715903,20,25
1376716243,20,25
1376716258,20,25
1376716598,20,25
1376716613,20,25
1376716707,21,24
1376716903,21,24
1376716953,21,24
1376716968,21,24
1376717259,21,24
1376717322,21,24
1376717614,21,24
1376717677,21,24
1376717981,21,24
1376718032,21,24
1376718342,21,24
1376718387,21,24
1376718702,21,24
1376718741,21,24
1376719058,21,24
1376719096,21,24
1376719425,21,24
1376719477,22,23
1376719784,22,23
1376719806,22,23
1376720140,22,23
1376720161,22,23
1376720501,22,23
1376720515,22,23
1376720856,22,23
1376720870,22,23
1376721162,22,23
1376721225,22,23
1376721226,22,23
1376721518,22,23
1376721581,22,23
1376721885,22,23
1376721935,22,23
1376722245,22,23
1376722290,22,23
1376722600,23,22
1376722645,23,22
1376722961,24,21
1376723000,24,21
1376723315,24,21
1376723354,24,21
1376723559,25,20
1376723685,25,20
1376723709,25,20
1376724043,25,20
1376724064,25,20
1376724217,26,19
1376724404,26,19
1376724420,26,19
1376724760,26,19
1376724775,26,19
1376725116,26,19
1376725131,26,19
1376725422,26,19
1376725482,25,20
1376725487,25,20
1376725552,25,20
1376725644,27,18
1376725778,27,18
1376725844,27,18
1376725929,26,19
1376726025,26,19
1376726061,27,18
1376726139,27,18
1376726201,27,18
1376726441,28,17
1376726492,28,17
1376726557,28,17
1376726863,28,17
1376726918,29,16
1376727081,29,16
1376727223,29,16
1376727276,29,16
1376727582,29,16
1376727635,29,16
1376727944,29,16
1376727994,29,16
1376728304,29,16
1376728352,29,16
1376728664,29,16
1376728712,29,16
1376728827,30,15
1376728941,29,16
1376729023,29,16
1376729073,30,15
1376729177,31,14
1376729382,31,14
1376729429,31,14
1376729564,31,14
1376729571,32,13
1376729740,32,13
1376729788,32,13
1376729925,33,12
1376729933,34,11
1376730105,34,11
1376730146,34,11
1376730463,34,11
1376730505,34,11
1376730822,33,12
1376730864,34,11
1376731181,34,11
1376731223,34,11
1376731458,34,11
1376731540,34,11
1376731581,34,11
1376731643,33,12
1376731899,33,12
1376731940,33,12
1376732094,32,13
1376732257,32,13
1376732299,32,13
1376732445,31,14
1376732616,31,14
1376732658,31,14
1376732728,32,13
1376732909,31,14
1376732975,31,14
1376733017,31,14
1376733333,31,14
1376733393,32,13
1376733691,32,13
1376733733,32,13
1376734064,32,13
1376734092,32,13
1376734424,32,13
1376734450,32,13
1376734525,33,12
1376734785,33,12
1376734809,33,12
1376734934,34,11
1376735145,34,11
1376735168,34,11
1376735216,35,10
1376735381,35,10
1376735389,36,9
1376735505,36,9
1376735526,36,9
1376735863,36,9
1376735885,36,9
1376736222,36,9
1376736242,36,9
1376736585,36,9
1376736601,36,9
1376736944,36,9
1376736997,36,9
1376737024,37,8
1376737302,37,8
1376737318,37,8
1376737661,37,8
1376737677,37,8
1376737941,36,9
1376738020,36,9
1376738035,36,9
1376738228,35,10
1376738378,35,10
1376738393,35,10
1376738684,35,10
1376738736,35,10
1376738752,35,10
1376739043,35,10
1376739095,34,11
1376739110,34,11
1376739401,34,11
1376739453,34,11
1376739468,34,11
1376739538,35,10
1376739706,35,10
1376739760,36,9
1376739826,37,8
1376739864,38,7
1376739969,37,8
1376740117,37,8
1376740186,37,8
1376740360,37,8
1376740413,38,7
1376740477,38,7
1376740544,38,7
1376740665,38,7
1376740746,39,6
1376740836,39,6
1376740902,39,6
1376741193,38,7
1376741260,38,7
1376741552,38,7
1376741619,38,7
1376741733,36,9
1376741801,36,9
1376741810,37,8
1376741925,37,8
1376741977,37,8
1376742282,37,8
1376742335,37,8
1376742434,36,9
1376742521,37,8
1376742646,37,8
1376742705,37,8
1376742826,37,8
1376743005,37,8
1376743051,37,8
1376743076,36,9
1376743169,37,8
1376743362,37,8
1376743410,37,8
1376743442,36,9
1376743726,37,8
1376743767,37,8
1376743910,36,9
1376744084,36,9
1376744125,36,9
1376744442,36,9
1376744483,36,9
1376744800,36,9
1376744863,37,8
1376744941,38,7
1376745030,37,8
1376745147,37,9
1376745223,37,9
1376745249,38,8
1376745323,38,8
1376745455,39,7
1376745543,40,6
1376745598,39,7
1376745808,38,8
1376745999,39,7
1376746128,41,5
1376746233,41,5
1376746790,40,6
1376747141,41,5
1376747746,41,5
1376747857,42,4
1376747977,42,4
1376748038,41,5
1376748048,41,5
1376748166,41,5
1376748168,42,4
1376748524,43,3
1376748807,44,2
1376749411,44,2
1376749565,43,3
1376749905,43,3
1376749914,44,2
1376750518,44,2
1376750994,43,3
1376751225,44,2
1376751577,44,2
1376752099,43,3
1376752202,42,4
1376752763,41,5
1376753367,41,5
1376753627,41,5
1376753630,39,7
1376753742,40,6
1376753916,41,5
1376754094,42,4
1376754391,41,5
1376754933,40,6
1376755052,39,7
1376755161,38,8
1376755244,37,9
1376755342,36,10
1376755402,36,10
1376756006,36,10
1376756265,36,10
1376756325,35,11
1376756336,36,10
1376756683,38,8
1376756702,37,9
1376757226,39,7
1376757274,40,6
1376757386,40,6
1376757443,41,5
1376757597,40,6
1376757704,40,6
1376757794,41,5
1376757879,42,4
1376757944,43,3
1376757994,41,5
1376758060,41,5
1376758166,42,4
1376758238,43,3
1376758306,43,3
1376758308,44,2
1376758413,43,3
1376758512,42,4
1376758928,41,5
1376759008,42,4
1376759136,43,3
1376759202,42,4
1376759280,41,5
1376759536,42,4
1376759946,43,3
1376760550,43,3
1376760851,43,3
1376760977,43,3
1376761083,42,4
1376761518,41,5
1376761623,40,6
1376762227,40,6
1376762457,39,7
1376762563,40,6
1376762713,39,7
1376763318,39,7
1376763458,37,9
1376763522,37,9
1376763586,38,7
1376763599,39,7
1376763691,39,7
1376763764,39,7
1376764110,40,6
1376764216,39,7
1376764301,39,7
1376764309,40,6
1376764492,41,5
1376764614,40,6
1376764804,41,5
1376764893,40,6
1376765435,39,7
1376766039,39,7
1376766162,36,10
1376766366,35,11
1376766986,35,11
1376767065,35,11
1376767124,34,12
1376767139,35,11
1376767620,33,13
1376767685,34,12
1376767849,33,13
1376768204,33,13
1376768217,31,15
1376768821,31,15
1376769425,31,15
1376769644,31,15
1376769653,32,14
1376769805,31,15
1376769915,32,14
1376770519,32,14
1376770678,33,13
1376771282,33,13
1376771618,30,15
1376771652,31,15
1376771721,30,16
1376772325,30,16
1376772697,30,16
1376772713,30,16
1376772856,28,18
1376773234,29,17
1376773713,28,18
1376773963,28,18
1376773966,27,19
1376774133,28,18
1376774737,28,18
1376775342,28,18
1376775947,28,18
1376776545,28,18
1376776559,31,15
1376777112,30,16
1376777309,31,15
1376777670,29,17
1376777864,29,17
1376777921,30,16
1376777980,32,14
1376778582,29,17
1376779186,29,17
1376779790,29,17
1376780394,29,17
1376780650,28,18
1376781255,28,18
1376781859,28,18
1376781899,27,19
1376782177,28,18
1376782201,28,18
1376782287,28,18
1376782325,29,17
1376782718,30,16
1376783141,29,16
1376783186,28,18
1376783751,27,19
1376784096,27,19
1376784139,28,18
1376784239,27,19
1376784600,28,18
1376784991,27,19
1376785594,27,19
1376785709,28,18
1376785786,28,18
1376785869,28,18
1376786321,28,18
1376786350,29,17
1376787036,31,15
1376787641,31,15
1376787879,33,13
1376787915,34,12
1376788002,34,12
1376788034,34,12
1376788115,35,11
1376788444,35,11
1376789048,35,11
1376789399,34,12
1376790003,34,12
1376790606,34,12
1376790879,33,13
1376791483,33,13
1376791945,34,12
1376792549,34,12
1376792622,36,10
1376792901,35,11
1376793505,35,11
1376794109,35,11
1376794215,35,11
1376794290,35,11
1376794349,37,9
1376794889,37,9
1376794951,37,9
1376794995,38,8
1376795599,38,8
1376796155,39,7
1376796760,39,7
1376797106,38,8
1376797710,38,8
1376798313,38,8
1376798917,38,8
1376799521,38,8
1376800125,38,8
1376800729,38,8
1376801333,38,8
1376801551,39,7
1376801862,39,7
1376801871,40,6
1376802476,40,6
1376803079,40,6
1376803683,40,6
1376803882,41,5
1376804486,41,5
1376805036,42,4
1376805087,42,4
1376805671,43,3
1376806238,43,3
1376806249,44,2
1376806853,44,2
1376807457,44,2
1376808012,43,3
1376808284,44,2
1376808889,44,2
1376809152,45,1
1376809756,45,1
1376810360,45,1
1376810964,45,1
1376811568,45,1
1376811990,44,2
1376812594,44,2
1376813198,44,2
1376813429,43,3
1376813491,44,2
1376813788,45,1
1376814392,45,1
1376814996,45,1
1376815599,45,1
1376815780,44,2
1376816204,43,3
1376816864,43,3
1376816873,44,2
1376817101,43,3
1376817706,43,3
1376818128,42,4
1376818732,42,4
1376819012,43,3
1376819133,44,2
1376819737,44,2
1376819968,43,3
1376820143,42,4
1376820747,42,4
1376820819,44,2
1376820992,45,1
1376821288,44,2
1376821892,44,2
1376822496,44,2
1376823065,43,3
1376823668,43,3
1376824037,42,4
1376824641,42,4
1376824779,43,3
1376825383,43,3
1376825618,44,2
1376826222,44,2
1376826825,44,2
1376827429,44,2
1376828033,44,2
1376828492,45,1
1376829096,45,1
1376829180,44,2
1376829654,44,2
1376829752,44,2
1376829803,45,1
1376829832,44,2
1376830435,44,2
1376830926,45,1
1376831014,44,2
1376831429,45,1
1376832033,45,1
1376832638,45,1
