1376208565,0,1
1376209169,0,1
1376209772,0,1
1376210376,0,1
1376210979,0,1
1376211583,0,1
1376212186,0,1
1376212790,0,1
1376213393,0,1
1376213997,0,1
1376214600,0,1
1376215204,0,1
1376215807,0,1
1376216411,0,1
1376217014,0,1
1376217618,0,1
1376218221,0,1
1376218825,0,1
1376219428,0,1
1376220032,0,1
1376220635,0,1
1376221239,0,1
1376221842,0,1
1376222446,0,1
1376222906,0,1
1376223510,0,1
1376224113,0,1
1376224717,0,1
1376225320,0,1
1376225924,0,1
1376226527,0,1
1376227131,0,1
1376227734,0,1
1376228338,0,1
1376228941,0,1
1376229545,0,1
1376229764,0,1
1376229808,0,1
1376229850,0,1
1376230454,0,1
1376231057,0,1
1376231661,0,1
1376232265,0,1
1376232868,0,1
1376233471,0,1
1376234075,0,1
1376234680,0,1
1376235283,0,1
1376235886,0,1
1376236490,0,1
1376237094,0,1
1376237697,0,1
1376238301,0,1
1376238904,0,1
1376239508,0,1
1376240111,0,1
1376240715,0,1
1376241318,0,1
1376241922,0,1
1376242525,0,1
1376243129,0,1
1376243733,0,1
1376244336,0,1
1376244940,0,1
1376245544,0,1
1376246147,0,1
1376246751,0,1
1376247354,0,1
1376247958,0,1
1376248561,0,1
1376249164,0,1
1376249767,0,1
1376250371,0,1
1376250975,0,1
1376251578,0,1
1376252182,0,1
1376252785,0,1
1376253389,0,1
1376253992,0,1
1376254596,0,1
1376255199,0,1
1376255803,0,1
1376256407,0,1
1376257010,0,1
1376257614,0,1
1376258217,0,1
1376258821,0,1
1376259433,0,1
1376260036,0,1
1376260640,0,1
1376261243,0,1
1376261847,0,1
1376262450,0,1
1376263054,0,1
1376263657,0,1
1376264261,0,1
1376264864,0,1
1376265468,0,1
1376266071,0,1
1376266675,0,1
1376267278,0,1
1376267882,0,1
1376268485,0,1
1376269089,0,1
1376269692,0,1
1376270172,0,1
1376270205,0,1
1376270808,0,1
1376271412,0,1
1376272015,0,1
1376272619,0,1
1376273222,0,1
1376273826,0,1
1376274429,0,1
1376275033,0,1
1376275636,0,1
1376276240,0,1
1376276843,0,1
1376277447,0,1
1376278051,0,1
1376278654,0,1
1376279258,0,1
1376279862,0,1
1376280465,0,1
1376281069,0,1
1376281672,0,1
1376282276,0,1
1376282879,0,1
1376283483,0,1
1376284086,0,1
1376284690,0,1
1376285293,0,1
1376285897,0,1
1376286500,0,1
1376287104,0,1
1376287707,0,1
1376288311,0,1
1376288914,0,1
1376289518,0,1
1376290121,0,1
1376290725,0,1
1376291328,0,1
1376291932,0,1
1376292535,0,1
1376293139,0,1
1376293743,0,1
1376294346,0,1
1376294950,0,1
1376295553,0,1
1376296157,0,1
1376296760,0,1
1376297364,0,1
1376297967,0,1
1376298571,0,1
1376299175,0,1
1376299778,0,1
1376300382,0,1
1376300985,0,1
1376301589,0,1
1376302192,0,1
1376302796,0,1
1376303399,0,1
1376304003,0,1
1376304607,0,1
1376305218,0,1
1376305281,0,1
1376305884,0,1
1376306488,0,1
1376307091,0,1
1376307695,0,1
1376308298,0,1
1376308902,0,1
1376309505,0,1
1376310109,0,1
1376310712,0,1
1376311106,0,1
1376311710,0,1
1376312313,0,1
1376312917,0,1
1376313521,0,1
1376313812,0,1
1376314416,0,1
1376315019,0,1
1376315623,0,1
1376316226,0,1
1376316830,0,1
1376317434,0,1
1376318037,0,1
1376318640,0,1
1376319245,0,1
1376319849,0,1
1376320453,0,1
1376321057,0,1
1376321661,0,1
1376322265,0,1
1376322868,0,1
1376323472,0,1
1376324075,0,1
1376324679,0,1
1376325282,0,1
1376325886,0,1
1376326489,0,1
1376327093,0,1
1376327696,0,1
1376327880,0,1
1376328483,0,1
1376329087,0,1
1376329690,0,1
1376330294,0,1
1376330898,0,1
1376331501,0,1
1376332105,0,1
1376332708,0,1
1376333312,0,1
1376333915,0,1
1376334519,0,1
1376335122,0,1
1376335726,0,1
1376336329,0,1
1376336933,0,1
1376337536,0,1
1376338140,0,1
1376338612,0,1
1376339215,0,1
1376339819,0,1
1376340422,0,1
1376341026,0,1
1376341629,0,1
1376342233,0,1
1376342836,0,1
1376343440,0,1
1376344043,0,1
1376344647,0,1
1376345250,0,1
1376345854,0,1
1376346457,0,1
1376347061,0,1
1376347664,0,1
1376348268,0,1
1376348871,0,1
1376349475,0,1
1376350078,0,1
1376350682,0,1
1376351286,0,1
1376351889,0,1
1376352492,0,1
1376353096,0,1
1376353700,0,1
1376354303,0,1
1376354907,0,1
1376355510,0,1
1376356114,0,1
1376356576,0,1
1376356614,0,1
1376357218,0,1
1376357821,0,1
1376358425,0,1
1376359028,0,1
1376359632,0,1
1376360235,0,1
1376360839,0,1
1376361443,0,1
1376362046,0,1
1376362650,0,1
1376363254,0,1
1376363858,0,1
1376364461,0,1
1376365065,0,1
1376365668,0,1
1376366272,0,1
1376366875,0,1
1376367479,0,1
1376368082,0,1
1376368686,0,1
1376369289,0,1
1376369893,0,1
1376370496,0,1
1376371100,0,1
1376371703,0,1
1376372307,0,1
1376372911,0,1
1376373514,0,1
1376374117,0,1
1376374721,0,1
1376375324,0,1
1376375928,0,1
1376376532,0,1
1376377135,0,1
1376377740,0,1
1376378343,0,1
1376378947,0,1
1376379550,0,1
1376380154,0,1
1376380757,0,1
1376381361,0,1
1376381964,0,1
1376382569,0,1
1376383172,0,1
1376383776,0,1
1376383894,0,1
1376384497,0,1
1376385100,0,1
1376385703,0,1
1376386307,0,1
1376386910,0,1
1376387514,0,1
1376388118,0,1
1376388581,0,1
1376389184,0,1
1376389787,0,1
1376390391,0,1
1376390995,0,1
1376391598,0,1
1376392202,0,1
1376392805,0,1
1376393409,0,1
1376394012,0,1
1376394616,0,1
1376395219,0,1
1376395823,0,1
1376396426,0,1
1376397030,0,1
1376397633,0,1
1376398237,0,1
1376398840,0,1
1376399444,0,1
1376400048,0,1
1376400651,0,1
1376401254,0,1
1376401858,0,1
1376402462,0,1
1376403065,0,1
1376403669,0,1
1376404272,0,1
1376404876,0,1
1376405479,0,1
1376406083,0,1
1376406687,0,1
1376407290,0,1
1376407894,0,1
1376408497,0,1
1376409101,0,1
1376409704,0,1
1376410308,0,1
1376410911,0,1
1376411515,0,1
1376412029,0,1
1376412632,0,1
1376413235,0,1
1376413839,0,1
1376414442,0,1
1376415046,0,1
1376415650,0,1
1376416253,0,1
1376416858,0,1
1376417462,0,1
1376418065,0,1
1376418669,0,1
1376419273,0,1
1376419877,0,1
1376420480,0,1
1376421084,0,1
1376421687,0,1
1376422291,0,1
1376422894,0,1
1376423498,0,1
1376424102,0,1
1376424705,0,1
1376425165,0,1
1376425768,0,1
1376426371,0,1
1376426975,0,1
1376427578,0,1
1376428182,0,1
1376428786,0,1
1376429389,0,1
1376429993,0,1
1376430596,0,1
1376431200,0,1
1376431803,0,1
1376432407,0,1
1376433010,0,1
1376433614,0,1
1376434218,0,1
1376434822,0,1
1376435425,0,1
1376436029,0,1
1376436632,0,1
1376437236,0,1
1376437839,0,1
1376438443,0,1
1376439046,0,1
1376439650,0,1
1376440254,0,1
1376440857,0,1
1376441461,0,1
1376442064,0,1
1376442668,0,1
1376442966,0,1
1376443173,0,1
1376443777,0,1
1376444381,0,1
1376444984,0,1
1376445588,0,1
1376446191,0,1
1376446795,0,1
1376447398,0,1
1376448002,0,1
1376448605,0,1
1376449209,0,1
1376449812,0,1
1376450416,0,1
1376451019,0,1
1376451623,0,1
1376452226,0,1
1376452830,0,1
1376453434,0,1
1376454037,0,1
1376454640,0,1
1376455244,0,1
1376455848,0,1
1376456451,0,1
1376457055,0,1
1376457658,0,1
1376458262,0,1
1376458865,0,1
1376459469,0,1
1376460073,0,1
1376460676,0,1
1376461279,0,1
1376461883,0,1
1376462487,0,1
1376463090,0,1
1376463694,0,1
1376464297,0,1
1376464901,0,1
1376465504,0,1
1376466089,0,1
1376466692,0,1
1376467296,0,1
1376467899,0,1
1376468503,0,1
1376469107,0,1
1376469710,0,1
1376470313,0,1
1376470917,0,1
1376471521,0,1
1376472124,0,1
1376472728,0,1
1376473331,0,1
1376473935,0,1
1376474538,0,1
1376475142,0,1
1376475745,0,1
1376476349,0,1
1376476952,0,1
1376477556,0,1
1376478159,0,1
1376478763,0,1
1376479367,0,1
1376479970,0,1
1376480574,0,1
1376481177,0,1
1376481781,0,1
1376482385,0,1
1376482988,0,1
1376483592,0,1
1376484195,0,1
1376484798,0,1
1376485402,0,1
1376486006,0,1
1376486609,0,1
1376487213,0,1
1376487816,0,1
1376488420,0,1
1376489023,0,1
1376489627,0,1
1376490230,0,1
1376490834,0,1
1376491437,0,1
1376492041,0,1
1376492644,0,1
1376493248,0,1
1376493851,0,1
1376494455,0,1
1376495059,0,1
1376495662,0,1
1376496266,0,1
1376496869,0,1
1376497473,0,1
1376498076,0,1
1376498680,0,1
1376499284,0,1
1376499887,0,1
1376500491,0,1
1376501094,0,1
1376501698,0,1
1376502302,0,1
1376502905,0,1
1376503508,0,1
1376504715,0,1
1376505319,0,1
1376505922,0,1
1376506526,0,1
1376507130,0,1
1376507733,0,1
1376508337,0,1
1376508940,0,1
1376509544,0,1
1376510147,0,1
1376510751,0,1
1376511354,0,1
1376511958,0,1
1376512561,0,1
1376513165,0,1
1376513769,0,1
1376514372,0,1
1376514976,0,1
1376515579,0,1
1376515724,0,1
1376515782,0,1
1376515843,0,1
1376516446,0,1
1376517050,0,1
1376517654,0,1
1376518257,0,1
1376518861,0,1
1376519465,0,1
1376520068,0,1
1376520672,0,1
1376521275,0,1
1376521879,0,1
1376522482,0,1
1376523086,0,1
1376523689,0,1
1376524293,0,1
1376524897,0,1
1376525500,0,1
1376526104,0,1
1376526707,0,1
1376527311,0,1
1376527914,0,1
1376528518,0,1
1376529455,0,1
1376529526,0,1
1376530129,0,1
1376530732,0,1
1376531336,0,1
1376531940,0,1
1376532543,0,1
1376533147,0,1
1376533750,0,1
1376534354,0,1
1376534957,0,1
1376535561,0,1
1376536164,0,1
1376536768,0,1
1376537371,0,1
1376537975,0,1
1376538578,0,1
1376539182,0,1
1376539785,0,1
1376540389,0,1
1376540993,0,1
1376541596,0,1
1376542200,0,1
1376542803,0,1
1376543407,0,1
1376544010,0,1
1376544614,0,1
1376545217,0,1
1376545821,0,1
1376546424,0,1
1376547028,0,1
1376547631,0,1
1376548235,0,1
1376548838,0,1
1376549442,0,1
1376550045,0,1
1376550649,0,1
1376551252,0,1
1376551856,0,1
1376552459,0,1
1376553063,0,1
1376553666,0,1
1376554270,0,1
1376554874,0,1
1376555477,0,1
1376556081,0,1
1376556684,0,1
1376557288,0,1
1376557891,0,1
1376558495,0,1
1376559098,0,1
1376559702,0,1
1376560305,0,1
1376560909,0,1
1376561512,0,1
1376562116,0,1
1376562720,0,1
1376563324,0,1
1376563927,0,1
1376564530,0,1
1376565134,0,1
1376565738,0,1
1376566341,0,1
1376566945,0,1
1376567005,0,1
1376567608,0,1
1376568212,0,1
1376568815,0,1
1376569419,0,1
1376570023,0,1
1376570626,0,1
1376570863,0,1
1376571466,0,1
1376572070,0,1
1376572673,0,1
1376573277,0,1
1376573880,0,1
1376574484,0,1
1376575087,0,1
1376575691,0,1
1376576295,0,1
1376576898,0,1
1376577502,0,1
1376578105,0,1
1376578709,0,1
1376579312,0,1
1376579918,0,1
1376580521,0,1
1376581125,0,1
1376581729,0,1
1376582332,0,1
1376582936,0,1
1376583540,0,1
1376584143,0,1
1376584746,0,1
1376585350,0,1
1376585954,0,1
1376586557,0,1
1376587161,0,1
1376587764,0,1
1376588367,0,1
1376588971,0,1
1376589575,0,1
1376590178,0,1
1376590781,0,1
1376591385,0,1
1376591989,0,1
1376592592,0,1
1376592861,0,1
1376593464,0,1
1376594068,0,1
1376594671,0,1
1376595275,0,1
1376595878,0,1
1376596482,0,1
1376597085,0,1
1376597689,0,1
1376598292,0,1
1376598896,0,1
1376599500,0,1
1376600103,0,1
1376600707,0,1
1376601311,0,1
1376601914,0,1
1376602517,0,1
1376603121,0,1
1376603725,0,1
1376604328,0,1
1376604932,0,1
1376605535,0,1
1376606139,0,1
1376606743,0,1
1376607346,0,1
1376607950,0,1
1376608553,0,1
1376609157,0,1
1376609760,0,1
1376610364,0,1
1376610967,0,1
1376611571,0,1
1376612174,0,1
1376612778,0,1
1376613381,0,1
1376613985,0,1
1376614588,0,1
1376615192,0,1
1376615769,0,1
1376615816,0,1
1376616420,0,1
1376617023,0,1
1376617627,0,1
1376618231,0,1
1376618834,0,1
1376619437,0,1
1376620041,0,1
1376620644,0,1
1376621248,0,1
1376621852,0,1
1376622455,0,1
1376623059,0,1
1376623662,0,1
1376624266,0,1
1376624870,0,1
1376625473,0,1
1376626076,0,1
1376626680,0,1
1376627284,0,1
1376627887,0,1
1376628491,0,1
1376629094,0,1
1376629698,0,1
1376630301,0,1
1376630905,0,1
1376631508,0,1
1376632112,0,1
1376632715,0,1
1376633319,0,1
1376633922,0,1
1376634526,0,1
1376635129,0,1
1376635733,0,1
1376636337,0,1
1376636940,0,1
1376637544,0,1
1376638148,0,1
1376638752,0,1
1376639355,0,1
1376639959,0,1
1376640369,0,1
1376640972,0,1
1376641576,0,1
1376642179,0,1
1376642783,0,1
1376643386,0,1
1376643990,0,1
1376644594,0,1
1376645198,0,1
1376645802,0,1
1376646406,0,1
1376647009,0,1
1376647614,0,1
1376648218,0,1
1376648822,0,1
1376649426,0,1
1376650031,0,1
1376650635,0,1
1376651238,0,1
1376651842,0,1
1376652447,0,1
1376653052,0,1
1376653656,0,1
1376654259,0,1
1376654863,0,1
1376655466,0,1
1376656070,0,1
1376656673,0,1
1376657277,0,1
1376657881,0,1
1376658484,0,1
1376659088,0,1
1376659691,0,1
1376660295,0,1
1376660898,0,1
1376661502,0,1
1376662106,0,1
1376662709,0,1
1376663313,0,1
1376663916,0,1
1376664520,0,1
1376665123,0,1
1376665727,0,1
1376666330,0,1
1376666934,0,1
1376667537,0,1
1376668141,0,1
1376668745,0,1
1376669348,0,1
1376669952,0,1
1376670555,0,1
1376671159,0,1
1376671763,0,1
1376672367,0,1
1376672970,0,1
1376673574,0,1
1376674179,0,1
1376674783,0,1
1376675387,0,1
1376675990,0,1
1376676594,0,1
1376677197,0,1
1376677801,0,1
1376678404,0,1
1376679008,0,1
1376679611,0,1
1376680215,0,1
1376680818,0,1
1376681422,0,1
1376682025,0,1
1376682629,0,1
1376683232,0,1
1376683836,0,1
1376684440,0,1
1376685043,0,1
1376685647,0,1
1376686250,0,1
1376686854,0,1
1376687458,0,1
1376688061,0,1
1376688665,0,1
1376689268,0,1
1376689872,0,1
1376690475,0,1
1376691079,0,1
1376691682,0,1
1376692286,0,1
1376692890,0,1
1376693493,0,1
1376694096,0,1
1376694700,0,1
1376695304,0,1
1376695907,0,1
1376696511,0,1
1376697114,0,1
1376697718,0,1
1376698322,0,1
1376698925,0,1
1376699529,0,1
1376700132,0,1
1376700736,0,1
1376701339,0,1
1376702173,0,1
1376702264,0,1
1376702270,0,1
1376702338,0,1
1376702668,0,1
1376703272,0,1
1376703876,0,1
1376704479,0,1
1376705082,0,1
1376705686,0,1
1376706290,0,1
1376706893,0,1
1376707496,0,1
1376708100,0,1
1376708703,0,1
1376709307,0,1
1376709911,0,1
1376710514,0,1
1376711118,0,1
1376711721,0,1
1376712325,0,1
1376712928,0,1
1376713532,0,1
1376714135,0,1
1376714739,0,1
1376715342,0,1
1376715946,0,1
1376716549,0,1
1376717153,0,1
1376717756,0,1
1376718360,0,1
1376718964,0,1
1376719567,0,1
1376720170,0,1
1376720774,0,1
1376721378,0,1
1376721981,0,1
1376722585,0,1
1376723188,0,1
1376723791,0,1
1376724395,0,1
1376724999,0,1
1376725602,0,1
1376726206,0,1
1376726809,0,1
1376727413,0,1
1376728016,0,1
1376728620,0,1
1376729224,0,1
1376729827,0,1
1376730430,0,1
1376731034,0,1
1376731638,0,1
1376732242,0,1
1376732845,0,1
1376733450,0,1
1376734053,0,1
1376734656,0,1
1376735260,0,1
1376735864,0,1
1376736469,0,1
1376737072,0,1
1376737676,0,1
1376738279,0,1
1376738883,0,1
1376739487,0,1
1376740092,0,1
1376740695,0,1
1376741298,0,1
1376741902,0,1
1376742506,0,1
1376743109,0,1
1376743713,0,1
1376744316,0,1
1376744920,0,1
1376745523,0,1
1376746127,0,1
1376746730,0,1
1376747334,0,1
1376747938,0,1
1376748541,0,1
1376749144,0,1
1376749748,0,1
1376750351,0,1
1376750955,0,1
1376751559,0,1
1376752162,0,1
1376752766,0,1
1376753369,0,1
1376753973,0,1
1376754576,0,1
1376755180,0,1
1376755783,0,1
1376756387,0,1
1376756990,0,1
1376757594,0,1
1376758197,0,1
1376758801,0,1
1376759404,0,1
1376760008,0,1
1376760612,0,1
1376761215,0,1
1376761819,0,1
1376762422,0,1
1376763025,0,1
1376763629,0,1
1376764233,0,1
1376764836,0,1
1376765440,0,1
1376766043,0,1
1376766647,0,1
1376767250,0,1
1376767854,0,1
1376768457,0,1
1376768673,0,1
1376769279,0,1
1376769882,0,1
1376770486,0,1
1376771089,0,1
1376771693,0,1
1376772297,0,1
1376772900,0,1
1376773504,0,1
1376774107,0,1
1376774710,0,1
1376775314,0,1
1376775917,0,1
1376776521,0,1
1376777125,0,1
1376777728,0,1
1376778331,0,1
1376778935,0,1
1376779539,0,1
1376780142,0,1
1376780746,0,1
1376781349,0,1
1376781953,0,1
1376782556,0,1
1376783160,0,1
1376783763,0,1
1376784367,0,1
1376784970,0,1
1376785574,0,1
1376786177,0,1
1376786781,0,1
1376787384,0,1
1376787988,0,1
1376788566,0,1
1376788618,0,1
1376789221,0,1
1376789825,0,1
1376790428,0,1
1376791032,0,1
1376791635,0,1
1376792239,0,1
1376792842,0,1
1376793446,0,1
1376794049,0,1
1376794653,0,1
1376795256,0,1
1376795860,0,1
1376796464,0,1
1376797067,0,1
1376797671,0,1
1376798274,0,1
1376798878,0,1
1376799482,0,1
1376800085,0,1
1376800689,0,1
1376801292,0,1
1376801896,0,1
1376802499,0,1
1376803103,0,1
1376803706,0,1
1376804310,0,1
1376804913,0,1
1376805517,0,1
1376806120,0,1
1376806724,0,1
1376807327,0,1
1376807931,0,1
1376808534,0,1
1376809138,0,1
1376809742,0,1
1376810346,0,1
1376810949,0,1
1376811553,0,1
1376812157,0,1
1376812761,0,1
1376813365,0,1
1376813969,0,1
1376814572,0,1
1376815176,0,1
1376815779,0,1
1376816384,0,1
1376816652,0,1
1376817256,0,1
1376817861,0,1
1376818465,0,1
1376819070,0,1
1376819673,0,1
1376820277,0,1
1376820880,0,1
1376821484,0,1
1376822088,0,1
1376822691,0,1
1376823295,0,1
1376823899,0,1
1376824502,0,1
1376825106,0,1
1376825711,0,1
1376826314,0,1
1376826918,0,1
1376827521,0,1
1376828125,0,1
1376828729,0,1
1376829333,0,1
1376829936,0,1
1376830539,0,1
1376831144,0,1
1376831746,0,1
1376832350,0,1
1376832954,0,1
