1376208761,1,52
1376208823,1,52
1376208849,2,51
1376209104,2,51
1376209147,2,51
1376209482,2,51
1376209499,2,51
1376209812,2,51
1376209857,1,52
1376209955,1,52
1376210011,1,52
1376210194,1,52
1376210210,1,52
1376210292,0,53
1376210499,0,53
1376210523,0,53
1376210565,0,53
1376210853,0,53
1376210919,0,53
1376211220,0,53
1376211272,0,53
1376211573,0,53
1376211627,0,53
1376211940,0,53
1376211982,0,53
1376212156,1,52
1376212294,1,52
1376212335,1,52
1376212648,1,52
1376212691,1,52
1376213003,1,52
1376213045,1,52
1376213384,0,53
1376213400,0,53
1376213621,0,53
1376213649,1,52
1376213737,1,52
1376213772,0,53
1376214042,0,53
1376214092,0,53
1376214108,0,53
1376214279,0,53
1376214332,0,53
1376214399,0,53
1376214463,0,53
1376214759,0,53
1376214813,0,53
1376214845,1,52
1376214978,1,52
1376215120,0,53
1376215173,0,53
1376215484,0,53
1376215530,0,53
1376215842,0,53
1376215883,0,53
1376216195,0,53
1376216237,0,53
1376216549,0,53
1376216591,0,53
1376216904,0,53
1376216945,0,53
1376217282,0,53
1376217299,0,53
1376217636,0,53
1376217652,0,53
1376217941,0,53
1376217965,0,53
1376218006,0,53
1376218295,0,53
1376218361,0,53
1376218662,0,53
1376218713,0,53
1376219017,0,53
1376219070,0,53
1376219382,0,53
1376219426,0,53
1376219737,0,53
1376219780,0,53
1376220024,0,53
1376220091,0,53
1376220133,0,53
1376220185,0,53
1376220445,0,53
1376220487,0,53
1376220822,0,53
1376220842,0,53
1376221179,0,53
1376221196,0,53
1376221484,0,53
1376221533,0,53
1376221550,0,53
1376221838,0,53
1376221899,0,53
1376222192,0,53
1376222258,0,53
1376222559,0,53
1376222612,0,53
1376222664,1,52
1376222913,1,52
1376222966,1,52
1376223279,1,52
1376223320,1,52
1376223632,1,52
1376223679,0,53
1376223986,0,53
1376224028,0,53
1376224362,0,53
1376224383,0,53
1376224720,0,53
1376224737,0,53
1376225076,0,53
1376225091,0,53
1376225379,0,53
1376225429,0,53
1376225447,0,53
1376225735,0,53
1376225802,0,53
1376226103,0,53
1376226155,0,53
1376226456,0,53
1376226510,0,53
1376226642,0,53
1376226669,1,52
1376226822,1,52
1376226865,1,52
1376227176,1,52
1376227217,1,52
1376227530,1,52
1376227571,1,52
1376227884,1,52
1376227928,1,52
1376228021,0,53
1376228069,0,53
1376228114,1,52
1376228186,0,53
1376228255,1,52
1376228290,1,52
1376228360,1,51
1376228418,1,51
1376228451,2,50
1376228552,3,49
1376228621,3,49
1376228636,3,49
1376228974,3,49
1376228990,3,49
1376229277,3,49
1376229313,4,49
1376229392,3,50
1376229995,3,51
1376230208,2,52
1376230414,2,52
1376230426,4,50
1376230636,4,50
1376230724,4,50
1376230746,5,49
1376230842,5,49
1376230864,6,48
1376231329,5,49
1376231623,2,52
1376231681,2,52
1376231745,2,52
1376231799,0,54
1376231812,0,54
1376231953,0,54
1376232030,0,54
1376232210,0,54
1376232814,0,54
1376233004,1,53
1376233530,1,53
1376233643,2,52
1376234246,2,52
1376234850,2,52
1376235276,2,52
1376235699,2,52
1376235724,3,51
1376235979,2,52
1376236583,2,52
1376236742,2,52
1376236835,2,51
1376236858,2,52
1376237253,3,51
1376237558,2,52
1376237574,1,53
1376238178,1,53
1376238705,2,52
1376238773,2,52
1376238888,3,51
1376239371,4,50
1376239772,4,50
1376239821,4,50
1376239848,6,47
1376240052,5,48
1376240555,5,48
1376240570,5,48
1376240661,5,48
1376240718,6,47
1376240944,4,49
1376241266,3,50
1376241340,3,50
1376241381,4,49
1376241986,4,50
1376242404,3,51
1376242464,3,51
1376242527,2,52
1376242598,3,51
1376242633,3,51
1376242691,4,50
1376243295,4,50
1376243899,4,50
1376244081,5,49
1376244686,5,49
1376245290,5,49
1376245883,5,49
1376245950,6,48
1376245974,7,47
1376246140,7,47
1376246163,8,46
1376246406,7,47
1376247010,7,47
1376247103,7,47
1376247146,9,45
1376247201,9,45
1376247280,9,45
1376247581,9,45
1376247629,9,45
1376247663,10,44
1376247834,8,46
1376248473,9,45
1376249076,9,45
1376249410,9,45
1376249529,9,45
1376249578,8,46
1376249675,9,45
1376249729,9,45
1376249847,10,44
1376250451,10,44
1376251055,10,44
1376251319,9,45
1376251923,9,45
1376252527,9,45
1376252783,8,46
1376253322,9,45
1376253556,8,46
1376253629,8,46
1376254233,8,46
1376254837,8,46
1376255441,8,46
1376256044,8,46
1376256382,9,45
1376256521,10,44
1376256583,12,42
1376256638,14,40
1376256699,16,38
1376256752,19,35
1376256823,21,33
1376256875,23,31
1376256935,24,30
1376257002,27,27
1376257048,28,26
1376257091,31,23
1376257696,31,23
1376258033,29,25
1376258637,29,25
1376259241,29,25
1376259845,29,25
1376260448,29,25
1376261052,29,25
1376261656,29,25
1376262097,29,25
1376262128,29,25
1376262732,29,25
1376262940,29,25
1376262956,30,24
1376263123,30,24
1376263163,29,25
1376263248,29,25
1376263308,29,25
1376263408,30,24
1376263883,30,24
1376263934,30,24
1376264017,30,24
1376264059,30,24
1376264095,31,23
1376264198,32,22
1376264802,32,22
1376265380,33,21
1376265688,34,20
1376265814,33,21
1376265845,33,21
1376266449,33,21
1376266720,33,21
1376266754,34,20
1376266843,34,20
1376266865,35,19
1376267468,35,19
1376268072,35,19
1376268439,36,18
1376269043,36,18
1376269647,36,18
1376270250,36,18
1376270854,36,18
1376271517,36,18
1376272122,36,18
1376272421,35,18
1376272429,35,19
1376273033,35,19
1376273636,35,19
1376274240,35,19
1376274845,35,19
1376275449,35,19
1376276052,35,19
1376276656,35,19
1376277260,35,19
1376277864,35,19
1376278467,35,19
1376279071,35,19
1376279675,35,19
1376280279,35,19
1376280882,35,19
1376281486,35,19
1376282090,35,19
1376282694,35,19
1376283297,35,19
1376283901,35,19
1376284505,35,19
1376285109,35,19
1376285480,34,20
1376286084,34,20
1376286688,34,20
1376287109,35,19
1376287714,35,19
1376288318,35,19
1376288342,36,18
1376288607,35,19
1376289211,35,19
1376289386,34,20
1376289902,33,21
1376290507,33,21
1376291073,32,22
1376291653,31,23
1376291709,30,24
1376291964,29,25
1376292094,30,24
1376292313,31,23
1376292917,31,23
1376293112,30,24
1376293447,29,25
1376293507,28,26
1376293602,29,25
1376293604,29,25
1376293764,28,26
1376293958,27,27
1376294561,27,27
1376295165,27,27
1376295769,27,27
1376296373,27,27
1376296711,26,28
1376296732,28,26
1376297336,28,26
1376297940,28,26
1376298544,28,26
1376299076,28,26
1376299215,26,28
1376299819,26,28
1376300423,26,28
1376300942,25,29
1376301221,25,29
1376301262,26,28
1376301841,25,29
1376301991,26,28
1376302019,25,29
1376302117,25,29
1376302139,26,28
1376302207,25,29
1376302698,24,30
1376303021,24,30
1376303067,26,28
1376303554,27,27
1376304159,27,27
1376304764,27,27
1376305215,28,26
1376305528,29,25
1376305631,28,26
1376305766,29,25
1376306370,29,25
1376306853,30,24
1376307281,32,22
1376307886,32,22
1376308421,32,22
1376308445,31,23
1376309050,31,23
1376309655,31,23
1376309693,30,24
1376309892,31,23
1376309928,31,23
1376310010,31,23
1376310152,32,22
1376310178,33,21
1376310305,32,22
1376310909,32,22
1376310987,31,23
1376311230,32,22
1376311338,31,23
1376311451,32,22
1376312055,32,22
1376312660,32,22
1376312725,33,21
1376312917,33,21
1376312928,34,20
1376313043,35,19
1376313207,34,20
1376313334,35,19
1376313939,35,19
1376314106,34,20
1376314149,34,20
1376314213,34,20
1376314256,35,19
1376314706,35,19
1376315187,34,20
1376315358,33,21
1376315755,32,22
1376316359,32,22
1376316963,32,22
1376317362,32,22
1376317407,33,21
1376317464,33,21
1376317492,34,20
1376317642,33,21
1376317682,32,22
1376317725,32,22
1376317983,32,22
1376318533,33,21
1376319137,33,21
1376319402,33,21
1376319462,36,18
1376319493,37,17
1376319583,36,18
1376319641,36,18
1376319644,37,17
1376319717,36,18
1376319790,37,17
1376319838,38,16
1376320037,36,18
1376320070,35,19
1376320675,35,19
1376320867,36,18
1376320923,37,17
1376321527,37,17
1376322080,37,17
1376322145,38,16
1376322244,39,15
1376322436,38,16
1376322880,37,17
1376322997,39,15
1376323040,38,16
1376323410,37,17
1376323895,35,19
1376323955,34,20
1376324021,35,19
1376324081,35,19
1376324123,37,17
1376324251,36,18
1376324583,37,17
1376324944,36,18
1376325373,37,17
1376325410,37,17
1376325493,36,18
1376325701,37,17
1376325751,36,18
1376325830,35,19
1376326063,35,19
1376326074,36,18
1376326300,35,19
1376326904,35,19
1376327066,34,20
1376327670,34,20
1376327835,35,19
1376328440,35,19
1376328522,35,19
1376328524,34,20
1376329182,34,20
1376329224,32,22
1376329483,35,19
1376329508,33,21
1376329999,32,22
1376330150,31,23
1376330222,32,22
1376330361,33,21
1376330662,32,22
1376331096,32,22
1376331110,33,21
1376331557,34,20
1376331880,34,20
1376331933,34,20
1376331946,34,20
1376332182,35,19
1376332787,35,19
1376333417,33,21
1376333556,33,21
1376333593,34,20
1376334040,33,20
1376334058,33,21
1376334210,32,22
1376334338,31,23
1376334555,29,25
1376334688,28,26
1376334823,28,26
1376334869,25,29
1376334999,25,29
1376335023,28,26
1376335626,28,26
1376335887,29,25
1376336218,28,26
1376336416,28,26
1376336447,29,25
1376337052,29,25
1376337656,29,25
1376337936,30,24
1376338179,29,25
1376338646,30,24
1376339249,30,24
1376339675,29,25
1376340255,28,26
1376340357,27,27
1376340715,28,26
1376340822,27,27
1376340841,24,30
1376341415,23,31
1376341583,20,34
1376341743,20,34
1376342347,20,34
1376342951,20,34
1376343332,21,33
1376343375,19,35
1376343793,18,36
1376344398,18,36
1376345012,17,37
1376345055,16,38
1376345268,15,39
1376345659,14,40
1376346263,14,40
1376346867,14,40
1376347333,15,39
1376347938,15,39
1376348543,15,39
1376348797,15,39
1376348825,15,39
1376349429,15,39
1376350033,15,39
1376350637,15,39
1376350814,13,41
1376351418,13,41
1376352022,13,41
1376352626,13,41
1376353230,13,41
1376353833,13,41
1376354140,14,40
1376354192,16,38
1376354260,18,36
1376354322,20,34
1376354368,22,32
1376354431,25,29
1376354495,28,26
1376354544,29,25
1376354622,31,23
1376354670,32,22
1376354687,33,21
1376355083,32,22
1376355247,32,22
1376355287,33,21
1376355892,33,21
1376356496,33,21
1376357019,32,22
1376357060,32,22
1376357664,32,22
1376357923,32,22
1376357931,32,22
1376358535,32,22
1376359139,32,22
1376359743,32,22
1376360347,32,22
1376360950,32,22
1376361554,32,22
1376362158,32,22
1376362762,32,22
1376363366,32,22
1376363970,32,22
1376364574,32,22
1376365177,32,22
1376365781,32,22
1376366385,32,22
1376366989,32,22
1376367592,32,22
1376368196,32,22
1376368800,32,22
1376369404,32,22
1376370007,32,22
1376370611,32,22
1376371215,32,22
1376371471,33,21
1376372074,33,21
1376372571,32,22
1376373176,32,22
1376373580,32,22
1376373595,33,21
1376374200,33,21
1376374804,33,21
1376374981,32,22
1376375289,31,23
1376375893,31,23
1376376389,32,22
1376376823,31,23
1376377002,31,23
1376377005,30,24
1376377609,30,24
1376377762,31,23
1376378025,30,24
1376378066,29,25
1376378150,28,26
1376378206,28,26
1376378407,29,25
1376379011,28,26
1376379441,28,26
1376379480,29,25
1376379882,29,25
1376379900,30,24
1376380057,29,25
1376380116,29,25
1376380134,30,24
1376380703,28,26
1376381024,28,26
1376381141,26,28
1376381202,26,28
1376381806,26,28
1376382410,26,28
1376382481,25,29
1376382929,23,31
1376383534,23,31
1376383719,24,30
1376384083,23,31
1376384687,23,31
1376385291,23,31
1376385392,24,30
1376385503,24,30
1376385625,24,30
1376385692,24,30
1376385714,25,29
1376386022,26,28
1376386121,25,29
1376386173,24,30
1376386241,23,31
1376386361,23,31
1376386544,23,31
1376386584,24,30
1376386635,25,29
1376386721,25,29
1376386821,27,27
1376386890,27,27
1376386926,28,26
1376387134,29,25
1376387739,29,25
1376388197,29,25
1376388321,28,26
1376388460,28,26
1376388480,29,25
1376388691,28,26
1376388709,27,27
1376388996,28,26
1376389094,29,25
1376389698,29,25
1376390139,29,25
1376390188,29,25
1376390483,30,24
1376390601,31,23
1376390980,32,22
1376391277,32,22
1376391291,33,21
1376391797,32,22
1376392402,32,22
1376392550,31,23
1376392888,29,25
1376393344,28,26
1376393948,28,26
1376394073,29,25
1376394457,28,26
1376395062,28,26
1376395337,27,27
1376395453,28,26
1376395932,27,27
1376396121,26,28
1376396726,26,28
1376396830,27,27
1376397267,26,28
1376397691,28,26
1376398296,28,26
1376398653,28,26
1376398667,29,25
1376398775,28,26
1376399139,27,27
1376399193,27,27
1376399264,28,26
1376399868,28,26
1376400471,28,26
1376400929,28,26
1376400958,29,25
1376401087,29,25
1376401202,29,25
1376401812,29,25
1376402417,29,25
1376403021,29,25
1376403607,30,24
1376404212,30,24
1376404307,29,25
1376404911,29,25
1376405515,29,25
1376405868,28,26
1376406053,27,27
1376406601,28,26
1376406745,27,27
1376406821,26,28
1376407303,27,27
1376407347,26,28
1376407833,27,27
1376407973,26,28
1376408577,26,28
1376408752,25,29
1376409004,24,30
1376409129,24,30
1376409517,24,30
1376409609,25,29
1376409857,24,30
1376409911,23,31
1376410004,21,33
1376410036,22,32
1376410423,21,33
1376410602,20,34
1376410816,19,35
1376411117,20,34
1376411334,19,35
1376411460,18,36
1376411639,19,35
1376411736,19,35
1376411748,20,34
1376412134,19,35
1376412402,18,36
1376412421,16,38
1376412519,15,39
1376412810,15,39
1376413119,14,40
1376413142,15,39
1376413242,16,38
1376413289,17,37
1376413329,17,37
1376413375,16,38
1376413898,17,37
1376414303,16,38
1376414337,16,38
1376414444,16,38
1376414457,17,37
1376414796,18,36
1376415062,17,37
1376415666,17,37
1376416038,18,36
1376416299,18,36
1376416330,20,34
1376416855,21,33
1376416955,19,35
1376416989,19,35
1376417170,18,36
1376417312,17,36
1376417326,18,36
1376417487,18,36
1376417551,19,35
1376417611,19,35
1376418216,19,35
1376418339,20,34
1376418943,20,34
1376419016,21,33
1376419378,20,34
1376419476,21,33
1376419972,20,34
1376420281,18,36
1376420441,17,37
1376421045,17,37
1376421649,17,37
1376421721,18,36
1376421974,17,37
1376422589,16,38
1376423193,16,38
1376423797,16,38
1376423961,17,37
1376424329,16,38
1376424752,15,39
1376425356,15,39
1376425959,15,39
1376426306,14,40
1376426383,13,41
1376426725,12,42
1376427133,11,43
1376427470,10,44
1376427533,9,45
1376428137,9,45
1376428471,8,46
1376429020,7,47
1376429600,6,48
1376429861,5,49
1376429895,4,50
1376430500,4,50
1376431104,4,50
1376431474,3,51
1376431522,2,52
1376432127,2,52
1376432730,2,52
1376432890,0,54
1376432969,0,54
1376433026,0,54
1376433631,0,54
1376434235,0,54
1376434838,0,54
1376435442,0,54
1376436046,0,54
1376436650,0,54
1376437253,0,54
1376437858,0,54
1376438462,0,54
1376439065,0,54
1376439669,0,54
1376440273,0,54
1376440877,0,54
1376441480,0,54
1376442097,0,54
1376442152,0,54
1376442223,0,54
1376442277,0,54
1376442344,0,54
1376442396,0,54
1376442465,0,54
1376442525,0,54
1376442579,0,54
1376442653,20,34
1376443258,20,34
1376443861,20,34
1376444315,20,34
1376444678,19,35
1376444690,19,35
1376445294,19,35
1376445898,19,35
1376445985,19,35
1376446063,19,35
1376446117,25,29
1376446179,28,26
1376446196,29,25
1376446800,29,25
1376447404,29,25
1376448008,29,25
1376448612,29,25
1376449215,29,25
1376449819,29,25
1376450423,29,25
1376451027,29,25
1376451631,29,25
1376452235,29,25
1376452393,28,26
1376452996,28,26
1376453600,28,26
1376454204,28,26
1376454808,28,26
1376455411,28,26
1376456015,28,26
1376456619,28,26
1376457223,28,26
1376457826,28,26
1376458430,28,26
1376458632,27,27
1376459236,27,27
1376459840,27,27
1376459883,28,26
1376460488,28,26
1376461091,28,26
1376461211,27,27
1376461815,27,27
1376462026,27,27
1376462043,28,26
1376462648,28,26
1376463223,28,26
1376463226,27,27
1376463373,28,26
1376463753,28,26
1376463772,29,25
1376464376,29,25
1376464784,28,26
1376464905,28,26
1376464963,27,27
1376465017,27,27
1376465080,27,27
1376465144,28,26
1376465156,27,27
1376465314,28,26
1376465376,27,27
1376465410,27,27
1376465500,27,27
1376465668,27,27
1376465742,26,27
1376465765,27,26
1376465977,27,26
1376466039,27,26
1376466061,28,25
1376466179,27,26
1376466354,26,27
1376466459,26,27
1376466482,27,26
1376466746,27,26
1376466767,28,25
1376467371,28,25
1376467503,27,26
1376467834,27,26
1376468024,28,25
1376468055,29,24
1376468194,28,25
1376468215,29,24
1376468834,28,25
1376469152,28,25
1376469172,29,24
1376469432,29,24
1376469568,29,24
1376469617,28,25
1376469665,28,25
1376469749,28,25
1376469822,29,24
1376469876,30,22
1376469892,30,22
1376469964,30,22
1376470026,31,21
1376470087,32,20
1376470317,31,21
1376470435,30,22
1376470692,31,21
1376471144,32,20
1376471680,31,21
1376471742,31,21
1376471768,32,20
1376472371,32,21
1376472975,32,21
1376473102,31,22
1376473215,31,22
1376473259,32,21
1376473363,32,21
1376473401,33,20
1376473932,33,20
1376474172,34,19
1376474573,33,20
1376474681,33,20
1376474715,34,19
1376474856,34,19
1376474869,35,18
1376474966,33,20
1376475007,32,21
1376475264,31,22
1376475328,31,22
1376475379,31,22
1376475408,32,21
1376475676,32,21
1376475818,32,21
1376475863,33,20
1376475903,34,19
1376476003,35,18
1376476029,37,16
1376476597,38,15
1376476902,39,14
1376476919,39,14
1376476998,40,13
1376477060,41,12
1376477127,41,12
1376477163,42,11
1376477310,42,11
1376477354,42,11
1376477534,41,12
1376478139,41,12
1376478167,41,12
1376478302,41,12
1376478380,41,12
1376478419,42,11
1376478508,42,11
1376478538,43,10
1376479178,44,9
1376479710,43,10
1376479739,42,11
1376480343,42,11
1376480485,42,11
1376480541,42,10
1376480615,43,9
1376480637,42,10
1376481178,43,9
1376481620,42,10
1376482243,42,11
1376482246,41,12
1376482850,41,12
1376482952,42,11
1376483183,41,12
1376483478,40,13
1376484001,40,13
1376484065,41,12
1376484167,40,13
1376484302,41,12
1376484906,41,12
1376485072,40,13
1376485500,39,14
1376486076,38,15
1376486126,38,15
1376486200,38,15
1376486212,39,14
1376486276,38,15
1376486841,37,16
1376487042,36,16
1376487052,36,17
1376487245,36,17
1376487314,36,16
1376487400,37,15
1376487531,37,15
1376487646,37,15
1376488152,38,14
1376488315,37,15
1376488392,38,14
1376488531,39,13
1376488663,37,15
1376489268,37,16
1376489613,33,20
1376489681,32,21
1376490280,31,22
1376490694,30,23
1376490756,30,23
1376491030,31,22
1376491363,31,22
1376491366,30,23
1376491653,30,23
1376491705,30,23
1376491748,31,22
1376491842,32,21
1376491871,33,20
1376491942,33,20
1376492545,33,20
1376493149,33,20
1376493261,32,21
1376493307,32,21
1376493362,31,22
1376493461,31,22
1376493521,31,22
1376493583,31,22
1376493629,32,21
1376494178,33,20
1376494195,33,20
1376494333,31,22
1376494416,32,21
1376494655,31,22
1376495018,32,21
1376495623,32,21
1376495657,33,20
1376496262,33,20
1376496866,33,20
1376497209,32,21
1376497652,33,20
1376497715,34,19
1376497784,35,18
1376497835,36,17
1376497882,37,16
1376497923,38,15
1376498111,37,16
1376498214,37,16
1376498273,37,16
1376498366,37,16
1376498414,38,15
1376498476,39,14
1376498613,38,15
1376498662,39,13
1376498799,41,11
1376498851,40,12
1376498898,41,11
1376499146,40,12
1376499207,39,13
1376499375,38,14
1376499426,37,15
1376500031,37,16
1376500230,36,17
1376500280,37,16
1376500360,36,17
1376500754,35,18
1376500831,36,17
1376501436,36,17
1376501605,35,18
1376501763,34,19
1376501924,34,19
1376501927,33,20
1376502147,32,21
1376502215,31,22
1376502282,33,20
1376502339,33,20
1376502395,36,17
1376502508,35,18
1376502943,35,18
1376502955,36,17
1376503362,36,17
1376503365,35,18
1376503482,34,19
1376503493,34,19
1376503683,33,20
1376503880,31,22
1376504152,30,23
1376504383,29,24
1376504624,29,24
1376504635,30,23
1376504693,29,24
1376504801,28,24
1376504821,28,25
1376505042,25,28
1376505044,24,29
1376505108,23,30
1376505464,23,30
1376505540,21,32
1376506145,21,32
1376506580,20,33
1376506888,20,33
1376506928,21,32
1376507305,20,33
1376507737,20,33
1376507799,21,32
1376507822,21,32
1376507868,22,31
1376508473,22,31
1376508712,21,32
1376509316,21,32
1376509604,21,32
1376509713,18,35
1376510317,18,35
1376510921,18,35
1376511525,18,35
1376512128,18,35
1376512600,17,35
1376512610,17,36
1376513105,16,37
1376513709,16,37
1376514312,16,37
1376514452,17,36
1376514539,16,37
1376515143,16,37
1376515747,16,37
1376515900,16,37
1376515921,17,36
1376516315,15,38
1376516440,15,38
1376516462,16,37
1376517068,16,37
1376517180,15,38
1376517784,15,38
1376518055,14,39
1376518659,14,39
1376518961,12,41
1376519565,12,41
1376519799,10,43
1376519821,9,44
1376520425,9,44
1376520922,8,45
1376521527,8,45
1376521880,7,46
1376522485,7,46
1376522683,7,46
1376522686,8,45
1376522802,10,43
1376522863,13,40
1376522923,15,38
1376522972,18,35
1376523039,21,32
1376523093,24,29
1376523157,25,28
1376523222,27,26
1376523259,29,24
1376523292,30,23
1376523381,31,22
1376523986,31,22
1376524256,31,22
1376524314,31,22
1376524395,32,21
1376524999,32,21
1376525065,31,22
1376525135,31,22
1376525255,31,22
1376525271,32,21
1376525731,31,22
1376525780,31,22
1376525864,32,21
1376525865,32,21
1376526470,32,21
1376526699,32,21
1376526734,34,19
1376526815,34,19
1376526870,36,17
1376526943,37,16
1376526958,38,15
1376527061,39,14
1376527118,42,10
1376527182,46,6
1376527213,47,5
1376527295,49,3
1376527421,48,4
1376527478,48,4
1376527541,48,4
1376527592,49,3
1376527658,48,4
1376528262,48,5
1376528866,48,5
1376529470,48,5
1376530073,48,5
1376530720,48,5
1376530809,48,5
1376531413,48,5
1376532016,48,5
1376532620,48,5
1376533224,48,5
1376533828,48,5
1376534100,47,6
1376534705,47,6
1376535086,47,6
1376535146,47,6
1376535202,48,5
1376535806,48,5
1376536410,48,5
1376536594,48,3
1376536622,48,2
1376536957,47,3
1376536968,47,3
1376537573,47,3
1376538177,47,3
1376538469,46,4
1376538621,45,5
1376539225,45,5
1376539828,45,5
1376540239,44,6
1376540843,44,6
1376541447,44,6
1376542050,44,6
1376542108,42,8
1376542712,42,8
1376543316,42,8
1376543753,41,9
1376544357,41,9
1376544961,41,9
1376545565,41,9
1376545897,42,8
1376546502,42,8
1376546635,41,9
1376547239,41,9
1376547882,41,9
1376547885,40,10
1376548252,39,11
1376548855,39,11
1376549031,38,12
1376549635,38,12
1376549875,37,13
1376550479,37,13
1376550987,37,13
1376551118,37,13
1376551180,38,13
1376551239,38,13
1376551303,38,13
1376551363,38,13
1376551404,38,14
1376551455,38,14
1376551503,39,13
1376551561,37,15
1376551689,36,15
1376551755,37,15
1376551991,37,15
1376552169,37,15
1376552238,36,16
1376552270,36,16
1376552355,37,15
1376552496,37,15
1376552525,37,15
1376552616,37,15
1376552667,38,15
1376552709,37,16
1376552766,38,15
1376552859,38,15
1376552933,39,14
1376553357,38,15
1376553500,39,14
1376553557,38,15
1376553637,37,16
1376553674,37,16
1376553749,38,15
1376553925,38,15
1376553997,39,14
1376554133,39,14
1376554201,40,13
1376554839,40,12
1376554881,41,12
1376554911,42,11
1376555540,41,12
1376555718,39,14
1376556336,38,15
1376556402,39,14
1376556822,39,14
1376556825,40,13
1376557001,40,13
1376557005,42,11
1376557609,42,11
1376557957,40,13
1376558561,40,13
1376558802,39,13
1376558821,39,14
1376559398,38,15
1376559419,37,16
1376559607,35,18
1376559730,35,18
1376559890,34,19
1376560494,34,19
1376560659,33,20
1376560709,33,20
1376560765,32,21
1376560823,32,21
1376561049,34,19
1376561244,33,20
1376561429,32,21
1376562033,32,21
1376562341,32,21
1376562382,32,21
1376562455,33,20
1376562488,34,19
1376562573,34,19
1376562609,35,18
1376562698,35,18
1376562729,36,17
1376562866,35,18
1376563084,36,17
1376563689,36,17
1376563903,36,17
1376563955,37,16
1376563985,38,15
1376564072,34,19
1376564140,34,19
1376564149,35,18
1376564562,35,18
1376564581,34,19
1376565112,32,21
1376565359,32,21
1376565463,31,22
1376565485,30,23
1376565642,29,24
1376565927,30,23
1376566343,31,22
1376566946,31,22
1376567102,30,23
1376567695,31,22
1376567783,30,23
1376568225,31,22
1376568282,32,21
1376568886,32,21
1376569490,32,21
1376569832,33,20
1376570437,33,20
1376570713,30,23
1376570883,31,22
1376571139,30,23
1376571522,31,22
1376571525,32,21
1376571701,32,21
1376571726,32,21
1376571804,32,21
1376571848,33,20
1376571925,33,20
1376571996,32,21
1376572040,32,21
1376572115,33,20
1376572180,34,19
1376572251,34,19
1376572360,32,21
1376572381,32,21
1376572483,33,20
1376572496,33,20
1376572583,34,19
1376572803,33,20
1376573017,31,22
1376573108,32,21
1376573711,32,21
1376574082,32,21
1376574143,33,20
1376574205,35,18
1376574276,35,18
1376574312,36,17
1376574873,36,17
1376574913,36,17
1376574951,37,16
1376575334,38,15
1376575614,39,14
1376575757,39,14
1376575804,40,13
1376576035,39,14
1376576135,40,13
1376576176,40,13
1376576251,40,13
1376576303,41,12
1376576559,42,11
1376576787,41,12
1376577099,41,12
1376577153,42,11
1376577282,42,11
1376577302,44,9
1376577885,44,9
1376577899,42,11
1376578155,44,9
1376578743,43,10
1376579217,42,11
1376579371,40,13
1376579620,41,12
1376579826,39,14
1376580334,38,15
1376580473,39,14
1376580572,39,14
1376580629,41,12
1376580809,39,14
1376580880,41,12
1376581293,42,11
1376581356,44,9
1376581475,43,10
1376581536,44,9
1376581582,45,8
1376581616,45,8
1376581710,46,7
1376581772,47,6
1376581895,45,8
1376581955,45,8
1376582021,46,7
1376582024,47,6
1376582517,46,7
1376582890,44,9
1376583012,43,10
1376583080,43,10
1376583161,43,10
1376583164,42,11
1376583511,41,12
1376583553,41,12
1376583754,40,13
1376583768,40,13
1376583876,41,12
1376583887,42,11
1376584361,40,13
1376584419,40,13
1376584432,40,13
1376584536,40,13
1376585141,40,13
1376585429,38,15
1376585956,40,13
1376586561,40,13
1376587124,40,13
1376587134,41,12
1376587738,41,12
1376588017,40,13
1376588059,40,13
1376588099,41,12
1376588168,41,12
1376588223,42,11
1376588286,42,11
1376588375,43,10
1376588414,44,9
1376589019,44,9
1376589622,44,9
1376590226,44,9
1376590302,43,10
1376590305,42,11
1376590507,42,11
1376590880,43,10
1376591427,42,11
1376591739,41,12
1376591749,41,12
1376591997,42,11
1376592223,40,12
1376592263,40,13
1376592291,40,13
1376592379,38,15
1376592459,38,15
1376592512,39,14
1376592564,40,13
1376592833,39,14
1376593437,39,14
1376594041,39,14
1376594644,39,14
1376595248,39,14
1376595396,39,14
1376595443,40,13
1376595493,41,12
1376596049,40,13
1376596653,40,13
1376597257,40,13
1376597489,41,12
1376597541,40,13
1376598142,38,15
1376598548,38,15
1376598599,39,14
1376598692,37,16
1376599296,37,16
1376599421,37,16
1376599424,36,17
1376599952,37,16
1376600556,37,16
1376600568,38,15
1376601214,37,16
1376601403,36,17
1376601423,35,18
1376601480,33,20
1376601643,31,22
1376601696,28,25
1376601755,28,25
1376601820,29,24
1376601883,30,23
1376601918,31,22
1376602523,31,22
1376603127,31,22
1376603731,31,22
1376603792,30,23
1376604150,29,24
1376604184,29,24
1376604789,29,24
1376605393,29,24
1376605565,28,25
1376606169,28,25
1376606734,29,24
1376606804,32,21
1376606863,34,19
1376606922,37,16
1376606978,39,14
1376607038,39,14
1376607085,39,14
1376607163,43,10
1376607224,46,7
1376607282,47,6
1376607317,49,4
1376607921,49,4
1376608525,49,4
1376608986,47,6
1376609263,46,7
1376609269,44,9
1376609873,44,9
1376610477,44,9
1376610956,44,9
1376611114,44,9
1376611164,45,8
1376611768,45,8
1376611961,45,8
1376611964,44,9
1376612132,44,9
1376612152,43,10
1376612756,43,10
1376613019,43,10
1376613050,44,9
1376613654,44,9
1376614258,44,9
1376614383,43,10
1376614986,43,10
1376615590,43,10
1376616194,43,10
1376616797,43,10
1376617119,43,10
1376617126,43,10
1376617730,43,10
1376618333,43,10
1376618937,43,10
1376619541,43,10
1376620145,43,10
1376620748,43,10
1376621226,42,11
1376621830,42,11
1376622434,42,11
1376623038,42,11
1376623641,42,11
1376624245,42,11
1376624849,42,11
1376625453,42,11
1376626057,42,11
1376626661,42,11
1376627265,42,11
1376627868,42,11
1376628472,42,11
1376629076,42,11
1376629680,42,11
1376630283,42,11
1376630887,42,11
1376631491,42,11
1376632095,42,11
1376632698,42,11
1376633302,42,11
1376633906,42,11
1376634163,41,12
1376634768,41,12
1376634850,39,14
1376635045,38,15
1376635174,39,14
1376635777,39,14
1376635803,38,15
1376636121,39,14
1376636725,39,14
1376637329,39,14
1376637523,39,14
1376637532,40,13
1376637770,39,14
1376638108,38,15
1376638712,38,15
1376638842,39,14
1376638927,40,13
1376639011,40,13
1376639125,40,12
1376639162,40,11
1376639245,40,10
1376639440,40,8
1376639491,40,8
1376640095,40,8
1376640191,39,9
1376640795,39,9
1376641325,38,10
1376641682,37,11
1376642286,37,11
1376642608,36,12
1376642844,37,11
1376642960,38,10
1376643583,37,11
1376643625,38,10
1376643696,38,10
1376643725,39,9
1376644329,39,9
1376644887,38,10
1376645491,38,10
1376646008,37,11
1376646098,37,11
1376646149,38,10
1376646567,39,9
1376646992,40,8
1376647339,38,10
1376647558,39,9
1376647799,38,10
1376648022,37,11
1376648046,36,12
1376648158,37,11
1376648297,38,10
1376648673,39,9
1376648742,39,9
1376648779,39,9
1376648839,40,8
1376648884,40,8
1376648956,40,8
1376649032,41,7
1376649140,41,7
1376649169,42,6
1376649774,42,6
1376649880,41,7
1376650383,39,9
1376650892,38,10
1376651174,39,9
1376651469,38,10
1376651737,37,11
1376651763,36,12
1376651813,36,12
1376652418,36,12
1376652702,36,12
1376652712,37,11
1376652858,38,10
1376653032,37,11
1376653557,36,12
1376653618,36,12
1376654221,36,12
1376654320,36,12
1376654330,37,11
1376654929,36,12
1376655533,36,12
1376655784,37,11
1376656299,35,13
1376656484,35,13
1376656486,34,14
1376656698,36,12
1376656755,37,11
1376657262,37,11
1376657316,38,10
1376657348,39,9
1376657405,38,10
1376657488,37,11
1376657519,38,10
1376657740,38,10
1376657780,38,10
1376657837,38,10
1376658441,38,10
1376658761,37,11
1376658775,37,11
1376658902,38,10
1376659144,39,9
1376659218,38,10
1376659583,37,11
1376659801,38,10
1376659950,36,12
1376659989,34,14
1376660194,34,14
1376660205,35,13
1376660276,35,13
1376660439,36,12
1376661043,36,12
1376661305,35,13
1376661766,34,14
1376662123,34,14
1376662130,32,16
1376662211,31,17
1376662292,31,17
1376662340,27,21
1376662943,27,21
1376663105,26,22
1376663709,26,22
1376663922,27,21
1376664104,27,21
1376664107,26,22
1376664276,24,24
1376664432,23,25
1376664516,25,23
1376664788,23,25
1376665392,23,25
1376665996,23,25
1376666550,22,26
1376666906,23,25
1376667142,24,24
1376667549,23,25
1376668153,23,25
1376668483,23,25
1376668494,21,27
1376668837,20,28
1376668898,19,29
1376668955,18,30
1376669044,17,31
1376669131,17,31
1376669176,17,31
1376669669,17,31
1376669710,17,31
1376670314,17,31
1376670918,17,31
1376670957,16,32
1376671562,16,32
1376671874,15,33
1376672479,15,33
1376672588,13,35
1376672668,14,34
1376672741,16,32
1376672797,17,31
1376672830,18,30
1376673434,18,30
1376673689,17,31
1376673823,17,31
1376673843,18,30
1376674292,17,31
1376674694,16,32
1376674783,16,32
1376674835,16,32
1376674946,16,32
1376675019,16,32
1376675619,15,33
1376675631,15,33
1376676071,16,32
1376676212,16,32
1376676228,16,32
1376676563,15,33
1376676994,16,32
1376677115,16,32
1376677170,16,32
1376677219,16,32
1376677250,17,31
1376677841,16,32
1376677903,15,33
1376677940,14,34
1376677987,15,33
1376678591,15,33
1376679195,15,33
1376679798,15,33
1376680402,15,33
1376681007,15,33
1376681076,16,32
1376681263,17,31
1376681367,18,30
1376681428,18,30
1376681483,19,29
1376682088,19,29
1376682692,19,29
1376683296,19,29
1376683685,19,29
1376683741,20,28
1376684346,20,28
1376684919,21,27
1376684960,21,27
1376685022,22,26
1376685625,22,26
1376685816,21,27
1376685844,21,27
1376685911,21,27
1376685989,22,26
1376686061,21,26
1376686116,22,26
1376686175,22,26
1376686780,22,26
1376687141,23,25
1376687165,23,25
1376687376,22,26
1376687980,22,26
1376688015,21,27
1376688581,20,28
1376689185,20,28
1376689789,20,28
1376690392,20,28
1376690996,20,28
1376691600,20,28
1376692167,20,28
1376692771,20,28
1376692986,18,30
1376693141,18,30
1376693148,17,31
1376693751,17,31
1376694153,18,30
1376694758,18,30
1376695230,19,29
1376695835,19,29
1376696422,18,30
1376696712,16,32
1376696863,16,32
1376696917,17,31
1376696950,18,30
1376697554,18,30
1376698158,18,30
1376698763,18,30
1376699367,18,30
1376699970,18,30
1376700574,18,30
1376700810,19,29
1376700880,16,32
1376700894,16,32
1376700980,14,34
1376701116,15,33
1376701177,16,32
1376701216,17,31
1376701295,17,31
1376701364,19,29
1376701365,19,29
1376701969,19,29
1376702573,19,29
1376703177,19,29
1376703517,19,29
1376703611,19,29
1376704215,19,29
1376704819,19,29
1376705423,19,29
1376706026,19,29
1376706630,19,29
1376707234,19,29
1376707838,19,29
1376708441,19,29
1376709045,19,29
1376709649,19,29
1376710253,19,29
1376710442,19,29
1376710487,20,28
1376711092,20,28
1376711695,20,28
1376712299,20,28
1376712903,20,28
1376712997,19,28
1376713018,19,29
1376713622,19,29
1376714246,19,29
1376714323,20,28
1376714927,20,28
1376715531,20,28
1376716135,20,28
1376716738,20,28
1376717342,20,28
1376717946,20,28
1376718550,20,28
1376719153,20,28
1376719757,20,28
1376720361,20,28
1376720965,20,28
1376721568,20,28
1376722172,20,28
1376722776,20,28
1376723380,20,28
1376723983,20,28
1376724101,20,28
1376724705,20,28
1376725309,20,28
1376725913,20,28
1376726564,19,29
1376726579,17,31
1376726658,17,31
1376726723,17,31
1376726803,19,29
1376726848,20,28
1376727392,21,27
1376727438,21,27
1376727761,22,26
1376727793,21,27
1376727996,22,26
1376728409,23,25
1376729013,23,25
1376729617,23,25
1376729993,22,26
1376730566,20,28
1376730638,19,29
1376730657,18,30
1376730772,17,31
1376730981,16,32
1376731042,15,33
1376731091,16,32
1376731201,15,33
1376731298,14,34
1376731359,15,33
1376731472,16,32
1376731872,15,33
1376732246,14,34
1376732365,13,35
1376732421,13,35
1376732484,13,35
1376732562,14,34
1376732789,15,33
1376732850,14,34
1376733197,13,35
1376733280,13,35
1376733306,13,35
1376733366,11,37
1376733837,9,39
1376734281,7,41
1376734644,8,40
1376734692,9,39
1376734916,8,40
1376735315,6,42
1376735904,6,42
1376735936,8,40
1376736541,8,40
1376736683,7,41
1376736754,7,41
1376736806,8,40
1376736877,10,38
1376736933,11,37
1376736987,13,35
1376737061,14,34
1376737102,15,33
1376737477,14,34
1376737650,14,34
1376737710,15,33
1376737745,15,33
1376737824,17,31
1376737903,19,29
1376738008,15,33
1376738194,16,32
1376738255,19,29
1376738381,19,29
1376738402,20,28
1376738473,21,27
1376738547,22,26
1376738580,23,25
1376739215,22,26
1376739339,23,25
1376739944,23,25
1376740056,22,26
1376740602,23,25
1376740606,21,27
1376740716,22,25
1376740776,22,26
1376740837,23,25
1376740863,24,24
1376741467,24,24
1376742070,24,24
1376742239,24,24
1376742341,24,24
1376742571,25,23
1376742882,24,24
1376742917,24,24
1376743003,24,24
1376743013,25,23
1376743615,26,22
1376744256,25,23
1376744441,26,22
1376745045,26,22
1376745343,26,22
1376745346,25,23
1376745506,26,22
1376745533,25,23
1376745607,26,22
1376745660,27,21
1376745962,26,22
1376746566,26,22
1376746809,26,22
1376746898,26,22
1376746928,26,22
1376747486,25,23
1376747521,25,23
1376747620,25,23
1376747683,26,22
1376747685,27,21
1376747820,28,20
1376747929,27,21
1376748393,26,22
1376748502,25,23
1376748945,25,23
1376749176,22,26
1376749240,22,26
1376749295,24,24
1376749346,27,21
1376749408,27,21
1376749465,26,22
1376749520,28,20
1376750124,28,20
1376750381,25,22
1376750408,25,23
1376751012,25,23
1376751616,25,23
1376751725,24,24
1376752204,23,25
1376752456,24,24
1376752842,24,24
1376752865,26,22
1376753142,26,22
1376753146,25,23
1376753294,24,24
1376753368,22,26
1376753852,20,28
1376753948,20,28
1376754044,20,27
1376754099,20,27
1376754145,21,26
1376754183,22,25
1376754243,20,27
1376754848,20,28
1376755452,20,28
1376755760,21,27
1376756364,21,27
1376756478,20,28
1376756563,18,30
1376756567,18,30
1376757171,18,30
1376757323,17,31
1376757858,15,33
1376757925,15,33
1376757994,15,33
1376758014,17,31
1376758618,17,31
1376758768,16,32
1376758963,16,32
1376758977,17,31
1376759547,17,31
1376759599,17,31
1376759634,18,30
1376760074,17,31
1376760400,17,31
1376760413,18,30
1376760877,17,30
1376760942,15,33
1376760952,15,33
1376761242,15,33
1376761257,16,32
1376761359,15,33
1376761964,15,33
1376762204,15,33
1376762218,16,32
1376762838,13,35
1376763154,13,35
1376763172,14,34
1376763776,14,34
1376763944,14,34
1376763965,14,34
1376764152,15,33
1376764756,15,33
1376764998,14,34
1376765440,13,35
1376765450,13,35
1376765984,14,34
1376766011,15,33
1376766104,14,33
1376766161,16,32
1376766206,16,32
1376766459,16,32
1376766581,16,32
1376766611,16,32
1376766699,16,32
1376766728,16,32
1376766818,17,31
1376766832,18,30
1376766938,17,31
1376767000,18,30
1376767604,18,30
1376767982,17,31
1376768253,17,31
1376768282,19,29
1376768886,19,29
1376769491,19,29
1376770095,19,29
1376770418,18,30
1376771022,18,30
1376771626,18,30
1376771818,17,31
1376772422,17,31
1376772766,16,32
1376772782,15,33
1376773386,15,33
1376773990,15,33
1376774259,14,34
1376774863,14,34
1376775362,14,34
1376775552,14,34
1376776156,14,34
1376776718,12,36
1376776811,11,37
1376776922,10,38
1376777526,10,38
1376778130,10,38
1376778745,9,39
1376779349,9,39
1376779953,9,39
1376780557,9,39
1376781161,9,39
1376781764,9,39
1376782368,9,39
1376782499,8,40
1376783102,8,40
1376783565,8,40
1376783570,10,38
1376783863,8,40
1376784212,7,41
1376784751,7,41
1376784823,8,40
1376784859,8,40
1376785463,8,40
1376785900,8,40
1376785918,9,39
1376786307,8,40
1376786911,8,40
1376787515,8,40
1376787879,8,40
1376787885,7,41
1376788489,7,41
1376789093,7,41
1376789696,7,41
1376789937,7,41
1376790540,7,41
1376791144,7,41
1376791748,7,41
1376792351,7,41
1376792955,7,41
1376793559,7,41
1376794163,7,41
1376794767,7,41
1376795370,7,41
1376795974,7,41
1376796460,6,42
1376797064,6,42
1376797668,6,42
1376797887,5,43
1376798492,5,43
1376799095,5,43
1376799699,5,43
1376800303,5,43
1376800889,6,42
1376801493,6,42
1376802097,6,42
1376802701,6,42
1376803119,5,43
1376803724,5,43
1376804327,5,43
1376804931,5,43
1376805535,5,43
1376806139,5,43
1376806350,6,42
1376806954,6,42
1376807558,6,42
1376808162,6,42
1376808766,6,42
1376809370,6,42
1376809974,6,42
1376810578,6,42
1376810813,5,43
1376811151,6,42
1376811205,5,43
1376811256,6,42
1376811509,5,43
1376812114,5,43
1376812718,5,43
1376812772,5,43
1376812792,6,42
1376813396,6,42
1376814000,6,42
1376814604,6,42
1376814989,5,43
1376815171,3,45
1376815775,3,45
1376816379,3,45
1376816982,3,45
1376817231,2,46
1376817836,2,46
1376818416,2,46
1376818464,4,44
1376819068,4,44
1376819252,3,45
1376819856,3,45
1376819970,2,46
1376820574,2,46
1376820607,1,47
1376820858,0,48
1376821463,0,48
1376822067,0,48
1376822670,0,48
1376822726,0,48
1376822750,1,47
1376823354,1,47
1376823646,1,47
1376823688,3,45
1376823739,2,46
1376823777,3,45
1376824381,3,45
1376824984,3,45
1376825588,3,45
1376825671,3,45
1376825693,4,44
1376826297,4,44
1376826537,3,45
1376827141,3,45
1376827692,3,45
1376827951,2,46
1376828052,2,46
1376828123,3,45
1376828194,4,44
1376828798,4,44
1376829403,4,44
1376829443,5,43
1376829494,6,42
1376829568,5,43
1376829703,6,42
1376830307,6,42
1376830911,6,42
1376831514,6,42
1376831800,5,42
1376831846,5,43
1376832153,4,44
1376832165,4,44
1376832400,4,44
1376833003,4,44
