1376208693,30,39
1376209214,31,38
1376209559,32,37
1376210185,32,37
1376210350,30,39
1376210911,30,39
1376210984,30,39
1376210988,29,40
1376211592,29,40
1376211728,29,40
1376211777,30,39
1376212036,29,40
1376212121,29,40
1376212180,30,39
1376212669,30,39
1376212820,30,39
1376212961,31,38
1376213070,30,39
1376213108,30,39
1376213167,31,38
1376213260,29,40
1376213290,30,39
1376213708,30,39
1376213862,30,39
1376213989,29,40
1376214099,29,40
1376214154,30,39
1376214282,31,38
1376214307,31,38
1376214463,32,37
1376214521,32,37
1376214638,31,38
1376214815,31,38
1376215418,31,38
1376215532,29,40
1376215662,30,39
1376215701,31,38
1376215763,31,38
1376215840,32,37
1376215897,32,37
1376215933,33,36
1376215997,33,36
1376216074,32,37
1376216122,31,38
1376216150,32,37
1376216563,32,37
1376216566,33,36
1376216861,31,38
1376216864,30,39
1376217223,30,39
1376217242,28,41
1376217617,28,41
1376217680,28,41
1376217740,29,40
1376217821,29,40
1376217877,27,42
1376217887,28,41
1376218144,28,41
1376218254,28,41
1376218370,28,41
1376218509,28,41
1376218548,29,40
1376218630,29,40
1376218688,30,39
1376218871,29,40
1376219421,28,41
1376219474,28,41
1376219540,28,41
1376219571,29,40
1376219678,28,41
1376219716,26,43
1376220163,25,44
1376220171,24,45
1376220433,22,47
1376220759,21,48
1376220963,21,48
1376221054,21,48
1376221118,23,46
1376221163,23,46
1376221240,24,45
1376221346,21,48
1376221623,21,48
1376221699,22,47
1376221736,23,46
1376221841,24,45
1376221871,25,44
1376222230,25,44
1376222395,25,44
1376222492,26,43
1376222558,26,43
1376222592,27,42
1376223196,27,42
1376223701,25,44
1376223730,26,43
1376224334,26,43
1376224938,26,43
1376225270,25,44
1376225680,25,44
1376225685,24,45
1376226051,23,46
1376226142,21,48
1376226211,21,48
1376226272,22,47
1376226333,20,49
1376226393,20,49
1376226425,21,48
1376226575,21,48
1376226631,22,47
1376226779,23,46
1376226872,24,45
1376226967,23,46
1376227055,23,46
1376227076,23,46
1376227236,24,45
1376227286,23,46
1376227532,22,47
1376227602,22,47
1376227627,22,47
1376227688,20,49
1376227781,21,48
1376227839,19,50
1376227903,19,50
1376227944,21,48
1376228021,22,47
1376228079,23,46
1376228136,24,45
1376228221,19,50
1376228368,17,52
1376228438,17,52
1376228501,17,52
1376228563,17,52
1376228619,15,54
1376228742,14,55
1376228911,14,55
1376229147,14,55
1376229377,13,56
1376229447,12,57
1376229578,12,57
1376229638,12,57
1376229702,11,58
1376229755,12,57
1376229790,11,58
1376230102,10,59
1376230183,9,60
1376230188,8,61
1376230408,8,61
1376230480,9,60
1376230591,10,59
1376230663,9,60
1376230722,10,59
1376230769,11,58
1376230816,11,58
1376231078,10,59
1376231088,9,60
1376231255,8,61
1376231653,8,61
1376231797,7,62
1376231847,6,63
1376232261,5,64
1376232343,5,64
1376232402,8,61
1376232445,8,61
1376232497,7,62
1376232574,5,64
1376232641,5,64
1376232696,5,64
1376232735,5,64
1376232813,4,65
1376232867,5,64
1376232903,6,63
1376233299,5,64
1376233358,3,66
1376233894,3,66
1376233951,4,65
1376234018,5,64
1376234063,4,65
1376234259,2,67
1376234601,0,69
1376235064,2,67
1376235216,1,68
1376235261,2,67
1376235491,1,68
1376235576,0,68
1376235687,2,66
1376235762,2,66
1376235774,3,65
1376235878,2,66
1376235942,3,66
1376236061,2,67
1376236111,3,66
1376236166,4,65
1376236322,3,66
1376236386,2,67
1376236637,1,68
1376236717,0,69
1376237187,0,69
1376237261,2,67
1376237316,3,66
1376237346,5,64
1376237499,5,64
1376237510,6,63
1376237736,5,64
1376238221,6,63
1376238275,6,63
1376238321,6,63
1376238510,4,65
1376238561,4,65
1376238640,4,65
1376238735,3,66
1376238905,4,65
1376239100,4,65
1376239124,4,65
1376239270,3,66
1376239332,5,64
1376239774,5,64
1376239841,5,64
1376239899,5,64
1376240061,4,65
1376240248,3,66
1376240852,3,66
1376240882,3,66
1376241004,2,67
1376241508,0,69
1376242112,0,69
1376242659,0,69
1376242720,0,69
1376242773,0,69
1376242830,0,69
1376242892,0,69
1376242962,0,69
1376243018,1,68
1376243037,0,69
1376243433,1,68
1376243695,0,69
1376243899,0,69
1376244484,0,69
1376244549,1,68
1376245114,0,69
1376245718,0,69
1376245751,1,68
1376245797,2,67
1376245865,2,67
1376246210,2,67
1376246381,2,67
1376246496,1,68
1376247073,1,68
1376247134,0,69
1376247391,0,69
1376247430,0,69
1376247559,0,69
1376247608,0,69
1376247699,0,69
1376247748,0,69
1376247803,0,69
1376247917,0,69
1376247998,0,69
1376248612,0,69
1376249159,1,68
1376249223,2,67
1376249731,1,68
1376249982,1,68
1376250025,2,67
1376250333,1,68
1376250417,2,67
1376250823,2,67
1376250837,4,65
1376251319,4,65
1376251416,4,65
1376251476,5,64
1376251532,6,63
1376251986,5,64
1376252590,5,64
1376252919,5,64
1376252981,6,63
1376253023,6,63
1376253100,9,60
1376253277,8,61
1376253880,8,61
1376253939,11,58
1376253981,10,59
1376254040,11,58
1376254158,10,59
1376254228,10,59
1376254253,11,58
1376254857,11,58
1376255489,12,57
1376255710,11,58
1376255954,12,57
1376256042,11,58
1376256045,12,57
1376256111,10,59
1376256277,11,58
1376256881,11,58
1376256995,12,57
1376257602,11,58
1376257606,10,59
1376258078,10,59
1376258103,10,59
1376258164,11,58
1376258282,10,59
1376258886,10,59
1376259150,9,60
1376259458,9,60
1376259477,9,60
1376260081,9,60
1376260685,9,60
1376260772,11,58
1376261190,12,57
1376261553,11,58
1376261591,11,58
1376262195,11,58
1376262271,11,58
1376262335,14,55
1376262380,15,54
1376262460,15,54
1376262481,16,53
1376262744,16,53
1376262821,17,52
1376262830,19,50
1376263434,19,50
1376264037,19,50
1376264641,19,50
1376265245,19,50
1376265849,19,50
1376266051,19,50
1376266079,19,50
1376266160,19,49
1376266208,20,49
1376266811,20,49
1376267414,20,49
1376268018,20,49
1376268622,20,49
1376268989,19,49
1376269593,19,49
1376270197,19,49
1376270800,19,49
1376271219,19,49
1376271702,19,49
1376271712,19,49
1376272169,19,49
1376272275,19,49
1376272332,19,49
1376272548,19,49
1376272649,19,49
1376272673,19,49
1376272965,19,49
1376273393,19,49
1376273997,19,49
1376274600,19,49
1376275204,19,49
1376275388,20,48
1376275992,20,48
1376276596,20,48
1376277200,20,48
1376277630,19,49
1376278234,19,49
1376278837,19,49
1376279302,18,50
1376279906,18,50
1376280510,18,50
1376281113,18,50
1376281717,18,50
1376282321,18,50
1376283019,17,51
1376283191,18,50
1376283308,18,50
1376283912,18,50
1376284027,17,51
1376284631,17,51
1376285235,17,51
1376285838,17,51
1376286500,16,52
1376287104,15,53
1376287174,14,54
1376287221,15,53
1376287624,14,54
1376287897,15,53
1376288355,16,52
1376288454,17,51
1376288782,16,52
1376288913,17,51
1376289000,18,50
1376289263,18,51
1376289439,17,52
1376289802,16,53
1376289916,17,52
1376290098,16,53
1376290135,17,52
1376290235,16,53
1376290249,16,53
1376290536,15,54
1376290781,16,53
1376290798,15,54
1376291139,14,55
1376291235,11,58
1376291302,10,59
1376291438,8,60
1376291476,8,61
1376291586,7,62
1376291793,5,64
1376291826,6,63
1376292220,6,63
1376292237,5,64
1376292392,5,64
1376292882,3,66
1376292888,4,65
1376292954,3,66
1376293413,4,65
1376293457,5,64
1376293655,3,66
1376294139,1,68
1376294196,1,68
1376294287,2,67
1376294337,3,66
1376294397,2,67
1376294554,1,68
1376295158,1,68
1376295761,1,68
1376296365,1,68
1376296969,1,68
1376297361,1,68
1376297441,1,68
1376297444,2,67
1376298047,2,67
1376298651,2,67
1376298966,3,66
1376299494,2,67
1376300098,2,67
1376300702,2,67
1376300758,3,66
1376301006,4,65
1376301522,4,65
1376301525,3,66
1376301639,1,68
1376301698,0,69
1376301762,0,69
1376301818,0,69
1376301879,1,68
1376301928,2,67
1376301991,2,67
1376302062,3,66
1376302093,4,65
1376302196,4,65
1376302259,5,64
1376302331,6,63
1376302382,6,63
1376302474,7,62
1376302540,7,62
1376302580,9,60
1376302649,9,60
1376302682,10,59
1376302816,10,59
1376303021,11,58
1376303073,11,58
1376303109,13,56
1376303178,15,54
1376303225,16,53
1376303620,15,54
1376303657,14,55
1376303740,15,54
1376303801,15,54
1376303857,16,53
1376303913,17,52
1376303961,18,51
1376304043,17,52
1376304065,17,52
1376304120,17,52
1376304724,17,52
1376305327,17,52
1376305520,18,51
1376305591,19,50
1376306195,19,50
1376306315,18,51
1376306600,16,53
1376307204,16,53
1376307807,16,53
1376307931,15,54
1376307991,15,54
1376308005,16,53
1376308156,15,54
1376308228,16,53
1376308417,16,53
1376308479,17,52
1376308542,17,52
1376308600,18,51
1376308659,17,52
1376309101,16,53
1376309557,15,54
1376309576,14,55
1376309846,15,54
1376310450,15,54
1376310812,15,54
1376310872,16,53
1376311475,16,53
1376311831,15,54
1376311993,14,55
1376312081,14,55
1376312084,15,54
1376312188,15,54
1376312246,14,55
1376312422,14,55
1376313026,14,55
1376313299,15,54
1376313760,14,55
1376313793,14,55
1376313855,13,56
1376313921,11,58
1376313960,11,58
1376314201,11,58
1376314331,10,59
1376314615,11,58
1376315114,10,59
1376315289,10,59
1376315337,11,58
1376315560,9,60
1376315670,9,60
1376315720,10,59
1376315790,10,59
1376315879,11,58
1376316006,11,58
1376316059,11,58
1376316118,12,57
1376316758,10,59
1376316798,10,59
1376316841,9,60
1376316951,9,60
1376317054,9,60
1376317122,10,59
1376317125,11,58
1376317729,11,58
1376318189,12,57
1376318259,10,59
1376318397,11,58
1376318447,12,57
1376318593,13,56
1376318643,12,57
1376318886,11,58
1376319219,12,57
1376319266,12,57
1376319341,13,56
1376319388,13,56
1376319488,12,57
1376319801,13,56
1376320289,14,55
1376320509,15,54
1376320603,15,54
1376320649,17,52
1376321237,18,51
1376321841,18,51
1376322103,18,51
1376322105,19,50
1376322182,20,49
1376322391,21,48
1376322521,19,50
1376323063,16,53
1376323065,17,52
1376323173,16,53
1376323291,17,52
1376323617,18,51
1376323767,17,52
1376323885,18,51
1376323971,17,52
1376324142,18,51
1376324237,17,52
1376324281,18,51
1376324722,16,53
1376324797,17,52
1376324913,17,52
1376324968,17,52
1376325024,18,51
1376325101,19,50
1376325145,19,50
1376325215,21,48
1376325633,20,48
1376325662,20,49
1376325719,20,49
1376325800,20,49
1376325831,21,48
1376325934,20,49
1376326258,21,48
1376326357,20,49
1376326390,19,50
1376326475,19,50
1376326534,21,48
1376326942,20,49
1376327081,20,49
1376327100,20,49
1376327337,21,48
1376327464,20,49
1376327929,19,50
1376328011,18,51
1376328101,17,52
1376328133,16,53
1376328168,15,54
1376328519,15,54
1376328582,15,54
1376328699,15,54
1376328720,17,52
1376329031,16,53
1376329118,17,52
1376329270,16,53
1376329382,15,54
1376329542,15,54
1376329554,16,53
1376329689,15,54
1376330131,16,53
1376330311,15,54
1376330366,15,54
1376330396,16,53
1376330562,15,54
1376330565,16,53
1376330700,15,54
1376330850,16,53
1376330902,15,54
1376330948,16,53
1376331458,16,53
1376331487,18,51
1376331642,18,51
1376331653,21,48
1376331763,21,48
1376332367,21,48
1376332742,23,46
1376333056,21,48
1376333436,21,48
1376333479,22,47
1376334090,23,46
1376334694,23,46
1376334757,22,47
1376334959,21,48
1376335538,20,49
1376335547,19,50
1376335684,18,51
1376335982,17,52
1376336044,17,52
1376336089,17,52
1376336199,17,52
1376336256,16,53
1376336322,16,52
1376336347,16,53
1376336393,16,53
1376336492,16,53
1376336536,17,52
1376336571,16,53
1376336921,15,54
1376337222,15,54
1376337234,17,52
1376337357,18,51
1376337719,17,52
1376338122,18,51
1376338534,17,52
1376339113,16,53
1376339298,17,52
1376339420,17,52
1376339450,17,52
1376339665,17,52
1376339695,18,51
1376339790,19,50
1376339861,19,50
1376339947,18,51
1376340400,18,51
1376340409,19,50
1376340554,20,49
1376341158,20,49
1376341599,20,49
1376341645,19,50
1376341870,17,52
1376342474,17,52
1376342781,17,52
1376343385,17,52
1376343564,16,53
1376343642,16,53
1376343684,16,53
1376343733,16,53
1376343773,17,52
1376344059,18,51
1376344103,19,50
1376344707,19,50
1376345311,19,50
1376345360,18,51
1376345437,18,51
1376346041,18,51
1376346645,18,51
1376347249,18,51
1376347852,18,51
1376348456,18,51
1376349060,18,51
1376349663,18,51
1376350267,18,51
1376350871,18,51
1376351183,19,50
1376351787,19,50
1376352391,19,50
1376352995,19,50
1376353598,19,50
1376353615,18,51
1376354218,18,51
1376354825,18,51
1376354964,19,50
1376355568,19,50
1376356174,19,50
1376356778,19,50
1376357382,19,50
1376357620,19,50
1376357626,19,50
1376358230,19,50
1376358834,19,50
1376359438,19,50
1376360042,19,50
1376360645,19,50
1376361249,19,50
1376361853,19,50
1376362002,19,50
1376362011,20,49
1376362122,19,50
1376362132,20,49
1376362735,20,49
1376363339,20,49
1376363942,20,49
1376364002,19,50
1376364606,19,50
1376365209,19,50
1376365843,19,50
1376365847,18,51
1376366451,18,51
1376367055,18,51
1376367658,18,51
1376368262,18,51
1376368866,18,51
1376369469,18,51
1376370073,18,51
1376370677,18,51
1376371280,18,51
1376371885,18,51
1376372122,18,51
1376372726,18,51
1376372850,17,52
1376372920,17,52
1376373022,16,53
1376373246,17,52
1376373756,18,51
1376373787,17,52
1376374123,17,52
1376374132,18,51
1376374300,17,52
1376374923,18,51
1376375128,19,50
1376375202,18,51
1376375806,18,51
1376375922,18,51
1376375980,16,53
1376376270,15,54
1376376395,12,57
1376376409,12,57
1376376690,12,57
1376376713,11,58
1376376791,12,57
1376377028,11,58
1376377397,9,60
1376377483,9,60
1376377540,9,60
1376377595,9,60
1376377644,8,61
1376377683,9,60
1376377985,7,62
1376378082,7,62
1376378137,8,61
1376378254,7,62
1376378442,7,62
1376378445,8,61
1376378726,5,64
1376378905,4,65
1376378989,3,66
1376379081,3,66
1376379214,2,67
1376379365,3,66
1376379514,2,67
1376379559,1,68
1376379820,1,68
1376379834,2,67
1376380030,1,68
1376380602,1,68
1376380611,0,69
1376381007,0,69
1376381265,0,69
1376381304,1,68
1376381356,0,69
1376381496,0,69
1376381515,1,68
1376381854,0,69
1376381921,0,69
1376381931,1,68
1376382218,0,69
1376382333,0,69
1376382517,0,69
1376382527,1,68
1376382807,0,69
1376382922,1,68
1376383495,0,69
1376383654,0,68
1376383833,0,67
1376383881,0,67
1376383925,1,66
1376384124,0,67
1376384198,1,66
1376384661,0,67
1376384717,1,66
1376384957,1,66
1376385030,1,66
1376385459,1,66
1376385515,1,66
1376385579,2,65
1376385805,2,65
1376385914,2,65
1376385956,3,64
1376386041,2,65
1376386104,2,65
1376386177,2,65
1376386239,2,65
1376386249,3,64
1376386359,3,64
1376386414,4,62
1376386460,4,62
1376386523,5,62
1376386603,6,61
1376386639,6,61
1376386684,7,60
1376386862,5,62
1376387254,5,62
1376387322,5,61
1376387369,5,61
1376387421,6,61
1376387498,7,60
1376387550,8,59
1376388018,7,60
1376388316,7,60
1376388400,8,59
1376388424,8,59
1376388475,9,58
1376388703,9,58
1376388715,10,57
1376389122,12,55
1376389153,12,55
1376389197,13,54
1376389360,14,53
1376389411,15,52
1376389650,16,51
1376389764,17,50
1376389814,17,50
1376390009,18,49
1376390113,19,48
1376390682,19,48
1376390733,22,45
1376391337,22,45
1376391620,21,46
1376392207,21,46
1376392292,22,45
1376392358,23,44
1376392383,24,43
1376392645,23,44
1376392720,23,44
1376392747,24,43
1376392946,23,44
1376393083,23,44
1376393086,24,43
1376393244,23,44
1376393365,22,45
1376393536,22,45
1376393578,22,45
1376393681,22,44
1376393712,22,45
1376393794,23,44
1376393825,24,43
1376393993,23,44
1376394174,24,43
1376394248,23,44
1376394408,22,45
1376394501,23,44
1376394687,22,45
1376394729,24,43
1376394793,23,44
1376394882,22,45
1376394884,23,44
1376394982,23,44
1376395107,22,45
1376395303,22,45
1376395306,23,44
1376395419,22,45
1376395478,20,47
1376395884,19,48
1376395932,20,47
1376396416,19,48
1376396474,20,47
1376396610,18,49
1376396935,17,50
1376397019,18,49
1376397294,17,50
1376397403,17,50
1376397422,16,51
1376397618,15,52
1376397696,14,53
1376397801,14,53
1376397882,15,52
1376397909,17,50
1376398058,18,49
1376398089,19,48
1376398174,19,48
1376398230,19,48
1376398287,18,49
1376398343,19,48
1376398471,19,48
1376398500,20,47
1376398837,18,49
1376398888,18,49
1376399009,18,49
1376399064,20,47
1376399136,19,48
1376399167,19,48
1376399243,20,46
1376399303,19,47
1376399370,16,50
1376399428,16,50
1376399497,16,50
1376399556,18,48
1376399623,19,47
1376399683,19,47
1376399685,20,46
1376399800,20,46
1376399838,20,46
1376400194,19,47
1376400334,20,46
1376400346,21,45
1376400950,21,46
1376401394,21,46
1376401797,22,45
1376402114,20,47
1376402587,19,48
1376403191,19,48
1376403794,19,48
1376404398,19,48
1376404481,21,46
1376404542,22,45
1376404577,24,43
1376404637,24,43
1376404707,23,44
1376404779,23,44
1376404836,25,42
1376405262,25,42
1376405314,26,41
1376405342,27,40
1376405392,26,41
1376405539,25,42
1376406043,25,42
1376406094,26,41
1376406293,25,42
1376406578,24,43
1376406623,24,43
1376406681,25,42
1376406748,24,43
1376406805,25,42
1376406830,26,41
1376406985,26,41
1376407015,27,40
1376407479,26,41
1376407530,24,43
1376407600,24,43
1376407610,25,42
1376407770,27,40
1376408013,26,41
1376408201,25,42
1376408229,26,41
1376408557,25,42
1376408614,27,40
1376408638,26,41
1376409039,27,40
1376409087,28,39
1376409163,28,39
1376409189,28,39
1376409381,29,38
1376409461,28,39
1376409467,26,41
1376409924,25,42
1376410241,25,41
1376410283,23,43
1376410351,20,47
1376410479,20,47
1376410543,20,47
1376410545,21,46
1376411012,22,45
1376411106,23,44
1376411189,22,45
1376411317,23,44
1376411916,22,45
1376411997,23,44
1376412240,24,43
1376412344,24,43
1376412389,25,42
1376412447,28,39
1376412821,29,38
1376413137,28,39
1376413459,29,38
1376413535,30,37
1376413782,29,38
1376413797,30,37
1376414239,31,36
1376414299,31,36
1376414704,30,37
1376415031,30,37
1376415073,31,36
1376415158,31,36
1376415182,32,35
1376415338,31,36
1376415568,30,37
1376415809,31,36
1376415941,31,36
1376415959,33,34
1376416479,31,36
1376416760,32,35
1376416835,31,36
1376416959,32,35
1376417284,32,35
1376417410,32,35
1376417550,32,35
1376417607,33,34
1376417638,33,34
1376417727,32,35
1376417786,32,35
1376417825,33,34
1376417923,33,34
1376417926,32,35
1376418282,32,35
1376418292,33,34
1376418638,34,33
1376418659,33,34
1376418719,32,35
1376418783,31,36
1376418857,33,34
1376418939,33,34
1376418951,34,33
1376419012,33,34
1376419130,33,34
1376419194,33,34
1376419346,32,35
1376419950,32,35
1376420016,30,37
1376420199,31,36
1376420803,31,36
1376421313,30,37
1376421701,30,37
1376421719,30,37
1376422322,30,37
1376422562,29,38
1376423009,30,37
1376423107,31,36
1376423262,30,37
1376423531,29,38
1376424135,29,38
1376424374,28,39
1376424977,28,39
1376425060,29,38
1376425664,29,38
1376426069,30,37
1376426673,30,37
1376427276,30,37
1376427880,30,37
1376428056,30,37
1376428101,31,36
1376428178,29,38
1376428239,31,36
1376428244,32,35
1376428868,31,36
1376429472,31,36
1376429585,30,37
1376430189,30,37
1376430697,31,36
1376430760,31,36
1376431118,32,35
1376431164,32,35
1376431243,32,35
1376431301,32,35
1376431306,33,34
1376431910,33,34
1376432513,33,34
1376432863,32,35
1376432905,31,36
1376432973,31,36
1376433003,32,35
1376433145,32,35
1376433204,32,35
1376433266,32,35
1376433319,32,35
1376433401,31,36
1376433501,31,36
1376433581,29,38
1376433639,29,38
1376433676,30,37
1376433779,31,36
1376434383,31,36
1376434902,32,34
1376434904,33,34
1376435508,33,34
1376436111,33,34
1376436715,33,34
1376436868,34,33
1376437472,34,33
1376438076,34,33
1376438499,34,32
1376438540,34,32
1376438645,34,32
1376438727,34,32
1376438883,34,32
1376439005,34,32
1376439044,34,32
1376439648,34,32
1376440251,34,32
1376440855,34,32
1376441104,34,32
1376441707,34,32
1376442311,34,32
1376442914,34,32
1376443518,34,32
1376444099,34,32
1376444703,34,32
1376445306,34,32
1376445910,34,32
1376446514,34,32
1376447117,34,32
1376447721,34,32
1376448324,34,32
1376448390,35,31
1376448993,35,31
1376449597,35,31
1376449712,36,30
1376450138,35,30
1376450193,37,28
1376450264,38,27
1376450302,40,26
1376450362,41,25
1376450640,40,26
1376451243,40,26
1376451847,40,26
1376452407,39,27
1376453011,39,27
1376453615,39,27
1376454219,39,27
1376454822,39,27
1376455426,39,27
1376456030,39,27
1376456398,38,28
1376457002,38,28
1376457605,38,28
1376458208,38,28
1376458812,38,28
1376459171,37,29
1376459259,36,30
1376459595,37,29
1376460153,36,30
1376460283,37,29
1376460887,37,29
1376461247,36,30
1376461473,36,30
1376461534,36,30
1376461549,37,29
1376461764,36,30
1376462367,36,30
1376462585,35,31
1376462854,34,32
1376462896,33,33
1376463131,32,34
1376463221,31,35
1376463277,32,34
1376463326,31,35
1376463423,30,36
1376463519,30,36
1376463529,31,35
1376463655,30,36
1376464034,29,37
1376464307,28,38
1376464503,27,39
1376464560,26,40
1376464635,27,39
1376464844,26,40
1376464856,27,39
1376465016,26,40
1376465102,26,40
1376465191,25,41
1376465582,24,42
1376465654,23,43
1376465754,22,44
1376465858,21,45
1376466024,20,46
1376466379,19,47
1376466477,19,47
1376466580,19,47
1376466623,20,46
1376466817,19,47
1376467002,18,48
1376467006,17,49
1376467110,17,49
1376467136,18,48
1376467739,18,48
1376467967,18,48
1376468111,18,48
1376468192,17,49
1376468293,17,49
1376468444,17,49
1376468493,18,48
1376468548,18,47
1376468615,18,47
1376468647,19,47
1376469281,20,46
1376469342,17,49
1376469389,17,49
1376469445,17,49
1376469522,19,47
1376469541,19,47
1376469641,19,47
1376469671,20,46
1376469940,21,45
1376470372,20,46
1376470464,19,47
1376470527,20,46
1376470691,19,47
1376470762,18,48
1376470850,18,48
1376470999,19,47
1376471470,20,46
1376471898,19,47
1376472502,19,47
1376472747,18,48
1376473350,18,48
1376473955,18,48
1376473989,19,47
1376474058,19,47
1376474144,19,47
1376474258,19,47
1376474367,20,46
1376474385,20,46
1376474498,22,44
1376474607,21,45
1376474682,21,46
1376474714,21,46
1376474801,23,44
1376474902,22,45
1376474961,22,45
1376475426,23,44
1376475620,22,45
1376476079,21,46
1376476609,20,47
1376476774,20,47
1376477377,20,47
1376477953,19,48
1376478007,18,49
1376478284,18,49
1376478286,19,48
1376478695,19,48
1376478758,20,47
1376478781,20,47
1376478866,21,46
1376479004,21,46
1376479008,22,45
1376479081,23,44
1376479352,22,45
1376479579,21,46
1376480141,22,45
1376480478,19,48
1376480656,19,48
1376480743,19,48
1376480790,21,46
1376480844,19,48
1376480890,20,47
1376480931,19,48
1376481558,20,47
1376481598,18,49
1376482202,18,49
1376482362,19,48
1376482384,18,49
1376482929,17,50
1376483337,17,50
1376483485,15,52
1376483524,16,51
1376483621,15,52
1376483678,15,52
1376483779,15,52
1376483810,15,52
1376483906,15,52
1376484003,15,52
1376484233,15,52
1376484344,15,52
1376484485,15,52
1376484533,15,52
1376484642,15,52
1376485081,14,53
1376485685,14,53
1376486322,13,54
1376486345,12,55
1376486498,11,56
1376486827,8,59
1376486886,8,59
1376486982,9,58
1376487024,10,57
1376487072,9,58
1376487108,10,57
1376487398,9,58
1376488002,9,58
1376488009,9,58
1376488213,8,59
1376488293,9,58
1376488541,8,59
1376488583,7,60
1376488945,6,61
1376488975,7,60
1376489101,8,59
1376489165,8,59
1376489441,8,59
1376489444,7,60
1376489557,8,59
1376489613,8,59
1376490217,8,59
1376490463,8,59
1376490482,6,61
1376490638,6,61
1376490674,7,60
1376490738,7,60
1376490879,8,59
1376491395,9,58
1376491455,8,59
1376491633,7,60
1376492237,7,60
1376492343,6,61
1376492441,6,61
1376492451,7,60
1376492532,8,59
1376493157,8,59
1376493198,9,58
1376493255,9,58
1376493320,8,59
1376493446,7,60
1376493506,7,60
1376493569,6,61
1376493758,6,61
1376493768,7,60
1376493879,6,61
1376493999,6,61
1376494007,7,60
1376494094,8,59
1376494154,8,59
1376494335,7,60
1376494630,8,59
1376494830,9,58
1376494899,7,60
1376494984,8,59
1376495187,8,59
1376495227,7,60
1376495335,6,61
1376495448,5,62
1376495675,6,61
1376495801,5,62
1376495824,5,62
1376495913,5,62
1376495970,6,61
1376496042,7,60
1376496083,8,59
1376496349,7,60
1376496500,8,59
1376496823,7,60
1376496869,8,59
1376496892,8,59
1376497508,8,59
1376497584,6,61
1376497857,6,61
1376497926,5,62
1376498022,6,61
1376498068,7,60
1376498126,8,59
1376498202,9,58
1376498249,10,57
1376498621,11,56
1376498631,12,55
1376499186,11,56
1376499316,12,55
1376499511,11,56
1376499583,11,56
1376499639,12,55
1376500243,12,55
1376500293,11,56
1376500624,10,57
1376500700,10,57
1376500779,11,56
1376500813,12,55
1376500989,11,56
1376501248,12,55
1376501319,10,57
1376501365,11,56
1376501440,10,57
1376501497,11,55
1376501543,11,55
1376501621,12,55
1376501723,12,55
1376501798,11,56
1376501831,11,56
1376501923,12,55
1376502162,13,54
1376502165,12,55
1376502798,11,56
1376503176,10,57
1376503242,10,57
1376503285,11,56
1376503315,11,56
1376503423,10,57
1376503461,11,56
1376503534,11,56
1376503568,11,56
1376503624,13,54
1376503699,14,53
1376503773,15,52
1376503842,14,53
1376503849,15,52
1376504420,14,53
1376504491,13,54
1376504660,12,55
1376504796,13,54
1376504908,13,54
1376504958,14,53
1376505043,15,52
1376505046,14,53
1376505284,14,53
1376505402,14,53
1376505675,13,54
1376505846,12,55
1376506450,12,55
1376506505,10,57
1376506715,10,57
1376506764,10,57
1376506808,11,56
1376506961,11,56
1376507014,12,55
1376507080,13,54
1376507277,12,55
1376507377,11,56
1376507438,11,56
1376507495,12,55
1376507878,11,56
1376507983,10,57
1376507997,8,59
1376508453,9,58
1376508498,9,58
1376508547,9,58
1376508622,9,58
1376508680,10,57
1376508920,9,58
1376509524,9,58
1376509773,8,59
1376509867,7,60
1376510004,7,60
1376510041,8,59
1376510317,7,60
1376510341,6,61
1376510966,5,62
1376511158,7,60
1376511482,8,59
1376511701,8,59
1376511763,8,59
1376511807,8,59
1376511843,9,58
1376512182,9,58
1376512185,10,57
1376512538,9,58
1376513090,8,59
1376513584,9,58
1376513655,8,59
1376514259,8,59
1376514543,7,60
1376515116,8,59
1376515166,7,60
1376515213,8,59
1376515817,8,59
1376516116,7,60
1376516354,8,59
1376516958,8,59
1376517514,8,59
1376517562,8,59
1376517637,9,58
1376517680,9,58
1376517757,8,59
1376517770,8,59
1376517943,8,59
1376517987,8,59
1376518062,8,59
1376518115,8,59
1376518154,8,59
1376518758,8,59
1376519141,10,57
1376519147,10,57
1376519247,8,59
1376519294,8,59
1376519647,9,58
1376520216,9,58
1376520312,9,58
1376520392,9,58
1376520492,9,58
1376520635,8,59
1376520694,8,59
1376520722,8,59
1376521363,8,59
1376521967,9,58
1376522607,7,60
1376523211,7,60
1376525367,7,60
1376525409,7,60
1376525609,7,60
1376525785,8,59
1376526271,7,60
1376526882,6,61
1376527094,6,61
1376527137,7,60
1376527740,7,60
1376527830,8,59
1376528434,8,59
1376528730,8,59
1376528787,8,59
1376528861,8,59
1376528920,8,59
1376528984,9,58
1376529037,9,58
1376529095,9,58
1376529217,9,58
1376529277,9,58
1376529318,9,58
1376529385,10,57
1376529988,10,57
1376530410,10,57
1376530465,10,57
1376531068,10,57
1376531671,10,57
1376532394,10,57
1376532405,10,57
1376532803,10,57
1376533407,10,57
1376534010,10,57
1376534613,10,57
1376535019,10,57
1376535055,11,56
1376535695,11,56
1376535745,11,56
1376535765,10,57
1376536372,10,57
1376537012,10,57
1376537621,10,57
1376537662,10,57
1376537798,9,58
1376538402,9,58
1376539006,9,58
1376539610,9,58
1376540213,9,58
1376540817,9,58
1376541212,8,59
1376541815,8,59
1376541829,7,60
1376542417,6,61
1376542984,5,62
1376543588,5,62
1376544090,4,63
1376544133,4,63
1376544202,5,62
1376544806,5,62
1376544966,4,63
1376545569,4,63
1376546173,4,63
1376546777,4,63
1376547381,4,63
1376547985,4,63
1376548589,4,63
1376548931,5,62
1376549174,6,61
1376549778,6,61
1376550143,5,62
1376550243,4,63
1376550847,4,63
1376551025,3,64
1376551629,3,64
1376551822,4,63
1376552317,3,64
1376552920,3,64
1376553145,4,63
1376553391,3,64
1376553837,2,65
1376553977,2,65
1376554006,2,65
1376554093,2,65
1376554159,2,65
1376554458,1,66
1376554640,2,65
1376554760,3,64
1376555021,3,64
1376555024,4,63
1376555273,3,64
1376555633,2,65
1376556086,1,66
1376556639,0,67
1376556653,0,67
1376557257,0,67
1376557543,0,67
1376557589,0,67
1376557649,0,67
1376558253,0,67
1376558857,0,67
1376559079,0,67
1376559148,0,67
1376559751,0,67
1376559940,1,66
1376560119,0,67
1376560422,1,66
1376560493,0,67
1376561113,0,67
1376561717,0,67
1376562334,1,66
1376562937,1,66
1376563541,1,66
1376564145,1,66
1376564749,1,66
1376564964,2,65
1376565267,2,65
1376565313,3,63
1376565434,2,64
1376566038,2,65
1376566122,2,65
1376566172,2,65
1376566461,2,65
1376566941,0,67
1376566995,0,67
1376567052,0,67
1376567142,0,67
1376567160,1,66
1376567225,0,67
1376567435,1,66
1376568039,1,66
1376568643,1,66
1376568762,0,67
1376568854,0,67
1376568934,1,66
1376569001,0,67
1376569024,0,67
1376569101,1,66
1376569173,1,66
1376569216,2,65
1376569820,2,65
1376570337,1,66
1376570400,1,66
1376570492,1,66
1376570535,2,65
1376570767,3,64
1376571036,2,65
1376571211,1,66
1376571283,0,67
1376571320,0,67
1376571924,0,67
1376571988,1,66
1376572239,1,66
1376572302,0,67
1376572312,1,66
1376572916,1,66
1376573013,0,67
1376573037,1,66
1376573677,0,67
1376573854,0,67
1376574421,1,66
1376574936,0,67
1376575475,0,67
1376575526,1,66
1376575588,0,67
1376575663,0,67
1376575688,0,67
1376575783,0,67
1376575830,0,67
1376575901,1,66
1376575963,1,66
1376576014,1,66
1376576067,2,65
1376576122,3,64
1376576189,4,63
1376576334,2,65
1376576418,3,64
1376576511,2,65
1376576574,1,66
1376576753,0,67
1376576861,0,67
1376576893,0,67
1376576944,1,66
1376577022,1,66
1376577103,2,65
1376577218,3,64
1376577562,3,64
1376577637,4,63
1376577696,4,63
1376577715,6,61
1376577808,3,64
1376578412,3,64
1376578440,4,63
1376578517,3,64
1376578617,3,64
1376578721,3,64
1376578774,2,65
1376578841,2,65
1376578844,1,66
1376579064,1,66
1376579199,2,65
1376579495,4,63
1376579860,4,63
1376579920,6,61
1376579981,6,61
1376580092,4,63
1376580204,3,64
1376580267,3,64
1376580327,2,65
1376580419,2,65
1376580485,2,65
1376580566,3,64
1376580633,4,63
1376580842,5,62
1376581008,4,63
1376581412,3,64
1376581483,2,65
1376581541,2,65
1376582145,2,65
1376582252,0,67
1376582500,1,66
1376582522,0,67
1376583125,0,67
1376583460,1,66
1376584064,1,66
1376584222,2,65
1376584290,3,64
1376584346,2,65
1376584405,2,65
1376584482,3,64
1376584935,4,63
1376585005,4,63
1376585137,4,63
1376585177,5,62
1376585383,2,65
1376585432,2,65
1376585495,3,64
1376585921,2,65
1376586398,3,64
1376586441,4,63
1376586521,3,64
1376586570,3,63
1376586639,3,64
1376586745,5,62
1376586828,4,63
1376586985,3,64
1376587113,1,66
1376587183,3,64
1376587186,4,63
1376587645,3,64
1376587776,3,64
1376587812,4,63
1376588023,4,63
1376588299,3,64
1376588362,3,64
1376588461,3,64
1376588523,4,63
1376588622,4,63
1376588624,5,62
1376588976,5,62
1376589297,5,62
1376589366,6,61
1376589462,5,62
1376589522,5,62
1376589570,6,61
1376589631,6,61
1376589863,7,60
1376589935,7,60
1376589968,8,59
1376590123,7,60
1376590358,8,59
1376590406,9,58
1376590808,8,59
1376591194,9,58
1376591774,9,58
1376592251,8,59
1376592336,8,59
1376592541,9,58
1376593145,9,58
1376593337,8,59
1376593424,8,59
1376593460,9,58
1376593673,8,59
1376593878,7,60
1376594501,7,60
1376594552,6,61
1376594614,5,62
1376594668,6,61
1376594743,5,62
1376594802,5,62
1376594821,3,64
1376595277,2,65
1376595300,0,67
1376595904,0,67
1376595967,1,66
1376596238,0,67
1376596297,1,66
1376596315,0,67
1376597020,0,67
1376597030,1,66
1376597202,1,66
1376597322,0,67
1376597926,0,67
1376598095,0,67
1376598443,1,66
1376598491,0,67
1376598815,1,66
1376598866,1,66
1376599149,0,67
1376599344,1,66
1376599474,2,65
1376600077,2,65
1376600624,2,65
1376600663,1,66
1376600715,1,66
1376600760,1,66
1376600817,2,65
1376600941,1,66
1376601212,1,66
1376601259,2,65
1376601862,2,65
1376601943,2,65
1376601951,2,65
1376602555,2,65
1376602635,0,67
1376603239,0,67
1376603842,0,67
1376604210,1,66
1376604284,1,66
1376604327,3,64
1376604384,4,63
1376604988,4,63
1376605242,5,62
1376605330,5,62
1376605396,5,62
1376605460,6,61
1376605674,7,60
1376605948,8,59
1376606442,8,59
1376606483,9,58
1376606561,10,57
1376607165,10,57
1376607321,10,57
1376607401,10,57
1376607513,12,55
1376608116,12,55
1376608243,11,56
1376608247,10,57
1376608962,10,57
1376609010,11,56
1376609047,12,55
1376609255,12,55
1376609338,12,55
1376609435,12,55
1376609468,13,54
1376610071,13,54
1376610675,13,54
1376610941,13,54
1376610944,12,55
1376611548,12,55
1376611829,12,55
1376612072,12,55
1376612676,12,55
1376613279,12,55
1376613883,12,55
1376614236,13,54
1376614840,13,54
1376615444,13,54
1376616048,13,54
1376616836,13,54
1376617043,13,54
1376617647,13,54
1376618074,16,51
1376618201,22,45
1376618219,24,43
1376618501,25,42
1376618544,25,42
1376618568,25,42
1376618670,26,41
1376618735,26,41
1376618801,26,41
1376618831,26,41
1376618924,26,41
1376618955,33,34
1376619559,33,34
1376620161,33,34
1376620765,33,34
1376621369,33,34
1376621548,34,33
1376622151,34,33
1376622754,34,33
1376623357,34,33
1376623922,33,34
1376624525,33,34
1376625129,33,34
1376625390,33,34
1376625411,32,35
1376625924,32,35
1376626275,32,35
1376626721,32,35
1376626730,33,34
1376627334,33,34
1376627976,33,34
1376627994,33,34
1376628050,32,35
1376628331,32,35
1376628935,32,35
1376629538,32,35
1376630142,32,35
1376630479,31,36
1376630544,31,36
1376630659,31,36
1376630734,32,35
1376631353,32,35
1376631861,31,36
1376632133,30,37
1376632692,29,38
1376633299,29,38
1376633335,30,37
1376633938,30,37
1376634339,30,37
1376634352,31,36
1376634695,30,37
1376635042,29,38
1376635373,29,38
1376635508,28,39
1376635589,28,39
1376635637,29,38
1376635940,28,39
1376636020,27,40
1376636092,26,41
1376636484,25,42
1376636860,25,42
1376636895,25,41
1376636927,26,40
1376637124,26,40
1376637172,26,40
1376637453,26,40
1376637498,26,40
1376637641,25,41
1376638180,24,42
1376638258,23,43
1376638711,23,43
1376638984,24,42
1376639262,23,43
1376639288,22,44
1376639503,21,45
1376640107,21,46
1376640550,20,47
1376641107,21,46
1376641680,19,48
1376641901,19,48
1376641943,19,48
1376642040,19,48
1376642105,19,48
1376642192,20,47
1376642307,20,47
1376642350,21,46
1376642954,21,46
1376643200,20,47
1376643638,20,47
1376643647,21,46
1376643718,21,46
1376643838,21,46
1376644338,21,46
1376644415,21,46
1376644467,21,46
1376644493,21,46
1376645096,21,46
1376645319,21,46
1376645404,21,46
1376645717,21,46
1376645931,21,46
1376646104,21,46
1376646212,21,46
1376646263,22,45
1376646379,23,44
1376646443,22,45
1376646753,23,44
1376647057,22,45
1376647067,21,46
1376647153,20,47
1376647242,19,48
1376647371,19,48
1376647440,18,48
1376647528,18,48
1376647600,17,49
1376647661,18,48
1376647700,19,47
1376647868,21,45
1376647958,21,45
1376647969,20,46
1376648044,21,45
1376648203,21,45
1376648243,22,44
1376648478,22,44
1376648563,23,43
1376648622,22,44
1376648681,25,41
1376649024,24,42
1376649054,23,43
1376649657,23,44
1376649992,24,43
1376650604,22,45
1376650614,23,44
1376650890,23,44
1376650927,24,43
1376651018,25,42
1376651622,25,42
1376651662,21,46
1376651849,22,45
1376652453,22,45
1376652662,21,46
1376652960,22,45
1376653238,21,46
1376653360,21,46
1376653384,21,46
1376653613,22,45
1376653983,23,44
1376654037,23,44
1376654113,23,44
1376654202,22,45
1376654303,22,45
1376654352,23,44
1376654534,21,46
1376654909,22,45
1376655488,23,44
1376656092,23,44
1376656589,24,43
1376656639,24,43
1376656698,25,42
1376656854,24,43
1376657350,23,44
1376657539,24,43
1376657628,23,44
1376658100,22,45
1376658683,19,48
1376659287,19,48
1376659676,18,49
1376659781,16,51
1376659823,16,51
1376659862,16,51
1376659938,16,51
1376660008,17,50
1376660072,17,50
1376660191,17,50
1376660241,16,51
1376660314,17,50
1376660578,16,51
1376660683,17,50
1376660702,18,49
1376660752,17,50
1376660923,17,50
1376661130,18,49
1376661456,17,50
1376661637,18,49
1376661682,17,50
1376661882,17,50
1376661897,17,50
1376662038,18,49
1376662395,20,47
1376662599,21,46
1376662608,22,45
1376662780,22,45
1376662835,19,48
1376663079,20,47
1376663203,21,46
1376663205,22,45
1376663493,20,47
1376663538,20,47
1376663586,20,47
1376663740,19,48
1376663795,19,48
1376663846,20,47
1376663918,22,45
1376664429,23,44
1376665020,22,44
1376665099,23,43
1376665128,23,43
1376665198,23,43
1376665361,24,42
1376665376,25,41
1376665468,25,42
1376665542,26,41
1376665663,27,40
1376665691,28,39
1376665783,28,39
1376665785,27,40
1376665898,28,39
1376666475,29,38
1376666742,30,37
1376666818,30,37
1376666887,30,37
1376667034,31,36
1376667067,32,35
1376667304,32,35
1376667702,31,36
1376668123,31,36
1376668141,32,35
1376668239,32,35
1376668249,33,34
1376668394,32,35
1376668564,31,36
1376669168,31,36
1376669373,34,33
1376669534,33,34
1376670036,32,35
1376670104,33,34
1376670211,34,33
1376670642,34,33
1376670645,35,32
1376671104,36,31
1376671378,37,30
1376671597,36,31
1376671623,35,32
1376671932,34,33
1376672007,33,34
1376672080,33,34
1376672142,33,33
1376672185,35,32
1376672284,33,34
1376672423,32,35
1376672611,31,36
1376672984,30,37
1376673003,28,39
1376673163,29,38
1376673194,29,38
1376673556,30,37
1376673629,29,38
1376673654,30,37
1376674026,29,38
1376674590,30,37
1376674648,30,37
1376675252,30,37
1376675855,30,37
1376676459,30,37
1376676764,30,37
1376676768,29,38
1376676994,27,40
1376677026,26,41
1376677691,25,42
1376678295,25,42
1376678864,25,42
1376678924,25,42
1376678975,25,42
1376679096,25,42
1376679157,25,42
1376679204,26,41
1376679338,26,41
1376679368,27,40
1376679492,26,41
1376679908,25,42
1376680026,26,41
1376680648,25,42
1376680993,26,41
1376681110,26,41
1376681429,27,40
1376681553,27,40
1376681625,27,40
1376681628,26,41
1376682142,24,43
1376682279,24,43
1376682297,26,41
1376682901,26,41
1376683187,26,41
1376683536,28,39
1376683606,26,41
1376683663,25,42
1376683725,27,40
1376683766,28,39
1376683963,28,39
1376684024,29,38
1376684577,30,37
1376684824,28,39
1376684911,27,40
1376685515,27,40
1376685762,27,40
1376685801,28,39
1376685867,28,39
1376685940,28,39
1376685997,29,38
1376686016,30,37
1376686171,30,37
1376686233,29,38
1376686288,28,38
1376686352,28,39
1376686481,29,38
1376686594,29,38
1376686617,29,38
1376686667,29,38
1376686764,30,37
1376686903,30,37
1376686949,31,36
1376687188,30,37
1376687372,29,38
1376687464,29,38
1376687544,29,38
1376687612,30,37
1376687630,31,36
1376687949,32,35
1376688522,32,35
1376688571,32,35
1376688718,32,35
1376688820,33,34
1376689179,34,33
1376689200,34,33
1376689292,35,32
1376689425,35,32
1376689465,36,31
1376689718,36,31
1376689731,37,30
1376689957,35,32
1376690229,34,33
1376690379,34,33
1376690402,33,34
1376690498,33,34
1376690540,33,34
1376690673,32,35
1376690700,31,36
1376691343,31,36
1376691345,32,35
1376691690,31,36
1376692180,32,35
1376692300,34,33
1376692904,34,33
1376693264,34,33
1376693274,35,32
1376693877,35,32
1376694481,35,32
1376695085,35,32
1376695689,35,32
1376696292,35,32
1376696725,34,33
1376697328,34,33
1376697404,35,32
1376697510,33,34
1376697552,34,33
1376698156,34,33
1376698759,34,33
1376699363,34,33
1376699966,34,33
1376700401,33,34
1376700448,33,34
1376700475,34,33
1376700913,33,34
1376701517,33,34
1376702121,33,34
1376702324,33,34
1376702355,31,36
1376702417,31,36
1376702504,32,35
1376703461,32,35
1376703474,32,35
1376703840,32,35
1376704444,32,35
1376704579,32,35
1376704631,33,34
1376705235,33,34
1376705838,33,34
1376706442,33,34
1376706796,32,35
1376706872,32,35
1376706924,32,35
1376706993,33,34
1376707597,33,34
1376707959,33,34
1376707968,34,33
1376708376,34,33
1376708489,34,33
1376708551,35,32
1376708675,34,33
1376709279,34,33
1376709518,34,33
1376709527,35,32
1376710130,35,32
1376710410,34,33
1376711014,34,33
1376711617,34,33
1376712221,34,33
1376712825,34,33
1376713429,34,33
1376714032,34,33
1376714636,34,33
1376715240,34,33
1376715844,34,33
1376716448,34,33
1376717051,34,33
1376717655,34,33
1376718259,34,33
1376718673,33,34
1376718789,33,34
1376718840,34,33
1376719422,34,33
1376719427,33,34
1376720030,33,34
1376720664,32,35
1376721268,32,35
1376721872,32,35
1376722475,32,35
1376722756,31,36
1376723359,31,36
1376723963,31,36
1376724566,31,36
1376725170,31,36
1376725773,31,36
1376726017,32,35
1376726056,31,36
1376726175,31,36
1376726231,31,36
1376726342,31,36
1376726434,32,35
1376727037,32,35
1376727224,33,34
1376727254,33,34
1376727813,32,35
1376728417,32,35
1376728767,32,35
1376728820,33,34
1376728897,33,34
1376728953,31,36
1376729075,31,36
1376729099,32,35
1376729338,31,36
1376729417,31,36
1376729500,31,36
1376729556,32,35
1376729599,33,34
1376729772,31,36
1376730310,30,37
1376730578,30,37
1376730733,30,37
1376730864,31,36
1376731002,31,35
1376731034,31,36
1376731089,31,36
1376731158,31,36
1376731192,32,35
1376731458,32,35
1376731948,32,35
1376732143,31,36
1376732145,31,36
1376732324,31,36
1376732357,30,37
1376732432,30,37
1376732683,30,37
1376732722,31,36
1376732784,32,35
1376732846,33,34
1376732904,33,33
1376733016,33,33
1376733084,34,33
1376733689,34,33
1376734292,34,33
1376734896,34,33
1376735500,34,33
1376735628,34,33
1376735726,34,33
1376735773,35,32
1376735810,36,31
1376736414,36,31
1376736703,36,31
1376736757,37,30
1376736823,38,29
1376737427,38,29
1376738031,38,29
1376738635,38,29
1376738933,36,31
1376739537,36,31
1376739923,37,30
1376740527,37,30
1376741131,37,30
1376741247,38,29
1376741851,38,29
1376742311,40,27
1376742738,41,26
1376742817,40,27
1376743181,40,27
1376743190,41,26
1376743745,40,27
1376743985,39,28
1376744048,39,28
1376744123,40,27
1376744726,40,27
1376744839,39,28
1376744875,40,27
1376744980,38,29
1376745101,39,28
1376745162,40,27
1376745194,41,26
1376745272,41,26
1376745319,42,25
1376745401,41,26
1376745449,42,25
1376745515,43,24
1376745618,41,26
1376745977,40,27
1376746114,41,26
1376746141,40,27
1376746501,39,28
1376747104,39,28
1376747186,39,28
1376747225,40,27
1376747373,40,27
1376747423,40,27
1376747555,40,27
1376747626,40,27
1376747740,40,26
1376747846,38,28
1376747907,38,28
1376747952,37,29
1376748029,37,29
1376748124,38,28
1376748181,39,27
1376748262,39,27
1376748314,40,26
1376748918,40,27
1376749108,39,28
1376749174,40,27
1376749294,39,28
1376749335,38,29
1376749939,38,29
1376750037,39,28
1376750366,38,29
1376750419,39,28
1376750490,37,30
1376750611,37,30
1376750679,39,28
1376750733,40,27
1376750771,40,27
1376750957,41,26
1376751083,40,27
1376751523,40,27
1376751562,42,25
1376751903,41,26
1376752118,39,28
1376752453,37,30
1376752535,35,32
1376752694,34,33
1376752845,34,32
1376752866,37,30
1376753469,37,30
1376753618,38,29
1376753905,38,29
1376753960,39,28
1376754512,38,29
1376754712,37,30
1376754785,37,30
1376754870,39,28
1376755330,39,28
1376755424,39,27
1376755448,39,28
1376755502,40,27
1376755574,40,27
1376755638,41,26
1376755707,43,24
1376755772,43,24
1376755829,46,21
1376756015,46,21
1376756063,42,25
1376756191,42,25
1376756257,44,23
1376756320,46,21
1376756412,47,20
1376756564,47,20
1376756566,47,20
1376756783,45,22
1376756809,45,22
1376756919,46,21
1376756983,44,23
1376756986,45,22
1376757080,46,21
1376757222,46,21
1376757225,45,22
1376757321,46,21
1376757389,45,22
1376757412,44,23
1376757478,43,24
1376757685,45,22
1376758287,45,22
1376758544,47,20
1376758550,46,21
1376759191,45,22
1376759305,46,21
1376759443,45,22
1376759447,44,23
1376759657,43,24
1376759849,43,24
1376759884,43,24
1376760017,43,24
1376760103,44,23
1376760225,44,23
1376760235,45,22
1376760463,43,24
1376760858,43,24
1376760928,43,24
1376760960,44,23
1376761080,43,24
1376761683,43,24
1376761972,42,25
1376762134,41,26
1376762191,41,26
1376762225,40,27
1376762299,40,27
1376762349,42,25
1376762442,40,27
1376762669,39,28
1376762716,39,27
1376762801,38,28
1376762823,38,28
1376762909,38,28
1376762963,38,28
1376762992,39,27
1376763165,38,27
1376763180,37,29
1376763276,38,28
1376763344,38,28
1376763359,39,28
1376763450,34,33
1376763501,34,33
1376763552,34,33
1376763617,34,33
1376763743,34,33
1376763796,34,33
1376764228,33,34
1376764255,32,35
1376764424,30,36
1376764440,30,37
1376764722,30,37
1376764726,29,38
1376765330,29,38
1376765426,28,39
1376765499,28,39
1376766103,28,39
1376766707,28,39
1376767311,28,39
1376767828,27,40
1376767873,25,42
1376768126,23,44
1376768175,22,45
1376768230,22,45
1376768833,22,45
1376769016,23,44
1376769198,22,45
1376769802,22,45
1376769850,22,45
1376769924,22,45
1376769954,23,44
1376770160,20,47
1376770244,20,47
1376770290,21,46
1376770308,23,44
1376770722,23,44
1376770739,25,42
1376770832,25,42
1376771101,26,41
1376771705,26,41
1376772308,26,41
1376772617,25,42
1376772779,23,44
1376773016,22,45
1376773213,21,46
1376773663,21,46
1376773673,22,45
1376773964,21,46
1376773995,20,47
1376774142,22,45
1376774746,22,45
1376775175,23,44
1376775461,24,43
1376775745,25,42
1376776348,25,42
1376776420,25,42
1376776539,25,42
1376776598,25,42
1376776662,26,41
1376776691,26,41
1376777023,28,39
1376777071,29,38
1376777130,28,39
1376777166,29,38
1376777770,29,38
1376778333,30,37
1376778936,30,37
1376779540,30,37
1376779605,29,38
1376779617,28,39
1376779985,28,39
1376780588,28,39
1376781192,28,39
1376781573,28,39
1376781765,28,39
1376781810,28,38
1376781882,28,38
1376781915,28,38
1376781969,28,37
1376782051,28,37
1376782097,28,37
1376782178,28,37
1376782218,28,37
1376782300,29,36
1376782313,28,37
1376782413,29,37
1376782446,29,37
1376782541,29,37
1376782588,28,38
1376782663,28,38
1376782723,29,37
1376782754,30,36
1376783297,28,38
1376783901,28,39
1376784080,28,39
1376784142,28,39
1376784179,29,38
1376784783,29,38
1376784832,29,38
1376784918,29,38
1376784999,32,35
1376785603,32,35
1376786206,32,35
1376786615,33,34
1376787074,32,35
1376787678,32,35
1376788281,32,35
1376788885,32,35
1376789705,32,35
1376790081,31,36
1376790141,32,35
1376790745,32,35
1376791349,32,35
1376791600,32,35
1376791613,32,35
1376791691,33,34
1376791987,32,35
1376792591,32,35
1376793194,32,35
1376793289,32,35
1376793892,32,35
1376794120,33,34
1376794184,34,33
1376794343,35,32
1376794947,35,32
1376795193,35,32
1376795234,35,32
1376795295,35,32
1376795899,35,32
1376796502,35,32
1376796807,36,31
1376796852,36,31
1376797002,36,31
1376797005,35,32
1376797609,35,32
1376797999,36,31
1376798066,35,32
1376798445,36,31
1376798502,38,29
1376798852,38,29
1376798894,38,29
1376799406,39,28
1376799432,39,28
1376799497,39,28
1376800100,39,28
1376800704,39,28
1376801070,39,28
1376801143,40,27
1376801201,39,28
1376801211,40,27
1376801835,41,26
1376802439,41,26
1376802518,40,27
1376802747,40,27
1376802824,41,25
1376802877,41,25
1376802938,42,25
1376803004,42,25
1376803049,42,25
1376803075,43,24
1376803679,43,24
1376804283,43,24
1376804887,43,24
1376805352,43,24
1376805956,43,24
1376806560,43,24
1376807163,43,24
1376807767,43,24
1376808371,43,24
1376808975,43,24
1376809481,43,24
1376809538,43,24
1376810141,43,24
1376810253,41,26
1376810769,42,25
1376811372,42,25
1376811976,42,25
1376812579,42,25
1376812717,41,26
1376813096,40,27
1376813699,40,27
1376814220,40,27
1376814273,40,27
1376814342,40,27
1376814381,40,27
1376814464,39,28
1376814489,39,28
1376814561,37,30
1376815522,37,30
1376816126,37,30
1376816377,36,31
1376816981,36,31
1376817016,33,34
1376817267,33,34
1376817344,32,35
1376817355,33,34
1376817885,33,34
1376817914,34,33
1376818884,33,34
1376819190,33,34
1376819302,33,34
1376819404,33,34
1376819495,34,33
1376819708,35,32
1376820311,35,32
1376820915,35,32
1376821519,35,32
1376822122,35,32
1376822726,35,32
1376822978,36,31
1376823017,35,32
1376823319,33,34
1376823519,33,34
1376823579,34,33
1376823625,34,33
1376823696,35,32
1376823725,34,33
1376824336,32,35
1376824373,31,36
1376824441,31,36
1376824531,32,35
1376824932,30,37
1376825355,29,38
1376825427,30,37
1376825491,31,36
1376825658,32,35
1376826263,32,35
1376826321,33,34
1376826404,33,34
1376826776,34,33
1376826885,34,33
1376826906,33,34
1376827509,33,34
1376828113,33,34
1376828174,32,35
1376828261,32,35
1376828318,32,35
1376828347,33,34
1376828390,32,35
1376828493,32,35
1376828544,33,34
1376828788,32,35
1376828862,33,34
1376829071,34,33
1376829674,34,33
1376830244,34,33
1376830247,36,31
1376830348,37,30
1376830404,38,29
1376831008,38,29
1376831254,37,30
1376831802,37,30
1376831861,38,29
1376832464,38,29
