1376208437,8,7
1376209041,8,7
1376209645,8,7
1376210003,8,7
1376210083,9,6
1376210121,10,5
1376210204,10,5
1376210295,10,5
1376210457,10,5
1376210544,11,5
1376210728,11,5
1376210762,11,5
1376210933,11,5
1376211034,11,5
1376211088,11,5
1376211292,11,5
1376211400,11,5
1376211462,12,4
1376211523,11,4
1376211567,11,5
1376211620,12,4
1376212178,11,5
1376212702,10,6
1376213040,9,7
1376213367,8,8
1376213922,8,8
1376213929,9,7
1376214411,8,8
1376215015,8,8
1376215554,8,8
1376215775,9,7
1376215824,11,5
1376216226,10,6
1376216718,9,7
1376217075,8,8
1376217679,8,8
1376217764,8,8
1376217823,8,8
1376217825,9,7
1376217907,9,7
1376217968,9,7
1376218017,10,6
1376218119,10,6
1376218127,11,5
1376218457,10,6
1376218682,10,6
1376218784,11,5
1376218840,11,5
1376218881,13,3
1376218956,12,4
1376218983,12,4
1376219132,13,3
1376219613,12,4
1376220217,12,4
1376220258,14,2
1376220408,13,3
1376220680,13,3
1376220723,13,3
1376220821,13,3
1376221000,13,3
1376221023,12,4
1376221163,12,4
1376221441,12,4
1376221522,11,5
1376221696,11,5
1376221734,11,5
1376221798,11,5
1376221895,11,5
1376221962,12,4
1376221980,12,4
1376222584,12,4
1376222762,11,5
1376222983,10,6
1376223587,10,6
1376223851,9,7
1376224106,8,8
1376224543,7,9
1376224545,6,10
1376225150,6,10
1376225754,6,10
1376226358,6,10
1376226961,6,10
1376227062,6,10
1376227064,7,9
1376227668,7,9
1376228272,7,9
1376228682,6,10
1376228757,6,10
1376228849,4,12
1376228906,5,11
1376228964,3,13
1376229036,3,13
1376229080,3,13
1376229152,2,14
1376229169,2,14
1376229502,3,13
1376229603,2,14
1376229668,3,13
1376229868,4,12
1376229926,3,13
1376229960,4,12
1376230255,3,13
1376230769,2,14
1376230951,2,14
1376231007,4,12
1376231290,5,11
1376231618,6,10
1376231670,7,9
1376231733,8,8
1376231759,7,9
1376231877,7,9
1376231984,8,8
1376232008,9,7
1376232201,7,9
1376232684,5,11
1376232754,4,12
1376232824,4,12
1376232877,3,13
1376232927,5,11
1376232978,5,11
1376233047,5,11
1376233076,6,10
1376233236,4,12
1376233282,4,12
1376233352,3,13
1376233401,3,13
1376233484,4,12
1376233523,5,11
1376233777,3,13
1376233837,3,13
1376233868,4,12
1376233959,4,12
1376233990,5,11
1376234522,5,11
1376234566,5,11
1376234646,5,11
1376234731,2,14
1376234781,3,13
1376234864,3,13
1376234907,3,13
1376234980,4,12
1376235037,5,11
1376235104,4,11
1376235247,4,11
1376235344,6,10
1376235365,7,9
1376235457,9,7
1376235763,8,8
1376235825,8,8
1376236422,9,7
1376237017,11,5
1376237144,10,6
1376237435,9,7
1376238177,8,8
1376238583,5,11
1376238589,6,10
1376238809,5,11
1376239050,3,13
1376239066,2,14
1376239359,2,14
1376239403,3,13
1376239483,5,11
1376239602,5,11
1376239634,6,10
1376239766,7,9
1376240371,7,9
1376240609,6,10
1376241113,5,11
1376241432,3,13
1376242036,3,13
1376242640,3,13
1376243217,2,14
1376243575,1,15
1376244026,2,14
1376244095,3,13
1376244224,0,15
1376244338,1,14
1376244513,2,13
1376244739,1,14
1376245343,1,14
1376245815,1,14
1376245850,2,13
1376245960,3,12
1376246213,2,13
1376246348,1,14
1376246952,1,14
1376247479,2,13
1376247993,2,14
1376248053,1,15
1376248183,1,15
1376248226,1,15
1376248302,3,13
1376248323,4,12
1376248484,4,12
1376248488,2,14
1376248580,2,14
1376249184,2,14
1376249683,2,14
1376249690,0,16
1376250294,0,16
1376250898,0,16
1376251502,0,16
1376251642,1,15
1376251699,2,14
1376252103,1,15
1376252173,0,16
1376252258,0,16
1376252273,0,16
1376252877,0,16
1376253117,1,15
1376253722,1,15
1376254145,2,14
1376254633,1,15
1376254779,1,15
1376254838,2,14
1376255068,3,13
1376255672,3,13
1376256275,3,13
1376256450,4,12
1376257055,4,12
1376257097,5,11
1376257490,4,12
1376257952,3,13
1376258435,4,12
1376258550,4,12
1376258580,5,11
1376258844,4,12
1376259204,3,13
1376259808,3,13
1376260031,4,12
1376260119,3,13
1376260155,3,13
1376260215,3,13
1376260258,4,12
1376260551,4,12
1376260608,5,11
1376261212,5,11
1376261815,5,11
1376261979,5,11
1376261988,6,10
1376262278,9,7
1376262400,11,5
1376262463,11,5
1376262466,12,4
1376262732,12,4
1376262823,12,4
1376262976,13,3
1376263419,13,3
1376263428,14,2
1376263635,12,4
1376264239,12,4
1376264843,12,4
1376265446,12,4
1376266016,13,3
1376266621,13,3
1376267225,13,3
1376267828,13,3
1376268432,13,3
1376269036,13,3
1376269640,13,3
1376269772,14,2
1376270375,14,2
1376270850,13,3
1376271153,13,3
1376271757,13,3
1376272361,13,3
1376272964,13,3
1376273569,13,3
1376274173,13,3
1376274776,13,3
1376275380,13,3
1376275984,13,3
1376276588,13,3
1376277191,13,3
1376277795,13,3
1376278390,12,4
1376278993,12,4
1376279597,12,4
1376280201,12,4
1376280805,12,4
1376281408,12,4
1376282012,12,4
1376282616,12,4
1376283220,12,4
1376283505,13,3
1376284109,13,3
1376284713,13,3
1376285317,13,3
1376285921,13,3
1376286522,13,3
1376286531,14,2
1376287136,14,2
1376287740,14,2
1376288284,15,1
1376288326,14,2
1376288743,13,3
1376289160,13,3
1376289169,14,2
1376289484,13,3
1376289558,13,3
1376289594,14,2
1376290198,14,2
1376290262,13,3
1376290407,12,4
1376290455,10,6
1376290627,9,7
1376290723,9,7
1376290740,11,5
1376290820,10,6
1376291399,9,7
1376291676,10,6
1376291919,9,7
1376292042,9,7
1376292051,10,6
1376292338,9,7
1376292352,10,6
1376292499,11,5
1376292642,12,4
1376292650,11,5
1376292774,12,4
1376293003,11,5
1376293541,10,6
1376293758,11,5
1376293828,10,6
1376294013,9,7
1376294562,9,7
1376294565,10,6
1376294967,9,7
1376295048,8,8
1376295375,7,9
1376295461,8,8
1376295505,9,7
1376295572,9,7
1376295597,9,7
1376295664,9,7
1376295710,9,7
1376295960,8,8
1376296436,7,9
1376297040,7,9
1376297208,6,10
1376297300,7,9
1376297644,9,7
1376297911,10,6
1376298515,10,6
1376298879,9,7
1376299483,9,7
1376299915,8,8
1376300075,8,8
1376300135,8,8
1376300196,8,8
1376300254,9,7
1376300278,10,6
1376300545,9,7
1376301153,8,8
1376301758,8,8
1376301876,9,7
1376301990,10,6
1376302081,8,8
1376302341,9,7
1376302468,8,8
1376302724,8,8
1376302726,7,9
1376303133,6,10
1376303737,6,10
1376303791,7,9
1376303852,6,10
1376304217,8,8
1376304821,8,8
1376304961,7,9
1376305408,6,10
1376305691,5,11
1376305776,4,12
1376305836,5,11
1376305890,6,10
1376306118,7,9
1376306166,6,10
1376306523,7,9
1376306841,6,10
1376307013,7,9
1376307277,6,10
1376307711,5,11
1376307948,4,12
1376308552,4,12
1376308771,5,11
1376309102,4,12
1376309182,4,12
1376309211,5,11
1376309838,6,10
1376309913,8,8
1376309944,9,7
1376310059,8,8
1376310260,7,9
1376310460,8,8
1376310496,7,9
1376310544,8,8
1376310728,9,7
1376310817,10,6
1376310851,9,7
1376310908,10,6
1376310975,11,5
1376311044,12,4
1376311409,10,6
1376311711,11,5
1376312120,10,6
1376312724,10,6
1376313334,10,6
1376313428,9,7
1376313497,10,6
1376313903,11,5
1376314106,10,6
1376314278,11,5
1376314453,10,6
1376314539,9,7
1376314575,9,7
1376315060,8,8
1376315134,9,7
1376315276,10,6
1376315817,9,7
1376316258,8,8
1376316320,8,8
1376316508,9,7
1376316967,8,8
1376317572,8,8
1376317692,9,7
1376317782,9,7
1376317819,11,5
1376318423,11,5
1376318486,12,4
1376318561,13,3
1376318615,12,4
1376319155,11,5
1376319185,12,4
1376319375,13,3
1376319581,13,3
1376319989,14,2
1376320484,14,2
1376320501,14,2
1376321106,14,2
1376321182,13,3
1376321321,14,2
1376321397,13,3
1376321463,14,2
1376321783,12,4
1376322162,13,3
1376322216,13,3
1376322640,9,7
1376323211,10,6
1376323372,9,7
1376323634,10,6
1376323784,11,5
1376323796,9,7
1376323904,10,6
1376323922,10,6
1376324011,11,5
1376324117,11,5
1376324202,12,4
1376324218,11,5
1376324319,12,4
1376324367,11,5
1376324430,11,5
1376324489,11,5
1376324521,11,5
1376324619,11,5
1376324649,11,5
1376324690,12,4
1376325075,12,4
1376325146,12,4
1376325193,13,3
1376325251,14,2
1376325292,13,3
1376325380,12,4
1376325408,12,4
1376325517,13,3
1376325573,13,3
1376325632,12,4
1376325676,11,5
1376325756,10,6
1376325775,11,5
1376326058,11,5
1376326082,10,6
1376326175,9,7
1376326280,8,8
1376326416,9,7
1376326437,8,8
1376326584,7,9
1376326723,6,10
1376326734,7,9
1376326850,6,10
1376326945,5,11
1376326996,6,10
1376327170,5,11
1376327263,5,11
1376327265,6,10
1376327495,6,10
1376327982,7,9
1376327990,8,8
1376328164,8,8
1376328446,7,9
1376328522,7,9
1376328524,6,10
1376328791,5,11
1376328848,6,10
1376329117,5,11
1376329415,6,10
1376329619,7,9
1376329759,9,7
1376330302,10,6
1376330616,10,6
1376330661,11,5
1376330741,11,5
1376330945,11,5
1376331037,10,6
1376331127,8,8
1376331522,8,8
1376331531,9,7
1376331655,10,6
1376331733,11,5
1376331808,12,4
1376331910,11,5
1376332105,10,6
1376332422,11,5
1376332482,12,4
1376332677,13,3
1376332830,12,4
1376332961,13,3
1376333142,14,2
1376333751,14,2
1376334375,13,3
1376334979,13,3
1376335583,13,3
1376336187,13,3
1376336791,13,3
1376336981,14,2
1376337510,14,2
1376337582,14,2
1376337592,15,1
1376338196,15,1
1376338459,14,2
1376338561,11,5
1376339008,10,6
1376339136,9,7
1376339197,9,7
1376339258,9,7
1376339268,10,6
1376339597,10,6
1376339738,11,5
1376340207,11,5
1376340233,12,4
1376340595,13,3
1376341199,13,3
1376341802,13,3
1376342406,13,3
1376343010,13,3
1376343214,13,3
1376343237,12,3
1376343291,12,3
1376343460,12,4
1376343626,13,3
1376344230,13,3
1376344527,11,5
1376345131,11,5
1376345734,11,5
1376346338,11,5
1376346942,11,5
1376347574,9,7
1376348178,9,7
1376348782,9,7
1376349386,9,7
1376349435,8,8
1376350044,9,7
1376350648,9,7
1376351251,9,7
1376351855,9,7
1376352459,9,7
1376353063,9,7
1376353667,9,7
1376354270,9,7
1376354874,9,7
1376355478,9,7
1376356082,9,7
1376356685,9,7
1376357289,9,7
1376357553,9,7
1376358156,9,7
1376358178,8,8
1376358783,8,8
1376359386,8,8
1376359990,8,8
1376360593,8,8
1376361198,8,8
1376361802,8,8
1376362405,8,8
1376363009,8,8
1376363613,8,8
1376363702,9,7
1376364306,9,7
1376364910,9,7
1376365514,9,7
1376366117,9,7
1376366721,9,7
1376367325,9,7
1376367929,9,7
1376368532,9,7
1376369136,9,7
1376369740,9,7
1376370344,9,7
1376370878,9,7
1376370887,10,6
1376371491,10,6
1376372095,10,6
1376372526,11,5
1376372579,12,4
1376373183,12,4
1376373632,12,4
1376373840,13,3
1376374444,13,3
1376374773,13,3
1376374840,13,3
1376374849,14,2
1376375320,13,3
1376375382,11,5
1376375426,13,3
1376375572,12,4
1376375658,11,5
1376375729,12,4
1376376041,12,4
1376376278,12,3
1376376339,15,1
1376376460,14,2
1376376938,14,2
1376377037,15,1
1376377522,14,2
1376377722,15,1
1376377923,14,2
1376377984,13,3
1376378228,12,4
1376378314,11,5
1376378356,10,6
1376378411,11,5
1376378489,11,5
1376378553,12,4
1376378657,10,6
1376378687,11,5
1376378841,12,4
1376379216,11,5
1376379820,11,5
1376380424,11,5
1376380680,10,6
1376381149,9,7
1376381754,9,7
1376381934,10,6
1376382330,11,5
1376382372,10,6
1376382429,12,4
1376382552,11,5
1376382711,10,6
1376382795,10,6
1376382853,10,6
1376383457,10,6
1376383897,9,7
1376383906,10,6
1376384033,9,7
1376384184,9,7
1376384259,10,6
1376384361,10,6
1376384391,11,5
1376384513,10,6
1376385132,11,5
1376385736,11,5
1376385801,12,4
1376386026,13,3
1376386470,14,2
1376386492,15,1
1376386715,16,0
1376387320,16,0
1376387554,15,1
1376387770,14,2
1376387937,15,1
1376388214,16,0
1376388818,16,0
1376389422,16,0
1376389951,15,1
1376390555,15,1
1376390758,16,0
1376390824,15,1
1376391429,15,1
1376391500,14,2
1376391850,13,3
1376392454,13,3
1376392640,13,3
1376392723,13,3
1376392725,14,2
1376393184,13,3
1376393245,14,2
1376393454,13,3
1376393961,12,4
1376394091,10,6
1376394316,11,5
1376394553,10,6
1376394642,10,6
1376394665,9,7
1376394756,10,6
1376395117,9,7
1376395208,10,6
1376395328,9,7
1376395534,10,6
1376395775,9,7
1376396379,9,7
1376396983,9,7
1376397242,8,8
1376397366,9,7
1376397544,10,6
1376397868,10,6
1376397892,11,5
1376398495,11,5
1376398781,10,6
1376399046,9,7
1376399320,10,6
1376399423,12,4
1376399452,11,5
1376399979,10,6
1376400239,9,7
1376400451,9,7
1376400477,10,6
1376401082,10,6
1376401466,11,5
1376401497,11,5
1376401587,11,5
1376401616,12,4
1376402078,13,3
1376402682,13,3
1376403286,13,3
1376403556,14,2
1376404041,13,3
1376404645,13,3
1376405083,13,3
1376405086,14,2
1376405203,14,2
1376405211,15,1
1376405818,16,0
1376406421,16,0
1376407002,15,1
1376407082,16,0
1376407231,15,1
1376407475,15,1
1376407542,15,1
1376408147,15,1
1376408741,15,1
1376408743,13,3
1376408806,12,4
1376408953,14,2
1376409271,13,3
1376409301,14,2
1376409641,14,2
1376409721,15,1
1376409932,16,0
1376409950,15,1
1376410050,15,1
1376410108,15,1
1376410537,14,2
1376410829,15,1
1376411186,14,2
1376411254,15,1
1376411501,15,1
1376411504,16,0
1376411978,15,1
1376412116,16,0
1376412284,15,1
1376412291,16,0
1376412455,15,1
1376412539,16,0
1376412692,15,1
1376412807,15,1
1376412838,16,0
1376413254,15,1
1376413383,14,2
1376413517,13,3
1376413878,15,1
1376414142,14,2
1376414442,14,2
1376414448,14,2
1376414658,13,3
1376414730,11,5
1376414802,10,6
1376414834,9,7
1376414892,10,6
1376414980,10,6
1376415006,11,5
1376415207,11,5
1376415336,11,5
1376415369,13,3
1376415461,12,4
1376415483,12,4
1376415529,11,5
1376415881,11,5
1376416059,12,4
1376416132,11,5
1376416423,11,5
1376416508,11,5
1376416916,10,6
1376416996,9,7
1376417080,9,7
1376417095,8,8
1376417167,9,7
1376417379,7,9
1376417897,8,8
1376417963,7,9
1376418097,8,8
1376418268,7,9
1376418380,7,9
1376418447,9,7
1376419019,10,6
1376419090,11,5
1376419298,9,7
1376419902,9,7
1376419940,8,8
1376420544,8,8
1376421037,9,7
1376421086,8,8
1376421541,7,9
1376421792,8,8
1376422118,7,9
1376422722,7,9
1376423326,7,9
1376423737,8,8
1376423874,7,9
1376423937,6,10
1376424120,7,9
1376424725,7,9
1376425421,7,9
1376425432,8,8
1376425513,8,8
1376425708,9,7
1376425848,8,8
1376426235,6,10
1376426338,4,12
1376426981,4,12
1376426989,5,11
1376427282,5,11
1376427284,6,10
1376427936,7,9
1376428445,8,8
1376428740,9,7
1376429185,10,6
1376429425,11,5
1376429849,12,4
1376430453,12,4
1376431056,12,4
1376431381,10,6
1376431523,11,5
1376432127,11,5
1376432731,11,5
1376433210,9,7
1376433323,8,8
1376433927,8,8
1376434531,8,8
1376435134,8,8
1376435721,7,9
1376436325,7,9
1376436440,6,10
1376437044,6,10
1376437648,6,10
1376438252,6,10
1376438855,6,10
1376439127,7,9
1376439731,7,9
1376440335,7,9
1376440939,7,9
1376441542,7,9
1376442146,7,9
1376442750,7,9
1376443354,7,9
1376443952,7,9
1376444556,7,9
1376445160,7,9
1376445276,6,10
1376445880,6,10
1376446484,6,10
1376447088,6,10
1376447692,6,10
1376448161,5,11
1376448765,5,11
1376449370,5,11
1376449973,5,11
1376450577,5,11
1376451181,5,11
1376451785,5,11
1376452388,5,11
1376452992,5,11
1376453596,5,11
1376454200,5,11
1376454803,5,11
1376455407,5,11
1376456011,5,11
1376456615,5,11
1376457218,5,11
1376457822,5,11
1376458426,5,11
1376459030,5,11
1376459169,6,10
1376459773,6,10
1376460342,7,9
1376460359,8,8
1376460963,8,8
1376461568,8,8
1376461928,7,9
1376462143,7,9
1376462188,9,7
1376462421,8,8
1376462640,9,7
1376462802,11,5
1376462873,12,4
1376463054,11,5
1376463702,12,4
1376463726,12,4
1376464300,11,5
1376464423,11,5
1376464425,10,6
1376464505,9,7
1376464768,10,6
1376465152,9,7
1376465379,9,7
1376465417,8,8
1376465462,9,7
1376465581,8,8
1376466097,7,9
1376466277,5,11
1376466880,5,11
1376467177,5,11
1376467216,7,9
1376467820,7,9
1376468423,7,9
1376468496,5,11
1376468791,5,11
1376468858,6,10
1376468898,7,9
1376469503,7,9
1376469653,6,10
1376469939,4,12
1376470358,5,11
1376470962,5,11
1376471560,6,10
1376471588,7,9
1376471817,6,10
1376472021,5,11
1376472300,6,10
1376472905,6,10
1376473517,7,9
1376473768,8,8
1376473836,8,8
1376473862,9,7
1376474465,9,7
1376474633,10,6
1376474741,12,4
1376474765,14,2
1376475074,13,3
1376475678,13,3
1376476202,12,4
1376476336,13,3
1376476532,13,3
1376476591,14,2
1376476877,15,1
1376477481,15,1
1376477694,14,2
1376478297,14,2
1376478551,13,3
1376478630,12,4
1376479149,11,5
1376479222,12,4
1376479392,11,5
1376479996,11,5
1376480089,10,6
1376480177,9,7
1376480368,8,8
1376480742,8,8
1376480744,9,7
1376481074,8,8
1376481144,6,10
1376481210,6,10
1376481272,7,9
1376481337,6,10
1376481368,6,10
1376481417,7,9
1376481478,6,10
1376481929,4,11
1376481956,4,12
1376482357,3,13
1376482407,2,14
1376482480,2,14
1376482528,2,14
1376482557,3,13
1376483162,3,13
1376483474,4,12
1376484078,4,12
1376484504,2,14
1376485108,2,14
1376485712,2,14
1376486046,1,15
1376486263,1,15
1376486270,0,16
1376486874,0,16
1376487478,0,16
1376488082,0,16
1376488686,0,16
1376488957,0,16
1376489384,0,16
1376489436,0,16
1376490040,0,16
1376490644,0,16
1376490883,0,16
1376490893,1,15
1376491217,2,14
1376491821,2,14
1376492285,1,15
1376492338,0,16
1376492941,0,16
1376493494,1,15
1376493611,1,15
1376493657,0,16
1376493863,1,15
1376493895,0,16
1376493981,0,16
1376494449,0,16
1376494810,1,15
1376494964,1,15
1376494971,0,16
1376495279,1,15
1376495376,1,15
1376495501,1,15
1376495518,0,16
1376495584,1,15
1376495660,1,15
1376495705,2,14
1376496207,3,13
1376496323,4,12
1376496547,5,11
1376496689,4,12
1376496763,6,10
1376496817,8,8
1376496829,8,8
1376496900,7,9
1376497283,8,8
1376497359,7,9
1376497669,6,10
1376497750,6,10
1376497865,5,11
1376497931,4,12
1376498018,3,13
1376498189,4,12
1376498260,4,12
1376498319,4,12
1376498369,5,11
1376498424,6,10
1376498486,5,11
1376498599,6,10
1376498640,5,11
1376498850,4,12
1376498976,3,13
1376499155,3,13
1376499195,5,11
1376499243,4,12
1376499761,4,12
1376499764,3,13
1376499843,3,13
1376500338,4,12
1376500871,3,13
1376500951,2,14
1376500971,1,15
1376501123,0,16
1376501444,0,16
1376501666,1,15
1376501739,0,16
1376502342,0,16
1376502583,1,15
1376502964,2,14
1376503484,2,14
1376503592,3,13
1376503653,2,14
1376503667,1,15
1376503975,0,16
1376504140,1,15
1376504618,0,16
1376504637,0,16
1376504780,2,14
1376504930,1,15
1376505094,0,16
1376505570,0,16
1376505637,0,16
1376506242,0,16
1376506515,1,15
1376507118,1,15
1376507722,1,15
1376508319,2,14
1376508922,2,14
1376509408,1,15
1376509714,0,16
1376509763,1,15
1376509798,2,14
1376509877,1,15
1376509939,2,14
1376510215,2,14
1376510316,2,14
1376510369,3,13
1376510732,4,12
1376510922,4,12
1376510950,4,12
1376511555,4,12
1376512121,4,12
1376512159,5,11
1376512422,4,12
1376512440,3,13
1376513044,3,13
1376513647,3,13
1376513797,1,15
1376514278,2,14
1376514372,3,13
1376514570,2,14
1376514626,2,14
1376514703,2,14
1376514824,4,12
1376514872,5,11
1376515093,6,10
1376515582,7,9
1376516192,7,9
1376516796,7,9
1376517213,6,10
1376517662,7,9
1376517942,7,9
1376517945,8,8
1376518549,8,8
1376519153,8,8
1376519757,8,8
1376520360,8,8
1376520994,7,9
1376521176,6,10
1376521780,6,10
1376522384,6,10
1376522987,6,10
1376523073,5,11
1376523395,4,12
1376523427,3,13
1376524031,3,13
1376524635,3,13
1376525238,3,13
1376525842,3,13
1376526005,2,14
1376526283,2,14
1376526335,2,14
1376526939,2,14
1376527543,2,14
1376527716,1,15
1376528320,1,15
1376528923,1,15
1376529527,1,15
1376529914,1,15
1376529995,1,15
1376530037,1,15
1376530123,1,14
1376530169,2,14
1376530234,3,13
1376530473,3,13
1376530557,3,13
1376531162,3,13
1376531766,3,13
1376532369,3,13
1376532973,3,13
1376533577,3,13
1376534181,3,13
1376534785,3,13
1376534912,3,13
1376534954,4,12
1376535095,4,12
1376535123,5,11
1376535727,5,11
1376536331,5,11
1376536935,5,11
1376537539,5,11
1376538143,5,11
1376538747,5,11
1376539351,5,11
1376539954,5,11
1376540558,5,11
1376540570,4,12
1376541175,4,12
1376541271,5,11
1376541325,5,11
1376541914,4,12
1376542519,4,12
1376543123,4,12
1376543726,4,12
1376544330,4,12
1376544934,4,12
1376545538,4,12
1376545929,3,13
1376546532,3,13
1376547136,3,13
1376547489,4,12
1376547628,3,13
1376548232,3,13
1376548718,2,14
1376549115,2,14
1376549192,1,15
1376549210,2,14
1376549335,3,13
1376549618,2,14
1376549668,1,15
1376549720,0,16
1376549755,0,16
1376549849,0,16
1376550102,2,14
1376550577,1,15
1376550798,0,16
1376551402,0,16
1376551533,0,16
1376551564,1,15
1376552168,1,15
1376552772,1,15
1376552902,2,14
1376553195,3,13
1376553272,4,12
1376553458,5,11
1376553543,5,11
1376553694,5,11
1376553817,5,11
1376553878,5,11
1376553891,6,10
1376553983,6,10
1376554137,6,10
1376554270,6,10
1376554361,6,10
1376554419,8,8
1376554439,8,8
1376554686,9,7
1376554807,8,8
1376555169,7,9
1376555774,7,9
1376556286,7,9
1376556400,8,8
1376556522,8,8
1376556571,9,7
1376557176,9,7
1376557214,10,6
1376557777,8,8
1376557896,9,7
1376558021,9,7
1376558023,10,6
1376558675,9,7
1376558843,7,9
1376559092,8,8
1376559342,9,7
1376559534,10,6
1376560053,9,7
1376560657,9,7
1376560753,10,6
1376560841,11,5
1376560873,11,5
1376560944,11,5
1376561021,11,5
1376561068,11,5
1376561148,11,5
1376561248,12,4
1376561302,9,7
1376561378,9,7
1376561440,10,6
1376561502,10,6
1376561534,10,6
1376561566,10,6
1376561846,10,6
1376562040,10,6
1376562101,10,6
1376562150,10,6
1376562519,11,5
1376562929,12,4
1376563259,11,5
1376563896,11,5
1376564070,12,4
1376564141,12,4
1376564143,12,4
1376564221,12,4
1376564314,12,4
1376564373,13,3
1376564415,14,2
1376564502,13,3
1376564513,13,3
1376564973,14,2
1376565163,14,2
1376565165,13,3
1376565628,14,2
1376566233,14,2
1376566819,12,4
1376566897,12,4
1376566949,12,4
1376566983,13,3
1376567536,12,4
1376567774,13,3
1376568044,13,3
1376568047,12,4
1376568157,12,4
1376568167,13,3
1376568818,12,4
1376568912,11,5
1376569517,11,5
1376570120,11,5
1376570270,10,6
1376570874,10,6
1376570948,9,7
1376571183,8,8
1376571558,9,7
1376572162,9,7
1376572246,8,8
1376572363,8,8
1376572383,9,7
1376572438,10,6
1376572519,11,5
1376572601,12,4
1376572714,11,5
1376572726,11,5
1376573041,10,6
1376573251,9,7
1376573268,8,8
1376573496,8,8
1376573508,9,7
1376573677,10,6
1376573903,8,8
1376574100,8,8
1376574108,9,7
1376574203,8,8
1376574356,9,7
1376574599,10,6
1376575203,10,6
1376575436,9,7
1376575630,9,7
1376575664,9,7
1376575895,8,8
1376575971,10,6
1376576075,11,5
1376576203,11,5
1376576205,9,7
1376576423,8,8
1376576541,6,10
1376576680,7,9
1376576935,8,8
1376577004,8,8
1376577094,9,7
1376577180,8,8
1376577227,9,7
1376577330,9,7
1376577355,10,6
1376577633,9,7
1376577760,7,9
1376577916,6,10
1376578059,7,9
1376578663,7,9
1376578792,6,10
1376579060,8,8
1376579119,6,10
1376579186,6,10
1376579261,6,10
1376579300,7,9
1376579367,7,9
1376579726,7,9
1376579755,8,8
1376579859,5,11
1376579958,5,11
1376580012,8,8
1376580192,8,8
1376580412,7,9
1376580487,6,10
1376580748,5,11
1376581352,5,11
1376581669,6,10
1376582198,5,11
1376582322,5,11
1376582364,5,11
1376582442,5,11
1376582481,6,10
1376582553,5,11
1376582600,5,11
1376582653,7,9
1376582920,6,10
1376582951,4,12
1376583033,3,13
1376583099,3,13
1376583140,4,12
1376583193,4,12
1376583275,5,11
1376583393,5,11
1376583407,6,10
1376583672,5,11
1376584276,5,11
1376584467,6,10
1376585070,6,10
1376585491,6,10
1376585619,8,8
1376585629,9,7
1376585799,8,8
1376586403,8,8
1376586563,7,9
1376586971,6,10
1376587122,7,9
1376587158,8,8
1376587713,8,8
1376587743,8,8
1376587889,9,7
1376588078,11,5
1376588088,12,4
1376588175,12,4
1376588219,14,2
1376588528,13,3
1376588791,14,2
1376588856,13,3
1376589003,12,4
1376589104,12,4
1376589132,13,3
1376589397,12,4
1376590001,12,4
1376590131,11,5
1376590736,11,5
1376591339,11,5
1376591659,10,6
1376591705,10,6
1376591752,10,6
1376591833,10,6
1376591899,10,6
1376591940,11,5
1376592315,10,6
1376592697,9,7
1376592718,8,8
1376593097,7,9
1376593178,9,7
1376593187,10,6
1376593598,9,7
1376594203,9,7
1376594296,8,8
1376594722,7,9
1376595063,8,8
1376595263,7,9
1376595740,8,8
1376596404,5,11
1376597008,5,11
1376597064,4,12
1376597668,4,12
1376597696,3,13
1376598300,3,13
1376598641,3,13
1376598701,3,13
1376599358,2,14
1376599962,2,14
1376600276,4,12
1376600397,5,11
1376600802,4,12
1376600950,5,11
1376601144,6,10
1376601221,7,9
1376601229,8,8
1376601359,6,10
1376601963,6,10
1376602086,7,9
1376602691,7,9
1376603023,7,9
1376603026,6,10
1376603131,5,11
1376603153,4,12
1376603558,4,12
1376603595,5,11
1376604092,6,10
1376604696,6,10
1376604889,5,11
1376605493,5,11
1376605629,6,10
1376606233,6,10
1376606837,6,10
1376607440,6,10
1376608044,6,10
1376608648,6,10
1376609106,5,11
1376609711,5,11
1376610314,5,11
1376610918,5,11
1376611522,5,11
1376612127,5,11
1376612243,4,12
1376612848,4,12
1376613452,4,12
1376614055,4,12
1376614659,4,12
1376615263,4,12
1376615867,4,12
1376616471,4,12
1376616752,4,12
1376617357,4,12
1376617961,4,12
1376618564,4,12
1376619168,4,12
1376619772,4,12
1376620376,4,12
1376620979,4,12
1376621583,4,12
1376622187,4,12
1376622791,4,12
1376623395,4,12
1376623998,4,12
1376624603,4,12
1376625206,4,12
1376625810,4,12
1376626414,4,12
1376627018,4,12
1376627126,5,11
1376627731,5,11
1376628342,5,11
1376628365,6,10
1376628969,6,10
1376629573,6,10
1376630177,6,10
1376630780,6,10
1376631384,6,10
1376631608,7,9
1376632122,6,10
1376632726,6,10
1376633124,7,9
1376633727,7,9
1376634331,7,9
1376634935,8,8
1376635171,9,7
1376635203,9,6
1376635484,9,6
1376635541,8,7
1376635598,7,8
1376636202,7,9
1376636256,8,8
1376636829,7,9
1376637455,8,8
1376637623,7,9
1376638176,8,8
1376638216,7,9
1376638821,7,9
1376639199,6,10
1376639397,6,10
1376639480,6,10
1376639551,6,10
1376639589,7,9
1376640057,6,10
1376640486,5,11
1376640704,4,11
1376640738,4,11
1376640822,5,11
1376640835,4,12
1376640915,5,11
1376640983,5,11
1376641004,5,11
1376641074,5,11
1376641241,6,10
1376641248,5,11
1376641474,6,10
1376641663,5,11
1376641678,5,11
1376642070,6,10
1376642415,5,11
1376642847,5,11
1376642913,6,10
1376643158,5,11
1376643761,5,11
1376643974,6,10
1376644475,6,10
1376644518,7,9
1376644591,8,8
1376644748,7,9
1376645353,7,9
1376645956,7,9
1376646144,6,10
1376646386,5,11
1376646703,5,11
1376646706,6,10
1376646943,7,9
1376647397,6,10
1376647475,6,10
1376647532,6,10
1376647571,8,8
1376647888,9,7
1376648246,10,6
1376648616,11,5
1376648974,9,7
1376649577,9,7
1376649689,8,8
1376649757,8,8
1376649766,9,7
1376650371,9,7
1376650539,10,6
1376650548,9,7
1376650722,8,8
1376650736,9,7
1376650794,9,7
1376650915,9,7
1376651046,9,7
1376651212,9,7
1376651301,10,6
1376651339,11,5
1376651437,10,6
1376651461,10,6
1376651553,10,6
1376651615,11,5
1376651650,12,4
1376651707,11,5
1376651823,11,5
1376651977,10,6
1376651988,11,5
1376652223,12,4
1376652827,12,4
1376653036,12,4
1376653487,11,5
1376653734,9,7
1376654016,8,8
1376654502,8,8
1376654552,11,5
1376654772,11,5
1376654824,12,4
1376655124,11,5
1376655402,11,5
1376655404,10,6
1376655854,9,7
1376656415,7,9
1376656592,5,11
1376656652,4,12
1376656954,3,13
1376657234,2,14
1376657363,1,15
1376657418,0,16
1376658022,0,16
1376658319,1,15
1376658639,1,15
1376658676,3,13
1376659286,2,14
1376659628,3,13
1376660236,2,14
1376660441,1,15
1376660452,0,16
1376661057,0,16
1376661501,1,15
1376662105,1,15
1376662357,1,15
1376662522,0,16
1376662602,0,16
1376662655,0,16
1376662717,1,15
1376662732,1,15
1376662977,0,16
1376663262,0,16
1376663307,1,15
1376663326,2,14
1376663396,2,14
1376663483,2,14
1376663532,2,14
1376663585,3,13
1376663774,3,13
1376663904,2,14
1376664017,3,13
1376664086,4,12
1376664270,2,14
1376664745,3,13
1376664786,2,14
1376665182,2,14
1376665219,2,14
1376665296,3,13
1376665807,4,12
1376666411,4,12
1376667015,4,12
1376667189,5,11
1376667343,4,12
1376667396,4,12
1376667434,5,11
1376667896,4,12
1376668063,4,12
1376668066,3,13
1376668283,4,12
1376668422,6,10
1376668429,5,11
1376668715,7,9
1376668750,7,9
1376669125,7,9
1376669197,8,8
1376669520,9,7
1376669722,8,8
1376669816,7,9
1376670138,6,10
1376670416,7,9
1376670639,6,10
1376671088,7,9
1376671419,8,8
1376671476,9,7
1376671590,8,8
1376671653,7,9
1376671722,7,9
1376671778,9,7
1376672382,9,7
1376672682,8,8
1376672888,9,7
1376673492,9,7
1376673713,8,8
1376674180,9,7
1376674483,10,6
1376674516,10,6
1376674953,10,6
1376674983,12,4
1376675181,11,5
1376675339,12,4
1376675602,11,5
1376675696,10,6
1376675757,11,5
1376675922,9,7
1376675924,10,6
1376676092,11,5
1376676182,12,4
1376676516,13,3
1376676658,12,4
1376676749,13,3
1376676873,12,4
1376677477,12,4
1376677518,11,5
1376678122,11,5
1376678490,10,6
1376678563,10,6
1376678580,8,8
1376678753,6,10
1376678981,7,9
1376679387,7,9
1376679448,9,7
1376679689,10,6
1376680016,11,5
1376680282,10,6
1376680886,10,6
1376681443,10,6
1376681477,11,5
1376681556,12,4
1376682160,12,4
1376682764,12,4
1376683367,12,4
1376683839,10,6
1376684443,10,6
1376684479,11,5
1376685083,11,5
1376685320,13,3
1376685923,13,3
1376686527,13,3
1376687132,13,3
1376687429,11,5
1376688033,11,5
1376688078,10,6
1376688179,11,5
1376688784,11,5
1376689153,12,4
1376689344,13,3
1376689614,14,2
1376690218,14,2
1376690822,14,2
1376691163,14,2
1376691166,13,3
1376691642,13,3
1376691647,11,5
1376692251,11,5
1376692855,11,5
1376693458,11,5
1376693586,10,6
1376694191,10,6
1376694368,11,5
1376694972,11,5
1376695576,11,5
1376696180,11,5
1376696783,11,5
1376697110,9,7
1376697714,9,7
1376698318,9,7
1376698922,9,7
1376699503,9,7
1376699506,10,6
1376700110,10,6
1376700359,9,7
1376700963,9,7
1376701567,9,7
1376701696,7,9
1376702300,7,9
1376702904,7,9
1376703146,7,9
1376703223,7,9
1376703232,7,9
1376703836,7,9
1376704440,7,9
1376704537,7,9
1376704577,7,9
1376704663,7,9
1376704706,8,8
1376705310,8,8
1376705913,8,8
1376706517,8,8
1376707121,8,8
1376707750,7,9
1376708354,7,9
1376708958,7,9
1376709562,7,9
1376710166,7,9
1376710769,7,9
1376710956,6,10
1376711560,6,10
1376712165,6,10
1376712769,6,10
1376713372,6,10
1376713976,6,10
1376714612,5,11
1376715217,5,11
1376715820,5,11
1376716424,5,11
1376717028,5,11
1376717632,5,11
1376718236,5,11
1376718839,5,11
1376719443,5,11
1376720047,5,11
1376720651,5,11
1376720864,5,11
1376720875,6,10
1376721479,6,10
1376721700,6,10
1376721709,7,9
1376722237,6,10
1376722302,5,11
1376722906,5,11
1376723510,5,11
1376724114,5,11
1376724177,3,13
1376724482,2,14
1376725087,3,13
1376725213,2,14
1376725257,3,13
1376725861,3,13
1376725912,3,13
1376725992,4,12
1376726127,4,12
1376726177,5,11
1376726780,5,11
1376726870,4,12
1376727375,5,11
1376727704,5,11
1376727707,3,13
1376728310,3,13
1376728926,2,14
1376729530,2,14
1376730028,1,15
1376730279,2,14
1376730398,1,15
1376730702,2,14
1376730750,3,13
1376730815,2,14
1376730988,3,13
1376731009,2,14
1376731133,3,13
1376731531,3,13
1376731599,3,13
1376732024,2,14
1376732558,2,14
1376732651,2,14
1376732795,3,13
1376732985,3,13
1376733037,4,12
1376733079,6,10
1376733381,5,11
1376733501,6,10
1376734106,6,10
1376734709,6,10
1376735313,6,10
1376735439,6,10
1376735448,7,9
1376735975,8,8
1376736578,8,8
1376737183,8,8
1376737229,7,9
1376737389,8,8
1376737648,6,10
1376737964,6,10
1376737981,8,8
1376738198,9,7
1376738281,10,6
1376738503,10,6
1376738688,10,6
1376738803,11,5
1376738925,10,6
1376738927,10,6
1376739000,8,8
1376739086,8,8
1376739134,9,7
1376739253,9,7
1376739288,10,6
1376739386,10,6
1376739433,11,5
1376739982,10,6
1376740114,9,7
1376740361,10,6
1376740904,9,7
1376741430,7,9
1376741700,6,10
1376741918,5,11
1376741978,1,15
1376742027,1,15
1376742058,2,14
1376742160,1,15
1376742764,1,15
1376742786,0,16
1376743004,0,16
1376743040,3,13
1376743461,2,14
1376743963,1,15
1376744531,0,16
1376744796,0,16
1376744825,1,15
1376745429,1,15
1376745662,2,14
1376745801,3,13
1376746406,3,13
1376746574,4,12
1376746958,4,12
1376746978,6,10
1376747085,6,10
1376747090,4,12
1376747658,1,15
1376748095,2,14
1376748270,1,15
1376748376,0,16
1376748773,0,16
1376748827,0,16
1376748911,0,16
1376749515,0,16
1376750120,0,16
1376750723,0,16
1376751327,0,16
1376751644,1,15
1376751646,0,16
1376751716,1,15
1376751879,2,14
1376751935,4,12
1376752005,3,13
1376752046,4,12
1376752240,4,12
1376752275,5,11
1376752335,6,10
1376752555,7,9
1376752845,6,10
1376752847,5,11
1376753141,4,12
1376753173,3,13
1376753777,3,13
1376753863,3,13
1376753874,4,12
1376754281,2,14
1376754432,3,13
1376754477,5,11
1376754549,4,12
1376754861,4,12
1376754999,3,13
1376755063,3,13
1376755172,4,12
1376755355,3,13
1376755466,4,12
1376756006,3,13
1376756250,1,15
1376756361,0,16
1376756733,1,15
1376756762,2,14
1376757366,2,14
1376757525,1,15
1376757580,0,16
1376758185,0,16
1376758361,0,16
1376758435,1,15
1376759039,1,15
1376759137,2,14
1376759579,3,13
1376759753,2,14
1376760091,1,15
1376760383,2,14
1376760743,2,14
1376761348,3,13
1376761419,2,14
1376761471,3,13
1376761832,2,14
1376762436,2,14
1376763040,2,14
1376763559,0,16
1376763982,1,15
1376764027,0,16
1376764607,0,16
1376765010,0,16
1376765040,1,15
1376765577,0,16
1376766181,0,16
1376766275,1,15
1376766388,0,16
1376766454,1,15
1376766617,2,14
1376767221,2,14
1376767351,2,14
1376767402,4,12
1376768006,4,12
1376768385,4,12
1376768396,5,11
1376769000,5,11
1376769332,4,12
1376769349,3,13
1376769434,4,12
1376770038,4,12
1376770199,3,13
1376770327,4,12
1376770755,2,14
1376771085,2,14
1376771124,3,13
1376771727,3,13
1376772331,3,13
1376772584,2,14
1376772586,1,15
1376773245,1,15
1376773304,1,15
1376773331,2,14
1376773477,3,13
1376774081,3,13
1376774662,2,14
1376775266,2,14
1376775869,2,14
1376776473,2,14
1376776563,3,13
1376777168,3,13
1376777505,4,12
1376777560,4,12
1376777858,3,13
1376778387,4,12
1376778992,4,12
1376779451,3,13
1376780034,2,14
1376780344,1,15
1376780948,1,15
1376781019,0,16
1376781142,1,15
1376781746,1,15
1376782350,0,16
1376782955,0,16
1376783558,0,16
1376784162,0,16
1376784766,0,16
1376785370,0,16
1376785998,1,15
1376786602,1,15
1376787207,1,15
1376787810,1,15
1376788414,1,15
1376789018,1,15
1376789555,1,15
1376790158,1,15
1376790762,1,15
1376791221,0,16
1376791284,0,16
1376791390,1,15
1376791993,1,15
1376792435,1,15
1376792472,2,14
1376793076,2,14
1376793680,2,14
1376794284,2,14
1376794887,2,14
1376795491,2,14
1376796095,2,14
1376796698,2,14
1376796873,1,15
1376797478,1,15
1376797684,0,16
1376798287,0,16
1376798891,0,16
1376799495,0,16
1376800099,0,16
1376800703,0,16
1376801307,0,16
1376801911,0,16
1376802515,0,16
1376802848,1,15
1376803452,1,15
1376804056,1,15
1376804660,1,15
1376805264,1,15
1376805868,1,15
1376806471,1,15
1376806903,1,15
1376806935,1,15
1376807539,1,15
1376808143,1,15
1376808224,1,15
1376808231,0,16
1376808835,0,16
1376809167,1,15
1376809770,1,15
1376810374,1,15
1376810552,0,16
1376811157,0,16
1376811760,0,16
1376811877,1,15
1376811919,2,14
1376812522,2,14
1376813126,2,14
1376813505,2,14
1376813516,3,13
1376814121,3,13
1376814314,5,11
1376814919,5,11
1376814983,4,12
1376815587,4,12
1376816191,4,12
1376816399,3,13
1376816658,4,12
1376816736,5,11
1376817103,4,11
1376817113,5,11
1376817191,3,13
1376817277,2,14
1376817881,2,14
1376818477,3,13
1376818739,4,12
1376819062,3,13
1376819425,2,14
1376820029,2,14
1376820213,1,15
1376820362,0,16
1376820966,0,16
1376821163,1,15
1376821362,1,15
1376821370,0,16
1376821973,0,16
1376822577,0,16
1376823181,0,16
1376823785,0,16
1376824388,0,16
1376824964,0,16
1376824991,0,16
1376825056,0,16
1376825119,1,15
1376825184,1,15
1376825215,2,14
1376825618,1,15
1376826223,1,15
1376826884,1,15
1376826891,0,16
1376827495,0,16
1376828099,0,16
1376828703,0,16
1376829306,0,16
1376829910,0,16
1376830514,0,16
1376830840,0,16
1376830849,2,14
1376831010,4,12
1376831151,3,13
1376831583,4,12
1376831803,4,12
1376831814,5,11
1376832434,4,12
