1376208368,1,49
1376208972,1,49
1376209206,0,50
1376209810,0,50
1376210414,0,50
1376210487,1,49
1376210668,3,47
1376210690,3,47
1376210976,4,46
1376211169,4,46
1376211242,5,45
1376211343,5,45
1376211389,5,45
1376211454,5,45
1376211514,5,45
1376211551,6,44
1376211739,6,44
1376211773,7,43
1376211881,4,46
1376211903,5,45
1376211995,5,45
1376212025,6,44
1376212630,6,44
1376213054,5,45
1376213116,6,44
1376213187,7,43
1376213600,7,43
1376213629,8,42
1376214083,5,45
1376214630,5,45
1376214691,5,44
1376214755,6,44
1376214916,5,45
1376215521,5,45
1376215994,4,46
1376216436,4,46
1376216747,3,47
1376217030,2,48
1376217337,1,49
1376217661,2,48
1376217760,3,47
1376218328,2,48
1376218393,1,49
1376218482,1,49
1376218485,0,50
1376219003,0,50
1376219070,1,49
1376219107,0,50
1376219173,0,50
1376219674,1,49
1376219725,1,49
1376219788,1,49
1376219857,2,48
1376219886,3,47
1376219971,3,47
1376220005,4,46
1376220389,2,48
1376220993,2,48
1376221112,1,49
1376221157,2,48
1376221706,2,48
1376221768,3,47
1376222025,3,47
1376222404,3,47
1376222473,4,46
1376222633,4,46
1376222690,5,45
1376223005,4,46
1376223096,2,48
1376223700,2,48
1376223762,0,50
1376223987,1,49
1376224311,0,50
1376224471,1,49
1376224710,0,50
1376224854,1,49
1376225129,2,48
1376225199,2,48
1376225207,3,47
1376225811,3,47
1376226059,4,46
1376226322,5,45
1376226430,6,44
1376227035,6,44
1376227184,7,43
1376227297,7,43
1376227362,8,42
1376227417,9,41
1376227473,10,40
1376227513,10,40
1376227602,10,39
1376227723,10,39
1376227737,12,37
1376227815,13,36
1376228421,14,36
1376228832,15,35
1376228918,16,34
1376229145,17,33
1376229748,17,33
1376230352,17,33
1376230410,16,34
1376230436,17,33
1376230813,18,32
1376231129,17,33
1376231503,17,33
1376231549,18,32
1376232042,17,33
1376232309,16,34
1376232483,17,33
1376232855,18,32
1376232979,19,31
1376233423,20,30
1376233990,20,30
1376234030,21,29
1376234123,20,30
1376234202,20,30
1376234207,21,29
1376234274,20,30
1376234377,21,29
1376234440,21,29
1376234501,23,27
1376234547,21,29
1376234581,22,28
1376234698,21,29
1376234895,20,30
1376234973,19,31
1376235007,18,32
1376235075,18,32
1376235139,18,31
1376235174,19,30
1376235490,17,32
1376235759,17,32
1376235937,16,33
1376235946,17,32
1376236210,16,33
1376236356,17,32
1376236479,18,31
1376236596,17,32
1376236648,17,32
1376236692,18,31
1376236766,17,32
1376236839,17,32
1376237007,17,32
1376237136,15,34
1376237172,15,34
1376237248,16,33
1376237852,16,34
1376237914,17,33
1376238518,17,33
1376238628,17,33
1376238699,18,32
1376239406,19,31
1376239499,20,30
1376239598,19,31
1376239992,20,30
1376240142,21,29
1376240615,22,28
1376240659,21,29
1376241025,20,30
1376241630,20,30
1376241758,20,30
1376241768,21,29
1376242100,20,30
1376242230,21,29
1376242288,22,28
1376242891,22,28
1376243199,21,29
1376243489,23,27
1376243612,24,26
1376243911,22,28
1376243977,22,28
1376244020,22,28
1376244161,23,27
1376244186,24,26
1376244282,22,28
1376244640,20,30
1376244647,21,29
1376244867,22,28
1376244919,21,29
1376245061,21,29
1376245063,22,28
1376245218,24,26
1376245355,25,25
1376245702,24,26
1376246258,23,27
1376246557,24,26
1376246952,23,27
1376247003,23,27
1376247448,24,26
1376247899,25,25
1376248157,25,25
1376248188,26,24
1376248537,27,23
1376248583,28,22
1376248661,29,21
1376248900,29,21
1376248941,31,19
1376249002,32,18
1376249073,32,18
1376249108,32,18
1376249442,33,16
1376249453,33,16
1376249550,33,16
1376249601,33,16
1376249633,33,16
1376249773,33,16
1376249959,33,16
1376250339,34,15
1376250351,35,14
1376250429,33,16
1376250512,34,15
1376250763,34,15
1376250766,35,14
1376251086,35,14
1376251161,35,13
1376251765,35,14
1376252369,35,14
1376252405,36,13
1376252501,37,12
1376252504,38,11
1376252706,39,10
1376252767,40,9
1376252977,39,10
1376252999,39,10
1376253099,39,10
1376253119,41,8
1376253326,42,7
1376253931,42,7
1376254107,40,9
1376254163,40,9
1376254243,41,8
1376254282,42,7
1376254412,42,7
1376254541,42,7
1376254553,43,6
1376254677,45,4
1376255105,46,3
1376255426,47,2
1376256030,47,2
1376256633,47,2
1376257237,47,2
1376257336,46,3
1376257419,46,3
1376257462,48,1
1376258066,48,1
1376258219,47,2
1376258319,48,1
1376258923,48,1
1376259528,48,1
1376260132,48,1
1376260735,48,1
1376261339,48,1
1376261944,48,1
1376262547,48,1
1376263151,48,1
1376263755,48,1
1376263839,48,1
1376264443,48,1
1376265047,48,1
1376265652,48,1
1376266256,48,1
1376266860,48,1
1376267464,48,1
1376268067,48,1
1376268672,48,1
1376269276,48,1
1376269880,48,1
1376270484,48,1
1376271087,48,1
1376271373,48,1
1376271979,48,1
1376272583,48,1
1376273187,48,1
1376273276,46,3
1376273880,46,3
1376274483,46,3
1376275087,46,3
1376275691,46,3
1376276295,46,3
1376276899,46,3
1376277502,46,3
1376278106,46,3
1376278710,46,3
1376279291,45,4
1376279895,45,4
1376280057,44,5
1376280660,44,5
1376280973,43,6
1376281579,43,6
1376282182,43,6
1376282327,43,6
1376282414,43,6
1376282934,43,6
1376283019,42,7
1376283076,42,7
1376283198,42,7
1376283278,42,7
1376283400,43,6
1376283502,42,7
1376283576,43,6
1376283651,43,6
1376283753,43,6
1376283821,44,4
1376283824,45,3
1376284397,45,3
1376284443,46,2
1376285047,46,3
1376285651,46,3
1376285981,46,3
1376286010,42,7
1376286413,41,8
1376286975,40,9
1376287207,39,10
1376287406,40,8
1376287948,40,8
1376288009,41,7
1376288423,42,6
1376288525,42,6
1376288579,43,5
1376288945,41,7
1376289014,40,8
1376289099,39,9
1376289127,40,8
1376289170,39,9
1376289246,38,10
1376289631,39,9
1376289900,39,9
1376289951,38,10
1376290094,37,11
1376290181,37,11
1376290235,35,13
1376290627,34,14
1376290788,33,15
1376290860,32,16
1376291307,31,17
1376291603,30,18
1376291799,30,18
1376291848,29,19
1376291895,28,20
1376292077,29,19
1376292194,29,19
1376292282,28,20
1376292621,29,19
1376292989,29,19
1376293592,29,20
1376293676,28,21
1376293790,27,22
1376294225,26,23
1376294556,25,24
1376294615,24,25
1376294673,24,25
1376294725,25,25
1376294792,24,26
1376294860,24,26
1376294863,23,27
1376294944,22,28
1376295208,23,27
1376295437,22,28
1376295975,21,29
1376296403,22,28
1376296590,21,29
1376296748,20,30
1376297179,21,29
1376297473,21,29
1376297527,22,28
1376298130,22,28
1376298224,22,28
1376298228,21,29
1376298832,21,29
1376298911,22,28
1376299178,22,28
1376299239,22,28
1376299292,22,28
1376299336,22,28
1376299417,22,28
1376299459,22,28
1376299523,22,28
1376299601,22,28
1376299635,22,28
1376299677,22,28
1376299733,22,28
1376299832,22,28
1376299853,22,28
1376299956,21,29
1376300003,21,29
1376300082,21,29
1376300131,21,29
1376300161,22,28
1376300293,23,27
1376300778,23,27
1376300828,23,27
1376300897,23,27
1376300971,23,27
1376301098,23,27
1376301116,23,27
1376301212,24,26
1376301257,23,27
1376301340,24,26
1376301402,26,24
1376301580,25,25
1376301598,24,26
1376301702,24,26
1376301724,25,25
1376302237,26,24
1376302558,25,25
1376303161,25,25
1376303344,24,26
1376303844,23,27
1376303980,22,28
1376303991,23,27
1376304075,24,26
1376304583,24,26
1376304610,25,25
1376304748,25,25
1376304787,26,24
1376305422,27,23
1376306026,27,23
1376306630,27,23
1376306922,27,22
1376306965,27,23
1376307042,27,23
1376307045,28,22
1376307493,29,21
1376307631,28,22
1376307808,27,23
1376307974,27,23
1376308062,27,23
1376308064,27,23
1376308151,27,23
1376308195,28,22
1376308302,28,22
1376308510,27,23
1376309113,27,23
1376309424,26,24
1376309596,27,23
1376310199,27,23
1376310342,27,23
1376310345,26,24
1376310439,26,24
1376310505,27,23
1376310541,27,23
1376310597,27,23
1376310838,27,23
1376310897,28,22
1376311162,29,21
1376311368,28,22
1376311518,29,21
1376311947,28,22
1376312257,28,22
1376312333,27,23
1376312559,27,23
1376312570,28,22
1376312776,28,22
1376312811,29,21
1376313169,28,22
1376313281,28,22
1376313283,29,21
1376313822,28,22
1376314425,28,22
1376314638,29,21
1376315213,28,22
1376315518,27,23
1376316149,28,22
1376316248,27,23
1376316373,28,22
1376316920,29,21
1376317415,30,20
1376317446,31,19
1376317530,30,20
1376318134,30,20
1376318220,31,19
1376318436,30,20
1376319040,30,20
1376319097,30,20
1376319107,31,19
1376319760,31,19
1376319813,32,18
1376319877,34,16
1376319942,33,17
1376319999,34,16
1376320233,34,16
1376320298,33,17
1376320337,33,17
1376320942,33,17
1376321312,34,16
1376321335,35,15
1376321676,36,14
1376321912,38,12
1376322090,37,13
1376322382,36,14
1376322506,38,12
1376322743,37,13
1376322819,37,13
1376322830,38,12
1376323024,37,13
1376323348,36,14
1376323650,35,15
1376323713,36,14
1376323779,37,13
1376323915,37,13
1376324008,37,13
1376324071,38,12
1376324140,38,12
1376324169,40,10
1376324251,40,9
1376324276,41,8
1376324378,42,7
1376324416,43,7
1376324861,42,8
1376324905,40,10
1376325096,39,11
1376325700,39,11
1376325811,40,10
1376325865,41,8
1376326449,41,8
1376326535,40,9
1376326598,40,9
1376326651,40,9
1376326680,41,8
1376326897,42,7
1376327006,43,7
1376327070,42,8
1376327402,43,7
1376327529,42,8
1376327623,42,8
1376327626,41,9
1376328097,41,9
1376328106,42,8
1376328337,42,8
1376328346,43,7
1376328506,40,10
1376328873,39,11
1376328910,39,11
1376328998,41,9
1376329044,41,9
1376329317,40,10
1376329443,39,11
1376329656,36,14
1376329673,36,14
1376329762,37,13
1376330018,37,13
1376330082,38,12
1376330085,39,11
1376330318,39,11
1376330369,40,10
1376330404,41,9
1376330488,41,9
1376330553,42,8
1376330610,42,8
1376330641,43,7
1376330708,43,7
1376330785,43,7
1376330851,43,7
1376330953,43,7
1376331004,43,7
1376331152,43,7
1376331222,42,8
1376331276,43,7
1376331301,43,7
1376331711,42,8
1376331940,42,8
1376332063,43,7
1376332066,42,8
1376332670,42,8
1376333274,42,8
1376333877,42,8
1376334306,43,7
1376334911,43,7
1376335031,44,6
1376335360,44,6
1376335366,42,8
1376335576,43,7
1376336031,42,8
1376336120,42,8
1376336189,42,8
1376336219,43,7
1376336823,43,7
1376337426,43,7
1376337642,43,7
1376337652,44,6
1376338256,44,6
1376338362,44,6
1376338365,45,5
1376338643,46,4
1376338902,44,6
1376338905,43,7
1376339508,43,7
1376339873,44,6
1376340478,44,6
1376340701,42,8
1376341009,41,9
1376341613,41,9
1376341779,42,8
1376341961,43,7
1376342623,44,6
1376342803,44,6
1376342806,43,7
1376343410,43,7
1376344014,43,7
1376344618,43,7
1376345222,43,7
1376345299,42,8
1376345903,42,8
1376346507,42,8
1376346929,43,7
1376347533,43,7
1376348137,43,7
1376348741,43,7
1376349345,43,7
1376349949,43,7
1376350553,43,7
1376351156,43,7
1376351760,43,7
1376352280,43,7
1376352380,43,7
1376352495,44,6
1376353100,44,6
1376353360,43,7
1376353385,42,8
1376353989,42,8
1376354592,42,8
1376355097,43,7
1376355701,44,6
1376355710,45,5
1376356313,45,5
1376356918,45,5
1376357522,45,5
1376357834,45,5
1376358439,45,5
1376359043,45,5
1376359647,45,5
1376360250,45,5
1376360854,45,5
1376361458,45,5
1376362062,45,5
1376362666,45,5
1376363270,45,5
1376363920,44,6
1376364525,44,6
1376365128,44,6
1376365460,42,8
1376365540,40,10
1376365867,39,11
1376366471,39,11
1376367075,39,11
1376367679,39,11
1376368283,39,11
1376368632,38,12
1376369236,38,12
1376369453,37,13
1376370057,37,13
1376370276,36,14
1376370289,37,13
1376370399,38,12
1376370815,39,11
1376370994,40,10
1376371598,40,10
1376372202,40,10
1376372230,39,11
1376372464,40,10
1376373068,40,10
1376373336,39,11
1376373410,38,12
1376374015,38,12
1376374380,37,13
1376374460,38,12
1376374614,38,12
1376374686,39,11
1376374765,39,11
1376374800,40,10
1376374891,38,12
1376374962,38,12
1376374964,39,11
1376375370,37,13
1376375609,38,12
1376375676,37,13
1376376279,37,13
1376376627,36,14
1376376784,37,13
1376376948,36,14
1376377389,35,15
1376377471,34,16
1376377559,35,15
1376378149,35,15
1376378397,35,15
1376378472,35,15
1376378545,35,15
1376378639,35,15
1376378891,35,15
1376378972,36,14
1376379161,36,14
1376379204,36,14
1376379266,37,13
1376379299,38,12
1376379393,37,13
1376379935,36,14
1376380538,36,14
1376380721,37,13
1376380777,38,12
1376380866,36,14
1376381188,37,13
1376381374,38,12
1376381561,37,13
1376381588,38,12
1376382084,37,13
1376382304,36,14
1376382931,34,16
1376383325,34,16
1376383436,34,16
1376383538,35,15
1376383580,36,14
1376384185,36,14
1376384788,36,14
1376384936,36,14
1376385003,37,13
1376385099,37,13
1376385159,37,13
1376385177,37,13
1376385278,39,11
1376385456,39,11
1376385571,39,11
1376385596,40,10
1376385755,40,10
1376385780,41,9
1376385883,41,9
1376385940,42,8
1376386035,44,6
1376386578,41,9
1376386854,40,10
1376387458,40,10
1376387854,39,11
1376387865,39,11
1376388469,39,11
1376389073,39,11
1376389439,38,12
1376390043,38,12
1376390238,39,11
1376390842,39,11
1376391206,40,10
1376391334,39,11
1376391376,38,12
1376391623,38,12
1376391664,39,11
1376391790,38,12
1376391964,37,13
1376392113,36,14
1376392157,35,15
1376392376,34,16
1376392685,35,15
1376392863,34,16
1376393468,34,16
1376393759,33,17
1376394086,34,16
1376394282,35,15
1376394559,36,14
1376394643,36,14
1376394646,35,15
1376394927,36,14
1376395531,36,14
1376396135,36,14
1376396314,37,13
1376396565,37,13
1376396676,37,13
1376397280,37,13
1376397372,36,14
1376397737,36,14
1376398342,36,14
1376398484,36,14
1376398487,35,15
1376398828,34,16
1376399431,34,16
1376399955,35,15
1376399999,36,14
1376400438,35,15
1376401042,35,15
1376401647,35,15
1376401763,34,16
1376401949,33,17
1376402014,33,17
1376402072,34,16
1376402198,35,15
1376402502,35,15
1376402512,36,14
1376402856,35,15
1376403179,36,14
1376403530,35,15
1376404149,34,16
1376404240,34,16
1376404248,35,15
1376404371,34,16
1376404474,33,17
1376404762,31,19
1376404820,30,20
1376404910,29,21
1376405067,30,20
1376405102,31,19
1376405258,30,20
1376405422,29,21
1376405637,30,20
1376405760,29,21
1376406364,29,21
1376406463,29,21
1376406482,29,21
1376406535,28,22
1376407140,28,22
1376407350,29,21
1376407379,28,22
1376407676,28,22
1376407830,27,23
1376407902,27,22
1376407950,28,20
1376408000,28,21
1376408066,27,22
1376408126,28,21
1376408310,27,22
1376408375,27,22
1376408512,26,23
1376409040,24,25
1376409100,24,25
1376409107,25,24
1376409221,26,23
1376409392,25,24
1376409429,26,23
1376409581,27,22
1376409671,28,21
1376409762,28,21
1376409770,29,20
1376409961,30,19
1376410222,29,20
1376410524,28,21
1376410593,29,21
1376410881,28,22
1376411141,28,22
1376411151,29,21
1376411422,28,22
1376411463,28,22
1376411597,29,21
1376411867,28,22
1376412065,29,21
1376412518,28,22
1376412642,28,22
1376412645,29,21
1376412823,29,21
1376412826,28,22
1376412924,27,23
1376412977,26,24
1376413122,25,25
1376413242,24,26
1376413540,26,24
1376413574,27,23
1376413626,27,23
1376413714,26,24
1376413743,27,23
1376414075,28,22
1376414257,28,22
1376414266,29,21
1376414620,30,20
1376415037,29,21
1376415259,28,22
1376415487,27,23
1376415575,27,23
1376416054,27,23
1376416140,27,23
1376416200,27,23
1376416281,27,23
1376416323,28,22
1376416541,28,22
1376416548,28,22
1376417041,27,23
1376417195,25,25
1376417798,25,25
1376417999,26,24
1376418462,26,24
1376418465,27,23
1376418583,27,23
1376418637,29,21
1376418652,30,20
1376418933,31,19
1376419459,32,18
1376420104,32,18
1376420259,31,19
1376420711,32,18
1376420895,31,19
1376420929,30,20
1376421534,30,20
1376422138,30,20
1376422391,31,19
1376422995,31,19
1376423466,32,18
1376423551,31,19
1376424155,31,19
1376424622,32,18
1376424943,33,17
1376424957,34,16
1376425560,34,16
1376425627,33,17
1376426232,33,17
1376426283,31,19
1376426572,30,20
1376427176,30,20
1376427403,30,20
1376427433,31,19
1376427583,31,19
1376427606,31,19
1376427692,32,18
1376427754,31,19
1376427764,31,19
1376427881,28,22
1376427891,27,23
1376428495,27,23
1376429100,27,23
1376429681,27,23
1376429723,25,25
1376430328,25,25
1376430354,24,26
1376430958,24,26
1376431562,24,26
1376431771,23,27
1376432374,23,27
1376432978,23,27
1376433584,23,27
1376434188,23,27
1376434793,23,27
1376434943,23,27
1376434975,23,27
1376435579,23,27
1376436183,23,27
1376436788,23,27
1376437392,23,27
1376437650,23,27
1376437720,23,27
1376438166,22,28
1376438770,22,28
1376439375,22,28
1376439627,23,27
1376440042,22,28
1376440646,22,28
1376441250,22,28
1376441854,22,28
1376442458,22,28
1376443061,22,28
1376443665,22,28
1376444232,22,28
1376444836,22,28
1376445440,22,28
1376446044,22,28
1376446647,22,28
1376447251,22,28
1376447856,22,28
1376448460,22,28
1376449063,22,28
1376449668,22,28
1376450272,22,28
1376450330,21,29
1376450933,21,29
1376451537,21,29
1376451778,20,30
1376452382,20,30
1376452986,20,30
1376453590,20,30
1376454194,20,30
1376454797,20,30
1376455401,20,30
1376455862,21,29
1376456466,21,29
1376456633,20,30
1376457160,21,29
1376457496,22,28
1376458101,22,28
1376458481,21,29
1376458553,20,30
1376458866,19,31
1376459259,18,32
1376459863,18,32
1376460015,19,31
1376460117,18,32
1376460721,18,32
1376460821,17,33
1376461425,17,33
1376461556,18,32
1376461733,17,33
1376461945,17,33
1376462016,16,34
1376462075,16,34
1376462116,16,34
1376462203,16,34
1376462237,15,35
1376462285,15,35
1376462347,16,34
1376462516,17,33
1376462693,16,34
1376462778,15,35
1376462974,16,34
1376463035,15,35
1376463058,16,34
1376463425,15,35
1376463470,16,34
1376463598,15,35
1376463879,14,36
1376463913,12,38
1376464116,13,37
1376464136,12,38
1376464642,13,37
1376464859,12,38
1376465292,11,39
1376465799,10,40
1376466121,9,41
1376466461,8,42
1376467065,8,42
1376467355,8,41
1376467385,8,42
1376467992,7,43
1376468321,7,43
1376468925,7,43
1376469161,7,43
1376469165,6,44
1376469619,6,44
1376469699,5,45
1376469734,5,45
1376469799,6,44
1376470106,5,45
1376470302,5,45
1376470350,4,46
1376470407,3,47
1376470521,3,47
1376470552,3,47
1376470839,3,47
1376471443,3,47
1376471603,2,48
1376472012,3,47
1376472609,4,46
1376472792,3,47
1376472878,4,46
1376472936,4,46
1376472995,4,46
1376473009,6,44
1376473123,6,44
1376473179,9,41
1376473243,11,39
1376473304,15,35
1376473363,20,30
1376473420,24,26
1376473483,26,24
1376473541,29,21
1376473554,31,19
1376473646,32,18
1376473684,33,17
1376473779,34,16
1376473825,36,14
1376473904,37,13
1376473948,39,11
1376473986,40,10
1376474083,39,11
1376474085,40,10
1376474168,41,9
1376474215,42,8
1376474818,42,8
1376475422,42,8
1376475476,41,9
1376475846,40,10
1376476399,39,11
1376476487,38,12
1376476941,36,14
1376477545,36,14
1376477660,37,13
1376478264,37,13
1376478515,36,14
1376478583,36,14
1376478586,37,13
1376478975,38,12
1376479447,39,11
1376479603,39,11
1376479612,40,10
1376479830,39,11
1376480330,38,12
1376480856,37,12
1376480901,37,13
1376480993,37,13
1376481211,38,12
1376481271,37,13
1376481643,38,12
1376482202,39,11
1376482806,39,11
1376482923,38,12
1376483527,38,12
1376484131,38,12
1376484735,38,12
1376484815,37,13
1376485024,36,14
1376485524,37,13
1376485766,38,12
1376486375,37,13
1376486401,36,14
1376486802,36,14
1376486805,37,13
1376486966,38,12
1376487206,39,11
1376487758,38,12
1376488362,38,12
1376488466,37,13
1376488498,36,14
1376489131,36,14
1376489200,36,14
1376489287,37,13
1376489373,38,12
1376489641,37,13
1376489741,38,12
1376490044,39,11
1376490309,40,10
1376490454,40,10
1376490505,41,9
1376490577,42,8
1376491181,42,8
1376491334,41,9
1376491587,39,11
1376492169,37,13
1376492552,36,14
1376492642,35,15
1376492743,34,16
1376492772,29,21
1376493027,28,22
1376493222,28,22
1376493265,25,25
1376493341,23,27
1376493431,22,28
1376493515,22,28
1376493539,23,27
1376493650,25,25
1376493901,24,26
1376494075,23,27
1376494171,22,28
1376494241,21,29
1376494302,22,28
1376494409,21,29
1376494457,21,29
1376494504,22,28
1376494557,23,27
1376494644,21,29
1376494836,20,30
1376494964,21,29
1376495142,22,28
1376495202,20,30
1376495244,20,30
1376495317,19,31
1376495487,18,32
1376495836,18,32
1376496024,17,33
1376496102,17,33
1376496182,16,34
1376496663,17,33
1376496879,16,34
1376497027,15,35
1376497155,16,34
1376497221,17,33
1376497377,16,34
1376497485,17,33
1376497622,15,35
1376497776,14,36
1376498167,13,37
1376498414,12,38
1376498557,13,37
1376498918,15,35
1376499095,16,34
1376499148,16,34
1376499206,15,35
1376499271,13,37
1376499327,12,38
1376499492,11,39
1376499544,10,40
1376499643,11,39
1376499740,10,40
1376499782,8,42
1376499906,9,41
1376499986,10,40
1376500157,9,41
1376500331,8,42
1376500471,8,42
1376500530,8,42
1376500558,8,42
1376500646,9,41
1376500768,7,43
1376501372,7,43
1376501492,6,44
1376501583,6,44
1376501645,5,45
1376501713,4,46
1376501829,5,45
1376501917,4,46
1376501983,4,46
1376501999,3,47
1376502076,2,48
1376502355,1,49
1376502452,1,49
1376502518,1,49
1376502638,1,49
1376502677,2,48
1376502897,1,49
1376502953,0,50
1376503124,0,50
1376503232,0,50
1376503267,0,50
1376503344,0,50
1376503401,0,50
1376503478,1,49
1376503567,1,49
1376503735,0,50
1376504124,0,50
1376504442,0,50
1376504604,0,50
1376504661,1,49
1376504742,2,48
1376504761,1,49
1376504945,0,50
1376505013,0,50
1376505334,0,50
1376505349,0,50
1376505723,0,50
1376505816,0,50
1376505929,0,50
1376505964,1,49
1376506165,0,50
1376506769,0,50
1376507373,0,50
1376507436,1,49
1376507623,0,50
1376507648,1,49
1376507974,0,50
1376508102,0,50
1376508142,1,49
1376508746,1,49
1376509351,1,49
1376509482,1,49
1376509489,0,50
1376509661,1,49
1376509664,2,48
1376510126,2,48
1376510193,3,47
1376510382,3,47
1376510430,5,45
1376510480,4,46
1376510507,4,46
1376510742,4,46
1376510745,3,47
1376511101,3,47
1376511110,4,46
1376511481,5,45
1376511659,6,44
1376511776,5,45
1376511940,6,44
1376511949,7,43
1376512030,8,42
1376512362,9,41
1376512371,10,40
1376512524,10,40
1376512564,11,39
1376512758,10,40
1376512939,8,42
1376512977,9,41
1376513230,8,42
1376513431,7,43
1376513728,5,45
1376513801,5,45
1376513962,4,46
1376514002,3,47
1376514582,3,47
1376514591,4,46
1376514750,5,45
1376514810,7,43
1376514982,8,42
1376515432,7,43
1376515575,6,44
1376515761,5,45
1376516365,5,45
1376516777,4,46
1376517266,5,45
1376517350,4,46
1376517703,4,46
1376517711,5,45
1376518232,6,44
1376518524,6,44
1376518564,7,43
1376519168,7,43
1376519284,6,44
1376519410,5,45
1376519461,4,46
1376519513,3,47
1376520118,3,47
1376520721,3,47
1376521257,2,48
1376521597,3,47
1376521662,4,46
1376521692,5,45
1376521752,5,45
1376521841,7,43
1376521898,9,41
1376521956,11,39
1376522021,13,37
1376522082,15,35
1376522144,15,35
1376522201,17,33
1376522241,19,31
1376522372,17,33
1376522475,18,32
1376522607,18,32
1376522666,19,31
1376522826,18,32
1376522892,17,33
1376523523,18,32
1376523525,19,31
1376523609,20,30
1376523750,23,27
1376523819,24,26
1376523883,26,24
1376523922,27,23
1376523977,27,23
1376524061,29,21
1376524114,33,17
1376524181,36,14
1376524243,40,10
1376524261,41,9
1376524865,41,9
1376525469,41,9
1376526073,41,9
1376526605,40,10
1376527208,40,10
1376527279,40,10
1376527346,40,10
1376527398,41,9
1376527480,41,9
1376527528,42,8
1376527589,42,8
1376527609,43,7
1376527962,45,5
1376527984,45,5
1376528589,45,5
1376529192,45,5
1376529258,44,6
1376529455,44,6
1376529476,45,5
1376529548,46,4
1376530153,46,4
1376530637,46,4
1376530832,48,2
1376531436,48,2
1376531796,47,3
1376531829,46,4
1376532432,46,4
1376533036,46,4
1376533174,45,5
1376533447,44,6
1376534050,44,6
1376534654,44,6
1376535159,43,7
1376535763,43,7
1376536367,43,7
1376536719,42,8
1376536723,41,9
1376537183,39,11
1376537480,37,13
1376537519,37,13
1376537577,36,14
1376537645,34,16
1376537710,33,17
1376537907,32,18
1376537947,29,21
1376538065,28,22
1376538136,26,24
1376538188,25,25
1376538280,23,27
1376538341,19,31
1376538451,18,32
1376538662,17,33
1376538872,16,34
1376538966,15,35
1376539571,15,35
1376539746,15,35
1376539797,14,36
1376540401,14,36
1376540807,13,37
1376541094,11,39
1376541224,11,39
1376541339,9,41
1376541370,6,44
1376541429,5,45
1376541502,4,46
1376541575,3,47
1376541626,1,49
1376541852,1,49
1376541925,0,50
1376542416,1,49
1376543020,1,49
1376543359,0,50
1376543916,1,49
1376543962,2,48
1376544039,3,47
1376544094,5,45
1376544222,7,43
1376544275,8,42
1376544324,10,40
1376544387,10,40
1376544459,10,40
1376544521,10,40
1376544576,13,37
1376544800,15,35
1376544833,16,34
1376545097,15,35
1376545149,15,35
1376545271,14,36
1376545453,13,37
1376545609,12,38
1376546213,12,38
1376546397,11,39
1376546763,10,40
1376546953,8,42
1376547390,8,42
1376547459,9,41
1376547476,8,42
1376547581,7,43
1376547642,5,45
1376547644,3,47
1376548116,2,48
1376548277,1,49
1376548475,0,50
1376548840,0,50
1376548849,1,49
1376548955,2,48
1376549019,3,47
1376549052,4,46
1376549128,6,44
1376549172,7,43
1376549255,9,41
1376549288,10,40
1376549369,12,38
1376549440,13,37
1376549501,14,36
1376549554,15,35
1376549603,16,34
1376549687,15,35
1376549956,14,36
1376550456,13,37
1376550737,12,38
1376551076,10,40
1376551655,11,39
1376551945,10,40
1376552259,10,40
1376552263,9,41
1376552413,7,43
1376552753,5,45
1376552858,4,46
1376552868,5,45
1376552928,6,44
1376553126,5,45
1376553457,6,44
1376553513,8,42
1376553566,8,42
1376553642,6,44
1376553695,8,42
1376553762,9,41
1376553818,11,39
1376553854,12,38
1376553938,13,37
1376553949,14,36
1376554048,16,34
1376554112,18,32
1376554176,19,31
1376554242,20,30
1376554282,21,29
1376554338,22,28
1376554607,21,29
1376554819,22,28
1376554882,20,30
1376555000,19,31
1376555080,19,31
1376555137,19,31
1376555197,20,30
1376555408,20,30
1376555510,20,30
1376555568,20,30
1376556032,19,31
1376556176,18,32
1376556237,19,31
1376556625,18,32
1376556674,17,33
1376556990,17,33
1376557089,18,32
1376557478,18,32
1376557483,19,31
1376557647,18,32
1376557722,18,32
1376557725,17,33
1376558041,16,34
1376558202,16,34
1376558204,15,35
1376558365,14,36
1376558413,13,37
1376558681,13,37
1376558714,11,39
1376558779,13,37
1376558824,14,36
1376558887,16,34
1376558953,17,33
1376559041,19,31
1376559083,19,31
1376559144,21,29
1376559205,23,27
1376559281,25,25
1376559340,28,22
1376559401,30,20
1376559404,31,19
1376559882,30,20
1376559916,27,23
1376559999,27,23
1376560062,29,21
1376560107,28,22
1376560182,28,22
1376560785,28,22
1376560929,27,23
1376561011,26,24
1376561470,26,24
1376561551,24,26
1376561640,23,27
1376561794,23,27
1376562013,22,28
1376562221,21,29
1376562402,20,30
1376562445,20,30
1376562539,19,31
1376562865,17,33
1376563055,17,33
1376563180,14,36
1376563825,13,37
1376563982,14,36
1376564276,13,37
1376564382,13,37
1376564410,14,36
1376564962,12,38
1376565577,11,39
1376565636,10,40
1376565702,10,40
1376565744,11,39
1376566048,10,40
1376566112,10,40
1376566159,10,40
1376566231,12,38
1376566279,11,39
1376566884,11,39
1376567211,10,40
1376567296,10,40
1376567508,9,41
1376567719,9,41
1376567797,9,41
1376567835,9,41
1376567967,8,42
1376568248,7,43
1376568436,6,44
1376568792,5,45
1376569396,5,45
1376569569,4,46
1376569693,4,46
1376570005,3,47
1376570078,2,48
1376570523,2,48
1376570855,2,48
1376570889,1,49
1376571101,0,50
1376571607,0,50
1376571701,1,49
1376571967,1,49
1376572027,2,48
1376572199,0,50
1376572804,0,50
1376572883,0,50
1376572934,0,50
1376573077,0,50
1376573141,1,49
1376573171,1,49
1376573236,1,49
1376573346,2,48
1376573394,3,47
1376573521,2,48
1376573747,1,49
1376574126,0,50
1376574730,0,50
1376575335,0,50
1376575903,0,50
1376575913,1,49
1376576518,1,49
1376576797,0,50
1376577401,0,50
1376577810,0,50
1376577912,1,49
1376578270,0,50
1376578781,1,49
1376578790,0,50
1376579368,2,48
1376579918,2,48
1376579949,4,46
1376580013,3,47
1376580110,3,47
1376580490,3,47
1376580578,3,47
1376580654,2,48
1376580999,2,48
1376581035,3,47
1376581123,3,47
1376581182,5,45
1376581242,5,45
1376581256,6,44
1376581396,7,43
1376581541,7,43
1376581544,8,42
1376581866,7,43
1376581928,9,41
1376581971,8,42
1376582575,8,42
1376582915,7,43
1376583102,7,43
1376583133,4,46
1376583452,3,47
1376583486,3,47
1376583664,4,46
1376584166,3,47
1376584300,2,48
1376584310,3,47
1376584460,2,48
1376585064,2,48
1376585134,2,48
1376585186,3,47
1376585791,3,47
1376586122,4,46
1376586556,3,47
1376586686,3,47
1376586761,3,47
1376586805,4,46
1376587409,4,46
1376587540,5,45
1376587611,4,46
1376588021,3,47
1376588033,4,46
1376588225,3,47
1376588442,4,46
1376588648,3,47
1376589251,3,47
1376589855,3,47
1376590010,2,48
1376590082,1,49
1376590686,1,49
1376591295,1,49
1376591900,1,49
1376592504,1,49
1376593109,1,49
1376593713,1,49
1376594124,1,49
1376594171,2,48
1376594346,3,47
1376594833,4,46
1376594983,4,46
1376595040,4,46
1376595222,4,46
1376595255,5,45
1376595657,6,44
1376596260,6,44
1376596864,6,44
1376597494,7,43
1376597741,7,43
1376597753,8,42
1376597862,8,42
1376597896,7,43
1376597971,7,43
1376598037,8,42
1376598102,8,42
1376598142,8,42
1376598194,9,41
1376598474,8,42
1376599078,8,42
1376599682,8,42
1376600082,8,42
1376600086,7,43
1376600690,7,43
1376600943,6,44
1376601116,5,45
1376601722,5,45
1376602326,5,45
1376602930,5,45
1376603031,5,45
1376603635,5,45
1376603858,5,45
1376603877,5,45
1376603985,5,45
1376604104,5,45
1376604210,5,45
1376604313,5,45
1376604698,5,45
1376604759,5,45
1376604821,7,43
1376605425,7,43
1376606041,6,44
1376606644,6,44
1376607248,6,44
1376607295,7,43
1376607899,7,43
1376608001,7,43
1376608183,7,43
1376608193,8,42
1376608797,8,42
1376609200,12,38
1376609318,13,37
1376609382,13,37
1376609433,15,35
1376609501,17,33
1376609559,18,32
1376609587,20,30
1376609649,21,29
1376610218,24,26
1376610245,26,24
1376610397,27,23
1376610407,28,22
1376610544,29,21
1376611149,29,21
1376611648,28,22
1376611706,27,23
1376611732,27,23
1376612337,27,23
1376612940,27,23
1376613544,27,23
1376614148,27,23
1376614752,27,23
1376615355,27,23
1376615959,27,23
1376616563,27,23
1376617035,27,23
1376617641,27,23
1376618245,27,23
1376618848,27,23
1376619452,27,23
1376619864,26,24
1376620468,26,24
1376621072,26,24
1376621323,26,24
1376621326,27,23
1376621930,27,23
1376622533,27,23
1376623123,26,24
1376623761,25,25
1376624364,25,25
1376624825,24,26
1376624885,25,25
1376625489,25,25
1376626093,25,25
1376626697,25,25
1376627301,25,25
1376627744,25,25
1376627745,25,25
1376628312,24,26
1376628916,24,26
1376629520,24,26
1376630124,24,26
1376630638,23,27
1376631242,23,27
1376631627,21,29
1376632232,21,29
1376632363,20,30
1376632483,19,31
1376632825,20,30
1376633429,20,30
1376633582,19,31
1376634185,19,31
1376634429,18,32
1376634583,18,32
1376634587,17,33
1376634757,17,33
1376634781,17,33
1376635384,17,33
1376635453,16,34
1376635489,15,35
1376635629,14,36
1376635958,13,37
1376636011,12,38
1376636616,12,38
1376636750,11,39
1376637329,11,39
1376637381,10,40
1376637415,11,39
1376637481,10,40
1376637699,9,41
1376637737,8,42
1376637800,8,41
1376637867,9,41
1376637906,9,41
1376637956,10,40
1376638224,11,39
1376638403,11,39
1376638480,13,37
1376638533,15,35
1376638597,17,33
1376638645,19,31
1376638676,20,30
1376639136,19,31
1376639407,18,32
1376639858,19,31
1376640266,18,32
1376640380,19,31
1376640720,18,32
1376641324,18,32
1376641423,19,31
1376642027,19,31
1376642175,20,30
1376642708,21,29
1376642878,21,29
1376643042,22,28
1376643533,21,29
1376644137,21,29
1376644415,20,30
1376644661,20,30
1376644669,21,29
1376645273,21,29
1376645382,22,28
1376645477,23,27
1376645563,23,27
1376645595,23,27
1376645713,24,26
1376646061,25,25
1376646703,25,25
1376646705,26,24
1376647158,24,26
1376647210,24,26
1376647249,25,25
1376647854,25,25
1376648224,24,26
1376648588,25,25
1376648758,26,24
1376648954,26,24
1376649202,26,24
1376649519,27,23
1376650123,27,23
1376650572,26,24
1376650661,26,24
1376650664,25,25
1376651316,24,26
1376651582,23,27
1376652176,24,26
1376652449,25,25
1376652509,25,25
1376652763,25,25
1376652802,27,23
1376652902,28,22
1376653362,29,21
1376653417,30,20
1376653583,29,21
1376653826,29,21
1376653869,31,19
1376654113,32,18
1376654717,32,18
1376655321,32,18
1376655925,32,18
1376656315,31,19
1376656657,30,20
1376657011,30,20
1376657142,30,20
1376657144,31,19
1376657301,32,18
1376657595,31,19
1376657728,30,20
1376657813,29,21
1376658309,28,22
1376658519,28,22
1376658530,29,21
1376658964,30,20
1376659435,29,21
1376659748,30,20
1376659865,29,21
1376659989,28,22
1376660260,27,23
1376660322,27,23
1376660325,28,22
1376660668,29,21
1376660882,28,22
1376661486,28,22
1376661700,29,21
1376661762,29,21
1376661771,30,20
1376662375,30,20
1376662723,30,20
1376662726,31,19
1376662894,32,18
1376662921,33,17
1376663524,33,17
1376663799,34,16
1376664222,32,18
1376664340,32,18
1376664358,34,16
1376664961,34,16
1376665408,35,15
1376666012,35,15
1376666133,34,16
1376666737,34,16
1376667035,32,18
1376667278,30,20
1376667319,30,20
1376667347,31,19
1376667475,30,20
1376667570,31,19
1376667615,29,21
1376668053,29,21
1376668119,29,21
1376668782,28,22
1376668785,29,21
1376668932,29,21
1376669002,29,21
1376669031,30,20
1376669214,29,21
1376669849,28,22
1376669946,27,23
1376670412,26,24
1376670820,25,25
1376670830,26,24
1376671392,25,25
1376671483,25,25
1376671536,24,26
1376671798,25,25
1376671976,26,24
1376672078,23,27
1376672126,25,25
1376672246,26,24
1376672361,25,25
1376672519,24,26
1376672672,23,27
1376673159,22,28
1376673168,21,29
1376673799,20,30
1376673845,18,32
1376674043,19,31
1376674123,19,31
1376674151,19,31
1376674227,20,30
1376674278,19,31
1376674882,19,31
1376675041,18,32
1376675646,18,32
1376675720,19,31
1376675786,19,31
1376675863,20,30
1376675865,19,31
1376676097,18,32
1376676153,19,31
1376676282,20,30
1376676327,21,29
1376676375,22,28
1376676630,21,29
1376676656,20,30
1376676763,18,32
1376676766,17,33
1376677000,16,34
1376677049,16,34
1376677111,16,34
1376677180,16,34
1376677238,14,36
1376677282,15,35
1376677330,15,35
1376677377,16,34
1376678000,15,35
1376678214,14,36
1376678531,13,37
1376678911,13,37
1376678980,13,37
1376679023,14,36
1376679152,13,37
1376679665,15,35
1376680258,14,36
1376680483,14,36
1376680517,16,34
1376680597,16,34
1376680607,17,33
1376680920,18,32
1376681141,18,32
1376681149,19,31
1376681559,19,31
1376681569,20,30
1376681934,19,31
1376682197,18,32
1376682801,18,32
1376682982,17,33
1376683424,18,32
1376683475,19,31
1376684080,19,31
1376684678,17,33
1376684971,18,32
1376685100,18,32
1376685140,16,34
1376685745,16,34
1376685936,16,34
1376685975,17,33
1376686580,17,33
1376687185,17,33
1376687790,17,33
1376687948,16,34
1376688551,16,34
1376689155,16,34
1376689278,17,33
1376689326,16,34
1376689382,17,33
1376689986,17,33
1376690068,16,34
1376690085,16,34
1376690689,16,34
1376690783,18,32
1376690971,17,33
1376691039,15,35
1376691049,16,34
1376691154,17,33
1376691220,18,32
1376691267,22,28
1376691307,23,27
1376691630,26,24
1376692031,25,25
1376692635,25,25
1376693139,25,25
1376693149,26,24
1376693753,26,24
1376694357,26,24
1376694961,26,24
1376695565,26,24
1376696169,26,24
1376696772,26,24
1376697376,26,24
1376697979,26,24
1376698583,26,24
1376699187,26,24
1376699791,26,24
1376700183,27,23
1376700787,27,23
1376701391,27,23
1376701994,27,23
1376702598,27,23
1376703202,27,23
1376703521,27,23
1376703530,27,23
1376704134,27,23
1376704738,27,23
1376705342,27,23
1376705945,27,23
1376706549,27,23
1376707030,26,24
1376707634,26,24
1376707722,25,25
1376708326,25,25
1376708930,25,25
1376709534,25,25
1376710138,25,25
1376710291,24,26
1376710896,24,26
1376711499,24,26
1376712103,24,26
1376712181,25,25
1376712785,25,25
1376713389,25,25
1376713993,25,25
1376714142,24,26
1376714746,24,26
1376715350,24,26
1376715947,23,27
1376716551,23,27
1376717155,23,27
1376717759,23,27
1376718363,23,27
1376718966,23,27
1376719570,23,27
1376720174,23,27
1376720255,22,28
1376720294,21,29
1376720898,21,29
1376721502,21,29
1376722060,20,30
1376722135,20,30
1376722325,19,31
1376722393,18,32
1376722997,18,32
1376723434,18,32
1376723480,18,32
1376723523,18,32
1376724127,18,32
1376724516,18,32
1376724636,20,30
1376724660,20,30
1376724706,21,29
1376725038,20,30
1376725466,21,29
1376726070,21,29
1376726673,21,29
1376727147,19,31
1376727751,19,31
1376727915,18,32
1376728519,18,32
1376729023,17,33
1376729123,16,34
1376729167,15,35
1376729770,15,35
1376729849,14,36
1376729924,14,36
1376729978,12,38
1376730583,12,38
1376730670,11,39
1376731206,10,40
1376731326,8,42
1376731835,9,41
1376731920,8,42
1376732323,7,43
1376732326,6,44
1376732825,4,46
1376733429,4,46
1376734033,4,46
1376734539,4,46
1376734554,4,46
1376734639,3,47
1376734767,4,46
1376735444,4,45
1376735446,5,44
1376735798,4,45
1376735819,5,44
1376736042,5,44
1376736051,6,43
1376736655,6,44
1376736883,5,45
1376736922,4,46
1376737526,4,46
1376737879,2,48
1376738001,1,49
1376738052,1,49
1376738132,1,49
1376738172,2,48
1376738244,2,48
1376738292,2,48
1376738524,2,48
1376738612,2,48
1376738663,3,47
1376738723,2,48
1376738778,2,48
1376738830,3,47
1376739285,3,47
1376739300,3,47
1376739584,3,47
1376739625,2,48
1376739691,2,48
1376739759,3,47
1376739771,4,46
1376739870,4,46
1376739917,4,46
1376739947,3,47
1376740089,4,46
1376740603,1,49
1376740606,0,50
1376740948,1,49
1376741203,1,49
1376741251,2,48
1376741299,2,48
1376741364,2,48
1376741444,3,46
1376741451,4,46
1376741539,4,46
1376741582,5,45
1376742186,5,45
1376742393,6,44
1376742732,5,45
1376742867,5,45
1376742979,5,45
1376743015,6,44
1376743328,6,44
1376743419,8,42
1376743460,9,41
1376743530,10,40
1376744055,9,41
1376744659,9,41
1376745268,9,41
1376745327,10,40
1376745738,10,40
1376745856,10,40
1376745916,10,40
1376745981,10,40
1376746058,10,40
1376746181,9,41
1376746705,10,40
1376747309,10,40
1376747511,9,41
1376748116,9,41
1376748276,9,41
1376748325,10,40
1376748929,10,40
1376749092,8,42
1376749338,7,43
1376749423,7,43
1376749483,7,43
1376749525,7,43
1376749568,9,41
1376749664,6,44
1376749783,6,44
1376749805,9,41
1376750183,6,44
1376750534,5,45
1376751010,6,44
1376751518,3,47
1376751585,2,48
1376752189,2,48
1376752599,0,50
1376752843,1,49
1376752914,0,50
1376753024,0,50
1376753048,1,49
1376753651,1,49
1376753805,1,49
1376753811,0,50
1376754311,1,49
1376754737,0,50
1376755237,1,49
1376755519,2,48
1376755898,3,47
1376756502,3,47
1376756944,4,46
1376757548,4,46
1376757669,3,47
1376758273,3,47
1376758471,1,49
1376758518,1,49
1376758932,2,48
1376759142,2,48
1376759146,1,49
1376759741,1,49
1376759745,0,50
1376760218,1,49
1376760267,1,49
1376760324,3,47
1376760404,4,46
1376760610,5,45
1376760693,4,46
1376760729,5,45
1376761333,5,45
1376761722,2,48
1376762079,3,47
1376762142,3,47
1376762150,4,46
1376762262,4,46
1376762271,2,48
1376762463,1,49
1376762824,0,50
1376763428,0,50
1376764032,0,50
1376764243,0,50
1376764260,1,49
1376764381,0,50
1376764929,1,49
1376765323,1,49
1376765330,0,50
1376765999,0,50
1376766603,0,50
1376767207,0,50
1376767810,0,50
1376768006,1,49
1376768609,1,49
1376768804,1,49
1376769409,2,48
1376769788,3,47
1376770391,3,47
1376770865,4,46
1376771262,5,45
1376771866,5,45
1376772298,4,46
1376772902,4,46
1376773470,5,45
1376774074,5,45
1376774368,5,45
1376774413,6,44
1376775016,6,44
1376775620,6,44
1376776176,5,45
1376776349,4,46
1376776420,4,46
1376776472,5,45
1376776538,6,43
1376777142,6,44
1376777154,4,46
1376777517,5,45
1376778121,5,45
1376778725,5,45
1376779082,4,46
1376779479,4,46
1376780084,4,46
1376780688,4,46
1376781292,4,46
1376781895,4,46
1376782499,4,46
1376783103,4,46
1376783707,4,46
1376784310,4,46
1376784917,2,48
1376785156,3,47
1376785610,2,48
1376786059,2,48
1376786101,2,48
1376786177,2,48
1376786244,2,48
1376786294,2,48
1376786358,2,48
1376786439,2,48
1376786500,2,48
1376786560,2,48
1376786613,2,48
1376786646,2,48
1376786740,2,48
1376786795,3,47
1376787399,3,47
1376788002,3,47
1376788090,3,47
1376788577,3,47
1376788623,4,46
1376789227,4,46
1376789385,4,46
1376789491,4,46
1376789545,5,45
1376789839,5,45
1376790443,5,45
1376791048,5,45
1376791652,5,45
1376792255,5,45
1376792383,5,45
1376792503,5,45
1376792536,6,44
1376793141,6,44
1376793485,5,45
1376793579,5,45
1376794183,5,45
1376794787,5,45
1376795391,5,45
1376795996,5,45
1376796600,5,45
1376797205,5,45
1376797809,5,45
1376798414,5,45
1376799018,5,45
1376799622,5,45
1376800226,5,45
1376800831,5,45
1376801436,5,45
1376802041,5,45
1376802481,6,44
1376803085,6,44
1376803690,6,44
1376804294,6,44
1376804898,6,44
1376805503,6,44
1376806106,6,44
1376806335,5,45
1376806896,4,46
1376807500,4,46
1376808104,4,46
1376808328,4,46
1376808368,5,45
1376808972,5,45
1376809212,4,46
1376809650,5,45
1376810254,5,45
1376810767,4,46
1376810967,5,45
1376811572,5,45
1376812176,5,45
1376812779,5,45
1376813238,5,45
1376813296,6,44
1376813422,6,44
1376813462,7,43
1376814065,7,43
1376814377,8,42
1376814741,9,41
1376815344,9,41
1376815948,9,41
1376816160,8,42
1376816742,7,43
1376817347,7,43
1376817950,7,43
1376818554,7,43
1376818842,8,42
1376819446,8,42
1376819800,9,41
1376820403,9,41
1376821007,9,41
1376821579,7,43
1376822041,6,44
1376822491,5,45
1376822865,5,45
1376822867,6,44
1376823471,6,44
1376823703,6,44
1376823706,5,45
1376823883,4,46
1376824183,4,46
1376824211,6,44
1376824815,6,44
1376825419,6,44
1376825671,7,43
1376826198,9,41
1376826326,10,40
1376826930,10,40
1376827192,9,41
1376827796,9,41
1376828400,9,41
1376828802,9,41
1376829406,9,41
1376829594,8,42
1376829865,9,41
1376829885,8,42
1376830032,10,40
1376830336,11,39
1376830713,10,40
1376830819,12,38
1376830890,13,37
1376830954,13,37
1376831121,13,37
1376831192,13,37
1376831224,14,36
1376831347,15,35
1376831589,14,36
1376831738,13,37
1376831765,15,35
1376831815,14,36
1376831943,13,36
1376832441,14,35
