1376208556,11,17
1376209160,11,17
1376209394,12,16
1376209451,11,17
1376210054,11,17
1376210658,11,17
1376211262,11,17
1376211865,11,17
1376212469,11,17
1376213072,11,17
1376213127,10,18
1376213732,10,18
1376214335,10,18
1376214939,10,18
1376215060,9,19
1376215664,9,19
1376216154,8,20
1376216515,7,21
1376216829,6,22
1376217094,5,23
1376217187,3,25
1376217373,4,24
1376217432,5,23
1376217557,4,24
1376218019,3,25
1376218239,4,24
1376218843,4,24
1376219384,3,25
1376219408,4,24
1376220038,4,24
1376220047,5,23
1376220651,5,23
1376220820,6,22
1376221094,5,23
1376221698,5,23
1376222302,5,23
1376222458,4,24
1376223061,4,24
1376223418,3,25
1376223580,4,24
1376224135,5,23
1376224739,5,23
1376225379,5,23
1376225422,6,22
1376225480,5,23
1376225645,6,22
1376225743,5,22
1376225755,5,23
1376225845,5,23
1376225903,5,23
1376225946,6,22
1376226550,6,22
1376226636,5,23
1376226693,5,23
1376226758,5,23
1376226814,5,23
1376226841,6,22
1376227264,7,21
1376227868,7,21
1376228472,7,21
1376229042,7,21
1376229095,8,20
1376229461,8,20
1376229464,7,21
1376230068,7,21
1376230319,6,22
1376230763,5,23
1376230972,3,25
1376231083,3,25
1376231242,3,25
1376231351,3,24
1376231670,3,24
1376231730,4,24
1376231890,3,25
1376231951,4,24
1376231999,5,23
1376232181,6,22
1376232784,6,22
1376232855,7,21
1376232911,8,20
1376233069,8,20
1376233181,7,21
1376233238,9,19
1376233353,7,21
1376233641,6,22
1376234133,8,20
1376234737,8,20
1376235340,8,20
1376235577,8,20
1376235639,9,19
1376235670,10,18
1376236117,10,18
1376236131,11,17
1376236723,11,17
1376236725,12,16
1376237283,11,17
1376237579,10,18
1376237647,11,17
1376238101,11,17
1376238111,12,16
1376238216,13,15
1376238248,13,15
1376238444,12,16
1376238508,12,16
1376238543,12,16
1376238668,12,16
1376238757,13,15
1376239361,13,15
1376239389,14,14
1376239992,14,14
1376240483,14,14
1376240668,13,15
1376241272,13,15
1376241537,12,16
1376241839,11,17
1376242085,12,16
1376242541,13,15
1376242555,14,14
1376243141,16,12
1376243196,16,12
1376243423,17,11
1376243887,16,12
1376243977,15,13
1376244095,14,14
1376244142,13,15
1376244322,14,14
1376244420,13,15
1376244735,12,16
1376245073,11,17
1376245677,11,17
1376246281,11,17
1376246885,11,17
1376246944,12,16
1376247548,12,16
1376248152,12,16
1376248235,12,16
1376248277,12,16
1376248348,12,16
1376248379,13,15
1376248983,13,15
1376249114,14,14
1376249553,15,13
1376250157,15,13
1376250253,16,12
1376250431,16,12
1376251035,16,12
1376251483,17,11
1376251541,16,12
1376251551,17,11
1376252155,17,11
1376252759,17,11
1376253363,17,11
1376253966,17,11
1376254570,17,11
1376254941,18,10
1376255168,19,9
1376255250,19,9
1376255854,19,9
1376256458,19,9
1376256513,18,10
1376257117,18,10
1376257721,18,10
1376258253,15,13
1376258375,14,14
1376258979,14,14
1376259082,13,15
1376259685,13,15
1376260233,14,14
1376260836,14,14
1376260948,16,12
1376261552,16,12
1376261998,17,11
1376262328,16,12
1376262932,16,12
1376263536,16,12
1376264139,16,12
1376264743,16,12
1376264849,15,13
1376264905,15,13
1376264974,15,13
1376265007,16,12
1376265611,16,12
1376266214,16,12
1376266818,16,12
1376267422,16,12
1376268026,16,12
1376268630,16,12
1376269233,16,12
1376269837,16,12
1376270441,16,12
1376271045,16,12
1376271648,16,12
1376272239,16,12
1376272843,16,12
1376273447,16,12
1376274050,16,12
1376274655,16,12
1376275258,16,12
1376275862,16,12
1376276466,16,12
1376277070,16,12
1376277674,16,12
1376278143,15,13
1376278747,15,13
1376279351,15,13
1376279954,15,13
1376280558,15,13
1376281162,15,13
1376281766,15,13
1376282369,15,13
1376282486,15,13
1376282504,15,13
1376282583,16,12
1376283186,16,12
1376283798,16,12
1376283839,17,11
1376284443,17,11
1376284961,18,10
1376284996,18,10
1376285279,19,9
1376285802,19,9
1376285846,20,8
1376285906,21,7
1376286047,21,7
1376286331,20,8
1376286821,19,9
1376287425,19,9
1376287499,20,8
1376288103,20,8
1376288547,20,8
1376288582,21,7
1376289132,21,7
1376289505,21,7
1376289629,21,7
1376289654,21,7
1376289865,21,7
1376290182,22,6
1376290228,21,7
1376290301,21,7
1376290303,20,8
1376290801,19,9
1376291000,18,10
1376291079,18,10
1376291138,19,9
1376291742,19,9
1376292346,19,9
1376292882,18,10
1376293118,17,11
1376293128,18,10
1376293440,17,11
1376293536,16,12
1376293838,16,12
1376293848,15,13
1376294431,13,15
1376294619,13,15
1376294628,14,14
1376295212,15,13
1376295637,14,14
1376296241,14,14
1376296845,14,14
1376297449,14,14
1376298053,14,14
1376298197,13,15
1376298312,13,15
1376298923,14,14
1376298980,14,14
1376299583,14,14
1376300187,14,14
1376300791,14,14
1376301395,14,14
1376301998,14,14
1376302059,14,14
1376302067,15,13
1376302239,15,13
1376302296,15,13
1376302822,14,14
1376303426,14,14
1376303883,13,15
1376304102,13,15
1376304160,14,14
1376304163,15,13
1376304305,16,12
1376304915,16,12
1376305027,15,13
1376305380,14,14
1376305871,13,15
1376305938,13,15
1376306020,13,15
1376306030,14,14
1376306633,14,14
1376307237,14,14
1376307637,14,14
1376307673,15,13
1376308164,14,14
1376308447,15,13
1376308538,15,13
1376308550,16,12
1376308660,16,12
1376308688,16,12
1376308766,16,12
1376309339,15,13
1376309944,15,13
1376310428,14,14
1376311031,14,14
1376311165,15,13
1376311537,14,14
1376311976,15,13
1376312580,15,13
1376313183,15,13
1376313342,16,12
1376313391,16,12
1376313439,16,12
1376313474,17,11
1376313637,16,12
1376313940,15,13
1376314293,15,13
1376314319,14,14
1376314923,14,14
1376315527,14,14
1376315755,13,15
1376316359,13,15
1376316962,13,15
1376317336,14,14
1376317481,13,15
1376317903,13,15
1376317911,14,14
1376318125,13,15
1376318729,13,15
1376319333,13,15
1376319859,12,16
1376320323,11,17
1376320378,12,16
1376320516,11,17
1376320894,9,19
1376321022,8,20
1376321029,7,21
1376321177,8,20
1376321539,9,19
1376321606,8,20
1376321736,7,21
1376322340,7,21
1376322437,8,20
1376322516,10,18
1376323048,9,19
1376323178,9,19
1376323235,9,19
1376323534,9,19
1376323563,9,19
1376323919,8,20
1376324058,9,19
1376324503,8,20
1376324505,7,21
1376324666,8,20
1376325270,8,20
1376325480,9,19
1376326084,9,19
1376326275,8,20
1376326879,8,20
1376326929,9,19
1376327230,8,20
1376327462,7,21
1376328031,8,20
1376328635,8,20
1376328710,7,21
1376329048,6,22
1376329362,6,22
1376329365,5,23
1376329483,5,23
1376329525,5,23
1376329688,4,24
1376330066,5,23
1376330670,5,23
1376331087,6,22
1376331389,7,21
1376331675,6,22
1376332279,6,22
1376332353,5,23
1376332900,6,22
1376333537,7,21
1376334141,7,21
1376334703,6,22
1376335003,5,23
1376335606,5,23
1376336029,4,24
1376336633,4,24
1376337238,4,24
1376337492,5,23
1376338096,5,23
1376338262,4,24
1376338780,5,23
1376339385,5,23
1376339988,5,23
1376340592,5,23
1376340795,3,25
1376341400,3,25
1376342003,3,25
1376342607,3,25
1376342775,3,25
1376343380,3,25
1376343983,3,25
1376344587,3,25
1376345191,3,25
1376345795,3,25
1376346399,3,25
1376347008,3,25
1376347612,3,25
1376347963,3,25
1376347972,4,24
1376348576,4,24
1376349180,4,24
1376349784,4,24
1376350388,4,24
1376350991,4,24
1376351595,4,24
1376352199,4,24
1376352803,4,24
1376353406,4,24
1376354010,4,24
1376354614,4,24
1376355218,4,24
1376355822,4,24
1376356425,4,24
1376357029,4,24
1376357633,4,24
1376358135,3,25
1376358639,3,25
1376358645,3,25
1376359249,3,25
1376359852,3,25
1376360456,3,25
1376361060,3,25
1376361664,3,25
1376362268,3,25
1376362872,3,25
1376363476,3,25
1376364080,3,25
1376364683,3,25
1376365287,3,25
1376365891,3,25
1376366495,3,25
1376367098,3,25
1376367702,3,25
1376368306,3,25
1376368910,3,25
1376369201,4,24
1376369204,3,25
1376369808,3,25
1376370209,4,24
1376370813,4,24
1376370942,4,24
1376370944,5,23
1376371301,6,22
1376371905,6,22
1376372509,6,22
1376373113,6,22
1376373535,7,21
1376374139,7,21
1376374480,7,21
1376374489,8,20
1376374598,8,20
1376374627,9,19
1376374883,9,19
1376374925,10,18
1376375142,10,18
1376375152,11,17
1376375249,12,16
1376375853,12,16
1376376233,11,17
1376376371,12,16
1376376729,11,17
1376376796,12,16
1376376994,13,15
1376377183,12,16
1376377274,11,17
1376377434,10,18
1376377690,11,17
1376378030,10,18
1376378181,11,17
1376378226,10,18
1376378277,11,17
1376378502,11,17
1376378511,12,16
1376378623,12,16
1376378672,13,15
1376379275,13,15
1376379879,13,15
1376380196,12,16
1376380798,13,15
1376381401,13,15
1376381564,13,15
1376381613,15,13
1376381681,14,14
1376381723,15,12
1376382246,14,13
1376382507,15,12
1376382560,17,10
1376382801,16,11
1376382876,16,11
1376382922,16,11
1376382965,16,11
1376383040,16,11
1376383073,17,10
1376383193,16,11
1376383796,16,12
1376384400,16,12
1376385004,16,12
1376385196,17,11
1376385461,16,12
1376385960,15,13
1376386564,15,13
1376387049,16,12
1376387147,15,13
1376387751,15,13
1376387923,15,13
1376387941,16,12
1376388545,16,12
1376389149,16,12
1376389291,15,13
1376389720,16,12
1376390142,16,12
1376390175,15,13
1376390263,15,13
1376390304,17,11
1376390501,18,10
1376391105,18,10
1376391709,18,10
1376392319,18,10
1376392516,19,9
1376393032,18,10
1376393286,17,11
1376393681,17,11
1376393691,18,10
1376393873,19,9
1376394004,18,10
1376394478,17,11
1376394689,16,12
1376394742,15,13
1376395070,14,14
1376395218,13,15
1376395273,14,14
1376395395,15,13
1376395794,14,14
1376396258,14,14
1376396268,15,13
1376396519,14,14
1376396908,12,16
1376397512,12,16
1376397555,11,17
1376397791,12,16
1376397966,11,17
1376398123,12,16
1376398174,14,14
1376398410,15,13
1376398823,14,14
1376398989,13,15
1376399263,14,14
1376399319,14,14
1376399354,15,13
1376399691,14,14
1376400296,14,14
1376400497,13,15
1376400758,13,15
1376400768,12,16
1376401106,13,15
1376401228,11,17
1376401288,10,18
1376401391,11,17
1376401896,10,18
1376402178,13,15
1376402219,12,16
1376402759,11,17
1376402974,12,16
1376403496,13,15
1376404099,13,15
1376404367,12,16
1376404576,13,15
1376404778,14,14
1376404878,14,14
1376404976,13,15
1376405119,12,16
1376405719,13,15
1376405885,12,16
1376406041,14,14
1376406051,12,16
1376406383,13,15
1376406638,14,14
1376407046,14,14
1376407086,15,13
1376407528,14,14
1376407660,15,13
1376407735,16,12
1376407912,17,11
1376408162,18,10
1376408219,17,11
1376408315,17,11
1376408373,18,10
1376408442,18,10
1376408484,18,10
1376408532,18,10
1376408599,19,9
1376408821,18,10
1376408982,18,10
1376409027,17,11
1376409068,18,10
1376409283,18,10
1376409916,18,10
1376409997,18,10
1376410021,18,10
1376410090,19,9
1376410418,19,9
1376410428,20,8
1376410659,20,8
1376410690,20,8
1376410794,19,9
1376410861,20,8
1376411082,19,9
1376411144,19,9
1376411190,18,10
1376411409,17,11
1376411466,18,10
1376411548,19,9
1376411731,19,9
1376412162,19,9
1376412211,19,9
1376412251,18,10
1376412525,18,10
1376412527,19,9
1376412759,19,9
1376412773,20,8
1376412939,21,7
1376412965,20,8
1376413049,22,6
1376413104,22,6
1376413168,23,5
1376413297,23,5
1376413901,23,5
1376413944,24,4
1376414024,22,6
1376414033,23,5
1376414487,22,6
1376414817,21,7
1376415150,22,6
1376415390,21,7
1376415461,21,7
1376415820,21,7
1376415871,22,6
1376415905,23,5
1376416061,22,6
1376416071,23,5
1376416674,23,5
1376416895,22,6
1376416992,21,7
1376417083,21,7
1376417085,20,8
1376417689,20,8
1376417849,19,9
1376417981,18,10
1376418584,18,10
1376419188,18,10
1376419356,17,11
1376419376,18,10
1376419483,17,11
1376419485,18,10
1376419959,18,10
1376419968,19,9
1376420572,19,9
1376421024,18,10
1376421411,17,11
1376421622,18,10
1376422226,18,10
1376422298,17,11
1376422901,17,11
1376423337,18,10
1376423520,17,11
1376424162,16,12
1376424766,16,12
1376425370,16,12
1376425974,16,12
1376426578,16,12
1376427181,16,12
1376427785,16,12
1376428242,15,13
1376428245,16,12
1376428849,16,12
1376429453,16,12
1376429571,15,13
1376430174,15,13
1376430778,15,13
1376431382,15,13
1376431808,14,14
1376432412,14,14
1376432774,13,15
1376433378,13,15
1376433934,14,14
1376434538,14,14
1376435142,14,14
1376435245,13,15
1376435308,14,14
1376435912,14,14
1376436516,14,14
1376437119,14,14
1376437723,14,14
1376437772,14,14
1376437831,14,14
1376437892,14,14
1376438097,14,14
1376438701,14,14
1376439305,14,14
1376439908,14,14
1376440512,14,14
1376441116,14,14
1376441719,14,14
1376442323,14,14
1376442927,14,14
1376443531,14,14
1376444135,14,14
1376444738,14,14
1376445038,14,14
1376445642,14,14
1376446246,14,14
1376446850,14,14
1376447453,14,14
1376448057,14,14
1376448661,14,14
1376449265,14,14
1376449869,14,14
1376450473,14,14
1376451077,14,14
1376451680,14,14
1376452284,14,14
1376452888,14,14
1376453492,14,14
1376454095,14,14
1376454699,14,14
1376455303,14,14
1376455907,14,14
1376455978,13,15
1376456582,13,15
1376456956,13,15
1376457559,13,15
1376458163,13,15
1376458767,13,15
1376459081,14,14
1376459227,16,12
1376459831,16,12
1376460434,16,12
1376460637,17,11
1376461027,18,10
1376461244,18,10
1376461246,19,9
1376461377,20,8
1376461560,21,7
1376461655,22,6
1376462259,22,6
1376462683,22,6
1376462741,23,5
1376462769,22,6
1376463120,21,7
1376463724,21,7
1376463850,20,8
1376463981,19,9
1376464302,20,8
1376464381,19,9
1376464462,18,10
1376464707,19,9
1376465076,19,9
1376465105,19,9
1376465378,19,8
1376465410,20,7
1376465720,21,6
1376466272,20,7
1376466875,20,8
1376467142,21,7
1376467524,20,8
1376468140,21,7
1376468182,22,6
1376468217,23,5
1376468821,23,5
1376469099,23,4
1376469159,22,5
1376469167,23,4
1376469495,22,5
1376470099,22,6
1376470703,22,6
1376470812,21,7
1376470947,21,7
1376471251,22,6
1376471855,22,6
1376472056,21,7
1376472660,21,7
1376473264,21,7
1376473830,22,5
1376474439,21,7
1376474447,22,6
1376474738,21,7
1376474747,22,6
1376474920,21,7
1376474941,21,7
1376475027,22,6
1376475049,21,7
1376475158,21,6
1376475169,22,5
1376475773,22,6
1376475855,21,7
1376476458,21,7
1376476648,22,6
1376477252,22,6
1376477549,21,7
1376478153,21,7
1376478363,22,6
1376478679,22,6
1376478748,22,5
1376479302,20,7
1376479830,20,7
1376479874,21,6
1376480477,21,7
1376480779,20,8
1376480853,21,7
1376481061,20,8
1376481129,19,9
1376481342,19,9
1376481352,20,8
1376481510,20,8
1376481566,19,9
1376481900,18,10
1376482189,17,11
1376482293,18,10
1376482335,17,11
1376482479,17,10
1376482488,18,9
1376482602,17,10
1376482663,16,11
1376482677,17,10
1376483281,17,11
1376483534,18,10
1376483623,19,9
1376484048,18,10
1376484523,17,11
1376484687,18,10
1376484824,19,9
1376484827,20,8
1376485430,20,8
1376485569,19,9
1376485834,21,7
1376486144,20,7
1376486154,21,6
1376486337,20,7
1376486437,20,7
1376486459,21,6
1376486664,20,7
1376486921,21,6
1376486959,21,6
1376487305,20,7
1376487605,21,6
1376487779,22,5
1376488045,23,4
1376488080,22,5
1376488149,21,6
1376488483,21,6
1376488515,21,6
1376488563,22,5
1376489060,21,6
1376489316,20,7
1376489861,19,8
1376490275,19,8
1376490330,21,6
1376490819,20,7
1376490926,19,8
1376491281,18,9
1376491885,18,10
1376491963,17,11
1376492122,18,10
1376492184,21,7
1376492384,22,6
1376492958,22,6
1376493038,24,4
1376493091,24,4
1376493134,23,5
1376493342,23,5
1376493946,23,5
1376494181,23,5
1376494235,22,6
1376494292,23,5
1376494897,23,5
1376495148,22,6
1376495697,20,8
1376495907,19,9
1376496272,19,9
1376496342,20,8
1376496345,19,9
1376496629,20,8
1376496734,19,9
1376496795,19,9
1376496852,18,10
1376496916,18,10
1376497075,17,11
1376497170,17,11
1376497241,17,11
1376497258,18,10
1376497326,19,9
1376497407,20,8
1376497543,21,7
1376497595,21,7
1376497621,21,7
1376497859,22,6
1376498260,22,6
1376498268,23,5
1376498398,22,6
1376498861,20,8
1376498911,20,8
1376498929,20,8
1376499159,17,11
1376499221,17,11
1376499238,17,11
1376499389,18,10
1376499437,17,11
1376499763,17,11
1376499824,16,12
1376499856,17,11
1376499918,18,10
1376500121,17,11
1376500196,18,10
1376500803,17,11
1376501014,16,12
1376501618,16,12
1376501800,16,12
1376501810,17,11
1376502414,17,11
1376503052,16,12
1376503484,16,12
1376503487,15,13
1376503777,14,14
1376503929,13,15
1376504122,13,15
1376504501,12,16
1376504589,13,15
1376505193,13,15
1376505636,12,16
1376506021,11,17
1376506111,12,16
1376506241,12,16
1376506250,13,15
1376506363,13,15
1376506373,14,14
1376506456,15,13
1376506971,13,15
1376507575,13,15
1376507720,12,16
1376507943,11,17
1376508477,12,16
1376509081,12,16
1376509298,11,17
1376509371,10,18
1376509521,11,17
1376509603,11,17
1376510208,11,17
1376510511,10,18
1376510905,9,19
1376511508,9,19
1376512112,9,19
1376512154,8,20
1376512377,9,19
1376512981,9,19
1376513585,9,19
1376513837,10,18
1376514440,10,18
1376514675,11,17
1376514718,10,18
1376514781,11,17
1376515384,11,17
1376515903,11,17
1376515929,13,15
1376516533,13,15
1376517137,13,15
1376517741,13,15
1376518205,12,16
1376518262,11,17
1376518866,11,17
1376519470,11,17
1376520073,11,17
1376520677,11,17
1376521281,11,17
1376521885,11,17
1376522488,11,17
1376523092,11,17
1376523696,11,17
1376524300,11,17
1376524904,11,17
1376525273,10,18
1376525878,10,18
1376526372,9,19
1376526976,9,19
1376527601,8,20
1376527699,7,21
1376528303,7,21
1376528907,7,21
1376529511,7,21
1376530115,7,21
1376530718,7,21
1376531417,7,21
1376532021,7,21
1376532625,7,21
1376533229,7,21
1376533832,7,21
1376534435,7,21
1376534994,6,22
1376535598,6,22
1376536202,6,22
1376536806,6,22
1376537409,6,22
1376538013,6,22
1376538616,6,22
1376539220,6,22
1376539824,6,22
1376540428,6,22
1376541032,6,22
1376541635,6,22
1376542122,6,22
1376542124,7,21
1376542728,7,21
1376543331,7,21
1376543472,8,20
1376544076,8,20
1376544680,8,20
1376545284,8,20
1376545888,8,20
1376546491,8,20
1376547095,8,20
1376547699,8,20
1376548303,8,20
1376548907,8,20
1376549510,8,20
1376550114,8,20
1376550215,10,18
1376550275,10,18
1376550687,11,17
1376551291,11,17
1376551477,11,17
1376551525,12,16
1376551597,11,17
1376551616,12,16
1376551886,13,15
1376551961,13,15
1376552082,13,15
1376552151,13,15
1376552261,13,15
1376552309,13,15
1376552349,13,15
1376552420,13,15
1376552486,14,14
1376552711,13,15
1376552860,14,14
1376552905,14,14
1376552936,15,13
1376553519,15,13
1376553530,16,12
1376554121,16,12
1376554123,17,11
1376554757,16,12
1376555048,15,13
1376555587,15,13
1376556064,15,13
1376556121,15,13
1376556724,15,13
1376557182,14,14
1376557238,14,14
1376557302,16,12
1376557337,18,10
1376557481,18,10
1376557503,19,9
1376557583,18,10
1376557627,18,10
1376557719,18,9
1376557741,19,8
1376558345,19,9
1376558949,19,9
1376559553,19,9
1376559750,19,9
1376559791,19,9
1376560394,19,9
1376560998,19,9
1376561602,19,9
1376562205,19,9
1376562783,20,8
1376563362,20,7
1376563417,21,7
1376563479,21,7
1376563510,22,6
1376564114,22,6
1376564469,22,6
1376564527,23,5
1376564620,22,6
1376564649,23,5
1376564784,22,6
1376564812,23,5
1376565418,23,5
1376565674,24,4
1376565755,23,5
1376565806,23,5
1376565863,24,4
1376565912,25,3
1376566516,25,3
1376567120,25,3
1376567724,25,3
1376567754,25,3
1376568100,23,5
1376568114,22,6
1376568718,22,6
1376568999,22,6
1376569097,23,5
1376569701,23,5
1376570102,24,4
1376570461,26,2
1376570638,26,2
1376570754,26,2
1376570831,26,2
1376570922,27,1
1376570924,26,2
1376571529,26,2
1376571616,25,3
1376571689,25,3
1376571735,24,4
1376571802,23,5
1376571878,24,4
1376572416,25,3
1376572447,26,2
1376573051,26,2
1376573612,26,2
1376573648,27,1
1376573834,27,1
1376574438,27,1
1376574574,26,2
1376575178,26,2
1376575781,26,2
1376575842,26,2
1376575874,27,1
1376576016,28,0
1376576619,28,0
1376576997,27,1
1376577601,27,1
1376578205,27,1
1376578519,27,1
1376578549,28,0
1376579153,28,0
1376579757,28,0
1376580308,27,1
1376580912,27,1
1376581182,28,0
1376581785,28,0
1376582389,28,0
1376582921,26,2
1376583035,26,2
1376583100,27,1
1376583125,28,0
1376583535,27,1
1376584120,27,1
1376584320,28,0
1376584924,28,0
1376585528,28,0
1376586131,28,0
1376586735,28,0
1376587339,28,0
1376587633,27,1
1376587722,26,2
1376587730,25,3
1376588333,25,3
1376588937,25,3
1376589541,25,3
1376590144,25,3
1376590383,24,4
1376590987,24,4
1376591065,25,3
1376591386,25,3
1376591494,26,2
1376592095,24,4
1376592301,23,5
1376592504,24,4
1376593108,24,4
1376593712,24,4
1376594315,24,4
1376594382,24,4
1376594392,25,3
1376594741,26,2
1376594800,26,2
1376594808,27,1
1376595412,27,1
1376595533,26,2
1376596136,26,2
1376596241,24,4
1376596243,23,5
1376596847,23,5
1376596940,24,4
1376597544,24,4
1376598147,24,4
1376598751,24,4
1376599355,24,4
1376599890,23,5
1376599920,23,5
1376600523,22,6
1376601127,22,6
1376601731,22,6
1376602335,22,6
1376602939,22,6
1376603442,21,7
1376603479,20,8
1376604084,20,8
1376604688,20,8
1376605291,20,8
1376605511,19,9
1376606115,19,9
1376606223,18,10
1376606827,18,10
1376607431,18,10
1376607636,17,11
1376608239,17,11
1376608843,17,11
1376609447,17,11
1376610051,17,11
1376610655,17,11
1376611259,17,11
1376611862,17,11
1376612466,17,11
1376613069,17,11
1376613673,17,11
1376614277,17,11
1376614880,17,11
1376615484,17,11
1376616088,17,11
1376616692,17,11
1376617296,17,11
1376617839,17,11
1376618443,17,11
1376619047,17,11
1376619651,17,11
1376620254,17,11
1376620858,17,11
1376621462,17,11
1376622066,17,11
1376622669,17,11
1376623273,17,11
1376623877,17,11
1376624481,17,11
1376625084,17,11
1376625688,17,11
1376626292,17,11
1376626895,17,11
1376627499,17,11
1376628103,17,11
1376628707,17,11
1376629310,17,11
1376629914,17,11
1376630203,17,11
1376630242,18,10
1376630845,18,10
1376630877,19,9
1376631184,20,8
1376631719,21,7
1376631815,22,6
1376632418,22,6
1376633022,22,6
1376633342,23,5
1376633899,24,4
1376634398,25,3
1376634406,26,2
1376634921,27,1
1376635524,27,1
1376635992,28,0
1376636563,26,2
1376636840,27,1
1376637138,28,0
1376637742,28,0
1376637902,27,1
1376638057,27,1
1376638068,28,0
1376638672,28,0
1376639276,28,0
1376639880,28,0
1376639949,27,1
1376640084,26,2
1376640276,25,3
1376640629,24,4
1376640725,25,3
1376641328,25,3
1376641442,24,4
1376642046,24,4
1376642315,23,5
1376642363,23,5
1376642968,23,5
1376643282,22,6
1376643332,23,5
1376643365,24,4
1376643968,24,4
1376644182,24,4
1376644191,25,3
1376644795,25,3
1376645398,25,3
1376646002,25,3
1376646402,26,2
1376646819,27,1
1376646828,26,2
1376646976,25,3
1376647580,25,3
1376648183,25,3
1376648787,25,3
1376648995,24,4
1376649283,23,5
1376649312,22,6
1376649370,23,5
1376649506,24,4
1376649787,25,3
1376649897,26,2
1376650450,27,1
1376651054,27,1
1376651323,27,1
1376651325,26,2
1376651693,25,3
1376651866,24,4
1376652470,24,4
1376652640,23,5
1376653243,23,5
1376653286,22,6
1376653719,22,6
1376653813,25,3
1376654190,25,3
1376654472,26,2
1376655076,26,2
1376655261,25,3
1376655384,25,3
1376655505,26,2
1376655617,25,3
1376656221,25,3
1376656638,24,4
1376656867,23,5
1376657204,24,4
1376657487,25,3
1376657767,24,4
1376657870,23,5
1376657959,24,4
1376658114,25,3
1376658301,24,4
1376658906,24,4
1376659509,24,4
1376659620,25,3
1376660225,25,3
1376660348,24,4
1376660951,24,4
1376661555,24,4
1376662168,25,3
1376662243,25,3
1376662245,26,2
1376662849,26,2
1376662975,25,3
1376663365,26,2
1376663784,25,3
1376663873,24,4
1376663933,23,5
1376664214,24,4
1376664345,22,6
1376664671,23,5
1376664745,22,6
1376664992,21,7
1376665061,21,7
1376665664,21,7
1376665736,20,8
1376666097,19,9
1376666443,19,9
1376666452,20,8
1376666552,21,7
1376667155,21,7
1376667282,21,7
1376667403,23,5
1376667550,24,4
1376668153,24,4
1376668200,23,5
1376668576,24,4
1376668890,24,4
1376669037,25,3
1376669136,24,4
1376669147,25,3
1376669298,23,5
1376669374,22,6
1376669398,22,6
1376669544,23,5
1376669960,24,4
1376670036,25,3
1376670220,26,2
1376670227,25,3
1376670464,24,4
1376670568,23,5
1376670732,24,4
1376670781,24,4
1376670907,26,2
1376671027,25,3
1376671299,26,2
1376671353,25,3
1376671457,26,2
1376671722,25,3
1376671782,25,3
1376671785,26,2
1376672104,25,3
1376672708,25,3
1376673025,26,2
1376673197,25,3
1376673335,26,2
1376673939,26,2
1376674543,26,2
1376675147,26,2
1376675750,26,2
1376676354,26,2
1376676958,26,2
1376677124,25,3
1376677138,26,2
1376677588,25,3
1376678192,25,3
1376678796,25,3
1376678904,25,3
1376678944,26,2
1376679161,26,2
1376679171,27,1
1376679775,27,1
1376680379,27,1
1376680983,27,1
1376681262,26,2
1376681865,26,2
1376682475,26,2
1376683079,26,2
1376683683,26,2
1376684286,26,2
1376684890,26,2
1376685102,26,2
1376685706,26,2
1376686310,26,2
1376686913,26,2
1376687517,26,2
1376688120,26,2
1376688724,26,2
1376689328,26,2
1376689932,26,2
1376690535,26,2
1376691139,26,2
1376691743,26,2
1376692347,26,2
1376692950,26,2
1376693554,26,2
1376693917,25,3
1376694520,25,3
1376695124,25,3
1376695607,24,4
1376695891,23,5
1376696495,23,5
1376697099,23,5
1376697703,23,5
1376698306,23,5
1376698910,23,5
1376699275,23,5
1376699435,24,4
1376699486,25,3
1376699612,26,2
1376700217,26,2
1376700821,26,2
1376701425,26,2
1376702078,25,3
1376702683,25,3
1376703286,25,3
1376703702,24,4
1376704240,24,4
1376704317,24,4
1376704920,24,4
1376705524,24,4
1376706128,24,4
1376706394,23,5
1376706455,20,8
1376706478,19,9
1376707082,19,9
1376707686,19,9
1376708290,19,9
1376708893,19,9
1376709029,18,10
1376709129,18,10
1376709734,18,10
1376710338,18,10
1376710941,18,10
1376711545,18,10
1376712149,18,10
1376712753,18,10
1376713356,18,10
1376713960,18,10
1376714563,18,10
1376715167,18,10
1376715771,18,10
1376716375,18,10
1376716717,19,9
1376717321,19,9
1376717925,19,9
1376718419,20,8
1376719023,20,8
1376719627,20,8
1376720231,20,8
1376720834,20,8
1376721438,20,8
1376722042,20,8
1376722645,20,8
1376722947,21,7
1376723550,21,7
1376723831,20,8
1376724435,20,8
1376724725,21,7
1376725205,22,6
1376725808,22,6
1376725933,23,5
1376726441,22,6
1376727045,22,6
1376727508,21,7
1376728112,21,7
1376728654,22,6
1376729258,22,6
1376729319,21,7
1376729339,20,8
1376729943,20,8
1376730205,21,7
1376730358,20,8
1376730962,20,8
1376731075,19,9
1376731604,19,9
1376731606,20,8
1376731952,21,7
1376732102,20,8
1376732234,21,7
1376732590,22,6
1376732714,23,5
1376733236,24,4
1376733516,23,5
1376733763,22,6
1376734367,22,6
1376734654,22,6
1376734690,23,5
1376735173,24,4
1376735685,24,3
1376735699,25,3
1376736027,26,2
1376736053,25,3
1376736119,26,2
1376736323,25,3
1376736752,24,4
1376737156,25,3
1376737760,25,3
1376738363,25,3
1376738651,24,4
1376739255,24,4
1376739506,23,5
1376739743,22,6
1376739905,21,7
1376740348,20,8
1376740663,21,7
1376740673,22,6
1376740923,22,6
1376741536,21,7
1376741771,20,8
1376742040,21,7
1376742096,22,6
1376742218,21,7
1376742823,21,7
1376742835,22,6
1376743439,22,6
1376744043,22,6
1376744144,23,5
1376744748,23,5
1376745017,25,3
1376745122,24,4
1376745700,22,6
1376746236,22,6
1376746268,23,5
1376746424,23,5
1376746433,25,3
1376746526,25,3
1376746754,24,4
1376747024,25,3
1376747056,25,3
1376747157,26,2
1376747412,25,3
1376748016,25,3
1376748521,25,3
1376748529,26,2
1376748677,25,3
1376748808,26,2
1376749412,26,2
1376749521,25,3
1376749563,24,4
1376749836,25,3
1376749854,24,4
1376750047,23,5
1376750176,24,4
1376750780,24,4
1376750974,25,3
1376751321,26,2
1376751813,25,3
1376752330,24,4
1376752383,23,5
1376752600,24,4
1376753195,23,5
1376753455,22,6
1376754059,22,6
1376754162,22,6
1376754172,23,5
1376754733,22,6
1376754822,22,6
1376754828,24,4
1376754914,23,5
1376755056,24,4
1376755662,24,4
1376756124,23,5
1376756217,22,6
1376756301,21,7
1376756478,22,6
1376756841,22,6
1376756910,22,6
1376756960,23,5
1376757039,24,4
1376757643,24,4
1376757713,24,4
1376757781,25,3
1376757966,25,3
1376758031,26,2
1376758635,26,2
1376758833,25,3
1376758849,24,4
1376759453,24,4
1376759982,22,5
1376760000,22,6
1376760098,23,5
1376760403,23,5
1376760414,24,4
1376760882,23,5
1376760903,24,4
1376761507,24,4
1376762039,24,4
1376762643,24,4
1376763246,24,4
1376763850,24,4
1376764453,24,4
1376765057,24,4
1376765661,24,4
1376766186,23,5
1376766579,23,5
1376766589,22,6
1376767192,22,6
1376767594,23,5
1376768001,22,6
1376768604,22,6
1376768728,23,5
1376769332,23,5
1376769923,24,4
1376770239,25,3
1376770843,25,3
1376771447,25,3
1376772050,25,3
1376772654,25,3
1376773258,25,3
1376773862,25,3
1376774466,25,3
1376775069,25,3
1376775673,25,3
1376776276,25,3
1376776880,25,3
1376777484,25,3
1376778088,25,3
1376778691,25,3
1376779295,25,3
1376779605,25,3
1376779647,25,3
1376780251,25,3
1376780855,25,3
1376781458,25,3
1376782062,25,3
1376782666,25,3
1376783255,23,5
1376783859,23,5
1376784221,22,6
1376784341,21,7
1376784614,20,8
1376784760,19,9
1376784802,16,12
1376785406,16,12
1376786010,16,12
1376786613,16,12
1376787217,16,12
1376787821,16,12
1376787959,15,13
1376788314,14,14
1376788445,12,16
1376788524,11,17
1376789128,11,17
1376789732,11,17
1376790335,11,17
1376790639,11,17
1376791243,11,17
1376791847,11,17
1376792255,12,16
1376792532,13,15
1376793136,13,15
1376793739,13,15
1376794343,13,15
1376794947,13,15
1376795551,13,15
1376796154,13,15
1376796758,13,15
1376797362,13,15
1376797965,13,15
1376798569,13,15
1376799173,13,15
1376799777,13,15
1376800381,13,15
1376800984,13,15
1376801588,13,15
1376802191,13,15
1376802795,13,15
1376803399,13,15
1376804003,13,15
1376804607,13,15
1376805210,13,15
1376805808,14,14
1376806412,14,14
1376807016,14,14
1376807619,14,14
1376807965,14,14
1376808042,14,14
1376808093,14,13
1376808161,16,11
1376808264,17,10
1376808404,17,10
1376809007,17,11
1376809611,17,11
1376810215,17,11
1376810313,18,10
1376810627,16,12
1376811230,16,12
1376811328,17,11
1376811932,17,11
1376812337,18,10
1376812940,18,10
1376813544,18,10
1376814147,18,10
1376814751,18,10
1376815355,18,10
1376815531,19,9
1376815856,18,10
1376816460,18,10
1376817064,18,10
1376817668,18,10
1376817742,19,9
1376818345,19,9
1376818573,18,10
1376818814,19,9
1376819418,19,9
1376819680,18,10
1376820284,18,10
1376820888,18,10
1376821491,18,10
1376822095,18,10
1376822699,18,10
1376823303,18,10
1376823595,19,9
1376824198,19,9
1376824471,18,10
1376824776,19,9
1376824845,18,10
1376825158,17,11
1376825744,17,11
1376825746,16,12
1376825964,15,13
1376826567,15,13
1376827171,15,13
1376827775,15,13
1376828378,15,13
1376828981,15,13
1376829585,15,13
1376830189,15,13
1376830404,15,13
1376830471,15,13
1376830499,16,12
1376831102,16,12
1376831355,15,13
1376831892,16,12
1376832496,16,12
