1376208490,10,26
1376209094,10,26
1376209191,9,27
1376209794,9,27
1376210136,9,27
1376210189,9,27
1376210251,9,27
1376210361,10,26
1376210548,10,26
1376210665,11,25
1376210803,11,25
1376210858,12,24
1376211049,11,25
1376211189,10,26
1376211401,9,27
1376211700,9,27
1376211708,10,26
1376212000,8,28
1376212457,9,27
1376212829,8,28
1376213433,8,28
1376214019,7,29
1376214304,6,30
1376214907,6,30
1376215396,7,29
1376215459,6,30
1376216063,6,30
1376216295,7,29
1376216899,7,29
1376217463,7,29
1376217466,8,28
1376217677,10,26
1376217719,11,25
1376218036,12,24
1376218107,13,23
1376218273,12,24
1376218877,12,24
1376218975,11,25
1376219252,10,26
1376219499,10,26
1376219524,9,27
1376219971,8,28
1376220272,8,28
1376220292,8,28
1376220350,8,28
1376220922,9,27
1376221343,10,26
1376221947,10,26
1376222340,9,27
1376222978,8,28
1376223157,8,28
1376223209,9,26
1376223269,8,27
1376223306,9,26
1376223404,9,26
1376223448,10,25
1376223510,9,26
1376224114,9,27
1376224335,8,28
1376224572,9,27
1376224673,10,26
1376225077,11,25
1376225682,11,25
1376225928,11,25
1376226330,12,24
1376226580,12,24
1376227048,13,23
1376227652,13,23
1376227840,12,24
1376227963,12,24
1376227966,13,23
1376228570,13,23
1376228759,14,22
1376229016,13,23
1376229610,14,22
1376229676,14,22
1376229753,15,21
1376229814,15,21
1376229843,16,20
1376230473,17,19
1376231077,17,19
1376231680,17,19
1376232284,17,19
1376232931,19,17
1376232969,19,17
1376233182,19,17
1376233208,20,15
1376233812,20,16
1376233928,19,17
1376234532,19,17
1376235136,19,17
1376235740,19,17
1376235883,18,18
1376235885,17,19
1376236002,17,19
1376236011,18,18
1376236166,20,16
1376236770,20,16
1376237129,21,15
1376237462,21,15
1376237592,21,15
1376237934,22,14
1376238153,23,13
1376238398,24,12
1376239003,24,12
1376239452,22,14
1376239602,22,14
1376239625,24,12
1376239841,24,12
1376239844,25,11
1376240487,24,12
1376241090,24,12
1376241694,24,12
1376242044,23,13
1376242073,24,12
1376242677,24,12
1376242837,24,12
1376242893,25,11
1376243360,24,12
1376243589,24,12
1376243655,24,12
1376243701,24,12
1376244320,23,13
1376244924,23,13
1376245527,23,13
1376246131,23,13
1376246208,22,14
1376246676,21,15
1376246918,22,13
1376247522,22,14
1376248126,22,14
1376248731,22,14
1376249334,22,14
1376249938,22,14
1376250121,23,13
1376250725,23,13
1376250912,24,12
1376251516,24,12
1376252120,24,12
1376252724,24,12
1376252781,24,12
1376252807,24,12
1376252908,24,12
1376252948,25,11
1376253041,25,11
1376253053,26,10
1376253657,26,10
1376254261,26,10
1376254865,26,10
1376255015,26,10
1376255072,26,10
1376255137,27,9
1376255147,28,8
1376255243,28,8
1376255438,27,9
1376255451,26,10
1376256056,26,10
1376256469,26,10
1376256936,24,12
1376257540,24,12
1376258144,24,12
1376258320,23,13
1376258334,22,14
1376258938,22,14
1376259542,22,14
1376259882,21,14
1376259895,21,15
1376260499,21,15
1376261103,21,15
1376261707,21,15
1376262311,21,15
1376262700,21,15
1376262703,22,14
1376263307,22,14
1376263917,22,14
1376264322,22,14
1376264324,21,15
1376264928,21,15
1376265110,20,16
1376265713,20,16
1376266317,20,16
1376266921,20,16
1376267524,20,16
1376268128,20,16
1376268733,20,16
1376269337,20,16
1376269941,20,16
1376270544,20,16
1376271148,20,16
1376271942,20,16
1376271950,20,16
1376272554,20,16
1376273158,20,16
1376273763,20,16
1376274367,20,16
1376274970,20,16
1376275574,20,16
1376276178,20,16
1376276782,20,16
1376277385,20,16
1376277989,20,16
1376278173,19,17
1376278778,19,17
1376279381,19,17
1376279985,19,17
1376280589,19,17
1376281193,19,17
1376281797,19,17
1376282400,19,17
1376282674,18,18
1376283278,18,18
1376283882,18,18
1376284486,18,18
1376285089,18,18
1376285166,18,18
1376285534,18,18
1376286138,18,18
1376286741,18,18
1376287345,18,18
1376287622,19,17
1376287901,18,18
1376287918,18,18
1376288522,18,18
1376289126,18,18
1376289532,19,17
1376289635,18,18
1376289781,17,19
1376289998,18,18
1376290085,19,17
1376290420,19,17
1376290429,20,16
1376290767,19,17
1376291371,19,17
1376291975,19,17
1376292100,19,17
1376292109,20,16
1376292396,21,15
1376292455,21,15
1376292491,22,14
1376293094,22,14
1376293192,23,13
1376293662,23,13
1376293671,24,12
1376293759,24,12
1376294143,24,12
1376294529,26,10
1376295133,26,10
1376295737,26,10
1376296192,25,11
1376296796,25,11
1376297399,25,11
1376298003,25,11
1376298608,25,11
1376299212,25,11
1376299815,25,11
1376300419,25,11
1376301023,25,11
1376301101,25,10
1376301127,25,11
1376301731,25,11
1376302165,26,10
1376302530,27,9
1376303134,27,9
1376303197,26,10
1376303609,25,11
1376304213,25,11
1376304432,24,12
1376304636,24,12
1376304646,25,11
1376305250,25,11
1376305854,25,11
1376306319,25,11
1376306400,25,11
1376306473,25,11
1376306518,26,10
1376307122,26,10
1376307725,26,10
1376308329,26,10
1376308936,25,11
1376309142,25,11
1376309144,26,10
1376309530,27,9
1376310133,27,9
1376310497,28,8
1376310993,27,9
1376311420,27,9
1376311428,28,8
1376312032,28,8
1376312175,27,9
1376312300,26,10
1376312587,27,9
1376312998,26,10
1376313274,27,9
1376313607,28,8
1376314211,28,8
1376314782,28,8
1376314785,29,7
1376315389,29,7
1376315887,29,7
1376315928,30,6
1376316447,30,6
1376317051,30,6
1376317481,29,7
1376318086,28,8
1376318689,28,8
1376319293,28,8
1376319897,28,8
1376320333,27,9
1376320410,26,10
1376320703,27,9
1376320887,26,10
1376321500,26,10
1376321503,25,11
1376321843,26,10
1376322447,26,10
1376322754,27,9
1376323358,27,9
1376323692,27,9
1376323749,27,9
1376323901,28,8
1376323946,29,7
1376324133,27,9
1376324263,27,9
1376324266,28,8
1376324436,27,9
1376324858,26,10
1376325038,26,10
1376325047,25,11
1376325187,26,10
1376325282,26,10
1376325320,27,9
1376325424,26,10
1376325794,27,9
1376326343,26,10
1376326757,25,11
1376326820,24,12
1376327068,25,11
1376327287,26,10
1376327580,27,9
1376327710,28,8
1376327839,29,7
1376327923,29,7
1376327978,31,5
1376328033,31,5
1376328160,31,5
1376328213,30,6
1376328401,29,7
1376328851,30,6
1376329155,31,5
1376329239,31,5
1376329252,32,4
1376329857,32,4
1376329930,31,5
1376330259,32,4
1376330379,31,5
1376330480,29,7
1376331066,28,8
1376331669,28,8
1376332139,29,7
1376332682,31,5
1376333134,32,4
1376333738,32,4
1376333940,31,5
1376334158,30,6
1376334762,30,6
1376335175,30,6
1376335186,31,5
1376335790,31,5
1376336327,30,6
1376336677,30,6
1376336709,30,6
1376336753,31,5
1376337356,31,5
1376337562,32,4
1376338166,32,4
1376338770,32,4
1376339373,32,4
1376339715,31,5
1376340319,31,5
1376340922,31,5
1376341527,31,5
1376342131,31,5
1376342314,29,7
1376342359,27,9
1376342784,27,9
1376343389,27,9
1376343688,26,10
1376343847,28,8
1376343966,28,8
1376344570,28,8
1376344991,27,9
1376345131,27,9
1376345170,28,8
1376345774,28,8
1376346378,28,8
1376346537,29,7
1376347142,29,7
1376347719,28,8
1376348324,28,8
1376348928,28,8
1376349532,28,8
1376349822,28,8
1376349830,29,7
1376350437,29,7
1376351041,29,7
1376351481,27,9
1376352086,27,9
1376352689,27,9
1376353293,27,9
1376353897,27,9
1376354501,27,9
1376355104,27,9
1376355385,26,10
1376355989,26,10
1376356592,26,10
1376357196,26,10
1376357800,26,10
1376358342,26,10
1376358346,26,10
1376358951,26,10
1376359555,26,10
1376360159,26,10
1376360763,26,10
1376361367,26,10
1376361971,26,10
1376362576,26,10
1376363182,26,10
1376363786,26,10
1376364390,26,10
1376364994,26,10
1376365597,26,10
1376366201,26,10
1376366805,26,10
1376367410,26,10
1376368014,26,10
1376368619,26,10
1376368997,25,11
1376369601,25,11
1376370205,25,11
1376370809,25,11
1376371413,25,11
1376372016,25,11
1376372620,25,11
1376373224,25,11
1376373832,26,10
1376374436,26,10
1376375039,26,10
1376375301,27,9
1376375729,28,8
1376375941,29,7
1376376545,29,7
1376376989,30,6
1376377517,30,6
1376377568,30,6
1376378171,30,6
1376378284,31,5
1376378774,31,5
1376379245,32,4
1376379402,31,5
1376379836,32,4
1376380443,33,3
1376381047,33,3
1376381175,32,4
1376381558,33,3
1376382162,33,3
1376382806,32,4
1376383411,32,4
1376384015,32,4
1376384618,32,4
1376385222,32,4
1376385350,31,5
1376385581,30,6
1376386185,30,6
1376386789,30,6
1376387393,30,6
1376387992,29,7
1376388209,28,8
1376388543,27,9
1376389148,27,9
1376389723,27,9
1376389725,26,10
1376389826,27,9
1376389851,26,10
1376390164,27,9
1376390480,26,10
1376391084,26,10
1376391688,26,10
1376392293,26,10
1376392686,27,9
1376392972,26,10
1376393234,27,9
1376393838,27,9
1376394086,26,10
1376394690,26,10
1376395294,26,10
1376395473,27,9
1376395633,28,8
1376395703,27,9
1376396307,27,9
1376396475,27,9
1376396507,27,9
1376396569,27,9
1376396839,26,10
1376397142,26,10
1376397740,25,11
1376398002,27,9
1376398162,28,8
1376398598,28,8
1376398606,29,7
1376398721,29,7
1376398723,28,8
1376398956,27,9
1376399188,28,8
1376399793,28,8
1376400396,28,8
1376401000,28,8
1376401475,28,8
1376401541,28,8
1376401549,29,7
1376402154,29,7
1376402658,30,6
1376403262,30,6
1376403866,30,6
1376404248,29,7
1376404852,29,7
1376405456,29,7
1376405557,28,8
1376405645,27,9
1376406066,28,8
1376406221,28,8
1376406241,28,8
1376406736,27,9
1376407036,27,9
1376407359,27,9
1376407369,28,8
1376407973,28,8
1376408577,28,8
1376409181,28,8
1376409233,27,9
1376409462,27,9
1376409522,28,8
1376409524,29,7
1376409744,30,6
1376409978,29,7
1376410187,28,8
1376410721,28,8
1376410730,27,9
1376410929,28,8
1376411323,29,7
1376411440,28,8
1376411449,29,7
1376411968,28,8
1376412139,27,9
1376412249,28,8
1376412602,27,9
1376412837,26,10
1376413038,25,11
1376413242,25,11
1376413303,25,11
1376413348,27,9
1376413391,28,8
1376413540,29,7
1376413567,30,6
1376414137,30,6
1376414146,31,5
1376414280,30,6
1376414818,29,7
1376415423,29,7
1376415469,28,8
1376415578,29,7
1376415828,30,6
1376415960,29,7
1376416055,28,8
1376416424,27,8
1376416456,27,8
1376416616,27,8
1376416798,27,8
1376417139,26,9
1376417153,26,9
1376417256,26,9
1376417282,27,8
1376417443,27,8
1376417494,28,7
1376417507,28,7
1376417798,28,7
1376417862,28,7
1376418153,28,7
1376418216,28,7
1376418255,27,8
1376418314,27,8
1376418401,28,7
1376418520,28,7
1376418571,28,7
1376418652,27,8
1376418881,26,9
1376418925,26,9
1376419001,28,7
1376419241,28,7
1376419279,28,7
1376419596,27,8
1376419634,27,8
1376419963,27,8
1376419988,27,8
1376420323,27,8
1376420343,27,8
1376420619,26,9
1376420683,26,9
1376420698,26,9
1376421038,26,9
1376421052,26,9
1376421119,25,10
1376421343,25,10
1376421392,25,10
1376421406,25,10
1376421698,25,10
1376421760,25,10
1376421902,24,11
1376421975,25,10
1376422052,26,9
1376422116,26,9
1376422167,25,10
1376422363,27,8
1376422420,30,5
1376422479,30,5
1376422498,29,6
1376422639,30,5
1376422780,30,5
1376422824,30,5
1376423141,30,5
1376423179,30,5
1376423379,30,5
1376423387,31,4
1376423495,31,4
1376423533,31,4
1376423888,31,4
1376424223,31,4
1376424243,31,4
1376424506,31,4
1376424578,31,4
1376424599,31,4
1376424939,31,4
1376424953,31,4
1376425294,31,4
1376425308,31,4
1376425515,32,3
1376425599,32,3
1376425663,32,3
1376425954,32,3
1376426018,32,3
1376426085,32,3
1376426323,32,3
1376426372,32,3
1376426683,32,3
1376426728,31,4
1376426901,30,5
1376427038,30,5
1376427082,30,5
1376427399,30,5
1376427437,30,5
1376427754,30,5
1376427792,30,5
1376428122,30,5
1376428147,30,5
1376428482,30,5
1376428501,30,5
1376428843,30,5
1376428857,30,5
1376429197,30,5
1376429211,30,5
1376429502,30,5
1376429552,30,5
1376429566,30,5
1376429858,30,5
1376429921,30,5
1376430227,30,5
1376430276,30,5
1376430581,30,5
1376430631,30,5
1376430942,30,5
1376430986,30,5
1376431039,30,5
1376431165,30,5
1376431224,31,4
1376431303,31,4
1376431341,31,4
1376431657,31,4
1376431695,31,4
1376432012,31,4
1376432050,31,4
1376432380,31,4
1376432405,31,4
1376432740,31,4
1376432759,31,4
1376433100,31,4
1376433114,31,4
1376433456,31,4
1376433470,31,4
1376433760,31,4
1376433813,31,4
1376433827,31,4
1376434119,31,4
1376434170,31,4
1376434186,31,4
1376434477,31,4
1376434543,31,4
1376434835,31,4
1376434901,31,4
1376434959,31,4
1376434977,31,4
1376435083,31,4
1376435139,32,3
1376435193,33,2
1376435259,33,2
1376435550,33,2
1376435617,33,2
1376435922,33,2
1376435982,33,2
1376436042,33,2
1376436083,33,2
1376436148,33,2
1376436195,33,2
1376436281,33,2
1376436335,33,2
1376436453,33,2
1376436639,33,2
1376436692,33,2
1376436841,32,3
1376437004,32,3
1376437051,32,3
1376437362,32,3
1376437409,32,3
1376437720,32,3
1376437765,32,3
1376438082,32,3
1376438121,32,3
1376438437,32,3
1376438476,32,3
1376438793,32,3
1376438832,32,3
1376439163,32,3
1376439188,32,3
1376439523,32,3
1376439544,32,3
1376439879,32,3
1376439900,32,3
1376440240,32,3
1376440255,32,3
1376440597,32,3
1376440611,32,3
1376440901,32,3
1376440952,32,3
1376440966,32,3
1376441257,32,3
1376441322,32,3
1376441613,32,3
1376441677,32,3
1376441982,32,3
1376442032,32,3
1376442343,32,3
1376442388,32,3
1376442699,32,3
1376442743,32,3
1376443060,32,3
1376443099,32,3
1376443416,32,3
1376443455,32,3
1376443771,32,3
1376443810,32,3
1376444141,32,3
1376444167,32,3
1376444502,32,3
1376444522,32,3
1376444743,32,3
1376444748,32,3
1376444864,32,3
1376444879,32,3
1376445219,32,3
1376445232,32,3
1376445524,32,3
1376445575,32,3
1376445589,32,3
1376445880,32,3
1376445944,32,3
1376446235,32,3
1376446300,32,3
1376446590,32,3
1376446655,32,3
1376446960,32,3
1376447011,32,3
1376447321,32,3
1376447366,32,3
1376447471,31,4
1376447683,31,4
1376447721,31,4
1376448039,31,4
1376448077,31,4
1376448394,31,4
1376448433,31,4
1376448763,31,4
1376448789,31,4
1376449123,31,4
1376449144,31,4
1376449480,31,4
1376449500,31,4
1376449841,31,4
1376449855,31,4
1376450196,31,4
1376450211,31,4
1376450502,31,4
1376450553,31,4
1376450566,31,4
1376450858,31,4
1376450921,31,4
1376451213,31,4
1376451277,31,4
1376451582,31,4
1376451632,31,4
1376451943,31,4
1376451989,31,4
1376452298,31,4
1376452344,31,4
1376452660,31,4
1376452699,31,4
1376453015,31,4
1376453054,31,4
1376453384,31,4
1376453409,31,4
1376453741,31,4
1376453765,31,4
1376454101,31,4
1376454121,31,4
1376454463,31,4
1376454476,31,4
1376454818,31,4
1376454832,31,4
1376455123,31,4
1376455174,31,4
1376455187,31,4
1376455296,30,5
1376455479,30,5
1376455543,30,5
1376455835,30,5
1376455898,30,5
1376456204,30,5
1376456254,30,5
1376456563,30,5
1376456609,30,5
1376456920,30,5
1376456964,30,5
1376457281,30,5
1376457320,30,5
1376457636,30,5
1376457675,30,5
1376457992,30,5
1376458030,30,5
1376458224,30,5
1376458258,31,4
1376458361,31,4
1376458386,31,4
1376458720,31,4
1376458741,31,4
1376459082,31,4
1376459096,31,4
1376459438,31,4
1376459451,31,4
1376459743,31,4
1376459793,31,4
1376459806,31,4
1376460097,31,4
1376460162,31,4
1376460458,29,6
1376460517,28,7
1376460822,28,7
1376460872,28,7
1376461014,29,6
1376461183,29,6
1376461227,29,6
1376461544,29,6
1376461582,29,6
1376461899,29,6
1376461937,29,6
1376462254,29,6
1376462292,29,6
1376462624,28,7
1376462648,28,7
1376462736,27,8
1376462983,27,8
1376463039,28,7
1376463087,29,6
1376463206,29,6
1376463251,30,5
1376463339,30,5
1376463359,30,5
1376463599,30,5
1376463702,30,5
1376463714,30,5
1376463812,30,5
1376463883,31,4
1376464055,31,4
1376464079,32,3
1376464249,32,3
1376464361,32,3
1376464423,32,3
1376464424,32,3
1376464715,32,3
1376464778,32,3
1376465083,32,3
1376465133,32,3
1376465443,32,3
1376465487,32,3
1376465803,33,2
1376465842,33,2
1376466077,33,2
1376466158,32,3
1376466197,32,3
1376466277,33,2
1376466361,32,3
1376466512,32,3
1376466551,32,3
1376466884,32,3
1376466905,32,3
1376467240,32,3
1376467259,32,3
1376467600,32,3
1376467614,32,3
1376467955,32,3
1376467968,32,3
1376468260,32,3
1376468323,32,3
1376468614,32,3
1376468677,32,3
1376468982,32,3
1376469031,32,3
1376469342,32,3
1376469386,32,3
1376469702,32,3
1376469740,32,3
1376470056,32,3
1376470094,32,3
1376470423,32,3
1376470449,32,3
1376470783,32,3
1376470802,32,3
1376471143,31,4
1376471156,31,4
1376471497,31,4
1376471511,31,4
1376471802,31,4
1376471864,31,4
1376471922,30,5
1376472163,30,4
1376472222,31,4
1376472342,30,5
1376472524,30,5
1376472574,30,5
1376472883,30,5
1376472929,30,5
1376473122,30,5
1376473125,31,4
1376473240,31,4
1376473283,31,4
1376473326,30,5
1376473600,30,5
1376473638,30,5
1376473954,30,5
1376473993,30,5
1376474323,30,5
1376474348,30,5
1376474682,30,5
1376474702,30,5
1376475043,30,5
1376475081,29,6
1376475397,29,6
1376475411,29,6
1376475703,29,6
1376475753,29,6
1376475766,29,6
1376476057,29,6
1376476121,29,6
1376476140,31,4
1376476413,31,4
1376476476,31,4
1376476780,31,4
1376476831,31,4
1376477140,31,4
1376477186,31,4
1376477502,31,4
1376477550,32,3
1376477645,31,4
1376477856,31,4
1376477896,31,4
1376478224,31,4
1376478250,31,4
1376478583,31,4
1376478605,31,4
1376478864,30,5
1376478939,30,5
1376478959,30,5
1376479300,30,5
1376479359,31,4
1376479419,30,5
1376479473,30,4
1376479537,30,4
1376479582,30,4
1376479656,30,5
1376479712,30,5
1376479768,30,5
1376479840,31,4
1376479961,31,4
1376480015,31,4
1376480066,32,3
1376480187,31,4
1376480320,31,4
1376480384,31,4
1376480473,32,3
1376480675,32,3
1376480739,32,3
1376481044,31,4
1376481094,31,4
1376481236,32,3
1376481404,32,3
1376481449,32,3
1376481759,32,3
1376481804,32,3
1376481854,33,2
1376482121,33,2
1376482160,33,2
1376482476,33,2
1376482515,33,2
1376482831,33,2
1376482870,33,2
1376483201,33,2
1376483225,33,2
1376483560,33,2
1376483580,33,2
1376483922,33,2
1376483936,33,2
1376484277,33,2
1376484291,33,2
1376484361,31,4
1376484582,31,4
1376484632,31,4
1376484646,31,4
1376484938,31,4
1376485001,30,5
1376485292,30,5
1376485355,30,5
1376485660,30,5
1376485709,30,5
1376486020,30,5
1376486064,30,5
1376486320,30,5
1376486380,31,4
1376486418,31,4
1376486735,31,4
1376486772,31,4
1376487103,31,4
1376487127,31,4
1376487462,31,4
1376487482,31,4
1376487659,30,5
1376487823,30,5
1376487880,31,4
1376488177,31,4
1376488191,31,4
1376488482,31,4
1376488531,31,4
1376488545,31,4
1376488674,30,5
1376488837,30,5
1376488900,30,5
1376489190,30,5
1376489254,30,5
1376489563,30,5
1376489609,30,5
1376489919,30,5
1376489963,30,5
1376490279,31,4
1376490318,30,5
1376490401,31,4
1376490634,31,4
1376490672,31,4
1376491002,31,4
1376491026,31,4
1376491198,30,5
1376491360,30,5
1376491380,30,5
1376491721,30,5
1376491735,30,5
1376492076,30,5
1376492090,30,5
1376492380,30,5
1376492443,31,4
1376492444,31,4
1376492668,30,5
1376492735,30,5
1376492798,30,5
1376493103,30,5
1376493153,30,5
1376493297,31,4
1376493463,31,4
1376493507,31,4
1376493824,30,5
1376493862,29,6
1376494178,29,6
1376494216,29,6
1376494533,29,6
1376494572,29,6
1376494902,29,6
1376494926,29,6
1376495261,29,6
1376495282,29,6
1376495502,28,7
1376495621,28,7
1376495682,28,7
1376495684,27,8
1376495863,27,8
1376495893,28,7
1376495977,28,7
1376495991,28,7
1376496282,29,6
1376496344,29,6
1376496345,29,6
1376496440,29,6
1376496522,29,6
1376496637,29,6
1376496673,28,8
1376496735,29,7
1376496812,28,8
1376496978,26,10
1376497330,27,9
1376497934,27,9
1376498538,27,9
1376498698,28,8
1376498851,26,10
1376499454,26,10
1376499511,26,10
1376499562,24,12
1376499621,24,12
1376499652,24,12
1376499779,23,13
1376500106,22,14
1376500341,20,16
1376500464,21,15
1376500899,22,14
1376500909,23,13
1376500978,24,12
1376501544,25,11
1376502148,25,11
1376502618,24,12
1376502703,24,11
1376502714,26,10
1376502972,25,11
1376503304,25,11
1376503313,26,10
1376503479,27,9
1376504023,27,9
1376504026,26,10
1376504633,26,10
1376505077,25,11
1376505263,24,12
1376505872,24,12
1376505934,25,11
1376506004,25,10
1376506038,25,11
1376506113,24,12
1376506243,23,13
1376506252,23,13
1376506514,22,14
1376506585,21,15
1376507189,21,15
1376507619,23,13
1376508214,24,12
1376508818,24,12
1376508849,25,11
1376509452,25,11
1376509635,26,10
1376509893,25,11
1376509914,24,12
1376509976,25,11
1376510615,26,10
1376510645,27,9
1376511249,27,9
1376511854,27,9
1376512457,27,9
1376513061,27,9
1376513665,27,9
1376514269,27,9
1376514872,27,9
1376515477,27,9
1376515681,28,8
1376515814,28,8
1376515949,28,8
1376516039,28,8
1376516643,28,8
1376517246,28,8
1376517850,28,8
1376518141,27,9
1376518745,27,9
1376519348,27,9
1376519809,26,10
1376520056,25,11
1376520659,25,11
1376521263,25,11
1376521591,24,12
1376521607,24,12
1376521768,25,11
1376522372,25,11
1376522976,25,11
1376523139,24,12
1376523743,24,12
1376524348,24,12
1376524951,24,12
1376525555,24,12
1376526159,24,12
1376526763,24,12
1376527363,24,12
1376527448,24,12
1376527507,24,12
1376527595,24,12
1376527652,24,12
1376527680,25,11
1376527770,24,12
1376527830,25,11
1376527893,26,10
1376528173,24,12
1376528240,24,12
1376528268,25,11
1376528374,25,11
1376528423,26,10
1376528565,26,10
1376528638,26,10
1376528731,27,9
1376529171,26,10
1376529774,26,10
1376530378,26,10
1376531140,26,10
1376531255,26,10
1376531860,26,10
1376532463,26,10
1376533067,26,10
1376533655,25,11
1376534259,25,11
1376534862,25,11
1376535466,25,11
1376536070,25,11
1376536674,25,11
1376537278,25,11
1376537882,25,11
1376538485,25,11
1376539089,25,11
1376539693,25,11
1376540297,25,11
1376540901,25,11
1376541505,25,11
1376542108,25,11
1376542712,25,11
1376543316,25,11
1376543919,25,11
1376544523,25,11
1376545127,25,11
1376545731,25,11
1376546334,25,11
1376546938,25,11
1376547542,25,11
1376548146,25,11
1376548750,25,11
1376549354,25,11
1376549944,26,10
1376550547,26,10
1376551151,26,10
1376551416,26,10
1376551427,27,9
1376551587,26,10
1376551782,26,10
1376551874,26,10
1376551917,27,9
1376552521,27,9
1376552975,27,9
1376553012,28,8
1376553179,29,7
1376553456,29,7
1376553484,29,7
1376553565,29,7
1376553601,30,6
1376553812,29,7
1376554416,29,7
1376555020,29,7
1376555624,29,7
1376556227,29,7
1376556831,29,7
1376557435,29,7
1376557659,29,7
1376557678,29,7
1376557840,29,7
1376557896,30,6
1376558013,31,5
1376558025,31,5
1376558191,31,5
1376558237,32,4
1376558357,33,3
1376558961,33,3
1376559107,32,4
1376559711,32,4
1376560046,34,2
1376560650,34,2
1376561254,34,2
1376561859,34,2
1376561900,33,3
1376562032,33,3
1376562048,34,2
1376562495,35,1
1376562530,34,2
1376563134,34,2
1376563738,34,2
1376564342,34,2
1376564495,35,1
1376564916,35,1
1376564942,36,0
1376565012,35,1
1376565615,35,1
1376566219,35,1
1376566823,35,1
1376567427,35,1
1376568030,35,1
1376568117,34,2
1376568443,33,3
1376568902,34,2
1376569506,34,2
1376569718,33,3
1376570322,33,3
1376570353,33,3
1376570394,34,2
1376570615,34,2
1376570656,35,1
1376570987,34,2
1376571591,34,2
1376571924,33,3
1376572216,32,4
1376572584,31,5
1376572659,31,5
1376572747,31,5
1376573362,32,4
1376573574,33,3
1376573980,33,3
1376573983,32,4
1376574094,30,5
1376574112,30,6
1376574325,32,4
1376574516,33,3
1376575120,33,3
1376575724,33,3
1376576113,31,5
1376576717,31,5
1376577327,31,5
1376577451,29,7
1376578055,29,7
1376578410,29,7
1376578446,30,6
1376578748,31,5
1376578866,33,3
1376579470,33,3
1376579776,32,4
1376580365,32,4
1376580431,32,4
1376580891,31,5
1376581101,32,4
1376581165,32,4
1376581410,32,4
1376581425,32,3
1376581941,32,3
1376582008,32,3
1376582068,30,5
1376582104,31,4
1376582176,30,5
1376582398,31,4
1376582486,31,4
1376582554,31,4
1376582586,32,3
1376583190,32,4
1376583267,30,6
1376583871,30,6
1376584475,30,6
1376584741,29,7
1376585317,29,7
1376585326,30,6
1376585617,29,7
1376586221,29,7
1376586446,30,6
1376586499,30,6
1376586877,27,9
1376586936,27,9
1376587278,26,10
1376587435,25,11
1376587699,24,12
1376588303,24,12
1376588697,23,13
1376589301,23,13
1376589905,23,13
1376589996,24,12
1376590601,24,12
1376590706,23,13
1376591310,23,13
1376591756,24,12
1376591861,23,13
1376591913,24,12
1376591949,25,11
1376592270,23,13
1376592320,22,14
1376592376,21,15
1376592880,21,15
1376592890,22,14
1376593406,20,16
1376593572,19,17
1376593925,18,18
1376594262,18,18
1376594271,19,17
1376594875,19,17
1376595479,19,17
1376596083,19,17
1376596687,19,17
1376597290,19,17
1376597894,19,17
1376598498,19,17
1376598530,18,18
1376598931,19,17
1376599535,19,17
1376600138,19,17
1376600742,19,17
1376601346,19,17
1376601950,19,17
1376602553,19,17
1376603484,19,17
1376603608,20,16
1376604212,20,16
1376604815,20,16
1376605419,20,16
1376605653,19,17
1376606097,20,16
1376606701,20,16
1376607305,20,16
1376607908,20,16
1376608512,20,16
1376608738,21,15
1376609342,21,15
1376609946,21,15
1376609987,20,16
1376610340,20,16
1376610348,21,15
1376610588,21,15
1376610700,21,15
1376610762,21,15
1376610807,22,14
1376611411,22,14
1376612015,22,14
1376612619,22,14
1376613134,21,15
1376613737,21,15
1376614341,21,15
1376614945,21,15
1376615548,21,15
1376616152,21,15
1376616756,21,15
1376617543,21,15
1376618147,21,15
1376618751,21,15
1376619355,21,15
1376619959,21,15
1376620562,21,15
1376621166,21,15
1376621770,21,15
1376622374,21,15
1376622977,21,15
1376623581,21,15
1376624185,21,15
1376624790,21,15
1376625393,21,15
1376625997,21,15
1376626601,21,15
1376627205,21,15
1376627808,21,15
1376628412,21,15
1376629016,21,15
1376629620,21,15
1376629738,22,14
1376630342,22,14
1376630946,22,14
1376631550,22,14
1376632153,22,14
1376632643,21,15
1376633247,21,15
1376633799,22,14
1376634402,22,14
1376634845,21,15
1376635469,22,14
1376635902,22,14
1376635904,23,13
1376636508,23,13
1376637112,23,13
1376637179,24,12
1376637361,25,11
1376637902,26,10
1376638220,27,9
1376638477,28,8
1376638515,30,6
1376638547,31,5
1376638661,31,5
1376638720,31,5
1376638758,32,4
1376639363,32,4
1376639627,32,4
1376639733,29,7
1376639755,30,6
1376640360,30,6
1376640713,31,5
1376641318,31,5
1376641667,30,6
1376641779,31,5
1376642384,31,5
1376642793,32,4
1376643397,32,4
1376643735,31,5
1376643911,32,4
1376644281,30,6
1376644821,31,5
1376645199,30,6
1376645262,29,7
1376645265,28,8
1376645869,28,8
1376646029,28,8
1376646633,28,8
1376647236,28,8
1376647840,28,8
1376648404,27,9
1376648863,28,8
1376649099,29,7
1376649704,29,7
1376650308,29,7
1376650461,30,6
1376650706,30,6
1376650773,30,6
1376651378,30,6
1376651598,30,6
1376652037,30,6
1376652047,31,5
1376652531,29,7
1376652756,28,8
1376653359,28,8
1376653673,29,7
1376654181,28,8
1376654781,27,9
1376654912,27,9
1376654967,28,8
1376655571,28,8
1376655812,29,7
1376656416,29,7
1376656564,28,8
1376657168,28,8
1376657671,29,7
1376658276,29,7
1376658763,29,7
1376658774,30,6
1376659378,30,6
1376659982,30,6
1376660198,30,5
1376660217,31,4
1376660703,32,3
1376660935,31,4
1376661539,31,5
1376662039,31,5
1376662124,31,5
1376662149,32,4
1376662302,32,4
1376662357,33,3
1376662412,33,3
1376662478,33,3
1376662487,34,2
1376662773,33,3
1376662935,32,4
1376663539,32,4
1376663787,32,4
1376663826,33,3
1376664037,32,4
1376664158,32,4
1376664224,31,5
1376664513,30,6
1376664532,29,7
1376665136,29,7
1376665243,29,7
1376665266,31,5
1376665870,31,5
1376666474,31,5
1376666656,30,6
1376666970,31,5
1376667446,30,6
1376667625,31,5
1376668229,31,5
1376668832,31,5
1376669139,29,7
1376669323,29,7
1376669364,30,6
1376669801,29,7
1376669804,30,6
1376670101,31,5
1376670416,30,6
1376670744,29,7
1376670954,28,8
1376671313,29,7
1376671395,28,8
1376671601,29,7
1376671716,30,6
1376671952,29,7
1376672024,28,8
1376672040,28,8
1376672323,27,9
1376672724,26,10
1376673328,26,10
1376673634,27,9
1376674118,28,8
1376674178,29,7
1376674214,31,5
1376674706,30,6
1376675311,30,6
1376675755,29,7
1376676360,29,7
1376676963,29,7
1376677347,28,8
1376677951,28,8
1376678552,29,7
1376678797,29,7
1376678849,31,5
1376679212,30,6
1376679622,31,5
1376680227,31,5
1376680830,31,5
1376681164,32,4
1376681769,32,4
1376681927,31,5
1376682554,32,4
1376683157,32,4
1376683761,32,4
1376683959,31,5
1376684563,31,5
1376684857,31,5
1376684909,31,5
1376684982,32,4
1376685058,31,5
1376685662,31,5
1376685763,30,6
1376686367,30,6
1376686971,30,6
1376687491,31,5
1376688095,31,5
1376688699,31,5
1376689303,31,5
1376689906,31,5
1376690510,31,5
1376691114,31,5
1376691718,31,5
1376692321,31,5
1376692469,32,4
1376693072,32,4
1376693676,32,4
1376694054,31,5
1376694658,31,5
1376695262,31,5
1376695865,31,5
1376696469,31,5
1376697073,31,5
1376697676,31,5
1376698280,31,5
1376698884,31,5
1376699488,31,5
1376700092,31,5
1376700696,31,5
1376701300,31,5
1376701903,31,5
1376702507,31,5
1376703111,31,5
1376703715,31,5
1376703937,31,5
1376704050,31,5
1376704654,31,5
1376705257,31,5
1376705861,31,5
1376706465,31,5
1376707069,31,5
1376707673,31,5
1376708276,31,5
1376708880,31,5
1376709484,31,5
1376710088,31,5
1376710691,31,5
1376711295,31,5
1376711899,31,5
1376712503,31,5
1376713107,31,5
1376713711,31,5
1376714315,31,5
1376714918,31,5
1376715522,31,5
1376716126,31,5
1376716730,31,5
1376717334,31,5
1376717937,31,5
1376718121,30,6
1376718725,30,6
1376719067,29,7
1376719518,30,6
1376719574,30,6
1376720177,30,6
1376720781,30,6
1376720958,29,7
1376721562,29,7
1376722166,29,7
1376722770,29,7
1376723254,30,6
1376723857,30,6
1376724461,30,6
1376725066,30,6
1376725170,29,7
1376725536,29,7
1376725586,29,7
1376725641,30,6
1376725700,31,5
1376725780,32,4
1376725950,32,4
1376726022,33,3
1376726046,33,3
1376726255,32,4
1376726497,33,3
1376727102,33,3
1376727745,34,2
1376727914,33,3
1376728519,33,3
1376729092,32,4
1376729346,32,4
1376729395,33,3
1376730000,33,3
1376730610,33,3
1376731101,33,3
1376731143,34,2
1376731423,34,2
1376731425,33,3
1376732029,33,3
1376732504,32,4
1376732556,32,4
1376732615,32,4
1376732629,33,3
1376733097,34,2
1376733689,33,3
1376734101,34,2
1376734261,33,3
1376734337,33,3
1376734738,34,2
1376734956,35,1
1376735328,34,2
1376735670,34,2
1376735735,34,2
1376735754,34,2
1376736080,32,4
1376736700,33,3
1376737305,33,3
1376737908,33,3
1376738512,33,3
1376738684,33,3
1376738687,34,2
1376739291,34,2
1376739895,34,2
1376739999,35,1
1376740603,35,1
1376741206,35,1
1376741374,36,0
1376741978,36,0
1376742429,35,1
1376742912,34,2
1376743516,34,2
1376743782,35,1
1376743785,36,0
1376743945,35,1
1376744549,35,1
1376744743,36,0
1376745322,35,1
1376745606,35,1
1376745700,36,0
1376746303,36,0
1376746962,35,1
1376747566,35,1
1376747662,34,2
1376747905,33,3
1376748247,34,2
1376748852,34,2
1376749455,34,2
1376749680,33,3
1376749734,33,3
1376749833,34,2
1376749940,33,3
1376750243,33,3
1376750279,34,2
1376750884,34,2
1376751487,34,2
1376751908,35,1
1376752511,35,1
1376752594,34,2
1376753197,34,2
1376753801,34,2
1376754405,34,2
1376755009,34,2
1376755612,34,2
1376756054,33,3
1376756100,33,3
1376756479,34,2
1376757084,34,2
1376757383,35,1
1376757986,35,1
1376758590,35,1
1376758653,34,2
1376758738,33,3
1376759247,32,4
1376759276,33,3
1376759511,32,4
1376759629,31,5
1376759943,32,4
1376760037,34,2
1376760379,35,1
1376760566,36,0
1376761170,36,0
1376761774,36,0
1376762372,35,1
1376762460,36,0
1376763064,36,0
1376763674,36,0
1376764278,36,0
1376764881,36,0
1376765485,36,0
1376766089,36,0
1376766694,36,0
1376767298,36,0
1376767901,36,0
1376768505,36,0
1376769109,36,0
1376769713,36,0
1376770316,36,0
1376770920,36,0
1376771524,36,0
1376772128,36,0
1376772732,36,0
1376772860,34,2
1376773465,34,2
1376774069,34,2
1376774672,34,2
1376774889,33,3
1376774952,31,5
1376775030,30,6
1376775635,30,6
1376776055,31,5
1376776659,31,5
1376777262,31,5
1376777866,31,5
1376778470,31,5
1376779074,31,5
1376779677,31,5
1376780281,31,5
1376780658,30,6
1376781261,30,6
1376781865,30,6
1376782469,30,6
1376782793,29,7
1376782964,29,7
1376783012,29,7
1376783073,29,7
1376783114,29,7
1376783200,29,7
1376783211,29,7
1376783320,29,7
1376783365,29,7
1376783460,29,7
1376783561,29,7
1376784165,29,7
1376784769,29,7
1376785372,29,7
1376785976,29,7
1376786580,29,7
1376787184,29,7
1376787788,29,7
1376788719,29,7
1376789323,29,7
1376789927,29,7
1376790342,29,7
1376790347,29,7
1376790951,29,7
1376791554,29,7
1376792158,29,7
1376792762,29,7
1376793366,29,7
1376793969,29,7
1376794574,29,7
1376795177,29,7
1376795781,29,7
1376796254,30,6
1376796858,30,6
1376797461,30,6
1376798065,30,6
1376798669,30,6
1376799273,30,6
1376799877,30,6
1376800481,30,6
1376801085,30,6
1376801689,30,6
1376802292,30,6
1376802896,30,6
1376803500,30,6
1376804103,30,6
1376804707,30,6
1376805311,30,6
1376805915,30,6
1376806519,30,6
1376807122,30,6
1376807726,30,6
1376808330,30,6
1376808934,30,6
1376809537,30,6
1376810141,30,6
1376810175,29,7
1376810779,29,7
1376811383,29,7
1376811987,29,7
1376812591,29,7
1376813121,30,6
1376813443,31,5
1376813498,32,4
1376813536,33,3
1376814037,32,4
1376814071,33,3
1376814164,33,3
1376814194,34,2
1376814798,34,2
1376815332,33,3
1376815828,34,2
1376816431,34,2
1376817035,34,2
1376817639,34,2
1376818243,34,2
1376818785,34,2
1376818897,34,2
1376819400,35,1
1376819962,35,1
1376820138,34,2
1376820742,34,2
1376821346,34,2
1376821422,35,1
1376822027,35,1
1376822630,35,1
1376823158,34,2
1376823189,34,2
1376823681,33,3
1376823974,32,4
1376824102,34,2
1376824706,34,2
1376824908,33,3
1376825384,33,3
1376825386,34,2
1376825990,34,2
1376826105,34,2
1376826158,34,2
1376826762,34,2
1376827366,34,2
1376827640,33,3
1376828245,33,3
1376828848,33,3
1376829452,33,3
1376829641,33,3
1376829675,35,1
1376830279,35,1
1376830781,35,1
1376830790,36,0
1376831141,35,1
1376831746,35,1
1376832349,35,1
1376832953,35,1
