1376208648,22,13
1376208814,21,14
1376209417,21,14
1376209772,20,15
1376209921,20,15
1376209976,21,14
1376210250,20,15
1376210857,20,15
1376211462,20,15
1376212065,20,15
1376212353,19,16
1376212654,20,15
1376213257,20,15
1376213861,20,15
1376214465,20,15
1376214665,19,16
1376215269,19,16
1376215784,18,17
1376216388,18,17
1376216613,18,17
1376216643,19,16
1376216703,18,17
1376216779,17,18
1376217383,17,18
1376217609,15,20
1376217667,14,21
1376217997,15,20
1376218013,14,21
1376218113,15,20
1376218184,15,20
1376218238,15,19
1376218387,13,21
1376218476,13,21
1376218530,15,19
1376219133,15,20
1376219200,14,21
1376219210,14,21
1376219676,14,21
1376219688,15,20
1376220155,16,19
1376220758,16,19
1376221362,16,19
1376221833,15,20
1376222438,15,20
1376222900,14,21
1376223162,14,21
1376223196,15,20
1376223303,16,19
1376223908,16,19
1376224512,16,19
1376225096,15,20
1376225570,14,21
1376226174,14,21
1376226778,14,21
1376227382,14,21
1376227441,15,20
1376228085,14,21
1376228094,14,21
1376228196,14,21
1376228217,15,20
1376228821,15,20
1376229425,15,20
1376230028,15,20
1376230444,16,19
1376231048,16,19
1376231178,17,18
1376231782,17,18
1376232386,17,18
1376232991,17,18
1376233155,16,19
1376233759,16,19
1376234363,16,19
1376234526,16,19
1376234620,17,18
1376235224,17,18
1376235757,16,19
1376236361,16,19
1376236423,17,18
1376236436,16,19
1376236777,17,18
1376236807,18,17
1376236964,18,17
1376236974,19,16
1376237343,20,15
1376237946,20,15
1376238399,21,14
1376238461,21,14
1376238515,22,13
1376238526,23,12
1376238749,24,11
1376239353,24,11
1376239463,23,12
1376239677,22,13
1376239783,23,12
1376239842,23,11
1376239868,23,11
1376240141,23,11
1376240150,24,10
1376240312,25,9
1376240915,25,10
1376241074,23,12
1376241678,23,12
1376242030,24,11
1376242234,24,11
1376242246,25,10
1376242849,25,10
1376243073,24,11
1376243678,24,11
1376243837,23,12
1376243869,22,13
1376244142,24,11
1376244517,25,10
1376244756,26,9
1376244865,26,9
1376244896,26,9
1376244966,27,8
1376245570,27,8
1376245719,30,5
1376245741,30,5
1376246345,30,5
1376246549,31,4
1376246601,30,5
1376247204,30,5
1376247335,31,4
1376247363,32,3
1376247420,32,3
1376247522,32,2
1376247526,31,3
1376247814,31,3
1376247870,32,2
1376247919,31,3
1376248522,31,4
1376248660,30,5
1376248723,30,5
1376249326,30,5
1376249930,30,5
1376250533,30,5
1376250641,31,4
1376250720,31,4
1376250851,31,4
1376250913,31,4
1376250959,32,3
1376251010,31,4
1376251478,31,3
1376251599,31,3
1376251721,32,3
1376251767,31,4
1376251828,31,4
1376251903,31,4
1376251905,32,3
1376252004,31,4
1376252442,31,4
1376252498,31,4
1376252524,32,3
1376252618,32,3
1376252678,32,3
1376252731,32,3
1376252806,32,3
1376252883,33,2
1376252927,32,3
1376253531,32,3
1376254134,32,3
1376254661,33,2
1376254665,32,3
1376255268,32,3
1376255871,32,3
1376256475,32,3
1376257079,32,3
1376257718,30,5
1376258322,30,5
1376258925,30,5
1376259529,30,5
1376260132,30,5
1376260736,30,5
1376261340,30,5
1376261857,31,4
1376261867,32,3
1376262471,32,3
1376263074,32,3
1376263678,32,3
1376264281,32,3
1376264699,32,3
1376264759,32,3
1376264841,32,3
1376264902,33,2
1376265505,33,2
1376266109,33,2
1376266713,33,2
1376267316,33,2
1376267920,33,2
1376268523,33,2
1376269127,33,2
1376269730,33,2
1376270334,33,2
1376270937,33,2
1376271541,33,2
1376272161,33,2
1376272765,33,2
1376273369,33,2
1376273972,33,2
1376274576,33,2
1376275179,33,2
1376275783,33,2
1376276386,33,2
1376276990,33,2
1376277593,33,2
1376278197,33,2
1376278800,33,2
1376279404,33,2
1376280008,33,2
1376280611,33,2
1376281215,33,2
1376281818,33,2
1376282421,33,2
1376283025,33,2
1376283629,33,2
1376284232,33,2
1376284399,32,3
1376285002,32,3
1376285046,33,2
1376285649,33,2
1376286252,33,2
1376286856,33,2
1376287459,33,2
1376288063,33,2
1376288666,33,2
1376288784,32,3
1376288916,31,4
1376288975,29,6
1376289579,29,6
1376289680,30,5
1376289725,31,4
1376289883,32,3
1376289904,33,2
1376290371,32,3
1376290609,31,4
1376290818,30,5
1376291185,29,6
1376291225,29,6
1376291318,30,5
1376291602,29,6
1376291742,28,7
1376292346,28,7
1376292694,27,8
1376293087,28,7
1376293691,28,7
1376294043,29,6
1376294094,30,5
1376294698,30,5
1376295302,30,5
1376295546,29,6
1376295729,30,5
1376295995,29,6
1376296086,28,7
1376296654,29,6
1376296968,29,6
1376297070,30,5
1376297185,30,5
1376297233,31,4
1376297837,31,4
1376298440,31,4
1376299044,31,4
1376299648,31,4
1376300251,31,4
1376300279,32,3
1376300346,33,2
1376300950,33,2
1376301553,33,2
1376302157,33,2
1376302760,33,2
1376303364,33,2
1376303967,33,2
1376304570,33,2
1376305174,33,2
1376305777,33,2
1376306382,33,2
1376306782,32,3
1376307386,32,3
1376307453,31,4
1376307469,30,5
1376307629,29,6
1376308232,29,6
1376308621,30,5
1376308664,30,5
1376308767,32,3
1376308784,32,3
1376309078,32,3
1376309472,33,2
1376310075,33,2
1376310679,33,2
1376311094,33,2
1376311168,33,2
1376311229,33,1
1376311262,34,0
1376311865,34,1
1376312468,34,1
1376312861,32,3
1376313465,32,3
1376313597,33,2
1376314201,33,2
1376314804,33,2
1376315416,32,3
1376315499,33,2
1376315863,32,3
1376316140,32,2
1376316185,33,1
1376316789,33,2
1376317079,32,3
1376317272,31,4
1376317372,30,5
1376317976,30,5
1376318114,29,6
1376318496,30,5
1376319100,30,5
1376319215,31,4
1376319358,32,3
1376319523,32,3
1376319581,33,2
1376319591,34,1
1376319691,34,1
1376319734,34,0
1376319797,34,0
1376319864,34,0
1376319903,34,0
1376320114,33,1
1376320719,33,2
1376321382,32,3
1376321415,31,4
1376322018,31,4
1376322296,31,4
1376322382,31,4
1376322454,32,3
1376322523,32,3
1376322566,32,2
1376322641,33,2
1376322689,34,1
1376322727,34,1
1376322810,35,0
1376323414,35,0
1376324019,35,0
1376324622,35,0
1376324698,34,1
1376325214,33,2
1376325817,33,2
1376326421,33,2
1376327024,33,2
1376327628,33,2
1376328232,33,2
1376328835,33,2
1376329194,32,3
1376329345,31,4
1376329412,31,4
1376329464,31,4
1376329505,32,3
1376330109,32,3
1376330406,29,6
1376330503,29,6
1376330520,30,5
1376331077,31,4
1376331681,31,4
1376332285,31,4
1376332841,31,4
1376332845,30,5
1376332936,29,6
1376333076,29,6
1376333437,29,6
1376333446,30,5
1376333981,31,4
1376334104,32,3
1376334162,33,2
1376334165,35,0
1376334769,35,0
1376335000,34,1
1376335051,34,1
1376335294,35,0
1376335898,35,0
1376336501,35,0
1376337105,35,0
1376337708,35,0
1376338312,35,0
1376338418,34,1
1376338428,33,2
1376339031,33,2
1376339312,35,0
1376339915,35,0
1376340519,35,0
1376341122,35,0
1376341726,35,0
1376342319,33,2
1376342922,33,2
1376343526,33,2
1376344129,33,2
1376344732,33,2
1376345336,33,2
1376345940,33,2
1376346543,33,2
1376347147,33,2
1376347749,33,2
1376348353,33,2
1376348440,31,4
1376349043,31,4
1376349646,31,4
1376350250,31,4
1376350854,31,4
1376351457,31,4
1376352102,31,4
1376352112,32,3
1376352631,33,2
1376352681,34,1
1376353285,34,1
1376353889,34,1
1376354492,34,1
1376355096,34,1
1376355699,34,1
1376356303,34,1
1376356906,34,1
1376357510,34,1
1376358114,34,1
1376358641,34,1
1376358647,34,1
1376359250,34,1
1376359854,34,1
1376360457,34,1
1376360887,33,2
1376361490,33,2
1376362094,33,2
1376362697,33,2
1376363301,33,2
1376363904,33,2
1376364508,33,2
1376365111,33,2
1376365715,33,2
1376366318,33,2
1376366922,33,2
1376367525,33,2
1376368129,33,2
1376368282,34,1
1376368358,34,1
1376368368,35,0
1376368457,34,1
1376369060,34,1
1376369663,34,1
1376370267,34,1
1376370871,34,1
1376371445,33,2
1376371924,32,3
1376372443,32,3
1376372446,33,2
1376373049,33,2
1376373653,33,2
1376374256,33,2
1376374860,33,2
1376375270,32,3
1376375846,33,2
1376375915,33,2
1376375943,34,1
1376376441,33,2
1376376851,32,3
1376376990,30,5
1376377195,29,6
1376377434,30,5
1376377540,30,5
1376377602,30,5
1376377639,30,5
1376377695,30,5
1376377827,29,6
1376377864,28,7
1376377987,27,8
1376378590,26,9
1376379193,26,9
1376379445,25,10
1376379575,24,11
1376380179,24,11
1376380397,23,12
1376381001,23,12
1376381192,22,13
1376381259,22,13
1376381301,23,12
1376381905,23,12
1376382508,23,12
1376382853,24,11
1376382989,25,10
1376383592,25,10
1376384068,25,10
1376384130,25,10
1376384276,26,9
1376384482,27,8
1376385085,27,8
1376385689,27,8
1376385759,26,9
1376386058,26,9
1376386085,25,10
1376386202,24,11
1376386363,24,11
1376386388,26,9
1376386449,24,11
1376386570,23,12
1376386722,23,12
1376386725,24,11
1376386895,24,11
1376386913,26,9
1376387415,25,10
1376387718,24,11
1376387858,23,12
1376387983,23,12
1376387993,24,11
1376388556,25,10
1376389073,24,11
1376389464,24,11
1376390037,23,12
1376390346,21,14
1376390778,21,14
1376390822,22,13
1376390914,22,13
1376390933,24,11
1376391537,24,11
1376391911,25,10
1376392153,26,9
1376392435,25,10
1376392897,26,9
1376393020,28,7
1376393069,29,6
1376393672,29,6
1376394042,30,5
1376394646,30,5
1376394954,30,5
1376395019,31,4
1376395183,30,5
1376395827,29,6
1376396431,29,6
1376397034,29,6
1376397637,29,6
1376397670,28,7
1376398181,28,7
1376398242,28,7
1376398292,29,6
1376398330,30,5
1376398934,30,5
1376399537,30,5
1376400141,30,5
1376400744,30,5
1376401076,29,6
1376401491,28,7
1376402095,28,7
1376402203,28,7
1376402206,27,8
1376402809,27,8
1376403413,27,8
1376403925,27,8
1376403975,28,7
1376404064,28,7
1376404165,28,7
1376404740,29,6
1376405158,28,7
1376405637,27,8
1376405754,26,9
1376406041,27,8
1376406699,26,9
1376406750,25,10
1376406848,26,9
1376407451,26,9
1376407583,27,8
1376407616,28,7
1376407875,29,6
1376408203,27,8
1376408337,26,9
1376408390,25,10
1376408666,24,11
1376409140,22,13
1376409273,23,12
1376409340,21,14
1376409389,21,14
1376409412,21,14
1376409504,22,13
1376409618,23,12
1376410221,23,12
1376410813,24,11
1376410903,23,12
1376410905,24,11
1376411175,23,12
1376411237,22,13
1376411425,23,12
1376411716,24,11
1376411833,25,10
1376412134,26,9
1376412569,25,10
1376412845,26,9
1376412962,27,8
1376413104,28,7
1376413363,28,7
1376413523,27,8
1376413570,29,6
1376414174,29,6
1376414293,28,6
1376414348,28,7
1376414739,29,6
1376414774,32,3
1376415377,32,3
1376415981,32,3
1376416122,32,3
1376416125,31,4
1376416263,32,3
1376416543,32,3
1376416554,33,2
1376416683,34,1
1376416833,33,2
1376416958,34,1
1376416978,33,2
1376417581,33,2
1376417921,33,2
1376417924,34,1
1376418527,34,1
1376418691,34,1
1376418855,34,1
1376419339,33,2
1376419943,33,2
1376420114,34,1
1376420717,34,1
1376421321,34,1
1376421692,34,0
1376422295,34,1
1376422899,34,1
1376423502,34,1
1376424106,34,1
1376424709,34,1
1376425418,34,1
1376426022,34,1
1376426383,33,2
1376426411,33,2
1376426651,32,3
1376426707,31,4
1376427311,31,4
1376427702,31,4
1376427734,32,3
1376427813,33,2
1376428417,33,2
1376429020,33,2
1376429624,33,2
1376430227,33,2
1376430831,33,2
1376430920,34,1
1376431524,34,1
1376432127,34,1
1376432731,34,1
1376433334,34,1
1376433937,34,1
1376434179,34,0
1376434188,35,0
1376434791,35,0
1376435106,34,1
1376435710,34,1
1376436160,34,1
1376436389,35,0
1376436993,35,0
1376437596,35,0
1376438199,35,0
1376438803,35,0
1376439407,35,0
1376440010,35,0
1376440613,35,0
1376441217,35,0
1376441821,35,0
1376442424,35,0
1376443028,35,0
1376443631,35,0
1376444235,35,0
1376444964,35,0
1376445463,34,0
1376445487,33,2
1376446090,33,2
1376446694,33,2
1376447298,33,2
1376447901,33,2
1376448505,33,2
1376449108,33,2
1376449712,33,2
1376450136,33,2
1376450740,33,2
1376451343,33,2
1376451947,33,2
1376452550,33,2
1376453154,33,2
1376453757,33,2
1376454361,33,2
1376454964,33,2
1376455568,33,2
1376455968,32,3
1376456572,32,3
1376457175,32,3
1376457779,32,3
1376458382,32,3
1376458780,31,4
1376459353,32,3
1376459957,32,3
1376460560,32,3
1376460933,31,4
1376461537,31,4
1376462139,32,3
1376462158,32,3
1376462761,32,3
1376463088,33,2
1376463186,32,3
1376463535,31,4
1376463780,30,5
1376463912,29,6
1376464042,28,7
1376464156,27,8
1376464362,26,9
1376464372,27,8
1376464975,27,8
1376465579,27,8
1376466223,27,8
1376466234,25,10
1376466464,26,9
1376466938,26,9
1376466948,27,8
1376467058,27,8
1376467067,28,7
1376467526,27,8
1376468129,27,8
1376468733,27,8
1376469336,27,8
1376469610,26,9
1376470177,26,9
1376470189,27,8
1376470792,27,8
1376471396,27,8
1376471690,26,9
1376472294,26,9
1376472897,26,9
1376473139,27,8
1376473300,26,9
1376473904,26,9
1376474508,26,9
1376475112,26,9
1376475255,25,10
1376475858,25,10
1376476090,24,11
1376476694,24,11
1376477103,25,10
1376477489,26,9
1376477560,26,9
1376477572,27,8
1376477857,26,9
1376477922,26,9
1376477925,27,8
1376478479,26,9
1376478735,26,9
1376478786,27,8
1376479390,27,8
1376479994,27,8
1376480597,27,8
1376480823,26,9
1376481278,25,10
1376481318,25,10
1376481376,25,10
1376481442,26,9
1376482045,26,9
1376482649,26,9
1376483252,26,9
1376483314,25,10
1376483388,24,11
1376483541,25,10
1376483823,24,11
1376483874,23,12
1376483941,22,13
1376484307,23,12
1376484823,23,12
1376484825,24,11
1376485429,24,11
1376486033,24,11
1376486636,24,11
1376486801,25,10
1376486807,26,9
1376486876,25,10
1376486929,24,11
1376487100,23,12
1376487223,23,12
1376487281,25,10
1376487307,25,10
1376487566,24,11
1376488169,24,11
1376488622,23,12
1376489097,22,13
1376489700,22,13
1376490304,22,13
1376490575,23,12
1376490814,24,11
1376491235,23,12
1376491244,23,12
1376491353,22,13
1376491611,21,14
1376492214,21,14
1376492376,20,15
1376492538,19,16
1376493141,19,16
1376493200,20,15
1376493277,21,14
1376493881,21,14
1376494117,20,15
1376494133,19,16
1376494291,20,15
1376494476,19,16
1376494521,20,15
1376494767,20,15
1376494822,20,15
1376495079,19,16
1376495422,19,16
1376495453,20,15
1376495647,21,14
1376496105,21,14
1376496116,21,14
1376496222,21,14
1376496275,22,13
1376496329,23,12
1376496583,23,12
1376496586,24,11
1376496933,22,13
1376497255,21,14
1376497535,20,15
1376497600,19,16
1376497717,19,16
1376497748,20,15
1376497801,21,14
1376497901,19,16
1376498246,20,15
1376498274,19,16
1376498783,18,17
1376498962,19,16
1376499565,19,16
1376499625,20,15
1376499819,20,15
1376499829,21,14
1376500417,20,15
1376500890,20,15
1376500921,22,13
1376501083,22,13
1376501087,21,14
1376501621,21,14
1376501631,22,13
1376501916,21,14
1376502318,22,13
1376502614,21,14
1376503043,20,15
1376503410,21,14
1376503577,22,13
1376504784,22,13
1376505388,22,13
1376505991,22,13
1376506595,22,13
1376506956,22,13
1376506970,23,12
1376507573,23,12
1376508177,23,12
1376508458,22,13
1376508860,21,14
1376509023,22,13
1376509202,23,12
1376509795,24,11
1376510398,24,11
1376510466,25,10
1376511070,25,10
1376511301,24,11
1376511905,24,11
1376512508,24,11
1376512654,25,10
1376513257,25,10
1376513861,25,10
1376514464,25,10
1376515068,25,10
1376515671,25,10
1376516275,25,10
1376516878,25,10
1376517220,25,10
1376517230,26,9
1376517833,26,9
1376518437,26,9
1376519040,26,9
1376519644,26,9
1376520247,26,9
1376520851,26,9
1376521454,26,9
1376521769,26,9
1376521836,27,8
1376522439,27,8
1376523043,27,8
1376523647,27,8
1376524250,27,8
1376524854,27,8
1376525412,28,7
1376526015,28,7
1376526628,28,7
1376526696,29,6
1376526746,31,4
1376527350,31,4
1376527954,31,4
1376528468,30,5
1376529071,30,5
1376529675,30,5
1376530278,30,5
1376530882,30,5
1376531082,29,5
1376531115,30,5
1376531362,28,7
1376531460,28,7
1376531645,30,5
1376532021,29,6
1376532088,29,6
1376532154,30,5
1376532273,30,5
1376532876,30,5
1376533273,31,4
1376533877,31,4
1376534480,31,4
1376535084,31,4
1376535400,29,6
1376535411,28,7
1376536015,28,7
1376536618,28,7
1376537222,28,7
1376537405,29,6
1376537461,30,5
1376538065,30,5
1376538669,30,5
1376539272,30,5
1376539875,30,5
1376540261,29,6
1376540441,28,7
1376540472,28,7
1376541076,28,7
1376541680,28,7
1376542049,27,8
1376542653,27,8
1376543256,27,8
1376543466,26,9
1376544070,26,9
1376544674,26,9
1376545278,26,9
1376545881,26,9
1376546485,26,9
1376547088,26,9
1376547339,25,10
1376547943,25,10
1376548546,25,10
1376548762,23,12
1376549366,23,12
1376549920,22,13
1376550523,22,13
1376550701,22,13
1376550704,21,14
1376551308,21,14
1376551912,21,14
1376552378,21,14
1376552388,22,13
1376552992,22,13
1376553595,22,13
1376554199,22,13
1376554802,22,13
1376554950,21,14
1376555553,21,14
1376555568,20,15
1376556172,20,15
1376556775,20,15
1376557379,20,15
1376557599,21,14
1376557703,21,14
1376558306,21,14
1376558910,21,14
1376559515,21,14
1376559754,20,15
1376560358,20,15
1376560961,20,15
1376561565,20,15
1376562168,20,15
1376562492,21,14
1376562725,22,13
1376563329,22,13
1376563510,21,14
1376564113,21,14
1376564717,21,14
1376565321,21,14
1376565925,21,14
1376566101,20,15
1376566631,19,16
1376566883,18,17
1376566925,17,18
1376567528,17,18
1376568045,16,19
1376568179,16,19
1376568325,16,19
1376568940,16,19
1376569000,14,20
1376569034,14,21
1376569118,14,21
1376569289,14,21
1376569893,14,21
1376570497,14,21
1376571100,14,21
1376571396,13,22
1376571412,12,23
1376571521,13,22
1376572126,13,22
1376572211,12,23
1376572644,13,22
1376572824,12,23
1376573378,13,22
1376573396,14,21
1376574000,14,21
1376574088,16,19
1376574692,16,19
1376575134,17,18
1376575737,17,18
1376576160,16,19
1376576336,15,20
1376576607,16,19
1376577211,16,19
1376577815,16,19
1376578420,16,19
1376579023,16,19
1376579422,14,21
1376579490,14,21
1376579531,14,21
1376579652,14,21
1376579984,14,21
1376579987,13,22
1376580636,11,24
1376581154,12,23
1376581523,13,22
1376582127,13,22
1376582176,15,20
1376582522,14,21
1376582621,14,21
1376582647,14,21
1376583252,14,21
1376583717,14,21
1376583862,13,22
1376583884,13,22
1376583956,13,22
1376584060,13,22
1376584066,14,21
1376584433,13,22
1376585037,13,22
1376585640,13,22
1376586244,13,22
1376586848,13,22
1376587483,14,21
1376587519,14,21
1376588123,14,21
1376588376,13,22
1376588969,11,24
1376589399,10,25
1376590003,10,25
1376590064,11,24
1376590667,11,24
1376591271,11,24
1376591874,11,24
1376592484,11,24
1376593081,11,24
1376593685,11,24
1376594288,11,24
1376594892,11,24
1376595094,10,25
1376595144,10,25
1376595517,8,27
1376595547,7,28
1376596075,8,27
1376596679,8,27
1376597283,8,27
1376597886,8,27
1376598098,8,27
1376598114,9,26
1376598718,9,26
1376599321,9,26
1376599925,9,26
1376600081,9,26
1376600130,11,24
1376600203,11,24
1376600236,13,22
1376600840,13,22
1376601443,13,22
1376602047,13,22
1376602650,13,22
1376603254,13,22
1376603857,13,22
1376604368,14,21
1376604971,14,21
1376605575,14,21
1376606178,14,21
1376606782,14,21
1376607386,14,21
1376607698,13,22
1376607720,13,22
1376608323,13,22
1376608927,13,22
1376609530,13,22
1376610133,13,22
1376610737,13,22
1376611340,13,22
1376611944,13,22
1376612458,14,21
1376613062,14,21
1376613666,14,21
1376614269,14,21
1376614872,14,21
1376615476,14,21
1376616080,14,21
1376616683,14,21
1376617287,14,21
1376617762,14,21
1376617805,14,21
1376618004,14,21
1376618608,14,21
1376619211,14,21
1376619448,15,20
1376620051,15,20
1376620655,15,20
1376621258,15,20
1376621862,15,20
1376622466,15,20
1376622884,16,19
1376623488,16,19
1376624091,16,19
1376624694,16,19
1376625298,16,19
1376625901,16,19
1376626261,15,20
1376626864,15,20
1376627468,15,20
1376627845,14,21
1376628449,14,21
1376629053,14,21
1376629120,13,22
1376629724,13,22
1376630117,14,21
1376630721,14,21
1376631009,14,21
1376631613,14,21
1376632216,14,21
1376632750,13,22
1376633136,14,21
1376633740,14,21
1376634343,14,21
1376634947,14,21
1376635551,14,21
1376636154,14,21
1376636379,13,22
1376636729,14,21
1376636863,14,21
1376636924,13,22
1376636927,12,23
1376637160,11,24
1376637763,11,24
1376638367,11,24
1376638971,11,24
1376639574,11,24
1376640178,11,24
1376640505,10,25
1376641109,10,25
1376641231,11,24
1376641834,11,24
1376642438,11,24
1376642798,10,25
1376642860,10,25
1376643086,10,24
1376643138,10,23
1376643580,10,23
1376643584,9,24
1376643739,8,25
1376643996,9,24
1376644600,9,25
1376645204,9,25
1376645852,10,24
1376646341,9,25
1376646945,9,25
1376647550,9,25
1376648153,9,25
1376648715,8,26
1376648748,7,27
1376648981,8,26
1376649315,9,25
1376649369,9,25
1376649510,9,25
1376649566,10,24
1376649620,11,23
1376649943,11,23
1376649975,11,23
1376650028,10,24
1376650095,10,24
1376650154,11,23
1376650394,12,22
1376650998,12,22
1376651382,13,21
1376651987,13,21
1376652590,13,21
1376653194,13,21
1376653298,13,21
1376653888,12,22
1376654455,13,21
1376654978,14,20
1376655582,14,20
1376656185,14,20
1376656374,16,18
1376656978,16,18
1376657104,16,19
1376657251,18,17
1376657855,18,17
1376658119,17,18
1376658523,15,20
1376659126,15,20
1376659321,14,21
1376659925,14,21
1376660311,12,23
1376660406,11,24
1376661010,10,25
1376661614,10,25
1376662217,10,25
1376662354,9,26
1376662828,11,24
1376662894,10,25
1376663141,9,26
1376663152,10,25
1376663322,10,25
1376663325,9,26
1376663872,8,27
1376664062,7,28
1376664464,6,29
1376664499,6,29
1376664774,5,30
1376665139,4,31
1376665420,3,32
1376665432,4,31
1376665656,5,30
1376665902,4,31
1376666562,3,32
1376666683,4,31
1376667286,4,31
1376667425,3,32
1376667862,3,32
1376667943,4,31
1376667987,6,29
1376668295,4,31
1376668715,3,32
1376668782,3,32
1376668792,4,31
1376669395,4,31
1376669564,4,31
1376669567,3,32
1376669898,4,31
1376670465,5,30
1376671069,5,30
1376671682,3,32
1376671759,2,33
1376672217,1,34
1376672647,2,33
1376673094,1,34
1376673697,1,34
1376674302,1,34
1376674906,1,34
1376675510,1,34
1376676113,1,34
1376676204,0,35
1376676808,0,35
1376677411,0,35
1376677521,2,33
1376677599,1,34
1376677612,2,33
1376677769,1,34
1376678373,1,34
1376678976,1,34
1376679386,2,33
1376679464,2,33
1376679477,3,32
1376679759,3,32
1376679768,4,31
1376680372,4,31
1376680975,4,31
1376681579,4,31
1376681744,4,31
1376681793,6,29
1376681861,6,29
1376681871,7,28
1376682474,7,28
1376683078,7,28
1376683660,8,27
1376684264,8,27
1376684672,8,27
1376684710,8,27
1376684777,8,27
1376684822,9,26
1376685426,9,26
1376686029,9,26
1376686096,10,25
1376686699,10,25
1376686991,11,24
1376687537,12,23
1376688140,12,23
1376688744,12,23
1376689348,12,23
1376689951,12,23
1376690555,12,23
1376691158,12,23
1376691762,12,23
1376692365,12,23
1376692968,12,23
1376693572,12,23
1376694176,12,23
1376694779,12,23
1376695383,12,23
1376695986,12,23
1376696590,12,23
1376697193,12,23
1376697797,12,23
1376698400,12,23
1376698960,11,24
1376699020,10,25
1376699079,10,25
1376699125,11,24
1376699185,11,24
1376699235,11,23
1376699318,11,23
1376699381,13,22
1376699406,14,21
1376700009,14,21
1376700613,14,21
1376701217,14,21
1376701320,15,20
1376701901,15,20
1376702505,15,20
1376702743,15,20
1376702746,16,19
1376703197,16,19
1376703230,17,18
1376703833,17,18
1376704170,17,18
1376704270,17,18
1376704316,17,18
1376704521,17,18
1376705125,17,18
1376705728,17,18
1376706332,17,18
1376706935,17,18
1376707539,17,18
1376708142,17,18
1376708746,17,18
1376709349,17,18
1376709953,17,18
1376710556,17,18
1376710785,17,18
1376710901,18,17
1376710944,19,16
1376711009,18,17
1376711045,19,16
1376711649,19,16
1376712252,19,16
1376712856,19,16
1376713459,19,16
1376714063,19,16
1376714666,19,16
1376714992,18,17
1376715596,18,17
1376716199,18,17
1376716803,18,17
1376717242,17,18
1376717845,17,18
1376718449,17,18
1376719053,17,18
1376719656,17,18
1376720260,17,18
1376720714,16,19
1376721316,15,20
1376721521,15,20
1376722126,15,20
1376722616,16,19
1376722713,15,20
1376722962,16,19
1376723203,16,19
1376723206,15,20
1376723810,15,20
1376724413,15,20
1376725017,15,20
1376725291,15,20
1376725894,15,20
1376726131,15,20
1376726198,15,20
1376726264,16,19
1376726867,16,19
1376727471,16,19
1376727979,15,20
1376728582,15,20
1376728862,16,19
1376729435,17,18
1376729496,17,18
1376729544,17,18
1376730148,17,18
1376730494,16,19
1376730764,16,19
1376730775,17,18
1376731379,17,18
1376731983,17,18
1376732587,17,18
1376733191,17,18
1376733795,17,18
1376733941,16,19
1376734058,15,19
1376734091,14,20
1376734181,14,20
1376734361,14,20
1376734413,13,21
1376734722,13,21
1376734767,13,21
1376734826,13,21
1376734935,14,20
1376735083,14,20
1376735123,14,20
1376735438,14,20
1376735478,14,20
1376735792,14,20
1376735833,15,19
1376736162,15,19
1376736187,15,19
1376736523,15,19
1376736543,15,19
1376736882,15,19
1376736943,16,18
1376737238,16,18
1376737252,16,18
1376737594,16,18
1376737611,16,18
1376737897,16,18
1376737962,16,18
1376738163,15,19
1376738253,15,19
1376738317,15,19
1376738564,15,19
1376738621,16,18
1376738673,16,18
1376738742,15,19
1376738751,16,18
1376738983,16,18
1376739028,16,18
1376739344,16,18
1376739383,16,18
1376739465,14,20
1376739486,14,20
1376739631,15,19
1376739699,16,18
1376739741,16,18
1376740056,16,18
1376740098,16,18
1376740414,16,18
1376740455,16,18
1376740784,16,18
1376740820,16,18
1376740874,17,17
1376740953,18,16
1376741142,19,15
1376741167,19,15
1376741426,19,15
1376741488,20,14
1376741529,20,14
1376741863,20,14
1376741884,20,14
1376742225,20,14
1376742242,20,14
1376742582,20,14
1376742597,20,14
1376742939,20,14
1376742954,20,14
1376743112,19,15
1376743245,19,15
1376743295,20,14
1376743312,20,14
1376743601,20,14
1376743652,20,14
1376743667,20,14
1376743958,20,14
1376744024,20,14
1376744314,21,13
1376744381,21,13
1376744684,21,13
1376744735,21,13
1376745044,21,13
1376745091,21,13
1376745403,21,13
1376745448,21,13
1376745519,20,14
1376745764,20,14
1376745804,20,14
1376746120,20,14
1376746161,20,14
1376746359,20,13
1376746401,21,12
1376746477,21,12
1376746517,21,12
1376746845,21,12
1376746872,21,12
1376747205,21,12
1376747230,21,12
1376747563,21,12
1376747584,20,13
1376747671,20,13
1376747704,21,12
1376747919,21,12
1376747974,22,11
1376748281,22,11
1376748296,22,11
1376748570,21,12
1376748639,21,12
1376748704,20,13
1376748705,20,13
1376748942,20,13
1376748992,20,13
1376749008,20,13
1376749222,18,15
1376749298,18,15
1376749364,16,17
1376749365,16,17
1376749576,17,16
1376749655,17,16
1376749722,17,16
1376749727,18,15
1376750023,18,15
1376750075,18,15
1376750384,18,15
1376750437,18,15
1376750741,18,15
1376750799,19,13
1376751102,19,13
1376751144,19,13
1376751458,19,13
1376751515,18,14
1376751813,18,14
1376751853,18,14
1376752039,19,13
1376752184,19,13
1376752211,19,13
1376752346,20,12
1376752544,20,12
1376752565,20,12
1376752767,20,12
1376752842,20,12
1376752902,20,12
1376752947,20,12
1376752973,20,12
1376753052,20,12
1376753125,20,12
1376753169,21,11
1376753264,21,11
1376753324,20,12
1376753439,20,12
1376753618,21,11
1376753633,21,11
1376753925,21,11
1376753975,21,11
1376753990,21,11
1376754279,21,11
1376754344,21,11
1376754635,21,11
1376754702,21,11
1376754834,20,12
1376755005,20,12
1376755057,20,12
1376755362,20,12
1376755414,20,12
1376755724,20,12
1376755783,20,12
1376755839,18,13
1376755889,18,14
1376756017,19,13
1376756082,20,12
1376756128,20,12
1376756442,20,12
1376756482,20,12
1376756799,20,12
1376756839,20,12
1376757156,20,12
1376757195,20,12
1376757513,19,13
1376757552,19,13
1376757884,19,13
1376757909,19,13
1376757989,17,15
1376758243,17,15
1376758265,17,15
1376758602,17,15
1376758623,18,14
1376758965,18,14
1376758979,18,14
1376759320,18,14
1376759336,18,14
1376759677,18,14
1376759693,18,14
1376759983,18,14
1376760034,18,14
1376760049,18,14
1376760340,18,14
1376760404,18,14
1376760406,18,14
1376760697,18,14
1376760763,18,14
1376761052,18,14
1376761118,18,14
1376761424,18,14
1376761475,18,14
1376761780,18,14
1376761832,18,14
1376762143,18,14
1376762189,18,14
1376762379,17,15
1376762433,18,14
1376762501,18,14
1376762546,18,14
1376762587,18,14
1376762862,18,14
1376762904,18,14
1376763219,18,14
1376763259,18,14
1376763576,18,14
1376763616,18,14
1376763734,19,13
1376763934,19,13
1376763973,19,13
1376764305,19,13
1376764330,19,13
1376764662,19,13
1376764687,19,13
1376765024,19,13
1376765046,19,13
1376765382,19,13
1376765403,19,13
1376765744,19,13
1376765766,20,12
1376766102,20,12
1376766118,20,12
1376766459,20,12
1376766475,20,12
1376766764,20,12
1376766816,20,12
1376766832,20,12
1376767122,20,12
1376767173,20,12
1376767189,20,12
1376767479,20,12
1376767545,20,12
1376767547,20,12
1376767836,20,12
1376767904,20,12
1376768193,20,12
1376768261,20,12
1376768552,20,12
1376768619,20,12
1376768922,20,12
1376768976,20,12
1376769284,20,12
1376769333,20,12
1376769643,20,12
1376769690,20,12
1376769810,19,13
1376769875,18,14
1376769910,17,15
1376770001,17,15
1376770048,17,15
1376770365,17,15
1376770405,17,15
1376770722,17,15
1376770762,18,14
1376771079,18,14
1376771119,18,14
1376771436,18,14
1376771478,18,14
1376771793,18,14
1376771835,18,14
1376772165,18,14
1376772192,18,14
1376772524,18,14
1376772553,18,14
1376772885,18,14
1376772907,18,14
1376773243,18,14
1376773301,18,14
1376773311,19,13
1376773600,19,13
1376773622,19,13
1376773869,17,15
1376773963,17,15
1376773979,17,15
1376774320,17,15
1376774335,17,15
1376774626,17,15
1376774677,17,15
1376774692,17,15
1376774983,17,15
1376775034,17,15
1376775051,17,15
1376775340,17,15
1376775392,17,15
1376775408,17,15
1376775699,17,15
1376775763,17,15
1376775765,17,15
1376776056,17,15
1376776123,17,15
1376776414,17,15
1376776480,17,15
1376776785,17,15
1376776839,17,15
1376777144,17,15
1376777197,17,15
1376777502,17,15
1376777554,17,15
1376777865,17,15
1376777911,17,15
1376778223,17,15
1376778270,17,15
1376778581,17,15
1376778627,17,15
1376778944,17,15
1376778985,17,15
1376779302,17,15
1376779343,17,15
1376779659,17,15
1376779700,17,15
1376780018,17,15
1376780060,17,15
1376780375,17,15
1376780417,17,15
1376780733,17,15
1376780774,17,15
1376781104,17,15
1376781133,17,15
1376781463,17,15
1376781490,17,15
1376781825,17,15
1376781848,17,15
1376782184,17,15
1376782205,17,15
1376782543,17,15
1376782563,17,15
1376782900,17,15
1376782920,17,15
1376783262,17,15
1376783279,17,15
1376783620,17,15
1376783636,17,15
1376783979,17,15
1376783993,17,15
1376784284,17,15
1376784336,17,15
1376784353,17,15
1376784642,17,15
1376784693,17,15
1376784710,17,15
1376785001,17,15
1376785065,17,15
1376785067,17,15
1376785358,17,15
1376785424,17,15
1376785715,17,15
1376785784,17,15
1376786073,17,15
1376786141,17,15
1376786432,17,15
1376786498,17,15
1376786804,17,15
1376786856,17,15
1376787166,17,15
1376787213,17,15
1376787525,17,15
1376787574,17,15
1376787884,17,15
1376787933,17,15
1376788244,17,15
1376788292,17,15
1376788603,17,15
1376788651,17,15
1376788962,17,15
1376789010,17,15
1376789320,17,15
1376789369,17,15
1376789680,17,15
1376789729,17,15
1376790044,17,15
1376790088,17,15
1376790570,17,17
1376790762,17,17
1376790814,17,17
1376790831,17,17
1376791120,17,17
1376791173,17,17
1376791190,17,17
1376791480,17,17
1376791532,17,17
1376791549,17,17
1376791840,17,17
1376791892,17,17
1376791908,17,17
1376792199,17,17
1376792251,17,17
1376792268,17,17
1376792558,17,17
1376792625,17,17
1376792627,17,17
1376792918,17,17
1376792984,17,17
1376792986,17,17
1376793277,17,17
1376793343,17,17
1376793346,17,17
1376793636,17,17
1376793705,17,17
1376793996,17,17
1376794064,17,17
1376794355,17,17
1376794426,17,17
1376794714,17,17
1376794783,17,17
1376795007,17,17
1376795074,17,17
1376795143,17,17
1376795433,17,17
1376795502,17,17
1376795793,17,17
1376795861,17,17
1376796152,17,17
1376796221,17,17
1376796512,17,17
1376796580,17,17
1376796871,17,17
1376796940,17,17
1376797245,17,17
1376797299,17,17
1376797604,17,17
1376797658,17,17
1376797963,17,17
1376798017,17,17
1376798323,17,17
1376798377,17,17
1376798682,17,17
1376798736,17,17
1376799045,17,17
1376799096,17,17
1376799404,17,17
1376799455,17,17
1376799760,17,17
1376799814,17,17
1376800125,17,17
1376800173,17,17
1376800485,17,17
1376800533,17,17
1376800844,17,17
1376800892,17,17
1376801203,17,17
1376801252,17,17
1376801562,17,17
1376801611,17,17
1376801924,17,17
1376801971,17,17
1376802281,17,17
1376802330,17,17
1376802641,17,17
1376802689,17,17
1376803000,17,17
1376803049,17,17
1376803359,17,17
1376803408,17,17
1376803719,17,17
1376803767,17,17
1376804085,17,17
1376804127,17,17
1376804444,17,17
1376804486,17,17
1376804804,17,17
1376804846,17,17
1376805163,17,17
1376805205,17,17
1376805523,17,17
1376805564,17,17
1376805882,17,17
1376805924,17,17
1376806241,17,17
1376806283,17,17
1376806601,17,17
1376806643,17,17
1376806960,17,17
1376807002,17,17
1376807301,17,18
1376807906,17,18
1376808510,17,18
1376808568,16,19
1376808623,15,20
1376809228,15,20
1376809831,15,20
1376810435,14,21
1376810894,15,20
1376811453,16,19
1376812057,16,19
1376812661,16,19
1376812743,15,20
1376813348,15,20
1376813952,15,20
1376814200,16,19
1376814804,16,19
1376815409,16,19
1376816012,16,19
1376816616,16,19
1376816812,15,20
1376817416,15,20
1376818021,15,20
1376818624,15,20
1376818721,15,20
1376818732,16,19
1376818981,15,20
1376819586,15,20
1376820190,15,20
1376820818,14,21
1376821424,14,21
1376821760,13,22
1376822365,13,22
1376822968,13,22
1376823572,13,22
1376824176,13,22
1376824661,14,21
1376825265,14,21
1376825890,15,20
1376825984,15,20
1376825986,16,19
1376826145,19,16
1376826749,19,16
1376827354,19,16
1376827958,19,16
1376828561,19,16
1376829165,19,16
1376829808,20,15
1376829929,19,16
1376830012,20,15
1376830616,20,15
1376830723,20,15
1376830749,20,15
1376830841,20,15
1376830900,20,15
1376830906,21,14
1376831511,21,14
1376832114,21,14
1376832474,20,15
