1376208370,0,33
1376208974,0,33
1376209230,1,32
1376209492,1,32
1376210096,1,32
1376210303,2,31
1376210921,3,30
1376210930,4,29
1376211070,5,28
1376211422,6,27
1376211644,7,26
1376212000,6,27
1376212618,7,26
1376213222,7,26
1376213826,7,26
1376214089,7,26
1376214133,8,25
1376214377,9,24
1376214581,9,24
1376214584,10,23
1376214758,9,24
1376214767,8,25
1376214882,9,24
1376214894,10,23
1376215421,10,23
1376215453,11,22
1376215517,11,22
1376215553,11,21
1376215659,12,20
1376215709,12,20
1376215776,12,20
1376215800,14,18
1376215986,13,19
1376216591,13,20
1376216971,13,20
1376217428,11,22
1376217522,12,21
1376217555,12,21
1376217641,12,21
1376217664,13,20
1376217755,15,18
1376218357,16,17
1376218415,16,17
1376218637,16,17
1376218705,17,16
1376218784,16,17
1376218839,13,20
1376218862,13,20
1376218956,14,19
1376219023,15,18
1376219061,15,18
1376219138,16,17
1376219157,17,16
1376219761,17,16
1376219885,16,17
1376220489,16,17
1376220573,16,17
1376220644,17,16
1376220703,19,14
1376220756,20,13
1376220770,21,12
1376221396,22,11
1376221903,20,12
1376221915,20,13
1376222439,19,14
1376223043,19,14
1376223221,19,14
1376223233,20,13
1376223837,20,13
1376224064,20,13
1376224109,19,14
1376224150,20,13
1376224603,20,13
1376224636,20,13
1376224694,22,11
1376224964,22,11
1376224966,23,10
1376225291,22,11
1376225562,23,10
1376225593,23,10
1376225678,23,10
1376225726,24,9
1376225789,24,9
1376225844,24,9
1376225920,25,8
1376225932,26,7
1376226030,26,7
1376226085,26,7
1376226120,27,6
1376226374,27,5
1376226421,28,4
1376227054,27,6
1376227065,27,6
1376227213,27,6
1376227264,27,6
1376227327,28,5
1376227458,28,5
1376227527,29,4
1376227561,29,3
1376227652,29,3
1376228241,28,4
1376228322,28,4
1376228354,28,4
1376228423,29,3
1376228504,29,3
1376228559,29,3
1376228614,28,4
1376228684,29,3
1376228743,30,2
1376228772,29,3
1376229233,30,2
1376229837,30,3
1376230263,29,4
1376230521,29,4
1376230587,29,4
1376230663,29,4
1376230724,27,6
1376230753,26,7
1376230789,27,6
1376231119,26,7
1376231442,27,6
1376231445,28,5
1376231543,27,6
1376232147,27,6
1376232281,27,6
1376232288,28,5
1376232538,28,5
1376232634,28,5
1376232662,29,4
1376232920,28,5
1376233363,28,5
1376233365,29,4
1376233861,28,5
1376233957,26,7
1376234561,26,7
1376235223,28,5
1376235828,28,5
1376236431,28,5
1376237035,28,5
1376237251,27,6
1376237362,26,7
1376237966,26,7
1376238461,26,7
1376238582,28,5
1376239003,28,5
1376239021,27,6
1376239123,28,5
1376239148,29,4
1376239339,30,3
1376239384,29,4
1376239601,28,5
1376239609,27,6
1376239782,27,6
1376239839,27,6
1376239949,27,6
1376240434,25,8
1376240621,26,7
1376240680,22,11
1376240728,22,11
1376240803,22,11
1376240860,27,6
1376241219,26,7
1376241233,25,8
1376241837,25,8
1376241925,26,7
1376242108,27,6
1376242136,28,5
1376242212,28,5
1376242248,29,4
1376242462,29,4
1376242558,29,4
1376242630,30,3
1376242770,31,2
1376243374,31,2
1376243954,31,2
1376244283,32,1
1376244406,31,2
1376244985,32,1
1376245589,32,1
1376245895,32,1
1376245921,33,0
1376246525,33,0
1376246593,32,1
1376246844,31,2
1376247448,31,2
1376248051,31,2
1376248656,31,2
1376249259,31,2
1376249604,30,3
1376249904,28,5
1376250419,27,6
1376250711,26,7
1376251001,26,7
1376251004,27,6
1376251609,27,6
1376252212,27,6
1376252312,28,5
1376252621,27,6
1376253226,27,6
1376253829,27,6
1376254433,27,6
1376255037,27,6
1376255641,27,6
1376255905,25,8
1376256503,25,8
1376256529,26,7
1376257133,26,7
1376257737,26,7
1376258341,26,7
1376258945,26,7
1376259549,26,7
1376259715,25,8
1376260195,24,9
1376260799,24,9
1376261403,24,9
1376262007,24,9
1376262205,23,10
1376262809,23,10
1376263412,23,10
1376264016,23,10
1376264620,23,10
1376265224,23,10
1376265827,23,10
1376266431,23,10
1376267035,23,10
1376267645,23,10
1376268250,23,10
1376268853,23,10
1376269457,23,10
1376270061,23,10
1376270665,23,10
1376271269,23,10
1376271872,23,10
1376272353,23,10
1376272818,22,11
1376273423,22,11
1376274027,22,11
1376274631,22,11
1376275234,22,11
1376275838,22,11
1376276442,22,11
1376277046,22,11
1376277649,22,11
1376278253,22,11
1376278857,22,11
1376279461,22,11
1376280064,22,11
1376280233,23,10
1376280776,24,9
1376281380,24,9
1376281984,24,9
1376282588,24,9
1376283063,23,10
1376283667,23,10
1376284271,23,10
1376284796,22,11
1376285400,22,11
1376286005,22,11
1376286609,22,11
1376286651,21,12
1376287256,21,12
1376287601,21,12
1376287611,22,11
1376288070,21,12
1376288551,22,11
1376288777,21,12
1376288982,23,10
1376289207,23,10
1376289245,23,10
1376289336,23,10
1376289400,23,10
1376289456,24,9
1376289467,25,8
1376289629,25,8
1376290024,26,7
1376290355,24,9
1376290406,25,8
1376290498,26,7
1376290832,27,6
1376290962,27,6
1376291000,29,4
1376291054,27,6
1376291435,28,5
1376291562,28,5
1376291565,29,4
1376291824,27,6
1376292429,27,6
1376293033,27,6
1376293275,28,5
1376293847,27,6
1376293935,28,5
1376294299,29,4
1376294610,30,3
1376294950,31,2
1376295127,32,1
1376295433,33,0
1376296037,33,0
1376296641,33,0
1376296941,32,1
1376297133,32,1
1376297163,33,0
1376297767,33,0
1376298362,33,0
1376298966,33,0
1376299570,33,0
1376300116,32,1
1376300249,33,0
1376300462,32,1
1376300680,32,1
1376300692,33,0
1376301296,33,0
1376301900,33,0
1376302163,32,1
1376302767,32,1
1376302838,31,2
1376303140,31,2
1376303153,32,1
1376303381,32,1
1376303410,32,1
1376303653,33,0
1376304043,32,1
1376304363,31,2
1376305003,31,2
1376305037,31,2
1376305514,30,3
1376305860,31,2
1376306062,30,3
1376306665,30,3
1376306807,29,4
1376307163,29,4
1376307171,30,3
1376307340,31,2
1376307642,30,3
1376308155,29,4
1376308363,30,3
1376308968,30,3
1376309226,31,2
1376309399,30,3
1376310003,30,3
1376310607,30,3
1376310762,31,2
1376311366,31,2
1376311970,31,2
1376312575,31,2
1376312995,32,1
1376313600,32,1
1376314155,31,2
1376314431,30,3
1376315035,30,3
1376315639,30,3
1376315808,29,4
1376316040,29,4
1376316048,30,3
1376316433,29,4
1376317045,29,4
1376317071,30,3
1376317173,29,4
1376317222,30,3
1376317284,31,2
1376317348,31,2
1376317952,31,2
1376318556,31,2
1376318610,30,3
1376318724,29,4
1376319328,29,4
1376319694,28,5
1376319707,27,6
1376320312,27,6
1376320509,28,5
1376320958,28,5
1376320967,29,4
1376321068,28,5
1376321131,28,5
1376321175,29,4
1376321234,29,4
1376321305,29,4
1376321382,30,3
1376321405,30,3
1376321493,31,2
1376321537,32,1
1376321619,32,1
1376321631,32,1
1376321859,32,1
1376321869,33,0
1376322440,33,0
1376322597,32,1
1376323201,32,1
1376323378,33,0
1376323449,32,1
1376323857,31,2
1376324083,30,3
1376324086,29,4
1376324424,29,4
1376324615,30,3
1376324858,29,4
1376324934,28,5
1376325131,27,6
1376325312,28,5
1376325428,25,8
1376326032,25,8
1376326401,24,9
1376326527,24,9
1376326657,26,7
1376326699,26,7
1376326910,25,8
1376327322,24,9
1376327429,27,6
1376327576,28,5
1376327890,29,4
1376328102,29,4
1376328105,28,5
1376328422,27,6
1376328509,26,7
1376328683,25,8
1376328711,24,9
1376328778,25,8
1376329277,24,9
1376329745,25,8
1376330008,26,7
1376330612,26,7
1376331087,25,8
1376331215,25,8
1376331227,26,7
1376331464,27,6
1376331471,28,5
1376331763,27,6
1376331938,26,7
1376332233,25,8
1376332699,23,10
1376332873,22,11
1376333023,20,13
1376333474,19,14
1376333703,18,15
1376333901,17,16
1376334506,17,16
1376334776,16,17
1376335380,16,17
1376335984,16,17
1376336060,14,19
1376336664,14,19
1376337268,14,19
1376337873,14,19
1376338477,14,19
1376339086,14,19
1376339690,14,19
1376340294,14,19
1376340898,14,19
1376341501,14,19
1376342105,14,19
1376342709,14,19
1376343313,14,19
1376343786,13,20
1376344389,13,20
1376344994,13,20
1376345597,13,20
1376346201,13,20
1376346805,13,20
1376347136,12,21
1376347740,12,21
1376348344,12,21
1376348948,12,21
1376349552,12,21
1376350156,12,21
1376350760,12,21
1376351364,12,21
1376351967,12,21
1376352571,12,21
1376353175,12,21
1376353779,12,21
1376354382,12,21
1376354986,12,21
1376355590,12,21
1376356194,12,21
1376356797,12,21
1376357401,12,21
1376358005,12,21
1376358754,12,21
1376359357,12,21
1376359960,12,21
1376360564,12,21
1376361168,12,21
1376361772,12,21
1376362376,12,21
1376362980,12,21
1376363584,12,21
1376364188,12,21
1376364791,12,21
1376364956,13,20
1376365560,13,20
1376366164,13,20
1376366767,13,20
1376367371,13,20
1376367975,13,20
1376368579,13,20
1376369182,13,20
1376369786,13,20
1376370096,13,20
1376370107,14,19
1376370711,14,19
1376371315,14,19
1376371919,14,19
1376372522,14,19
1376373126,14,19
1376373176,15,18
1376373623,14,19
1376374227,14,19
1376374380,15,18
1376374558,14,19
1376375162,14,19
1376375216,15,18
1376375335,16,17
1376375420,17,16
1376375981,17,16
1376375989,18,15
1376376073,17,16
1376376628,18,15
1376376796,17,16
1376376893,18,15
1376376965,19,14
1376377127,18,15
1376377236,20,13
1376377590,21,12
1376377657,20,13
1376377884,20,13
1376378488,20,13
1376378962,21,12
1376379222,21,12
1376379223,21,12
1376379828,21,12
1376380431,21,12
1376380860,20,13
1376381501,21,12
1376381782,22,11
1376382386,22,11
1376382990,22,11
1376383593,22,11
1376384074,21,12
1376384636,22,11
1376384857,22,11
1376384867,23,10
1376385471,23,10
1376385567,24,9
1376386120,24,9
1376386128,25,8
1376386301,26,7
1376386906,26,7
1376387516,26,7
1376388120,26,7
1376388729,26,7
1376388905,25,8
1376389298,26,7
1376389309,26,7
1376389573,26,7
1376389615,27,6
1376389679,26,7
1376389753,27,6
1376389795,26,7
1376389888,27,6
1376390020,25,8
1376390037,26,7
1376390642,26,7
1376391245,26,7
1376391454,27,6
1376392057,27,6
1376392480,27,6
1376392540,26,7
1376392937,27,6
1376393542,27,6
1376394039,27,6
1376394103,28,5
1376394112,29,4
1376394430,28,5
1376395034,28,5
1376395122,29,4
1376395130,30,3
1376395734,30,3
1376396338,30,3
1376396921,30,3
1376396929,31,2
1376397533,31,2
1376397994,30,3
1376398120,30,3
1376398130,31,2
1376398734,31,2
1376398862,30,3
1376399012,29,4
1376399186,28,5
1376399321,28,5
1376399843,29,4
1376400447,29,4
1376401051,29,4
1376401655,29,4
1376402259,29,4
1376402863,29,4
1376402878,30,3
1376403482,30,3
1376404086,30,3
1376404478,29,4
1376404579,30,3
1376405183,30,3
1376405782,29,4
1376406386,29,4
1376406870,28,5
1376407474,28,5
1376407618,29,4
1376407947,28,5
1376408202,28,5
1376408244,27,6
1376408323,27,6
1376408361,28,5
1376408440,28,5
1376408475,30,3
1376408557,30,3
1376408591,31,2
1376408851,30,2
1376409069,30,3
1376409124,29,4
1376409515,29,4
1376409557,30,3
1376410003,29,4
1376410005,28,5
1376410542,28,5
1376410564,29,4
1376410814,28,5
1376411051,27,6
1376411291,26,7
1376411610,26,7
1376411772,25,8
1376411891,26,7
1376412211,25,8
1376412331,26,7
1376412365,26,7
1376412458,26,7
1376412615,27,6
1376412805,28,5
1376413117,29,4
1376413303,29,4
1376413326,29,4
1376413886,30,3
1376414013,29,4
1376414184,27,6
1376414615,28,5
1376414932,27,6
1376415086,26,7
1376415152,25,8
1376415756,25,8
1376415795,24,9
1376415896,25,8
1376416059,26,7
1376416662,26,7
1376417266,26,7
1376417692,25,8
1376417819,24,9
1376418335,23,10
1376418723,22,11
1376418823,22,11
1376419057,21,12
1376419661,21,12
1376419919,20,13
1376420114,19,14
1376420717,19,14
1376420755,18,15
1376421359,18,15
1376421962,18,15
1376422359,19,14
1376422591,20,13
1376423195,20,13
1376423441,19,14
1376424045,19,14
1376424689,18,15
1376425016,16,17
1376425653,15,18
1376426257,15,18
1376426861,15,18
1376427465,15,18
1376428068,15,18
1376428672,15,18
1376429276,15,18
1376429880,15,18
1376430362,14,19
1376430966,14,19
1376431570,14,19
1376432173,14,19
1376432777,14,19
1376433170,13,20
1376433564,12,21
1376433669,11,22
1376434273,11,22
1376434877,11,22
1376435481,11,22
1376436084,11,22
1376436689,11,22
1376437293,11,22
1376437896,11,22
1376438500,11,22
1376439104,11,22
1376439708,11,22
1376440311,11,22
1376440423,11,22
1376440430,11,22
1376441034,11,22
1376441638,11,22
1376442242,11,22
1376442845,11,22
1376443449,11,22
1376444053,11,22
1376444657,11,22
1376445151,11,22
1376445755,11,22
1376446358,11,22
1376446962,11,22
1376447566,11,22
1376448170,11,22
1376448773,11,22
1376449378,11,22
1376449543,11,22
1376449545,12,21
1376450149,12,21
1376450753,12,21
1376451356,12,21
1376451842,11,22
1376452446,11,22
1376453050,11,22
1376453654,11,22
1376454258,11,22
1376454861,11,22
1376455465,11,22
1376456057,10,23
1376456661,10,23
1376457265,10,23
1376457868,10,23
1376458472,10,23
1376459076,10,23
1376459680,10,23
1376459709,11,22
1376459836,12,21
1376460446,13,20
1376460882,13,20
1376460890,14,19
1376461295,13,20
1376461363,14,19
1376461409,13,20
1376461513,14,19
1376461706,15,18
1376461933,14,19
1376462070,14,19
1376462492,13,20
1376462738,14,19
1376462829,16,17
1376463013,15,18
1376463097,15,18
1376463117,17,16
1376463223,18,15
1376463629,19,14
1376463834,18,15
1376463943,18,15
1376463952,19,14
1376464181,19,14
1376464183,18,15
1376464361,18,15
1376464363,19,14
1376464967,19,14
1376465571,19,14
1376466082,20,13
1376466129,20,13
1376466656,21,12
1376466882,21,12
1376466942,22,10
1376466970,23,10
1376467445,24,9
1376467640,24,9
1376467738,25,8
1376467961,24,9
1376468376,23,10
1376468692,24,9
1376468979,24,9
1376468988,25,8
1376469331,24,9
1376469690,23,10
1376470294,23,10
1376470592,22,11
1376471197,22,11
1376471610,23,10
1376471643,24,9
1376472247,24,9
1376472851,24,9
1376472985,23,10
1376473571,24,9
1376474176,24,9
1376474242,25,8
1376474314,26,7
1376474534,27,6
1376475069,28,5
1376475329,27,6
1376475414,26,7
1376475541,25,8
1376475916,24,9
1376476520,24,9
1376476585,23,10
1376476888,22,11
1376477379,21,12
1376477394,21,12
1376477563,21,12
1376477571,22,11
1376477959,23,10
1376478035,24,9
1376478206,23,10
1376478643,24,9
1376479247,24,9
1376479900,23,10
1376479920,25,8
1376479996,24,9
1376480335,23,10
1376480982,22,11
1376481586,22,11
1376481832,22,11
1376481928,22,11
1376481974,23,10
1376482119,25,8
1376482237,26,7
1376482840,26,7
1376483444,26,7
1376483561,26,7
1376483564,27,6
1376484168,27,6
1376484332,28,5
1376484357,27,6
1376484455,29,4
1376484555,28,5
1376485159,28,5
1376485397,29,4
1376485481,29,4
1376485490,30,3
1376486095,30,3
1376486175,31,2
1376486779,31,2
1376487167,31,2
1376487257,32,1
1376487428,32,1
1376487640,32,1
1376487649,33,0
1376488253,33,0
1376488856,33,0
1376489460,33,0
1376489867,32,1
1376490022,31,2
1376490406,30,3
1376491010,30,3
1376491219,31,2
1376491663,31,2
1376491677,29,4
1376491779,29,4
1376491842,29,4
1376491868,32,1
1376491922,32,1
1376492186,33,0
1376492607,32,1
1376493028,31,2
1376493332,30,3
1376493902,29,4
1376494409,28,5
1376494783,28,5
1376494786,29,4
1376494886,30,3
1376495239,31,2
1376495288,30,3
1376495402,31,2
1376495611,30,3
1376495951,29,4
1376496155,28,5
1376496335,29,4
1376496810,28,5
1376497219,26,7
1376497823,26,7
1376498382,26,7
1376498407,26,7
1376498545,25,8
1376498649,26,7
1376498751,25,8
1376498917,24,9
1376498993,23,10
1376499558,22,11
1376499598,22,11
1376499728,23,10
1376499929,21,12
1376499997,21,12
1376500059,22,11
1376500179,22,11
1376500230,21,12
1376500302,21,12
1376500304,20,13
1376500875,19,14
1376500932,20,13
1376501101,19,14
1376501212,18,15
1376501703,17,16
1376501912,19,14
1376502031,19,14
1376502052,20,13
1376502143,19,14
1376502352,18,15
1376502740,18,15
1376502788,19,14
1376502874,20,13
1376502905,21,12
1376503237,23,10
1376503841,23,10
1376504121,22,11
1376504393,23,10
1376504450,22,11
1376504681,22,11
1376504690,23,10
1376505294,23,10
1376505898,23,10
1376506055,24,9
1376506318,23,10
1376506922,23,10
1376506990,22,11
1376507594,22,11
1376508198,22,11
1376508327,21,12
1376508931,21,12
1376509468,20,13
1376509660,19,13
1376509677,19,14
1376510282,19,14
1376510889,18,15
1376511102,17,16
1376511110,16,17
1376511714,16,17
1376511840,15,18
1376512201,16,17
1376512805,16,17
1376513023,15,18
1376513026,14,19
1376513582,13,20
1376514185,13,20
1376514789,13,20
1376515393,13,20
1376515997,13,20
1376516600,13,20
1376517153,12,21
1376517757,12,21
1376518361,12,21
1376518771,11,22
1376519374,11,22
1376519610,12,21
1376519689,11,22
1376520293,11,22
1376520896,11,22
1376521500,11,22
1376522104,11,22
1376522708,11,22
1376523311,11,22
1376523915,11,22
1376524520,11,22
1376525142,11,22
1376525155,9,24
1376525759,9,24
1376526363,9,24
1376526967,9,24
1376527233,8,25
1376527252,7,26
1376527856,7,26
1376528460,7,26
1376529064,7,26
1376529667,7,26
1376529724,6,27
1376530328,6,27
1376530931,6,27
1376531554,6,27
1376531640,6,27
1376532242,7,26
1376532846,7,26
1376533450,7,26
1376534054,7,26
1376534658,7,26
1376535261,7,26
1376535865,7,26
1376536469,7,26
1376537073,7,26
1376537677,7,26
1376538281,7,26
1376538885,7,26
1376539514,7,26
1376539580,7,26
1376539723,7,26
1376539729,8,25
1376540332,8,25
1376540936,8,25
1376541540,8,25
1376541681,7,26
1376542302,7,26
1376542338,6,27
1376542382,7,26
1376542985,7,26
1376543589,7,26
1376544193,7,26
1376544796,7,26
1376545400,7,26
1376546004,7,26
1376546608,7,26
1376546979,8,25
1376547134,9,24
1376547737,9,24
1376547768,8,25
1376548144,9,24
1376548748,9,24
1376549353,9,24
1376549957,9,24
1376550561,9,24
1376551164,9,24
1376551198,10,23
1376551412,9,24
1376551638,10,23
1376552242,10,23
1376552846,10,23
1376553111,9,24
1376553716,9,24
1376553793,10,23
1376554195,9,24
1376554799,9,24
1376554931,10,23
1376555535,10,23
1376555982,11,22
1376556586,11,22
1376556686,9,24
1376556772,9,24
1376556834,9,24
1376556887,9,24
1376557386,10,23
1376557885,10,23
1376557913,11,22
1376558018,10,23
1376558141,10,23
1376558184,11,22
1376558788,11,22
1376558919,8,25
1376558977,7,26
1376559078,6,27
1376559143,8,25
1376559212,9,24
1376559227,11,22
1376559321,12,21
1376559363,11,22
1376559967,11,22
1376560570,11,22
1376560942,10,23
1376561007,10,23
1376561068,11,22
1376561107,12,21
1376561320,11,22
1376561619,11,22
1376561628,12,21
1376561732,12,21
1376561754,13,20
1376561917,12,21
1376562082,11,22
1376562610,10,23
1376563215,10,23
1376563312,9,24
1376563443,10,23
1376564016,9,24
1376564620,10,23
1376564728,11,22
1376565333,11,22
1376565522,10,23
1376565750,11,22
1376565851,10,23
1376566455,10,23
1376567058,10,23
1376567113,11,22
1376567717,11,22
1376568149,9,24
1376568753,9,24
1376568828,8,25
1376569307,7,26
1376569433,8,25
1376569623,9,24
1376569864,10,23
1376570297,11,22
1376570535,12,21
1376571100,13,20
1376571119,12,21
1376571173,10,23
1376571271,10,23
1376571302,11,22
1376571680,11,22
1376571820,12,21
1376571880,12,21
1376571960,11,22
1376572054,11,22
1376572085,11,22
1376572145,12,21
1376572362,14,19
1376572557,15,18
1376573162,15,18
1376573765,15,18
1376573846,15,18
1376573867,16,17
1376574194,17,16
1376574797,17,16
1376575052,18,15
1376575598,19,14
1376575607,20,13
1376575694,21,12
1376576004,22,11
1376576501,22,11
1376576539,22,11
1376576658,23,10
1376577263,23,10
1376577450,22,11
1376577521,22,11
1376577532,20,13
1376577792,21,12
1376577943,20,13
1376578133,21,12
1376578376,20,13
1376578679,21,12
1376578962,21,12
1376579192,23,10
1376579792,24,9
1376580026,25,8
1376580073,25,8
1376580139,25,8
1376580203,26,7
1376580372,28,5
1376580455,28,5
1376580681,27,6
1376580915,26,7
1376581413,25,8
1376581919,26,7
1376582524,26,7
1376583133,26,7
1376583193,25,8
1376583275,25,8
1376583338,25,8
1376583375,26,7
1376583498,27,6
1376583577,26,7
1376583599,27,6
1376583864,25,8
1376584142,24,9
1376584483,22,11
1376584503,22,11
1376585107,22,11
1376585711,22,11
1376586028,22,11
1376586102,24,8
1376586162,25,8
1376586165,26,7
1376586769,26,7
1376587394,23,10
1376587445,23,10
1376587506,23,10
1376587571,25,8
1376587961,25,8
1376587970,26,7
1376588575,26,7
1376588715,25,8
1376589060,24,9
1376589665,24,9
1376590269,24,9
1376590872,24,9
1376590947,25,8
1376591379,25,8
1376591389,26,7
1376591993,26,7
1376592456,24,9
1376592814,23,10
1376593418,23,10
1376593812,24,9
1376594373,23,10
1376594433,21,12
1376594498,21,12
1376594548,21,12
1376594568,21,12
1376594659,21,12
1376594732,21,12
1376594754,21,12
1376595102,22,11
1376595206,21,12
1376595810,21,12
1376596414,21,12
1376596433,20,13
1376597037,20,13
1376597641,20,13
1376598245,20,13
1376598423,19,14
1376598949,17,16
1376599062,17,16
1376599065,16,17
1376599668,16,17
1376600318,15,18
1376600382,15,18
1376600384,14,19
1376600880,15,18
1376601483,15,18
1376602087,15,18
1376602691,15,18
1376603294,15,18
1376603898,15,18
1376604502,15,18
1376605106,15,18
1376605710,15,18
1376606313,15,18
1376606917,15,18
1376607521,15,18
1376607779,14,19
1376608384,14,19
1376608838,13,20
1376609442,13,20
1376610045,13,20
1376610458,12,21
1376610506,11,22
1376611110,11,22
1376611714,11,22
1376612319,11,22
1376612923,11,22
1376613526,11,22
1376614130,11,22
1376614734,11,22
1376615337,11,22
1376615941,11,22
1376616545,11,22
1376617149,11,22
1376617752,11,22
1376617955,11,22
1376618559,11,22
1376619164,11,22
1376619768,11,22
1376620371,11,22
1376620975,11,22
1376621579,11,22
1376621774,9,24
1376622379,9,24
1376622983,9,24
1376623588,9,24
1376624191,9,24
1376624687,8,25
1376625292,8,25
1376625895,8,25
1376626499,8,25
1376627103,8,25
1376627707,8,25
1376628310,8,25
1376628914,8,25
1376629518,8,25
1376630121,8,25
1376630725,8,25
1376630965,7,26
1376631569,7,26
1376632173,7,26
1376632650,6,27
1376633254,6,27
1376633543,8,25
1376633589,9,24
1376634194,9,24
1376634298,10,23
1376634554,11,22
1376635003,10,23
1376635211,9,24
1376635276,10,23
1376635322,11,22
1376635419,11,22
1376635597,12,21
1376635839,13,20
1376635992,12,21
1376636596,12,21
1376637042,12,21
1376637050,13,20
1376637517,12,21
1376638122,12,21
1376638282,13,20
1376638635,12,21
1376638782,12,21
1376638785,13,20
1376639390,13,20
1376639544,12,21
1376639623,12,21
1376639632,13,20
1376640235,13,20
1376640840,13,20
1376641443,13,20
1376642047,13,20
1376642250,12,21
1376642636,11,22
1376642833,11,22
1376642916,12,21
1376642983,13,20
1376643006,14,19
1376643091,15,18
1376643569,14,19
1376643902,15,18
1376644507,15,18
1376644892,14,19
1376645072,15,18
1376645675,15,18
1376645778,16,17
1376645975,17,16
1376646043,18,15
1376646054,19,14
1376646658,19,14
1376647262,19,14
1376647356,21,12
1376647947,20,13
1376648552,20,13
1376648648,21,12
1376648742,21,12
1376648751,22,11
1376649360,21,12
1376649964,21,12
1376650567,21,12
1376650646,20,13
1376651250,20,13
1376651345,21,12
1376651809,20,13
1376652033,21,12
1376652637,21,12
1376652703,21,12
1376652712,22,11
1376653317,22,11
1376653959,23,10
1376654022,23,10
1376654082,24,9
1376654090,25,8
1376654694,25,8
1376654874,24,9
1376654950,25,8
1376655462,24,9
1376656066,24,9
1376656404,24,9
1376656435,25,8
1376657039,25,8
1376657213,26,7
1376657312,25,8
1376657423,26,7
1376657496,27,6
1376657622,27,6
1376657625,26,7
1376657723,25,8
1376657966,26,7
1376658395,27,6
1376658405,27,6
1376658517,27,6
1376658545,28,5
1376658693,28,5
1376658749,29,4
1376658812,27,6
1376658870,28,5
1376658936,28,5
1376658953,30,3
1376659218,31,2
1376659467,30,3
1376660078,30,3
1376660126,30,3
1376660308,29,4
1376660768,28,5
1376660854,27,6
1376661023,28,5
1376661329,27,6
1376661386,28,5
1376661685,28,5
1376661725,28,5
1376661822,27,6
1376661846,27,6
1376661903,28,5
1376661987,27,6
1376662019,28,5
1376662084,29,4
1376662470,28,5
1376663072,29,4
1376663676,29,4
1376663784,28,5
1376663888,28,5
1376663963,30,3
1376664101,29,4
1376664156,28,5
1376664608,27,6
1376664702,27,6
1376664710,28,5
1376665333,27,6
1376665937,27,6
1376666015,26,7
1376666422,27,6
1376666714,26,7
1376666958,27,6
1376667022,26,7
1376667236,27,6
1376667518,24,9
1376667552,23,10
1376667811,23,10
1376667943,24,9
1376667965,23,10
1376668030,22,11
1376668634,22,11
1376668739,21,12
1376668951,21,12
1376668972,22,11
1376669307,20,13
1376669498,19,14
1376669526,19,14
1376669607,19,14
1376669638,20,13
1376669737,22,11
1376670274,23,10
1376670878,23,10
1376671482,23,10
1376671523,22,11
1376671890,22,11
1376671960,22,11
1376672142,21,12
1376672745,21,12
1376673349,21,12
1376673997,20,13
1376674465,19,14
1376674616,18,15
1376674768,19,14
1376675371,19,14
1376675678,19,14
1376675811,17,16
1376676342,17,16
1376676345,18,15
1376676546,17,16
1376677150,17,16
1376677754,17,16
1376678166,18,15
1376678306,17,16
1376678379,16,17
1376678406,17,16
1376679009,17,16
1376679613,17,16
1376680217,17,16
1376680821,17,16
1376681425,17,16
1376681687,16,17
1376681983,17,16
1376681991,18,15
1376682135,19,14
1376682519,18,15
1376683123,18,15
1376683452,17,16
1376684056,17,16
1376684542,16,17
1376685146,16,17
1376685750,16,17
1376686353,16,17
1376686482,15,18
1376686549,16,17
1376687152,16,17
1376687273,17,16
1376687876,17,16
1376688480,17,16
1376689084,17,16
1376689688,17,16
1376690292,17,16
1376690895,17,16
1376691499,17,16
1376692100,17,16
1376692589,18,15
1376693193,18,15
1376693797,18,15
1376694400,18,15
1376695004,18,15
1376695542,18,15
1376695544,19,14
1376696148,19,14
1376696752,19,14
1376696877,17,16
1376697481,17,16
1376698085,17,16
1376698689,17,16
1376699293,17,16
1376699802,15,18
1376699842,15,18
1376700099,14,19
1376700159,12,21
1376700224,12,21
1376700226,11,22
1376700831,11,22
1376701359,10,23
1376701400,9,24
1376702004,9,24
1376702608,9,24
1376703213,9,24
1376703817,9,24
1376704351,9,24
1376704437,9,24
1376705042,9,24
1376705645,9,24
1376706249,9,24
1376706853,9,24
1376707457,9,24
1376708060,9,24
1376708664,9,24
1376709268,9,24
1376709872,9,24
1376710476,9,24
1376711079,9,24
1376711683,9,24
1376712288,9,24
1376712891,9,24
1376713495,9,24
1376714099,9,24
1376714703,9,24
1376715306,9,24
1376715910,9,24
1376716514,9,24
1376717118,9,24
1376717722,9,24
1376718326,9,24
1376718930,9,24
1376719487,8,25
1376720092,8,25
1376720499,9,24
1376721102,9,24
1376721575,8,25
1376722180,8,25
1376722783,8,25
1376723387,8,25
1376723991,8,25
1376724083,7,26
1376724341,7,26
1376724945,7,26
1376725120,6,27
1376725169,5,28
1376725688,6,27
1376726273,6,27
1376726877,6,27
1376727481,6,27
1376727755,6,27
1376727833,7,26
1376728110,8,25
1376728435,7,26
1376728526,8,25
1376729130,8,25
1376729304,9,24
1376729866,8,25
1376730077,7,26
1376730681,7,26
1376730753,6,27
1376730992,7,26
1376731597,7,26
1376732203,7,26
1376732307,7,26
1376732518,8,25
1376733014,7,26
1376733277,8,25
1376733881,8,25
1376734035,7,26
1376734169,5,28
1376734773,5,28
1376735024,4,29
1376735264,5,28
1376735868,5,28
1376736021,4,29
1376736058,4,29
1376736165,4,29
1376736230,5,28
1376736355,7,26
1376736452,8,25
1376736548,9,24
1376736645,9,24
1376736685,9,24
1376736712,10,23
1376737316,10,23
1376737920,10,23
1376738524,10,23
1376739127,10,23
1376739582,9,24
1376739622,9,24
1376740226,9,24
1376740365,9,24
1376740367,10,23
1376740539,11,22
1376741143,11,22
1376741747,11,22
1376742163,10,23
1376742615,11,22
1376743061,10,23
1376743540,11,22
1376743698,10,23
1376743771,10,23
1376743813,10,23
1376743850,11,22
1376744429,10,23
1376745033,10,23
1376745637,10,23
1376746052,11,22
1376746331,12,21
1376746829,12,21
1376747249,11,22
1376747852,11,22
1376748456,11,22
1376748834,10,23
1376749181,10,23
1376749190,11,22
1376749462,11,22
1376749505,11,22
1376749576,11,22
1376749644,12,21
1376749738,11,22
1376750061,11,22
1376750665,11,22
1376750913,12,21
1376751322,11,22
1376751524,11,22
1376751527,12,21
1376751851,13,20
1376752455,13,20
1376752663,13,20
1376752666,12,21
1376752800,13,20
1376753300,13,20
1376753383,13,20
1376753386,12,21
1376753467,13,20
1376753550,13,20
1376753588,14,19
1376754025,13,20
1376754301,12,21
1376754905,12,21
1376755509,12,21
1376756112,12,21
1376756425,13,20
1376756567,14,19
1376756848,13,20
1376757138,14,19
1376757516,13,20
1376758120,13,20
1376758378,12,21
1376758648,12,21
1376758723,13,20
1376758726,12,21
1376758960,11,22
1376759239,12,21
1376759843,12,21
1376760191,13,20
1376760371,13,20
1376760511,14,19
1376760620,15,18
1376760931,16,17
1376760978,17,16
1376761008,18,15
1376761438,17,16
1376762076,16,17
1376762232,14,19
1376762371,13,20
1376762549,12,21
1376763154,12,21
1376763444,13,20
1376763633,14,19
1376764237,14,19
1376764841,14,19
1376765443,14,19
1376765470,14,19
1376766074,14,19
1376766684,13,20
1376766712,12,21
1376766903,9,24
1376767339,11,22
1376767566,9,24
1376768139,9,24
1376768177,10,23
1376768782,10,23
1376769386,10,23
1376769990,10,23
1376770168,9,24
1376770773,9,24
1376771377,9,24
1376771980,9,24
1376772584,9,24
1376773188,9,24
1376773792,9,24
1376774396,9,24
1376774680,9,24
1376774688,8,25
1376774961,7,26
1376775462,5,28
1376775571,5,28
1376775631,5,28
1376775704,5,28
1376775760,5,28
1376775793,5,28
1376775878,5,28
1376775911,5,28
1376776224,6,27
1376776829,6,27
1376777433,6,27
1376777562,6,27
1376777615,6,27
1376778219,6,27
1376778823,6,27
1376779426,6,27
1376780030,6,27
1376780634,6,27
1376781238,6,27
1376781842,6,27
1376782445,6,27
1376783049,6,27
1376783383,5,28
1376783390,4,29
1376783904,3,30
1376784449,2,31
1376785054,2,31
1376785658,2,31
1376786262,2,31
1376786866,2,31
1376787470,2,31
1376788074,2,31
1376788678,2,31
1376789282,2,31
1376789885,2,31
1376790489,2,31
1376790755,2,31
1376791359,2,31
1376791963,2,31
1376792568,2,31
1376793171,2,31
1376793775,2,31
1376794379,2,31
1376794983,2,31
1376795588,2,31
1376796192,2,31
1376796796,2,31
1376797400,2,31
1376798004,2,31
1376798608,2,31
1376799211,2,31
1376799815,2,31
1376800420,2,31
1376800782,1,32
1376801386,1,32
1376801990,1,32
1376802593,1,32
1376803197,1,32
1376803801,1,32
1376804405,1,32
1376805009,1,32
1376805618,1,32
1376806222,1,32
1376806826,1,32
1376807430,1,32
1376808033,1,32
1376808065,0,33
1376808669,0,33
1376809273,0,33
1376809876,0,33
1376810129,1,32
1376810401,0,33
1376811005,0,33
1376811609,0,33
1376812213,0,33
1376812360,1,32
1376812417,0,33
1376812559,1,32
1376813163,1,32
1376813797,1,32
1376813864,1,32
1376813904,0,33
1376814508,0,33
1376814544,1,32
1376815084,2,31
1376815154,3,30
1376815364,3,30
1376815367,4,29
1376815971,4,29
1376816575,4,29
1376817179,4,29
1376817783,4,29
1376818386,4,29
1376818966,5,28
1376819013,8,25
1376819618,8,25
1376819771,9,24
1376820102,9,24
1376820110,10,23
1376820585,10,23
1376820592,11,22
1376820756,10,23
1376821360,10,23
1376821545,10,22
1376821588,12,20
1376821900,11,21
1376822504,11,22
1376822578,12,21
1376822983,11,22
1376823019,11,22
1376823376,12,21
1376823703,12,21
1376823712,13,20
1376824305,14,19
1376824677,15,18
1376824965,15,18
1376824967,14,19
1376825482,13,20
1376826086,13,20
1376826691,13,20
1376826817,12,21
1376827347,13,20
1376827951,13,20
1376828555,13,20
1376829158,13,20
1376829654,14,19
1376830240,15,18
1376830844,15,18
1376830936,16,17
1376831009,17,16
1376831572,16,17
1376831921,16,17
1376831934,16,17
1376832044,17,16
1376832046,17,16
1376832650,17,16
1376832722,16,17
1376832855,15,18
