1376208516,29,13
1376209121,29,13
1376209725,29,13
1376210330,29,13
1376210612,27,15
1376210799,29,13
1376210809,30,12
1376211091,30,12
1376211210,30,12
1376211250,30,12
1376211504,29,13
1376211940,28,14
1376212041,28,14
1376212111,29,13
1376212254,28,14
1376212775,29,13
1376212813,30,12
1376213006,31,11
1376213139,30,12
1376213181,31,11
1376213786,31,11
1376213863,32,10
1376214267,33,9
1376214801,32,10
1376214923,31,11
1376215378,30,12
1376215659,29,13
1376216263,29,13
1376216655,30,12
1376217259,30,12
1376217863,30,12
1376217939,30,12
1376217948,31,11
1376218053,32,10
1376218296,31,11
1376218441,31,11
1376218603,30,12
1376218621,30,12
1376218679,30,12
1376218775,31,11
1376218833,32,10
1376218963,35,7
1376219567,35,7
1376220171,35,7
1376220744,36,6
1376220814,37,5
1376221147,38,4
1376221349,37,5
1376221604,37,5
1376221645,37,5
1376222053,36,6
1376222658,36,6
1376222798,36,6
1376222865,37,5
1376223469,38,4
1376224035,38,4
1376224073,38,4
1376224150,38,4
1376224209,38,3
1376224275,39,3
1376224600,39,3
1376224702,39,3
1376225307,39,3
1376225421,40,2
1376226025,40,2
1376226255,39,3
1376226860,39,3
1376226940,39,3
1376226976,39,3
1376227024,40,2
1376227236,40,2
1376227353,40,2
1376227775,38,4
1376227853,37,5
1376228017,37,5
1376228044,38,4
1376228524,38,4
1376228618,39,3
1376228679,39,3
1376228696,40,2
1376228829,38,4
1376229462,38,4
1376229470,39,3
1376229910,40,2
1376230405,39,3
1376230660,40,2
1376231264,40,2
1376231349,41,1
1376231953,41,1
1376232558,41,1
1376232874,40,2
1376233085,39,3
1376233541,40,2
1376233600,40,2
1376233610,41,1
1376234213,41,1
1376234436,39,3
1376235041,39,3
1376235646,39,3
1376235843,38,4
1376235937,39,3
1376236044,39,3
1376236122,39,3
1376236133,38,4
1376236694,37,5
1376237007,36,6
1376237199,36,6
1376237496,37,5
1376237599,37,5
1376237717,37,5
1376237785,39,3
1376238197,38,4
1376238258,39,3
1376238396,39,3
1376238466,40,2
1376239070,40,2
1376239452,38,4
1376239732,37,5
1376239959,37,5
1376240074,37,5
1376240551,35,7
1376240690,36,6
1376241259,35,7
1376241864,35,7
1376242262,34,8
1376242717,33,9
1376243321,33,9
1376243451,32,10
1376243578,31,11
1376244144,29,13
1376244393,28,14
1376244406,28,14
1376245010,28,14
1376245106,27,15
1376245336,29,13
1376245723,28,14
1376245799,27,15
1376245920,28,14
1376246439,29,13
1376246551,30,12
1376246640,29,13
1376246796,29,13
1376246807,30,12
1376247174,29,13
1376247307,30,12
1376247439,29,13
1376248044,29,13
1376248648,29,13
1376249251,29,13
1376249277,28,14
1376249724,28,14
1376249803,29,13
1376250407,28,14
1376250864,27,15
1376250913,28,14
1376251361,28,14
1376251368,26,16
1376251529,28,14
1376252000,26,16
1376252604,26,16
1376253207,26,16
1376253449,27,15
1376253510,26,16
1376253573,27,15
1376253607,26,16
1376254211,26,16
1376254509,26,16
1376254581,27,15
1376255017,26,16
1376255622,26,16
1376255864,26,16
1376255884,22,20
1376256488,22,20
1376256728,20,22
1376257333,20,22
1376257938,20,22
1376258492,19,23
1376259096,19,23
1376259700,19,23
1376260304,19,23
1376260788,18,24
1376261374,16,26
1376261979,16,26
1376262342,15,27
1376262483,16,26
1376263088,16,26
1376263692,16,26
1376263932,17,25
1376264103,15,27
1376264707,15,27
1376264768,14,28
1376265372,14,28
1376265976,14,28
1376266058,16,26
1376266318,16,26
1376266514,17,25
1376266559,18,24
1376267163,18,24
1376267767,18,24
1376268371,18,24
1376268512,17,25
1376269116,17,25
1376269456,17,25
1376269505,18,24
1376270109,18,24
1376270409,18,24
1376271013,18,24
1376271111,17,25
1376271714,17,25
1376272318,17,25
1376272461,16,26
1376273065,16,26
1376273669,16,26
1376274273,16,26
1376274877,16,26
1376275480,16,26
1376275846,15,27
1376276450,15,27
1376277054,15,27
1376277659,15,27
1376278262,15,27
1376278866,15,27
1376279470,15,27
1376280074,15,27
1376280679,15,27
1376281282,15,27
1376281886,15,27
1376282490,15,27
1376283093,15,27
1376283216,15,27
1376283228,16,26
1376283832,16,26
1376284436,16,26
1376285041,16,26
1376285645,16,26
1376285740,17,25
1376286259,16,26
1376286574,17,25
1376287053,18,24
1376287626,19,23
1376288262,21,21
1376288421,22,20
1376288857,23,19
1376288895,22,20
1376289133,23,19
1376289216,22,20
1376289272,24,18
1376289456,24,18
1376289472,25,17
1376289596,26,16
1376289804,25,17
1376289972,26,16
1376290017,27,15
1376290136,28,14
1376290263,27,15
1376290362,27,15
1376290394,27,15
1376290481,27,15
1376290676,28,14
1376290743,27,15
1376290817,28,14
1376291421,28,14
1376292025,28,14
1376292081,29,13
1376292393,31,11
1376292696,32,10
1376292814,31,11
1376292881,30,12
1376293243,30,12
1376293256,30,12
1376293662,30,12
1376293676,30,12
1376294281,30,12
1376294885,30,12
1376295488,30,12
1376295757,31,11
1376295917,32,10
1376296420,33,9
1376297024,33,9
1376297359,34,8
1376297962,34,8
1376298566,34,8
1376299170,34,8
1376299774,34,8
1376300183,33,9
1376300562,33,9
1376300565,34,8
1376300959,35,7
1376301563,35,7
1376301907,36,6
1376302283,35,7
1376302887,35,7
1376303218,34,8
1376303611,34,8
1376303913,33,9
1376304522,33,9
1376304535,34,8
1376305139,34,8
1376305215,35,7
1376305717,34,8
1376305727,35,7
1376305813,36,6
1376306075,35,7
1376306321,34,8
1376306970,35,7
1376306999,36,6
1376307603,36,6
1376307725,35,7
1376308329,35,7
1376308934,35,7
1376309122,34,8
1376309345,35,7
1376309955,34,8
1376310154,33,9
1376310398,34,8
1376310855,35,7
1376310944,35,7
1376310981,35,7
1376311081,34,8
1376311140,35,7
1376311422,35,7
1376311468,36,6
1376311576,36,6
1376311608,37,5
1376312212,37,5
1376312439,38,4
1376312562,38,4
1376312565,37,5
1376312924,39,3
1376312975,38,4
1376313009,38,4
1376313053,38,4
1376313116,38,4
1376313183,39,3
1376313268,40,2
1376313634,40,2
1376313751,40,2
1376314355,40,2
1376314841,40,2
1376314854,40,2
1376314960,40,2
1376315046,40,2
1376315657,40,2
1376316261,40,2
1376316479,39,3
1376316565,37,5
1376317170,38,4
1376317238,38,4
1376317247,39,3
1376317851,39,3
1376317955,39,3
1376317994,39,3
1376318598,39,3
1376318850,38,4
1376319096,37,5
1376319523,36,5
1376319660,37,4
1376319729,36,5
1376320181,35,6
1376320428,34,7
1376320842,33,8
1376320897,32,9
1376321036,33,8
1376321244,34,7
1376321366,33,8
1376321671,33,8
1376321922,32,9
1376322006,34,7
1376322067,35,6
1376322223,35,6
1376322429,34,7
1376322519,35,6
1376322582,37,4
1376322584,38,3
1376322671,37,4
1376322943,37,4
1376322953,38,3
1376323168,39,2
1376323597,40,1
1376323912,39,2
1376324061,38,3
1376324163,37,4
1376324292,36,5
1376324366,35,6
1376324708,36,5
1376324876,37,4
1376325082,38,3
1376325139,37,4
1376325488,38,3
1376325938,37,4
1376325981,37,4
1376326103,36,5
1376326183,36,5
1376326275,36,5
1376326327,36,5
1376326526,37,4
1376326840,37,4
1376327472,36,5
1376327594,35,6
1376327651,34,7
1376327850,32,9
1376327944,31,10
1376328195,30,11
1376328401,28,13
1376328404,28,13
1376328637,28,13
1376328649,29,12
1376328754,29,12
1376328822,31,10
1376328851,29,12
1376328920,30,11
1376328963,31,10
1376329047,30,11
1376329254,29,12
1376329414,30,11
1376329602,30,11
1376329605,31,10
1376330080,31,10
1376330093,31,10
1376330160,30,11
1376330500,29,12
1376330563,29,12
1376330572,30,11
1376330676,29,12
1376330960,28,13
1376331334,27,14
1376331460,27,14
1376331697,26,15
1376332179,26,15
1376332190,27,14
1376332287,25,16
1376332534,26,15
1376333019,28,13
1376333489,27,14
1376334093,27,14
1376334171,26,15
1376334333,25,16
1376334503,24,17
1376334613,25,16
1376334693,24,17
1376335106,23,18
1376335164,22,19
1376335204,21,20
1376335460,22,19
1376335720,23,18
1376336040,22,19
1376336649,22,19
1376337254,22,19
1376337452,21,20
1376337617,19,23
1376337878,20,22
1376337908,22,20
1376338030,21,21
1376338283,21,21
1376338770,22,20
1376339048,23,19
1376339649,24,18
1376340161,25,17
1376340224,25,17
1376340226,24,18
1376340309,23,19
1376340652,22,20
1376341267,21,21
1376341870,21,21
1376342474,21,21
1376343078,21,21
1376343462,23,19
1376343573,22,20
1376343602,21,21
1376344207,21,21
1376344708,20,22
1376345282,19,23
1376345886,19,23
1376346107,18,24
1376346482,17,25
1376346882,17,25
1376346885,16,26
1376347489,16,26
1376348092,16,26
1376348696,16,26
1376349300,16,26
1376349904,16,26
1376350508,16,26
1376350963,17,25
1376350989,16,26
1376351593,16,26
1376351880,15,27
1376351930,14,28
1376352534,14,28
1376353138,14,28
1376353741,14,28
1376354345,14,28
1376354949,14,28
1376355264,13,29
1376355868,13,29
1376356472,13,29
1376356822,13,29
1376357426,13,29
1376358030,13,29
1376358634,13,29
1376359237,13,29
1376359842,13,29
1376360446,13,29
1376360862,12,30
1376360883,12,30
1376361486,12,30
1376362090,12,30
1376362697,12,30
1376363301,12,30
1376363905,12,30
1376364509,12,30
1376365112,12,30
1376365721,12,30
1376366324,12,30
1376366928,12,30
1376367532,12,30
1376368136,12,30
1376368740,12,30
1376369343,12,30
1376369947,12,30
1376370113,11,31
1376370557,11,31
1376370605,12,30
1376371159,13,29
1376371763,13,29
1376372367,13,29
1376372971,13,29
1376373131,14,28
1376373198,15,27
1376373689,16,26
1376373883,17,25
1376373885,17,25
1376374053,18,24
1376374169,19,23
1376374431,18,24
1376374513,17,25
1376374664,18,24
1376374723,19,23
1376374782,20,22
1376374795,21,21
1376375277,20,22
1376375401,19,23
1376375483,20,22
1376375795,21,21
1376375835,22,20
1376376086,21,21
1376376196,21,21
1376376255,22,20
1376376463,22,20
1376376475,23,19
1376376714,24,18
1376377319,24,18
1376377575,23,19
1376377647,24,18
1376377745,25,17
1376377799,26,16
1376377880,27,15
1376378182,26,16
1376378290,27,15
1376378439,28,14
1376378494,29,13
1376378982,28,14
1376379502,29,13
1376379783,30,12
1376380259,31,11
1376380901,31,11
1376380909,32,10
1376381378,32,10
1376381388,33,9
1376381563,32,10
1376381565,33,9
1376381694,32,10
1376382152,31,11
1376382683,32,10
1376383201,33,9
1376383335,34,8
1376383939,34,8
1376384201,34,8
1376384203,35,7
1376384808,35,7
1376384889,34,8
1376384971,33,9
1376385023,33,9
1376385069,34,8
1376385162,34,8
1376385218,34,8
1376385822,34,8
1376386239,35,7
1376386459,36,6
1376386505,37,5
1376386764,38,4
1376386865,37,5
1376387469,37,5
1376388098,36,5
1376388127,36,6
1376388427,37,5
1376389031,37,5
1376389216,38,4
1376389361,38,4
1376389364,39,3
1376389447,39,3
1376389961,39,3
1376389964,38,4
1376390263,37,5
1376390271,38,4
1376390683,38,4
1376390686,39,3
1376390792,39,3
1376390919,40,2
1376391097,41,1
1376391702,41,1
1376392305,41,1
1376392703,40,2
1376392765,39,3
1376392832,40,2
1376393138,39,3
1376393744,39,3
1376393995,40,2
1376394599,40,2
1376395204,40,2
1376395528,39,3
1376396133,39,3
1376396500,39,3
1376396509,40,2
1376397113,40,2
1376397679,39,3
1376398283,39,3
1376398888,39,3
1376399492,39,3
1376399677,40,2
1376399980,40,2
1376400028,40,2
1376400085,40,2
1376400162,40,2
1376400520,39,3
1376400546,40,2
1376401150,40,2
1376401483,40,2
1376402088,40,2
1376402332,38,4
1376402438,37,5
1376402535,38,4
1376402597,38,4
1376402628,39,3
1376402878,40,2
1376403133,41,1
1376403455,40,2
1376404059,40,2
1376404242,41,1
1376404270,41,1
1376404337,41,1
1376404508,42,0
1376405112,42,0
1376405717,42,0
1376406321,42,0
1376406925,42,0
1376407083,41,1
1376407169,40,2
1376407422,39,3
1376407772,39,3
1376407808,39,3
1376407894,40,2
1376408498,40,2
1376408857,40,2
1376408869,41,1
1376409265,40,2
1376409723,41,1
1376409822,41,1
1376409831,41,1
1376410103,41,1
1376410228,39,3
1376410647,38,4
1376410885,39,3
1376411373,40,2
1376411782,39,3
1376411920,37,5
1376411930,38,4
1376412161,37,5
1376412168,36,6
1376412335,37,5
1376412593,36,6
1376413062,36,6
1376413071,37,5
1376413225,37,5
1376413259,38,4
1376413525,39,3
1376413933,40,2
1376414254,39,3
1376414501,38,4
1376414510,38,4
1376414736,38,4
1376414772,39,3
1376414822,38,4
1376415224,39,3
1376415226,40,2
1376415402,39,3
1376415447,39,3
1376415601,40,2
1376416069,39,3
1376416157,38,4
1376416302,38,4
1376416310,36,6
1376416483,36,6
1376416649,36,6
1376416682,37,5
1376416763,38,4
1376416840,37,5
1376416863,39,3
1376416918,38,4
1376417203,38,4
1376417212,39,3
1376417286,38,4
1376417552,37,5
1376418100,36,6
1376418169,35,7
1376418613,33,9
1376418784,32,10
1376419058,31,11
1376419662,31,11
1376419718,31,11
1376419726,32,10
1376420330,32,10
1376420835,34,8
1376421439,34,8
1376422043,34,8
1376422493,33,9
1376422632,34,8
1376423066,33,9
1376423670,33,9
1376424162,33,9
1376424173,34,8
1376424778,34,8
1376425382,34,8
1376425901,35,7
1376426505,35,7
1376427109,35,7
1376427449,34,8
1376427587,33,9
1376427965,34,8
1376428294,35,7
1376428594,36,6
1376429198,36,6
1376429426,35,7
1376429657,36,6
1376429725,35,7
1376430041,35,7
1376430044,36,6
1376430648,36,6
1376430789,35,7
1376431363,35,7
1376431394,37,5
1376431999,37,5
1376432603,37,5
1376433076,36,6
1376433541,35,7
1376433800,34,8
1376434405,34,8
1376434483,34,8
1376434578,34,8
1376434931,33,9
1376435165,34,8
1376435606,33,9
1376436210,33,9
1376436450,32,10
1376436883,30,12
1376436989,29,13
1376437440,28,14
1376438044,28,14
1376438648,28,14
1376439252,28,14
1376439856,28,14
1376440460,28,14
1376441063,28,14
1376441667,28,14
1376442272,28,14
1376442876,28,14
1376443211,28,14
1376443334,26,16
1376443939,26,16
1376444542,26,16
1376445146,26,16
1376445750,26,16
1376446003,23,19
1376446608,23,19
1376447213,23,19
1376447817,23,19
1376448421,23,19
1376449026,23,19
1376449630,23,19
1376450235,23,19
1376450839,23,19
1376451442,23,19
1376452046,23,19
1376452650,23,19
1376453253,23,19
1376453857,23,19
1376454462,23,19
1376455066,23,19
1376455670,23,19
1376456274,23,19
1376456877,23,19
1376457276,23,19
1376457291,24,18
1376457446,23,19
1376457521,23,19
1376457537,24,18
1376457687,23,19
1376457907,24,18
1376458511,24,18
1376459097,25,17
1376459427,25,17
1376459498,25,17
1376459545,26,16
1376459662,27,15
1376459733,27,15
1376460338,27,15
1376460582,27,15
1376460629,26,16
1376460660,27,15
1376460836,27,15
1376460901,28,14
1376461422,29,13
1376461477,30,12
1376461538,31,11
1376461712,34,8
1376462316,34,8
1376462541,35,7
1376463144,35,7
1376463368,34,8
1376463481,35,7
1376463562,36,6
1376463703,36,6
1376463742,37,5
1376463792,36,6
1376464262,35,7
1376464403,35,7
1376464437,36,6
1376464523,35,7
1376464842,36,6
1376465312,37,5
1376465539,36,6
1376465624,36,6
1376465634,38,4
1376465772,37,5
1376466376,37,5
1376466979,37,5
1376467238,39,3
1376467842,39,3
1376467919,40,2
1376468523,40,2
1376468881,41,1
1376469400,41,1
1376469408,42,0
1376470009,41,1
1376470614,41,1
1376471218,41,1
1376471822,41,1
1376472099,42,0
1376472331,41,1
1376472359,42,0
1376472963,42,0
1376473567,42,0
1376473754,41,1
1376474382,41,1
1376474385,42,0
1376474990,42,0
1376475593,42,0
1376476198,42,0
1376476803,42,0
1376477351,41,1
1376477946,42,0
1376478550,42,0
1376478808,41,1
1376478839,40,2
1376478937,41,1
1376478999,42,0
1376479083,41,1
1376479133,42,0
1376479738,42,0
1376480343,42,0
1376480947,42,0
1376481550,42,0
1376481853,41,1
1376482216,42,0
1376482820,42,0
1376482967,41,1
1376483202,41,1
1376483219,41,1
1376483824,41,1
1376483936,40,2
1376484362,41,1
1376484973,42,0
1376485577,42,0
1376486180,42,0
1376486299,41,1
1376486385,41,1
1376486502,41,1
1376487111,41,1
1376487315,42,0
1376487919,42,0
1376488523,42,0
1376489127,42,0
1376489624,41,1
1376489701,41,1
1376489855,42,0
1376490433,41,1
1376490637,42,0
1376490703,41,1
1376491309,41,1
1376491913,41,1
1376492517,41,1
1376492606,40,2
1376492804,41,1
1376493027,42,0
1376493279,42,0
1376493289,42,0
1376493602,41,1
1376493659,42,0
1376493736,41,1
1376493773,40,2
1376493866,39,3
1376494003,39,3
1376494061,40,2
1376494069,41,1
1376494600,41,1
1376494747,40,2
1376494815,39,3
1376494851,38,4
1376494963,37,5
1376494966,38,4
1376495063,39,3
1376495204,38,4
1376495312,39,3
1376495375,40,2
1376495443,40,2
1376495457,40,2
1376495838,38,4
1376496044,37,5
1376496047,38,4
1376496399,37,5
1376496530,36,6
1376497001,36,6
1376497051,37,5
1376497107,38,4
1376497648,38,4
1376497722,37,5
1376497724,36,6
1376497833,36,6
1376497884,37,5
1376498013,36,6
1376498159,37,5
1376498324,36,6
1376498331,37,5
1376498665,35,7
1376498916,34,8
1376498950,35,7
1376499133,36,6
1376499387,37,5
1376499603,38,4
1376500207,38,4
1376500296,37,5
1376500603,37,5
1376500776,38,4
1376500798,39,3
1376501061,38,4
1376501204,36,6
1376501227,37,5
1376501551,38,4
1376501633,39,3
1376501853,40,2
1376502253,41,1
1376502511,40,2
1376502703,40,2
1376502752,38,4
1376503003,38,4
1376503064,38,4
1376503109,37,5
1376503150,36,6
1376503474,37,5
1376503962,37,5
1376504067,37,4
1376504106,37,4
1376504168,37,4
1376504502,37,4
1376504526,37,5
1376504682,37,5
1376504690,38,4
1376504936,37,5
1376505400,38,4
1376505439,38,4
1376505490,37,5
1376505807,38,4
1376505872,37,5
1376506269,38,4
1376506873,38,4
1376507193,39,3
1376507732,38,4
1376508027,39,3
1376508054,39,3
1376508132,39,3
1376508187,40,2
1376508499,41,1
1376509104,41,1
1376509146,42,0
1376509593,41,1
1376510198,41,1
1376510802,41,1
1376511342,41,1
1376511351,42,0
1376511954,42,0
1376512558,42,0
1376513161,42,0
1376513766,42,0
1376514370,42,0
1376514973,42,0
1376515225,40,2
1376515603,41,1
1376515606,42,0
1376516218,41,1
1376516823,41,1
1376517392,40,2
1376517506,39,3
1376517577,37,5
1376517643,36,6
1376518248,36,6
1376518853,36,6
1376519457,36,6
1376519525,35,7
1376519859,35,7
1376520463,35,7
1376520567,35,7
1376521121,35,7
1376521131,36,6
1376521237,35,7
1376521455,34,8
1376521515,34,8
1376521599,32,10
1376521639,32,10
1376521698,33,9
1376521775,34,8
1376521878,35,7
1376522091,34,8
1376522695,34,8
1376523216,34,8
1376523249,35,7
1376523337,35,7
1376523370,36,6
1376523674,36,6
1376523723,37,5
1376524327,37,5
1376524774,37,5
1376525378,37,5
1376525981,37,5
1376526586,37,5
1376527106,35,7
1376527710,35,7
1376527781,35,7
1376527791,36,6
1376528435,37,5
1376529039,37,5
1376529609,37,5
1376530213,37,5
1376530417,37,5
1376530446,37,5
1376531050,37,5
1376531381,36,6
1376531392,35,7
1376531996,35,7
1376532315,36,6
1376532919,36,6
1376533084,35,7
1376533688,35,7
1376533971,34,8
1376534381,32,10
1376534986,32,10
1376535589,32,10
1376536193,32,10
1376536797,32,10
1376537401,32,10
1376538004,32,10
1376538608,32,10
1376539213,32,10
1376539818,32,10
1376540421,32,10
1376540720,34,8
1376541324,34,8
1376541929,34,8
1376542534,34,8
1376543138,34,8
1376543742,34,8
1376544346,34,8
1376544950,34,8
1376545555,34,8
1376545988,35,7
1376546592,35,7
1376547196,35,7
1376547638,36,6
1376548242,36,6
1376548847,36,6
1376549313,38,4
1376549547,39,3
1376549848,40,2
1376550030,41,1
1376550395,40,2
1376550999,40,2
1376551436,41,1
1376551806,42,0
1376552115,41,1
1376552318,42,0
1376552922,42,0
1376553526,42,0
1376553710,41,1
1376554253,40,2
1376554621,41,1
1376554721,41,1
1376554728,42,0
1376555334,42,0
1376555508,41,1
1376555715,40,2
1376556002,39,3
1376556195,41,1
1376556400,42,0
1376557048,41,1
1376557652,41,1
1376557944,40,2
1376558548,40,2
1376559152,40,2
1376559756,40,2
1376560360,40,2
1376560766,40,2
1376560819,41,1
1376560863,42,0
1376561467,42,0
1376562058,41,1
1376562177,39,3
1376562576,38,4
1376562943,39,3
1376562967,39,3
1376563057,40,2
1376563662,40,2
1376563685,39,3
1376564289,39,3
1376564671,38,4
1376565025,39,3
1376565629,39,3
1376566233,39,3
1376566837,39,3
1376567133,40,2
1376567704,41,1
1376568093,42,0
1376568434,41,1
1376569039,41,1
1376569643,41,1
1376569839,41,1
1376569864,39,3
1376570468,39,3
1376570845,40,2
1376571449,40,2
1376571632,41,1
1376571691,41,1
1376571861,42,0
1376572465,42,0
1376572875,42,0
1376572992,42,0
1376573044,42,0
1376573648,42,0
1376574252,42,0
1376574326,41,1
1376574901,42,0
1376575320,42,0
1376575801,41,1
1376576071,40,2
1376576200,40,2
1376576207,41,1
1376576801,41,1
1376576816,41,1
1376577420,41,1
1376578024,41,1
1376578216,42,0
1376578820,42,0
1376579423,42,0
1376580027,42,0
1376580631,42,0
1376580879,41,1
1376580990,42,0
1376581543,41,1
1376581545,40,2
1376581651,40,2
1376582255,40,2
1376582532,39,3
1376582645,38,4
1376583086,37,5
1376583218,38,4
1376583341,37,5
1376583462,38,4
1376583473,39,3
1376583703,41,1
1376583880,41,1
1376584419,39,3
1376584428,38,4
1376584511,37,5
1376584871,38,4
1376585313,39,3
1376585917,39,3
1376586392,38,4
1376586880,35,7
1376586903,34,8
1376587454,35,7
1376587524,36,6
1376587903,35,7
1376587933,36,6
1376588317,36,5
1376588338,36,6
1376588493,37,5
1376588790,37,5
1376588836,38,4
1376588896,37,5
1376589280,36,6
1376589819,35,7
1376590424,35,7
1376591028,35,7
1376591631,35,7
1376592236,35,7
1376592518,36,6
1376592709,35,7
1376593257,34,8
1376593861,34,8
1376594008,33,9
1376594182,34,8
1376594398,35,7
1376595002,35,7
1376595074,34,8
1376595677,34,8
1376596281,34,8
1376596818,33,9
1376597422,33,9
1376598026,33,9
1376598103,34,8
1376598708,34,8
1376599312,34,8
1376599841,33,9
1376600157,32,10
1376600550,32,10
1376600617,32,10
1376600649,33,9
1376601254,33,9
1376601858,33,9
1376602462,33,9
1376602693,32,10
1376603298,32,10
1376603383,32,10
1376603386,31,11
1376603498,29,13
1376603741,30,12
1376604345,30,12
1376604950,30,12
1376605555,30,12
1376606159,30,12
1376606253,27,15
1376606858,27,15
1376607461,27,15
1376608065,27,15
1376608295,26,16
1376608660,26,16
1376608677,26,16
1376609071,25,17
1376609503,26,16
1376609535,26,16
1376609801,26,16
1376609847,26,16
1376609880,27,15
1376610337,26,16
1376610940,26,16
1376611544,26,16
1376612148,26,16
1376612619,25,17
1376612646,25,17
1376612686,25,17
1376612803,25,17
1376612843,26,16
1376613447,26,16
1376613701,27,15
1376613712,28,14
1376614019,29,13
1376614529,27,15
1376615065,27,15
1376615108,28,14
1376615712,28,14
1376616009,28,14
1376616612,28,14
1376617216,28,14
1376617820,28,14
1376618424,28,14
1376619028,28,14
1376619631,28,14
1376620235,28,14
1376620839,28,14
1376621443,28,14
1376622046,28,14
1376622125,27,15
1376622729,27,15
1376623333,27,15
1376623936,27,15
1376624540,27,15
1376625144,27,15
1376625748,27,15
1376626351,27,15
1376626956,27,15
1376627560,27,15
1376628163,27,15
1376628558,28,14
1376629161,28,14
1376629765,28,14
1376630140,29,13
1376630745,29,13
1376631348,29,13
1376631952,29,13
1376632556,29,13
1376632921,30,12
1376633525,30,12
1376634129,30,12
1376634193,31,11
1376634797,31,11
1376635401,31,11
1376635598,32,10
1376635650,31,11
1376636072,32,10
1376636322,33,9
1376636454,32,10
1376636613,33,9
1376637217,33,9
1376637821,33,9
1376637884,34,8
1376637896,35,7
1376638122,36,6
1376638726,36,6
1376639262,35,7
1376639298,36,6
1376639539,37,5
1376639567,36,6
1376639801,37,5
1376640405,37,5
1376640763,37,5
1376640765,36,6
1376640916,35,7
1376641108,36,6
1376641712,36,6
1376641822,37,5
1376642394,38,4
1376642490,37,5
1376642515,38,4
1376643121,39,3
1376643491,40,2
1376644095,40,2
1376644353,41,1
1376644688,40,2
1376644815,41,1
1376645419,41,1
1376645823,40,2
1376646427,40,2
1376646610,39,3
1376646650,38,4
1376647240,38,4
1376647276,38,4
1376647483,38,4
1376647485,39,3
1376648090,39,3
1376648436,35,7
1376648455,35,7
1376648845,35,7
1376648910,37,5
1376648973,39,3
1376648994,40,2
1376649193,41,1
1376649797,41,1
1376650401,41,1
1376650536,40,2
1376651140,40,2
1376651158,40,2
1376651233,40,2
1376651557,40,2
1376651567,41,1
1376652000,40,2
1376652095,40,2
1376652127,41,1
1376652303,40,2
1376652503,39,3
1376652759,40,2
1376652830,39,3
1376653435,39,3
1376653503,38,4
1376653586,39,3
1376653882,40,2
1376654486,40,2
1376654705,39,3
1376654784,39,3
1376654859,39,3
1376655468,39,3
1376655797,38,4
1376656401,38,4
1376656837,38,4
1376656893,39,3
1376657497,39,3
1376658102,39,3
1376658231,38,4
1376658424,37,5
1376658989,36,6
1376659035,36,6
1376659123,36,6
1376659131,37,5
1376659246,37,5
1376659363,37,5
1376659437,38,4
1376659714,39,3
1376659741,40,2
1376659877,39,3
1376660203,39,3
1376660237,39,3
1376660456,38,4
1376660636,37,5
1376660793,38,4
1376660943,39,3
1376661111,38,4
1376661174,37,5
1376661236,36,6
1376661326,36,6
1376661392,37,5
1376661627,38,4
1376661846,39,3
1376661986,40,2
1376662062,41,1
1376662666,41,1
1376663271,41,1
1376663503,40,2
1376663549,40,2
1376663590,41,1
1376663900,40,2
1376663943,40,2
1376663994,41,1
1376664599,41,1
1376665202,41,1
1376665806,41,1
1376666411,41,1
1376666733,40,2
1376666969,39,3
1376667090,38,4
1376667134,37,5
1376667238,38,4
1376667392,38,4
1376667444,39,3
1376667505,40,2
1376667624,38,4
1376667679,39,3
1376667859,38,4
1376668142,39,3
1376668303,38,4
1376668357,38,4
1376668398,39,3
1376669002,39,3
1376669289,39,3
1376669560,38,4
1376669668,39,3
1376669854,39,2
1376669917,40,2
1376669945,40,2
1376670043,40,2
1376670101,40,2
1376670133,40,2
1376670187,41,1
1376670454,39,3
1376670645,39,3
1376670656,38,4
1376670764,37,5
1376670812,37,5
1376671220,37,5
1376671296,38,4
1376671379,37,5
1376671479,37,5
1376671506,36,6
1376671589,37,5
1376671663,37,5
1376671783,37,5
1376671816,39,3
1376671893,40,2
1376672131,40,2
1376672736,40,2
1376673299,40,2
1376673935,39,3
1376674540,39,3
1376674706,38,4
1376674943,39,3
1376675524,40,2
1376675681,41,1
1376675710,40,2
1376676315,40,2
1376676391,39,3
1376676581,38,4
1376677185,38,4
1376677595,36,6
1376678199,36,6
1376678490,35,7
1376678889,36,6
1376678995,35,7
1376679305,34,8
1376679564,34,8
1376679594,35,7
1376680053,36,6
1376680455,35,7
1376680631,34,8
1376681006,33,9
1376681610,33,9
1376682214,33,9
1376682818,33,9
1376683027,34,8
1376683631,34,8
1376683855,33,9
1376684459,33,9
1376685063,33,9
1376685448,34,8
1376685789,33,9
1376686393,33,9
1376686482,33,9
1376686485,32,10
1376687090,32,10
1376687586,31,11
1376687736,29,13
1376687783,29,13
1376688225,30,12
1376688522,29,13
1376689126,29,13
1376689401,30,12
1376690005,30,12
1376690609,30,12
1376691212,30,12
1376691400,30,12
1376691409,31,11
1376691702,28,13
1376691712,29,13
1376691774,27,15
1376692378,27,15
1376692982,27,15
1376693586,27,15
1376694191,27,15
1376694800,28,14
1376694990,30,12
1376695594,30,12
1376696197,29,13
1376696802,29,13
1376696842,28,14
1376697078,29,13
1376697682,29,13
1376698287,29,13
1376698369,28,14
1376698973,28,14
1376699577,28,14
1376699774,27,15
1376699818,28,14
1376700156,28,14
1376700183,29,13
1376700814,30,12
1376700969,30,12
1376701021,31,11
1376701364,31,11
1376701371,32,10
1376701975,32,10
1376702418,32,10
1376702498,32,10
1376703102,32,10
1376703707,32,10
1376704310,32,10
1376704914,32,10
1376705012,30,12
1376705616,30,12
1376705675,29,13
1376706279,29,13
1376706883,29,13
1376707336,28,14
1376707939,28,14
1376708543,28,14
1376709147,28,14
1376709751,28,14
1376710355,28,14
1376710958,28,14
1376711562,28,14
1376712166,28,14
1376712770,28,14
1376713374,28,14
1376713978,28,14
1376714583,28,14
1376715187,28,14
1376715790,28,14
1376716394,28,14
1376716998,28,14
1376717142,29,13
1376717745,29,13
1376718350,29,13
1376718954,29,13
1376719387,30,12
1376719873,31,11
1376719980,30,12
1376720584,30,12
1376721188,30,12
1376721791,30,12
1376722395,30,12
1376722999,30,12
1376723490,31,11
1376724093,31,11
1376724332,30,12
1376724882,31,11
1376724891,32,10
1376725005,32,10
1376725007,33,9
1376725363,33,9
1376725371,34,8
1376725827,35,7
1376726431,35,7
1376726737,35,7
1376726799,36,6
1376727252,35,7
1376727856,35,7
1376728026,36,6
1376728630,36,6
1376728725,36,6
1376728754,35,7
1376728809,35,7
1376728904,35,7
1376728958,35,7
1376728991,36,6
1376729051,35,7
1376729171,34,8
1376729240,34,8
1376729359,34,8
1376729402,34,8
1376729791,33,9
1376729858,32,10
1376729910,32,10
1376729945,33,9
1376730402,33,9
1376730410,34,8
1376730601,35,7
1376730743,34,8
1376731347,34,8
1376731951,34,8
1376732555,34,8
1376732731,33,9
1376732849,33,9
1376732900,33,9
1376733504,33,9
1376734108,33,9
1376734181,32,10
1376734785,32,10
1376734960,32,10
1376734971,32,10
1376735082,32,10
1376735204,32,10
1376735237,32,10
1376735284,31,11
1376735888,31,11
1376736263,30,12
1376736292,28,14
1376736404,27,15
1376736865,28,14
1376737325,29,13
1376737782,28,14
1376738151,27,15
1376738755,27,15
1376739180,26,16
1376739280,26,16
1376739351,26,16
1376739457,26,16
1376739500,27,15
1376739581,29,13
1376739725,30,12
1376740302,30,12
1376740554,29,13
1376741083,29,13
1376741105,30,12
1376741159,31,11
1376741260,29,13
1376741374,29,13
1376741441,29,13
1376741457,31,11
1376742061,31,11
1376742665,31,11
1376742804,32,10
1376743236,33,9
1376743766,33,9
1376743844,34,8
1376743862,35,7
1376743945,36,6
1376744550,36,6
1376745154,36,6
1376745282,36,6
1376745285,37,5
1376745767,37,5
1376745883,37,5
1376745943,37,5
1376745982,37,5
1376746109,37,5
1376746288,38,4
1376746352,37,5
1376746956,37,5
1376747070,36,6
1376747142,35,7
1376747200,35,7
1376747221,36,6
1376747334,37,5
1376747474,38,4
1376748078,38,4
1376748682,38,4
1376748966,38,4
1376749098,39,3
1376749291,39,3
1376749876,39,3
1376750113,40,2
1376750153,39,3
1376750521,38,4
1376750865,37,5
1376750871,39,3
1376751242,38,4
1376751349,38,4
1376751428,39,3
1376751488,38,4
1376751565,39,3
1376751591,38,4
1376751856,39,3
1376752362,40,2
1376752365,39,3
1376752543,40,2
1376752562,39,3
1376753141,38,4
1376753383,38,4
1376753386,39,3
1376753486,38,4
1376753731,39,3
1376754335,39,3
1376754939,39,3
1376754999,38,4
1376755010,39,3
1376755656,39,3
1376756085,39,3
1376756087,38,4
1376756250,39,3
1376756282,39,3
1376756886,39,3
1376757489,39,3
1376757607,38,4
1376757732,39,3
1376758324,39,3
1376758562,38,4
1376758834,39,3
1376758851,38,4
1376759455,38,4
1376759678,37,5
1376759925,38,4
1376759927,37,5
1376760460,38,4
1376761064,38,4
1376761175,38,4
1376761195,38,4
1376761662,37,5
1376761800,37,5
1376761890,37,5
1376761931,38,4
1376762357,39,3
1376762539,39,3
1376762679,39,3
1376762711,39,3
1376762772,40,2
1376762863,38,4
1376762898,38,4
1376763007,38,4
1376763091,40,2
1376763150,38,4
1376763755,38,4
1376764120,37,5
1376764138,37,5
1376764242,37,5
1376764251,38,4
1376764481,39,3
1376764532,38,4
1376764808,39,3
1376764861,38,4
1376765001,37,5
1376765051,38,4
1376765601,37,5
1376766134,36,6
1376766212,35,7
1376766816,35,7
1376767420,35,7
1376768024,35,7
1376768258,34,8
1376768310,33,9
1376768914,33,9
1376768930,32,10
1376769440,31,11
1376769854,30,12
1376769911,28,14
1376769963,26,16
1376770050,27,15
1376770356,26,16
1376770639,25,17
1376771189,25,17
1376771216,27,15
1376771304,28,14
1376771361,27,15
1376771810,26,16
1376771910,25,17
1376772464,25,17
1376772467,24,18
1376772801,23,19
1376773004,23,19
1376773061,25,17
1376773110,23,19
1376773240,22,20
1376773306,23,19
1376773342,22,20
1376773422,24,18
1376773471,25,17
1376773537,25,17
1376773584,26,16
1376774189,26,16
1376774324,25,17
1376774559,26,16
1376774627,26,16
1376774681,26,16
1376774744,26,16
1376774754,27,15
1376775358,27,15
1376775963,27,15
1376776147,26,16
1376776199,25,17
1376776804,25,17
1376777408,25,17
1376778012,25,17
1376778617,25,17
1376779171,26,16
1376779573,26,16
1376779620,27,15
1376779955,28,14
1376780004,29,13
1376780608,29,13
1376781212,29,13
1376781816,29,13
1376782420,29,13
1376783024,29,13
1376783095,28,14
1376783611,27,15
1376784135,28,14
1376784383,27,15
1376784858,26,16
1376785463,26,16
1376785855,25,17
1376786444,24,18
1376786562,23,19
1376787166,23,19
1376787325,24,18
1376787352,23,19
1376787440,24,18
1376787560,22,20
1376788164,22,20
1376788813,22,20
1376788953,21,21
1376789557,21,21
1376790162,21,21
1376790767,21,21
1376791371,21,21
1376791976,21,21
1376792250,20,22
1376792349,20,22
1376792954,20,22
1376793059,19,23
1376793663,19,23
1376793899,18,24
1376794504,17,25
1376795109,17,25
1376795714,17,25
1376796317,17,25
1376796538,16,26
1376797144,16,26
1376797747,16,26
1376798351,16,26
1376798956,16,26
1376799560,16,26
1376800165,16,26
1376800770,16,26
1376801374,16,26
1376801979,16,26
1376802583,16,26
1376803188,16,26
1376803792,16,26
1376804396,16,26
1376805000,16,26
1376805605,16,26
1376806041,15,27
1376806645,15,27
1376806755,16,26
1376807360,16,26
1376807964,16,26
1376808274,17,25
1376808878,17,25
1376809136,16,26
1376809739,16,26
1376810343,16,26
1376810947,16,26
1376811257,15,27
1376811860,15,27
1376812464,15,27
1376813068,15,27
1376813350,14,28
1376813442,15,27
1376813486,14,28
1376814090,14,28
1376814694,14,28
1376815298,14,28
1376815560,13,29
1376816164,13,29
1376816768,13,29
1376817319,12,30
1376817924,12,30
1376818527,12,30
1376818950,13,29
1376819317,12,30
1376819364,13,29
1376819390,14,28
1376819994,14,28
1376820597,14,28
1376821201,14,28
1376821805,14,28
1376822038,13,29
1376822228,14,28
1376822477,15,27
1376822947,14,28
1376823552,14,28
1376824181,15,27
1376824757,16,26
1376825363,16,26
1376825452,15,27
1376826045,16,26
1376826217,15,27
1376826268,16,26
1376826582,16,26
1376826596,16,26
1376826698,16,26
1376826709,17,25
1376826806,16,26
1376826990,17,25
1376827265,16,26
1376827719,16,26
1376827837,15,27
1376827957,16,26
1376827986,15,27
1376828075,16,26
1376828274,15,27
1376828921,15,27
1376828924,14,28
1376829357,12,30
1376829694,13,29
1376829879,12,30
1376830484,12,30
1376831088,12,30
1376831315,11,31
1376831920,11,31
1376832009,11,31
1376832162,9,33
1376832215,6,36
1376832337,7,35
1376832351,8,34
1376832458,8,34
1376832764,8,34
1376832822,10,32
1376832874,10,32
1376832910,11,31
1376832948,11,31
