1376208348,14,10
1376208952,14,10
1376209556,14,10
1376210160,14,10
1376210284,13,11
1376210374,14,10
1376210784,13,11
1376211388,13,11
1376211813,14,10
1376211865,13,11
1376212469,13,11
1376212600,14,10
1376212626,13,11
1376213230,13,11
1376213859,13,11
1376213867,14,10
1376214203,13,11
1376214808,13,11
1376215223,12,12
1376215828,12,12
1376215963,12,12
1376215966,11,13
1376216414,10,14
1376216799,11,13
1376217021,12,12
1376217378,11,13
1376217982,11,13
1376218466,12,12
1376218583,11,13
1376218804,12,12
1376218909,11,13
1376219513,11,13
1376219972,10,14
1376220576,10,14
1376220609,11,13
1376220681,12,12
1376221085,11,13
1376221182,10,14
1376221214,10,14
1376221291,11,13
1376221322,12,12
1376221474,13,11
1376221954,14,10
1376222282,15,9
1376222351,16,8
1376222955,16,8
1376223558,16,8
1376223742,17,7
1376223877,16,8
1376224480,16,8
1376225084,16,8
1376225361,15,9
1376225560,14,10
1376225579,13,11
1376226183,13,11
1376226787,13,11
1376227391,13,11
1376227995,13,11
1376228195,14,10
1376228799,14,10
1376229403,14,10
1376229856,15,9
1376230018,16,8
1376230621,16,8
1376230969,15,9
1376231572,15,9
1376231660,16,8
1376232269,16,8
1376232873,16,8
1376233477,16,8
1376234080,16,8
1376234687,16,8
1376235291,16,8
1376235895,16,8
1376236499,16,8
1376236759,15,9
1376237074,16,8
1376237678,16,8
1376238282,16,8
1376238454,16,8
1376238499,17,7
1376238534,17,7
1376238777,16,8
1376238882,15,9
1376238892,13,11
1376239181,15,9
1376239221,15,9
1376239280,16,8
1376239884,16,8
1376239913,15,9
1376240518,15,9
1376240864,15,9
1376240887,13,11
1376241491,13,11
1376241880,13,11
1376241883,12,12
1376242487,12,12
1376242994,11,13
1376243598,11,13
1376244034,12,12
1376244101,13,11
1376244108,14,10
1376244712,14,10
1376244984,13,11
1376245443,12,12
1376245787,11,13
1376246391,11,13
1376246994,11,13
1376247581,11,13
1376247590,12,12
1376247670,13,11
1376247917,12,12
1376248521,12,12
1376248720,13,11
1376249172,14,10
1376249777,14,10
1376250380,14,10
1376250984,14,10
1376251589,14,10
1376252082,13,11
1376252100,13,11
1376252703,13,11
1376252982,12,12
1376252998,12,12
1376253098,13,11
1376253141,12,12
1376253745,12,12
1376253924,14,10
1376254218,13,11
1376254823,13,11
1376254917,13,11
1376255011,14,10
1376255054,14,10
1376255130,14,10
1376255170,16,8
1376255774,16,8
1376256377,16,8
1376256642,14,10
1376257246,14,10
1376257850,14,10
1376258454,14,10
1376258690,13,11
1376259294,13,11
1376259878,13,11
1376259886,14,10
1376260491,14,10
1376261094,14,10
1376261698,14,10
1376262302,14,10
1376262906,14,10
1376263237,16,8
1376263841,16,8
1376264446,16,8
1376265050,16,8
1376265653,16,8
1376266257,16,8
1376266861,16,8
1376267465,16,8
1376268068,16,8
1376268672,16,8
1376269276,16,8
1376269711,16,8
1376270315,16,8
1376270919,16,8
1376271101,15,8
1376271111,15,9
1376271715,15,9
1376272318,15,9
1376272922,15,9
1376273526,15,9
1376274130,15,9
1376274733,15,9
1376274837,14,10
1376275441,14,10
1376276044,14,10
1376276648,14,10
1376277253,14,10
1376277856,14,10
1376278460,14,10
1376279064,14,10
1376279668,14,10
1376280272,14,10
1376280875,14,10
1376281333,15,9
1376281938,15,9
1376282187,14,10
1376282791,14,10
1376283085,14,10
1376283111,15,9
1376283535,14,10
1376284138,14,10
1376284742,14,10
1376284836,13,11
1376285441,13,11
1376286044,13,11
1376286648,13,11
1376287252,13,11
1376287868,14,10
1376288383,14,10
1376288418,16,8
1376289021,16,8
1376289625,16,8
1376290229,16,8
1376290421,16,8
1376290455,18,6
1376291060,18,6
1376291663,18,6
1376291802,18,6
1376291834,18,6
1376291953,19,6
1376292190,18,7
1376292341,18,7
1376292810,19,6
1376293075,18,7
1376293674,19,6
1376294278,19,6
1376294881,19,6
1376295340,19,6
1376295343,20,5
1376295947,20,5
1376296178,21,4
1376296601,21,4
1376296611,22,3
1376296830,21,4
1376297435,21,4
1376298038,21,4
1376298401,21,4
1376298409,22,3
1376299012,22,3
1376299654,21,4
1376300258,21,4
1376300863,21,4
1376300921,21,4
1376300928,22,3
1376301400,23,2
1376301421,22,3
1376302040,23,2
1376302644,23,2
1376302946,22,3
1376302975,23,2
1376303579,23,2
1376304183,23,2
1376304821,23,2
1376304824,22,3
1376305055,19,6
1376305122,16,9
1376305177,13,12
1376305236,9,16
1376305839,9,16
1376306444,9,16
1376307048,9,16
1376307651,9,16
1376308256,9,16
1376308860,9,16
1376309469,9,16
1376310074,9,16
1376310678,9,16
1376311282,9,16
1376311885,9,16
1376312489,9,16
1376313094,9,16
1376313380,10,15
1376313729,11,14
1376314333,11,14
1376314937,11,14
1376315063,12,13
1376315143,13,12
1376315191,13,12
1376315208,14,11
1376315812,14,11
1376316041,15,10
1376316645,15,10
1376317249,15,10
1376317597,16,9
1376318201,16,9
1376318805,16,9
1376319409,16,9
1376320012,16,9
1376320284,17,8
1376320888,17,8
1376321492,17,8
1376322096,17,8
1376322200,18,7
1376322256,18,7
1376322297,19,6
1376322431,18,7
1376322513,18,7
1376322538,18,7
1376322920,17,8
1376323525,17,8
1376323960,18,7
1376324494,17,8
1376324513,18,7
1376325117,18,7
1376325721,18,7
1376326325,18,7
1376326460,17,8
1376326771,16,9
1376327376,16,9
1376327681,16,9
1376327684,17,8
1376328288,17,8
1376328578,17,8
1376328588,18,7
1376329113,18,6
1376329147,19,6
1376329600,19,6
1376329619,21,4
1376330223,21,4
1376330666,22,3
1376331269,22,3
1376331874,22,3
1376332148,23,2
1376332271,22,3
1376332877,22,3
1376333481,22,3
1376333788,19,6
1376334392,19,6
1376334995,19,6
1376335013,20,5
1376335617,20,5
1376336221,20,5
1376336826,20,5
1376336892,20,5
1376337496,20,5
1376337929,18,7
1376338532,18,7
1376339136,18,7
1376339740,18,7
1376340344,18,7
1376340961,16,9
1376341503,15,10
1376342077,16,9
1376342778,16,9
1376343381,16,9
1376343796,17,8
1376344399,17,8
1376344481,18,7
1376345085,18,7
1376345688,18,7
1376346293,18,7
1376346897,18,7
1376347500,18,7
1376348104,18,7
1376348379,18,7
1376348412,19,6
1376349016,19,6
1376349620,19,6
1376350224,19,6
1376350828,19,6
1376351431,19,6
1376352036,19,6
1376352639,19,6
1376353243,19,6
1376353847,19,6
1376354451,19,6
1376355055,19,6
1376355658,19,6
1376356112,19,6
1376356716,19,6
1376357321,19,6
1376357925,19,6
1376358355,19,6
1376358960,19,6
1376359563,19,6
1376360167,19,6
1376360771,19,6
1376361375,19,6
1376361978,19,6
1376362582,19,6
1376363186,19,6
1376363790,19,6
1376364393,19,6
1376364998,19,6
1376365602,19,6
1376366206,19,6
1376366809,19,6
1376367413,19,6
1376368033,18,7
1376368081,17,8
1376368165,18,7
1376368268,17,8
1376368871,17,8
1376369475,17,8
1376370079,17,8
1376370683,17,8
1376371287,17,8
1376371891,17,8
1376371958,18,7
1376372042,17,8
1376372491,16,9
1376373095,16,9
1376373698,16,9
1376374302,16,9
1376374433,17,8
1376374723,18,7
1376374750,19,6
1376375319,19,6
1376375327,20,5
1376375931,20,5
1376376535,20,5
1376377138,20,5
1376377742,20,5
1376378346,20,5
1376378413,21,4
1376379017,21,4
1376379476,21,4
1376380079,21,4
1376380684,21,4
1376381062,22,3
1376381666,22,3
1376382270,22,3
1376382720,23,2
1376383194,24,1
1376383798,24,1
1376384403,24,1
1376385006,24,1
1376385610,24,1
1376386214,24,1
1376386817,24,1
1376387299,25,0
1376387699,24,1
1376388303,24,1
1376388907,24,1
1376389540,23,2
1376389555,23,2
1376389682,24,1
1376389794,23,2
1376390398,23,2
1376391002,23,2
1376391606,23,2
1376392122,19,6
1376392125,18,7
1376392729,18,7
1376393178,18,7
1376393216,19,6
1376393495,20,5
1376393833,19,6
1376394464,18,7
1376395068,18,7
1376395334,19,6
1376395937,19,6
1376396541,19,6
1376397070,20,5
1376397674,20,5
1376398278,20,5
1376398882,20,5
1376399486,20,5
1376400091,20,5
1376400695,20,5
1376401298,20,5
1376401903,20,5
1376402508,20,5
1376403111,20,5
1376403583,20,5
1376403592,21,4
1376403943,21,4
1376404000,23,2
1376404604,23,2
1376405208,23,2
1376405383,22,3
1376405386,21,4
1376405990,21,4
1376406594,21,4
1376407198,21,4
1376407801,21,4
1376408405,21,4
1376408453,20,5
1376409056,20,5
1376409660,20,5
1376410264,20,5
1376410417,21,4
1376411021,21,4
1376411166,22,3
1376411656,21,4
1376412261,21,4
1376412676,22,3
1376413280,22,3
1376413359,21,4
1376413964,21,4
1376414497,21,4
1376414509,22,3
1376415036,23,2
1376415400,22,3
1376415854,21,4
1376416031,22,3
1376416635,22,3
1376417238,22,3
1376417842,22,3
1376418193,20,5
1376418797,20,5
1376419194,19,6
1376419510,20,5
1376420113,20,5
1376420524,19,6
1376421102,19,6
1376421104,20,5
1376421207,18,7
1376421403,19,6
1376421870,20,5
1376422078,19,6
1376422209,20,5
1376422814,20,5
1376423417,20,5
1376423739,19,6
1376423801,20,5
1376423878,21,4
1376424483,21,4
1376425087,21,4
1376425690,21,4
1376426105,20,5
1376426546,19,6
1376427150,19,6
1376427754,19,6
1376427799,18,7
1376428403,18,7
1376429007,18,7
1376429611,18,7
1376430214,18,7
1376430818,18,7
1376431422,18,7
1376432026,18,7
1376432452,17,8
1376432583,16,9
1376433187,16,9
1376433791,16,9
1376434394,16,9
1376434643,16,9
1376434688,16,9
1376434782,17,8
1376434784,17,8
1376434902,19,6
1376435507,19,6
1376436102,18,7
1376436706,18,7
1376437084,17,8
1376437638,16,9
1376438242,16,9
1376438846,16,9
1376439449,16,9
1376439937,15,10
1376440540,15,10
1376441144,15,10
1376441748,15,10
1376442509,15,10
1376443113,15,10
1376443717,15,10
1376444321,15,10
1376444925,15,10
1376445528,15,10
1376446131,15,10
1376446735,15,10
1376447339,15,10
1376447943,15,10
1376448546,15,10
1376449150,15,10
1376449754,15,10
1376450358,15,10
1376450962,15,10
1376451565,15,10
1376452169,15,10
1376452773,15,10
1376452982,15,10
1376453586,15,10
1376454162,14,11
1376454264,15,10
1376454868,15,10
1376455082,14,11
1376455255,13,12
1376455859,13,12
1376456463,13,12
1376457066,13,12
1376457670,13,12
1376458275,13,12
1376458878,13,12
1376459482,13,12
1376460043,13,12
1376460051,14,11
1376460243,15,10
1376460560,14,11
1376461164,14,11
1376461483,15,10
1376462087,15,10
1376462601,14,11
1376462917,15,10
1376463521,15,10
1376464125,15,10
1376464729,15,10
1376465333,15,10
1376465617,16,9
1376466221,16,9
1376466825,16,9
1376467429,16,9
1376468039,17,8
1376468643,17,8
1376469247,17,8
1376469851,17,8
1376470455,17,8
1376471059,17,8
1376471098,18,7
1376471702,18,7
1376471905,19,6
1376472194,19,6
1376472240,19,6
1376472326,20,5
1376472742,19,6
1376472781,19,6
1376473386,19,6
1376473990,19,6
1376474222,20,5
1376474443,21,4
1376475046,21,4
1376475553,20,5
1376475698,19,6
1376475823,20,5
1376475840,21,4
1376476444,21,4
1376476929,20,5
1376477030,19,6
1376477633,19,6
1376478261,20,5
1376478865,20,5
1376479469,20,5
1376480073,20,5
1376480677,20,5
1376481280,20,5
1376481884,20,5
1376482232,22,3
1376482835,22,3
1376483322,22,3
1376483926,22,3
1376484530,22,3
1376485133,22,3
1376485737,22,3
1376486341,22,3
1376486671,23,2
1376486856,22,3
1376487460,22,3
1376487880,23,2
1376488484,23,2
1376488952,23,2
1376488986,24,1
1376489590,24,1
1376490194,24,1
1376490798,24,1
1376491402,24,1
1376492005,24,1
1376492163,23,2
1376492455,24,1
1376493059,24,1
1376493662,24,1
1376494266,24,1
1376494578,23,2
1376495183,23,2
1376495787,23,2
1376495902,22,3
1376496079,21,4
1376496683,21,4
1376496760,22,3
1376497363,22,3
1376497760,23,2
1376498364,23,2
1376498755,22,3
1376498832,23,2
1376499219,23,2
1376499244,23,1
1376499848,23,2
1376500204,24,1
1376500323,24,1
1376500926,24,1
1376501230,23,2
1376501835,23,2
1376502184,24,1
1376502788,24,1
1376503392,24,1
1376503995,24,1
1376504599,24,1
1376505203,24,1
1376505807,24,1
1376506416,24,1
1376507020,24,1
1376507450,23,2
1376507908,22,3
1376508512,22,3
1376509116,22,3
1376509719,22,3
1376510280,23,2
1376510884,23,2
1376511487,23,2
1376511838,24,1
1376512443,24,1
1376513047,24,1
1376513650,24,1
1376514254,24,1
1376514858,24,1
1376515462,24,1
1376516065,24,1
1376516669,24,1
1376517273,24,1
1376517877,24,1
1376518058,23,2
1376518567,23,2
1376518784,23,2
1376518787,22,3
1376518880,21,4
1376519186,21,4
1376519366,20,5
1376519702,20,5
1376520306,20,5
1376520644,20,5
1376520646,19,6
1376521250,19,6
1376521854,19,6
1376522336,19,6
1376522441,19,6
1376522503,19,6
1376522510,19,6
1376522723,20,5
1376523342,20,5
1376523404,20,5
1376523453,20,5
1376523523,20,5
1376523562,20,5
1376523622,20,5
1376524150,21,4
1376524266,20,5
1376524588,20,5
1376525192,20,5
1376525796,20,5
1376525980,19,6
1376526378,18,7
1376526982,18,7
1376527586,18,7
1376528190,18,7
1376528914,18,7
1376529017,18,7
1376529437,17,8
1376529572,18,7
1376530176,18,7
1376530780,18,7
1376531384,18,7
1376531987,18,7
1376532591,18,7
1376533195,18,7
1376533799,18,7
1376534402,18,7
1376535006,18,7
1376535610,18,7
1376536213,18,7
1376536817,18,7
1376537421,18,7
1376538025,18,7
1376538629,18,7
1376539232,18,7
1376539836,18,7
1376540440,18,7
1376541044,18,7
1376541648,18,7
1376542251,18,7
1376542644,18,7
1376542693,17,8
1376543297,17,8
1376543901,17,8
1376544505,17,8
1376545109,17,8
1376545712,17,8
1376546316,17,8
1376546673,18,7
1376547276,18,7
1376547880,18,7
1376548484,18,7
1376549087,18,7
1376549691,18,7
1376550295,18,7
1376550899,18,7
1376551503,18,7
1376552106,18,7
1376552394,19,6
1376552998,19,6
1376553602,19,6
1376554206,19,6
1376554594,20,5
1376555198,20,5
1376555673,21,4
1376555700,21,4
1376556008,22,3
1376556612,22,3
1376557215,22,3
1376557819,22,3
1376558423,22,3
1376558496,22,3
1376558519,23,2
1376559124,23,2
1376559402,22,3
1376559404,21,4
1376560008,21,4
1376560612,21,4
1376561223,19,6
1376561826,19,6
1376562094,20,5
1376562697,20,5
1376563301,20,5
1376563793,21,4
1376564398,21,4
1376565001,21,4
1376565535,22,3
1376565612,23,2
1376566216,23,2
1376566570,22,3
1376567173,22,3
1376567777,22,3
1376568381,22,3
1376568425,21,4
1376569029,21,4
1376569633,21,4
1376570237,21,4
1376570373,22,3
1376570862,21,3
1376570907,21,4
1376570973,20,5
1376571011,20,5
1376571070,20,5
1376571156,21,4
1376571197,22,3
1376571801,22,3
1376572142,20,5
1376572289,21,4
1376572361,21,4
1376572405,21,4
1376572448,22,3
1376572527,23,2
1376572685,23,2
1376572830,24,1
1376573434,24,1
1376573943,23,2
1376574546,23,2
1376575150,23,2
1376575754,23,2
1376575889,23,2
1376575925,24,1
1376576529,24,1
1376576588,23,2
1376577062,22,3
1376577205,22,3
1376577333,22,3
1376577937,17,3
1376578540,17,3
1376578652,17,3
1376578683,18,2
1376579089,19,2
1376579249,18,3
1376579853,22,3
1376580457,22,3
1376581060,22,3
1376581301,22,3
1376581308,23,2
1376581912,23,2
1376582344,22,3
1376582948,22,3
1376583552,22,3
1376584156,22,3
1376584621,21,4
1376585240,22,3
1376585842,21,4
1376586142,22,3
1376586448,21,4
1376586615,22,3
1376586942,21,4
1376586979,21,4
1376587062,21,4
1376587071,22,3
1376587714,21,4
1376588318,21,4
1376588922,21,4
1376589526,21,4
1376589987,22,3
1376590591,22,3
1376591194,22,3
1376591539,22,3
1376591600,22,3
1376591678,23,2
1376591740,23,2
1376591775,23,2
1376591841,24,1
1376592446,24,1
1376593038,21,4
1376593643,21,4
1376593686,22,3
1376594290,22,3
1376594894,22,3
1376595497,22,3
1376596101,22,3
1376596361,24,1
1376596964,24,1
1376597568,24,1
1376598172,24,1
1376598776,24,1
1376599380,24,1
1376599984,24,1
1376600587,24,1
1376600921,23,2
1376601525,23,2
1376602129,23,2
1376602733,23,2
1376602962,21,4
1376603566,21,4
1376603708,20,5
1376604311,20,5
1376604437,18,7
1376605041,18,7
1376605645,18,7
1376606248,18,7
1376606852,18,7
1376607252,17,8
1376607856,17,8
1376608478,18,7
1376609082,18,7
1376609686,18,7
1376610289,18,7
1376610893,18,7
1376611497,18,7
1376612101,18,7
1376612604,17,8
1376613208,17,8
1376613287,16,9
1376613891,16,9
1376614042,16,9
1376614259,16,9
1376614349,16,9
1376614650,17,8
1376614700,16,9
1376615113,17,8
1376615311,16,9
1376615404,16,9
1376616008,16,9
1376616412,15,10
1376617016,15,10
1376617620,15,10
1376618223,15,10
1376618827,15,10
1376619214,15,10
1376619818,15,10
1376620422,15,10
1376621025,15,10
1376621630,15,10
1376622234,15,10
1376622838,15,10
1376623441,15,10
1376624045,15,10
1376624649,15,10
1376625253,15,10
1376625856,15,10
1376626420,14,11
1376626889,13,12
1376627214,14,11
1376627316,13,12
1376627920,13,12
1376628523,13,12
1376629127,13,12
1376629731,13,12
1376630335,13,12
1376630938,13,12
1376631542,13,12
1376631780,12,13
1376632289,13,12
1376632893,13,12
1376633497,13,12
1376634101,13,12
1376634277,12,13
1376634455,13,12
1376634476,14,11
1376635080,14,11
1376635363,14,11
1376635370,15,10
1376635573,14,11
1376636160,13,12
1376636765,13,12
1376636826,14,11
1376637430,14,11
1376638033,14,11
1376638637,14,11
1376639241,14,11
1376639845,14,11
1376640448,14,11
1376640642,14,11
1376640644,15,10
1376641093,16,9
1376641696,16,9
1376642322,17,8
1376642926,17,8
1376643376,18,7
1376643565,19,6
1376643878,20,5
1376644287,19,6
1376644891,19,6
1376645143,19,6
1376645146,20,5
1376645749,20,5
1376646353,20,5
1376646956,20,5
1376647560,20,5
1376648164,20,5
1376648768,20,5
1376649372,20,5
1376649975,20,5
1376650580,20,5
1376651184,20,5
1376651580,22,3
1376651765,23,2
1376651972,22,3
1376652043,18,7
1376652046,17,8
1376652700,16,9
1376653102,15,10
1376653706,15,10
1376653737,16,9
1376654324,17,9
1376654368,16,10
1376654971,14,7
1376655575,14,7
1376655951,13,8
1376656292,13,8
1376656340,13,8
1376656520,13,8
1376656551,13,8
1376656757,13,8
1376656810,14,7
1376656921,14,7
1376657252,15,6
1376657313,15,6
1376657381,15,6
1376657406,14,7
1376657530,14,7
1376657675,14,7
1376657737,16,5
1376657901,16,5
1376658506,16,5
1376658883,15,6
1376659488,15,6
1376660092,15,6
1376660695,15,6
1376661299,15,6
1376661681,16,5
1376662285,16,5
1376662889,16,5
1376663493,16,5
1376664097,16,5
1376664504,16,5
1376664571,16,5
1376664929,15,6
1376664955,14,7
1376665421,14,7
1376665438,14,7
1376665537,14,7
1376665570,14,7
1376665618,15,6
1376666222,15,6
1376666854,16,5
1376667458,16,5
1376667598,15,6
1376668202,15,6
1376668586,16,5
1376669191,16,5
1376669794,16,5
1376669864,16,4
1376669874,17,4
1376670015,16,5
1376670413,15,6
1376671017,15,6
1376671622,15,6
1376672225,15,6
1376672828,16,5
1376673432,16,5
1376674036,16,5
1376674596,16,5
1376674608,17,4
1376674742,16,5
1376675352,16,5
1376675956,16,5
1376676397,17,4
1376676689,16,5
1376677293,16,5
1376677402,17,4
1376678006,17,4
1376678203,18,4
1376678205,17,5
1376678810,18,7
1376679413,18,7
1376679521,17,8
1376679554,16,9
1376679641,16,9
1376679741,16,9
1376679807,16,9
1376679854,18,7
1376679943,17,8
1376679972,17,8
1376680576,17,8
1376680663,17,8
1376680666,18,7
1376680840,17,8
1376681445,17,8
1376682048,17,8
1376682131,18,7
1376682275,17,8
1376682879,17,8
1376683106,17,8
1376683142,18,7
1376683746,18,7
1376684213,17,8
1376684816,17,8
1376684997,18,7
1376685601,18,7
1376686204,18,7
1376686808,18,7
1376687360,17,8
1376687964,17,8
1376688568,17,8
1376688924,15,10
1376688982,14,11
1376689029,14,11
1376689101,16,9
1376689705,16,9
1376690309,16,9
1376690913,16,9
1376691517,16,9
1376691846,17,8
1376692449,17,8
1376692936,16,9
1376693044,15,10
1376693649,15,10
1376694254,15,10
1376694857,15,10
1376695461,15,10
1376695557,16,9
1376695963,16,9
1376695965,15,10
1376696028,14,11
1376696365,15,10
1376696398,16,9
1376697002,16,9
1376697607,16,9
1376697795,15,10
1376697828,14,11
1376698432,14,11
1376699036,14,11
1376699201,13,12
1376699217,12,13
1376699821,12,13
1376700425,12,13
1376701028,12,13
1376701713,12,13
1376701816,12,13
1376702419,12,13
1376703023,12,13
1376703627,12,13
1376704231,12,13
1376704835,12,13
1376705438,12,13
1376706042,12,13
1376706646,12,13
1376707250,12,13
1376707853,12,13
1376708457,12,13
1376708744,12,13
1376708750,10,15
1376709354,10,15
1376709958,10,15
1376710562,10,15
1376710902,12,13
1376711505,12,13
1376712109,12,13
1376712713,12,13
1376713317,12,13
1376713477,11,14
1376713616,12,13
1376714220,12,13
1376714823,12,13
1376715427,12,13
1376716031,12,13
1376716635,12,13
1376717239,12,13
1376717843,12,13
1376718222,12,13
1376718225,13,12
1376718829,13,12
1376719433,13,12
1376720037,13,12
1376720562,14,11
1376720596,15,10
1376721200,15,10
1376721804,15,10
1376722409,15,10
1376723012,15,10
1376723035,16,9
1376723639,16,9
1376724243,16,9
1376724847,16,9
1376725451,16,9
1376725806,15,10
1376726410,15,10
1376727014,15,10
1376727400,15,10
1376727408,16,9
1376728011,16,9
1376728616,16,9
1376729220,16,9
1376729824,16,9
1376730428,16,9
1376730824,16,9
1376730832,17,8
1376731435,17,8
1376732039,17,8
1376732498,18,7
1376733102,18,7
1376733617,16,9
1376733695,16,9
1376733708,16,9
1376734312,16,9
1376734916,16,9
1376735429,15,10
1376735491,14,11
1376735558,14,11
1376735614,15,10
1376735654,16,9
1376736257,16,9
1376736562,16,9
1376736620,17,8
1376736660,18,7
1376737265,18,7
1376737870,18,7
1376737955,19,6
1376738612,18,7
1376739216,18,7
1376739820,18,7
1376740424,18,7
1376741028,18,7
1376741632,18,7
1376742236,18,7
1376742839,18,7
1376742931,17,8
1376743244,17,8
1376743278,18,7
1376743881,18,7
1376744486,18,7
1376745090,18,7
1376745693,18,7
1376745917,17,8
1376745989,17,8
1376746028,18,7
1376746718,16,9
1376747015,14,11
1376747057,14,11
1376747308,14,11
1376747337,13,12
1376747481,13,12
1376747536,13,12
1376747620,13,12
1376747666,13,12
1376747743,13,12
1376747794,13,12
1376747863,13,12
1376747902,13,12
1376747979,11,14
1376748042,11,14
1376748104,11,14
1376748219,11,14
1376748266,11,14
1376748344,11,14
1376748400,11,14
1376748523,12,13
1376748564,12,13
1376748636,12,13
1376748687,12,13
1376748762,12,13
1376748820,12,13
1376748880,12,13
1376748943,12,13
1376749002,12,13
1376749062,12,13
1376749125,12,13
1376749183,14,11
1376749244,14,11
1376749296,14,11
1376749363,14,11
1376749424,14,11
1376749475,14,11
1376749540,14,11
1376749600,14,11
1376749719,15,10
1376749780,16,9
1376749844,16,9
1376749901,16,9
1376750021,16,9
1376750086,15,10
1376750143,15,10
1376750198,15,10
1376750323,15,10
1376750441,16,9
1376750506,16,9
1376750625,16,9
1376750680,16,9
1376750745,16,9
1376750799,16,9
1376750924,16,9
1376750984,16,9
1376751043,17,7
1376751104,17,7
1376751165,17,7
1376751224,17,7
1376751284,17,7
1376751341,17,7
1376751405,18,6
1376751518,18,6
1376751584,18,6
1376751638,18,6
1376751704,18,6
1376751824,18,6
1376751883,18,6
1376751935,18,6
1376752001,18,6
1376752064,18,6
1376752116,18,6
1376752184,18,6
1376752243,18,6
1376752298,18,6
1376752420,18,6
1376752482,18,6
1376752544,18,6
1376752602,18,6
1376752721,18,6
1376752841,18,6
1376752903,18,6
1376753013,18,6
1376753141,18,6
1376753197,18,6
1376753311,18,6
1376753384,18,6
1376753442,18,6
1376753504,18,6
1376753559,17,7
1376753682,17,7
1376753743,17,7
1376753802,17,7
1376753887,17,7
1376754000,17,7
1376754603,17,8
1376754699,17,8
1376754824,17,8
1376754883,17,8
1376754906,17,8
1376754953,17,8
1376755557,17,8
1376756161,17,8
1376756504,18,7
1376756534,19,6
1376757139,19,6
1376757742,19,6
1376758346,19,6
1376758950,19,6
1376759554,19,6
1376760157,19,6
1376760761,19,6
1376761365,19,6
1376761969,19,6
1376762306,20,5
1376762910,20,5
1376763514,20,5
1376764118,20,5
1376764721,20,5
1376765137,21,4
1376765741,21,4
1376766345,21,4
1376766949,21,4
1376767553,21,4
1376768156,21,4
1376768766,21,4
1376769370,21,4
1376769681,20,5
1376770284,20,5
1376770888,20,5
1376771492,20,5
1376772096,20,5
1376772700,20,5
1376773304,20,5
1376773843,19,6
1376773888,20,5
1376773908,21,4
1376774512,21,4
1376775116,21,4
1376775720,21,4
1376776324,21,4
1376776927,21,4
1376777531,21,4
1376778135,21,4
1376778382,22,3
1376778986,22,3
1376779590,22,3
1376780194,22,3
1376780797,22,3
1376781401,22,3
1376782005,22,3
1376782609,22,3
1376783212,22,3
1376783816,22,3
1376784419,22,3
1376784979,22,3
1376785021,22,2
1376785183,23,2
1376785185,22,3
1376785390,23,2
1376785994,23,2
1376786598,23,2
1376787201,23,2
1376787811,23,2
1376788114,23,2
1376788719,23,2
1376789202,22,3
1376789806,22,3
1376790410,22,3
1376791014,22,3
1376791617,22,3
1376792221,22,3
1376792825,22,3
1376793429,22,3
1376794033,22,3
1376794466,20,5
1376795069,20,5
1376795673,20,5
1376795917,20,5
1376795984,20,5
1376795997,21,4
1376796602,21,4
1376797205,21,4
1376797809,21,4
1376798302,20,5
1376798906,20,5
1376799509,20,5
1376800113,20,5
1376800476,19,6
1376800528,20,5
1376801132,20,5
1376801736,20,5
1376802340,20,5
1376802944,20,5
1376803548,20,5
1376804151,20,5
1376804755,20,5
1376805276,21,4
1376805880,21,4
1376806484,21,4
1376806574,21,4
1376806616,21,4
1376807220,21,4
1376807823,21,4
1376808427,21,4
1376808506,22,3
1376809110,22,3
1376809713,22,3
1376810317,22,3
1376810921,22,3
1376811019,21,4
1376811623,21,4
1376812228,21,4
1376812832,21,4
1376813206,21,4
1376813214,22,3
1376813864,22,3
1376813867,23,2
1376814382,21,4
1376814450,20,5
1376815054,20,5
1376815658,20,5
1376815840,20,5
1376816444,20,5
1376817048,20,5
1376817333,19,6
1376817684,20,5
1376818288,20,5
1376818892,20,5
1376819361,21,4
1376819441,21,4
1376819713,20,5
1376820317,20,5
1376820921,20,5
1376821532,21,4
1376821704,20,5
1376821935,19,6
1376822312,20,5
1376822917,20,5
1376823073,21,4
1376823175,20,5
1376823251,20,5
1376823331,20,5
1376823377,20,5
1376823462,20,5
1376823515,21,4
1376824119,21,4
1376824537,20,5
1376825140,20,5
1376825561,20,5
1376825569,21,4
1376826172,21,4
1376826776,21,4
1376826857,20,5
1376827460,20,5
1376828064,20,5
1376828528,19,6
1376828732,19,6
1376828744,19,6
1376829348,19,6
1376829486,18,7
1376830091,18,7
1376830227,19,6
1376830831,19,6
1376830938,20,5
1376831542,20,5
1376831880,21,4
1376832282,21,4
1376832285,22,3
1376832477,20,5
1376832958,21,4
