1376178402,9,29
1376217104,0,36
1376217163,0,36
1376217191,0,36
1376217225,0,36
1376217387,0,36
1376217431,1,35
1376217695,1,35
1376217741,1,35
1376217943,2,34
1376217972,2,33
1376218120,3,32
1376218146,4,32
1376218409,4,32
1376218455,4,32
1376218780,3,33
1376218843,2,34
1376218901,2,34
1376218916,2,34
1376218974,3,33
1376219144,3,33
1376219170,3,33
1376219492,4,32
1376219529,4,32
1376219620,5,30
1376219672,5,30
1376219730,6,29
1376219751,5,30
1376219864,5,30
1376219885,5,30
1376219968,6,29
1376220223,6,29
1376220243,5,30
1376220464,5,30
1376220579,6,29
1376220600,6,29
1376220668,7,28
1376220816,9,26
1376220937,9,26
1376220958,9,26
1376221054,11,25
1376221111,12,24
1376221295,10,26
1376221316,10,26
1376221653,10,26
1376221674,10,26
1376221819,9,27
1376222011,10,26
1376222031,10,26
1376222369,10,26
1376222389,10,26
1376222726,11,25
1376222747,11,25
1376223040,12,24
1376223104,11,25
1376223163,13,23
1376223214,14,22
1376223228,15,21
1376223514,13,23
1376223818,14,22
1376223894,16,20
1376223983,16,20
1376224057,16,20
1376224119,16,20
1376224154,17,19
1376224536,16,20
1376224685,17,19
1376224893,17,19
1376225203,17,19
1376225250,17,19
1376225268,16,20
1376225393,17,19
1376225609,18,18
1376225709,19,17
1376225783,21,15
1376225919,21,15
1376225966,21,15
1376226027,22,14
1376226277,22,14
1376226324,22,14
1376226440,22,14
1376226563,23,13
1376226636,22,14
1376226682,22,14
1376226879,21,15
1376226906,22,14
1376227053,23,13
1376227193,22,14
1376227349,22,14
1376227396,22,14
1376227481,22,14
1376227523,22,14
1376227596,24,12
1376227638,23,13
1376227753,23,13
1376227844,23,13
1376227848,22,14
1376228085,22,14
1376228110,22,14
1376228444,22,14
1376228504,20,15
1376228558,21,16
1376228616,21,16
1376228743,22,14
1376228794,24,13
1376229161,24,13
1376229181,24,13
1376229433,24,13
1376229524,25,12
1376229579,24,13
1376229622,24,13
1376229677,27,10
1376229750,28,9
1376229791,29,8
1376229875,29,8
1376229944,30,7
1376230002,30,7
1376230058,32,5
1376230182,33,4
1376230235,33,4
1376230255,33,4
1376230595,32,5
1376230616,32,5
1376230776,33,4
1376230842,34,3
1376230850,35,2
1376230955,35,2
1376230977,35,2
1376231229,36,1
1376231315,36,1
1376231337,36,1
1376231532,37,0
1376231675,37,0
1376231696,37,0
1376231983,37,0
1376232034,37,0
1376232101,37,0
1376232111,37,0
1376232190,37,0
1376232274,37,0
1376232392,37,0
1376232462,37,0
1376232470,37,0
1376232748,37,0
1376232769,37,0
1376232834,36,1
1376233107,36,1
1376233128,36,1
1376233209,37,0
1376233347,37,0
1376233466,37,0
1376233543,37,0
1376233844,35,2
1376233883,34,3
1376233957,34,3
1376233987,36,1
1376234041,34,3
1376234203,34,3
1376234253,35,2
1376234278,36,1
1376234350,36,1
1376234561,35,2
1376234606,34,3
1376234671,33,4
1376234714,31,6
1376234801,31,6
1376234810,32,5
1376234921,33,4
1376234969,33,4
1376235036,34,3
1376235105,36,1
1376235110,37,0
1376235276,37,0
1376235344,36,1
1376235354,37,0
1376235634,37,0
1376235944,36,1
1376235991,36,1
1376236091,37,0
1376236153,36,1
1376236208,36,1
1376236301,37,0
1376236347,37,0
1376236658,37,0
1376236704,37,0
1376237014,37,0
1376237060,37,0
1376237121,37,0
1376237263,35,2
1376237274,36,1
1376237377,36,1
1376237416,36,1
1376237741,35,2
1376237774,35,2
1376238085,35,2
1376238131,35,2
1376238403,34,3
1376238463,34,3
1376238488,34,3
1376238556,36,1
1376238661,36,1
1376238844,36,1
1376238943,35,2
1376238945,36,1
1376239032,36,1
1376239181,36,1
1376239201,36,1
1376239477,36,1
1376239537,37,0
1376239558,37,0
1376239894,37,0
1376239914,37,0
1376240076,34,3
1376240177,24,13
1376240252,24,13
1376240301,24,13
1376240345,24,13
1376240642,23,14
1376240965,23,14
1376240986,23,14
1376241157,23,14
1376241213,22,15
1376241343,23,14
1376241700,23,14
1376241749,22,15
1376241782,24,13
1376241874,25,12
1376242056,25,12
1376242414,25,12
1376242723,24,13
1376242772,24,13
1376242846,23,14
1376243083,23,14
1376243128,22,15
1376243192,23,14
1376243321,24,13
1376243439,24,13
1376243486,24,13
1376243508,23,14
1376243670,21,16
1376243742,18,19
1376243796,15,22
1376243864,14,23
1376243914,11,26
1376243973,8,29
1376244030,5,32
1376244091,2,35
1376244154,2,35
1376244202,3,34
1376244332,2,35
1376244380,3,34
1376244461,4,33
1376244504,4,33
1376244592,4,32
1376244759,4,32
1376244812,7,29
1376244878,6,30
1376244937,6,30
1376244951,5,31
1376245097,5,31
1376245175,5,31
1376245238,6,30
1376245285,7,29
1376245355,8,28
1376245596,8,28
1376245645,8,28
1376245956,8,28
1376246004,8,29
1376246118,10,27
1376246262,9,28
1376246316,9,28
1376246369,9,28
1376246501,10,27
1376246559,12,25
1376246608,13,24
1376246737,14,23
1376246790,14,23
1376246821,15,22
1376246918,15,22
1376246931,16,21
1376247039,15,22
1376247086,16,21
1376247404,16,21
1376247446,17,20
1376247814,18,19
1376247890,17,20
1376248115,17,20
1376248162,17,20
1376248475,18,19
1376248522,18,19
1376248833,18,19
1376248880,18,19
1376248946,17,20
1376249082,17,20
1376249107,18,19
1376249191,18,19
1376249238,18,19
1376249381,17,20
1376249438,15,22
1376249502,15,22
1376249560,15,22
1376249620,16,21
1376249743,15,22
1376249802,15,22
1376249842,14,23
1376249909,15,22
1376249955,15,22
1376250209,16,21
1376250266,16,21
1376250314,16,21
1376250545,15,22
1376250625,15,22
1376250671,15,22
1376251002,15,22
1376251029,15,22
1376251215,13,24
1376251300,11,26
1376251342,10,27
1376251410,10,27
1376251441,10,27
1376251721,8,29
1376251746,8,29
1376252083,8,29
1376252105,8,29
1376252239,7,30
1376252437,8,29
1376252463,8,29
1376252679,8,29
1376252688,9,28
1376252801,9,28
1376252821,9,28
1376252999,10,27
1376253157,10,27
1376253178,10,27
1376253274,11,26
1376253516,11,26
1376253537,11,26
1376253785,12,25
1376253874,12,25
1376253929,13,24
1376254015,12,25
1376254136,13,24
1376254232,13,24
1376254254,12,25
1376254590,12,25
1376254611,12,25
1376254773,13,24
1376254795,13,24
1376254849,13,24
1376254945,14,23
1376255008,14,23
1376255112,15,22
1376255309,15,22
1376255330,15,22
1376255668,15,22
1376255688,15,22
1376255833,16,21
1376255922,16,21
1376256024,16,21
1376256045,16,21
1376256155,15,22
1376256314,14,23
1376256403,13,24
1376256451,11,26
1376256760,12,25
1376257118,12,25
1376257476,12,25
1376257656,12,25
1376257668,13,24
1376257834,13,24
1376258079,13,24
1376258121,14,23
1376258192,14,23
1376258238,13,24
1376258437,16,21
1376258502,15,22
1376258555,16,21
1376258599,15,22
1376258649,17,20
1376258861,17,20
1376258923,17,20
1376258973,19,18
1376259000,20,17
1376259219,20,17
1376259265,20,17
1376259576,20,17
1376259633,18,18
1376259678,18,19
1376259718,19,18
1376259933,19,18
1376259980,19,18
1376260174,17,20
1376260210,15,22
1376260294,12,25
1376260362,9,28
1376260420,5,32
1376260475,2,35
1376260649,2,35
1376260695,2,35
1376261006,2,35
1376261053,2,35
1376261238,2,35
1376261316,3,34
1376261378,4,33
1376261469,3,34
1376261725,3,34
1376261771,3,34
1376261984,4,33
1376262102,4,33
1376262129,4,33
1376262462,4,33
1376262510,4,33
1376262598,4,33
1376262655,4,33
1376262745,4,33
1376262823,4,33
1376262879,4,33
1376263165,4,33
1376263215,4,33
1376263528,4,33
1376263579,4,33
1376263799,5,32
1376263893,5,32
1376263943,5,32
1376264258,5,32
1376264309,5,32
1376264622,5,32
1376264674,5,32
1376264735,4,33
1376264773,3,34
1376265037,3,34
1376265402,3,34
1376265754,4,33
1376265784,4,33
1376266107,4,33
1376266130,4,33
1376266472,4,33
1376266495,4,33
1376266643,3,34
1376266835,3,34
1376266859,3,34
1376267101,2,35
1376267199,2,35
1376267263,2,35
1376267266,3,34
1376267563,3,34
1376267586,3,34
1376267922,3,34
1376267951,3,34
1376268132,4,33
1376268263,4,33
1376268315,4,33
1376268627,4,33
1376268678,4,33
1376268716,3,34
1376268991,3,34
1376269043,3,34
1376269121,4,33
1376269124,3,34
1376269355,3,34
1376269407,3,34
1376288803,0,37
1376288854,0,37
1376288912,1,36
1376288982,1,35
1376289028,1,36
1376289151,1,37
1376289214,2,37
1376289275,2,37
1376289300,2,37
1376289380,2,37
1376289445,1,38
1376289509,1,39
1376289595,0,40
1376289799,0,40
1376289850,1,39
1376290182,1,39
1376290192,2,38
1376290269,1,39
1376290578,2,38
1376290840,4,36
1376290961,4,36
1376291000,4,36
1376291075,4,36
1376291094,4,36
1376291202,4,36
1376291235,4,36
1376291295,5,34
1376291416,6,33
1376291482,6,33
1376291527,7,32
1376291676,6,33
1376292007,5,34
1376292143,6,33
1376292320,7,32
1376292540,7,32
1376292717,7,33
1376292912,7,33
1376293377,8,32
1376293765,7,33
1376293935,6,34
1376294000,4,36
1376294171,5,35
1376294251,6,34
1376294456,5,35
1376294673,5,35
1376294742,5,35
1376294745,5,35
1376294849,6,34
1376294912,5,35
1376294926,5,35
1376294995,6,34
1376295096,5,35
1376295123,6,34
1376295281,6,34
1376295289,7,33
1376295502,6,34
1376295777,5,35
1376295891,4,36
1376296330,3,37
1376296458,2,38
1376297063,2,38
1376297359,3,37
1376297660,4,36
1376297734,5,35
1376297978,6,34
1376298093,4,36
1376298147,4,36
1376298750,4,36
1376298968,3,37
1376299061,4,36
1376299454,3,37
1376299963,4,36
1376299989,4,36
1376300241,3,37
1376300316,0,40
1376300597,1,39
1376300654,0,40
1376301259,0,40
1376301822,0,40
1376302426,0,40
1376302722,0,40
1376302753,1,39
1376303022,1,39
1376303031,2,38
1376303299,3,37
1376303423,2,38
1376303558,3,37
1376303603,3,37
1376303741,3,37
1376303785,2,38
1376304022,3,37
1376304281,4,36
1376304296,3,37
1376304397,4,36
1376304877,3,37
1376305218,2,38
1376305412,3,37
1376305813,2,38
1376306251,3,37
1376306310,4,36
1376306362,3,37
1376306484,4,36
1376306861,4,36
1376306976,5,35
1376307134,4,36
1376307216,3,37
1376307276,4,36
1376307822,4,36
1376307853,6,34
1376308084,7,33
1376308722,8,32
1376309096,9,31
1376309248,10,30
1376309321,11,29
1376309673,12,28
1376309740,13,27
1376309854,13,27
1376309917,13,27
1376309934,14,26
1376310101,14,26
1376310136,14,25
1376310457,15,24
1376310642,15,24
1376310667,14,25
1376310763,13,26
1376310797,12,27
1376310882,12,27
1376310885,13,26
1376311178,15,23
1376311387,16,22
1376311838,14,24
1376311964,14,24
1376311971,15,23
1376312082,15,23
1376312085,16,22
1376312259,16,22
1376312322,16,22
1376312331,17,21
1376312502,16,22
1376312614,16,22
1376312669,17,21
1376312957,17,21
1376313086,14,24
1376313158,13,25
1376313219,13,25
1376313274,14,24
1376313314,14,24
1376313403,14,24
1376313462,16,22
1376313639,17,21
1376313802,16,22
1376314215,17,21
1376314423,16,22
1376314455,18,21
1376314525,17,22
1376314570,16,23
1376315017,15,24
1376315113,14,25
1376315202,13,26
1376315210,14,25
1376315501,13,26
1376315504,14,25
1376315804,14,25
1376316429,12,27
1376316593,11,28
1376316789,12,27
1376316974,13,26
1376317189,12,27
1376317360,12,27
1376317376,13,26
1376317537,14,25
1376317573,14,25
1376318079,14,25
1376318124,14,25
1376318159,14,25
1376318206,14,25
1376318324,15,24
1376318360,17,22
1376318395,18,21
1376318678,17,22
1376318730,15,24
1376319102,15,24
1376319105,16,23
1376319463,17,22
1376319668,18,21
1376320101,19,20
1376320184,19,20
1376320192,20,19
1376320314,19,20
1376320373,20,19
1376320483,20,19
1376320486,21,18
1376320598,21,18
1376320607,22,17
1376320947,22,17
1376321054,22,17
1376321118,22,17
1376321274,23,16
1376321430,22,17
1376321664,20,19
1376321777,21,18
1376321980,22,17
1376322060,21,18
1376322149,20,19
1376322218,21,18
1376322274,23,16
1376322393,21,18
1376322439,21,18
1376322502,22,17
1376322555,21,18
1376322666,22,17
1376322957,23,16
1376323045,22,17
1376323112,22,17
1376323176,22,17
1376323265,23,16
1376323316,22,17
1376323502,21,18
1376323550,20,19
1376323722,19,20
1376323771,21,18
1376323809,22,17
1376324037,21,18
1376324118,20,19
1376324159,21,18
1376324262,22,17
1376324438,21,18
1376324480,21,18
1376324555,20,19
1376324709,19,20
1376324803,19,20
1376324832,21,18
1376324897,21,18
1376324982,22,17
1376325026,22,17
1376325100,22,17
1376325152,24,15
1376325316,25,14
1376325490,24,15
1376325617,23,16
1376325818,22,17
1376325848,20,19
1376325932,20,19
1376325998,23,16
1376326052,22,17
1376326099,22,17
1376326149,22,17
1376326231,21,18
1376326360,20,19
1376326423,19,20
1376326464,19,20
1376326560,20,19
1376326661,19,20
1376326840,18,21
1376326903,19,20
1376326952,24,15
1376327048,23,16
1376327141,22,17
1376327209,21,18
1376327299,19,20
1376327731,20,19
1376327843,21,18
1376327919,20,19
1376327982,22,17
1376328018,23,16
1376328163,25,15
1376328223,26,14
1376328337,25,15
1376328372,25,15
1376328462,23,17
1376328735,24,16
1376328873,24,16
1376328940,23,17
1376329053,22,18
1376329080,23,17
1376329181,23,17
1376329188,24,16
1376329337,25,15
1376329367,24,16
1376329450,23,17
1376329542,25,15
1376329764,23,17
1376329843,27,13
1376329961,27,13
1376330007,27,13
1376330072,26,14
1376330115,26,14
1376330194,27,13
1376330259,28,12
1376330323,28,12
1376330353,29,11
1376330603,28,12
1376330660,27,13
1376330830,26,14
1376331163,26,14
1376331189,27,13
1376331236,28,12
1376331454,28,12
1376331523,28,12
1376331570,31,9
1376331688,29,11
1376332117,30,10
1376332154,30,10
1376332225,30,10
1376332302,31,9
1376332353,31,9
1376332417,27,13
1376332478,22,18
1376332543,19,21
1376332589,18,22
1376332651,17,23
1376332721,14,26
1376332784,10,30
1376332897,10,30
1376332907,10,30
1376332978,10,30
1376333135,10,30
1376333198,11,29
1376333225,11,29
1376333322,11,29
1376333337,11,29
1376333432,15,25
1376333558,14,26
1376334004,15,25
1376334097,15,25
1376334137,16,24
1376334258,16,24
1376334336,17,23
1376334365,18,22
1376334431,19,21
1376334518,19,21
1376334572,20,20
1376334980,22,18
1376335023,21,19
1376335088,22,18
1376335406,21,19
1376335483,20,20
1376335510,20,20
1376335755,21,19
1376336359,21,19
1376336497,23,17
1376336800,24,16
1376337016,25,15
1376337390,26,14
1376337458,25,15
1376337469,26,14
1376337807,27,13
1376338411,27,13
1376338584,26,14
1376339202,25,15
1376339549,25,15
1376339584,25,15
1376339683,26,14
1376339718,25,15
1376339757,24,16
1376339828,24,16
1376339971,24,16
1376340042,25,15
1376340329,25,15
1376340513,25,15
1376340530,26,14
1376340753,27,13
1376340798,27,13
1376340858,26,14
1376340941,26,14
1376341002,26,14
1376341039,26,14
1376341123,26,14
1376341181,27,13
1376341228,28,12
1376341286,28,12
1376341348,28,12
1376341410,28,12
1376341473,29,11
1376341541,29,11
1376341585,30,10
1376341831,31,9
1376342202,27,13
1376342563,28,12
1376342832,29,11
1376343275,29,11
1376343396,30,10
1376343572,32,8
1376344058,31,9
1376344271,29,11
1376344499,28,12
1376344869,27,13
1376345499,26,14
1376345528,27,13
1376345623,25,15
1376345638,26,14
1376345742,25,15
1376345745,24,16
1376345904,23,17
1376346129,22,18
1376346733,22,18
1376347123,21,19
1376347237,22,18
1376347457,22,18
1376347956,21,19
1376348477,21,19
1376348549,23,17
1376348853,24,16
1376348955,25,15
1376349559,25,15
1376349695,24,16
1376349940,25,15
1376350544,25,15
1376351037,26,14
1376351641,26,14
1376352217,25,15
1376352577,26,14
1376353180,26,14
1376353501,27,13
1376354105,27,13
1376354227,26,14
1376354832,26,14
1376355339,23,17
1376355462,23,17
1376355465,22,18
1376374183,21,19
1376374217,22,18
1376374290,22,18
1376374535,21,19
1376374643,22,18
1376374987,21,19
1376375556,20,20
1376375921,20,20
1376375924,21,19
1376376077,20,20
1376376188,21,19
1376376341,20,20
1376376368,20,20
1376376462,22,18
1376376493,22,18
1376376634,24,16
1376376740,25,15
1376376873,24,16
1376376898,23,17
1376377061,22,18
1376377183,22,18
1376377240,23,17
1376377344,24,16
1376377443,25,15
1376377542,26,14
1376377621,27,13
1376377703,28,12
1376377959,28,12
1376378102,29,11
1376378198,29,11
1376378207,30,10
1376378312,29,11
1376378378,30,10
1376378441,29,11
1376378491,31,8
1376378535,32,7
1376378650,31,8
1376378694,30,9
1376378858,31,8
1376378872,30,9
1376379119,29,10
1376379223,29,10
1376379226,28,11
1376379510,29,10
1376379548,30,10
1376379610,30,10
1376379847,31,9
1376380060,32,8
1376380227,30,10
1376380832,30,10
1376381016,30,10
1376381142,30,10
1376381171,29,11
1376381382,30,10
1376381384,31,9
1376381459,31,9
1376381883,32,8
1376381982,33,7
1376382585,33,7
1376383000,32,8
1376383062,33,7
1376383119,33,7
1376383179,33,7
1376383197,34,6
1376383361,30,10
1376383423,28,12
1376383476,25,15
1376383526,25,15
1376383581,25,15
1376384077,25,15
1376384126,24,16
1376384170,23,17
1376384263,22,18
1376384315,22,18
1376384361,22,18
1376384404,22,18
1376384449,22,18
1376384618,20,20
1376384659,21,19
1376384796,21,19
1376384862,21,19
1376384910,22,18
1376384973,23,17
1376385037,25,15
1376385102,25,15
1376385279,26,14
1376385561,27,13
1376385639,27,13
1376385665,28,12
1376385893,29,11
1376386319,30,10
1376386494,31,9
1376386707,30,10
1376386738,31,9
1376386820,30,10
1376386960,29,11
1376386973,29,11
1376387064,29,11
1376387094,30,10
1376387678,31,9
1376387738,31,9
1376387795,30,10
1376387919,29,11
1376387974,29,11
1376388131,30,10
1376388354,29,11
1376388631,28,12
1376388871,27,13
1376388919,28,12
1376389084,29,11
1376389394,28,12
1376389652,26,14
1376389681,26,14
1376389774,27,13
1376389936,26,14
1376390137,25,15
1376390218,24,16
1376390286,25,15
1376390540,24,16
1376390922,24,16
1376390924,23,17
1376391062,24,16
1376391280,23,17
1376391478,22,18
1376391571,23,17
1376391641,23,16
1376391680,23,16
1376391881,24,15
1376391891,25,14
1376391998,25,15
1376392059,26,14
1376392122,26,14
1376392140,27,13
1376392238,26,14
1376392711,27,13
1376392901,27,13
1376392906,26,14
1376393017,25,15
1376393063,26,14
1376393321,25,15
1376393333,26,14
1376393766,27,13
1376393822,28,12
1376393979,28,12
1376394005,30,10
1376394078,29,11
1376394348,28,12
1376394463,29,11
1376394490,28,12
1376394875,28,12
1376394942,30,10
1376395022,29,11
1376395242,29,11
1376395249,30,10
1376395325,29,11
1376395391,28,12
1376395478,28,12
1376395487,29,11
1376395770,29,11
1376395824,30,10
1376395941,31,9
1376396420,29,11
1376396498,28,12
1376396533,27,13
1376396623,27,13
1376396683,27,13
1376396685,26,14
1376396763,27,13
1376397039,26,14
1376397076,26,14
1376397161,26,14
1376397216,24,16
1376397231,23,17
1376397388,24,16
1376397523,25,14
1376397579,25,14
1376397596,26,13
1376398117,24,15
1376398153,25,15
1376398349,24,16
1376398461,23,17
1376398527,22,18
1376398601,22,18
1376398604,23,17
1376398957,22,18
1376399023,22,18
1376399032,23,17
1376399091,22,18
1376399442,23,17
1376399742,24,16
1376399760,25,15
1376399883,25,15
1376399970,26,14
1376400043,27,13
1376400054,28,12
1376400263,27,13
1376400377,29,11
1376400603,28,12
1376401190,27,13
1376401420,28,12
1376401482,27,13
1376401517,27,13
1376401644,27,13
1376401898,27,13
1376401908,28,12
1376402075,29,11
1376402336,30,10
1376402940,30,10
1376403223,31,9
1376403685,31,9
1376403754,31,9
1376403773,31,9
1376403868,31,9
1376403920,31,9
1376404141,30,10
1376404346,31,9
1376404392,31,9
1376404484,31,9
1376404493,32,8
1376404627,31,9
1376404833,33,7
1376404936,32,8
1376405258,31,9
1376405664,33,7
1376405815,32,8
1376405881,32,8
1376405975,31,9
1376406328,32,8
1376406387,31,9
1376406411,30,10
1376406476,31,9
1376406575,30,10
1376406637,25,15
1376406689,23,17
1376406812,20,20
1376406876,17,23
1376406938,16,24
1376406957,15,25
1376407033,12,28
1376407112,11,29
1376407159,13,27
1376407269,14,26
1376407361,13,27
1376407393,13,27
1376407500,12,28
1376407639,10,30
1376407780,10,30
1376407833,13,27
1376407946,12,28
1376408056,11,29
1376408424,10,30
1376408519,9,31
1376408614,10,30
1376408798,10,30
1376408854,12,28
1376409277,12,28
1376409341,12,28
1376409398,12,28
1376409510,18,22
1376409533,20,20
1376409808,21,19
1376409838,20,20
1376409978,19,21
1376410051,20,20
1376410347,21,19
1376410477,20,20
1376410507,21,19
1376410630,22,18
1376410809,21,19
1376410902,23,17
1376410919,24,16
1376411200,23,17
1376411210,24,16
1376411384,25,15
1376411432,25,15
1376411502,26,14
1376411504,25,15
1376411693,24,16
1376411916,23,17
1376411950,22,18
1376412090,23,17
1376412186,22,18
1376412332,21,19
1376412429,22,18
1376412519,23,17
1376412530,24,16
1376412632,23,17
1376412934,22,18
1376412964,23,17
1376413063,24,16
1376413122,26,14
1376413132,27,13
1376413222,28,12
1376413280,28,12
1376413351,27,13
1376413582,25,15
1376414014,26,14
1376414229,27,13
1376414374,26,14
1376414411,25,15
1376414743,23,17
1376414783,24,16
1376414854,26,14
1376415087,28,12
1376415188,27,13
1376415282,27,13
1376415326,28,12
1376415389,28,12
1376415430,27,13
1376415523,28,12
1376415556,29,11
1376415624,30,10
1376415914,29,11
1376415951,28,12
1376416220,29,11
1376416360,30,10
1376416418,30,10
1376416448,32,8
1376416584,33,7
1376417039,34,6
1376417185,35,5
1376417410,34,6
1376417563,34,6
1376417617,32,8
1376417679,29,11
1376417741,28,12
1376417803,23,16
1376417836,22,17
1376417913,16,23
1376417978,14,25
1376418039,14,25
1376418058,14,25
1376418448,15,24
1376418638,14,25
1376418651,13,26
1376418745,13,26
1376418897,13,26
1376419048,14,25
1376419102,14,25
1376419178,14,25
1376419236,15,24
1376419841,15,24
1376420142,16,23
1376420203,16,23
1376420229,17,22
1376420847,18,21
1376421054,19,20
1376421261,20,19
1376421584,21,18
1376421587,22,17
1376421661,21,18
1376421932,21,18
1376422038,20,19
1376422511,19,20
1376422615,20,19
1376422711,19,20
1376423316,20,19
1376423621,20,19
1376423803,19,20
1376423818,21,18
1376423892,20,19
1376424252,20,19
1376424342,19,20
1376424355,19,20
1376424463,19,20
1376424498,20,19
1376424702,20,19
1376424762,19,20
1376424820,21,18
1376424829,22,17
1376424938,22,17
1376424960,24,15
1376425602,25,14
1376425631,27,12
1376426235,27,12
1376426479,28,11
1376426879,29,10
1376427101,29,10
1376427136,30,9
1376427740,30,9
1376428344,30,9
1376428781,29,10
1376428843,29,10
1376428846,30,9
1376429414,29,10
1376429502,31,8
1376429923,32,7
1376430526,32,7
1376430675,33,6
1376431279,33,6
1376431686,34,5
1376431918,33,6
1376431993,32,7
1376432597,32,7
1376433099,31,8
1376433160,31,8
1376433207,30,9
1376433272,30,9
1376433359,31,8
1376433634,30,9
1376433677,30,9
1376433762,30,9
1376433765,31,8
1376434069,30,9
1376434291,31,8
1376434448,30,9
1376435052,30,9
1376435237,29,10
1376435841,29,10
1376436445,29,10
1376437049,29,10
1376437653,29,10
1376438257,29,10
1376438860,29,10
1376439464,29,10
1376439635,28,11
1376439661,28,11
1376440264,28,11
1376440868,28,11
1376441478,27,12
1376442083,27,12
1376442447,27,12
1376442516,28,11
1376442528,29,10
1376461287,29,10
1376461414,23,16
1376461485,24,16
1376461528,24,14
1376461720,24,14
1376461755,25,13
1376461844,25,13
1376461932,25,13
1376462083,25,13
1376462089,27,11
1376462189,28,10
1376462234,27,11
1376462731,26,12
1376462971,25,13
1376463042,25,13
1376463103,21,17
1376463161,21,18
1376463209,19,20
1376463279,17,22
1376463334,15,24
1376463515,16,23
1376463574,16,23
1376464041,15,24
1376464117,15,24
1376464159,16,23
1376464226,17,22
1376464346,18,21
1376464395,19,20
1376464999,20,20
1376465335,19,21
1376465547,20,20
1376465616,21,19
1376465863,20,20
1376465865,21,19
1376466163,20,20
1376466197,21,19
1376466276,22,18
1376466334,23,17
1376466396,24,16
1376466414,25,15
1376467019,25,15
1376467386,24,16
1376467463,25,15
1376467620,26,14
1376467967,25,15
1376468572,25,15
1376469175,25,15
1376469237,26,14
1376469841,26,14
1376469913,25,15
1376469999,26,14
1376470040,27,13
1376470074,26,14
1376470173,27,13
1376470475,29,11
1376470645,30,10
1376470708,29,11
1376470847,29,11
1376470903,29,11
1376471023,27,13
1376471083,25,15
1376471086,24,16
1376471259,25,15
1376471303,26,14
1376471381,27,13
1376471406,28,12
1376471771,29,11
1376472133,30,10
1376472501,29,11
1376472583,29,11
1376472639,30,10
1376472779,29,11
1376472944,29,11
1376472946,30,10
1376473266,31,9
1376473656,32,8
1376473867,33,7
1376474081,33,7
1376474138,34,6
1376474203,36,4
1376474206,37,3
1376474323,35,5
1376474371,34,6
1376474414,33,7
1376474497,34,6
1376474547,35,5
1376474577,36,4
1376474629,35,5
1376475233,35,5
1376475334,36,4
1376475395,35,5
1376475426,34,6
1376475568,33,7
1376476172,33,7
1376476210,32,8
1376476719,31,9
1376477323,31,9
1376477356,32,8
1376477535,31,9
1376477576,30,10
1376477799,30,10
1376477981,30,10
1376477990,31,9
1376478094,30,10
1376478514,31,9
1376478582,31,9
1376478585,32,8
1376478974,29,11
1376479075,30,10
1376479302,30,10
1376479305,31,9
1376479542,31,9
1376479544,32,8
1376479824,31,9
1376479857,32,8
1376480023,33,7
1376480295,34,6
1376480487,32,8
1376480655,33,7
1376481211,34,6
1376481274,33,7
1376481307,34,6
1376481426,33,7
1376481583,33,6
1376481644,34,6
1376481673,35,5
1376481782,36,4
1376481931,35,5
1376481967,36,4
1376482274,35,5
1376482622,36,4
1376483067,37,3
1376483107,38,2
1376483711,38,2
1376484124,39,1
1376484332,38,2
1376484564,35,5
1376484644,35,5
1376484702,35,5
1376484705,36,4
1376484939,36,4
1376484947,37,3
1376485109,38,2
1376485181,38,2
1376485361,38,2
1376485370,40,0
1376485604,39,1
1376485794,40,0
1376485903,39,1
1376485911,40,0
1376486505,40,0
1376486620,39,1
1376486826,40,0
1376487392,38,2
1376487522,29,11
1376487558,25,15
1376487942,23,16
1376487955,25,15
1376488171,24,16
1376488709,23,17
1376488764,24,16
1376489056,25,15
1376489322,24,16
1376489419,25,15
1376490023,25,15
1376490338,25,15
1376490402,27,13
1376490415,28,12
1376490556,29,11
1376490638,29,11
1376490718,29,11
1376490775,30,10
1376490838,28,12
1376490952,27,13
1376491148,26,14
1376491658,23,17
1376491721,19,21
1376491778,13,27
1376491831,10,30
1376491946,6,34
1376491969,5,35
1376492154,6,34
1376492439,6,34
1376492451,7,33
1376492726,9,31
1376492798,10,30
1376492921,12,28
1376492977,13,27
1376493213,15,25
1376493463,12,28
1376494066,12,28
1376494347,11,29
1376494467,7,33
1376494499,8,32
1376494656,8,32
1376494727,12,27
1376494874,12,27
1376495000,11,28
1376495046,12,27
1376495090,11,28
1376495171,12,28
1376495482,12,28
1376495623,14,26
1376495631,15,25
1376495720,16,24
1376495894,17,23
1376496043,17,23
1376496097,19,21
1376496281,20,20
1376496387,19,21
1376496476,20,20
1376496583,19,21
1376496696,20,20
1376496789,19,21
1376496882,20,20
1376496943,20,20
1376497002,22,18
1376497647,21,19
1376497723,21,19
1376497780,20,20
1376497831,22,18
1376497868,22,18
1376497962,22,18
1376498015,23,17
1376498074,22,18
1376498095,23,17
1376498439,24,16
1376498500,26,14
1376498803,26,14
1376498860,27,13
1376498870,28,12
1376499063,29,11
1376499205,30,10
1376499241,29,11
1376499294,28,12
1376499370,26,14
1376499508,28,12
1376499662,27,13
1376499841,26,14
1376500075,25,15
1376500222,25,15
1376500300,26,13
1376500331,26,13
1376500424,26,14
1376500480,28,12
1376500492,29,11
1376500646,28,12
1376500942,29,11
1376501021,28,12
1376501077,26,14
1376501137,26,13
1376501260,28,12
1376501319,27,13
1376501369,27,13
1376501459,26,14
1376501568,28,12
1376501797,24,16
1376501864,23,16
1376501888,23,17
1376501972,20,20
1376502029,17,23
1376502103,14,26
1376502152,9,31
1376502211,8,32
1376502335,8,32
1376502347,8,32
1376502463,9,31
1376502524,8,32
1376502571,8,32
1376502855,8,32
1376502944,8,32
1376502947,8,32
1376503085,8,32
1376503155,9,31
1376503187,10,30
1376503283,10,30
1376503354,11,29
1376503722,11,29
1376503736,10,30
1376504020,11,29
1376504170,11,29
1376504500,11,29
1376504561,13,27
1376504618,13,27
1376504649,14,26
1376505103,14,26
1376505106,13,27
1376505205,14,26
1376505519,15,25
1376505634,15,25
1376505686,15,25
1376505712,17,23
1376506016,16,24
1376506342,17,23
1376506501,16,24
1376506602,16,24
1376506735,17,23
1376506808,18,22
1376506959,18,22
1376507016,18,22
1376507417,17,23
1376507700,16,24
1376507790,14,26
1376507805,14,26
1376507960,14,26
1376508020,15,25
1376508054,15,25
1376508153,15,25
1376508206,15,25
1376508280,16,22
1376508309,18,21
1376508385,17,22
1376508449,18,21
1376508518,18,21
1376508544,19,20
1376508881,19,20
1376508884,20,19
1376509352,21,18
1376509702,20,19
1376509754,19,20
1376509992,18,21
1376510060,17,22
1376510301,17,22
1376510337,18,21
1376510778,17,22
1376511282,13,26
1376511342,13,26
1376511361,15,24
1376511444,13,26
1376511606,15,24
1376512023,18,21
1376512364,17,22
1376512372,18,21
1376512661,18,21
1376512669,19,20
1376512840,20,19
1376512877,21,18
1376513083,20,19
1376513143,20,19
1376513204,20,19
1376513207,21,18
1376513682,21,18
1376513686,22,17
1376513861,22,17
1376513896,24,15
1376514396,23,16
1376514491,24,15
1376514627,23,16
1376514793,24,15
1376515301,25,14
1376515618,25,14
1376515678,25,14
1376515757,24,15
1376515835,24,15
1376515882,25,14
1376515939,23,16
1376516142,23,16
1376516146,24,15
1376516775,23,17
1376517379,23,17
1376517541,24,16
1376517625,25,15
1376517819,25,15
1376517855,26,14
1376518207,27,13
1376518410,26,14
1376519015,26,14
1376519059,27,13
1376519128,27,13
1376519153,28,12
1376519721,29,11
1376520245,27,13
1376520343,26,14
1376520399,27,13
1376520423,28,12
1376520629,27,13
1376521083,26,14
1376521181,26,14
1376521236,27,13
1376521841,27,13
1376522118,27,13
1376522200,27,13
1376522252,28,12
1376522277,29,11
1376522789,30,10
1376522848,28,12
1376522913,25,15
1376522982,21,19
1376523034,18,22
1376523074,15,25
1376523160,12,28
1376523207,10,30
1376523665,10,30
1376523720,11,29
1376524324,11,29
1376524928,11,29
1376525531,11,29
1376526129,10,30
1376526436,9,31
1376526501,9,31
1376526580,10,30
1376526638,10,30
1376527241,10,30
1376527421,7,33
1376527432,7,33
1376527538,7,33
1376527562,7,33
1376527613,9,31
1376528217,9,31
1376547883,5,33
1376547942,5,33
1376547947,5,33
1376548220,4,34
1376548354,4,34
1376548958,4,34
1376549561,4,34
1376550091,5,33
1376550694,5,33
1376551141,6,32
1376551240,5,33
1376551252,5,33
1376551363,5,33
1376551391,5,32
1376551659,6,31
1376552263,7,31
1376552866,7,31
1376553304,8,30
1376553406,7,31
1376553522,7,31
1376553524,8,30
1376553909,7,31
1376554514,7,31
1376555078,8,30
1376555682,8,30
1376555989,8,30
1376556082,8,30
1376556158,9,29
1376556192,10,28
1376556510,10,28
1376556575,11,27
1376556593,12,26
1376556801,13,25
1376557061,13,25
1376557093,13,25
1376557127,13,25
1376557731,13,25
1376558366,14,24
1376558514,13,25
1376559052,14,24
1376559655,14,24
1376560025,13,25
1376560629,13,25
1376560693,14,24
1376560981,15,23
1376561143,15,23
1376561155,16,22
1376561230,15,23
1376561276,16,22
1376561792,17,21
1376561981,17,21
1376561989,18,20
1376562175,17,21
1376562463,19,20
1376562464,18,20
1376562601,19,19
1376562722,18,20
1376562821,18,20
1376562881,20,18
1376562918,21,17
1376563235,21,17
1376563247,20,18
1376563328,19,19
1376563542,19,19
1376563598,19,19
1376563637,19,19
1376564111,20,18
1376564309,21,17
1376564616,22,16
1376564711,21,17
1376564860,20,17
1376564906,19,19
1376564995,20,18
1376565232,19,19
1376565373,20,18
1376565448,18,20
1376565495,19,19
1376565583,18,20
1376565688,16,22
1376565753,14,24
1376565797,14,24
1376565851,14,24
1376565911,14,24
1376566052,16,22
1376566103,16,22
1376566165,16,22
1376566320,16,22
1376566424,17,21
1376566723,18,20
1376566777,17,21
1376566794,18,20
1376566928,18,20
1376567004,18,20
1376567077,18,20
1376567237,19,19
1376567504,19,19
1376567516,21,17
1376567839,22,16
1376568443,22,16
1376568510,23,15
1376569114,23,15
1376569309,22,16
1376569409,22,16
1376569525,22,16
1376569601,24,14
1376569656,24,14
1376569713,26,12
1376569760,26,12
1376569822,28,10
1376570366,30,8
1376570971,30,8
1376571035,29,9
1376571175,30,8
1376571244,30,8
1376571432,31,7
1376571521,31,7
1376571573,32,6
1376571888,31,7
1376572001,31,7
1376572053,29,9
1376572117,29,9
1376572182,30,8
1376572243,31,7
1376572265,34,4
1376572361,34,4
1376572964,34,4
1376573081,34,4
1376573349,33,5
1376573558,34,4
1376573579,34,4
1376573722,34,4
1376573784,34,4
1376573852,34,4
1376573920,35,3
1376574139,34,4
1376574331,33,5
1376574458,34,4
1376574509,33,5
1376574564,32,6
1376574640,31,7
1376574810,31,7
1376574863,33,5
1376574944,32,6
1376574988,33,5
1376575057,34,4
1376575120,34,3
1376575178,35,3
1376575297,35,3
1376575412,35,3
1376575698,34,4
1376575775,34,4
1376575839,35,3
1376575873,34,4
1376575956,33,5
1376576019,32,6
1376576138,33,5
1376576690,32,6
1376577192,33,5
1376577252,31,7
1376577434,32,6
1376577564,33,5
1376577634,34,4
1376577684,35,3
1376577821,35,3
1376578425,35,3
1376578583,36,2
1376578623,35,3
1376579224,33,5
1376579521,32,6
1376580012,33,5
1376580160,34,4
1376580313,35,3
1376580641,34,4
1376581145,34,4
1376581249,34,4
1376581361,33,5
1376581397,34,4
1376581429,33,5
1376581649,34,4
1376581747,33,5
1376581825,31,7
1376581953,29,9
1376582030,28,10
1376582243,27,11
1376582321,27,11
1376582323,26,12
1376582535,27,11
1376582638,26,12
1376582702,25,13
1376582825,25,13
1376583278,24,14
1376583290,24,14
1376583393,25,13
1376583453,25,13
1376583599,26,12
1376583820,27,11
1376583873,26,12
1376583930,26,12
1376583959,27,11
1376584041,28,10
1376584149,27,11
1376584206,28,10
1376584247,28,10
1376584356,28,10
1376584368,29,9
1376584765,27,11
1376584834,27,11
1376584897,27,11
1376584933,29,9
1376585244,28,10
1376585800,27,11
1376586272,26,12
1376586446,27,11
1376586677,28,10
1376587298,28,10
1376587307,29,9
1376587397,29,9
1376587602,29,9
1376587653,28,10
1376587666,28,10
1376587753,27,11
1376587840,27,11
1376587898,28,10
1376587953,27,11
1376588015,27,11
1376588083,27,11
1376588131,27,11
1376588188,28,10
1376588259,28,10
1376588306,28,10
1376588358,29,9
1376588403,30,8
1376588457,30,8
1376588561,30,8
1376588603,30,8
1376588625,30,8
1376588799,32,6
1376588938,31,7
1376589054,30,8
1376589148,30,8
1376589219,30,8
1376589281,30,8
1376589379,31,7
1376589643,30,8
1376589665,31,7
1376589752,30,8
1376589864,31,7
1376590277,30,8
1376590660,30,8
1376590697,30,8
1376591150,29,9
1376591743,29,9
1376591746,28,10
1376591968,27,11
1376592402,27,11
1376592687,26,12
1376592739,28,10
1376592912,27,11
1376592963,27,11
1376593090,28,10
1376593181,29,9
1376593240,30,8
1376593248,31,7
1376593552,30,8
1376593640,31,7
1376594244,31,7
1376594371,32,6
1376594494,33,5
1376594562,34,4
1376594742,36,2
1376594745,35,3
1376594995,34,4
1376595445,35,3
1376595884,35,3
1376595894,33,5
1376596100,32,6
1376596233,33,5
1376596472,32,6
1376596622,31,7
1376596768,29,9
1376596814,29,9
1376596910,29,9
1376597001,29,9
1376597075,31,7
1376597527,32,6
1376597763,32,6
1376597852,33,5
1376597960,32,6
1376598284,31,6
1376598293,30,8
1376598402,30,8
1376598436,32,6
1376599040,32,6
1376599423,32,6
1376599432,33,5
1376600012,34,4
1376600616,34,4
1376600798,33,5
1376600919,33,5
1376600931,33,5
1376601138,31,7
1376601249,32,6
1376601402,32,6
1376601408,30,8
1376602012,30,8
1376602616,30,8
1376602702,29,9
1376603305,29,9
1376603666,30,8
1376604240,29,9
1376604314,30,8
1376604702,30,8
1376604727,30,8
1376605363,30,8
1376605366,29,9
1376605835,27,11
1376605892,23,15
1376605958,19,19
1376606023,15,23
1376606083,12,26
1376606138,9,29
1376606256,8,30
1376606279,10,28
1376606498,9,29
1376606510,9,29
1376606778,10,28
1376607098,9,29
1376607702,9,29
1376608025,10,28
1376608630,10,28
1376609080,8,30
1376609120,5,33
1376609733,6,32
1376609750,5,33
1376609863,5,33
1376609950,5,33
1376610001,6,32
1376610565,6,32
1376610634,6,32
1376610680,7,31
1376611285,7,31
1376611888,7,31
1376612492,7,31
1376613043,7,31
1376613087,5,33
1376613156,5,33
1376613760,5,33
1376614363,5,33
1376614967,5,33
1376615379,5,33
1376615861,4,33
1376615864,4,34
1376616468,4,34
1376616960,3,35
1376617564,3,35
1376618167,3,35
1376618772,3,35
1376619376,3,35
1376619979,3,35
1376620584,3,35
1376621188,3,35
1376621792,3,35
1376622396,3,35
1376622508,2,36
1376623113,2,36
1376623717,2,36
1376624321,2,36
1376624976,0,38
1376625580,0,38
1376626184,0,38
1376626788,0,38
1376627014,1,37
1376627116,2,36
1376627720,2,36
1376628324,2,36
1376628867,1,37
1376628970,2,36
1376629063,2,36
1376629668,3,35
1376630272,3,35
1376630863,2,36
1376630879,2,36
1376631214,3,35
1376631818,3,35
1376632421,3,35
1376632873,4,34
1376632987,3,35
1376633242,4,34
1376633522,5,33
1376633717,5,33
1376633763,6,32
1376633810,5,33
1376634279,4,34
1376634821,5,33
1376634835,5,33
1376635358,5,33
1376635369,6,32
1376635973,6,32
1376636564,7,31
1376637207,8,30
1376637486,8,30
1376637582,9,29
1376637642,10,28
1376637679,8,30
1376637823,8,30
1376637850,6,32
1376637913,6,32
1376637980,7,31
1376638111,8,30
1376638156,7,31
1376638186,8,30
1376638405,7,31
1376638642,8,30
1376639203,9,29
1376639321,8,30
1376639380,9,29
1376639413,8,30
1376639476,8,30
1376639588,9,29
1376639854,8,30
1376640031,7,31
1376640102,7,31
1376640105,5,33
1376640709,5,33
1376641152,6,32
1376641432,7,31
1376641543,6,32
1376641546,5,33
1376642105,4,34
1376642709,4,34
1376643313,4,34
1376643402,5,33
1376643759,5,33
1376643821,7,31
1376643829,8,30
1376644434,8,30
1376644577,7,31
1376644708,7,31
1376645140,7,31
1376645187,7,31
1376645250,8,30
1376645611,7,31
1376645638,6,32
1376645885,7,31
1376645957,6,32
1376646089,5,33
1376646162,6,32
1376646181,7,31
1376646278,5,33
1376646428,4,34
1376646561,4,34
1376646680,3,35
1376646818,4,34
1376646974,4,34
1376647081,5,33
1376647267,6,32
1376647354,6,32
1376647420,6,32
1376647479,5,33
1376647536,7,31
1376647564,7,31
1376647616,8,30
1376647729,7,31
1376648004,8,30
1376648068,7,31
1376648140,7,31
1376648178,8,30
1376648379,10,28
1376648403,10,28
1376648899,11,27
1376649039,11,27
1376649047,12,26
1376649128,11,27
1376649306,12,26
1376649763,12,26
1376649775,13,25
1376650029,13,25
1376650118,13,24
1376650183,12,25
1376650212,13,24
1376650745,12,25
1376650924,13,24
1376651289,12,25
1376651621,12,25
1376651623,13,24
1376651851,14,23
1376651879,15,22
1376652040,13,24
1376652461,13,24
1376652464,12,25
1376652993,13,24
1376653226,13,24
1376653265,12,25
1376653315,12,25
1376653396,12,25
1376653481,13,24
1376653519,14,23
1376653595,14,23
1376653663,15,22
1376653721,16,21
1376653731,17,20
1376653856,17,20
1376653955,17,20
1376654003,16,21
1376654182,16,21
1376654228,17,20
1376654321,18,19
1376654374,19,18
1376654442,20,17
1376654561,20,17
1376654609,22,15
1376654656,23,14
1376654792,22,15
1376654853,21,16
1376654911,21,16
1376654972,22,15
1376655577,23,15
1376655932,24,14
1376655987,24,14
1376656048,26,12
1376656123,26,12
1376656137,26,12
1376656242,26,12
1376656245,27,11
1376656456,28,10
1376657060,28,10
1376657099,27,11
1376657320,28,10
1376657380,27,11
1376657678,24,14
1376657794,24,14
1376657843,26,12
1376657909,27,11
1376658241,26,12
1376658459,27,11
1376658515,27,11
1376658548,27,11
1376658642,28,10
1376658680,28,10
1376658712,29,9
1376658790,28,10
1376658969,27,11
1376659241,28,10
1376659361,27,11
1376659396,28,10
1376659474,26,12
1376659509,27,11
1376659585,27,11
1376659661,28,10
1376659715,28,10
1376659727,29,9
1376660012,30,8
1376660113,31,7
1376660234,33,5
1376660324,33,5
1376660327,31,7
1376660617,32,6
1376660662,31,7
1376660740,31,7
1376660748,32,6
1376660915,34,4
1376660962,33,5
1376661005,33,5
1376661078,33,5
1376661140,35,3
1376661202,33,5
1376661269,34,4
1376661333,33,5
1376661399,34,4
1376661549,34,4
1376661590,35,3
1376661658,34,4
1376661993,32,6
1376662050,33,5
1376662123,34,4
1376662170,33,5
1376662218,34,4
1376662303,34,4
1376662361,33,5
1376662370,34,4
1376662481,34,4
1376662518,35,3
1376662558,36,2
1376662655,36,2
1376662685,35,3
1376662881,34,4
1376663024,34,4
1376663082,33,5
1376663106,31,7
1376663245,32,6
1376663363,31,7
1376663420,31,7
1376663498,32,6
1376663983,31,7
1376663986,32,6
1376664589,32,6
1376664771,31,7
1376664935,32,6
1376665004,31,7
1376665024,33,5
1376665075,34,4
1376665284,34,4
1376665358,34,4
1376665749,33,5
1376665843,33,5
1376665846,34,4
1376666012,35,3
1376666054,34,4
1376666258,35,3
1376666304,35,3
1376666369,36,2
1376666435,35,3
1376666624,36,2
1376666684,34,4
1376666723,34,4
1376666794,33,5
1376666863,35,3
1376666913,35,3
1376667149,36,2
1376667183,35,3
1376667252,34,4
1376667428,35,3
1376667539,34,4
1376667810,35,3
1376668097,35,3
1376668701,35,3
1376669072,36,2
1376669099,35,3
1376669607,34,4
1376669878,33,5
1376669983,33,5
1376669986,32,6
1376670459,31,7
1376670664,30,8
1376670779,29,9
1376670937,29,9
1376670997,31,7
1376671026,31,7
1376671103,30,8
1376671160,30,8
1376671239,31,7
1376671302,31,7
1376671339,32,6
1376671447,31,7
1376671534,30,8
1376671592,31,7
1376671652,29,9
1376671723,29,9
1376671783,30,8
1376671837,31,7
1376671893,32,6
1376671908,31,7
1376672085,31,7
1376672161,30,8
1376672257,31,7
1376672276,32,6
1376672438,34,4
1376672494,34,4
1376672580,35,3
1376673186,35,3
1376673343,35,3
1376673352,36,2
1376673932,35,3
1376674536,35,3
1376674568,33,5
1376674621,34,4
1376674709,34,4
1376674763,33,5
1376674820,33,5
1376674878,34,4
1376674924,36,2
1376674987,36,2
1376675143,36,2
1376675146,37,1
1376675269,36,2
1376675371,34,4
1376675503,33,5
1376675771,34,4
1376676008,35,3
1376676089,36,2
1376676279,37,1
1376676584,37,1
1376676615,37,1
1376676702,36,2
1376676705,37,1
1376677111,37,1
1376677151,37,1
1376677230,36,2
1376677301,36,2
1376677340,36,2
1376677508,35,3
1376677951,34,4
1376678022,34,4
1376678063,36,2
1376678101,35,3
1376678428,36,2
1376678733,37,1
1376678860,37,1
1376678871,38,0
1376678955,37,1
1376679267,38,0
1376679685,38,0
1376679742,37,1
1376680346,37,1
1376680705,35,3
1376680869,36,2
1376681473,36,2
1376681918,35,3
1376682177,36,2
1376682442,33,5
1376682696,35,3
1376682746,35,3
1376682921,35,3
1376682994,35,3
1376683053,35,3
1376683104,35,3
1376683193,35,3
1376683258,35,3
1376683349,36,2
1376683423,37,1
1376683427,38,0
1376683635,37,1
1376684196,37,0
1376684236,37,0
1376684320,37,0
1376684441,38,0
1376685045,38,0
1376685578,36,2
1376686108,36,2
1376686151,37,1
1376686400,36,2
1376686480,36,2
1376686526,37,1
1376687130,37,1
1376687734,37,1
1376687843,38,0
1376688336,37,1
1376688940,37,1
1376689544,37,1
1376689896,37,1
1376689922,37,1
1376690019,35,3
1376690139,35,3
1376690164,35,3
1376690770,35,3
1376691374,35,3
1376691528,34,4
1376691764,34,4
1376691772,35,3
1376692346,35,3
1376692950,35,3
1376693493,33,4
1376693565,33,4
1376693620,33,5
1376693677,33,5
1376693727,34,4
1376694200,32,6
1376694582,31,7
1376695187,31,7
1376695791,31,7
1376696238,31,7
1376696842,31,7
1376697445,31,7
1376698049,31,7
1376698151,32,6
1376698241,32,6
1376698272,33,5
1376698737,32,6
1376698834,32,6
1376698868,33,5
1376699472,33,5
1376699793,32,5
1376699911,32,5
1376699937,33,4
1376700019,34,3
1376700091,35,2
1376700189,34,3
1376700793,34,3
1376701396,34,3
1376701776,34,3
1376701880,34,3
1376702484,34,3
1376703088,34,3
1376703692,34,3
1376704296,34,3
1376704900,34,3
1376705504,34,3
1376706108,34,3
1376706712,34,3
1376707316,34,3
1376707919,34,3
1376708523,34,3
1376709127,34,3
1376709731,34,3
1376710334,34,3
1376710938,34,3
1376711542,34,3
1376712146,34,3
1376712749,34,3
1376713353,34,3
1376713957,34,3
1376714561,34,3
1376715164,34,3
1376715748,34,3
1376715782,35,2
1376716386,35,2
1376717023,35,2
1376717055,36,1
1376717127,35,2
1376717731,35,2
1376718335,35,2
1376718940,35,2
1376719046,36,1
1376719651,36,1
1376720254,36,1
1376720561,35,2
1376721165,35,2
1376721317,33,4
1376721921,33,4
1376722057,32,5
1376722631,33,4
1376723234,33,4
1376723458,34,3
1376723833,33,4
1376723933,33,4
1376724015,34,3
1376724618,34,3
1376724722,33,4
1376725029,34,3
1376725122,34,3
1376725151,36,1
1376725390,35,2
1376725660,34,3
1376725770,34,3
1376725818,35,2
1376726256,36,1
1376726293,37,0
1376726897,37,0
1376727437,38,0
1376727798,37,1
1376728383,36,2
1376728778,37,1
1376728878,37,1
1376728945,36,2
1376728983,36,2
1376729056,37,1
1376729381,37,1
1376729392,38,0
1376729683,37,1
1376729772,36,2
1376729880,35,3
1376730248,36,2
1376730431,34,4
1376730562,34,4
1376730642,32,6
1376730704,30,8
1376730712,30,8
1376730931,30,8
1376731258,31,7
1376731319,32,6
1376731423,32,6
1376731436,34,4
1376731519,33,5
1376731711,32,6
1376732025,33,5
1376732117,34,4
1376732721,34,4
1376733100,34,4
1376733110,35,3
1376733285,34,4
1376733428,35,3
1376733519,34,4
1376733884,34,4
1376733944,36,2
1376733995,36,2
1376734032,36,2
1376734185,38,0
1376734212,37,1
1376734315,38,0
1376734461,38,0
1376734921,37,1
1376735237,36,2
1376735523,35,3
1376735618,35,3
1376735650,36,2
1376735803,36,2
1376735806,37,1
1376736322,35,3
1376736615,33,5
1376736762,33,5
1376736784,34,4
1376736953,33,5
1376737184,33,5
1376737242,35,3
1376737245,36,2
1376737714,37,1
1376738089,37,1
1376738177,37,1
1376738503,36,2
1376738520,34,4
1376738625,34,4
1376738633,35,3
1376738827,34,4
1376738889,35,3
1376739102,36,2
1376739237,37,1
1376739721,36,2
1376739780,37,1
1376739989,36,2
1376740022,35,3
1376740121,36,2
1376740164,34,4
1376740304,34,4
1376740336,35,3
1376740437,36,2
1376740926,37,1
1376741454,36,2
1376742059,36,2
1376742394,37,1
1376742998,37,1
1376743072,36,2
1376743242,36,2
1376743250,37,1
1376743719,36,2
1376743757,37,1
1376744361,37,1
1376744822,35,3
1376745100,35,3
1376745341,34,4
1376745360,34,4
1376745412,33,5
1376745639,34,4
1376745754,33,5
1376745780,34,4
1376745882,34,4
1376745935,34,4
1376745963,35,3
1376746054,36,2
1376746124,36,2
1376746154,36,2
1376746656,37,1
1376747113,36,2
1376747372,35,3
1376747420,36,2
1376747598,36,2
1376747698,37,1
1376748302,37,1
1376748464,37,1
1376748473,36,2
1376748867,37,1
1376748963,36,2
1376749167,37,1
1376749224,37,1
1376749589,36,2
1376749614,35,3
1376749949,36,2
1376750015,37,1
1376750086,37,1
1376750554,36,2
1376750624,35,3
1376750679,30,7
1376750736,32,7
1376750805,30,9
1376750906,21,18
1376750946,20,19
1376751200,21,18
1376751382,22,17
1376751484,24,15
1376751880,24,15
1376751907,25,14
1376752181,26,13
1376752232,27,12
1376752357,26,13
1376752543,26,13
1376752546,25,14
1376752649,27,12
1376752722,25,13
1376752785,26,12
1376752799,27,11
1376752865,28,10
1376752962,28,10
1376752996,28,10
1376753307,27,11
1376753487,28,10
1376753525,29,9
1376753739,31,7
1376754117,30,8
1376754185,31,7
1376754396,30,8
1376754458,30,8
1376754494,31,7
1376754881,31,7
1376754889,32,6
1376755179,33,5
1376755243,33,5
1376755246,34,4
1376755347,35,3
1376755418,36,3
1376755449,37,2
1376756054,37,2
1376756323,38,1
1376756355,37,2
1376756427,37,2
1376756609,36,3
1376756656,35,4
1376756699,34,5
1376756784,35,4
1376757064,36,3
1376757271,35,4
1376757295,34,5
1376757456,36,3
1376757814,35,4
1376757988,36,3
1376758046,35,4
1376758176,34,5
1376758263,34,5
1376758340,36,3
1376758868,37,2
1376759165,36,3
1376759800,36,3
1376759808,37,2
1376760135,36,3
1376760396,36,3
1376760438,37,2
1376761041,37,2
1376761342,36,3
1376761398,37,2
1376762023,36,3
1376762227,37,2
1376762316,36,3
1376762429,36,3
1376762454,37,2
1376762749,37,2
1376762915,37,2
1376762968,37,2
1376762999,37,2
1376763602,37,2
1376764206,37,2
1376764585,36,3
1376764703,35,4
1376765205,35,4
1376765237,36,3
1376765841,36,3
1376766222,36,3
1376766233,37,2
1376766463,36,3
1376766474,36,3
1376767003,33,6
1376767122,25,14
1376767179,22,17
1376767305,16,23
1376767536,17,22
1376767718,18,21
1376767842,20,19
1376768233,19,20
1376768407,19,20
1376768499,20,19
1376769103,20,19
1376769644,21,18
1376770140,20,19
1376770376,20,19
1376770440,21,18
1376770605,21,18
1376770608,22,17
1376770870,21,18
1376771017,22,17
1376771279,23,16
1376771515,22,17
1376772161,23,16
1376772168,24,15
1376772773,24,15
1376772925,25,14
1376773529,25,14
1376774072,24,15
1376774274,22,17
1376774616,23,16
1376774899,22,17
1376775318,23,16
1376775928,23,16
1376776531,23,16
1376776979,22,17
1376777283,23,16
1376777515,22,17
1376778120,22,17
1376778437,23,16
1376778495,24,15
1376778969,25,14
1376779044,26,13
1376779648,26,13
1376780143,26,13
1376780145,27,12
1376780719,28,11
1376781322,28,11
1376781470,28,11
1376782073,28,11
1376782181,29,10
1376782420,28,11
1376782461,28,11
1376782498,29,10
1376783102,29,10
1376783196,30,9
1376783770,30,9
1376783909,32,7
1376783972,32,7
1376784025,32,6
1376784102,33,5
1376784706,34,5
1376784856,34,4
1376784983,35,4
1376785569,36,3
1376786172,36,3
1376786777,36,3
1376787381,36,3
1376788177,36,3
1376788663,35,4
1376789318,36,3
1376789333,37,2
1376789743,37,2
1376789746,36,3
1376790349,36,3
1376790516,37,2
1376791120,37,2
1376791724,37,2
1376792328,37,2
1376792931,37,2
1376793535,37,2
1376794140,37,2
1376794416,36,2
1376794458,33,6
1376794495,32,7
1376794964,33,6
1376795145,33,6
1376795147,32,7
1376795237,33,6
1376795840,33,6
1376796444,33,6
1376797048,33,6
1376797652,33,6
1376798255,33,6
1376798440,33,6
1376798449,34,5
1376798680,35,4
1376799158,34,5
1376799776,31,8
1376800380,31,8
1376800983,31,8
1376801587,31,8
1376802194,33,6
1376802798,33,6
1376803402,33,6
1376803948,34,5
1376804552,34,5
1376805156,34,5
1376805760,34,5
1376806364,34,5
1376806968,34,5
1376807403,35,4
1376807532,34,5
1376808135,34,5
1376808739,34,5
1376808925,33,6
1376808970,34,5
1376809573,34,5
1376810177,34,5
1376810781,34,5
1376811385,34,5
1376811988,34,5
1376812592,34,5
1376813196,34,5
1376813325,33,6
1376813439,32,7
1376813462,30,9
1376813981,30,9
1376813990,31,8
1376814160,30,9
1376814765,30,9
1376814808,31,8
1376815412,31,8
1376816016,31,8
1376816036,29,10
1376816625,29,10
1376816669,29,10
1376817037,29,10
1376817204,31,8
1376817808,31,8
1376818412,31,8
1376818878,32,7
1376819483,32,7
1376819875,33,6
1376820385,32,7
1376820883,32,7
1376820886,31,8
1376821266,31,8
1376821869,31,8
1376822269,30,9
1376822478,29,10
1376822516,28,11
1376822962,29,10
1376823092,28,11
1376823697,28,11
1376823745,29,10
1376824168,28,11
1376824772,28,11
1376825025,28,11
1376825071,28,11
1376825674,28,11
1376826165,28,11
1376826769,28,11
1376827350,26,13
1376827954,26,13
1376828057,27,12
1376828316,27,12
1376828327,28,11
1376828931,28,11
1376829153,28,11
1376829174,29,10
1376829366,28,11
1376829970,28,11
1376830397,29,10
1376830458,31,8
1376830703,33,6
1376830842,34,5
1376831445,34,5
1376831743,34,5
1376831751,35,4
1376831983,35,4
1376831985,34,5
1376832103,33,6
1376832707,33,6
1376832873,34,5
1376832987,35,4
