1376208638,6,27
1376208992,7,26
1376209181,7,26
1376209184,8,25
1376209538,7,26
1376209802,6,27
1376209865,5,28
1376209942,3,30
1376210137,2,31
1376210269,1,32
1376210427,0,33
1376210486,1,32
1376210512,1,32
1376210619,1,32
1376210668,2,31
1376210697,3,30
1376210772,4,29
1376211337,5,28
1376211376,7,26
1376211980,7,26
1376212319,6,27
1376212923,6,27
1376213354,7,26
1376213957,7,26
1376214216,8,25
1376214762,7,26
1376214819,7,26
1376214874,7,26
1376214942,7,26
1376214945,11,22
1376215484,11,22
1376215501,11,22
1376215662,11,22
1376215671,12,21
1376215825,12,20
1376215854,13,20
1376215931,12,21
1376216075,13,20
1376216104,14,19
1376216679,13,20
1376216935,14,19
1376216998,15,18
1376217090,12,21
1376217694,12,21
1376217897,10,23
1376218023,11,22
1376218357,10,23
1376218442,9,24
1376218837,8,25
1376218873,9,24
1376219068,10,23
1376219127,9,24
1376219401,10,23
1376219581,11,22
1376219715,12,21
1376219896,11,22
1376220023,13,20
1376220223,14,19
1376220230,15,18
1376220701,15,18
1376221061,15,18
1376221118,16,17
1376221476,18,15
1376221523,19,14
1376222126,19,14
1376222730,19,14
1376222829,18,15
1376223337,19,14
1376223867,18,15
1376224294,18,15
1376224336,19,14
1376224534,19,14
1376224602,17,16
1376224644,18,15
1376224677,19,14
1376224827,20,13
1376224877,22,11
1376225291,22,11
1376225379,23,10
1376225711,22,11
1376225777,21,12
1376226101,22,11
1376226365,23,10
1376226577,24,9
1376227181,24,9
1376227421,24,9
1376227430,25,8
1376227566,26,7
1376227835,26,6
1376227870,28,4
1376228482,29,4
1376228560,28,5
1376228568,29,4
1376229094,26,7
1376229257,25,8
1376229509,23,10
1376229920,23,10
1376229955,23,10
1376230060,24,9
1376230118,24,9
1376230151,25,8
1376230601,28,5
1376230723,28,5
1376230732,29,4
1376230985,29,4
1376231130,30,3
1376231734,30,3
1376232337,30,3
1376232513,31,2
1376232733,32,1
1376233336,32,1
1376233940,32,1
1376234235,31,2
1376234564,32,1
1376234566,31,2
1376234667,30,3
1376234980,31,2
1376234993,32,1
1376235396,31,2
1376235574,30,3
1376235585,30,3
1376235724,31,2
1376235917,30,3
1376235976,30,3
1376236044,30,3
1376236096,31,2
1376236179,32,1
1376236783,32,1
1376236998,30,3
1376237382,27,5
1376237443,27,6
1376237445,28,5
1376237792,27,6
1376238390,26,7
1376238463,27,6
1376238554,26,7
1376238961,24,9
1376239122,24,9
1376239125,25,8
1376239268,26,7
1376239637,25,8
1376239951,25,8
1376239991,26,7
1376240157,25,8
1376240762,25,8
1376240863,23,10
1376241209,25,8
1376241266,24,9
1376241312,23,10
1376241436,22,11
1376241626,20,13
1376241687,20,13
1376241755,22,11
1376242187,21,12
1376242541,21,12
1376242582,21,12
1376242780,23,10
1376242837,23,10
1376242894,24,9
1376242940,25,8
1376243003,26,7
1376243083,26,7
1376243085,27,6
1376243237,28,5
1376243474,26,7
1376243581,25,8
1376243672,22,11
1376243813,23,10
1376243997,24,9
1376244104,24,9
1376244154,25,8
1376244197,26,7
1376244397,25,8
1376244688,24,9
1376245297,23,10
1376245312,23,10
1376245398,24,9
1376245848,23,10
1376246141,22,11
1376246215,20,13
1376246766,20,13
1376247043,19,14
1376247202,20,13
1376247282,19,14
1376247285,18,15
1376247882,17,16
1376248218,17,16
1376248822,17,16
1376249074,18,15
1376249678,18,15
1376249757,17,16
1376250361,17,16
1376250997,18,15
1376251258,17,16
1376251862,17,16
1376252465,17,16
1376252699,16,17
1376252769,17,16
1376252861,18,15
1376253407,17,16
1376253519,17,16
1376253875,15,18
1376254480,15,18
1376255084,15,18
1376255688,15,18
1376255959,15,18
1376256037,16,17
1376256277,15,18
1376256882,15,18
1376257486,15,18
1376257739,16,17
1376258343,16,17
1376258946,16,17
1376259163,15,18
1376259174,16,17
1376259439,15,18
1376260043,15,18
1376260363,14,19
1376260365,13,20
1376260968,12,21
1376261232,11,22
1376261401,10,23
1376261562,10,23
1376261564,11,22
1376261821,10,23
1376262255,9,24
1376262394,8,25
1376262998,8,25
1376263106,7,26
1376263221,5,28
1376263825,5,28
1376264073,5,28
1376264203,5,28
1376264232,6,27
1376264323,6,27
1376264364,7,26
1376264433,7,26
1376264484,7,26
1376264548,7,26
1376264595,7,26
1376265085,8,25
1376265689,8,25
1376266292,8,25
1376266751,6,27
1376267355,6,27
1376267959,6,27
1376268563,6,27
1376269167,6,27
1376269772,6,27
1376270598,6,27
1376271201,6,27
1376271722,5,28
1376272326,5,28
1376272929,5,28
1376273533,5,28
1376274136,5,28
1376274740,5,28
1376275343,5,28
1376275947,5,28
1376276550,5,28
1376277154,5,28
1376277615,4,29
1376278219,4,29
1376278822,4,29
1376279419,5,28
1376280022,5,28
1376280625,6,27
1376280823,7,26
1376281426,7,26
1376282030,7,26
1376282634,7,26
1376283238,7,26
1376283842,7,26
1376284477,8,25
1376285003,9,24
1376285606,9,24
1376286210,9,24
1376286397,10,23
1376286824,10,23
1376286835,11,22
1376286959,10,23
1376287175,11,22
1376287779,11,22
1376288018,13,20
1376288184,12,21
1376288603,13,20
1376288662,12,21
1376288862,12,21
1376288864,13,20
1376289463,13,20
1376289470,14,19
1376289538,15,18
1376289761,17,16
1376289809,16,17
1376290123,17,16
1376290243,20,13
1376290476,19,14
1376290881,20,13
1376291485,20,13
1376291699,21,12
1376292042,21,12
1376292067,21,12
1376292184,20,13
1376292580,20,13
1376292606,21,12
1376292752,20,13
1376292939,20,13
1376293054,20,13
1376293156,21,12
1376293411,22,11
1376293647,21,12
1376293757,22,11
1376294361,22,11
1376294496,19,14
1376294731,16,17
1376294802,12,21
1376294906,13,20
1376295130,14,19
1376295734,14,19
1376296059,13,20
1376296445,12,21
1376297049,12,21
1376297653,12,21
1376298256,12,21
1376298336,13,20
1376298940,13,20
1376299017,14,19
1376299534,15,18
1376299573,16,17
1376299935,17,16
1376300109,18,15
1376300712,18,15
1376301316,18,15
1376301523,19,14
1376301547,18,15
1376301920,19,14
1376302523,19,14
1376302771,19,14
1376303321,18,15
1376303329,19,14
1376303809,18,15
1376303969,17,16
1376304034,18,15
1376304487,19,14
1376304612,18,15
1376304794,17,16
1376305241,17,16
1376305252,18,15
1376305348,19,14
1376305536,19,14
1376305564,20,13
1376305840,20,13
1376305848,21,12
1376306451,21,12
1376306844,21,12
1376306895,22,11
1376307503,22,11
1376307729,23,10
1376308333,23,10
1376308589,24,9
1376309193,24,9
1376309348,25,8
1376309952,25,8
1376310028,26,7
1376310067,27,6
1376310671,27,6
1376311274,27,6
1376311598,27,6
1376311606,28,5
1376312015,26,7
1376312118,27,6
1376312197,28,5
1376312563,29,4
1376312965,29,4
1376313008,30,3
1376313336,29,4
1376313520,29,4
1376314124,29,4
1376314418,30,3
1376314482,31,2
1376314495,32,1
1376314580,32,1
1376314646,32,1
1376314709,31,2
1376315313,31,2
1376315916,31,2
1376316520,31,2
1376316653,32,1
1376317256,32,1
1376317860,32,1
1376318485,31,2
1376319034,32,1
1376319098,31,2
1376319260,31,2
1376319319,31,2
1376319348,32,1
1376319462,31,2
1376319638,31,2
1376319648,30,3
1376319732,29,4
1376319910,28,5
1376320045,30,3
1376320229,31,2
1376320833,31,2
1376321336,32,1
1376321939,32,1
1376322521,31,2
1376322712,32,1
1376323007,31,2
1376323440,32,1
1376323592,31,2
1376323748,30,3
1376323935,28,5
1376324022,27,5
1376324065,29,4
1376324203,28,5
1376324241,27,6
1376324300,28,5
1376324636,29,4
1376324699,28,5
1376324785,27,6
1376325094,26,7
1376325280,23,10
1376325343,23,10
1376325380,23,10
1376325426,22,11
1376325532,21,12
1376325689,20,13
1376325787,21,12
1376325989,19,14
1376326013,18,15
1376326214,17,16
1376326336,17,16
1376326396,19,14
1376326539,18,15
1376326555,20,13
1376326826,21,12
1376326884,20,13
1376326943,16,17
1376327339,16,17
1376327491,14,19
1376327563,13,20
1376327581,11,22
1376327743,11,22
1376327750,12,21
1376327975,11,22
1376328267,10,23
1376328389,10,23
1376328434,10,23
1376328493,9,24
1376328578,9,24
1376328643,9,24
1376328910,8,25
1376329183,8,25
1376329231,6,27
1376329536,7,26
1376329768,3,30
1376329825,2,31
1376329890,2,31
1376329912,2,31
1376330015,1,32
1376330063,0,33
1376330243,2,31
1376330504,2,31
1376330522,2,31
1376330851,2,31
1376331271,1,32
1376331742,2,31
1376332116,2,31
1376332131,3,30
1376332211,3,30
1376332472,2,31
1376332539,0,33
1376332586,0,33
1376332700,0,33
1376333303,0,33
1376333907,0,33
1376334515,1,32
1376334529,2,31
1376334758,1,32
1376334903,0,33
1376335506,0,33
1376335859,2,31
1376335978,2,31
1376336074,2,31
1376336118,3,30
1376336346,2,31
1376336611,1,32
1376336735,2,31
1376336962,2,31
1376337004,3,30
1376337155,4,29
1376337338,2,31
1376337439,0,33
1376337513,3,30
1376338117,3,30
1376338193,2,31
1376338549,1,32
1376338655,1,32
1376338744,0,33
1376338832,1,32
1376339435,1,32
1376339533,2,31
1376339842,1,32
1376340161,1,32
1376340218,1,32
1376340277,2,31
1376340374,0,33
1376340978,0,33
1376341582,0,33
1376342185,0,33
1376342789,0,33
1376343392,0,33
1376343938,1,32
1376343956,0,33
1376344560,0,33
1376344838,0,33
1376345442,0,33
1376346045,0,33
1376346650,0,33
1376347254,0,33
1376347857,0,33
1376348503,1,32
1376348512,2,31
1376348729,3,30
1376348922,3,30
1376348940,3,30
1376349544,3,30
1376349804,2,31
1376350062,2,31
1376350065,1,32
1376350668,1,32
1376350842,1,32
1376350849,0,33
1376351412,1,32
1376352016,1,32
1376352619,1,32
1376353224,1,32
1376353829,1,32
1376354432,1,32
1376354679,0,33
1376355283,0,33
1376355886,0,33
1376356490,0,33
1376356990,0,33
1376357595,0,33
1376358199,0,33
1376358802,0,33
1376359406,0,33
1376360010,0,33
1376360615,0,33
1376361219,0,33
1376361823,0,33
1376362428,0,33
1376363032,0,33
1376363635,0,33
1376364239,0,33
1376364842,0,33
1376365446,0,33
1376366050,0,33
1376366653,0,33
1376367257,0,33
1376367861,0,33
1376368465,0,33
1376369070,0,33
1376369674,0,33
1376370278,0,33
1376370882,0,33
1376370978,1,32
1376371148,2,31
1376371764,3,30
1376372367,3,30
1376372822,4,29
1376373119,5,28
1376373236,6,27
1376373519,5,28
1376374122,5,28
1376374237,8,25
1376374420,8,25
1376374427,9,24
1376374680,10,23
1376374770,9,24
1376374871,9,24
1376374925,11,22
1376375169,12,21
1376375371,13,20
1376375906,14,19
1376376013,14,19
1376376059,15,18
1376376352,14,19
1376376568,16,17
1376376595,17,16
1376376835,18,15
1376377100,17,16
1376377142,18,15
1376377217,19,14
1376377418,19,14
1376377459,20,13
1376377756,21,12
1376377871,20,13
1376378202,22,11
1376378444,22,11
1376378480,23,10
1376378917,22,11
1376379069,21,12
1376379288,20,13
1376379494,21,12
1376379638,17,16
1376379668,15,18
1376379874,14,19
1376380175,15,18
1376380779,15,18
1376380892,15,18
1376381257,16,17
1376381786,16,17
1376382084,16,17
1376382161,17,16
1376382171,18,15
1376382775,18,15
1376383170,17,16
1376383299,17,16
1376383346,18,15
1376383950,18,15
1376384554,18,15
1376384771,17,16
1376385725,17,16
1376385979,16,17
1376386030,17,16
1376386633,17,16
1376387060,16,17
1376387471,15,18
1376387622,16,17
1376388226,16,17
1376388362,16,16
1376388495,17,15
1376388890,16,16
1376389493,16,16
1376389637,15,17
1376389735,14,18
1376390180,15,17
1376390227,15,17
1376390551,15,17
1376390607,16,16
1376390743,16,16
1376390747,17,15
1376391012,16,16
1376391222,15,17
1376391280,15,17
1376391453,15,17
1376391521,13,19
1376391563,14,18
1376391609,15,17
1376391759,15,17
1376391812,14,18
1376391867,14,18
1376391888,14,18
1376391980,14,18
1376392023,15,17
1376392627,15,17
1376392953,13,19
1376393343,14,18
1376393647,13,19
1376393943,14,18
1376394318,12,20
1376394462,13,19
1376395065,13,19
1376395148,14,18
1376395252,15,17
1376395889,14,18
1376396406,15,17
1376397010,15,17
1376397447,16,16
1376398051,16,16
1376398655,16,16
1376398921,17,15
1376398975,18,14
1376399579,18,14
1376399709,17,15
1376400312,17,15
1376400675,15,17
1376400708,14,18
1376400869,14,18
1376400936,15,17
1376400996,16,16
1376401025,17,15
1376401629,17,15
1376401779,17,15
1376401787,18,14
1376401984,18,14
1376402621,17,15
1376402630,18,14
1376403233,18,14
1376403725,17,15
1376403891,16,16
1376403970,15,17
1376404599,13,19
1376404864,14,18
1376405467,14,18
1376405704,13,19
1376406009,14,18
1376406612,14,18
1376407005,14,18
1376407010,16,16
1376407099,15,17
1376407174,14,18
1376407254,13,19
1376407698,13,19
1376407761,14,18
1376408070,13,19
1376408130,12,20
1376408369,13,19
1376408548,12,20
1376408612,13,19
1376408844,11,21
1376408922,10,22
1376409282,9,23
1376409342,11,21
1376409349,12,20
1376409440,11,21
1376409600,10,22
1376409794,11,21
1376409875,13,19
1376409941,11,21
1376410276,11,21
1376410330,10,22
1376410407,10,22
1376410445,10,22
1376410578,9,23
1376410761,10,22
1376410977,11,21
1376411077,12,20
1376411144,12,20
1376411200,10,22
1376411262,10,22
1376411320,10,22
1376411383,10,22
1376411429,10,22
1376411490,11,21
1376411776,10,22
1376412093,9,23
1376412163,10,22
1376412172,11,21
1376412228,10,22
1376412358,8,24
1376412874,9,23
1376412922,8,24
1376413061,6,26
1376413123,6,26
1376413174,6,26
1376413250,5,27
1376413723,5,27
1376413751,5,27
1376413820,4,28
1376414010,4,28
1376414126,3,29
1376414237,2,30
1376414278,1,31
1376414467,0,32
1376414539,1,31
1376414615,0,32
1376414678,0,32
1376414687,1,31
1376414852,0,32
1376414982,1,32
1376414985,0,33
1376415583,1,32
1376415614,0,33
1376415937,0,33
1376415978,2,31
1376416393,1,32
1376416466,0,33
1376417069,0,33
1376417673,0,33
1376418277,0,33
1376418642,0,33
1376418857,1,32
1376418901,0,33
1376419505,0,33
1376419782,1,32
1376420386,1,32
1376420875,2,31
1376420992,1,32
1376421062,0,33
1376421214,0,33
1376421254,1,32
1376421857,1,32
1376422462,1,32
1376422866,3,30
1376423162,2,31
1376423766,2,31
1376423918,1,32
1376424145,2,31
1376424583,3,30
1376425207,4,29
1376425340,5,28
1376425425,7,26
1376425944,6,27
1376426548,6,27
1376426719,4,29
1376426765,4,29
1376426860,5,28
1376426867,6,27
1376426951,5,28
1376427161,5,28
1376427664,6,27
1376428268,6,27
1376428340,5,28
1376428943,5,28
1376429538,4,29
1376429781,3,30
1376429858,3,30
1376429904,4,29
1376430509,4,29
1376431113,4,29
1376431677,3,30
1376431843,3,30
1376431875,3,30
1376431960,0,33
1376431968,1,32
1376432573,1,32
1376432652,0,33
1376433138,1,32
1376433456,0,33
1376434059,0,33
1376434242,0,33
1376434250,1,32
1376434513,0,33
1376435117,0,33
1376435721,0,33
1376436324,0,33
1376436928,0,33
1376437531,0,33
1376438135,0,33
1376438738,0,33
1376439342,0,33
1376439946,0,33
1376440549,0,33
1376441153,0,33
1376441756,0,33
1376442360,0,33
1376442963,0,33
1376443394,0,33
1376443998,0,33
1376444168,1,32
1376444771,1,32
1376445375,1,32
1376445978,1,32
1376446582,1,32
1376447186,1,32
1376447789,1,32
1376448068,0,33
1376448672,0,33
1376449277,0,33
1376449880,0,33
1376450484,0,33
1376451087,0,33
1376451691,0,33
1376451813,1,32
1376452416,1,32
1376453020,1,32
1376453623,1,32
1376453792,2,31
1376454396,2,31
1376455001,2,31
1376455605,2,31
1376455942,1,32
1376456547,1,32
1376457148,2,31
1376457752,2,31
1376458107,3,30
1376458710,3,30
1376458987,4,29
1376459591,4,29
1376459918,4,29
1376459946,5,28
1376460149,4,29
1376460192,5,28
1376460506,4,29
1376460544,5,28
1376460843,6,27
1376460974,7,26
1376461080,8,25
1376461236,10,23
1376461328,9,24
1376461932,9,24
1376462038,10,23
1376462194,10,23
1376462237,11,22
1376462456,10,23
1376462528,11,22
1376462781,12,21
1376462966,13,20
1376462995,14,19
1376463092,15,18
1376463146,16,17
1376463494,15,18
1376463807,14,19
1376464005,16,17
1376464137,17,16
1376464395,18,15
1376464611,17,16
1376464906,17,16
1376464908,16,17
1376465180,15,18
1376465708,16,17
1376466084,15,18
1376466252,16,17
1376466389,16,17
1376466425,17,16
1376466659,18,15
1376466708,17,16
1376466874,18,15
1376467117,17,16
1376467288,16,17
1376467755,17,16
1376468359,17,16
1376468396,18,15
1376468925,19,14
1376469535,20,13
1376469814,19,14
1376470417,19,14
1376471021,19,14
1376471624,19,14
1376472229,19,14
1376472833,19,14
1376473301,19,14
1376473322,20,13
1376473554,18,15
1376473613,17,16
1376474100,18,15
1376474726,20,13
1376474841,21,12
1376475103,22,11
1376475212,21,12
1376475234,22,11
1376475500,21,12
1376475688,19,14
1376475857,18,15
1376475927,18,15
1376475969,18,15
1376476015,19,14
1376476110,18,15
1376476140,17,16
1376476532,15,18
1376476561,14,19
1376476794,15,18
1376477168,14,19
1376477659,15,18
1376477801,16,17
1376478404,16,17
1376478584,16,17
1376478624,16,17
1376478799,17,16
1376479403,17,16
1376479825,18,15
1376480203,19,14
1376480277,17,16
1376480740,18,15
1376480810,17,16
1376481304,18,15
1376481494,17,16
1376481677,16,17
1376481814,17,16
1376482417,17,16
1376482657,17,16
1376482714,18,15
1376482743,19,14
1376483299,20,13
1376483416,21,12
1376484020,21,12
1376484625,20,13
1376485001,20,13
1376485055,20,13
1376485296,21,12
1376485399,22,11
1376485610,21,12
1376485723,20,13
1376486263,20,13
1376486272,21,12
1376486876,21,12
1376487031,21,12
1376487103,21,12
1376487107,22,11
1376487217,21,12
1376487264,21,12
1376487630,21,12
1376487658,22,11
1376488031,22,11
1376488101,22,11
1376488518,23,10
1376488580,23,10
1376488650,23,10
1376488719,24,9
1376488796,25,8
1376488871,26,7
1376489261,25,8
1376489432,24,9
1376489969,23,10
1376490162,23,10
1376490164,24,9
1376490483,23,10
1376490805,22,11
1376490937,23,10
1376490977,22,11
1376491098,21,12
1376491261,20,13
1376491392,21,12
1376491996,21,12
1376492142,21,12
1376492202,21,12
1376492205,22,11
1376492392,21,12
1376492773,22,11
1376493175,23,10
1376493282,24,9
1376493659,25,8
1376494110,24,9
1376494299,23,10
1376494738,22,11
1376495023,23,10
1376495627,23,10
1376495796,22,11
1376496400,22,11
1376496737,21,12
1376496772,22,11
1376496966,23,10
1376497013,24,9
1376497277,25,8
1376497401,25,8
1376497454,25,8
1376497495,26,7
1376497581,25,8
1376497650,25,8
1376497700,24,9
1376497781,24,9
1376497823,23,10
1376497881,24,9
1376497993,22,11
1376498285,21,12
1376498397,20,13
1376498464,21,12
1376498557,21,12
1376499008,20,13
1376499095,19,14
1376499209,18,15
1376499282,18,15
1376499285,17,16
1376499393,16,17
1376499431,15,18
1376499819,14,19
1376499837,13,20
1376499904,12,21
1376500264,13,20
1376500421,9,24
1376500452,10,23
1376500844,10,23
1376501323,9,24
1376501345,10,23
1376501715,11,22
1376501795,12,21
1376501894,11,22
1376501980,12,21
1376502010,11,22
1376502067,10,23
1376502190,12,21
1376502242,11,22
1376502444,13,20
1376502753,11,22
1376502865,9,24
1376503473,9,24
1376503757,10,23
1376503940,10,23
1376503985,11,22
1376504589,11,22
1376504855,12,21
1376504903,11,22
1376505094,11,22
1376505117,10,23
1376505722,10,23
1376505938,9,24
1376506124,8,25
1376506166,9,24
1376506389,10,23
1376506480,10,23
1376506488,11,22
1376506842,11,22
1376506845,10,23
1376507449,10,23
1376507680,10,23
1376507687,11,22
1376507930,10,23
1376508077,10,23
1376508315,9,24
1376508549,7,26
1376509030,8,25
1376509182,8,25
1376509185,9,24
1376509520,8,25
1376509955,7,26
1376510003,7,26
1376510034,7,26
1376510120,8,25
1376510245,7,26
1376510409,8,25
1376510562,8,25
1376510565,9,24
1376511073,8,25
1376511677,8,25
1376512281,8,25
1376512884,8,25
1376513378,7,26
1376513421,6,27
1376513623,5,28
1376514147,4,29
1376514201,5,28
1376514337,4,29
1376514352,4,29
1376514484,3,30
1376515088,3,30
1376515670,2,31
1376516275,2,31
1376516508,1,32
1376516739,1,32
1376516748,2,31
1376517115,3,30
1376517357,4,29
1376517929,3,30
1376518303,2,31
1376518308,0,33
1376518531,0,33
1376519135,0,33
1376519201,1,32
1376519309,2,31
1376519690,1,32
1376520069,0,33
1376520672,0,33
1376521276,0,33
1376521879,0,33
1376522483,0,33
1376523087,0,33
1376523690,0,33
1376524294,0,33
1376524897,0,33
1376525501,0,33
1376526104,0,33
1376526708,0,33
1376527361,0,33
1376527370,1,32
1376527973,1,32
1376528112,0,33
1376528716,0,33
1376529319,0,33
1376529792,0,33
1376529884,0,33
1376530488,0,33
1376530949,1,32
1376531553,1,32
1376531582,0,33
1376532186,0,33
1376532790,0,33
1376533393,0,33
1376533997,0,33
1376534600,0,33
1376535204,0,33
1376535695,1,32
1376535858,0,33
1376536462,0,33
1376537066,0,33
1376537669,0,33
1376538273,0,33
1376538876,0,33
1376539481,0,33
1376540084,0,33
1376540688,0,33
1376541291,0,33
1376541433,1,32
1376542036,1,32
1376542640,1,32
1376543233,1,32
1376543271,2,31
1376543875,2,31
1376544479,2,31
1376545082,2,31
1376545520,1,32
1376545555,0,33
1376546159,0,33
1376546763,0,33
1376547368,0,33
1376547972,0,33
1376548576,0,33
1376549180,0,33
1376549783,0,33
1376550387,0,33
1376550634,1,32
1376551237,1,32
1376551635,0,33
1376552240,0,33
1376552669,1,32
1376553171,2,31
1376553776,2,31
1376554095,3,30
1376554498,2,31
1376554620,1,32
1376555139,0,33
1376555743,0,33
1376556077,0,33
1376556265,0,33
1376556318,0,33
1376556361,0,33
1376556965,0,33
1376557568,0,33
1376557621,1,32
1376557903,1,32
1376557905,0,33
1376558509,0,33
1376558721,2,31
1376558982,2,31
1376558991,3,30
1376559159,4,29
1376559451,5,28
1376559851,6,27
1376559999,8,25
1376560413,9,24
1376561016,9,24
1376561290,8,25
1376561617,7,26
1376561661,9,24
1376561732,9,24
1376561769,10,23
1376562373,10,23
1376562485,9,24
1376562626,8,25
1376562807,9,24
1376563003,9,24
1376563010,11,22
1376563237,12,21
1376563397,11,22
1376563479,12,21
1376564083,12,21
1376564682,12,21
1376564716,11,22
1376564764,12,21
1376564837,13,20
1376565026,14,19
1376565630,14,19
1376565647,13,20
1376565969,14,19
1376566330,14,19
1376566477,14,19
1376566516,13,20
1376566564,13,20
1376566645,14,19
1376566689,15,18
1376566734,16,17
1376567369,15,18
1376567613,16,17
1376567675,18,15
1376568278,18,15
1376568882,18,15
1376568986,18,15
1376569027,19,14
1376569363,19,14
1376569397,20,13
1376569435,20,13
1376569536,20,13
1376569630,20,13
1376569738,21,12
1376570019,22,11
1376570624,22,11
1376571038,23,10
1376571159,23,10
1376571177,25,8
1376571383,23,10
1376571456,23,9
1376571477,22,11
1376571538,21,12
1376571897,21,12
1376571984,21,12
1376572027,22,11
1376572573,22,11
1376572631,23,10
1376572674,24,9
1376572773,27,6
1376572822,28,5
1376573100,30,3
1376573361,28,5
1376573431,27,6
1376573495,25,8
1376573614,26,7
1376573906,27,6
1376574198,27,6
1376574395,28,5
1376574445,29,4
1376574504,30,3
1376574634,31,2
1376574700,30,3
1376574815,30,3
1376574878,31,2
1376574894,30,3
1376575497,30,3
1376576102,30,3
1376576180,30,3
1376576251,29,4
1376576432,30,3
1376576567,29,4
1376576912,28,5
1376576968,28,5
1376577012,28,5
1376577616,28,5
1376577918,29,4
1376578309,28,5
1376578409,29,4
1376578540,30,3
1376578963,30,3
1376578978,31,2
1376579581,31,2
1376580185,31,2
1376580553,30,3
1376580912,29,4
1376580999,30,3
1376581060,31,2
1376581198,30,3
1376581302,31,2
1376581453,31,2
1376582078,30,3
1376582127,30,3
1376582731,30,3
1376583013,31,2
1376583408,30,3
1376583818,29,4
1376583872,29,4
1376584052,30,3
1376584100,31,2
1376584243,31,2
1376584245,30,3
1376584540,30,3
1376584548,31,2
1376584904,30,3
1376584906,31,2
1376585020,27,6
1376585049,28,5
1376585502,28,5
1376585504,27,6
1376586077,29,4
1376586342,27,6
1376586489,28,5
1376586869,28,5
1376587472,28,5
1376587860,26,7
1376588383,28,5
1376588430,30,3
1376588554,30,3
1376588581,31,2
1376588795,32,1
1376589114,30,3
1376589592,29,4
1376590196,29,4
1376590341,28,5
1376590628,27,6
1376590671,26,7
1376591275,26,7
1376591441,27,6
1376592060,26,7
1376592243,25,8
1376592389,24,9
1376592450,23,10
1376592490,22,11
1376593032,21,12
1376593181,19,14
1376593388,18,15
1376593583,16,17
1376593816,17,16
1376594213,16,17
1376594319,15,18
1376594327,14,19
1376594556,13,20
1376595161,13,20
1376595281,13,20
1376595285,12,21
1376595432,13,20
1376595541,12,21
1376596145,12,21
1376596603,12,21
1376596632,12,21
1376596677,13,20
1376597129,14,19
1376597439,13,20
1376597540,13,20
1376598144,13,20
1376598747,13,20
1376598861,14,19
1376598989,13,20
1376599475,12,21
1376599520,11,22
1376599658,11,22
1376599668,12,21
1376600271,12,21
1376600874,12,21
1376601478,12,21
1376602082,12,21
1376602378,13,20
1376602709,12,21
1376603160,11,22
1376603219,12,21
1376603805,10,23
1376603980,9,24
1376604584,9,24
1376604653,8,25
1376605264,6,27
1376605538,5,28
1376605779,4,29
1376605992,3,30
1376606596,2,31
1376606636,1,32
1376607240,1,32
1376607556,0,33
1376608160,0,33
1376608763,0,33
1376609367,0,33
1376609970,0,33
1376610535,1,32
1376611121,2,31
1376611724,2,31
1376611800,2,31
1376611931,2,31
1376611997,3,30
1376612600,3,30
1376612978,2,31
1376613582,2,31
1376614185,2,31
1376614789,2,31
1376615393,2,31
1376615659,3,30
1376616200,3,30
1376616803,3,30
1376617152,2,31
1376617713,1,32
1376618319,0,33
1376618922,0,33
1376619525,0,33
1376620129,0,33
1376620732,0,33
1376621336,0,33
1376621939,0,33
1376622543,0,33
1376623146,0,33
1376623750,0,33
1376624354,0,33
1376624957,0,33
1376625561,0,33
1376626165,0,33
1376626456,1,32
1376626623,0,33
1376626715,0,33
1376626749,1,32
1376627353,1,32
1376627956,1,32
1376628258,2,31
1376628624,3,30
1376629227,3,30
1376629382,4,29
1376629986,4,29
1376630589,4,29
1376631194,4,29
1376631797,4,29
1376632119,4,29
1376632302,5,28
1376632416,6,27
1376632567,5,28
1376632900,5,28
1376632910,6,27
1376632988,7,26
1376633498,8,25
1376634102,8,25
1376634328,9,24
1376634639,9,24
1376634648,10,23
1376634814,11,22
1376635137,12,21
1376635326,13,20
1376635397,14,19
1376636001,14,19
1376636523,13,20
1376636691,12,21
1376636813,13,20
1376637163,13,20
1376637213,15,18
1376637232,14,19
1376637449,15,18
1376637479,15,18
1376637561,14,19
1376637851,13,20
1376638454,13,20
1376638708,14,19
1376638954,15,18
1376639002,16,17
1376639058,15,18
1376639462,14,19
1376640067,14,19
1376640143,13,20
1376640427,14,19
1376641032,14,19
1376641640,13,20
1376641903,13,20
1376641905,14,19
1376642017,14,19
1376642068,15,18
1376642125,15,18
1376642153,16,17
1376642247,17,16
1376642623,17,16
1376642626,16,17
1376642778,17,16
1376643382,17,16
1376644000,17,16
1376644008,18,15
1376644612,18,15
1376644797,19,14
1376645177,20,13
1376645230,21,12
1376645466,22,11
1376645761,23,10
1376645907,24,9
1376646416,25,8
1376646517,24,9
1376646578,24,9
1376646599,25,8
1376646869,25,8
1376646939,24,9
1376647239,25,8
1376647470,26,7
1376647841,26,7
1376647844,25,8
1376648448,25,8
1376649052,25,8
1376649604,26,7
1376649702,26,7
1376649715,28,5
1376649874,27,6
1376650019,26,7
1376650102,26,7
1376650149,27,6
1376650753,27,6
1376650893,26,7
1376651498,26,7
1376651620,27,6
1376651981,27,6
1376651989,28,5
1376652594,28,5
1376653198,28,5
1376653660,28,5
1376653708,28,5
1376653755,29,4
1376653962,28,5
1376654368,29,4
1376654411,28,5
1376654525,27,6
1376655130,27,6
1376655319,29,4
1376655922,29,4
1376655988,30,3
1376656421,30,3
1376656450,31,2
1376656926,30,3
1376657347,29,4
1376657623,28,5
1376657731,27,6
1376657797,28,5
1376657807,29,4
1376657963,28,5
1376658446,27,6
1376658763,26,7
1376658986,25,8
1376659120,24,9
1376659159,24,9
1376659212,25,8
1376659570,26,7
1376659722,27,6
1376659961,27,6
1376659964,28,5
1376660255,27,6
1376660332,28,5
1376660402,28,5
1376660490,28,4
1376660539,30,3
1376660739,30,3
1376660782,29,4
1376660839,30,3
1376661101,29,4
1376661376,28,5
1376661698,28,5
1376661706,29,4
1376662086,30,3
1376662282,29,4
1376662415,30,3
1376662592,31,2
1376662779,32,1
1376662803,32,1
1376662860,32,1
1376662918,32,1
1376663522,32,1
1376664126,32,1
1376664283,32,1
1376664285,30,3
1376664460,31,2
1376664681,32,1
1376664876,31,2
1376665128,32,1
1376665371,31,2
1376665690,32,1
1376666294,32,1
1376666361,31,2
1376666559,30,3
1376666649,31,2
1376666792,31,2
1376666830,32,1
1376667436,32,1
1376667638,31,2
1376668157,30,3
1376668745,28,5
1376668860,27,6
1376669419,26,7
1376669542,27,6
1376669767,28,5
1376670289,27,6
1376670434,28,5
1376670601,27,6
1376671104,26,7
1376671423,25,8
1376672027,25,8
1376672324,25,8
1376672326,26,7
1376672426,25,8
1376672601,27,6
1376672668,26,7
1376673272,26,7
1376673330,27,6
1376673520,26,7
1376673823,26,7
1376673825,25,8
1376674484,24,9
1376674842,24,9
1376674899,24,9
1376675361,25,8
1376675444,25,8
1376675446,24,9
1376675594,25,8
1376675735,24,9
1376676212,23,10
1376676330,20,13
1376676688,19,14
1376676781,18,15
1376676936,18,15
1376677142,17,16
1376677630,18,15
1376677789,17,16
1376677864,18,15
1376677969,17,16
1376678191,15,18
1376678281,14,19
1376678499,14,19
1376678509,15,18
1376678703,16,17
1376679226,14,19
1376679284,13,20
1376679324,15,18
1376679400,15,18
1376679412,16,17
1376679883,16,17
1376679886,15,18
1376680038,14,19
1376680642,14,19
1376680722,14,19
1376680748,15,18
1376681353,15,18
1376681656,17,16
1376682096,18,15
1376682284,20,13
1376682576,19,14
1376683181,19,14
1376683374,18,15
1376683979,18,15
1376684401,17,16
1376685005,17,16
1376685614,18,15
1376686219,18,15
1376686334,18,15
1376686938,18,15
1376687042,17,16
1376687137,18,15
1376687741,18,15
1376687799,17,16
1376688300,16,17
1376688846,17,16
1376689450,17,16
1376689965,18,15
1376690568,18,15
1376691196,18,15
1376691238,19,14
1376691461,18,15
1376691671,19,14
1376691780,20,13
1376692249,19,14
1376692817,18,15
1376692868,19,14
1376693472,19,14
1376694076,19,14
1376694680,19,14
1376695041,19,14
1376695378,20,13
1376695981,20,13
1376696280,19,14
1376696883,19,14
1376696982,18,15
1376697002,17,16
1376697605,17,16
1376698209,17,16
1376698495,16,17
1376699098,16,17
1376699494,16,17
1376699545,15,18
1376699697,16,17
1376700301,16,17
1376700904,16,17
1376701508,16,17
1376701916,15,18
1376702308,14,19
1376702681,14,19
1376703285,14,19
1376703889,14,19
1376704279,13,20
1376704883,13,20
1376705016,12,21
1376705620,12,21
1376706223,12,21
1376706828,12,21
1376707432,12,21
1376708035,12,21
1376708639,12,21
1376709242,12,21
1376709846,12,21
1376710450,12,21
1376710856,13,20
1376711460,13,20
1376711714,14,19
1376712319,14,19
1376712924,14,19
1376713527,14,19
1376714131,14,19
1376714734,14,19
1376715338,14,19
1376715941,14,19
1376716545,14,19
1376717148,14,19
1376717752,14,19
1376718356,14,19
1376718961,14,19
1376719564,14,19
1376720168,14,19
1376720773,14,19
1376720944,14,19
1376721549,14,19
1376721940,15,18
1376722545,15,18
1376723149,15,18
1376723320,15,18
1376723328,16,17
1376723679,17,16
1376723894,16,17
1376724236,17,16
1376724507,18,15
1376724557,17,16
1376725161,17,16
1376725409,18,15
1376725780,18,15
1376725789,19,14
1376726042,20,13
1376726290,21,12
1376726847,22,11
1376726919,23,10
1376727013,22,11
1376727313,21,12
1376727557,19,14
1376727764,18,15
1376728367,18,15
1376728436,17,16
1376728694,16,17
1376729077,16,17
1376729132,16,17
1376729167,17,16
1376729394,16,17
1376729872,15,18
1376730224,16,17
1376730264,15,18
1376730867,15,18
1376731271,14,19
1376731319,15,18
1376731417,14,19
1376732021,14,19
1376732264,15,18
1376732869,15,18
1376733207,14,19
1376733259,15,18
1376733864,15,18
1376734141,16,17
1376734196,17,16
1376734263,17,16
1376734651,17,16
1376734685,17,16
1376734738,18,15
1376734867,16,17
1376735444,15,18
1376735718,16,17
1376735832,16,17
1376735893,17,16
1376735932,18,15
1376736148,19,14
1376736209,18,15
1376736506,17,16
1376736556,18,15
1376736806,17,16
1376736998,17,16
1376737038,18,15
1376737182,19,14
1376737190,20,13
1376737495,19,14
1376738111,18,15
1376738715,18,15
1376738756,19,14
1376738846,18,15
1376739461,17,16
1376739499,17,16
1376739702,17,16
1376739808,18,15
1376740241,19,14
1376740651,18,15
1376740778,19,14
1376741383,19,14
1376741470,20,13
1376741615,21,12
1376742220,21,12
1376742598,20,13
1376742796,21,12
1376743051,22,11
1376743600,22,11
1376743608,23,10
1376744212,23,10
1376744427,24,9
1376744564,25,8
1376744603,27,6
1376744803,28,5
1376744861,29,4
1376744871,30,3
1376745475,30,3
1376745673,29,4
1376746005,28,5
1376746007,29,4
1376746359,28,5
1376746526,27,6
1376746555,27,6
1376746704,26,7
1376746879,27,6
1376747196,26,7
1376747262,24,9
1376747323,24,9
1376747344,24,9
1376747439,25,8
1376747498,26,7
1376747938,25,8
1376748036,25,8
1376748641,25,8
1376748854,24,9
1376749175,24,9
1376749215,25,8
1376749271,26,7
1376749424,26,7
1376749427,27,6
1376750032,27,6
1376750216,28,5
1376750408,29,4
1376750479,30,3
1376750703,29,4
1376750956,30,3
1376751271,29,4
1376751514,30,3
1376751529,29,4
1376751810,28,5
1376751838,27,6
1376752134,25,8
1376752332,26,7
1376752724,23,10
1376752768,21,12
1376753130,22,11
1376753322,22,11
1376753353,23,10
1376753433,24,9
1376753842,24,9
1376753911,24,9
1376753972,24,9
1376754041,25,8
1376754074,25,8
1376754113,26,7
1376754718,26,7
1376755072,25,8
1376755232,26,7
1376755346,25,8
1376755542,25,8
1376755551,26,7
1376755829,25,8
1376755902,25,8
1376755911,26,7
1376756281,25,8
1376756771,24,9
1376756942,23,10
1376757038,22,11
1376757089,21,12
1376757586,20,13
1376757640,20,13
1376757654,21,12
1376758000,20,13
1376758121,19,14
1376758143,18,15
1376758302,18,15
1376758310,19,14
1376758421,19,14
1376758445,20,13
1376758653,21,12
1376758845,21,12
1376758858,22,11
1376759242,23,10
1376759746,23,10
1376759804,24,9
1376759852,23,10
1376760238,24,9
1376760745,25,8
1376760868,26,7
1376761473,26,7
1376761592,26,7
1376761632,27,6
1376761707,27,6
1376761770,27,6
1376761884,29,4
1376762023,29,4
1376762032,30,3
1376762132,30,3
1376762164,31,2
1376762768,31,2
1376763105,31,2
1376763446,30,3
1376764049,30,3
1376764335,32,1
1376764894,31,2
1376765132,32,1
1376765204,32,1
1376765207,31,2
1376765844,30,3
1376766448,30,3
1376767052,30,3
1376767656,30,3
1376768259,30,3
1376768284,31,2
1376768888,31,2
1376769163,32,1
1376769596,31,2
1376769690,29,4
1376770244,29,4
1376770302,30,3
1376770310,31,2
1376770834,29,4
1376771250,27,6
1376771419,25,8
1376772023,25,8
1376772626,25,8
1376773230,25,8
1376773834,25,8
1376774439,25,8
1376774862,26,7
1376774983,25,8
1376775542,26,7
1376776146,26,7
1376776749,26,7
1376777353,26,7
1376777736,24,9
1376777827,23,10
1376778431,23,10
1376778477,22,11
1376778663,22,11
1376779266,22,11
1376779870,22,11
1376780476,22,11
1376780825,23,10
1376781429,23,10
1376781873,24,9
1376782384,25,8
1376782988,25,8
1376783131,26,7
1376783735,26,7
1376784153,25,8
1376784759,26,7
1376785052,25,8
1376785085,26,7
1376785689,26,7
1376786292,26,7
1376786896,26,7
1376787501,26,7
1376787917,26,7
1376787957,27,6
1376788560,27,6
1376788992,27,6
1376789597,27,6
1376789938,26,7
1376790317,25,8
1376790921,25,8
1376791526,25,8
1376792129,25,8
1376792733,25,8
1376793337,25,8
1376793750,24,9
1376793790,23,10
1376794025,22,11
1376794629,22,11
1376795234,22,11
1376795838,22,11
1376795954,21,12
1376796558,21,12
1376797161,21,12
1376797764,21,12
1376798367,21,12
1376798971,21,12
1376798990,20,13
1376799594,20,13
1376800197,20,13
1376800801,20,13
1376801405,20,13
1376802008,20,13
1376802611,20,13
1376803215,20,13
1376803819,20,13
1376804422,20,13
1376805026,20,13
1376805558,20,13
1376805604,21,12
1376805801,22,11
1376806405,22,11
1376807009,22,11
1376807613,22,11
1376807671,22,11
1376807739,23,10
1376807798,23,10
1376807865,23,10
1376807923,23,10
1376807946,24,9
1376808110,23,10
1376808714,23,10
1376809124,24,9
1376809279,23,10
1376809882,23,10
1376810486,23,10
1376811090,23,10
1376811660,24,9
1376812264,24,9
1376812451,25,8
1376812715,24,9
1376813318,24,9
1376813436,24,9
1376813560,24,9
1376814163,24,9
1376814436,23,10
1376814559,22,11
1376814861,21,12
1376814931,19,14
1376814961,18,15
1376815348,19,14
1376815400,20,13
1376815453,21,12
1376816058,21,12
1376816620,21,12
1376817149,21,12
1376817199,22,11
1376817803,22,11
1376818004,22,11
1376818042,24,9
1376818647,24,9
1376818702,23,10
1376819306,23,10
1376819500,22,11
1376819508,23,10
1376820066,24,9
1376820585,24,9
1376820587,23,10
1376820752,22,11
1376820929,23,10
1376820957,24,9
1376821298,26,7
1376821903,26,7
1376822339,25,8
1376822624,25,8
1376822626,26,7
1376822733,27,6
1376822848,28,5
1376823452,28,5
1376824055,28,5
1376824659,28,5
1376825262,28,5
1376825730,27,6
1376826334,27,6
1376826628,28,5
1376827232,28,5
1376827835,28,5
1376828142,28,5
1376828153,30,3
1376828795,31,2
1376829398,31,2
1376830002,31,2
1376830605,31,2
1376830847,30,3
1376831380,30,3
1376831984,30,3
1376832553,31,2
1376832689,32,1
