1376208293,23,2
1376208897,23,2
1376209317,24,1
1376209921,24,1
1376210344,23,2
1376210818,24,1
1376211314,23,2
1376211631,24,1
1376212068,23,2
1376212672,23,2
1376213275,23,2
1376213879,23,2
1376214443,22,3
1376215047,22,3
1376215650,22,3
1376216254,22,3
1376216857,22,3
1376216955,23,2
1376217214,21,3
1376217275,21,4
1376217338,21,4
1376217942,21,4
1376218545,21,4
1376218743,20,5
1376218925,21,4
1376219247,20,5
1376219851,20,5
1376220454,20,5
1376221025,19,6
1376221078,18,7
1376221681,18,7
1376222022,19,6
1376222626,19,6
1376223229,19,6
1376223833,19,6
1376224436,19,6
1376224956,19,6
1376225030,20,5
1376225400,19,6
1376225500,19,6
1376225509,20,5
1376226112,20,5
1376226565,19,6
1376226855,18,7
1376227309,18,7
1376227404,19,6
1376227461,18,7
1376227510,18,7
1376227603,19,6
1376227758,18,7
1376227895,18,7
1376228013,18,7
1376228276,19,6
1376228879,19,6
1376229483,19,6
1376230059,19,6
1376230067,20,5
1376230357,21,4
1376230529,22,3
1376231133,22,3
1376231737,22,3
1376232095,21,4
1376232494,20,5
1376232536,19,6
1376232963,20,5
1376233285,21,4
1376233348,22,3
1376233483,21,4
1376233543,22,3
1376233566,23,2
1376233652,22,3
1376234021,22,3
1376234029,23,2
1376234633,23,2
1376235063,21,4
1376235383,22,3
1376235686,21,4
1376235865,20,5
1376235907,20,5
1376236110,17,8
1376236183,17,8
1376236186,16,9
1376236356,17,8
1376236390,18,7
1376236993,18,7
1376237107,17,8
1376237160,18,7
1376237319,19,6
1376237755,20,5
1376238359,20,5
1376238963,20,5
1376239303,21,4
1376239761,23,2
1376240000,21,4
1376240262,21,4
1376240265,20,5
1376240869,20,5
1376241472,20,5
1376242076,20,5
1376242411,21,4
1376242522,20,5
1376242853,21,4
1376243432,19,6
1376243741,19,6
1376243759,19,6
1376244362,19,6
1376244966,19,6
1376245495,18,7
1376245553,19,6
1376245649,19,6
1376246253,19,6
1376246856,19,6
1376247454,20,5
1376248058,20,5
1376248661,20,5
1376248695,19,6
1376249298,19,6
1376249790,20,5
1376250066,19,6
1376250637,18,7
1376251177,17,8
1376251781,17,8
1376252385,17,8
1376252682,17,8
1376252730,19,6
1376253334,19,6
1376253544,20,5
1376254132,19,6
1376254707,18,7
1376254937,19,6
1376255120,18,7
1376255724,18,7
1376256327,18,7
1376256698,18,7
1376256706,19,6
1376256844,18,7
1376257448,18,7
1376258052,18,7
1376258656,18,7
1376258769,16,9
1376259372,16,9
1376259956,17,8
1376260560,17,8
1376261163,17,8
1376261767,17,8
1376262370,17,8
1376262974,17,8
1376263577,17,8
1376264181,17,8
1376264616,15,10
1376264894,17,8
1376265403,17,8
1376265498,17,8
1376265576,17,8
1376265621,18,7
1376265943,19,6
1376265945,19,6
1376266548,19,6
1376266766,18,7
1376267369,18,7
1376267972,18,7
1376268576,18,7
1376269180,18,7
1376269536,17,8
1376270140,17,8
1376270743,17,8
1376271066,17,8
1376271669,17,8
1376272273,17,8
1376272876,17,8
1376273480,17,8
1376274083,17,8
1376274252,18,7
1376274856,18,7
1376275459,18,7
1376276063,18,7
1376276666,18,7
1376277270,18,7
1376277874,18,7
1376278477,18,7
1376279081,18,7
1376279684,18,7
1376280204,18,7
1376280248,18,7
1376280365,18,7
1376280968,18,7
1376281379,19,6
1376282019,19,6
1376282036,19,6
1376282640,19,6
1376283243,19,6
1376283847,19,6
1376284114,18,7
1376284141,17,8
1376284745,17,8
1376285348,17,8
1376285951,17,8
1376286271,18,7
1376286537,17,8
1376286841,16,9
1376287444,16,9
1376288082,16,7
1376288116,17,6
1376288343,16,7
1376288851,15,8
1376289150,16,7
1376289754,16,9
1376290033,16,9
1376290108,17,8
1376290711,17,8
1376291275,16,9
1376291611,16,9
1376291735,15,10
1376292339,15,10
1376292347,14,11
1376292951,14,11
1376293330,15,10
1376293933,15,10
1376294143,16,9
1376294746,16,9
1376295007,15,10
1376295610,15,10
1376296214,15,10
1376296595,15,10
1376296606,16,9
1376297209,16,9
1376297396,15,10
1376297497,14,11
1376298101,14,11
1376298554,15,10
1376298963,16,9
1376299567,16,9
1376300170,16,9
1376300259,17,8
1376300862,17,8
1376300929,16,9
1376301533,16,9
1376302136,16,9
1376302740,16,9
1376303343,16,9
1376303916,17,8
1376304159,17,8
1376304168,18,7
1376304784,19,6
1376305387,19,6
1376305798,20,5
1376306401,20,5
1376306546,21,4
1376307150,21,4
1376307753,21,4
1376308357,21,4
1376308960,21,4
1376309555,22,3
1376309724,23,2
1376310327,23,2
1376310931,23,2
1376311535,23,2
1376311877,22,3
1376312480,22,3
1376313084,22,3
1376313687,22,3
1376313755,21,4
1376313822,22,3
1376313941,22,3
1376313968,22,3
1376314034,22,3
1376314120,22,3
1376314128,23,2
1376314228,23,2
1376314294,22,3
1376314339,22,3
1376314464,22,3
1376314503,21,4
1376314580,21,4
1376314959,21,4
1376314975,21,5
1376315203,21,5
1376315806,21,5
1376316126,20,6
1376316571,19,7
1376317175,19,7
1376317778,19,7
1376318199,19,7
1376318261,19,7
1376318316,20,6
1376318653,21,5
1376318779,22,4
1376318806,23,3
1376319410,23,3
1376319496,23,3
1376320099,23,3
1376320418,22,4
1376321022,22,4
1376321625,22,4
1376321982,22,4
1376321989,23,3
1376322593,23,3
1376323178,22,4
1376323227,23,3
1376323389,24,2
1376323625,25,1
1376323710,24,2
1376323993,25,1
1376324595,24,2
1376324720,25,1
1376325340,25,1
1376325374,25,1
1376325915,26,0
1376326091,25,1
1376326662,26,0
1376326664,25,1
1376327267,25,1
1376327871,25,1
1376328084,24,2
1376328333,24,2
1376328386,23,3
1376328732,22,4
1376328980,21,5
1376329298,20,6
1376329476,20,6
1376329501,19,7
1376329904,18,8
1376330139,19,7
1376330315,18,8
1376330920,19,6
1376330931,20,5
1376331396,21,4
1376331985,20,5
1376332468,19,6
1376333071,19,7
1376333675,19,7
1376334189,17,9
1376334373,17,9
1376334439,17,9
1376334483,16,10
1376334794,15,11
1376335014,14,12
1376335372,14,12
1376335443,14,12
1376335510,15,11
1376336113,15,11
1376336234,14,12
1376336843,14,12
1376337093,14,12
1376337106,15,11
1376337714,15,11
1376338317,15,11
1376338921,15,11
1376339525,15,11
1376340128,15,11
1376340732,15,11
1376340822,15,11
1376340825,14,12
1376341428,14,12
1376341687,15,11
1376342291,15,11
1376342855,15,11
1376342867,16,10
1376343470,16,10
1376344074,16,10
1376344677,16,10
1376345281,16,10
1376345884,16,10
1376346283,16,10
1376346310,16,10
1376346382,16,10
1376346418,17,9
1376346503,18,8
1376347107,18,8
1376347710,18,8
1376348314,18,8
1376348918,18,7
1376348971,18,7
1376349006,19,6
1376349609,19,7
1376350213,19,7
1376350816,19,7
1376351420,19,7
1376352024,19,7
1376352627,19,7
1376353231,19,7
1376353496,18,8
1376354081,17,9
1376354134,17,9
1376354154,17,9
1376354223,17,9
1376354827,17,9
1376355140,16,10
1376355743,16,10
1376355915,17,9
1376356519,17,9
1376357123,17,9
1376357465,17,9
1376358068,17,9
1376358672,17,9
1376359121,17,9
1376359132,18,8
1376359735,18,8
1376360339,18,8
1376360679,18,8
1376360740,19,7
1376360777,20,6
1376361381,20,6
1376361692,19,7
1376362295,19,7
1376362899,19,7
1376363502,19,7
1376364106,19,7
1376364710,19,7
1376365313,19,7
1376365916,19,7
1376366520,19,7
1376367124,19,7
1376367727,19,7
1376368331,19,7
1376368934,19,7
1376369538,19,7
1376369680,18,8
1376370039,17,9
1376370643,17,9
1376371247,17,9
1376371850,17,9
1376372454,16,10
1376372964,17,9
1376373567,17,9
1376374064,18,8
1376374117,17,9
1376374721,17,9
1376375382,18,8
1376375421,19,7
1376375520,20,6
1376375672,19,7
1376376276,19,7
1376376429,19,7
1376377033,19,7
1376377321,18,8
1376377530,19,7
1376378060,18,8
1376378664,18,8
1376378818,19,7
1376378923,20,6
1376378924,20,6
1376379058,19,7
1376379299,20,6
1376379633,21,5
1376380237,21,5
1376380342,22,4
1376380946,22,4
1376381550,22,4
1376381694,21,5
1376381912,21,5
1376381951,22,4
1376382077,23,3
1376382681,23,3
1376382975,24,2
1376383579,24,2
1376384180,25,1
1376384783,25,1
1376385386,25,1
1376385990,25,1
1376386594,25,1
1376387197,25,1
1376387801,25,1
1376388404,25,1
1376389008,25,1
1376389611,25,1
1376389844,25,1
1376389882,25,1
1376389942,25,1
1376389973,25,1
1376390577,25,1
1376391161,24,2
1376391206,24,2
1376391255,25,1
1376391636,24,2
1376392240,24,2
1376392844,24,2
1376393447,24,2
1376393517,24,2
1376394036,23,3
1376394097,22,4
1376394700,22,4
1376395304,22,4
1376395907,22,4
1376396511,22,4
1376397138,23,3
1376397187,23,3
1376397791,23,3
1376398394,23,3
1376398492,22,4
1376399095,22,4
1376399699,22,4
1376400302,22,4
1376400697,23,3
1376400732,23,3
1376400844,23,3
1376401448,23,3
1376401939,22,4
1376402434,21,5
1376403041,22,4
1376403691,23,3
1376404295,23,3
1376404631,24,2
1376404953,24,2
1376404997,25,1
1376405604,25,1
1376406208,25,1
1376406694,26,0
1376407297,26,0
1376407579,25,1
1376407715,26,0
1376408318,26,0
1376408922,26,0
1376409516,25,1
1376409969,25,1
1376410030,26,0
1376410634,26,0
1376411238,26,0
1376411841,26,0
1376412354,25,1
1376412584,25,1
1376412593,26,0
1376413059,23,3
1376413301,24,2
1376413905,24,2
1376414322,23,3
1376414485,24,2
1376414858,25,1
1376415372,24,2
1376415975,24,2
1376416470,23,3
1376416666,22,4
1376416783,21,5
1376416825,21,5
1376416899,21,5
1376416910,21,5
1376417228,22,4
1376417831,22,4
1376417882,23,3
1376418485,23,3
1376418677,22,4
1376419044,21,5
1376419648,21,5
1376420285,20,6
1376420888,20,6
1376421069,19,7
1376421322,21,5
1376421925,21,5
1376422096,22,4
1376422337,23,3
1376422940,23,3
1376423042,22,4
1376423331,21,5
1376423926,20,6
1376424530,20,6
1376425133,20,6
1376425737,20,6
1376426083,21,5
1376426374,20,6
1376426767,19,7
1376427371,19,7
1376427975,19,7
1376428578,19,7
1376429182,19,7
1376429743,19,7
1376429753,20,6
1376430177,19,7
1376430781,19,7
1376431394,17,9
1376431998,17,9
1376432325,16,10
1376432327,15,11
1376432930,15,11
1376433534,15,11
1376434137,15,11
1376434741,15,11
1376435345,15,11
1376435948,15,11
1376436552,15,11
1376437155,15,11
1376437468,15,11
1376437520,16,10
1376438123,16,10
1376438728,16,10
1376439331,16,10
1376439935,16,10
1376440538,16,10
1376441142,16,10
1376441745,16,10
1376442349,16,10
1376442952,16,10
1376443556,16,10
1376443868,16,10
1376444472,16,10
1376444905,16,10
1376444984,16,9
1376444995,17,8
1376445598,17,9
1376446202,17,9
1376446806,17,9
1376447409,17,9
1376448013,17,9
1376448192,16,10
1376448796,16,10
1376449399,16,10
1376450003,16,10
1376450607,16,10
1376451210,16,10
1376451814,16,10
1376452417,16,10
1376453021,16,10
1376453624,16,10
1376454228,16,10
1376454831,16,10
1376455435,16,10
1376456039,16,10
1376456643,16,10
1376457246,16,10
1376457341,15,11
1376457945,15,11
1376458548,15,11
1376459183,16,10
1376459440,16,10
1376459451,17,9
1376460054,17,9
1376460574,16,10
1376461040,17,9
1376461444,16,10
1376461589,15,11
1376461648,16,9
1376461964,17,8
1376462568,17,9
1376462767,16,10
1376463104,17,9
1376463707,17,9
1376464057,17,9
1376464108,17,9
1376464181,17,9
1376464232,16,10
1376464285,16,10
1376464365,16,10
1376464404,16,10
1376464437,16,10
1376464605,16,10
1376464654,15,11
1376464711,15,11
1376464781,16,10
1376464822,16,10
1376465445,16,9
1376465458,16,9
1376465509,16,9
1376465730,16,9
1376465799,16,9
1376465839,17,8
1376466442,17,8
1376467046,17,8
1376467165,16,9
1376467769,16,9
1376468268,15,10
1376468412,16,9
1376468650,15,10
1376468733,14,11
1376468911,15,10
1376469013,16,9
1376469427,18,7
1376470030,18,7
1376470633,18,7
1376470875,19,6
1376471476,19,6
1376471546,19,6
1376471576,20,5
1376471954,21,4
1376472163,22,3
1376472766,22,3
1376473370,22,3
1376473973,22,3
1376474577,22,3
1376474914,23,2
1376475013,23,2
1376475164,24,1
1376475166,25,0
1376475770,25,0
1376476062,24,1
1376476665,24,1
1376476740,25,0
1376476843,25,0
1376476872,23,2
1376477476,23,2
1376478079,23,2
1376478682,23,2
1376478763,24,1
1376478988,25,0
1376479021,24,1
1376479603,23,1
1376479625,23,2
1376479695,24,1
1376479814,23,2
1376480406,22,3
1376481010,22,3
1376481583,23,2
1376481860,23,2
1376481909,23,1
1376482512,23,2
1376483144,23,2
1376483153,24,1
1376483756,24,1
1376484036,25,0
1376484640,25,0
1376484697,24,1
1376484817,24,1
1376485302,24,1
1376485310,25,0
1376485914,25,0
1376486102,24,1
1376486198,24,1
1376486243,24,1
1376486470,23,2
1376486534,23,2
1376486581,24,1
1376487072,24,1
1376487184,24,1
1376487787,24,1
1376487846,23,2
1376488450,23,2
1376489054,23,2
1376489188,24,1
1376489792,24,1
1376490142,25,0
1376490746,25,0
1376491349,25,0
1376491541,23,2
1376492145,23,2
1376492464,22,3
1376492650,23,2
1376492882,24,1
1376493486,24,1
1376493635,23,2
1376493907,22,3
1376494420,23,2
1376494535,24,1
1376494590,23,2
1376494893,23,2
1376495319,22,3
1376495384,22,2
1376495417,22,2
1376495494,21,3
1376495589,21,3
1376495629,21,2
1376495706,21,2
1376495748,22,1
1376496382,23,2
1376496510,24,1
1376497113,24,1
1376497242,24,1
1376497250,25,0
1376497872,24,1
1376498476,24,1
1376498591,23,2
1376498800,22,3
1376498935,23,2
1376499339,24,1
1376499721,25,0
1376500265,24,1
1376500868,24,1
1376501075,25,0
1376501308,25,0
1376501349,25,0
1376501952,25,0
1376502111,24,1
1376502278,25,0
1376502881,25,0
1376503303,24,1
1376503906,24,1
1376504461,23,2
1376504899,22,3
1376505472,21,4
1376505605,22,3
1376506209,22,3
1376506601,22,3
1376506646,24,1
1376507250,24,1
1376507853,24,1
1376508377,25,0
1376508980,25,0
1376509584,25,0
1376509879,23,2
1376510004,23,2
1376510051,23,2
1376510136,23,2
1376510191,23,2
1376510256,25,0
1376510859,25,0
1376511463,25,0
1376512066,25,0
1376512510,24,1
1376513113,24,1
1376513717,24,1
1376513950,25,0
1376514272,24,1
1376514292,23,2
1376514896,23,2
1376515499,23,2
1376516103,23,2
1376516341,22,3
1376516592,23,2
1376516643,24,1
1376517062,25,0
1376517378,24,1
1376517417,24,1
1376517634,25,0
1376518238,25,0
1376518841,25,0
1376519445,25,0
1376520048,25,0
1376520652,25,0
1376521255,25,0
1376521859,25,0
1376521955,24,0
1376521984,25,0
1376522588,25,0
1376523191,25,0
1376523795,25,0
1376524248,24,1
1376524851,24,1
1376525455,24,1
1376526058,24,1
1376526552,24,1
1376527184,24,1
1376527228,25,0
1376527832,25,0
1376528435,25,0
1376529039,25,0
1376529642,25,0
1376530261,25,0
1376530349,25,0
1376530952,25,0
1376531261,23,2
1376531280,21,4
1376531884,21,4
1376532488,21,4
1376532919,21,4
1376533523,21,4
1376534126,21,4
1376534730,21,4
1376535333,21,4
1376535813,19,6
1376535856,16,9
1376535932,12,13
1376536300,12,13
1376536314,13,12
1376536918,13,12
1376537521,13,12
1376538125,13,12
1376538729,13,12
1376538920,12,13
1376539523,12,13
1376540127,12,13
1376540730,12,13
1376541334,12,13
1376541937,12,13
1376542541,12,13
1376542993,11,14
1376543597,11,14
1376544200,11,14
1376544803,11,14
1376545407,11,14
1376546011,11,14
1376546614,11,14
1376547172,10,15
1376547685,11,14
1376548288,11,14
1376548584,10,15
1376549188,10,15
1376549791,10,15
1376550395,10,15
1376550971,11,14
1376551575,11,14
1376552178,11,14
1376552369,12,12
1376552437,13,10
1376553040,13,12
1376553644,13,12
1376553941,13,12
1376553954,14,11
1376554594,14,11
1376554607,15,10
1376554772,15,10
1376554901,14,11
1376555254,14,11
1376555266,15,10
1376555503,14,11
1376556106,14,11
1376556463,15,10
1376556485,15,10
1376557088,15,10
1376557692,15,10
1376557895,16,9
1376558498,16,9
1376558920,15,10
1376559275,14,11
1376559879,14,11
1376560013,13,12
1376560617,13,12
1376561220,13,12
1376561827,12,13
1376562431,12,13
1376563034,12,13
1376563638,12,13
1376564241,12,13
1376564845,12,13
1376565281,12,13
1376565319,14,11
1376565922,14,11
1376566525,14,11
1376567129,14,11
1376567749,14,11
1376568353,14,11
1376568702,14,11
1376568704,13,12
1376569308,13,12
1376569911,13,12
1376570009,12,13
1376570052,12,13
1376570142,12,13
1376570157,13,12
1376570760,13,12
1376571364,13,12
1376571486,12,13
1376571721,13,12
1376571891,12,13
1376572352,12,13
1376572366,13,12
1376572629,12,13
1376573233,12,13
1376573339,11,14
1376573506,11,14
1376573616,11,14
1376573983,12,13
1376573984,12,13
1376574086,11,14
1376574111,10,15
1376574222,10,15
1376574256,10,15
1376574325,10,14
1376574393,11,14
1376574409,12,13
1376574611,11,14
1376575215,11,14
1376575304,9,16
1376575952,9,16
1376576029,9,16
1376576106,9,16
1376576188,10,15
1376576263,12,13
1376576866,12,13
1376577470,12,13
1376578073,12,13
1376578677,12,13
1376579280,12,13
1376579884,12,13
1376580309,11,14
1376580913,11,14
1376581207,12,13
1376581272,13,12
1376581876,13,12
1376582480,13,12
1376582850,12,13
1376583454,13,12
1376583516,13,12
1376584120,13,12
1376584402,14,11
1376585005,14,11
1376585167,15,10
1376585609,16,9
1376586213,16,9
1376586816,16,9
1376587420,16,9
1376587920,17,8
1376588091,16,9
1376588695,16,9
1376589299,16,9
1376589441,15,10
1376589756,15,10
1376589767,16,9
1376590370,16,9
1376590783,15,10
1376591386,15,10
1376591769,16,9
1376592129,15,10
1376592441,15,10
1376592511,15,9
1376592549,16,8
1376593152,16,9
1376593756,16,9
1376594065,17,8
1376594554,17,8
1376594583,17,8
1376594665,19,6
1376594841,19,6
1376594883,20,5
1376595157,18,7
1376595165,18,7
1376595333,19,6
1376595937,19,6
1376596059,20,5
1376596660,20,5
1376596671,21,4
1376597275,21,4
1376597477,19,6
1376597716,17,8
1376598320,17,8
1376598558,17,8
1376598602,18,7
1376598838,17,8
1376599442,17,8
1376600045,17,8
1376600605,18,7
1376600642,19,6
1376601245,19,6
1376601467,18,7
1376602061,18,7
1376602063,17,8
1376602707,15,10
1376603311,15,10
1376603705,16,9
1376604308,16,9
1376604912,16,9
1376605515,16,9
1376606119,16,9
1376606723,16,9
1376607326,16,9
1376607930,16,9
1376608451,15,10
1376609055,15,10
1376609658,15,10
1376610262,15,10
1376610865,15,10
1376611469,15,10
1376612072,15,10
1376612676,15,10
1376613280,15,10
1376613883,15,10
1376614115,14,11
1376614300,15,10
1376614903,15,10
1376615507,15,10
1376616159,12,13
1376616216,8,17
1376616265,5,20
1376616335,1,24
1376616674,1,24
1376617278,1,24
1376617881,1,24
1376618485,1,24
1376619088,1,24
1376619692,1,24
1376620295,1,24
1376620899,1,24
1376621502,1,24
1376622106,1,24
1376622709,1,24
1376623313,1,24
1376623917,1,24
1376624521,1,24
1376625124,1,24
1376625521,0,25
1376626124,0,25
1376626728,0,25
1376627332,0,25
1376627935,0,25
1376628538,0,25
1376629142,0,25
1376629746,0,25
1376630349,0,25
1376630953,0,25
1376631556,0,25
1376631983,1,24
1376632586,1,24
1376632831,0,25
1376633355,1,24
1376633621,1,24
1376633647,2,23
1376634251,2,23
1376634855,2,23
1376635458,2,23
1376636062,2,23
1376636210,1,24
1376636292,2,23
1376636784,1,24
1376637380,0,25
1376637690,1,24
1376637921,2,23
1376638525,2,23
1376638849,1,24
1376638953,2,23
1376639557,2,23
1376639899,3,22
1376640502,3,22
1376640572,3,21
1376640634,5,20
1376640697,5,20
1376640742,6,19
1376640986,7,18
1376641112,8,17
1376641662,8,17
1376641722,9,16
1376641724,8,17
1376641835,9,16
1376642438,9,16
1376643042,9,16
1376643377,9,16
1376643424,9,16
1376644027,9,16
1376644534,8,17
1376645137,8,17
1376645741,8,17
1376646345,8,17
1376646948,8,17
1376647304,9,16
1376647305,9,16
1376647648,8,17
1376648251,8,17
1376648590,9,16
1376648839,10,15
1376649442,10,15
1376650046,10,15
1376650649,10,15
1376650990,11,14
1376651384,11,14
1376651386,10,15
1376651989,10,15
1376652635,12,13
1376652756,11,14
1376653360,11,14
1376653655,9,16
1376654258,9,16
1376654739,7,18
1376655047,6,19
1376655386,6,19
1376655407,7,18
1376656010,7,18
1376656092,8,17
1376656536,9,16
1376657140,9,16
1376657323,10,15
1376657324,10,15
1376657927,10,15
1376658333,10,15
1376658350,11,14
1376658954,11,14
1376659531,12,13
1376659898,12,13
1376660013,12,13
1376660028,13,12
1376660631,13,12
1376661235,13,12
1376661838,13,12
1376662020,12,13
1376662624,12,13
1376663227,12,13
1376663831,12,13
1376664434,12,13
1376664499,12,13
1376664623,11,14
1376664703,11,14
1376664719,12,13
1376665323,12,13
1376665926,12,13
1376666143,13,12
1376666802,14,11
1376667016,15,10
1376667139,16,9
1376667357,15,10
1376667518,14,11
1376668122,14,11
1376668156,15,10
1376668500,16,9
1376669104,16,9
1376669312,15,10
1376669863,16,9
1376669872,15,10
1376670476,15,10
1376671062,14,11
1376671665,14,11
1376672269,14,11
1376672872,14,11
1376673475,14,11
1376673619,13,12
1376674116,12,13
1376674302,13,12
1376674385,12,13
1376674988,12,13
1376675234,14,11
1376675805,14,11
1376675817,16,9
1376676024,15,10
1376676360,16,9
1376676998,17,8
1376677601,17,8
1376678205,17,8
1376678809,17,8
1376679412,17,8
1376680016,17,8
1376680237,17,8
1376680364,18,7
1376680420,17,8
1376680471,19,6
1376680801,20,5
1376680896,19,6
1376681500,19,6
1376682103,19,6
1376682706,19,6
1376682880,20,5
1376683484,20,5
1376684087,20,5
1376684315,19,6
1376684919,19,6
1376685522,19,6
1376685803,18,7
1376686406,18,7
1376686853,17,8
1376687457,17,8
1376688060,17,8
1376688664,17,8
1376688988,17,8
1376689510,18,7
1376690141,19,6
1376690190,19,6
1376690793,19,6
1376691397,19,6
1376692001,19,6
1376692444,18,7
1376693048,18,7
1376693652,18,7
1376694164,18,7
1376694173,19,6
1376694776,19,6
1376695380,19,6
1376695902,19,6
1376695910,20,5
1376696513,20,5
1376697117,20,5
1376697721,20,5
1376698324,20,5
1376698391,21,4
1376698467,20,5
1376698593,18,7
1376699196,18,7
1376699800,18,7
1376700403,18,7
1376701007,18,7
1376701610,18,7
1376702214,18,7
1376702818,18,7
1376703155,18,7
1376703632,18,7
1376703794,18,7
1376703874,18,7
1376703958,18,7
1376704029,18,6
1376704358,18,6
1376704408,18,6
1376704466,18,6
1376704488,18,6
1376705091,18,7
1376705695,18,7
1376706298,18,7
1376706902,18,7
1376707506,18,7
1376708051,19,6
1376708654,19,6
1376709258,19,6
1376709861,19,6
1376710465,19,6
1376711068,19,6
1376711346,17,8
1376711950,17,8
1376712554,17,8
1376713157,17,8
1376713761,17,8
1376714364,17,8
1376714968,17,8
1376715351,16,9
1376715954,16,9
1376716558,16,9
1376717161,16,9
1376717473,17,8
1376718077,17,8
1376718680,17,8
1376718855,18,7
1376719159,17,8
1376719763,17,8
1376720366,17,8
1376720970,17,8
1376721574,17,8
1376722177,17,8
1376722781,17,8
1376722845,17,8
1376722847,16,9
1376723451,16,9
1376724054,16,9
1376724465,16,9
1376724514,16,9
1376724584,16,9
1376724627,17,8
1376725231,17,8
1376725511,16,9
1376726115,16,9
1376726171,15,10
1376726775,15,10
1376727378,15,10
1376727982,15,10
1376728585,15,10
1376729143,15,10
1376729146,14,11
1376729749,14,11
1376730353,14,11
1376730956,14,11
1376731229,15,10
1376731418,16,9
1376732021,16,9
1376732544,17,8
1376732610,16,9
1376733213,16,9
1376733442,17,8
1376733524,17,8
1376733560,18,7
1376734164,18,7
1376734767,18,7
1376735382,17,8
1376735579,18,7
1376736183,18,7
1376736646,17,8
1376736737,18,7
1376736831,17,8
1376737179,18,7
1376737408,18,7
1376737477,18,6
1376737506,19,6
1376737642,18,7
1376738245,18,7
1376738849,18,7
1376739397,17,8
1376740000,17,8
1376740604,17,8
1376741207,17,8
1376741811,17,8
1376742036,17,8
1376742585,18,7
1376742586,18,7
1376743160,17,8
1376743427,17,8
1376743436,18,7
1376743545,19,6
1376743546,19,6
1376743658,20,5
1376744261,20,5
1376744865,20,5
1376745260,19,6
1376745676,19,6
1376745731,20,5
1376745820,19,6
1376746418,20,5
1376746503,20,5
1376746655,21,4
1376747200,22,3
1376747370,23,2
1376747974,23,2
1376748577,23,2
1376748998,23,2
1376749009,24,1
1376749612,24,1
1376750138,25,0
1376750742,25,0
1376751345,25,0
1376751949,25,0
1376752272,24,1
1376752875,24,1
1376753479,24,1
1376753686,24,1
1376753688,25,0
1376754292,25,0
1376754895,25,0
1376755051,23,2
1376755116,22,3
1376755363,23,2
1376755833,24,1
1376755935,25,0
1376756538,25,0
1376757158,24,1
1376757761,24,1
1376758276,23,2
1376758517,19,6
1376759120,19,6
1376759384,18,7
1376759404,17,8
1376759865,17,8
1376760405,17,8
1376760414,18,7
1376760571,19,6
1376761118,20,5
1376761180,21,4
1376761300,22,3
1376761710,21,4
1376762314,21,4
1376762383,21,4
1376762472,21,4
1376762544,22,3
1376763043,21,4
1376763646,21,4
1376764064,22,3
1376764582,22,3
1376765186,22,3
1376765329,21,4
1376765933,21,4
1376765994,22,3
1376766598,22,3
1376767202,22,3
1376767805,22,3
1376767888,23,2
1376767911,24,1
1376768515,24,1
1376769133,25,0
1376769531,24,1
1376770049,24,1
1376770085,23,2
1376770504,22,3
1376771107,22,3
1376771261,21,4
1376771865,21,4
1376772468,21,4
1376773072,21,4
1376773675,21,4
1376774279,21,4
1376774882,21,4
1376775486,21,4
1376775683,22,3
1376775739,21,4
1376776343,21,4
1376776946,21,4
1376777550,21,4
1376777683,20,5
1376778287,20,5
1376778509,21,4
1376779113,21,4
1376779716,21,4
1376780320,21,4
1376780328,20,5
1376780657,21,4
1376780970,22,3
1376781574,22,3
1376782063,23,2
1376782117,24,1
1376782721,24,1
1376783000,24,1
1376783060,24,1
1376783127,23,2
1376783731,23,2
1376784335,23,2
1376784938,23,2
1376785542,23,2
1376786070,24,1
1376786673,24,1
1376786802,24,1
1376786810,25,0
1376787414,25,0
1376788017,25,0
1376788621,25,0
1376789224,25,0
1376789467,25,0
1376790071,25,0
1376790336,24,1
1376790373,24,1
1376790442,24,1
1376791045,24,1
1376791649,24,1
1376792253,24,1
1376792856,24,1
1376793460,24,1
1376794064,24,1
1376794667,24,1
1376795271,24,1
1376795874,24,1
1376796478,24,1
1376797081,24,1
1376797684,24,1
1376798288,24,1
1376798891,24,1
1376799495,24,1
1376800098,24,1
1376800702,24,1
1376801305,24,1
1376801575,23,2
1376802179,23,2
1376802783,23,2
1376803387,23,2
1376803990,23,2
1376804594,23,2
1376805197,23,2
1376805801,23,2
1376805844,22,3
1376806448,22,3
1376807051,22,3
1376807655,22,3
1376808258,22,3
1376808862,22,3
1376809465,22,3
1376810069,22,3
1376810672,22,3
1376811105,22,3
1376811108,23,2
1376811711,23,2
1376812315,23,2
1376812918,23,2
1376813522,23,2
1376814126,23,2
1376814756,24,1
1376815359,24,1
1376815963,24,1
1376816403,23,2
1376817006,23,2
1376817610,23,2
1376818213,23,2
1376818817,23,2
1376819420,23,2
1376820024,23,2
1376820627,23,2
1376821097,24,1
1376821701,24,1
1376822251,23,2
1376822361,22,3
1376822416,23,2
1376822734,24,1
1376822795,22,3
1376823399,22,3
1376823463,21,4
1376824066,21,4
1376824359,20,5
1376824963,20,5
1376825566,20,5
1376826170,20,5
1376826252,21,4
1376826542,20,5
1376826688,21,4
1376827292,21,4
1376827333,22,3
1376827381,23,2
1376827865,24,1
1376828356,23,2
1376828815,22,3
1376828992,23,2
1376829309,22,3
1376829673,24,1
1376830276,24,1
1376830879,24,1
1376831042,25,0
1376831646,25,0
1376832278,25,0
1376832710,25,0
1376832821,25,0
