1376208679,20,2
1376209283,20,2
1376209887,20,2
1376210490,20,2
1376211067,19,3
1376211482,20,2
1376211792,19,3
1376212395,19,3
1376212999,19,3
1376213602,19,3
1376214206,19,3
1376214337,16,6
1376214749,17,5
1376215004,17,5
1376215006,16,6
1376215197,15,7
1376215274,14,8
1376215336,12,10
1376215658,11,11
1376215921,10,12
1376216524,10,12
1376216638,10,12
1376216705,11,11
1376216787,11,11
1376216826,12,10
1376216915,12,10
1376216943,13,9
1376217040,14,8
1376217164,14,8
1376217217,14,8
1376217251,14,8
1376217557,15,7
1376218160,15,7
1376218213,12,10
1376218270,13,9
1376218344,14,8
1376218948,14,8
1376219199,13,9
1376219241,13,9
1376219267,13,9
1376219345,14,8
1376219481,14,8
1376219624,14,8
1376219674,15,7
1376219790,16,6
1376220071,16,6
1376220161,16,6
1376220198,17,5
1376220342,17,5
1376220384,16,6
1376220463,17,5
1376220465,18,4
1376220625,17,4
1376220683,17,5
1376220724,18,4
1376220813,18,4
1376220842,18,4
1376220934,19,3
1376221000,19,3
1376221008,20,2
1376221647,20,2
1376222231,19,3
1376222604,15,7
1376222700,15,7
1376222803,15,7
1376222854,16,6
1376222920,18,4
1376222959,19,3
1376223036,19,3
1376223070,20,2
1376223673,20,2
1376224277,20,2
1376224880,20,2
1376225484,20,2
1376226088,20,2
1376226329,19,3
1376226401,18,4
1376227005,18,4
1376227184,17,5
1376227186,18,4
1376227443,19,3
1376228046,19,3
1376228137,20,2
1376228204,20,2
1376228207,19,3
1376228623,18,4
1376229061,19,3
1376229155,20,2
1376229280,19,3
1376229884,19,3
1376230149,20,2
1376230272,19,3
1376230425,19,3
1376230432,20,2
1376231035,20,2
1376231184,19,3
1376231540,20,2
1376232143,20,2
1376232747,20,2
1376233350,20,2
1376233406,18,4
1376233543,20,2
1376234068,19,3
1376234160,20,2
1376234648,19,3
1376234860,18,4
1376234955,16,6
1376235146,17,5
1376235339,18,4
1376235577,17,5
1376235704,17,5
1376235706,16,6
1376236063,17,5
1376236224,18,4
1376236520,19,3
1376237095,18,4
1376237204,18,4
1376237216,18,4
1376237773,17,5
1376237808,16,6
1376238109,14,8
1376238507,13,9
1376238703,12,10
1376239306,12,10
1376239386,11,11
1376239662,12,10
1376239718,15,7
1376239759,16,6
1376239824,16,6
1376239860,15,7
1376240464,15,7
1376241015,13,9
1376241619,13,9
1376241943,15,7
1376242546,15,7
1376242712,16,6
1376243180,15,7
1376243724,13,9
1376243962,14,8
1376244031,15,7
1376244104,17,5
1376244157,17,5
1376244225,17,5
1376244228,18,4
1376244330,18,4
1376244403,19,3
1376244458,19,3
1376244640,19,3
1376244649,20,2
1376244715,19,3
1376245318,19,3
1376245405,18,4
1376245599,18,4
1376245651,15,7
1376245812,16,6
1376246131,15,7
1376246148,14,8
1376246612,11,11
1376246727,9,13
1376246834,8,14
1376246960,9,13
1376247401,9,13
1376247408,10,12
1376247987,11,11
1376248464,10,12
1376248663,10,12
1376248665,11,11
1376249022,11,11
1376249025,12,10
1376249213,13,9
1376249816,13,9
1376250013,12,10
1376250060,13,9
1376250205,12,10
1376250763,12,10
1376250814,13,9
1376250923,13,9
1376250991,13,9
1376251029,14,8
1376251100,16,6
1376251359,16,6
1376251387,18,4
1376251601,17,5
1376251624,18,4
1376251719,19,3
1376251763,20,2
1376251822,21,1
1376252426,21,1
1376252802,21,1
1376252811,20,2
1376253414,20,2
1376254018,20,2
1376254621,20,2
1376255225,20,2
1376255828,20,2
1376256432,20,2
1376257035,20,2
1376257329,19,3
1376257479,18,4
1376257490,18,4
1376257547,17,5
1376258023,17,5
1376258031,18,4
1376258163,19,3
1376258766,19,3
1376259370,19,3
1376259974,19,3
1376260051,18,4
1376260654,18,4
1376261258,18,4
1376261861,18,4
1376262444,19,3
1376262868,18,4
1376263471,18,4
1376264075,18,4
1376264679,18,4
1376265282,18,4
1376265886,18,4
1376266489,18,4
1376267093,18,4
1376267696,18,4
1376268300,18,4
1376268903,18,4
1376269507,18,4
1376270111,18,4
1376270714,18,4
1376270775,17,5
1376271247,17,5
1376271852,17,5
1376272456,17,5
1376273059,17,5
1376273663,17,5
1376274266,17,5
1376274870,17,5
1376275473,17,5
1376276077,17,5
1376276680,17,5
1376277284,17,5
1376277887,17,5
1376278491,17,5
1376279094,17,5
1376279406,18,4
1376280010,18,4
1376280613,18,4
1376281217,18,4
1376281820,18,4
1376282055,19,3
1376282658,19,3
1376283261,19,3
1376283865,19,3
1376284469,19,3
1376285072,19,3
1376285676,19,3
1376286283,20,2
1376286607,19,3
1376287211,19,3
1376287461,18,4
1376287985,18,4
1376288060,18,4
1376288368,16,6
1376288443,13,9
1376288502,9,13
1376288564,5,17
1376289179,6,16
1376289782,6,16
1376290194,7,15
1376290406,6,16
1376290448,7,15
1376290600,8,14
1376291204,8,14
1376291787,9,13
1376292391,9,13
1376292994,9,13
1376293349,8,14
1376293588,9,13
1376294201,8,14
1376294237,7,15
1376294580,6,16
1376295184,6,16
1376295787,6,16
1376295853,7,15
1376296360,7,15
1376296368,8,14
1376296653,8,14
1376296677,9,13
1376297280,9,13
1376297884,9,13
1376298059,8,14
1376298428,9,13
1376299032,9,13
1376299084,9,13
1376299195,10,12
1376299490,9,13
1376299824,9,13
1376300405,8,14
1376300543,8,14
1376300635,9,13
1376300803,10,12
1376301406,10,12
1376301657,9,13
1376302261,9,13
1376302541,8,14
1376302603,8,14
1376302605,9,13
1376303080,9,13
1376303123,11,11
1376303421,9,13
1376304024,9,13
1376304628,9,13
1376305231,9,13
1376305296,10,12
1376305900,10,12
1376306499,9,13
1376306540,10,12
1376307080,9,13
1376307683,9,13
1376308063,9,13
1376308066,11,11
1376308191,10,12
1376308258,8,14
1376308532,8,14
1376308559,9,13
1376309163,9,13
1376309230,8,14
1376309518,7,15
1376309584,8,14
1376309738,8,14
1376309798,9,13
1376309884,8,14
1376310236,9,13
1376310729,8,14
1376311078,7,15
1376311318,6,16
1376311448,7,15
1376311949,7,15
1376312022,9,13
1376312066,10,12
1376312142,10,12
1376312174,11,11
1376312279,11,11
1376312328,12,10
1376312484,14,8
1376312533,14,8
1376312591,15,7
1376312629,14,8
1376312838,15,7
1376313442,15,7
1376313965,15,7
1376314118,15,7
1376314721,15,7
1376315118,13,9
1376315442,13,9
1376315616,14,8
1376315671,15,7
1376315858,12,10
1376315872,12,10
1376316340,13,9
1376316552,12,10
1376316608,12,10
1376316714,13,9
1376317318,13,9
1376317600,14,8
1376317962,13,9
1376318190,13,9
1376318226,14,8
1376318335,13,9
1376318470,12,10
1376318693,11,11
1376319014,11,11
1376319104,11,11
1376319162,12,10
1376319333,11,11
1376319479,11,11
1376319565,11,10
1376319607,12,9
1376319701,13,8
1376319879,12,9
1376319937,14,8
1376319973,14,8
1376320067,14,8
1376320070,15,7
1376320168,16,6
1376320650,17,5
1376320704,19,3
1376321246,18,4
1376321290,18,4
1376321329,19,3
1376321932,19,3
1376322036,18,4
1376322576,17,5
1376323160,16,6
1376323334,15,7
1376323937,15,7
1376324541,15,7
1376324731,16,6
1376324803,17,5
1376324805,16,6
1376325256,17,5
1376325577,19,3
1376325669,20,2
1376325735,19,3
1376326339,19,3
1376326793,20,2
1376327012,18,4
1376327244,19,3
1376327343,17,5
1376327511,16,6
1376327668,17,5
1376328272,17,5
1376328321,19,3
1376328577,16,6
1376329048,15,7
1376329652,15,7
1376329737,16,6
1376330112,17,5
1376330372,15,7
1376330440,14,8
1376330448,15,7
1376330918,15,7
1376330960,15,7
1376331218,13,9
1376331463,13,9
1376331465,12,10
1376331635,13,9
1376332238,13,9
1376332782,13,9
1376332784,12,10
1376333388,12,10
1376333533,11,11
1376334152,10,12
1376334194,10,12
1376334570,9,13
1376335182,10,12
1376335207,9,13
1376335441,8,14
1376335526,9,13
1376335598,10,12
1376335805,12,10
1376335847,11,11
1376336451,11,11
1376336966,12,10
1376337093,13,9
1376337161,14,8
1376337443,15,7
1376337669,16,6
1376337997,15,7
1376338046,14,8
1376338086,15,7
1376338593,17,5
1376339059,18,4
1376339662,18,4
1376340266,18,4
1376340869,18,4
1376341385,19,3
1376341988,19,3
1376342592,19,3
1376342741,19,3
1376342749,20,2
1376343352,20,2
1376343970,19,3
1376344573,19,3
1376345177,19,3
1376345457,20,2
1376346061,20,2
1376346664,20,2
1376347268,20,2
1376347871,20,2
1376348475,20,2
1376349078,20,2
1376349682,20,2
1376350285,20,2
1376350889,20,2
1376351023,19,3
1376351083,16,6
1376351136,13,9
1376351195,10,12
1376351254,7,15
1376351317,4,18
1376351382,2,20
1376351434,0,22
1376352038,0,22
1376352641,0,22
1376353245,0,22
1376353848,0,22
1376354452,0,22
1376355055,0,22
1376355659,0,22
1376356262,0,22
1376356866,0,22
1376357645,0,22
1376358250,0,22
1376358853,0,22
1376359457,0,22
1376360061,0,22
1376360664,0,22
1376361267,0,22
1376361871,0,22
1376362474,0,22
1376363078,0,22
1376363682,0,22
1376364285,0,22
1376364889,0,22
1376365492,0,22
1376365686,1,21
1376366290,1,21
1376366893,1,21
1376367037,1,21
1376367640,1,21
1376368243,1,21
1376368453,2,20
1376369057,2,20
1376369660,2,20
1376370264,2,20
1376370868,2,20
1376371471,2,20
1376372074,2,20
1376372108,3,19
1376372422,4,18
1376372467,4,18
1376373070,4,18
1376373674,4,18
1376374277,4,18
1376374482,5,17
1376374521,6,16
1376374601,6,16
1376374607,7,15
1376374721,7,15
1376374781,7,15
1376374840,7,15
1376374883,8,14
1376375486,8,14
1376375829,9,13
1376376279,9,13
1376376374,8,14
1376376581,8,14
1376376583,9,13
1376376919,10,12
1376376971,9,13
1376377182,9,13
1376377216,9,13
1376377477,9,13
1376377891,10,12
1376378494,10,12
1376378655,11,11
1376379258,11,11
1376379862,11,11
1376379991,12,10
1376380026,12,10
1376380155,13,9
1376380758,13,9
1376381258,12,10
1376381862,12,10
1376382465,12,10
1376383069,12,10
1376383672,12,10
1376383801,13,9
1376384405,13,9
1376384526,12,10
1376385129,12,10
1376385752,13,9
1376386356,13,9
1376386689,14,8
1376387293,14,8
1376387513,13,9
1376387855,14,8
1376388065,13,9
1376388381,12,10
1376388984,12,10
1376389173,13,9
1376389264,14,8
1376389480,12,10
1376389507,11,11
1376389583,10,12
1376389753,10,12
1376389791,11,11
1376389962,11,11
1376389964,10,12
1376390027,9,13
1376390661,8,14
1376390834,7,15
1376390961,8,14
1376391134,8,14
1376391611,9,13
1376391746,8,14
1376392350,8,14
1376392596,6,16
1376392783,6,16
1376392785,5,17
1376393253,6,16
1376393499,5,17
1376393506,6,16
1376393781,7,15
1376394097,8,14
1376394461,7,15
1376394573,6,16
1376394696,7,15
1376395212,6,16
1376395557,7,15
1376395897,8,14
1376396499,9,13
1376396549,9,13
1376396602,9,13
1376396959,9,13
1376397454,8,14
1376398033,7,15
1376398442,8,14
1376399046,8,14
1376399395,9,13
1376399999,9,13
1376400602,9,13
1376400659,9,13
1376400793,9,13
1376400877,9,13
1376400892,10,12
1376401495,10,12
1376402099,9,13
1376402263,9,13
1376402272,10,12
1376402363,11,11
1376402966,11,11
1376403197,12,10
1376403550,13,9
1376404153,13,9
1376404758,13,9
1376404831,12,10
1376405007,13,9
1376405611,13,9
1376405888,12,10
1376406200,11,11
1376406697,12,10
1376407300,12,10
1376407343,11,11
1376407758,10,12
1376408125,11,11
1376408728,11,11
1376409332,11,11
1376409625,9,13
1376409735,7,15
1376410242,6,16
1376410278,5,17
1376410357,4,18
1376410390,5,17
1376410757,4,18
1376410937,4,18
1376410982,5,17
1376411555,4,18
1376411574,5,17
1376412178,5,17
1376412616,3,19
1376413183,4,18
1376413228,5,17
1376413832,5,17
1376413958,4,18
1376414053,4,18
1376414140,4,18
1376414151,5,17
1376414263,4,18
1376414608,5,17
1376415215,4,18
1376415351,3,19
1376415469,2,20
1376415560,1,21
1376415863,0,22
1376416041,0,22
1376416644,0,22
1376417248,0,22
1376417322,1,21
1376417425,1,21
1376417453,2,20
1376417893,3,19
1376418273,2,20
1376418362,1,21
1376418471,0,22
1376419033,2,20
1376419186,1,21
1376419842,0,22
1376420446,0,22
1376421050,0,22
1376421111,0,22
1376421188,0,22
1376421283,0,22
1376421887,0,22
1376422360,1,21
1376422623,2,20
1376423006,1,21
1376423079,1,21
1376423310,0,22
1376423356,1,21
1376423742,2,20
1376423750,3,19
1376423945,2,20
1376424000,1,21
1376424229,1,21
1376424333,1,21
1376424396,3,19
1376424670,4,18
1376424795,5,17
1376425399,5,17
1376425529,4,18
1376426132,4,18
1376426736,4,18
1376427339,4,18
1376427943,4,18
1376428547,4,18
1376429170,5,17
1376429307,4,18
1376429478,3,19
1376430081,3,19
1376430460,4,18
1376431063,4,18
1376431255,3,19
1376431420,4,18
1376432023,4,18
1376432093,3,19
1376432547,3,19
1376432618,3,19
1376432682,4,18
1376432975,5,17
1376433432,6,16
1376433676,5,17
1376433948,4,18
1376434552,4,18
1376435156,4,18
1376435759,4,18
1376436363,4,18
1376436966,4,18
1376437570,4,18
1376438173,4,18
1376438777,4,18
1376439380,4,18
1376439984,4,18
1376440587,4,18
1376441191,4,18
1376441795,4,18
1376442398,4,18
1376443002,4,18
1376443605,4,18
1376444054,4,18
1376444659,4,18
1376445262,4,18
1376445865,4,18
1376446469,4,18
1376447073,4,18
1376447676,4,18
1376448280,4,18
1376448883,4,18
1376449487,4,18
1376450090,4,18
1376450694,4,18
1376451297,4,18
1376451901,4,18
1376452229,5,17
1376452832,5,17
1376452860,4,18
1376453463,4,18
1376454067,4,18
1376454671,4,18
1376454879,4,18
1376454887,5,17
1376455490,5,17
1376456094,5,17
1376456715,6,16
1376457319,6,16
1376457480,5,17
1376458055,6,16
1376458658,6,16
1376458932,7,15
1376459535,7,15
1376460139,7,15
1376460763,7,15
1376460771,8,14
1376461059,8,14
1376461288,8,13
1376461349,8,13
1376461952,8,14
1376462523,9,13
1376462725,8,14
1376463000,9,13
1376463280,8,13
1376463331,9,12
1376463743,10,11
1376464105,11,10
1376464144,12,9
1376464319,11,10
1376464525,10,11
1376465128,10,12
1376465260,11,11
1376465914,11,11
1376465957,12,8
1376465998,13,8
1376466602,13,9
1376467205,13,9
1376467809,13,9
1376468412,13,9
1376468647,14,8
1376469250,14,8
1376469854,14,8
1376470457,14,8
1376470929,13,9
1376471443,13,9
1376471450,14,8
1376472053,14,8
1376472560,15,7
1376472860,14,8
1376473464,14,8
1376474067,14,8
1376474425,14,8
1376474461,15,7
1376475025,14,8
1376475484,13,9
1376476087,13,9
1376476233,15,7
1376476397,16,6
1376476781,15,7
1376477384,15,7
1376477552,14,8
1376477666,13,9
1376477736,14,8
1376478232,13,9
1376478434,12,10
1376478490,11,11
1376478659,12,10
1376479263,12,10
1376479418,13,9
1376479544,13,8
1376479552,14,7
1376479865,13,8
1376480266,12,9
1376480875,11,11
1376481343,10,12
1376481345,9,13
1376481640,9,13
1376481702,9,12
1376481709,10,11
1376481810,9,12
1376481882,10,11
1376482183,10,11
1376482186,9,12
1376482789,9,13
1376482933,10,12
1376483369,9,13
1376483973,9,13
1376484577,9,13
1376485180,9,13
1376485600,9,13
1376485628,10,12
1376485692,10,11
1376485776,11,10
1376485890,12,9
1376485964,12,10
1376485966,11,11
1376486201,11,11
1376486208,12,10
1376486373,11,11
1376486504,11,11
1376486514,12,10
1376487103,11,11
1376487157,11,10
1376487184,12,10
1376487321,13,9
1376487550,14,8
1376487638,15,7
1376488242,15,7
1376488595,15,6
1376488631,13,8
1376488850,12,9
1376489047,11,10
1376489425,10,11
1376489498,11,10
1376490102,11,11
1376490150,11,10
1376490190,12,9
1376490392,10,11
1376490636,10,11
1376490690,10,11
1376490728,11,10
1376491285,10,11
1376491715,11,10
1376491892,11,10
1376491935,12,8
1376492023,12,9
1376492052,12,9
1376492203,12,9
1376492258,12,9
1376492311,12,9
1376492346,12,9
1376492424,13,8
1376492476,12,9
1376493079,12,10
1376493569,11,11
1376493936,12,10
1376493995,11,11
1376494028,12,10
1376494631,12,10
1376495222,11,11
1376495619,12,10
1376495762,13,9
1376496063,12,10
1376496125,11,11
1376496206,10,12
1376496751,9,13
1376496823,9,13
1376496847,10,12
1376497450,10,12
1376497583,9,13
1376497872,10,12
1376497964,10,12
1376497966,9,13
1376498373,8,14
1376498404,9,13
1376498461,10,12
1376498535,9,13
1376499138,9,13
1376499343,10,12
1376499509,11,11
1376499573,9,13
1376499792,8,14
1376499954,7,15
1376500293,7,15
1376500419,7,15
1376500758,7,15
1376500934,6,16
1376501227,5,17
1376501415,5,17
1376501503,6,16
1376501919,7,15
1376502013,6,16
1376502330,7,14
1376502384,8,13
1376502552,7,14
1376503156,7,15
1376503759,7,15
1376503885,7,15
1376503996,8,14
1376504524,7,15
1376504758,8,14
1376504863,8,14
1376504865,7,15
1376505145,7,15
1376505202,6,16
1376505308,4,18
1376505374,4,18
1376505861,5,17
1376506000,5,17
1376506042,7,15
1376506088,8,14
1376506140,8,14
1376506304,8,14
1376506373,7,15
1376506956,9,13
1376507044,8,14
1376507531,7,15
1376507655,5,17
1376508198,6,16
1376508279,5,17
1376508461,3,19
1376508703,1,21
1376508726,1,21
1376508903,0,22
1376509507,0,22
1376510111,0,22
1376510296,0,22
1376510900,0,22
1376511503,0,22
1376512106,0,22
1376512556,0,22
1376512808,1,21
1376513412,1,21
1376513539,2,20
1376513608,3,19
1376513918,3,19
1376513928,4,18
1376514532,4,18
1376515093,5,17
1376515318,6,16
1376515382,7,15
1376515776,6,16
1376515898,6,16
1376515946,8,14
1376516550,8,14
1376516738,8,14
1376516747,9,13
1376516984,10,12
1376517162,10,12
1376517164,9,13
1376517768,9,13
1376518372,9,13
1376518691,10,12
1376518826,9,13
1376519214,8,14
1376519817,8,14
1376519971,9,13
1376520575,9,13
1376520981,10,12
1376521182,8,14
1376521786,8,14
1376522389,8,14
1376522583,9,13
1376523183,8,14
1376523786,8,14
1376524390,8,14
1376524994,8,14
1376525597,8,14
1376526200,8,14
1376526804,8,14
1376527407,8,14
1376528011,8,14
1376528614,8,14
1376529218,8,14
1376529821,8,14
1376530449,8,14
1376531053,8,14
1376531276,7,15
1376531879,7,15
1376532483,7,15
1376533086,7,15
1376533690,7,15
1376534293,7,15
1376534897,7,15
1376535501,7,15
1376536104,7,15
1376536708,7,15
1376537311,7,15
1376537915,7,15
1376538518,7,15
1376539122,7,15
1376539725,7,15
1376540029,6,16
1376540633,6,16
1376541236,6,16
1376541839,6,16
1376542443,6,16
1376543046,6,16
1376543650,6,16
1376544253,6,16
1376544857,6,16
1376545460,6,16
1376546064,6,16
1376546667,6,16
1376547001,7,15
1376547605,7,15
1376548209,7,15
1376548812,7,15
1376549416,7,15
1376549514,8,14
1376549737,7,15
1376550341,7,15
1376550944,7,15
1376551548,7,15
1376552151,7,15
1376552755,7,15
1376553034,8,14
1376553551,8,14
1376554052,7,15
1376554655,7,15
1376555016,8,14
1376555194,7,15
1376555259,8,14
1376555863,8,14
1376556466,8,14
1376557075,7,15
1376557520,5,17
1376557710,6,16
1376558179,7,15
1376558783,7,15
1376559387,7,15
1376559670,6,16
1376560204,7,15
1376560274,6,16
1376560877,6,16
1376560961,5,17
1376561356,6,16
1376561960,6,16
1376562458,7,15
1376562542,6,16
1376563145,6,16
1376563205,5,17
1376563457,3,19
1376563530,0,22
1376564133,0,22
1376564159,1,21
1376564726,0,22
1376565114,1,21
1376565717,1,21
1376566321,1,21
1376566535,0,22
1376567134,1,21
1376567161,0,22
1376567764,0,22
1376568277,2,20
1376568557,0,22
1376568697,0,22
1376568715,0,22
1376569318,0,22
1376569562,2,20
1376569724,4,18
1376570026,4,18
1376570109,5,17
1376570238,6,16
1376570502,5,17
1376570513,4,18
1376571116,4,18
1376571579,5,17
1376572027,4,18
1376572107,5,17
1376572542,4,18
1376572603,4,18
1376572662,4,18
1376572682,5,17
1376572999,6,16
1376573078,4,18
1376573682,4,18
1376573938,3,19
1376574031,1,21
1376574214,1,21
1376574261,2,20
1376574385,3,19
1376574460,3,19
1376574491,4,18
1376574608,5,17
1376574810,6,16
1376575236,5,17
1376575395,3,19
1376575632,4,18
1376575707,3,19
1376576078,4,18
1376576529,3,19
1376576568,2,20
1376576676,2,20
1376576722,3,19
1376576752,3,19
1376576815,4,18
1376577419,4,18
1376578042,3,19
1376578258,4,18
1376578347,4,18
1376578413,7,15
1376578534,6,16
1376578810,7,15
1376578980,6,16
1376579051,6,16
1376579138,8,14
1376579153,9,13
1376579262,8,14
1376579301,8,14
1376579800,10,12
1376580130,11,11
1376580400,11,11
1376580411,12,10
1376580820,10,12
1376580857,11,11
1376581338,12,10
1376581763,11,11
1376582120,9,13
1376582591,7,15
1376583089,6,16
1376583241,7,15
1376583534,7,15
1376583881,7,15
1376583888,8,14
1376584254,7,15
1376584858,7,15
1376585157,6,16
1376585761,6,16
1376586012,7,15
1376586640,6,16
1376586659,6,16
1376587262,6,16
1376587423,7,15
1376587436,9,13
1376587895,8,14
1376588070,7,15
1376588536,6,16
1376588624,5,17
1376588678,5,17
1376588719,6,16
1376588842,3,19
1376588904,3,19
1376588967,4,18
1376589039,5,17
1376589120,5,17
1376589529,4,18
1376589610,3,19
1376589787,4,18
1376590094,3,19
1376590570,2,20
1376590825,1,21
1376590879,2,20
1376590929,2,20
1376591482,1,21
1376591905,2,20
1376592103,2,20
1376592105,3,19
1376592269,2,20
1376592451,2,20
1376592491,3,19
1376592702,3,19
1376592709,4,18
1376592819,5,17
1376593062,6,16
1376593098,8,14
1376593228,7,15
1376593831,7,15
1376594129,7,15
1376594203,4,18
1376594251,5,17
1376594294,5,17
1376594858,4,18
1376595396,3,19
1376595446,3,19
1376595552,3,19
1376595646,3,19
1376595880,3,19
1376595939,4,18
1376595990,3,19
1376596059,4,18
1376596116,6,16
1376596155,6,16
1376596200,7,15
1376596803,7,15
1376596954,6,16
1376597558,6,16
1376597623,6,16
1376597630,7,15
1376598167,6,16
1376598327,6,16
1376598931,6,16
1376599003,6,16
1376599059,8,14
1376599086,10,12
1376599689,10,12
1376600293,10,12
1376600733,9,13
1376601001,10,12
1376601605,10,12
1376602208,10,12
1376602601,11,11
1376602608,12,10
1376602709,12,10
1376602755,13,9
1376602795,14,8
1376603103,15,7
1376603323,15,7
1376603326,16,6
1376603653,17,5
1376603923,18,4
1376604010,18,4
1376604614,18,4
1376604793,19,3
1376605397,19,3
1376606000,19,3
1376606603,19,3
1376607207,19,3
1376607811,19,3
1376608414,19,3
1376609017,19,3
1376609621,19,3
1376610224,19,3
1376610828,19,3
1376611123,17,5
1376611165,14,8
1376611235,11,11
1376611292,8,14
1376611351,4,18
1376611406,1,21
1376612009,1,21
1376612613,1,21
1376613216,1,21
1376613820,1,21
1376614423,1,21
1376614567,2,20
1376615170,2,20
1376615774,2,20
1376616377,2,20
1376616852,0,22
1376617456,0,22
1376618060,0,22
1376618663,0,22
1376619267,0,22
1376619870,0,22
1376620474,0,22
1376620568,1,21
1376621172,1,21
1376621775,1,21
1376622379,1,21
1376622982,1,21
1376623586,1,21
1376624189,1,21
1376624624,0,22
1376625228,0,22
1376625831,0,22
1376626435,0,22
1376627039,0,22
1376627164,1,21
1376627768,1,21
1376628371,1,21
1376628975,1,21
1376629578,1,21
1376630182,1,21
1376630785,1,21
1376631136,0,22
1376631740,0,22
1376632344,0,22
1376632947,0,22
1376633231,1,21
1376633835,1,21
1376634438,1,21
1376635042,1,21
1376635646,1,21
1376635997,0,22
1376636076,0,22
1376636117,1,21
1376636190,1,21
1376636213,2,20
1376636277,1,21
1376636880,1,21
1376637085,2,20
1376637689,2,20
1376637755,3,19
1376638120,2,20
1376638540,2,20
1376638568,3,19
1376639172,3,19
1376639414,4,18
1376639449,3,19
1376639788,3,19
1376639815,4,18
1376640419,4,18
1376641022,4,18
1376641261,3,19
1376641695,4,18
1376642142,4,18
1376642144,5,17
1376642748,5,17
1376643351,5,17
1376643470,4,18
1376644073,4,18
1376644355,5,17
1376644959,5,17
1376645096,6,16
1376645241,5,17
1376645658,5,17
1376645702,5,17
1376646233,4,18
1376646823,3,19
1376646825,2,20
1376647221,2,20
1376647652,2,20
1376647765,2,20
1376647796,1,21
1376648399,1,21
1376649003,1,21
1376649263,0,22
1376649867,0,22
1376650470,0,22
1376650718,1,21
1376650760,0,22
1376650791,1,21
1376651220,0,22
1376651823,0,22
1376652071,1,21
1376652217,1,21
1376652226,2,20
1376652327,1,21
1376652656,0,22
1376653260,0,22
1376653723,0,22
1376653779,0,22
1376654107,1,21
1376654503,1,21
1376654510,0,22
1376655028,1,21
1376655091,2,20
1376655694,2,20
1376656298,2,20
1376656901,2,20
1376656934,1,21
1376657082,0,22
1376657111,1,21
1376657608,0,22
1376657836,1,21
1376658039,0,22
1376658643,0,22
1376659246,0,22
1376659850,0,22
1376659952,1,21
1376659982,2,20
1376660057,3,19
1376660660,3,19
1376661037,4,18
1376661315,5,17
1376661420,4,18
1376661917,5,17
1376662521,5,17
1376663124,5,17
1376663437,5,17
1376663485,6,16
1376663526,7,15
1376664130,7,15
1376664267,6,16
1376664505,7,15
1376664740,6,16
1376664944,6,16
1376664971,7,15
1376665575,7,15
1376665827,6,16
1376665891,7,15
1376666019,8,14
1376666623,8,14
1376667147,7,15
1376667529,7,15
1376667963,6,16
1376668018,5,17
1376668124,5,17
1376668149,4,18
1376668216,4,18
1376668329,5,17
1376668623,4,18
1376668786,5,17
1376668941,4,18
1376669069,3,19
1376669672,3,19
1376669742,2,20
1376670283,2,20
1376670304,2,20
1376670359,3,19
1376670498,2,20
1376671102,2,20
1376671276,2,20
1376671347,3,19
1376671504,2,20
1376671603,1,21
1376671619,2,20
1376671722,2,20
1376671730,3,19
1376672356,2,20
1376672546,1,21
1376673055,0,22
1376673316,1,21
1376673920,1,21
1376674047,2,20
1376674651,2,20
1376674709,1,21
1376675023,1,21
1376675038,1,21
1376675107,0,22
1376675442,1,21
1376676046,1,21
1376676129,0,22
1376676344,1,21
1376676948,1,21
1376677176,0,22
1376677214,1,21
1376677410,3,19
1376677713,2,20
1376677932,3,19
1376678073,4,18
1376678676,4,18
1376679280,4,18
1376679883,4,18
1376680487,4,18
1376680618,3,19
1376680739,4,18
1376681031,3,19
1376681333,2,20
1376681864,1,21
1376681924,1,21
1376681926,0,22
1376682187,1,21
1376682459,1,21
1376682491,2,20
1376682575,2,20
1376682602,3,19
1376682685,3,19
1376682732,5,17
1376682804,7,15
1376682832,6,16
1376683098,7,15
1376683475,7,15
1376683542,8,14
1376683607,8,14
1376683664,8,14
1376683720,10,12
1376684323,10,12
1376684927,10,12
1376685428,11,11
1376686032,11,11
1376686635,11,11
1376687019,13,9
1376687085,14,8
1376687138,14,8
1376687162,15,7
1376687794,15,7
1376687870,15,7
1376687983,17,5
1376688036,17,5
1376688072,18,4
1376688675,18,4
1376689279,18,4
1376689539,18,4
1376689550,19,3
1376690153,19,3
1376690757,19,3
1376690941,19,3
1376691310,19,3
1376691477,19,3
1376691704,19,3
1376691706,18,4
1376692310,18,4
1376692913,18,4
1376693126,19,3
1376693161,19,3
1376693765,19,3
1376694368,19,3
1376694497,17,5
1376694574,17,5
1376694592,17,5
1376694704,18,4
1376694706,19,3
1376694927,18,4
1376695531,18,4
1376695659,17,5
1376696263,17,5
1376696786,18,4
1376697389,18,4
1376697993,18,4
1376698596,18,4
1376699200,18,4
1376699803,18,4
1376699864,19,3
1376699884,20,2
1376700487,20,2
1376700604,19,3
1376701055,18,4
1376701658,18,4
1376701753,17,5
1376702356,17,5
1376702959,17,5
1376703335,17,5
1376703940,17,5
1376704543,17,5
1376705147,17,5
1376705750,17,5
1376706354,17,5
1376706957,17,5
1376707560,17,5
1376708164,17,5
1376708768,17,5
1376709371,17,5
1376709975,17,5
1376710578,17,5
1376711182,17,5
1376711786,17,5
1376712390,17,5
1376712993,17,5
1376713479,18,4
1376713493,17,5
1376714096,17,5
1376714700,17,5
1376715303,17,5
1376715907,17,5
1376716510,17,5
1376717114,17,5
1376717717,17,5
1376718321,17,5
1376718736,18,4
1376719339,18,4
1376719943,18,4
1376720546,18,4
1376721150,18,4
1376721503,17,5
1376722106,17,5
1376722160,18,4
1376722764,18,4
1376723238,17,5
1376723841,17,5
1376724445,17,5
1376724499,18,4
1376724640,17,5
1376724916,16,6
1376725520,16,6
1376726123,16,6
1376726727,16,6
1376727330,16,6
1376727354,15,7
1376727478,14,8
1376728081,14,8
1376728685,14,8
1376729076,13,9
1376729680,13,9
1376730283,13,9
1376730453,14,8
1376730727,13,9
1376731331,13,9
1376731374,11,11
1376731978,11,11
1376732264,11,11
1376732271,12,10
1376732892,13,9
1376733558,14,7
1376734172,16,5
1376734193,17,4
1376734650,18,3
1376734934,19,2
1376735048,18,3
1376735098,19,2
1376735702,19,2
1376736305,19,2
1376736627,17,4
1376737165,16,5
1376737572,16,5
1376737975,15,6
1376738347,16,5
1376738950,16,5
1376739043,16,5
1376739045,17,4
1376739330,18,4
1376739352,17,5
1376739427,17,5
1376739481,15,7
1376739584,14,8
1376739625,13,9
1376739965,14,8
1376740021,15,7
1376740099,16,6
1376740702,16,6
1376740963,13,9
1376741563,13,9
1376741566,14,8
1376741665,12,10
1376742268,12,10
1376742698,12,10
1376742755,12,10
1376742813,12,10
1376742943,15,7
1376742992,18,4
1376743114,19,3
1376743237,19,3
1376743697,17,5
1376743760,17,5
1376743790,17,5
1376743876,17,5
1376743935,17,5
1376743981,17,5
1376744073,18,4
1376744112,19,3
1376744431,20,2
1376744488,19,3
1376745092,19,3
1376745395,20,2
1376745999,20,2
1376746602,20,2
1376746697,19,3
1376747075,20,2
1376747678,20,2
1376748160,19,3
1376748356,20,2
1376748960,20,2
1376749563,20,2
1376749836,20,2
1376750440,20,2
1376750619,18,4
1376750674,18,4
1376750736,18,4
1376750776,20,2
1376750946,20,2
1376751033,20,2
1376751068,20,2
1376751115,20,2
1376751274,19,3
1376751296,19,3
1376751357,20,2
1376751960,20,2
1376752564,20,2
1376753167,20,2
1376753490,20,2
1376753600,20,2
1376753932,19,3
1376754327,18,4
1376754657,19,3
1376755260,19,3
1376755481,18,4
1376755544,17,5
1376755742,18,4
1376755808,19,3
1376756411,19,3
1376756730,18,4
1376756924,18,4
1376756927,19,3
1376757152,20,2
1376757535,18,4
1376757718,17,5
1376757987,18,4
1376758017,17,5
1376758620,17,5
1376759070,18,4
1376759443,17,5
1376759445,16,6
1376759683,16,6
1376759691,17,5
1376760084,15,7
1376760285,16,6
1376760294,17,5
1376760392,16,6
1376760805,14,8
1376760892,15,7
1376760997,14,8
1376761021,15,7
1376761151,16,6
1376761303,16,6
1376761321,18,4
1376761838,16,6
1376762020,15,7
1376762101,14,8
1376762154,13,9
1376762583,12,10
1376763187,12,10
1376763395,12,10
1376763545,13,9
1376763611,14,8
1376764214,14,8
1376764840,13,9
1376765017,14,8
1376765052,14,8
1376765656,14,8
1376765908,13,9
1376766157,13,9
1376766217,16,6
1376766531,15,7
1376766927,14,8
1376767062,12,10
1376767488,11,11
1376768082,12,10
1376768265,11,11
1376768274,9,13
1376768913,8,14
1376769165,9,13
1376769182,10,12
1376769254,10,12
1376769324,10,12
1376769823,9,13
1376770069,8,14
1376770614,9,13
1376770855,10,12
1376771459,10,12
1376771537,11,11
1376771613,12,10
1376771666,13,9
1376772269,13,9
1376772873,13,9
1376773461,14,8
1376774065,14,8
1376774129,13,9
1376774176,14,8
1376774779,14,8
1376775383,14,8
1376775520,14,8
1376775531,15,7
1376775604,14,8
1376776207,14,8
1376776377,15,7
1376776980,15,7
1376777203,15,7
1376777211,16,6
1376777623,16,6
1376777626,17,5
1376778229,17,5
1376778522,16,6
1376779125,16,6
1376779729,16,6
1376780332,16,6
1376780936,16,6
1376781539,16,6
1376782143,16,6
1376782746,16,6
1376783350,16,6
1376783850,17,5
1376784453,17,5
1376785057,17,5
1376785660,17,5
1376786264,17,5
1376786867,17,5
1376787575,16,6
1376787865,12,10
1376788468,12,10
1376789072,12,10
1376789643,12,10
1376790248,12,10
1376790851,12,10
1376791455,12,10
1376792058,12,10
1376792662,12,10
1376793266,12,10
1376793869,12,10
1376794473,12,10
1376795076,12,10
1376795680,12,10
1376796283,12,10
1376796887,12,10
1376797490,12,10
1376798094,12,10
1376798697,12,10
1376799301,12,10
1376799904,12,10
1376800200,11,11
1376800544,11,11
1376800546,12,10
1376801150,12,10
1376801753,12,10
1376802357,12,10
1376802960,12,10
1376803563,12,10
1376804167,12,10
1376804771,12,10
1376805374,12,10
1376805978,12,10
1376806581,12,10
1376807185,12,10
1376807788,12,10
1376808038,13,9
1376808385,13,9
1376808461,13,9
1376808480,14,8
1376808727,13,9
1376809331,13,9
1376809935,13,9
1376810538,13,9
1376811142,13,9
1376811498,14,8
1376812102,14,8
1376812705,14,8
1376813309,14,8
1376813559,15,7
1376814162,15,7
1376814765,15,7
1376815424,15,7
1376815431,16,6
1376816034,16,6
1376816365,15,7
1376816521,14,8
1376817125,14,8
1376817728,14,8
1376818264,14,8
1376818337,15,7
1376818481,15,7
1376818532,16,6
1376819135,16,6
1376819739,16,6
1376819984,15,7
1376820462,14,8
1376821065,14,8
1376821163,15,7
1376821394,14,8
1376821743,13,9
1376822196,14,8
1376822564,15,7
1376823168,15,7
1376823648,16,6
1376824251,15,7
1376824356,16,6
1376824392,17,5
1376824703,14,8
1376824838,15,7
1376825037,13,9
1376825312,11,11
1376825738,9,13
1376826342,9,13
1376826945,9,13
1376827401,9,13
1376827453,10,12
1376827494,11,11
1376827925,12,10
1376828023,12,10
1376828025,13,9
1376828628,13,9
1376829232,13,9
1376829835,13,9
1376830120,15,7
1376830182,15,7
1376830241,16,6
1376830279,19,3
1376830421,18,3
1376830452,18,4
1376830494,18,4
1376830593,18,4
1376830617,19,3
1376831193,18,4
1376831562,19,3
1376832166,19,3
1376832618,18,4
