1376208293,2,32
1376208897,2,32
1376209501,2,32
1376210105,2,32
1376210708,2,32
1376210899,1,33
1376211504,1,33
1376212003,0,34
1376212517,2,32
1376213121,2,32
1376213235,4,30
1376213514,5,29
1376213617,5,29
1376214222,5,29
1376214443,4,30
1376215048,4,30
1376215289,3,31
1376215350,2,32
1376215954,2,32
1376216366,3,31
1376216529,5,29
1376216610,6,28
1376216664,7,27
1376217077,8,26
1376217498,6,28
1376217976,5,29
1376218581,5,29
1376219185,5,29
1376219743,3,31
1376219913,5,29
1376220518,5,29
1376221122,5,29
1376221490,4,30
1376222094,4,30
1376222697,4,30
1376223301,4,30
1376223488,7,27
1376224092,7,27
1376224696,7,27
1376225301,7,27
1376225904,7,27
1376226220,8,26
1376226824,8,26
1376227103,10,24
1376227689,10,24
1376227749,9,25
1376227840,9,25
1376227902,9,25
1376227906,10,24
1376228143,10,24
1376228151,8,26
1376228791,8,26
1376228835,11,23
1376229133,12,22
1376229375,13,21
1376229980,13,21
1376230583,13,21
1376230723,13,21
1376230726,12,22
1376231330,12,22
1376231782,11,23
1376232283,10,24
1376232888,10,24
1376233254,9,25
1376233858,9,25
1376234462,9,25
1376235086,8,26
1376235692,8,26
1376235857,6,28
1376236158,4,30
1376236765,4,30
1376237174,4,30
1376237595,5,29
1376238099,5,28
1376238156,5,28
1376238170,5,28
1376238699,4,29
1376239305,2,31
1376239777,2,31
1376239813,3,31
1376240418,3,31
1376240812,2,32
1376240873,1,33
1376241282,0,34
1376241886,0,34
1376242123,0,34
1376242126,1,33
1376242730,1,33
1376243334,1,33
1376243938,1,33
1376244036,2,32
1376244640,2,32
1376245244,2,32
1376245522,2,32
1376246126,2,32
1376246729,2,32
1376246976,1,33
1376246985,1,33
1376247590,1,33
1376247868,0,34
1376248472,0,34
1376249076,0,34
1376249680,0,34
1376250283,0,34
1376250887,0,34
1376251491,0,34
1376252095,0,34
1376252698,0,34
1376252963,1,33
1376253273,0,34
1376253877,0,34
1376254481,0,34
1376255085,0,34
1376255688,0,34
1376256292,0,34
1376256896,0,34
1376257500,0,34
1376257694,1,33
1376258298,1,33
1376258902,1,33
1376259505,1,33
1376260109,1,33
1376260713,1,33
1376261317,1,33
1376261920,1,33
1376262524,1,33
1376263128,1,33
1376263732,1,33
1376264335,1,33
1376264939,1,33
1376265543,1,33
1376266147,1,33
1376266722,1,33
1376266783,0,34
1376266799,0,34
1376267403,0,34
1376268007,0,34
1376268611,0,34
1376269214,0,34
1376269818,0,34
1376270422,0,34
1376271026,0,34
1376271629,0,34
1376272476,0,34
1376273080,0,34
1376273684,0,34
1376274288,0,34
1376274892,0,34
1376275496,0,34
1376276099,0,34
1376276703,0,34
1376277307,0,34
1376277521,1,33
1376278125,1,33
1376278729,1,33
1376279333,1,33
1376279937,1,33
1376280541,1,33
1376281144,1,33
1376281748,1,33
1376282352,1,33
1376282956,1,33
1376283559,1,33
1376283635,0,34
1376284239,0,34
1376284842,0,34
1376285499,1,33
1376285700,2,32
1376286304,2,32
1376286908,2,32
1376287512,2,32
1376287854,1,33
1376288083,2,32
1376288094,2,32
1376288732,1,33
1376288789,2,32
1376289392,2,32
1376289428,1,33
1376290059,2,32
1376290177,3,31
1376290717,2,32
1376290770,3,31
1376291262,2,32
1376291300,3,31
1376291544,4,30
1376291623,5,29
1376291921,6,28
1376292043,6,28
1376292053,7,27
1376292401,7,27
1376292404,8,26
1376292638,7,27
1376292679,8,26
1376293284,8,26
1376293346,9,25
1376293416,8,26
1376293629,9,25
1376293767,10,24
1376293831,9,25
1376293985,8,26
1376294322,8,26
1376294325,9,25
1376294929,9,25
1376295533,9,25
1376296137,9,25
1376296592,10,24
1376297196,10,24
1376297438,11,23
1376298042,11,23
1376298379,10,24
1376298984,10,24
1376299299,11,23
1376299359,11,23
1376299457,11,23
1376299698,11,23
1376299823,11,23
1376299893,11,23
1376300497,11,23
1376300605,11,23
1376300680,12,22
1376300706,13,21
1376300748,14,20
1376301352,14,20
1376301481,15,19
1376302085,15,19
1376302249,14,20
1376302354,13,21
1376302958,13,21
1376303414,14,20
1376303531,15,19
1376304135,15,19
1376304738,15,19
1376305342,15,19
1376305946,15,19
1376306127,14,20
1376306653,13,21
1376306984,13,21
1376306992,14,20
1376307596,14,20
1376307762,14,20
1376307821,16,18
1376308297,17,17
1376308638,16,18
1376309242,16,18
1376309713,17,17
1376309910,18,16
1376310507,19,15
1376311112,19,15
1376311165,18,16
1376311769,18,16
1376312056,19,15
1376312661,19,15
1376313265,19,15
1376313869,19,15
1376314473,19,15
1376314740,17,17
1376314991,18,16
1376315297,19,15
1376315901,19,15
1376316505,19,15
1376317108,19,15
1376317233,18,16
1376317277,18,16
1376317446,17,17
1376318072,18,16
1376318676,18,16
1376318688,17,17
1376318794,17,17
1376318851,18,16
1376319462,18,16
1376319464,19,15
1376320069,19,15
1376320382,20,14
1376320986,20,14
1376321462,19,15
1376321893,18,16
1376322498,18,16
1376322540,19,15
1376323144,19,15
1376323658,18,16
1376323675,18,16
1376324138,17,17
1376324229,16,18
1376324470,15,19
1376325080,15,19
1376325396,14,20
1376325925,13,21
1376326530,13,21
1376326782,12,22
1376326935,13,21
1376327539,13,21
1376327611,12,22
1376327739,11,23
1376327853,11,23
1376328461,10,24
1376328555,11,23
1376328642,11,23
1376328940,11,23
1376328967,12,22
1376329337,11,23
1376329839,10,24
1376330293,11,23
1376330601,12,22
1376330658,12,22
1376330753,13,21
1376331390,12,22
1376331505,11,23
1376332109,11,23
1376332195,10,24
1376332821,11,23
1376332850,12,22
1376333497,10,24
1376334102,10,24
1376334730,11,23
1376335334,11,23
1376335938,11,23
1376335992,12,22
1376336113,11,23
1376336315,10,24
1376336728,9,25
1376336781,8,26
1376337385,8,26
1376337553,7,27
1376338157,7,27
1376338761,7,27
1376339365,7,27
1376339492,6,28
1376340096,6,28
1376340368,5,29
1376340617,4,30
1376341220,4,30
1376341815,3,31
1376341912,2,32
1376342516,2,32
1376343120,2,32
1376343724,2,32
1376344328,2,32
1376344448,1,33
1376345053,1,33
1376345189,0,34
1376345793,0,34
1376346397,0,34
1376347000,0,34
1376347604,0,34
1376348208,0,34
1376348812,0,34
1376349415,0,34
1376350019,0,34
1376350623,0,34
1376351227,0,34
1376351830,0,34
1376352436,0,34
1376353041,0,34
1376353645,0,34
1376354248,0,34
1376354852,0,34
1376355456,0,34
1376356060,0,34
1376356664,0,34
1376357267,0,34
1376357871,0,34
1376358475,0,34
1376358871,0,34
1376359475,0,34
1376360079,0,34
1376360682,0,34
1376361286,0,34
1376361890,0,34
1376362494,0,34
1376363098,0,34
1376363702,0,34
1376363820,1,33
1376364424,1,33
1376365028,1,33
1376365632,1,33
1376366236,1,33
1376366840,1,33
1376367444,1,33
1376368047,1,33
1376368651,1,33
1376369255,1,33
1376369859,1,33
1376370463,1,33
1376371067,1,33
1376371670,1,33
1376372020,1,33
1376372027,2,32
1376372632,2,32
1376373235,2,32
1376373308,3,31
1376373912,3,31
1376374332,2,32
1376374565,3,31
1376374849,2,32
1376375026,1,33
1376375630,1,33
1376375715,1,33
1376375939,2,32
1376376036,2,31
1376376069,3,31
1376376178,4,30
1376376511,4,30
1376376539,5,29
1376377143,5,29
1376377240,4,30
1376377258,5,29
1376377317,4,30
1376377422,4,30
1376377429,5,29
1376377629,6,28
1376378132,6,28
1376378197,8,26
1376378210,6,28
1376378393,5,29
1376378613,6,28
1376379217,6,28
1376379581,8,26
1376380186,8,26
1376380789,8,26
1376380948,7,27
1376381261,6,28
1376381865,6,28
1376382469,6,28
1376383073,6,28
1376383400,5,29
1376383467,6,28
1376384071,6,28
1376384674,6,28
1376385278,6,28
1376385882,6,28
1376386163,7,27
1376386767,7,27
1376387371,7,27
1376387527,8,26
1376388131,8,26
1376388735,8,26
1376389339,8,26
1376389943,8,26
1376390442,6,28
1376390785,5,29
1376390866,4,30
1376391443,5,29
1376392046,5,29
1376392650,5,29
1376393254,5,29
1376393858,5,29
1376393922,5,29
1376393980,6,28
1376394585,6,28
1376394981,7,27
1376395119,7,27
1376395131,8,26
1376395222,9,25
1376395827,9,25
1376395877,8,26
1376396481,8,26
1376397085,8,26
1376397688,8,26
1376398292,8,26
1376398896,8,26
1376399129,9,25
1376399733,9,25
1376399991,8,26
1376400606,9,25
1376400819,10,24
1376401423,10,24
1376402027,10,24
1376402630,10,24
1376403234,10,24
1376403478,9,25
1376403984,8,26
1376404589,8,26
1376405193,8,26
1376405797,8,26
1376406102,8,26
1376406123,6,28
1376406310,8,26
1376406914,8,26
1376407518,8,26
1376407745,7,27
1376408350,7,27
1376408553,8,26
1376408983,6,28
1376409102,6,28
1376409111,7,27
1376409715,7,27
1376410193,6,28
1376410297,5,29
1376410424,5,29
1376410426,4,30
1376411031,4,30
1376411643,5,29
1376411918,6,28
1376411973,7,27
1376412387,7,27
1376412496,6,28
1376412758,5,29
1376413290,4,30
1376413354,3,31
1376413958,3,31
1376414055,4,30
1376414555,3,31
1376414782,2,32
1376415006,0,34
1376415610,0,34
1376415849,1,33
1376416452,1,33
1376416818,0,34
1376417422,0,34
1376418026,0,34
1376418630,0,34
1376418940,0,34
1376419544,0,34
1376420186,0,34
1376420663,1,33
1376421278,2,32
1376421339,1,33
1376421400,1,33
1376421451,2,32
1376422056,2,32
1376422345,2,32
1376422949,2,32
1376423355,3,31
1376423959,3,31
1376424563,3,31
1376424665,2,32
1376425060,2,32
1376425070,3,31
1376425674,3,31
1376425895,2,32
1376426393,1,33
1376426998,1,33
1376427601,1,33
1376428205,1,33
1376428810,1,33
1376429413,1,33
1376430017,1,33
1376430523,0,34
1376431127,0,34
1376431731,0,34
1376432334,0,34
1376432938,0,34
1376433542,0,34
1376434146,0,34
1376434750,0,34
1376435353,0,34
1376435957,0,34
1376436561,0,34
1376436930,0,34
1376436951,0,34
1376437554,0,34
1376438158,0,34
1376438762,0,34
1376439365,0,34
1376439969,0,34
1376440573,0,34
1376441177,0,34
1376441781,0,34
1376442385,0,34
1376442989,0,34
1376443593,0,34
1376444196,0,34
1376444800,0,34
1376445271,0,34
1376445322,0,34
1376445466,0,34
1376446070,0,34
1376446674,0,34
1376447277,0,34
1376447881,0,34
1376448485,0,34
1376449089,0,34
1376449692,0,34
1376450296,0,34
1376450793,1,33
1376451397,1,33
1376452000,1,33
1376452604,1,33
1376453208,1,33
1376453812,1,33
1376454416,1,33
1376455020,1,33
1376455624,1,33
1376456227,1,33
1376456831,1,33
1376457435,1,33
1376458040,1,33
1376458237,2,32
1376458840,2,32
1376459399,3,31
1376459776,2,32
1376459863,2,32
1376459871,3,31
1376460476,3,31
1376460970,4,30
1376461335,3,31
1376461940,3,31
1376462070,4,30
1376462536,5,29
1376462593,6,28
1376462995,7,27
1376463237,6,28
1376463546,6,27
1376463639,7,26
1376463703,8,25
1376463776,9,24
1376463881,9,24
1376463895,10,23
1376464227,9,24
1376464356,8,25
1376464661,9,25
1376464714,10,24
1376464749,10,24
1376464960,11,23
1376465122,9,25
1376465588,10,24
1376465802,10,24
1376465858,12,22
1376466462,12,22
1376467091,13,21
1376467343,12,22
1376467411,11,23
1376468015,11,23
1376468220,11,22
1376468371,11,20
1376468436,11,18
1376468518,11,17
1376468620,12,15
1376468628,12,15
1376469043,12,15
1376469046,13,14
1376469650,13,14
1376470101,14,13
1376470692,13,14
1376470865,12,15
1376470926,11,16
1376471260,10,17
1376471317,9,18
1376471921,9,18
1376472525,9,18
1376472639,9,18
1376472698,9,18
1376472755,9,18
1376472786,10,17
1376473194,9,18
1376473798,9,18
1376474197,8,19
1376474802,7,20
1376475251,8,19
1376475295,7,20
1376475589,6,21
1376476175,7,20
1376476304,7,20
1376476908,7,20
1376477512,7,20
1376478115,7,20
1376478720,7,20
1376479323,7,20
1376479402,6,21
1376480006,6,21
1376480610,6,21
1376481080,6,21
1376481108,7,20
1376481307,6,21
1376481658,7,20
1376482262,7,20
1376482866,7,20
1376483470,7,20
1376483563,8,19
1376484167,8,19
1376484289,7,20
1376484893,7,20
1376485165,8,19
1376485394,9,18
1376485450,10,17
1376485627,10,17
1376485701,10,17
1376485747,11,16
1376486351,11,16
1376486676,10,17
1376486897,12,15
1376486959,13,14
1376487210,14,13
1376487659,13,14
1376488262,13,14
1376488795,13,14
1376489399,13,14
1376490003,13,14
1376490613,13,14
1376490847,12,15
1376491451,12,15
1376492055,12,15
1376492299,11,16
1376492349,12,15
1376492803,13,14
1376493059,14,13
1376493202,14,13
1376493324,13,14
1376493411,12,15
1376494016,12,15
1376494118,10,17
1376494241,10,17
1376494251,11,16
1376494531,10,17
1376494891,9,18
1376495130,8,19
1376495349,9,18
1376495444,10,17
1376495513,11,16
1376496035,10,17
1376496639,10,17
1376497240,6,21
1376497664,7,20
1376497961,6,21
1376498334,5,22
1376498407,4,23
1376498847,3,24
1376498917,2,25
1376498952,3,24
1376499021,4,23
1376499442,5,22
1376500047,5,22
1376500510,6,21
1376500549,7,20
1376500942,5,22
1376501546,5,22
1376501731,6,21
1376501803,6,21
1376501815,6,21
1376502037,7,20
1376502265,6,21
1376502343,7,20
1376502823,7,20
1376502826,6,21
1376503430,6,21
1376503676,7,20
1376503901,7,20
1376503934,9,18
1376504083,9,18
1376504528,9,18
1376504623,7,20
1376505171,6,21
1376505281,6,21
1376505322,5,22
1376505397,5,22
1376505462,6,21
1376505518,5,22
1376506122,5,22
1376506726,5,22
1376506918,6,21
1376507501,6,21
1376507510,7,20
1376508114,7,20
1376508718,7,20
1376509321,7,20
1376509550,6,21
1376510142,5,22
1376510144,4,23
1376510235,3,24
1376510838,3,24
1376510966,4,23
1376511570,4,23
1376512174,4,23
1376512778,4,23
1376513382,4,23
1376513985,4,23
1376514335,3,24
1376514647,2,25
1376515303,1,26
1376515362,0,27
1376515377,0,27
1376515982,0,27
1376516586,0,27
1376517190,0,27
1376517794,0,27
1376518397,0,27
1376519001,0,27
1376519605,0,27
1376520208,0,27
1376520812,0,27
1376521416,0,27
1376522020,0,27
1376522624,0,27
1376523227,0,27
1376523831,0,27
1376523993,1,26
1376524597,1,26
1376525201,1,26
1376525864,1,26
1376525867,2,25
1376526471,2,25
1376527075,2,25
1376527678,2,25
1376528282,2,25
1376528887,2,25
1376529490,2,25
1376529790,1,26
1376530394,1,26
1376530998,1,26
1376531669,1,26
1376532273,1,26
1376532814,2,25
1376533418,2,25
1376534022,2,25
1376534625,2,25
1376535229,2,25
1376535833,2,25
1376536239,3,24
1376536261,4,23
1376536618,5,22
1376537222,5,22
1376537825,5,22
1376538429,5,22
1376539033,5,22
1376539637,5,22
1376540240,5,22
1376540844,5,22
1376541449,5,22
1376542053,5,22
1376542657,5,22
1376543261,5,22
1376543476,4,23
1376544080,4,23
1376544684,4,23
1376545288,4,23
1376545892,4,23
1376546495,4,23
1376546858,4,23
1376546876,4,23
1376546942,5,22
1376547546,5,22
1376548150,5,22
1376548754,5,22
1376549358,5,22
1376549574,4,23
1376550178,4,23
1376550782,4,23
1376550871,5,22
1376551475,5,22
1376551594,6,21
1376551651,7,19
1376552255,7,20
1376552859,7,20
1376553463,7,20
1376554023,6,21
1376554627,6,21
1376555231,6,21
1376555835,6,21
1376555874,7,20
1376556478,7,20
1376556538,6,21
1376556743,5,22
1376557347,5,22
1376557951,5,22
1376558004,4,23
1376558442,5,22
1376558455,6,21
1376559079,8,19
1376559146,8,19
1376559632,9,18
1376559989,10,17
1376560593,10,17
1376561197,10,17
1376561578,10,17
1376561661,11,16
1376562265,11,16
1376562340,11,16
1376562349,10,17
1376562637,9,18
1376562841,8,19
1376562899,7,20
1376563510,7,20
1376563545,7,20
1376564022,7,20
1376564047,6,21
1376564651,6,21
1376564996,7,20
1376565144,7,20
1376565210,8,19
1376565814,8,19
1376566418,8,19
1376567022,8,19
1376567626,8,19
1376567954,7,20
1376568558,7,20
1376568697,6,21
1376568721,6,21
1376569325,6,21
1376569651,6,21
1376569705,6,21
1376569901,6,21
1376569927,8,19
1376570531,8,19
1376570635,9,18
1376571162,9,18
1376571164,8,19
1376571774,8,19
1376571964,7,20
1376572568,7,20
1376572960,6,21
1376572969,7,20
1376573260,8,19
1376573300,9,18
1376573904,9,18
1376574508,9,18
1376574882,9,18
1376574930,11,16
1376575146,11,16
1376575238,11,16
1376575249,11,16
1376575329,11,16
1376575425,11,16
1376575459,11,16
1376575499,12,15
1376575752,13,14
1376576159,12,15
1376576453,11,16
1376576888,11,16
1376576961,12,15
1376577565,12,15
1376578169,12,15
1376578595,11,16
1376578609,10,17
1376578956,9,18
1376579160,8,19
1376579304,8,19
1376579432,8,19
1376579588,9,18
1376579682,9,18
1376579741,9,18
1376579744,10,17
1376579810,9,18
1376580139,10,17
1376580743,10,17
1376581131,9,18
1376581283,8,19
1376581887,8,19
1376582170,6,21
1376582330,5,22
1376582559,4,23
1376582676,4,23
1376582741,4,23
1376582769,5,22
1376582961,6,21
1376583565,6,21
1376584061,5,22
1376584666,5,22
1376584832,4,23
1376584912,2,25
1376585428,1,25
1376585455,1,26
1376586060,1,26
1376586401,0,27
1376587005,0,27
1376587458,0,27
1376587491,1,26
1376588095,1,26
1376588682,1,26
1376588689,0,27
1376588846,1,26
1376589329,2,25
1376589459,2,25
1376589504,3,24
1376589813,2,25
1376590062,2,25
1376590076,0,27
1376590681,0,27
1376590926,0,27
1376591573,0,27
1376592177,0,27
1376592781,0,27
1376592935,0,27
1376593539,0,27
1376594142,0,27
1376594746,0,27
1376595257,0,27
1376595433,1,26
1376596037,1,26
1376596641,1,26
1376597251,1,26
1376597855,1,26
1376598458,1,26
1376599062,1,26
1376599212,1,26
1376599475,0,27
1376600079,0,27
1376600683,0,27
1376601287,0,27
1376601890,0,27
1376602494,0,27
1376603098,0,27
1376603702,0,27
1376604306,0,27
1376604910,0,27
1376605514,0,27
1376606117,0,27
1376606721,0,27
1376607162,0,27
1376607170,1,26
1376607775,1,26
1376608378,1,26
1376608982,1,26
1376609585,1,26
1376610189,1,26
1376610793,1,26
1376611397,1,26
1376612000,1,26
1376612604,1,26
1376613208,1,26
1376613812,1,26
1376614416,1,26
1376615019,1,26
1376615623,1,26
1376616227,1,26
1376616831,1,26
1376617435,1,26
1376618070,1,26
1376618674,1,26
1376619278,1,26
1376619882,1,26
1376620323,0,27
1376620928,0,27
1376621532,0,27
1376622135,0,27
1376622739,0,27
1376623343,0,27
1376623947,0,27
1376624550,0,27
1376625154,0,27
1376625758,0,27
1376626362,0,27
1376626965,0,27
1376627569,0,27
1376628173,0,27
1376628777,0,27
1376629380,0,27
1376629477,0,27
1376630081,0,27
1376630685,0,27
1376631289,0,27
1376631893,0,27
1376632497,0,27
1376633100,0,27
1376633704,0,27
1376634308,0,27
1376634912,0,27
1376635515,0,27
1376636119,0,27
1376636619,1,26
1376636653,0,27
1376637032,1,26
1376637519,2,24
1376637533,2,24
1376637594,3,23
1376637723,4,22
1376638238,5,21
1376638841,5,22
1376639445,5,22
1376639894,6,21
1376640498,6,21
1376640849,7,20
1376640932,6,21
1376641106,7,20
1376641710,7,20
1376642313,7,20
1376642917,7,20
1376643521,7,20
1376644126,7,20
1376644730,7,20
1376645334,7,20
1376645938,7,20
1376646418,8,19
1376647021,8,19
1376647310,7,20
1376647456,7,20
1376647540,8,19
1376648083,8,19
1376648086,9,18
1376648507,8,19
1376648615,7,20
1376649220,7,20
1376649323,5,22
1376649380,4,23
1376649987,5,22
1376650591,5,22
1376650835,6,21
1376651440,6,21
1376651742,6,21
1376651744,7,20
1376651811,6,21
1376652416,6,21
1376653019,6,21
1376653150,7,20
1376653755,7,20
1376654358,7,20
1376654975,7,20
1376655020,6,21
1376655070,7,20
1376655158,7,20
1376655167,8,19
1376655376,9,18
1376655980,9,18
1376656584,9,18
1376657055,8,19
1376657659,8,19
1376657750,7,20
1376658354,7,20
1376658957,7,20
1376659561,7,20
1376659702,7,20
1376659751,8,19
1376660354,8,19
1376660903,7,20
1376661508,7,20
1376662112,7,20
1376662716,7,20
1376663246,8,19
1376663329,8,19
1376663932,8,19
1376663994,9,18
1376664246,9,18
1376664331,10,17
1376664523,10,17
1376664525,11,16
1376665129,11,16
1376665623,10,17
1376666227,10,17
1376666738,9,18
1376666792,7,20
1376667396,7,20
1376667464,8,19
1376667466,9,18
1376668070,9,18
1376668572,8,19
1376668852,8,19
1376669320,7,20
1376669924,7,20
1376670377,6,21
1376670996,5,22
1376671531,4,23
1376672135,4,23
1376672564,4,23
1376672567,5,22
1376672767,4,23
1376673371,4,23
1376673975,4,23
1376674243,5,22
1376674363,5,22
1376674417,7,20
1376674542,6,21
1376675146,6,21
1376675455,5,22
1376675673,2,25
1376675804,2,25
1376675806,1,26
1376676093,2,25
1376676698,2,25
1376676761,3,24
1376676870,2,25
1376677342,0,27
1376677946,0,27
1376678550,0,27
1376679153,0,27
1376679758,0,27
1376679868,1,26
1376680472,1,26
1376681076,1,26
1376681680,1,26
1376682284,1,26
1376682887,1,26
1376683491,1,26
1376684096,1,26
1376684259,1,26
1376684268,2,25
1376684871,2,25
1376685475,2,25
1376686079,2,25
1376686683,2,25
1376687287,2,25
1376687890,2,25
1376688494,2,25
1376688856,1,26
1376689460,1,26
1376689530,1,26
1376689557,1,26
1376689665,2,25
1376689680,3,24
1376690283,3,24
1376690887,3,24
1376691491,3,24
1376692095,3,24
1376692483,3,24
1376692537,0,27
1376693141,0,27
1376693745,0,27
1376694349,0,27
1376694953,0,27
1376695556,0,27
1376696160,0,27
1376696764,0,27
1376697368,0,27
1376697972,0,27
1376698575,0,27
1376699179,0,27
1376699783,0,27
1376700387,0,27
1376700990,0,27
1376701594,0,27
1376702198,0,27
1376702802,0,27
1376703405,0,27
1376704009,0,27
1376704470,0,27
1376704584,0,27
1376704656,0,27
1376704830,0,27
1376705197,0,27
1376705271,0,27
1376705344,1,26
1376705948,1,26
1376706552,1,26
1376707156,1,26
1376707759,1,26
1376708363,1,26
1376708967,1,26
1376709571,1,26
1376710175,1,26
1376710778,1,26
1376711382,1,26
1376711986,1,26
1376712589,1,26
1376713193,1,26
1376713797,1,26
1376714401,1,26
1376715005,1,26
1376715608,1,26
1376716212,1,26
1376716817,1,26
1376717422,1,26
1376718025,1,26
1376718629,1,26
1376719233,1,26
1376719837,1,26
1376720440,1,26
1376720526,0,27
1376721130,0,27
1376721734,0,27
1376722211,1,26
1376722815,1,26
1376723130,1,26
1376723162,2,25
1376723766,2,25
1376724370,2,25
1376724974,2,25
1376725578,2,25
1376726181,2,25
1376726311,3,24
1376726915,3,24
1376727518,3,24
1376727882,5,22
1376728486,5,22
1376729089,5,22
1376729537,6,21
1376730141,6,21
1376730745,6,21
1376731349,6,21
1376731952,6,21
1376732556,6,21
1376733160,6,21
1376733764,6,21
1376734368,6,21
1376734600,7,20
1376734624,6,21
1376734699,5,22
1376735164,4,23
1376735738,5,22
1376736308,6,21
1376736384,5,22
1376736988,5,22
1376737037,8,19
1376737642,8,19
1376738246,8,19
1376738849,8,19
1376739453,8,19
1376740057,8,19
1376740236,7,20
1376740841,7,20
1376741444,7,20
1376742049,7,20
1376742653,7,20
1376743256,7,20
1376743413,8,19
1376743710,10,17
1376744314,10,17
1376744918,10,17
1376745522,10,17
1376745574,11,16
1376745818,12,15
1376745869,11,16
1376745909,11,16
1376745969,12,15
1376746062,13,14
1376746103,13,14
1376746233,13,14
1376746294,15,12
1376746884,14,13
1376747424,13,14
1376747453,13,14
1376747509,14,13
1376748113,14,13
1376748332,14,13
1376748379,14,13
1376748455,14,13
1376748522,14,13
1376748563,15,12
1376749168,15,12
1376749224,14,13
1376749774,16,11
1376750079,16,11
1376750090,17,10
1376750693,17,10
1376751297,17,10
1376751901,17,10
1376752280,15,12
1376752885,15,12
1376753489,15,12
1376753542,13,14
1376753732,14,13
1376754336,14,13
1376754940,14,13
1376755182,14,13
1376755191,15,12
1376755795,15,12
1376756399,15,12
1376757003,15,12
1376757639,13,14
1376758243,13,14
1376758862,12,15
1376759450,11,16
1376760054,11,16
1376760362,10,17
1376760639,10,17
1376761243,10,17
1376761305,10,17
1376761315,12,15
1376761918,12,15
1376762537,10,17
1376762758,10,17
1376762922,10,17
1376762971,9,18
1376763104,8,19
1376763708,8,19
1376764023,7,20
1376764626,7,20
1376765230,7,20
1376765834,7,20
1376766340,6,21
1376766944,6,21
1376767245,6,21
1376767254,8,19
1376767858,8,19
1376768062,7,20
1376768665,7,20
1376769269,7,20
1376769873,7,20
1376770477,7,20
1376771080,7,20
1376771511,6,21
1376771905,4,23
1376772194,4,23
1376772229,5,22
1376772621,0,27
1376773225,0,27
1376773828,0,27
1376774432,0,27
1376775036,0,27
1376775639,0,27
1376776243,0,27
1376776847,0,27
1376777124,1,26
1376777727,1,26
1376778331,1,26
1376778524,1,26
1376778533,0,27
1376779137,0,27
1376779742,0,27
1376780346,0,27
1376780949,0,27
1376781289,0,27
1376781902,0,27
1376782505,0,27
1376783109,0,27
1376783323,0,27
1376783362,2,25
1376783966,2,25
1376784570,2,25
1376785173,2,25
1376785777,2,25
1376786381,2,25
1376786985,2,25
1376787195,1,26
1376787799,1,26
1376788403,1,26
1376789011,1,26
1376789041,1,26
1376789645,1,26
1376789841,2,25
1376790445,2,25
1376790876,2,25
1376791481,2,25
1376792085,2,25
1376792689,2,25
1376793292,2,25
1376793896,2,25
1376794500,2,25
1376795104,2,25
1376795708,2,25
1376796311,2,25
1376796915,2,25
1376797519,2,25
1376798123,2,25
1376798725,3,24
1376799329,3,24
1376799933,3,24
1376800537,3,24
1376801140,3,24
1376801744,3,24
1376802348,3,24
1376802951,3,24
1376803555,3,24
1376804159,3,24
1376804764,3,24
1376805367,3,24
1376805971,3,24
1376806575,3,24
1376807178,3,24
1376807782,3,24
1376808386,3,24
1376808990,3,24
1376809594,3,24
1376810197,3,24
1376810801,3,24
1376811218,4,23
1376811822,4,23
1376812425,4,23
1376813029,4,23
1376813633,4,23
1376814237,4,23
1376814367,4,22
1376814418,5,21
1376814718,4,22
1376815219,5,21
1376815275,6,20
1376815845,7,19
1376815848,8,18
1376816482,9,18
1376816614,9,18
1376817217,9,18
1376817388,8,19
1376817993,8,19
1376818064,8,19
1376818076,10,17
1376818680,10,17
1376819284,10,17
1376819888,10,17
1376820491,10,17
1376820750,10,17
1376820824,12,15
1376820852,13,14
1376820945,13,14
1376820986,14,13
1376821093,13,14
1376821178,14,13
1376821783,14,13
1376822392,14,13
1376822996,14,13
1376823600,14,13
1376824203,14,13
1376824807,14,13
1376825411,14,13
1376826015,14,13
1376826146,14,13
1376826213,15,12
1376826710,14,13
1376827314,14,13
1376827450,12,15
1376827536,11,16
1376828139,11,16
1376828625,11,16
1376828627,12,15
1376829231,12,15
1376829419,10,17
1376830023,10,17
1376830292,9,18
1376830896,9,18
1376831081,7,20
1376831120,7,20
1376831202,7,20
1376831303,8,19
1376831391,8,19
1376831473,8,19
1376831558,8,19
1376831583,9,18
1376832187,9,18
1376832791,9,18
