1376208255,15,7
1376208859,15,7
1376209463,15,7
1376209856,16,6
1376210459,16,6
1376210723,17,5
1376210803,17,5
1376210806,18,4
1376211410,18,4
1376212014,18,4
1376212619,18,4
1376212772,19,3
1376213375,19,3
1376213414,18,4
1376214017,18,4
1376214556,18,4
1376214621,18,4
1376214740,18,4
1376214791,19,3
1376214857,18,4
1376215319,19,3
1376215927,18,4
1376216368,18,4
1376216434,18,4
1376216553,18,4
1376216614,19,3
1376216835,19,3
1376216953,18,4
1376217387,18,4
1376217459,18,4
1376217488,19,3
1376217569,19,3
1376217780,19,3
1376217837,19,3
1376217939,19,3
1376217949,20,2
1376218089,19,3
1376218358,20,2
1376218962,20,2
1376219565,20,2
1376220169,20,2
1376220283,20,2
1376220325,21,1
1376220570,21,1
1376221173,21,1
1376221777,21,1
1376222194,21,1
1376222234,21,1
1376222492,21,1
1376223096,21,1
1376223699,21,1
1376224001,21,1
1376224016,21,0
1376224620,21,1
1376224781,20,2
1376225385,20,2
1376225988,20,2
1376226100,20,2
1376226113,21,1
1376226716,21,1
1376227320,21,1
1376227826,20,2
1376228169,21,1
1376228515,20,2
1376228570,19,3
1376229174,19,3
1376229788,20,2
1376230124,20,2
1376230214,21,1
1376230817,21,1
1376231421,21,1
1376232024,21,1
1376232628,21,1
1376233233,21,1
1376233835,21,1
1376234438,21,1
1376234554,20,2
1376235037,20,2
1376235047,21,1
1376235651,21,1
1376236012,22,0
1376236275,21,1
1376236539,22,0
1376237142,22,0
1376237413,21,1
1376237752,20,2
1376237957,19,3
1376238560,19,3
1376239164,19,3
1376239515,18,4
1376239649,19,3
1376240082,19,3
1376240125,18,4
1376240669,17,5
1376240803,19,3
1376241383,17,5
1376241761,17,4
1376241770,18,4
1376242003,19,3
1376242011,20,2
1376242333,21,1
1376242936,21,1
1376243540,21,1
1376244144,21,1
1376244747,21,1
1376245351,21,1
1376245374,22,0
1376245883,21,1
1376246486,21,1
1376247091,21,1
1376247696,21,1
1376248299,21,1
1376248539,20,2
1376248550,20,2
1376248928,21,1
1376249533,21,1
1376250137,21,1
1376250742,21,1
1376251345,21,1
1376251950,21,1
1376252554,21,1
1376252969,20,2
1376253584,20,2
1376253586,19,3
1376253649,18,4
1376254253,18,4
1376254718,17,5
1376254729,17,5
1376255332,17,5
1376255936,17,5
1376256541,17,5
1376256755,16,6
1376256819,16,6
1376256879,17,5
1376257484,17,5
1376258087,17,5
1376258691,17,5
1376259170,16,6
1376259640,16,6
1376259688,17,5
1376260292,17,5
1376260895,17,5
1376261499,17,5
1376262102,17,5
1376262706,17,5
1376263309,17,5
1376263913,17,5
1376264517,17,5
1376265120,17,5
1376265723,17,5
1376266327,17,5
1376266931,17,5
1376267534,17,5
1376267606,16,6
1376268210,16,6
1376268813,16,6
1376269047,17,5
1376269651,17,5
1376269814,16,6
1376270193,16,6
1376270797,16,6
1376270977,17,5
1376271582,17,5
1376272186,17,5
1376272789,17,5
1376273392,17,5
1376273996,17,5
1376274599,17,5
1376275203,17,5
1376275807,17,5
1376276410,17,5
1376277014,17,5
1376277617,17,5
1376278221,17,5
1376278315,16,6
1376278919,16,6
1376279522,16,6
1376280125,16,6
1376280729,16,6
1376281332,16,6
1376281936,16,6
1376282539,16,6
1376283143,16,6
1376283529,15,7
1376283832,14,8
1376283964,15,7
1376284037,14,8
1376284641,14,8
1376285245,14,8
1376285314,13,9
1376285918,13,9
1376286330,12,10
1376286933,12,10
1376286958,11,11
1376287279,10,12
1376287614,9,13
1376288050,8,14
1376288113,6,16
1376288663,5,17
1376288989,4,18
1376289136,5,17
1376289206,4,18
1376289448,5,17
1376289538,6,16
1376289622,5,17
1376289682,4,18
1376289823,5,17
1376289879,6,16
1376290419,5,17
1376290662,4,18
1376290664,5,17
1376291142,5,17
1376291166,5,17
1376291355,6,16
1376291555,7,15
1376291615,7,15
1376291634,8,14
1376291762,7,15
1376292132,6,16
1376292736,6,16
1376293021,7,15
1376293318,5,17
1376293604,6,16
1376293612,7,15
1376294216,7,15
1376294304,5,17
1376294909,5,17
1376294979,6,16
1376295121,7,15
1376295725,7,15
1376296209,8,14
1376296389,7,15
1376296992,7,15
1376297597,7,15
1376297638,8,14
1376298242,8,14
1376298846,8,14
1376299450,8,14
1376300055,8,14
1376300658,8,14
1376300763,7,15
1376301367,7,15
1376301649,6,16
1376301791,7,15
1376302394,7,15
1376302732,8,14
1376303116,9,13
1376303393,8,14
1376303606,7,15
1376304209,7,15
1376304464,7,15
1376304483,9,13
1376304938,9,13
1376305047,9,13
1376305242,9,13
1376305339,9,13
1376305552,9,13
1376305652,10,12
1376306017,10,12
1376306063,10,12
1376306293,10,12
1376306357,11,11
1376306394,12,10
1376306556,13,9
1376306606,14,8
1376306734,13,9
1376306781,13,9
1376306822,13,9
1376306939,13,9
1376306996,14,8
1376307238,15,7
1376307841,15,7
1376307995,15,7
1376308009,14,8
1376308613,14,8
1376308957,13,9
1376309561,13,9
1376309698,12,10
1376309815,13,9
1376309905,14,8
1376310509,14,8
1376310818,13,9
1376310858,13,9
1376310927,12,10
1376310978,13,9
1376311168,12,10
1376311771,12,10
1376312286,11,11
1376312392,12,10
1376312612,12,10
1376312660,13,9
1376312715,14,8
1376312913,15,7
1376313517,15,7
1376313941,16,6
1376314545,16,6
1376315148,16,6
1376315752,16,6
1376315920,16,6
1376315929,17,5
1376316533,17,5
1376317137,17,5
1376317469,18,4
1376318073,18,4
1376318672,19,3
1376319275,18,4
1376319879,18,4
1376319922,19,3
1376320526,19,3
1376321129,19,3
1376321733,19,3
1376321804,19,3
1376321806,18,4
1376322430,17,5
1376322606,18,4
1376323209,18,4
1376323392,16,6
1376323481,15,7
1376323799,16,6
1376324381,16,6
1376324389,17,5
1376324681,18,4
1376324708,17,5
1376324757,18,4
1376325360,18,4
1376325670,19,3
1376325865,20,2
1376326215,19,3
1376326722,19,3
1376326815,19,3
1376327419,19,3
1376327836,18,4
1376328342,19,3
1376328495,19,3
1376328979,17,5
1376329118,16,6
1376329236,17,5
1376329362,16,6
1376329410,18,4
1376329426,18,4
1376329539,19,3
1376329587,19,3
1376329739,20,2
1376329877,21,1
1376330481,21,1
1376330815,22,0
1376331419,22,0
1376332024,22,0
1376332195,21,1
1376332798,21,1
1376333136,20,2
1376333739,20,2
1376333797,21,1
1376334401,21,1
1376334942,21,1
1376334945,22,0
1376335549,22,0
1376336154,22,0
1376336369,20,2
1376336974,20,2
1376337577,20,2
1376338158,19,3
1376338762,19,3
1376339297,18,4
1376339902,18,4
1376340506,18,4
1376341109,18,4
1376341201,18,4
1376341302,19,3
1376341906,19,3
1376342511,19,3
1376343146,18,4
1376343206,19,3
1376343820,19,3
1376343828,20,2
1376344346,19,3
1376344950,19,3
1376345553,19,3
1376346156,19,3
1376346760,19,3
1376347228,18,4
1376347831,18,4
1376348436,18,4
1376349040,18,4
1376349644,18,4
1376350249,18,4
1376350852,18,4
1376351456,18,4
1376352060,18,4
1376352663,18,4
1376353267,18,4
1376353870,18,4
1376354474,18,4
1376355078,18,4
1376355681,18,4
1376356284,18,4
1376356592,18,4
1376357195,18,4
1376357799,18,4
1376358402,18,4
1376359006,18,4
1376359610,18,4
1376360214,18,4
1376360817,18,4
1376361421,18,4
1376362024,18,4
1376362628,18,4
1376363232,18,4
1376363835,18,4
1376364439,18,4
1376364762,17,5
1376365365,17,5
1376365970,17,5
1376366573,17,5
1376367177,17,5
1376367780,17,5
1376368384,17,5
1376368988,17,5
1376369167,16,6
1376369394,15,7
1376369998,15,7
1376370432,14,8
1376370743,13,9
1376370929,14,8
1376371532,14,8
1376371796,13,9
1376372004,12,10
1376372156,11,11
1376372759,11,11
1376373002,10,12
1376373114,9,13
1376373456,8,14
1376373727,9,13
1376374331,9,13
1376374433,8,14
1376374586,7,15
1376375193,6,16
1376375248,4,18
1376375274,3,19
1376375562,2,20
1376375895,3,19
1376376220,3,19
1376376229,4,18
1376376343,4,18
1376376378,5,17
1376376919,6,16
1376377107,5,17
1376377452,6,16
1376377568,7,15
1376378171,7,15
1376378260,8,14
1376378357,9,13
1376378390,8,14
1376378608,9,13
1376378858,8,14
1376379462,8,14
1376379941,9,13
1376379948,10,12
1376380340,9,13
1376380444,10,12
1376381000,11,11
1376381053,10,12
1376381657,10,12
1376382260,10,12
1376382490,9,13
1376382624,9,13
1376382763,9,13
1376382799,9,13
1376383403,9,13
1376384007,9,13
1376384611,9,13
1376385214,9,13
1376385818,9,13
1376386053,10,12
1376386087,10,12
1376386691,10,12
1376387294,10,12
1376387440,10,12
1376387647,10,12
1376387725,11,11
1376387793,12,10
1376387922,12,10
1376387924,13,9
1376388041,14,8
1376388181,15,7
1376388610,14,8
1376388932,14,8
1376388959,15,7
1376389562,15,7
1376390167,15,7
1376390234,16,6
1376390838,16,6
1376391155,15,7
1376391169,14,8
1376391277,13,9
1376391399,15,7
1376391640,14,8
1376392244,14,8
1376392614,15,7
1376393217,15,7
1376393345,14,8
1376393873,13,9
1376394434,12,10
1376395037,12,10
1376395642,12,10
1376395947,10,12
1376396551,10,12
1376397154,10,12
1376397758,10,12
1376398361,10,12
1376398965,10,12
1376399416,9,13
1376400021,9,13
1376400300,8,14
1376400703,8,14
1376400705,9,13
1376401308,9,13
1376401912,9,13
1376402024,10,12
1376402026,9,13
1376402140,8,14
1376402476,8,14
1376402506,8,14
1376402598,9,13
1376402652,8,14
1376402700,7,15
1376403304,7,15
1376403844,8,14
1376404448,8,14
1376404715,8,14
1376404752,8,14
1376404827,8,14
1376404904,8,14
1376404954,10,12
1376404967,11,11
1376405571,11,11
1376406019,12,10
1376406623,12,10
1376407228,12,10
1376407650,13,9
1376407733,14,8
1376407959,14,8
1376408158,13,9
1376408556,14,8
1376408804,14,8
1376408806,15,7
1376409203,13,9
1376409807,13,9
1376409909,14,8
1376410513,14,8
1376410700,15,7
1376410903,16,6
1376411007,15,7
1376411611,15,7
1376411656,13,9
1376411857,13,9
1376411867,14,8
1376412472,14,8
1376412698,15,7
1376412983,14,8
1376413097,13,9
1376413336,12,10
1376413542,12,10
1376413566,13,9
1376413743,14,8
1376414059,13,9
1376414177,12,10
1376414305,13,9
1376414863,13,9
1376414866,12,10
1376415524,13,9
1376415576,13,9
1376415619,13,9
1376415665,14,8
1376416269,14,8
1376416507,13,9
1376417111,13,9
1376417545,15,7
1376418092,16,6
1376418695,16,6
1376418878,17,5
1376419016,18,4
1376419620,18,4
1376419716,17,5
1376419960,16,6
1376420564,16,6
1376421126,15,7
1376421715,16,6
1376422318,16,6
1376422763,15,7
1376423300,14,8
1376423904,14,8
1376424118,15,7
1376424722,15,7
1376424810,14,8
1376425414,14,8
1376426017,14,8
1376426621,14,8
1376426638,13,9
1376427104,12,10
1376427152,13,9
1376427339,11,11
1376427942,11,11
1376428272,12,10
1376428876,12,10
1376429480,12,10
1376429619,13,9
1376430213,12,10
1376430251,11,11
1376430855,11,11
1376431255,12,10
1376431859,12,10
1376432462,12,10
1376433066,12,10
1376433671,13,9
1376434274,13,9
1376434878,13,9
1376435481,13,9
1376436085,13,9
1376436688,13,9
1376437292,13,9
1376437896,13,9
1376438499,13,9
1376439103,13,9
1376439706,13,9
1376440310,13,9
1376440914,13,9
1376441517,13,9
1376442121,13,9
1376442724,13,9
1376442995,13,9
1376443058,13,9
1376443134,13,9
1376443737,13,9
1376444341,13,9
1376444944,13,9
1376445548,13,9
1376446151,13,9
1376446755,13,9
1376447358,13,9
1376447962,13,9
1376448566,13,9
1376449169,13,9
1376449773,13,9
1376450376,13,9
1376450980,13,9
1376451584,13,9
1376452187,13,9
1376452791,13,9
1376453394,13,9
1376453998,13,9
1376454601,13,9
1376455205,13,9
1376455808,13,9
1376455859,12,10
1376456462,12,10
1376457066,12,10
1376457345,12,10
1376457949,12,10
1376458079,11,11
1376458304,10,12
1376458724,10,12
1376458727,9,13
1376459331,9,13
1376459498,8,14
1376459770,7,15
1376459841,6,16
1376460032,4,18
1376460089,5,17
1376460604,4,18
1376460756,5,17
1376461359,5,17
1376461421,6,16
1376461516,5,17
1376461595,4,18
1376461779,3,19
1376461931,2,20
1376462023,1,21
1376462132,0,22
1376462380,0,22
1376462390,1,21
1376462482,0,22
1376462984,1,21
1376463273,0,22
1376463344,0,22
1376463511,1,21
1376463537,2,20
1376463841,1,21
1376463922,2,20
1376464095,3,19
1376464489,4,18
1376464880,5,17
1376464940,6,16
1376465544,6,16
1376465864,7,15
1376466311,8,14
1376466747,7,15
1376466919,8,14
1376467184,9,13
1376467211,8,14
1376467814,8,14
1376468418,8,14
1376468759,9,13
1376468942,10,12
1376469289,9,13
1376469891,9,13
1376470139,8,14
1376470742,8,14
1376470954,5,17
1376471442,5,17
1376471445,6,16
1376472048,6,16
1376472199,7,15
1376472236,8,14
1376472366,9,13
1376472515,9,13
1376472537,10,12
1376473043,11,11
1376473541,11,11
1376473548,12,10
1376473826,12,10
1376474071,11,11
1376474675,11,11
1376474779,12,10
1376474880,11,11
1376475485,11,11
1376476089,11,11
1376476479,12,10
1376477082,12,10
1376477481,13,9
1376478086,13,9
1376478689,13,9
1376479293,13,9
1376479543,13,8
1376479554,14,8
1376480159,14,8
1376480216,15,7
1376480684,14,8
1376481177,15,7
1376481781,15,7
1376482385,15,7
1376482843,15,7
1376482854,13,9
1376483459,13,9
1376483560,14,8
1376484164,14,8
1376484618,14,8
1376485222,14,8
1376485634,13,9
1376485963,13,9
1376485966,14,8
1376486489,15,7
1376486588,16,6
1376486788,14,8
1376487394,14,8
1376487999,14,8
1376488603,14,8
1376488770,14,8
1376489369,15,7
1376489521,16,6
1376490125,16,6
1376490173,15,7
1376490777,15,7
1376491022,16,6
1376491231,17,5
1376491483,17,5
1376491485,18,4
1376491759,19,3
1376492295,18,4
1376492919,18,4
1376492963,17,5
1376493044,15,7
1376493104,16,6
1376493142,16,6
1376493211,17,5
1376493283,18,4
1376493644,19,3
1376493670,20,2
1376493814,21,1
1376494170,22,0
1376494774,22,0
1376494951,21,1
1376495022,20,2
1376495029,21,1
1376495223,20,2
1376495443,20,2
1376495451,21,1
1376496054,21,1
1376496404,21,1
1376496406,22,0
1376497009,22,0
1376497613,22,0
1376497840,21,1
1376497958,19,3
1376498379,20,2
1376498428,21,1
1376498456,20,2
1376499060,20,2
1376499432,19,3
1376500035,19,3
1376500378,18,4
1376500886,17,5
1376501200,18,4
1376501605,19,3
1376501656,20,2
1376502260,20,2
1376502864,20,2
1376503468,20,2
1376504072,20,2
1376504379,20,2
1376504391,22,0
1376504680,21,1
1376505042,20,2
1376505044,19,3
1376505263,18,4
1376505867,18,4
1376506297,18,4
1376506325,19,3
1376506929,19,3
1376507534,19,3
1376508138,19,3
1376508742,19,3
1376508935,18,4
1376509361,19,3
1376509543,20,2
1376510147,20,2
1376510751,20,2
1376511354,20,2
1376511958,20,2
1376512561,20,2
1376513126,20,2
1376513158,20,2
1376513761,20,2
1376514104,20,2
1376514114,21,1
1376514419,20,2
1376514605,19,3
1376515113,20,2
1376515724,20,2
1376515726,21,1
1376516329,21,1
1376516933,21,1
1376517536,21,1
1376518140,21,1
1376518314,22,0
1376518511,20,2
1376519130,19,3
1376519735,19,3
1376520284,20,2
1376520399,19,3
1376520411,19,3
1376521015,19,3
1376521262,20,2
1376521866,20,2
1376522470,20,2
1376523073,20,2
1376523677,20,2
1376524281,20,2
1376524885,20,2
1376525488,20,2
1376526092,20,2
1376526695,20,2
1376526927,19,3
1376527531,19,3
1376528127,18,4
1376528730,18,4
1376528785,17,5
1376529557,17,5
1376530161,17,5
1376530764,17,5
1376531053,16,6
1376531656,16,6
1376532260,16,6
1376532863,16,6
1376533466,16,6
1376534070,16,6
1376534674,16,6
1376535277,16,6
1376535880,16,6
1376536484,16,6
1376537087,16,6
1376537691,16,6
1376538294,16,6
1376538898,16,6
1376539501,16,6
1376540105,16,6
1376540709,16,6
1376541312,16,6
1376541915,16,6
1376542519,16,6
1376542555,14,8
1376543116,13,9
1376543721,13,9
1376544324,13,9
1376544928,13,9
1376545227,12,10
1376545830,12,10
1376546434,12,10
1376547038,12,10
1376547366,11,11
1376547576,10,12
1376547735,11,11
1376548338,12,10
1376548942,12,10
1376549249,11,11
1376549852,11,11
1376550456,11,11
1376551059,11,11
1376551318,12,10
1376551921,12,10
1376552525,12,10
1376552803,13,9
1376553406,13,9
1376553874,12,10
1376553971,13,9
1376554525,12,10
1376555129,12,10
1376555733,12,10
1376556237,11,11
1376556841,11,11
1376557445,11,11
1376558048,11,11
1376558652,11,11
1376559256,11,11
1376559867,12,10
1376560471,12,10
1376560999,11,11
1376561044,12,10
1376561654,13,9
1376562237,14,8
1376562802,14,8
1376562847,15,7
1376563002,15,7
1376563027,17,5
1376563123,17,5
1376563483,17,5
1376563491,18,4
1376563676,17,5
1376563766,16,6
1376564369,16,6
1376564497,18,4
1376565101,18,4
1376565468,17,5
1376565564,15,7
1376565692,15,7
1376565821,15,7
1376565824,16,6
1376566427,16,6
1376567031,16,6
1376567533,17,5
1376567801,17,5
1376567813,19,3
1376568223,18,4
1376568501,18,4
1376568534,19,3
1376568663,18,4
1376569182,17,5
1376569209,17,5
1376569415,19,3
1376569893,18,4
1376570496,18,4
1376570654,16,6
1376571258,16,6
1376571861,16,6
1376572119,17,5
1376572352,18,4
1376572955,18,4
1376573258,19,3
1376573862,19,3
1376574466,19,3
1376575070,19,3
1376575673,19,3
1376576277,19,3
1376576702,18,4
1376577306,18,4
1376577909,18,4
1376578513,18,4
1376578652,19,3
1376578997,18,4
1376579600,18,4
1376580204,18,4
1376580807,18,4
1376581411,18,4
1376582014,18,4
1376582124,18,4
1376582174,19,3
1376582778,19,3
1376583398,18,4
1376583437,20,2
1376584041,20,2
1376584504,21,1
1376585059,19,3
1376585663,19,3
1376586266,19,3
1376586578,19,3
1376586596,20,2
1376586998,21,1
1376587602,21,1
1376587899,20,2
1376588373,21,1
1376588977,21,1
1376589288,20,2
1376589891,20,2
1376590495,20,2
1376591098,20,2
1376591702,20,2
1376592310,19,3
1376592757,19,3
1376592767,20,2
1376592877,19,3
1376593481,19,3
1376593801,19,3
1376593851,19,3
1376594455,19,3
1376595058,19,3
1376595662,19,3
1376596265,19,3
1376596869,19,3
1376597472,19,3
1376598076,19,3
1376598414,20,2
1376599018,20,2
1376599118,21,1
1376599660,20,2
1376599674,20,2
1376600218,21,1
1376600821,21,1
1376601424,21,1
1376601652,22,0
1376601874,18,4
1376601920,18,4
1376601964,18,4
1376602359,18,4
1376602371,19,3
1376602843,19,3
1376602845,18,4
1376603449,18,4
1376604053,18,4
1376604656,18,4
1376605259,18,4
1376605423,20,2
1376606026,20,2
1376606629,20,2
1376607233,20,2
1376607391,19,3
1376607404,19,3
1376608007,19,3
1376608611,19,3
1376609214,19,3
1376609818,19,3
1376610421,19,3
1376611025,19,3
1376611628,19,3
1376612232,19,3
1376612835,19,3
1376613439,19,3
1376613830,18,4
1376614433,18,4
1376615036,18,4
1376615791,18,4
1376616395,18,4
1376616998,18,4
1376617602,18,4
1376618205,18,4
1376618809,18,4
1376619412,18,4
1376620016,18,4
1376620619,18,4
1376621223,18,4
1376621633,18,4
1376621698,19,3
1376622301,19,3
1376622905,19,3
1376623508,19,3
1376623673,18,4
1376624276,18,4
1376624880,18,4
1376625483,18,4
1376626087,18,4
1376626690,18,4
1376627294,18,4
1376627898,18,4
1376628298,17,5
1376628902,17,5
1376629506,17,5
1376630143,17,5
1376630145,18,4
1376630749,18,4
1376630977,17,5
1376631580,17,5
1376632184,17,5
1376632279,16,6
1376632312,17,5
1376632421,16,6
1376633025,16,6
1376633629,16,6
1376634234,16,6
1376634368,17,5
1376634972,17,5
1376635373,18,4
1376635977,18,4
1376636250,17,5
1376636482,17,5
1376637039,18,4
1376637642,18,4
1376637943,18,4
1376637945,19,3
1376638174,18,4
1376638495,17,5
1376639100,17,5
1376639422,18,4
1376640027,18,4
1376640630,18,4
1376641120,18,4
1376641127,19,3
1376641675,18,4
1376642230,17,5
1376642835,17,5
1376643438,17,5
1376644043,17,5
1376644123,17,5
1376644125,16,6
1376644729,16,6
1376645333,16,6
1376645576,17,5
1376645921,18,4
1376646565,17,5
1376647169,17,5
1376647487,16,6
1376647620,17,5
1376648224,17,5
1376648436,18,4
1376649039,18,4
1376649060,19,3
1376649151,19,3
1376649754,19,3
1376650358,19,3
1376650815,20,2
1376651066,20,2
1376651105,20,2
1376651202,21,1
1376651213,22,0
1376651757,21,1
1376652169,20,2
1376652432,21,1
1376653036,21,1
1376653640,21,1
1376654243,21,1
1376654847,21,1
1376655451,21,1
1376656054,21,1
1376656658,21,1
1376656897,22,0
1376657501,22,0
1376658105,22,0
1376658643,22,0
1376659247,22,0
1376659851,22,0
1376660455,22,0
1376660563,21,1
1376660566,20,2
1376661170,20,2
1376661774,20,2
1376662379,20,2
1376662459,18,4
1376663078,19,3
1376663682,19,3
1376663958,19,3
1376664027,19,3
1376664096,19,3
1376664152,21,1
1376664182,22,0
1376664785,22,0
1376665389,22,0
1376665655,20,2
1376665902,20,2
1376665905,19,3
1376666509,19,3
1376667121,18,4
1376667394,19,3
1376667998,19,3
1376668601,19,3
1376669051,18,4
1376669232,20,2
1376669835,20,2
1376670439,20,2
1376671042,20,2
1376671240,19,3
1376671843,19,3
1376671881,18,4
1376672103,17,5
1376672706,17,5
1376673310,17,5
1376673879,18,4
1376674483,18,4
1376675086,18,4
1376675617,19,3
1376675825,19,3
1376676015,18,4
1376676324,17,5
1376676490,14,8
1376676641,14,8
1376676649,16,6
1376677253,16,6
1376677728,15,7
1376678059,14,8
1376678616,14,8
1376678680,14,8
1376678800,14,8
1376679279,12,10
1376679884,12,10
1376680039,11,11
1376680289,12,10
1376680894,12,10
1376681497,12,10
1376681620,13,9
1376682223,13,9
1376682605,12,10
1376683208,12,10
1376683812,12,10
1376684416,12,10
1376684551,13,9
1376685155,13,9
1376685758,13,9
1376686273,12,10
1376686877,12,10
1376687480,12,10
1376687668,11,10
1376688010,11,10
1376688161,11,10
1376688441,10,11
1376688514,9,12
1376688801,9,12
1376688828,9,12
1376688960,10,11
1376689564,10,11
1376690028,10,11
1376690246,9,12
1376690644,9,12
1376691135,9,13
1376691282,9,13
1376691290,10,12
1376691895,10,12
1376692498,10,12
1376693102,10,12
1376693706,10,12
1376694310,10,12
1376694914,10,12
1376695291,10,12
1376695478,11,11
1376696081,11,11
1376696701,10,12
1376697305,10,12
1376697908,10,12
1376698512,10,12
1376699115,10,12
1376699719,10,12
1376700323,10,12
1376700926,10,12
1376701529,10,12
1376702192,10,12
1376702400,10,12
1376703004,10,12
1376703607,10,12
1376704211,10,12
1376704814,10,12
1376705418,10,12
1376706021,10,12
1376706625,10,12
1376707228,10,12
1376707832,10,12
1376708435,10,12
1376709040,10,12
1376709644,10,12
1376710251,9,13
1376710854,9,13
1376711458,9,13
1376712061,9,13
1376712665,9,13
1376713268,9,13
1376713872,9,13
1376714475,9,13
1376714891,8,14
1376715496,8,14
1376716099,8,14
1376716704,8,14
1376717307,8,14
1376717911,8,14
1376718514,8,14
1376719118,8,14
1376719661,8,14
1376719695,8,14
1376719728,8,14
1376720332,8,14
1376720935,8,14
1376721539,8,14
1376722143,8,14
1376722421,7,15
1376723026,7,15
1376723028,8,14
1376723631,8,14
1376724235,8,14
1376724838,8,14
1376725018,9,13
1376725622,9,13
1376725771,9,13
1376725806,9,13
1376726409,9,13
1376727013,9,13
1376727116,10,12
1376727719,10,12
1376728125,10,12
1376728132,11,11
1376728736,11,11
1376729341,11,11
1376729944,11,11
1376730548,11,11
1376731151,11,11
1376731755,11,11
1376731921,10,12
1376732524,10,12
1376733128,10,12
1376733336,11,11
1376733942,11,11
1376734260,12,10
1376734863,12,10
1376735197,11,11
1376735801,11,11
1376735985,11,11
1376735992,12,10
1376736599,12,10
1376737176,10,12
1376737780,10,12
1376738384,10,12
1376738402,9,13
1376739007,9,13
1376739504,10,12
1376740075,9,13
1376740678,9,13
1376741311,10,12
1376741915,10,12
1376742518,10,12
1376742627,9,13
1376743231,9,13
1376743835,9,13
1376744438,9,13
1376744669,8,14
1376745273,8,14
1376745877,8,14
1376746101,9,13
1376746343,10,12
1376746401,10,12
1376746446,11,11
1376746857,9,13
1376747188,10,12
1376747225,11,11
1376747829,11,11
1376748433,11,11
1376748984,10,12
1376749587,10,12
1376750191,10,12
1376750309,11,11
1376750912,11,11
1376751516,11,11
1376752119,11,11
1376752580,10,12
1376753184,10,12
1376753363,10,12
1376753432,10,12
1376753464,11,11
1376753531,10,12
1376753595,11,11
1376753722,13,9
1376754285,13,9
1376754293,14,8
1376754897,14,8
1376755239,13,9
1376755843,13,9
1376756446,13,9
1376757050,13,9
1376757257,12,10
1376757645,12,10
1376757652,10,12
1376758121,11,11
1376758142,11,11
1376758200,12,10
1376758803,12,10
1376759407,12,10
1376759963,11,11
1376760566,11,11
1376761170,11,11
1376761370,10,12
1376761869,11,11
1376762472,11,11
1376762565,9,13
1376763106,8,14
1376763108,7,15
1376763712,7,15
1376764315,7,15
1376764918,7,15
1376765521,7,15
1376766124,7,15
1376766541,6,16
1376766803,7,15
1376767286,6,16
1376767581,5,17
1376768185,5,17
1376768789,5,17
1376768818,6,16
1376769422,6,16
1376769961,7,15
1376770564,7,15
1376770838,5,17
1376771142,5,17
1376771205,5,17
1376771256,5,17
1376771377,6,16
1376771396,6,16
1376771493,6,16
1376771864,6,16
1376771866,5,17
1376772193,6,16
1376772743,5,17
1376773036,5,17
1376773080,6,16
1376773231,7,15
1376773834,7,15
1376773869,6,16
1376774473,6,16
1376774721,5,17
1376775324,5,17
1376775928,5,17
1376776531,5,17
1376777134,5,17
1376777205,5,17
1376777207,4,18
1376777710,5,17
1376777936,4,18
1376778415,5,17
1376779019,5,17
1376779330,7,15
1376779381,8,14
1376779985,8,14
1376780588,8,14
1376781192,8,14
1376781795,8,14
1376782399,8,14
1376783003,8,14
1376783538,7,15
1376784142,7,15
1376784745,7,15
1376785349,7,15
1376785953,7,15
1376786556,7,15
1376787160,7,15
1376787763,7,15
1376788594,7,15
1376789198,7,15
1376789801,7,15
1376790405,7,15
1376790429,8,14
1376790660,8,14
1376791263,8,14
1376791867,8,14
1376792470,8,14
1376793074,8,14
1376793677,8,14
1376794280,8,14
1376794718,7,15
1376795322,7,15
1376795925,7,15
1376796529,7,15
1376797132,7,15
1376797735,7,15
1376798339,7,15
1376798943,7,15
1376799547,7,15
1376800151,7,15
1376800754,7,15
1376801358,7,15
1376801961,7,15
1376802564,7,15
1376803168,7,15
1376803772,7,15
1376804375,7,15
1376804978,7,15
1376805582,7,15
1376806186,7,15
1376806789,7,15
1376807393,7,15
1376807996,7,15
1376808600,7,15
1376809203,7,15
1376809807,7,15
1376810133,6,16
1376810736,6,16
1376810972,5,17
1376811095,4,18
1376811553,4,18
1376811632,4,18
1376811803,3,19
1376812406,3,19
1376812603,3,19
1376812609,5,17
1376812772,5,17
1376812800,6,16
1376813403,6,16
1376813494,6,16
1376813521,7,15
1376814105,7,15
1376814108,8,14
1376814711,8,14
1376815314,8,14
1376815651,8,14
1376815677,9,13
1376816281,9,13
1376816685,10,12
1376816707,9,13
1376817272,8,14
1376817875,8,14
1376818479,8,14
1376819083,8,14
1376819686,8,14
1376820290,8,14
1376820893,8,14
1376821497,8,14
1376822014,7,15
1376822441,7,15
1376822448,8,14
1376822685,9,13
1376823289,9,13
1376823892,9,13
1376824060,10,12
1376824233,11,11
1376824836,11,11
1376825439,11,11
1376826043,11,11
1376826597,12,10
1376827201,12,10
1376827804,12,10
1376828335,13,9
1376828939,13,9
1376829542,13,9
1376830145,13,9
1376830562,12,10
1376831166,12,10
1376831769,12,10
1376832373,12,10
1376832469,11,11
