1376208752,6,30
1376209356,6,30
1376209785,7,29
1376210248,7,29
1376210282,9,27
1376210887,9,27
1376211103,9,27
1376211162,10,26
1376211224,10,26
1376211308,9,27
1376211912,9,27
1376212074,8,28
1376212678,8,28
1376212961,9,27
1376212978,8,28
1376213187,8,28
1376213264,9,27
1376213271,10,26
1376213433,10,26
1376213464,11,25
1376213623,11,25
1376213682,12,23
1376213772,12,23
1376213851,14,21
1376213920,14,21
1376213969,15,20
1376214387,15,20
1376214410,16,19
1376214687,16,19
1376214727,16,19
1376214822,19,16
1376214937,18,17
1376214973,18,17
1376215108,19,16
1376215298,20,16
1376215653,21,15
1376215715,21,15
1376215732,22,14
1376215901,21,15
1376216203,21,15
1376216206,23,13
1376216432,23,13
1376216498,26,10
1376217102,26,10
1376217462,26,10
1376217521,26,10
1376217672,27,9
1376218171,29,7
1376218380,28,8
1376218651,29,7
1376218681,30,6
1376218749,31,5
1376218931,32,4
1376219046,31,5
1376219119,32,4
1376219204,32,4
1376219432,31,5
1376220036,31,5
1376220098,30,6
1376220702,30,6
1376220976,29,7
1376221088,30,6
1376221183,30,6
1376221196,31,5
1376221303,31,5
1376221351,33,3
1376221672,32,4
1376221928,33,3
1376222109,32,4
1376222167,31,5
1376222441,31,5
1376222452,32,4
1376222845,32,4
1376222891,32,4
1376222978,33,3
1376223081,33,3
1376223130,33,3
1376223191,34,2
1376223689,34,2
1376223721,35,1
1376224325,35,1
1376224928,35,1
1376225532,35,1
1376226136,35,1
1376226739,35,1
1376226907,34,2
1376227319,33,3
1376227483,35,1
1376228087,35,1
1376228201,35,1
1376228315,35,1
1376228760,34,2
1376228865,33,3
1376228876,33,3
1376229206,33,3
1376229229,34,2
1376229724,35,1
1376229802,34,2
1376230299,33,3
1376230613,34,2
1376231080,35,1
1376231200,34,2
1376231212,33,3
1376231317,35,1
1376231450,34,2
1376231786,35,1
1376232390,35,1
1376232994,35,1
1376233599,35,1
1376234204,35,1
1376234703,32,4
1376235101,31,5
1376235705,31,5
1376236227,31,5
1376236251,32,4
1376236857,32,4
1376237461,32,4
1376237950,33,3
1376238280,33,3
1376238444,33,3
1376238579,34,2
1376238624,35,1
1376238837,34,2
1376239441,34,2
1376239498,34,2
1376239549,35,1
1376239840,33,3
1376239962,32,4
1376239974,32,4
1376240190,32,4
1376240741,33,3
1376240766,34,2
1376240856,34,2
1376241102,34,2
1376241104,35,1
1376241708,35,1
1376242318,33,3
1376242406,35,1
1376243010,35,1
1376243322,34,2
1376243926,34,2
1376244035,33,3
1376244051,33,3
1376244219,32,4
1376244412,30,6
1376244486,30,6
1376244582,25,11
1376244634,21,15
1376244700,16,20
1376244723,16,20
1376245294,15,21
1376245341,16,20
1376245802,15,21
1376246227,13,23
1376246328,12,24
1376246416,13,23
1376246494,12,24
1376246604,12,24
1376246671,13,23
1376246750,12,24
1376247164,11,24
1376247218,12,24
1376247283,11,25
1376247324,10,26
1376247928,10,26
1376248532,10,26
1376248802,8,28
1376249408,7,29
1376250011,7,29
1376250572,7,29
1376250606,8,28
1376250807,6,30
1376251193,5,31
1376251286,5,31
1376251714,3,33
1376251843,3,33
1376251897,2,34
1376251960,3,33
1376252340,2,34
1376252797,2,34
1376252813,3,33
1376253417,3,33
1376253693,3,33
1376253708,4,32
1376253931,2,34
1376254421,3,33
1376254475,5,31
1376255079,5,31
1376255683,5,31
1376256212,6,30
1376256245,7,29
1376256695,8,28
1376257300,8,28
1376257415,8,28
1376257448,9,27
1376257588,9,27
1376257619,10,26
1376258224,10,26
1376258442,10,26
1376258445,9,27
1376259049,9,27
1376259653,9,27
1376260257,9,27
1376260723,9,27
1376260755,10,26
1376261360,10,26
1376261435,9,27
1376262039,9,27
1376262206,9,27
1376262238,10,26
1376262843,10,26
1376263446,10,26
1376264050,10,26
1376264654,10,26
1376264941,9,27
1376265545,9,27
1376266148,9,27
1376266752,9,27
1376267356,9,27
1376267960,9,27
1376268563,9,27
1376269167,9,27
1376269771,9,27
1376270375,9,27
1376270979,9,27
1376271387,9,27
1376271991,9,27
1376272595,9,27
1376273199,9,27
1376273803,9,27
1376273850,8,28
1376274454,8,28
1376275057,8,28
1376275661,8,28
1376276265,8,28
1376276869,8,28
1376277472,8,28
1376278076,8,28
1376278680,8,28
1376279284,8,28
1376279887,8,28
1376280211,8,28
1376280244,9,27
1376280848,9,27
1376281451,9,27
1376282055,9,27
1376282382,9,27
1376282431,9,27
1376282446,10,26
1376283015,11,25
1376283258,12,24
1376283317,13,23
1376283434,13,23
1376284038,13,23
1376284642,13,23
1376285245,13,23
1376285849,13,23
1376286256,14,22
1376286569,14,22
1376286643,15,21
1376286668,17,19
1376286861,18,18
1376287241,19,17
1376287303,18,18
1376287304,18,18
1376287907,18,18
1376288255,19,17
1376288344,20,16
1376288547,16,20
1376288673,18,18
1376288822,17,19
1376289092,17,19
1376289114,18,18
1376289635,18,18
1376289694,19,17
1376289852,20,16
1376289978,21,15
1376290582,21,15
1376291137,22,14
1376291360,21,15
1376291622,20,16
1376291678,16,20
1376291725,12,24
1376291802,12,24
1376291836,14,22
1376292268,14,22
1376292292,15,21
1376292451,15,21
1376292497,15,21
1376292578,16,20
1376292626,14,22
1376292702,14,22
1376292727,15,21
1376293331,15,21
1376293721,15,21
1376293774,15,21
1376293942,14,22
1376294280,13,23
1376294382,13,23
1376294417,14,22
1376294503,14,22
1376294559,16,20
1376294623,16,20
1376294676,17,19
1376294732,18,18
1376294804,19,17
1376294805,19,17
1376295332,19,17
1376295351,20,16
1376295514,20,16
1376295532,21,15
1376296135,21,15
1376296740,21,15
1376297379,21,15
1376297397,22,14
1376298000,22,14
1376298163,22,13
1376298203,23,12
1376298808,23,13
1376299097,22,14
1376299336,21,15
1376299940,21,15
1376300178,22,14
1376300223,23,13
1376300374,24,12
1376300439,23,13
1376300491,23,13
1376300549,23,12
1376300579,24,11
1376300659,24,11
1376300731,24,11
1376300762,25,10
1376300922,26,9
1376300978,26,9
1376301001,27,8
1376301604,27,9
1376302060,28,8
1376302108,27,9
1376302662,26,10
1376303266,26,10
1376303710,25,11
1376304057,24,12
1376304287,23,13
1376304363,22,14
1376304967,22,14
1376305570,22,14
1376306174,22,14
1376306778,22,14
1376306824,21,15
1376307183,22,14
1376307580,23,13
1376307879,23,13
1376307928,23,13
1376307972,24,11
1376308054,24,11
1376308083,24,11
1376308687,25,11
1376309323,25,11
1376309326,24,12
1376309497,25,11
1376309851,25,11
1376309919,25,11
1376309968,26,10
1376310501,25,11
1376310610,25,11
1376310701,25,11
1376310725,26,10
1376310807,26,10
1376310841,27,9
1376311445,27,9
1376311932,28,8
1376311976,29,7
1376312113,30,6
1376312717,30,6
1376313321,30,6
1376313397,29,7
1376314000,29,7
1376314195,30,6
1376314459,31,5
1376314572,31,5
1376314724,31,5
1376314783,33,3
1376314785,34,2
1376314864,33,3
1376315468,33,3
1376315725,34,2
1376316222,33,3
1376316386,34,2
1376316656,35,1
1376317260,35,1
1376317687,34,2
1376318171,33,3
1376318408,34,2
1376319012,34,2
1376319268,35,1
1376319382,35,1
1376319986,35,1
1376320133,34,2
1376320410,35,1
1376321015,35,1
1376321143,35,1
1376321147,34,2
1376321751,34,2
1376321975,34,2
1376322458,34,2
1376322547,35,1
1376323000,34,2
1376323269,32,4
1376323601,32,4
1376323642,29,7
1376323776,29,7
1376323886,28,8
1376324127,29,7
1376324253,30,6
1376324336,29,7
1376324420,28,8
1376324550,27,9
1376324601,26,10
1376324863,26,10
1376324865,25,11
1376324940,26,10
1376325383,25,11
1376325438,26,10
1376325626,25,11
1376325647,25,11
1376325752,24,12
1376325881,24,12
1376326292,25,11
1376326335,24,12
1376326388,23,13
1376326477,22,14
1376326770,23,13
1376326987,22,14
1376327057,21,15
1376327234,22,14
1376327319,22,14
1376327335,23,13
1376327684,23,13
1376327686,22,14
1376328158,22,14
1376328273,23,13
1376328507,23,13
1376328559,26,10
1376328701,27,9
1376328727,28,8
1376328836,27,9
1376328909,28,8
1376328992,28,8
1376329037,28,8
1376329206,29,7
1376329406,30,6
1376329455,30,6
1376329598,30,6
1376329609,31,5
1376329763,32,4
1376329810,31,5
1376329890,32,4
1376329942,31,5
1376330143,31,5
1376330154,32,4
1376330245,32,4
1376330316,31,5
1376330621,30,6
1376330744,31,5
1376330863,32,4
1376330919,31,5
1376330961,31,5
1376331042,30,6
1376331061,30,6
1376331198,31,5
1376331802,31,5
1376331917,30,6
1376332334,31,5
1376332519,32,4
1376332599,33,3
1376332610,34,2
1376332711,33,3
1376332821,32,4
1376333162,33,3
1376333264,34,2
1376333868,34,2
1376334472,34,2
1376334702,34,2
1376334704,35,1
1376335089,34,2
1376335174,34,2
1376335260,35,1
1376335518,34,2
1376335728,33,3
1376336332,33,3
1376336936,33,3
1376337540,33,3
1376337666,34,2
1376338271,34,2
1376338875,34,2
1376339478,34,2
1376339687,33,3
1376340101,33,3
1376340113,34,2
1376340343,34,2
1376340346,33,3
1376340951,33,3
1376341578,34,2
1376341638,33,3
1376341950,33,3
1376341975,33,3
1376342073,32,4
1376342125,31,5
1376342168,31,5
1376342244,31,5
1376342264,31,5
1376342347,32,4
1376342411,33,3
1376343015,33,3
1376343619,33,3
1376343941,34,2
1376344362,35,1
1376344382,33,3
1376344518,34,2
1376345122,34,2
1376345726,34,2
1376345976,35,1
1376346458,34,2
1376346598,33,3
1376347202,33,3
1376347806,33,3
1376348410,33,3
1376349013,33,3
1376349617,33,3
1376349980,34,2
1376350583,34,2
1376351187,34,2
1376351791,34,2
1376352395,34,2
1376352998,34,2
1376353382,35,1
1376353986,35,1
1376354590,35,1
1376355193,35,1
1376355647,34,2
1376356251,34,2
1376356855,34,2
1376357459,34,2
1376357790,34,2
1376358393,34,2
1376358998,34,2
1376359602,34,2
1376360205,34,2
1376360809,34,2
1376361413,34,2
1376362017,34,2
1376362621,34,2
1376363224,34,2
1376363828,34,2
1376364432,34,2
1376365036,34,2
1376365639,34,2
1376366243,34,2
1376366847,34,2
1376367451,34,2
1376368054,34,2
1376368658,34,2
1376368678,35,1
1376369282,35,1
1376369886,35,1
1376370489,35,1
1376371093,35,1
1376371698,35,1
1376372301,35,1
1376372905,35,1
1376372948,34,2
1376373399,34,2
1376373410,35,1
1376374014,35,1
1376374618,35,1
1376375007,34,2
1376375113,35,1
1376375717,35,1
1376375828,34,2
1376376149,35,1
1376376753,35,1
1376376792,34,2
1376376941,34,2
1376376951,35,1
1376377555,35,1
1376378159,35,1
1376378359,34,2
1376378410,35,1
1376378515,35,1
1376378820,34,2
1376378878,35,1
1376379200,34,2
1376379238,33,3
1376379401,33,3
1376379404,32,4
1376379611,33,3
1376379875,34,2
1376379942,34,2
1376379953,35,1
1376380112,35,1
1376380142,35,1
1376380488,34,2
1376380872,35,1
1376381476,35,1
1376382079,35,1
1376382402,35,1
1376382405,34,2
1376382756,35,1
1376383360,35,1
1376383443,34,2
1376384078,34,2
1376384109,35,1
1376384713,35,1
1376385317,35,1
1376385418,35,1
1376386021,35,1
1376386625,35,1
1376387229,35,1
1376387833,35,1
1376388440,34,2
1376388599,35,1
1376389203,35,1
1376389340,34,2
1376389436,33,3
1376390041,33,3
1376390141,32,4
1376390260,33,3
1376390742,33,3
1376390745,34,2
1376391010,35,1
1376391638,34,2
1376392023,35,1
1376392447,35,1
1376393051,35,1
1376393619,34,2
1376393888,35,1
1376394492,35,1
1376394589,34,2
1376395193,34,2
1376395797,34,2
1376396061,33,3
1376396261,33,3
1376396272,34,2
1376396876,34,2
1376397480,34,2
1376397563,35,1
1376398167,35,1
1376398510,34,2
1376398857,33,3
1376398994,34,2
1376399383,33,3
1376399407,34,2
1376400011,34,2
1376400615,34,2
1376400747,33,3
1376400935,33,3
1376401049,33,3
1376401097,34,2
1376401331,33,3
1376401936,33,3
1376402153,32,4
1376402264,32,4
1376402267,31,5
1376402742,31,5
1376402752,32,4
1376403242,33,3
1376403386,33,3
1376403414,33,3
1376403522,34,2
1376403525,34,2
1376403604,34,2
1376403688,34,2
1376403718,35,1
1376404321,35,1
1376404633,34,2
1376404713,34,2
1376404742,33,3
1376404830,33,3
1376404894,34,2
1376404919,35,1
1376405523,35,1
1376406126,35,1
1376406636,34,2
1376406647,35,1
1376406829,34,2
1376406924,35,1
1376407209,34,2
1376407579,35,1
1376407981,35,1
1376408585,35,1
1376408740,35,1
1376408744,34,2
1376408812,33,3
1376408956,34,2
1376409024,35,1
1376409112,34,2
1376409187,33,3
1376409235,34,2
1376409657,33,3
1376410122,34,2
1376410125,35,1
1376410362,34,2
1376410374,33,3
1376410613,31,5
1376410721,29,7
1376410761,29,7
1376410832,29,7
1376410856,30,6
1376411158,30,6
1376411340,31,5
1376411481,31,5
1376411605,30,6
1376411675,29,7
1376412092,30,6
1376412160,32,4
1376412312,31,5
1376412798,32,4
1376412941,32,4
1376412951,33,3
1376413037,32,4
1376413642,32,4
1376413963,31,5
1376413994,31,5
1376414079,31,5
1376414090,32,4
1376414161,30,6
1376414497,30,6
1376414509,31,5
1376414683,32,4
1376414715,34,2
1376414863,35,1
1376414883,33,3
1376415119,34,2
1376415196,35,1
1376415322,35,1
1376415499,35,1
1376415835,34,2
1376416362,34,2
1376416403,34,2
1376416754,33,3
1376416823,34,2
1376416932,35,1
1376417214,34,2
1376417673,35,1
1376418278,35,1
1376418470,34,2
1376419073,34,2
1376419148,35,1
1376419242,35,1
1376419281,33,3
1376419658,33,3
1376419668,34,2
1376420272,34,2
1376420876,34,2
1376421508,34,2
1376421737,33,3
1376421870,32,4
1376422102,32,4
1376422160,33,3
1376422765,33,3
1376423327,32,4
1376423737,32,4
1376423764,34,2
1376424368,34,2
1376424853,35,1
1376425189,34,2
1376425793,34,2
1376426397,34,2
1376427001,34,2
1376427604,34,2
1376428208,34,2
1376428541,34,2
1376428551,35,1
1376428650,35,1
1376429254,35,1
1376429381,33,3
1376429385,32,4
1376429989,32,4
1376430593,32,4
1376430919,30,6
1376431273,29,7
1376431878,29,7
1376432481,29,7
1376432958,27,9
1376433401,26,10
1376433831,25,11
1376434435,25,11
1376435038,25,11
1376435113,24,12
1376435718,24,12
1376436254,24,12
1376436304,25,11
1376436907,25,11
1376437511,25,11
1376437962,25,11
1376437975,26,10
1376438579,26,10
1376438892,25,11
1376438982,25,11
1376438984,26,10
1376439588,26,10
1376439806,25,11
1376440410,25,11
1376441014,25,11
1376441617,25,11
1376442221,25,11
1376442825,25,11
1376443049,24,12
1376443158,23,13
1376443762,23,13
1376444195,23,13
1376444799,23,13
1376445402,23,13
1376446006,23,13
1376446610,23,13
1376447157,22,14
1376447760,22,14
1376448364,22,14
1376448968,22,14
1376449594,22,14
1376449610,23,13
1376450214,23,13
1376450818,23,13
1376451422,23,13
1376452026,23,13
1376452630,23,13
1376452755,22,14
1376453190,22,14
1376453206,23,13
1376453810,23,13
1376454414,23,13
1376455017,23,13
1376455621,23,13
1376456225,23,13
1376456280,24,12
1376456884,24,12
1376457085,25,11
1376457689,25,11
1376458293,25,11
1376458897,25,11
1376459173,26,10
1376459614,27,9
1376459738,27,9
1376459751,28,8
1376459848,29,7
1376460054,28,8
1376460109,27,9
1376460381,28,8
1376460985,28,8
1376461589,28,8
1376462082,28,8
1376462086,29,7
1376462197,31,5
1376462662,32,4
1376463266,32,4
1376463748,33,3
1376464328,33,3
1376464508,34,2
1376464683,35,1
1376465287,35,1
1376465392,34,2
1376465543,33,3
1376465669,34,2
1376466043,33,3
1376466163,33,3
1376466223,34,2
1376466264,35,1
1376466869,35,1
1376466921,34,2
1376467138,35,1
1376467742,35,1
1376468346,35,1
1376468791,35,1
1376468846,36,0
1376469126,35,1
1376469730,35,1
1376470333,35,1
1376470952,34,2
1376471009,36,0
1376471261,33,3
1376471325,30,6
1376471383,28,8
1376471400,26,10
1376471897,27,9
1376472401,27,9
1376472425,28,8
1376472470,29,7
1376472631,31,5
1376472702,31,5
1376472705,32,4
1376473309,32,4
1376473586,30,6
1376473765,30,6
1376474369,30,6
1376474954,31,5
1376475450,32,4
1376475620,33,3
1376476224,33,3
1376476375,34,2
1376476979,34,2
1376477244,33,3
1376477848,33,3
1376478451,33,3
1376479025,34,2
1376479629,34,2
1376480000,35,1
1376480439,36,0
1376480500,35,1
1376481071,34,2
1376481675,34,2
1376482212,35,1
1376482815,35,1
1376483277,34,2
1376483460,33,3
1376483668,33,3
1376483695,34,2
1376483830,35,1
1376484434,35,1
1376484584,35,1
1376484595,36,0
1376485199,36,0
1376485803,36,0
1376486407,36,0
1376487011,36,0
1376487348,36,0
1376487463,36,0
1376488003,36,0
1376488007,35,1
1376488421,34,2
1376488709,33,3
1376489021,33,3
1376489034,34,2
1376489587,33,3
1376490109,32,4
1376490713,32,4
1376490788,31,5
1376490829,30,6
1376491241,28,8
1376491285,29,7
1376491889,29,7
1376492321,29,7
1376492332,30,6
1376492816,29,7
1376492947,28,8
1376493517,28,8
1376493564,29,7
1376493641,30,6
1376493676,31,5
1376494281,31,5
1376494426,31,5
1376494430,30,6
1376495034,30,6
1376495352,29,7
1376495491,29,7
1376495534,30,6
1376495799,30,6
1376495810,31,5
1376495966,31,5
1376496279,31,5
1376496289,32,4
1376496540,33,3
1376496600,34,2
1376496679,36,0
1376497282,36,0
1376497404,35,1
1376497577,34,2
1376497674,33,3
1376498193,31,5
1376498251,31,5
1376498322,33,3
1376498324,34,2
1376498404,35,1
1376498619,35,1
1376498630,36,0
1376498924,34,2
1376499225,35,1
1376499385,34,2
1376499422,35,1
1376499834,34,2
1376499888,33,3
1376500302,32,4
1376500458,33,3
1376500571,34,2
1376500709,33,3
1376500762,34,2
1376501137,35,1
1376501187,35,1
1376501274,34,2
1376501400,35,1
1376501535,36,0
1376501781,35,1
1376501843,34,2
1376502022,35,1
1376502065,36,0
1376502669,36,0
1376503040,35,1
1376503228,35,1
1376503282,34,2
1376503359,34,2
1376503369,35,1
1376503441,36,0
1376503492,35,1
1376503602,35,1
1376503652,36,0
1376504014,35,1
1376504430,35,1
1376504462,36,0
1376504623,36,0
1376504674,34,2
1376504732,33,3
1376505065,32,4
1376505334,31,5
1376505380,31,5
1376505460,31,5
1376505519,31,5
1376505529,32,4
1376506133,32,4
1376506254,31,5
1376506794,30,6
1376507398,30,6
1376507502,29,7
1376507506,28,8
1376507680,29,7
1376508284,29,7
1376508888,29,7
1376509484,29,7
1376509927,29,7
1376510021,29,7
1376510048,30,6
1376510658,30,6
1376511261,30,6
1376511865,30,6
1376511917,29,7
1376512522,29,7
1376512638,30,6
1376513242,30,6
1376513501,30,6
1376513504,31,5
1376513840,30,6
1376513921,29,7
1376513958,28,8
1376514563,28,8
1376515166,28,8
1376515411,29,7
1376515453,28,8
1376516057,28,8
1376516462,28,8
1376516529,29,7
1376516897,30,6
1376516946,29,7
1376517550,29,7
1376518039,30,6
1376518643,30,6
1376518898,33,3
1376519502,33,3
1376520015,32,4
1376520619,32,4
1376521169,31,5
1376521772,31,5
1376522101,30,6
1376522704,30,6
1376523308,30,6
1376523912,30,6
1376523969,31,5
1376524393,29,7
1376524464,29,7
1376524526,30,6
1376525130,30,6
1376525734,30,6
1376526337,30,6
1376526450,31,5
1376527054,31,5
1376527242,31,5
1376527343,31,5
1376527431,31,5
1376527581,31,5
1376527652,32,4
1376528256,32,4
1376528860,32,4
1376529257,33,3
1376529861,33,3
1376530596,33,3
1376530705,33,3
1376531309,33,3
1376531330,32,4
1376531448,33,3
1376532051,33,3
1376532655,33,3
1376533259,33,3
1376533863,33,3
1376534467,33,3
1376534852,33,3
1376534892,34,2
1376534980,34,2
1376534983,33,3
1376535587,33,3
1376536191,33,3
1376536795,33,3
1376537399,33,3
1376538002,33,3
1376538606,33,3
1376539210,33,3
1376539814,33,3
1376540418,33,3
1376541021,33,3
1376541625,33,3
1376542229,33,3
1376542833,33,3
1376543436,33,3
1376544040,33,3
1376544644,33,3
1376545290,32,4
1376545894,32,4
1376546498,32,4
1376547102,32,4
1376547458,32,4
1376547519,30,6
1376547579,26,10
1376547621,23,13
1376548226,23,13
1376548830,23,13
1376548904,23,13
1376548919,24,12
1376549375,25,11
1376549426,25,11
1376549501,25,11
1376549539,26,10
1376549795,26,10
1376549808,27,9
1376550412,27,9
1376550542,26,10
1376551146,26,10
1376551750,26,10
1376552091,26,10
1376552678,27,9
1376553282,27,9
1376553321,27,9
1376553925,27,9
1376554325,26,10
1376554482,26,10
1376554494,27,9
1376555098,27,9
1376555256,28,8
1376555502,28,8
1376555505,29,7
1376556109,29,7
1376556654,30,6
1376556882,29,7
1376556886,28,8
1376557087,27,9
1376557570,28,8
1376557639,27,9
1376557786,26,10
1376558064,25,11
1376558200,24,12
1376558804,24,12
1376559408,24,12
1376559702,23,13
1376559737,23,13
1376559841,24,12
1376560445,25,11
1376560982,24,12
1376561234,23,13
1376561599,24,12
1376561652,25,11
1376562256,25,11
1376562304,26,10
1376562937,25,11
1376562949,26,10
1376563554,26,10
1376564157,26,10
1376564785,26,10
1376564851,27,9
1376564905,27,9
1376564952,30,6
1376565556,30,6
1376565798,29,7
1376566001,29,7
1376566063,30,6
1376566067,31,5
1376566165,30,6
1376566289,29,7
1376566893,29,7
1376567497,29,7
1376568100,29,7
1376568704,29,7
1376568837,30,6
1376568943,30,6
1376568954,28,8
1376569558,28,8
1376570162,28,8
1376570302,28,8
1376570511,27,9
1376570649,28,8
1376570763,26,10
1376571387,27,9
1376571991,27,9
1376572077,28,8
1376572681,28,8
1376573109,30,6
1376573587,29,7
1376573650,29,7
1376573711,29,7
1376573754,30,6
1376573876,30,6
1376574479,30,6
1376574635,30,6
1376575178,30,6
1376575191,31,5
1376575287,30,6
1376575516,31,5
1376576010,32,4
1376576081,32,4
1376576091,33,3
1376576695,33,3
1376577299,33,3
1376577501,32,4
1376577563,32,4
1376577594,31,5
1376577733,30,6
1376577796,31,5
1376577910,29,7
1376578472,30,6
1376579076,30,6
1376579192,28,8
1376579233,28,8
1376579338,29,7
1376579449,28,8
1376579694,27,9
1376579853,28,8
1376580088,29,7
1376580163,30,6
1376580726,31,5
1376580801,29,7
1376581405,29,7
1376581698,29,7
1376581774,31,5
1376581833,32,4
1376581867,33,3
1376582471,33,3
1376583080,32,4
1376583175,31,5
1376583513,30,6
1376584117,30,6
1376584721,30,6
1376584836,30,6
1376584847,31,5
1376585489,32,4
1376586020,31,5
1376586342,32,4
1376586619,33,3
1376586696,34,2
1376586717,33,3
1376587321,33,3
1376587451,32,4
1376588038,31,5
1376588643,31,5
1376589246,31,5
1376589850,31,5
1376589907,30,6
1376590179,30,6
1376590196,30,6
1376590800,30,6
1376591068,31,5
1376591672,31,5
1376591728,32,4
1376592110,31,5
1376592169,30,6
1376592295,29,7
1376592899,29,7
1376593456,31,5
1376593589,30,6
1376594193,30,6
1376594301,29,7
1376594339,29,7
1376594436,30,6
1376595041,30,6
1376595553,29,7
1376595764,31,5
1376596368,31,5
1376596972,31,5
1376597373,30,6
1376597776,29,7
1376598380,29,7
1376598984,29,7
1376599588,29,7
1376600191,29,7
1376600795,29,7
1376601241,28,8
1376601401,27,9
1376601411,26,10
1376602016,26,10
1376602619,26,10
1376603223,26,10
1376603297,26,10
1376603691,26,10
1376603788,26,10
1376603851,26,10
1376603916,26,10
1376604522,26,10
1376604883,26,10
1376604897,25,11
1376605502,25,11
1376605782,22,14
1376606355,20,16
1376606491,21,15
1376606554,21,15
1376606571,22,14
1376607174,22,14
1376607778,22,14
1376608382,22,14
1376608985,22,14
1376609447,21,15
1376610051,21,15
1376610655,21,15
1376611258,21,15
1376611425,21,15
1376611438,19,17
1376611620,18,18
1376612223,18,18
1376612827,18,18
1376613208,18,18
1376613280,18,18
1376613342,18,18
1376613383,18,18
1376613406,18,18
1376614010,18,18
1376614098,16,20
1376614517,15,21
1376615121,15,21
1376615494,15,21
1376615517,16,20
1376616121,16,20
1376616991,14,22
1376617595,14,22
1376618199,14,22
1376618350,15,21
1376618953,15,21
1376619557,15,21
1376620161,15,21
1376620764,15,21
1376621368,15,21
1376621972,15,21
1376622576,15,21
1376623180,15,21
1376623784,15,21
1376624388,15,21
1376624991,15,21
1376625595,15,21
1376626199,15,21
1376626803,15,21
1376627407,15,21
1376628011,15,21
1376628254,16,20
1376628858,16,20
1376629462,16,20
1376629730,16,20
1376629819,17,19
1376630423,17,19
1376631027,17,19
1376631546,18,18
1376632150,18,18
1376632421,19,17
1376632854,18,18
1376633458,18,18
1376633560,18,18
1376633581,19,17
1376634185,19,17
1376634561,19,17
1376634613,20,16
1376635220,21,15
1376635267,21,15
1376635708,22,14
1376636312,22,14
1376636916,22,14
1376637162,23,13
1376637222,25,11
1376637236,26,10
1376637462,26,10
1376637465,27,9
1376637820,27,9
1376637857,28,8
1376638461,28,8
1376638551,27,9
1376638799,28,8
1376639013,27,9
1376639477,28,8
1376639753,27,9
1376640155,28,8
1376640390,29,7
1376640995,29,7
1376641120,30,6
1376641377,31,5
1376641570,32,4
1376641738,33,3
1376642296,32,4
1376642563,31,5
1376642578,30,6
1376643181,30,6
1376643785,30,6
1376644023,29,7
1376644627,29,7
1376644816,30,6
1376645351,29,7
1376645427,29,7
1376645499,29,7
1376645558,30,6
1376645571,31,5
1376645727,30,6
1376646043,30,6
1376646046,31,5
1376646157,33,3
1376646381,34,2
1376646929,35,1
1376647343,36,0
1376647948,36,0
1376648094,35,1
1376648697,35,1
1376649301,35,1
1376649905,35,1
1376650229,36,0
1376650329,35,1
1376650626,36,0
1376651230,36,0
1376651757,35,1
1376652361,35,1
1376652935,34,2
1376653539,34,2
1376653580,33,3
1376653690,34,2
1376654197,35,1
1376654350,36,0
1376654923,35,1
1376655527,35,1
1376656132,35,1
1376656348,36,0
1376656635,35,1
1376656723,35,1
1376657327,35,1
1376657863,33,3
1376658180,32,4
1376658520,31,5
1376658839,30,6
1376659444,30,6
1376660048,30,6
1376660143,29,7
1376660159,28,8
1376660223,30,6
1376660712,30,6
1376660962,28,8
1376661002,28,8
1376661068,29,7
1376661521,29,7
1376661524,30,6
1376661763,30,6
1376661766,31,5
1376662370,31,5
1376662604,32,4
1376662663,33,3
1376662666,34,2
1376662887,33,3
1376662938,33,3
1376663077,32,4
1376663495,32,4
1376663535,34,2
1376663675,33,3
1376663702,34,2
1376664040,35,1
1376664643,35,1
1376664998,33,3
1376665602,33,3
1376666206,33,3
1376666810,33,3
1376667013,32,4
1376667617,32,4
1376667825,32,4
1376667835,33,3
1376667926,32,4
1376667988,30,6
1376668363,30,6
1376668366,31,5
1376668436,30,6
1376668835,28,8
1376669324,29,7
1376669348,30,6
1376669407,31,5
1376669486,32,4
1376669523,31,5
1376669888,30,6
1376670522,30,6
1376670571,32,4
1376670618,31,5
1376670649,32,4
1376670750,32,4
1376671183,31,5
1376671187,30,6
1376671331,30,6
1376671388,31,5
1376671992,31,5
1376672102,30,6
1376672363,31,5
1376672647,32,4
1376672723,31,5
1376672981,31,5
1376672993,32,4
1376673308,33,3
1376673615,32,4
1376674219,32,4
1376674516,30,6
1376674566,30,6
1376674952,30,6
1376674999,31,5
1376675457,30,6
1376675907,31,5
1376676224,31,5
1376676234,32,4
1376676600,32,4
1376676739,32,4
1376676904,30,6
1376677114,29,7
1376677423,29,7
1376678027,29,7
1376678143,29,7
1376678147,30,6
1376678305,31,5
1376678359,31,5
1376678744,30,6
1376679348,30,6
1376679953,30,6
1376680212,29,7
1376680577,29,7
1376680878,27,9
1376681260,28,8
1376681424,27,9
1376681801,27,9
1376681805,26,10
1376682409,26,10
1376682546,25,11
1376682716,24,12
1376682882,23,13
1376682943,24,12
1376683546,24,12
1376683648,25,11
1376683956,27,9
1376684199,26,10
1376684804,26,10
1376685099,26,10
1376685111,27,9
1376685196,28,8
1376685801,28,8
1376686316,29,7
1376686543,28,8
1376687147,28,8
1376687444,27,9
1376688047,27,9
1376688651,27,9
1376688877,27,9
1376688908,28,8
1376689102,29,7
1376689708,28,8
1376689728,28,8
1376689822,29,7
1376690426,29,7
1376691030,29,7
1376691142,30,6
1376691746,30,6
1376692212,31,5
1376692399,31,5
1376692604,32,4
1376693207,32,4
1376693812,32,4
1376694416,32,4
1376695020,32,4
1376695623,32,4
1376696227,32,4
1376696831,32,4
1376697435,32,4
1376698039,32,4
1376698643,32,4
1376699247,32,4
1376699595,31,5
1376700199,31,5
1376700802,31,5
1376701041,31,5
1376701494,31,5
1376702098,31,5
1376702702,31,5
1376703391,31,5
1376703616,31,5
1376703704,31,5
1376703707,30,6
1376703822,30,6
1376703834,31,5
1376704235,29,7
1376704838,29,7
1376705442,29,7
1376706046,29,7
1376706650,29,7
1376707253,29,7
1376707813,27,9
1376708416,27,9
1376709020,27,9
1376709623,27,9
1376710228,27,9
1376710832,27,9
1376711435,27,9
1376712039,27,9
1376712643,27,9
1376713248,27,9
1376713852,27,9
1376714456,27,9
1376715059,27,9
1376715663,27,9
1376716267,27,9
1376716871,27,9
1376717474,27,9
1376717834,26,10
1376718143,25,11
1376718747,25,11
1376719085,24,12
1376719689,24,12
1376720193,24,12
1376720217,26,10
1376720820,26,10
1376721424,26,10
1376721704,26,10
1376721716,27,9
1376721803,28,8
1376722408,28,8
1376723011,28,8
1376723615,28,8
1376723861,28,8
1376723872,29,7
1376724072,30,6
1376724677,30,6
1376724823,30,6
1376724826,31,5
1376725283,32,4
1376725661,32,4
1376725671,33,3
1376726275,33,3
1376726797,32,4
1376726860,33,3
1376727464,33,3
1376727474,32,4
1376728051,33,3
1376728476,31,5
1376728718,32,4
1376728962,32,4
1376728965,32,4
1376729569,32,4
1376729787,31,5
1376730391,31,5
1376730994,31,5
1376731315,30,6
1376731918,30,6
1376732137,31,5
1376732741,31,5
1376733277,32,4
1376733881,32,4
1376734096,33,3
1376734699,33,3
1376735305,33,3
1376735909,33,3
1376736402,34,2
1376736406,33,3
1376736875,33,3
1376736962,33,3
1376737010,34,2
1376737101,33,3
1376737206,32,4
1376737325,31,5
1376737504,30,6
1376738107,30,6
1376738258,30,6
1376738315,32,4
1376738760,31,5
1376738969,32,4
1376739090,32,4
1376739694,32,4
1376740297,32,4
1376740569,33,3
1376741077,33,3
1376741112,34,2
1376741149,33,3
1376741237,33,3
1376741842,33,3
1376742445,33,3
1376743050,33,3
1376743654,33,3
1376744258,33,3
1376744321,32,4
1376744836,33,3
1376745087,34,2
1376745691,34,2
1376746102,33,3
1376746286,34,2
1376746804,34,2
1376746903,34,2
1376746907,33,3
1376747313,34,2
1376747385,35,1
1376747398,34,2
1376747662,34,2
1376748266,34,2
1376748692,34,2
1376749296,34,2
1376749604,34,2
1376749658,33,3
1376749978,32,4
1376750445,32,4
1376750493,35,1
1376751098,35,1
1376751274,34,2
1376751342,34,2
1376751396,34,2
1376751423,35,1
1376752026,35,1
1376752630,35,1
1376752723,35,1
1376753320,34,2
1376753466,35,1
1376753743,35,1
1376753747,34,2
1376754395,35,1
1376754821,34,2
1376755425,34,2
1376755644,34,2
1376755703,34,2
1376755808,35,1
1376756083,33,3
1376756497,33,3
1376756508,34,2
1376756611,35,1
1376757216,35,1
1376757639,34,2
1376758198,35,1
1376758806,34,2
1376758915,33,3
1376759065,32,4
1376759109,31,5
1376759713,31,5
1376759933,30,6
1376760537,30,6
1376761141,30,6
1376761406,29,7
1376761531,30,6
1376762134,30,6
1376762738,30,6
1376763342,30,6
1376763398,29,7
1376763409,28,8
1376763581,29,7
1376763936,30,6
1376764424,31,5
1376764479,31,5
1376764745,30,6
1376764930,29,7
1376765248,30,6
1376765551,29,7
1376765667,30,6
1376766271,30,6
1376766584,29,7
1376767196,30,6
1376767800,30,6
1376768083,31,5
1376768688,31,5
1376768784,32,4
1376769103,32,4
1376769158,33,3
1376769762,33,3
1376769939,35,1
1376770542,35,1
1376771144,34,2
1376771155,33,3
1376771430,32,4
1376772035,32,4
1376772639,32,4
1376773089,30,6
1376773480,29,7
1376773784,29,7
1376773824,30,6
1376773895,30,6
1376773962,30,6
1376774017,30,6
1376774077,30,6
1376774121,31,5
1376774678,32,4
1376774857,31,5
1376775460,31,5
1376775997,32,4
1376776601,32,4
1376776885,33,3
1376777489,33,3
1376778093,33,3
1376778478,32,4
1376779019,31,5
1376779623,31,5
1376780227,31,5
1376780831,31,5
1376781434,31,5
1376781804,32,4
1376782409,32,4
1376783012,32,4
1376783564,31,5
1376783924,31,5
1376783935,33,3
1376784539,33,3
1376785143,33,3
1376785747,33,3
1376786112,32,4
1376786716,32,4
1376787320,32,4
1376787923,32,4
1376788527,32,4
1376789131,32,4
1376789786,32,4
1376789905,32,4
1376789971,32,4
1376790575,32,4
1376791179,32,4
1376791223,32,4
1376791296,33,3
1376791364,34,2
1376791484,34,2
1376791838,35,1
1376792443,35,1
1376793046,35,1
1376793185,34,2
1376793789,34,2
1376794393,34,2
1376794998,34,2
1376795602,34,2
1376796003,33,3
1376796608,33,3
1376797212,33,3
1376797816,33,3
1376798420,33,3
1376799024,33,3
1376799627,33,3
1376800181,32,4
1376800786,32,4
1376801389,32,4
1376801993,32,4
1376802597,32,4
1376803200,32,4
1376803804,32,4
1376804136,33,3
1376804740,33,3
1376805344,33,3
1376805947,33,3
1376806551,33,3
1376807155,33,3
1376807759,33,3
1376808362,33,3
1376808966,33,3
1376809219,32,4
1376809698,33,3
1376809758,32,4
1376809994,33,3
1376810048,34,2
1376810205,34,2
1376810227,35,1
1376810831,35,1
1376811435,35,1
1376812038,35,1
1376812642,35,1
1376813246,35,1
1376813357,34,2
1376813521,35,1
1376814125,35,1
1376814729,35,1
1376815332,34,2
1376816008,34,2
1376816291,35,1
1376816896,35,1
1376817499,35,1
1376817960,36,0
1376818565,36,0
1376818941,35,1
1376819545,35,1
1376820149,35,1
1376820753,35,1
1376821356,35,1
1376821724,35,1
1376821727,36,0
1376822331,36,0
1376822935,36,0
1376823539,36,0
1376824143,35,1
1376824747,35,1
1376824805,36,0
1376825409,36,0
1376826013,36,0
1376826617,36,0
1376827221,36,0
1376827824,36,0
1376828428,36,0
1376829032,36,0
1376829636,36,0
1376829823,35,1
1376829847,35,1
1376829981,36,0
1376830142,34,2
1376830552,36,0
1376831157,36,0
1376831761,36,0
1376832388,35,1
1376832938,35,1
1376833004,34,2
