1376208250,8,11
1376208880,7,12
1376209000,7,12
1376209032,8,11
1376209636,8,11
1376210239,8,11
1376210309,6,13
1376210581,7,12
1376210978,6,13
1376211379,5,14
1376211721,6,13
1376212324,6,13
1376212408,5,14
1376212504,3,16
1376212869,2,17
1376213311,1,18
1376213673,3,16
1376213848,4,15
1376213989,3,16
1376214161,3,16
1376214188,4,15
1376214520,5,14
1376215124,5,14
1376215713,4,15
1376215777,5,14
1376216069,5,14
1376216191,5,14
1376216264,5,14
1376216308,7,12
1376216490,6,13
1376216563,6,13
1376216566,7,12
1376216800,8,11
1376216816,7,12
1376216903,8,11
1376217305,9,10
1376217508,8,11
1376217542,8,11
1376217730,9,10
1376218038,8,11
1376218422,7,12
1376218435,8,11
1376218596,7,12
1376218739,9,10
1376218939,10,9
1376219142,11,8
1376219439,11,8
1376219447,12,7
1376219560,12,7
1376219567,13,6
1376219669,15,4
1376219725,14,5
1376219782,12,7
1376219856,12,7
1376219903,12,7
1376219999,12,7
1376220104,13,6
1376220125,9,10
1376220219,9,10
1376220270,10,9
1376220595,9,10
1376220928,7,12
1376221326,6,13
1376221598,5,14
1376221685,2,17
1376221822,1,18
1376221869,1,18
1376221938,1,18
1376222074,0,19
1376222677,0,19
1376223281,0,19
1376223884,0,19
1376224014,1,18
1376224154,2,17
1376224289,2,17
1376224362,3,16
1376224421,2,17
1376224460,3,16
1376224530,3,16
1376224554,4,15
1376224657,5,14
1376224762,3,16
1376224836,4,15
1376225021,5,14
1376225148,4,15
1376225263,3,16
1376225633,2,17
1376226013,1,18
1376226617,1,18
1376226944,3,16
1376226991,4,15
1376227048,4,15
1376227236,4,15
1376227267,5,14
1376227473,6,13
1376228077,6,13
1376228143,5,14
1376228155,5,14
1376228379,6,13
1376228403,7,12
1376228994,8,11
1376229131,8,11
1376229215,9,10
1376229462,8,11
1376229570,7,12
1376230075,8,11
1376230722,6,13
1376230952,8,11
1376231126,6,13
1376231169,5,14
1376231240,6,13
1376231504,4,15
1376231555,4,15
1376231570,4,15
1376232173,4,15
1376232387,3,16
1376232498,4,15
1376232583,2,17
1376232624,3,16
1376232688,4,15
1376232755,4,15
1376232790,5,14
1376232940,4,15
1376232966,3,16
1376233331,3,16
1376233422,1,18
1376233443,1,18
1376233537,1,18
1376233553,1,18
1376233655,1,18
1376233718,1,18
1376233747,1,18
1376233791,4,15
1376233896,3,16
1376233931,2,17
1376234272,2,17
1376234378,3,16
1376234416,3,16
1376234459,4,15
1376234564,4,15
1376234617,5,14
1376234648,6,13
1376235251,6,13
1376235397,7,12
1376235444,7,12
1376235514,7,12
1376235635,7,12
1376235669,8,11
1376235727,8,11
1376235817,8,11
1376235845,9,10
1376235934,9,10
1376235946,10,9
1376236050,11,8
1376236154,12,7
1376236364,12,7
1376236415,12,7
1376236581,12,7
1376236661,13,6
1376236703,15,3
1376236741,16,3
1376236845,17,2
1376236860,16,3
1376236910,16,3
1376236994,17,2
1376237078,17,2
1376237115,17,2
1376237516,18,1
1376237682,18,1
1376237685,17,2
1376238288,17,2
1376238825,16,3
1376239009,16,3
1376239093,16,3
1376239181,15,4
1376239188,16,3
1376239321,17,2
1376239925,17,2
1376240247,17,2
1376240282,19,0
1376240423,18,1
1376240503,19,0
1376240608,17,2
1376241117,18,1
1376241720,18,1
1376242148,16,3
1376242317,17,2
1376242921,17,2
1376243127,16,3
1376243210,15,4
1376243287,16,3
1376243432,15,4
1376243531,15,4
1376243584,16,3
1376243809,15,4
1376244109,14,5
1376244274,14,5
1376244634,15,4
1376244969,15,4
1376245007,16,3
1376245119,17,2
1376245229,16,3
1376245248,16,3
1376245350,16,3
1376245700,17,2
1376245763,17,2
1376245837,19,0
1376246440,19,0
1376247044,19,0
1376247570,18,1
1376247824,17,2
1376248427,17,2
1376248663,18,1
1376248775,19,0
1376248948,18,1
1376249551,18,1
1376249971,17,2
1376250275,18,1
1376250517,17,2
1376250830,16,3
1376250985,17,2
1376251589,17,2
1376252193,17,2
1376252796,17,2
1376253399,17,2
1376254003,17,2
1376254388,18,1
1376254992,18,1
1376255595,18,1
1376256199,18,1
1376256802,18,1
1376257107,19,0
1376257711,19,0
1376258314,19,0
1376258918,19,0
1376259521,19,0
1376260125,19,0
1376260728,19,0
1376260842,19,0
1376260844,18,1
1376260976,19,0
1376261580,19,0
1376262183,19,0
1376262787,19,0
1376263390,19,0
1376263994,19,0
1376264598,19,0
1376265201,19,0
1376265804,19,0
1376266408,19,0
1376267011,19,0
1376267615,19,0
1376268219,19,0
1376268822,19,0
1376269425,19,0
1376270029,19,0
1376270632,19,0
1376271236,19,0
1376271732,19,0
1376272336,19,0
1376272939,19,0
1376273543,19,0
1376274146,19,0
1376274750,19,0
1376275353,19,0
1376275957,19,0
1376276561,19,0
1376276706,18,1
1376277309,18,1
1376277913,18,1
1376278516,18,1
1376279120,18,1
1376279523,17,2
1376280126,17,2
1376280730,17,2
1376281333,17,2
1376281792,16,3
1376282161,17,2
1376282764,17,2
1376283368,17,2
1376283548,16,3
1376283699,15,4
1376284302,15,4
1376284906,15,4
1376285118,14,5
1376285280,15,4
1376285442,15,4
1376285445,14,5
1376285656,13,6
1376286259,13,6
1376286638,12,7
1376287157,11,8
1376287282,10,9
1376287839,11,8
1376287867,10,9
1376287930,11,8
1376288551,12,7
1376288604,12,7
1376288675,11,8
1376288829,10,9
1376288904,11,8
1376288955,12,7
1376289150,13,6
1376289398,13,6
1376289434,13,6
1376289510,13,6
1376289613,13,6
1376289699,12,7
1376289730,12,7
1376289813,12,7
1376289880,13,6
1376289905,13,6
1376290050,12,7
1376290523,14,5
1376290759,14,5
1376290792,15,4
1376290898,16,3
1376290917,17,2
1376291083,17,2
1376291179,16,3
1376291423,16,3
1376291501,17,2
1376291504,16,3
1376291613,18,1
1376291894,19,0
1376291952,18,1
1376292120,17,2
1376292627,16,3
1376292699,16,2
1376292721,15,3
1376292853,16,2
1376293345,15,3
1376293594,16,2
1376294019,17,2
1376294622,17,2
1376295099,18,1
1376295703,18,1
1376296306,18,1
1376296631,18,1
1376297203,18,1
1376297205,17,2
1376297415,18,1
1376297944,17,2
1376298360,16,3
1376298963,16,3
1376299350,15,4
1376299491,14,5
1376300095,14,5
1376300717,16,3
1376301304,17,2
1376301761,17,1
1376301775,18,1
1376301843,19,0
1376302446,19,0
1376302918,18,1
1376303133,17,2
1376303379,15,4
1376303558,14,5
1376303741,15,4
1376303798,16,3
1376304401,16,3
1376304853,14,5
1376304935,15,4
1376305538,15,4
1376306073,14,5
1376306254,15,4
1376306711,12,7
1376307059,11,8
1376307518,12,7
1376307748,12,7
1376307819,12,7
1376307853,13,6
1376307926,14,5
1376307991,15,4
1376308594,15,4
1376308957,15,4
1376308989,16,3
1376309493,17,2
1376309730,16,3
1376310077,17,2
1376310340,18,1
1376310520,19,0
1376311123,19,0
1376311727,19,0
1376312330,19,0
1376312934,19,0
1376313100,18,1
1376313704,18,1
1376314357,19,0
1376314638,18,1
1376315156,19,0
1376315353,16,3
1376315957,16,3
1376316461,16,3
1376316559,17,2
1376317177,18,1
1376317781,18,1
1376318382,18,1
1376318384,19,0
1376318918,18,1
1376319014,17,2
1376319205,19,0
1376319308,18,1
1376319912,18,1
1376320258,16,3
1376320405,17,2
1376320816,16,3
1376321070,15,4
1376321199,14,5
1376321301,15,4
1376321701,16,3
1376321793,15,4
1376321829,14,5
1376321919,13,6
1376321953,12,7
1376321999,11,8
1376322218,9,10
1376322822,9,10
1376322982,10,9
1376323034,11,8
1376323172,10,9
1376323229,10,9
1376323256,10,9
1376323477,11,8
1376323530,13,6
1376323584,14,5
1376323639,16,3
1376324016,17,2
1376324105,16,3
1376324180,15,4
1376324394,16,3
1376324485,17,2
1376324774,19,0
1376325377,19,0
1376325418,18,1
1376325553,17,2
1376325683,18,1
1376325879,18,1
1376325932,19,0
1376326183,18,1
1376326199,19,0
1376326802,19,0
1376327117,18,1
1376327305,17,2
1376327331,16,3
1376327440,15,4
1376327489,13,6
1376327663,13,6
1376327695,14,5
1376328000,15,4
1376328214,15,4
1376328277,16,3
1376328329,19,0
1376328933,19,0
1376329059,17,2
1376329150,16,3
1376329240,15,4
1376329293,16,3
1376329384,15,4
1376329437,16,3
1376329543,17,2
1376329545,16,3
1376330171,15,4
1376330262,13,6
1376330339,12,7
1376330440,13,6
1376330776,12,7
1376330921,12,7
1376330930,13,6
1376331098,13,6
1376331107,14,5
1376331344,14,5
1376331346,15,4
1376331407,14,5
1376331757,15,4
1376332239,15,4
1376332381,16,3
1376332621,17,2
1376332699,18,1
1376332744,17,2
1376333259,17,2
1376333770,16,3
1376333822,15,4
1376334296,16,3
1376334900,16,3
1376335293,15,4
1376335400,16,3
1376335478,18,1
1376335523,19,0
1376336127,19,0
1376336403,18,1
1376336659,19,0
1376337262,19,0
1376337565,19,0
1376338168,19,0
1376338721,18,1
1376339281,18,1
1376339723,19,0
1376340133,18,1
1376340213,17,2
1376340816,17,2
1376341420,17,2
1376341585,15,4
1376342015,16,3
1376342455,17,2
1376342813,18,1
1376343416,18,1
1376344020,18,1
1376344303,18,1
1376344305,19,0
1376344868,18,1
1376345410,19,0
1376346013,19,0
1376346617,19,0
1376347220,19,0
1376347824,19,0
1376348427,19,0
1376349031,19,0
1376349635,19,0
1376350238,19,0
1376350842,19,0
1376351114,18,1
1376351717,18,1
1376352321,18,1
1376352924,18,1
1376353528,18,1
1376354131,18,1
1376354735,18,1
1376355153,17,2
1376355169,17,2
1376355773,17,2
1376356376,17,2
1376356980,17,2
1376357583,17,2
1376358132,18,1
1376358736,18,1
1376359339,18,1
1376359943,18,1
1376360546,18,1
1376361150,18,1
1376361474,17,2
1376362077,17,2
1376362681,17,2
1376363284,17,2
1376363888,17,2
1376364492,17,2
1376365095,17,2
1376365699,17,2
1376366302,17,2
1376366906,17,2
1376367509,17,2
1376368113,17,2
1376368208,16,3
1376368422,16,3
1376368424,17,2
1376369028,17,2
1376369632,17,2
1376369983,15,4
1376370586,15,4
1376370703,15,4
1376370705,16,3
1376371308,16,3
1376371673,17,2
1376372298,18,1
1376372902,18,1
1376373076,16,3
1376373690,14,5
1376373789,14,5
1376373880,15,4
1376374484,15,4
1376374782,13,6
1376375091,14,5
1376375261,14,5
1376375271,16,3
1376375355,15,4
1376375460,14,5
1376375611,13,6
1376375635,14,5
1376375838,15,4
1376376020,13,6
1376376142,13,6
1376376200,15,4
1376376289,14,5
1376376522,15,4
1376376563,14,5
1376376760,14,5
1376376814,15,4
1376376873,14,5
1376376911,15,4
1376377016,16,3
1376377196,17,2
1376377392,18,1
1376377770,19,0
1376378374,19,0
1376378723,17,2
1376378902,19,0
1376379515,18,1
1376379783,17,2
1376380177,18,1
1376380568,19,0
1376381172,19,0
1376381775,19,0
1376382378,19,0
1376382982,19,0
1376383281,18,1
1376383418,19,0
1376384022,19,0
1376384626,19,0
1376385229,19,0
1376385833,19,0
1376386203,18,1
1376386807,18,1
1376387221,17,2
1376387618,17,2
1376387660,18,1
1376388264,18,1
1376388868,18,1
1376389471,18,1
1376390075,18,1
1376390375,19,0
1376390620,18,0
1376390652,18,1
1376390871,19,0
1376391475,19,0
1376392078,19,0
1376392636,18,1
1376393240,18,1
1376393634,17,2
1376394237,17,2
1376394840,17,2
1376395132,16,3
1376395736,16,3
1376396382,16,3
1376396391,17,2
1376396613,16,3
1376397216,16,3
1376397811,17,2
1376397996,18,1
1376398600,18,1
1376398839,18,1
1376398849,17,2
1376399453,17,2
1376399681,17,2
1376399684,18,1
1376399881,19,0
1376400225,19,0
1376400828,19,0
1376401432,19,0
1376402035,19,0
1376402639,19,0
1376403242,19,0
1376403846,19,0
1376404449,19,0
1376404542,18,1
1376404570,16,3
1376404720,15,4
1376404858,16,3
1376405014,15,4
1376405356,16,3
1376405395,17,2
1376405799,18,1
1376405829,19,0
1376405972,18,1
1376406052,17,2
1376406283,17,2
1376406285,16,3
1376406367,15,4
1376406570,14,5
1376406608,13,6
1376407017,14,5
1376407273,15,4
1376407539,14,5
1376407620,13,6
1376407687,14,5
1376407743,15,4
1376408347,15,4
1376408533,16,3
1376408836,15,4
1376409162,17,2
1376409221,17,2
1376409232,18,1
1376409613,17,2
1376409883,17,2
1376409885,18,1
1376410058,18,1
1376410072,19,0
1376410647,19,0
1376411251,19,0
1376411503,19,0
1376412106,19,0
1376412173,18,1
1376412245,19,0
1376412849,19,0
1376412991,18,1
1376413050,18,1
1376413068,18,1
1376413179,18,1
1376413187,19,0
1376413550,18,1
1376413941,19,0
1376414009,18,1
1376414612,18,1
1376414637,19,0
1376414767,18,1
1376414851,19,0
1376415455,19,0
1376415990,18,1
1376416014,19,0
1376416147,18,1
1376416750,18,1
1376417354,18,1
1376417634,17,2
1376417803,17,2
1376417826,17,2
1376417912,17,2
1376417942,18,1
1376418075,19,0
1376418630,18,1
1376418750,19,0
1376419354,19,0
1376419957,19,0
1376420561,19,0
1376421164,19,0
1376421768,19,0
1376422371,19,0
1376422989,19,0
1376423593,19,0
1376424196,19,0
1376424800,19,0
1376425403,19,0
1376426006,19,0
1376426610,19,0
1376426741,19,0
1376426743,18,1
1376427347,18,1
1376427950,18,1
1376428076,17,2
1376428203,17,2
1376428291,17,2
1376428359,18,1
1376428637,19,0
1376429241,19,0
1376429844,19,0
1376430123,18,1
1376430626,17,2
1376431229,17,2
1376431775,17,2
1376431837,18,1
1376432440,18,1
1376433044,18,1
1376433647,18,1
1376434251,18,1
1376434855,18,1
1376435458,18,1
1376436061,18,1
1376436665,18,1
1376437269,18,1
1376437873,18,1
1376438476,18,1
1376439080,18,1
1376439683,18,1
1376440176,17,2
1376440191,16,3
1376440795,16,3
1376441398,16,3
1376441919,15,4
1376441981,15,4
1376442013,16,3
1376442102,15,4
1376442105,16,3
1376442708,16,3
1376443311,16,3
1376443915,16,3
1376444540,16,3
1376444578,17,2
1376445181,17,2
1376445785,17,2
1376446389,17,2
1376446992,17,2
1376447595,17,2
1376448199,17,2
1376448803,17,2
1376449406,17,2
1376450010,17,2
1376450613,17,2
1376451217,17,2
1376451820,17,2
1376452424,17,2
1376453027,17,2
1376453631,17,2
1376454234,17,2
1376454579,16,3
1376454996,17,2
1376455076,16,3
1376455680,16,3
1376456215,15,4
1376456335,14,5
1376456603,13,6
1376456844,14,5
1376457448,14,5
1376458051,14,5
1376458654,14,5
1376458691,15,4
1376459003,14,5
1376459072,13,6
1376459161,12,7
1376459358,13,6
1376459617,12,7
1376460220,12,7
1376460476,11,8
1376460816,11,8
1376461102,12,7
1376461267,13,6
1376461780,12,7
1376462009,13,6
1376462076,14,5
1376462235,13,6
1376462314,14,5
1376462340,15,4
1376462443,16,3
1376462503,16,3
1376462514,17,2
1376462589,18,1
1376462908,17,2
1376462940,16,3
1376462999,17,2
1376463272,19,0
1376463580,18,1
1376463609,18,1
1376463986,19,0
1376464590,19,0
1376464859,18,1
1376465143,18,1
1376465164,18,1
1376465262,18,1
1376465264,19,0
1376465407,18,1
1376466010,18,1
1376466102,17,2
1376466134,19,0
1376466249,18,1
1376466497,19,0
1376467100,19,0
1376467704,19,0
1376468304,18,1
1376468736,17,2
1376468801,17,1
1376468804,18,1
1376468886,19,0
1376469489,19,0
1376470092,19,0
1376470569,18,1
1376470959,17,2
1376470975,15,4
1376471471,16,3
1376472075,16,3
1376472618,15,4
1376472817,15,4
1376472863,17,2
1376473340,18,1
1376473943,18,1
1376474547,18,1
1376475150,18,1
1376475754,18,1
1376476357,18,1
1376476723,19,0
1376477326,19,0
1376477799,18,1
1376478041,18,1
1376478048,19,0
1376478652,19,0
1376478844,18,1
1376479447,18,1
1376479529,19,0
1376479557,18,1
1376479693,19,0
1376480296,19,0
1376480900,19,0
1376481504,19,0
1376481869,18,1
1376482473,18,1
1376482576,16,3
1376483179,16,3
1376483783,16,3
1376484126,17,2
1376484730,17,2
1376485223,18,1
1376485827,18,1
1376486430,18,1
1376487034,18,1
1376487637,18,1
1376488241,18,1
1376488844,18,1
1376489448,18,1
1376490051,18,1
1376490151,17,2
1376490575,15,4
1376490718,14,5
1376491353,13,6
1376491392,14,5
1376492004,15,4
1376492352,13,6
1376492956,13,6
1376493081,14,5
1376493117,15,4
1376493275,16,3
1376493606,15,4
1376493659,16,3
1376494038,14,5
1376494641,14,5
1376494801,15,4
1376495128,14,5
1376495199,14,5
1376495228,16,3
1376495528,15,4
1376495800,16,3
1376496089,16,3
1376496133,15,4
1376496331,16,3
1376496478,17,2
1376496544,18,1
1376497148,18,1
1376497721,19,0
1376497842,19,0
1376497844,18,1
1376498005,16,3
1376498472,17,2
1376498521,19,0
1376499088,18,1
1376499245,19,0
1376499848,19,0
1376500452,19,0
1376501055,19,0
1376501470,18,1
1376501550,19,0
1376501720,18,1
1376502025,19,0
1376502163,18,1
1376502222,17,2
1376502303,16,3
1376502637,16,3
1376502668,18,1
1376503040,17,2
1376503302,17,2
1376503349,19,0
1376503952,19,0
1376504556,19,0
1376505160,19,0
1376505219,18,1
1376505822,18,1
1376506054,19,0
1376506532,19,0
1376506556,18,1
1376506899,19,0
1376507503,19,0
1376508033,18,1
1376508319,19,0
1376508805,18,1
1376509409,18,1
1376510012,18,1
1376510616,18,1
1376511220,18,1
1376511823,18,1
1376512229,17,2
1376512280,16,3
1376512349,16,3
1376512952,16,3
1376513147,15,4
1376513409,16,3
1376513919,16,3
1376513927,17,2
1376514530,17,2
1376515158,18,1
1376515391,19,0
1376515497,18,1
1376515945,19,0
1376516548,19,0
1376517152,19,0
1376517756,19,0
1376518242,19,0
1376518245,18,1
1376518848,18,1
1376519340,17,2
1376519792,18,1
1376520396,18,1
1376520999,18,1
1376521303,19,0
1376521906,19,0
1376522509,19,0
1376523113,19,0
1376523601,18,1
1376524205,18,1
1376524808,18,1
1376525412,18,1
1376526016,18,1
1376526317,16,3
1376526920,16,3
1376527524,16,3
1376528127,16,3
1376528731,16,3
1376529335,16,3
1376529938,16,3
1376530422,17,2
1376530928,17,2
1376531021,17,2
1376531596,17,2
1376531668,17,1
1376531703,17,1
1376531751,18,1
1376532354,18,1
1376532958,18,1
1376533561,18,1
1376534165,18,1
1376534768,18,1
1376535372,18,1
1376535975,18,1
1376536579,18,1
1376536787,17,2
1376537391,17,2
1376537995,17,2
1376538598,17,2
1376538646,16,3
1376539250,16,3
1376539853,16,3
1376540457,16,3
1376541060,16,3
1376541238,15,4
1376541841,15,4
1376542445,15,4
1376542623,16,3
1376543226,16,3
1376543830,16,3
1376544433,16,3
1376545037,16,3
1376545334,15,4
1376545938,15,4
1376546244,14,5
1376546848,14,5
1376547451,14,5
1376548055,14,5
1376548087,15,4
1376548215,15,4
1376548246,15,4
1376548351,15,4
1376548387,15,4
1376548456,15,4
1376548496,17,2
1376548580,16,3
1376548635,17,2
1376549009,18,1
1376549612,18,1
1376549854,18,1
1376549901,19,0
1376550087,18,1
1376550691,18,1
1376551294,18,1
1376551631,19,0
1376552235,19,0
1376552311,18,1
1376552363,17,2
1376552491,16,3
1376553094,16,3
1376553138,17,2
1376553342,16,3
1376553491,15,4
1376553582,15,4
1376553591,16,3
1376554194,16,3
1376554419,16,3
1376554645,17,2
1376554749,16,3
1376554788,16,3
1376555391,16,3
1376555995,16,3
1376556398,15,4
1376556791,14,5
1376557394,14,5
1376557998,14,5
1376558165,13,6
1376558803,14,5
1376558805,15,4
1376558903,14,5
1376558978,14,5
1376558989,15,4
1376559233,16,3
1376559544,17,2
1376559631,16,3
1376559816,15,4
1376560419,15,4
1376560686,13,6
1376561290,13,6
1376561383,13,6
1376561385,12,7
1376561578,13,6
1376562182,13,6
1376562417,14,5
1376562556,12,7
1376563160,12,7
1376563286,13,6
1376563362,13,6
1376563365,14,5
1376563968,14,5
1376564295,13,6
1376564659,13,6
1376564886,13,6
1376564980,15,4
1376565034,16,3
1376565094,17,2
1376565218,17,2
1376565246,18,1
1376565476,17,2
1376565658,16,3
1376566213,17,2
1376566828,15,4
1376566943,14,5
1376567077,15,4
1376567133,16,3
1376567256,18,1
1376567318,18,0
1376567377,18,1
1376567403,19,0
1376567619,18,1
1376567630,17,2
1376567922,17,2
1376567924,18,1
1376568422,17,2
1376568480,16,3
1376569083,16,3
1376569141,15,4
1376569475,15,4
1376569912,14,5
1376570550,15,4
1376570581,14,5
1376570963,14,5
1376571033,14,5
1376571092,14,5
1376571159,15,4
1376571219,15,4
1376571255,16,3
1376571570,15,4
1376571631,14,5
1376571752,15,4
1376571924,14,5
1376572082,15,4
1376572151,16,3
1376572288,18,1
1376572451,19,0
1376573054,19,0
1376573300,18,1
1376573482,19,0
1376573797,18,1
1376573852,17,2
1376573970,18,1
1376574013,18,1
1376574326,17,2
1376574522,18,1
1376574568,19,0
1376574943,18,1
1376575483,19,0
1376576022,18,1
1376576082,17,2
1376576195,16,3
1376576221,16,3
1376576314,15,4
1376576471,16,3
1376577074,16,3
1376577267,15,4
1376577426,14,5
1376578030,14,5
1376578560,15,4
1376579164,15,4
1376579261,15,4
1376579264,14,5
1376579363,12,7
1376579443,14,5
1376579499,15,4
1376579518,13,6
1376579660,14,5
1376579798,13,6
1376580245,14,5
1376580606,15,4
1376580818,15,4
1376580828,16,3
1376581114,15,4
1376581167,15,4
1376581226,15,4
1376581287,14,5
1376581321,14,5
1376581418,15,4
1376581464,16,3
1376581920,17,2
1376582523,17,2
1376582589,16,3
1376583002,17,2
1376583203,19,0
1376583822,17,2
1376583848,15,4
1376583985,16,3
1376584016,16,3
1376584083,17,2
1376584146,17,2
1376584202,18,1
1376584834,19,0
1376585138,18,1
1376585303,19,0
1376585923,18,1
1376585925,17,2
1376586521,18,1
1376587096,17,2
1376587242,17,2
1376587250,19,0
1376587599,18,1
1376587607,19,0
1376588211,19,0
1376588597,17,2
1376588961,16,3
1376589454,16,3
1376589519,16,3
1376589571,16,3
1376589638,16,3
1376589703,17,2
1376589714,18,1
1376589912,17,2
1376590081,18,1
1376590193,19,0
1376590464,19,0
1376590602,18,1
1376590650,18,1
1376590722,19,0
1376590903,19,0
1376590905,18,1
1376591471,17,2
1376591683,16,3
1376591742,15,3
1376591802,15,4
1376591819,15,4
1376592058,16,3
1376592218,15,4
1376592342,15,4
1376592385,16,3
1376592817,18,1
1376593276,19,0
1376593879,19,0
1376593999,18,1
1376594603,18,1
1376595055,18,1
1376595658,18,1
1376595812,17,2
1376595829,17,2
1376596433,17,2
1376596912,18,1
1376597070,17,2
1376597383,18,1
1376597647,19,0
1376598250,19,0
1376598854,19,0
1376599457,19,0
1376599700,16,3
1376600304,16,3
1376600648,15,4
1376600794,15,4
1376600806,16,3
1376600909,16,3
1376600971,16,3
1376600984,16,3
1376601582,16,3
1376601590,17,2
1376602194,17,2
1376602797,17,2
1376603401,17,2
1376603660,18,1
1376603980,18,1
1376603992,19,0
1376604595,19,0
1376605199,19,0
1376605802,19,0
1376606406,19,0
1376607009,19,0
1376607425,18,1
1376608029,18,1
1376608251,17,2
1376608423,18,1
1376609027,18,1
1376609127,17,2
1376609731,17,2
1376610334,17,2
1376610938,17,2
1376611541,17,2
1376612145,17,2
1376612698,17,2
1376612790,16,3
1376612815,15,4
1376613418,15,4
1376614022,15,4
1376614625,15,4
1376615229,15,4
1376615832,15,4
1376616436,15,4
1376617039,15,4
1376617335,15,4
1376617939,15,4
1376618542,15,4
1376619146,15,4
1376619749,15,4
1376620353,15,4
1376620956,15,4
1376621560,15,4
1376622164,15,4
1376622767,15,4
1376623370,15,4
1376623974,15,4
1376624578,15,4
1376625181,15,4
1376625785,15,4
1376626388,15,4
1376626992,15,4
1376627595,15,4
1376628199,15,4
1376628802,15,4
1376629406,15,4
1376630009,15,4
1376630613,15,4
1376631140,16,3
1376631630,15,4
1376632234,15,4
1376632786,14,5
1376632869,15,4
1376633442,14,5
1376634046,14,5
1376634320,15,4
1376634924,15,4
1376635169,16,3
1376635282,17,2
1376635334,17,2
1376635836,16,3
1376636065,17,2
1376636302,18,1
1376636779,19,0
1376637383,19,0
1376637986,19,0
1376638589,19,0
1376639193,19,0
1376639797,19,0
1376639997,18,1
1376640600,18,1
1376641204,18,1
1376641637,19,0
1376642182,18,1
1376642310,17,2
1376642604,15,4
1376643208,15,4
1376643811,15,4
1376644197,15,4
1376644283,14,5
1376644415,13,6
1376644441,12,7
1376644535,12,7
1376644656,13,6
1376644720,15,4
1376645220,16,3
1376645456,17,2
1376645613,16,3
1376645797,17,2
1376645858,17,2
1376646387,19,0
1376646990,19,0
1376647594,19,0
1376647801,18,1
1376648296,17,2
1376648477,19,0
1376648667,17,2
1376648838,19,0
1376649442,19,0
1376650045,19,0
1376650649,19,0
1376651253,19,0
1376651706,18,1
1376652310,18,1
1376652806,17,2
1376652935,18,1
1376652956,19,0
1376653559,19,0
1376653867,18,1
1376654478,19,0
1376654843,18,1
1376655446,18,1
1376656050,18,1
1376656236,18,1
1376656246,19,0
1376656731,18,1
1376657335,18,1
1376657938,18,1
1376658542,18,1
1376658804,19,0
1376659408,19,0
1376660011,19,0
1376660615,19,0
1376661218,19,0
1376661640,18,1
1376662144,17,2
1376662569,16,3
1376663040,15,4
1376663643,15,4
1376664247,15,4
1376664850,15,4
1376665034,13,6
1376665091,12,7
1376665694,12,7
1376666298,12,7
1376666476,12,7
1376666522,14,5
1376666955,13,6
1376667193,14,5
1376667240,15,4
1376667338,16,3
1376667633,17,2
1376667750,17,2
1376668203,18,1
1376668315,17,2
1376668536,18,1
1376668706,19,0
1376669284,18,1
1376669887,18,1
1376670025,19,0
1376670221,18,1
1376670280,16,3
1376670581,15,4
1376670584,16,3
1376670718,15,4
1376670813,15,4
1376670852,15,4
1376670885,15,4
1376671119,15,4
1376671211,16,3
1376671767,15,4
1376672137,14,5
1376672273,14,5
1376672354,15,4
1376672416,16,3
1376672594,17,2
1376672972,18,1
1376672999,19,0
1376673240,17,2
1376673435,16,3
1376673691,14,5
1376673979,15,4
1376674063,15,4
1376674065,16,3
1376674669,16,3
1376675272,16,3
1376675489,17,2
1376675551,16,3
1376676034,15,4
1376676637,15,4
1376677184,16,3
1376677829,17,2
1376677866,18,1
1376678084,18,1
1376678110,16,3
1376678442,16,3
1376678492,16,3
1376678547,17,2
1376678646,16,3
1376678698,17,2
1376679302,17,2
1376679905,17,2
1376680509,17,2
1376681112,17,2
1376681624,17,2
1376681631,18,1
1376682156,17,2
1376682759,17,2
1376682836,18,1
1376683440,18,1
1376684043,18,1
1376684647,18,1
1376685165,18,1
1376685768,18,1
1376686020,19,0
1376686623,19,0
1376687227,19,0
1376687830,19,0
1376688434,19,0
1376689037,19,0
1376689583,19,0
1376690187,19,0
1376690790,19,0
1376691394,19,0
1376691997,19,0
1376692600,19,0
1376693204,19,0
1376693808,19,0
1376694411,19,0
1376695015,19,0
1376695618,19,0
1376696222,19,0
1376696720,18,1
1376697323,18,1
1376697443,17,2
1376697559,15,4
1376697942,15,4
1376697968,16,3
1376698571,16,3
1376698995,15,4
1376699598,15,4
1376699657,15,4
1376699742,15,4
1376699744,16,3
1376700347,16,3
1376700944,16,3
1376701547,16,3
1376701819,15,4
1376701931,15,4
1376702004,14,5
1376702608,14,5
1376703211,14,5
1376703823,13,6
1376703866,13,6
1376704144,11,8
1376704747,11,8
1376705351,11,8
1376705954,11,8
1376706557,11,8
1376707161,11,8
1376707764,11,8
1376708368,11,8
1376708909,10,9
1376708972,10,9
1376709008,11,8
1376709611,11,8
1376710215,11,8
1376710818,11,8
1376711422,11,8
1376712025,11,8
1376712629,11,8
1376713232,11,8
1376713289,12,7
1376713892,12,7
1376714196,12,7
1376714262,13,6
1376714865,13,6
1376715469,13,6
1376716072,13,6
1376716676,13,6
1376717279,13,6
1376717883,13,6
1376718487,13,6
1376718618,12,7
1376719200,11,8
1376719681,10,9
1376720285,10,9
1376720888,10,9
1376721492,10,9
1376721698,11,8
1376722083,12,7
1376722391,13,6
1376722663,13,6
1376722666,14,5
1376723054,15,4
1376723657,15,4
1376724261,15,4
1376724612,14,5
1376725216,14,5
1376725819,14,5
1376726282,14,5
1376726365,14,5
1376726407,15,4
1376727011,15,4
1376727615,15,4
1376728218,15,4
1376728302,15,4
1376728371,16,3
1376728474,17,2
1376728530,18,1
1376728597,19,0
1376729200,19,0
1376729804,19,0
1376730407,19,0
1376730519,18,1
1376731123,18,1
1376731422,19,0
1376731657,18,1
1376731705,18,1
1376731757,19,0
1376732025,18,1
1376732632,17,2
1376733236,17,2
1376733840,17,2
1376734001,18,1
1376734039,17,2
1376734643,17,2
1376735246,17,2
1376735337,18,1
1376735702,19,0
1376736306,19,0
1376736944,19,0
1376736946,19,0
1376737549,19,0
1376738153,19,0
1376738756,19,0
1376739242,18,1
1376739845,18,1
1376739907,19,0
1376740438,18,1
1376741041,18,1
1376741645,18,1
1376742223,18,1
1376742266,18,1
1376742444,19,0
1376742504,18,1
1376743107,18,1
1376743627,17,2
1376744080,16,3
1376744226,15,4
1376744365,12,7
1376744670,11,8
1376745273,11,8
1376745882,10,9
1376745921,11,8
1376746320,10,9
1376746923,10,9
1376747187,9,10
1376747500,9,10
1376748104,9,10
1376748707,9,10
1376748866,10,9
1376748894,11,8
1376749265,11,8
1376749313,12,7
1376749494,11,8
1376749586,11,8
1376749704,12,7
1376750081,11,8
1376750685,11,8
1376750786,10,9
1376750854,10,9
1376750943,10,9
1376751041,10,9
1376751099,10,9
1376751225,10,9
1376751228,11,8
1376751831,11,8
1376751923,11,8
1376751960,12,7
1376752065,11,8
1376752101,13,6
1376752171,14,5
1376752302,15,4
1376752362,15,4
1376752417,16,3
1376752468,16,3
1376752538,16,3
1376752583,17,2
1376753178,18,1
1376753798,17,1
1376753839,17,2
1376753984,18,1
1376754311,17,2
1376754483,18,1
1376754686,17,2
1376755005,17,2
1376755017,19,0
1376755458,17,2
1376756061,17,2
1376756181,17,2
1376756301,17,1
1376756359,17,1
1376756441,18,0
1376756453,19,0
1376756796,18,1
1376757018,17,2
1376757428,16,3
1376757700,17,2
1376757882,18,1
1376757902,19,0
1376758390,18,1
1376758614,17,2
1376758736,18,1
1376758842,18,1
1376758850,19,0
1376759454,19,0
1376759512,18,1
1376759579,19,0
1376759745,19,0
1376759747,18,1
1376759901,19,0
1376760504,19,0
1376760735,18,1
1376761116,18,1
1376761145,19,0
1376761748,19,0
1376762352,19,0
1376762875,18,1
1376762998,17,2
1376763601,17,2
1376764204,17,2
1376764507,18,1
1376765111,18,1
1376765714,18,1
1376766136,18,1
1376766199,19,0
1376766802,19,0
1376767406,19,0
1376768009,19,0
1376768614,19,0
1376768998,18,1
1376769365,19,0
1376769968,19,0
1376770331,18,1
1376770706,17,2
1376771316,16,3
1376771919,16,3
1376772523,16,3
1376772886,16,3
1376772893,17,2
1376773132,16,3
1376773196,15,4
1376773800,15,4
1376773962,17,2
1376774067,17,2
1376774144,17,2
1376774200,17,2
1376774259,18,1
1376774863,18,1
1376774924,18,1
1376774973,18,1
1376775010,19,0
1376775613,19,0
1376776217,19,0
1376776820,19,0
1376777424,19,0
1376778028,19,0
1376778631,19,0
1376779235,19,0
1376779838,19,0
1376780442,19,0
1376781046,19,0
1376781356,18,1
1376781959,18,1
1376782316,17,2
1376782708,16,3
1376783312,16,3
1376783915,16,3
1376784519,16,3
1376785122,16,3
1376785291,15,4
1376785895,15,4
1376786498,15,4
1376786745,14,5
1376787102,10,9
1376787113,9,10
1376787284,10,9
1376787759,9,10
1376787942,8,11
1376788006,8,10
1376788045,9,10
1376788109,10,9
1376788713,10,9
1376789316,10,9
1376789505,9,10
1376789531,8,11
1376790136,8,11
1376790740,8,11
1376791083,6,13
1376791687,6,13
1376792291,6,13
1376792342,7,12
1376792923,5,14
1376793527,5,14
1376794131,5,14
1376794734,5,14
1376794934,5,14
1376795010,6,13
1376795613,6,13
1376796216,6,13
1376796820,6,13
1376797424,6,13
1376798027,6,13
1376798631,6,13
1376799104,5,14
1376799170,5,14
1376799774,5,14
1376800378,5,14
1376800665,6,13
1376801268,6,13
1376801871,6,13
1376802475,6,13
1376803079,6,13
1376803682,6,13
1376804286,6,13
1376804595,5,14
1376805061,4,15
1376805665,4,15
1376806063,5,14
1376806666,5,14
1376807270,5,14
1376807873,5,14
1376808477,5,14
1376809080,5,14
1376809684,5,14
1376809879,6,13
1376810482,6,13
1376811086,6,13
1376811690,6,13
1376811807,8,11
1376811991,7,12
1376812339,8,11
1376812943,8,11
1376813546,8,11
1376813626,8,10
1376813666,9,10
1376813731,10,9
1376813788,11,8
1376813846,11,7
1376813914,12,6
1376814518,12,7
1376815121,12,7
1376815724,12,7
1376816328,12,7
1376816594,12,7
1376817198,12,7
1376817324,11,8
1376817927,11,8
1376817969,12,7
1376818122,12,7
1376818129,13,6
1376818272,12,7
1376818380,13,6
1376818983,13,6
1376819421,12,7
1376820025,12,7
1376820314,13,6
1376820917,13,6
1376821410,14,5
1376821786,14,5
1376822390,13,6
1376822993,13,6
1376823597,13,6
1376824065,13,6
1376824109,14,5
1376824277,15,4
1376824880,15,4
1376824965,16,3
1376825080,15,4
1376825683,15,4
1376826105,16,3
1376826110,17,2
1376826713,17,2
1376827317,17,2
1376827483,17,2
1376827492,18,1
1376827781,17,2
1376827848,16,3
1376828311,14,5
1376828799,14,5
1376828949,14,5
1376829028,14,5
1376829631,14,5
1376829702,14,5
1376829710,15,4
1376830314,15,4
1376830403,15,4
1376830441,14,5
1376831045,14,5
1376831465,13,6
1376831518,12,7
1376831636,12,7
1376831741,14,5
1376832345,14,5
1376832432,13,6
1376832824,14,5
