1376208612,32,1
1376209215,32,1
1376209819,32,1
1376210422,32,1
1376211026,32,1
1376211629,32,1
1376212233,32,1
1376212836,32,1
1376213056,33,0
1376213660,33,0
1376214264,33,0
1376214867,33,0
1376215472,33,0
1376215837,32,1
1376216440,32,1
1376216473,31,2
1376216830,29,4
1376216968,30,3
1376216996,31,2
1376217067,32,1
1376217671,32,1
1376218274,32,1
1376218878,32,1
1376219481,32,1
1376220085,32,1
1376220688,32,1
1376220866,33,0
1376221470,33,0
1376222073,33,0
1376222677,33,0
1376223280,33,0
1376223884,33,0
1376224189,32,1
1376224616,33,0
1376224930,32,1
1376225534,32,1
1376226138,32,1
1376226741,32,1
1376227345,32,1
1376227782,32,1
1376227843,32,1
1376227880,33,0
1376228483,33,0
1376228913,32,1
1376229516,32,1
1376230021,33,0
1376230625,33,0
1376231229,33,0
1376231834,33,0
1376232438,33,0
1376233042,33,0
1376233405,32,1
1376233480,32,1
1376233541,33,0
1376234145,33,0
1376234740,32,1
1376235066,33,0
1376235669,33,0
1376236272,33,0
1376236876,33,0
1376237480,33,0
1376237882,32,1
1376238463,32,1
1376238884,31,2
1376239488,31,2
1376239601,31,2
1376239611,32,1
1376240215,32,1
1376240819,32,1
1376240892,33,0
1376241497,33,0
1376241593,32,1
1376242198,32,1
1376242802,32,1
1376242864,33,0
1376243468,33,0
1376244073,33,0
1376244677,33,0
1376245281,33,0
1376245433,32,1
1376246037,32,1
1376246164,31,2
1376246767,31,2
1376247294,31,2
1376247354,31,2
1376247957,31,2
1376248561,31,2
1376249045,32,1
1376249648,32,1
1376250252,32,1
1376250764,31,2
1376250819,28,5
1376250870,29,4
1376250919,29,4
1376250988,30,3
1376251036,31,2
1376251119,33,0
1376251722,33,0
1376252326,33,0
1376252929,33,0
1376253533,33,0
1376253941,31,2
1376253966,30,3
1376254419,29,4
1376254541,29,4
1376254552,30,3
1376255155,30,3
1376255595,30,3
1376255650,31,2
1376255718,32,1
1376255787,32,1
1376255863,32,1
1376255866,33,0
1376256469,33,0
1376257073,33,0
1376257676,33,0
1376258280,33,0
1376258883,33,0
1376259488,33,0
1376260091,33,0
1376260695,33,0
1376261238,32,1
1376261842,32,1
1376262445,32,1
1376263049,32,1
1376263652,32,1
1376264256,32,1
1376264343,31,2
1376264946,31,2
1376265550,31,2
1376266153,31,2
1376266757,31,2
1376267140,31,2
1376267155,32,1
1376267759,32,1
1376268158,30,3
1376268264,29,4
1376268868,29,4
1376269471,29,4
1376270294,29,4
1376270898,29,4
1376271501,29,4
1376272105,29,4
1376272708,29,4
1376273312,29,4
1376273916,29,4
1376274519,29,4
1376275123,29,4
1376275726,29,4
1376276330,29,4
1376276933,29,4
1376277537,29,4
1376278140,29,4
1376278744,29,4
1376279209,28,5
1376279817,28,5
1376280420,28,5
1376281024,28,5
1376281627,28,5
1376282231,28,5
1376282834,28,5
1376283438,28,5
1376284041,28,5
1376284645,28,5
1376285248,28,5
1376285439,29,4
1376285830,30,3
1376286328,29,4
1376286932,29,4
1376287535,29,4
1376288139,29,4
1376288261,29,4
1376288269,30,3
1376288397,31,2
1376289001,31,2
1376289605,31,2
1376289700,32,1
1376290105,31,2
1376290240,32,1
1376290249,33,0
1376290853,33,0
1376291143,32,1
1376291170,33,0
1376291773,33,0
1376292377,33,0
1376292980,33,0
1376293584,33,0
1376294187,33,0
1376294791,33,0
1376295394,33,0
1376295998,33,0
1376296603,33,0
1376297206,33,0
1376297490,33,0
1376298094,33,0
1376298698,33,0
1376299301,33,0
1376299904,33,0
1376300508,33,0
1376301112,33,0
1376301715,33,0
1376302319,33,0
1376302922,33,0
1376303526,33,0
1376304129,33,0
1376304733,33,0
1376305336,33,0
1376305940,33,0
1376306544,33,0
1376307147,33,0
1376307750,33,0
1376308354,33,0
1376308482,33,0
1376308485,32,1
1376309088,32,1
1376309692,32,1
1376310295,32,1
1376310899,32,1
1376311183,32,1
1376311215,32,1
1376311769,31,2
1376311917,32,1
1376312521,32,1
1376313124,32,1
1376313728,32,1
1376314331,32,1
1376314935,32,1
1376315538,32,1
1376316142,32,1
1376316745,32,1
1376317095,31,2
1376317128,31,2
1376317732,31,2
1376318335,31,2
1376318623,31,2
1376318625,32,1
1376319229,32,1
1376319832,32,1
1376320436,32,1
1376321014,33,0
1376321313,32,1
1376321578,33,0
1376322074,32,1
1376322678,32,1
1376323281,32,1
1376323885,32,1
1376324488,32,1
1376324558,33,0
1376325161,33,0
1376325736,32,1
1376326340,32,1
1376326943,32,1
1376327098,33,0
1376327701,33,0
1376328305,33,0
1376328584,33,0
1376328586,31,2
1376328823,31,2
1376328825,30,3
1376329429,30,3
1376330032,30,3
1376330437,31,2
1376330589,30,3
1376331139,29,4
1376331520,31,2
1376332123,31,2
1376332727,31,2
1376333330,31,2
1376333417,32,1
1376334020,32,1
1376334624,32,1
1376335227,32,1
1376335831,32,1
1376335888,33,0
1376336492,33,0
1376336953,32,1
1376337056,31,2
1376337193,30,3
1376337797,30,3
1376338400,30,3
1376339004,30,3
1376339475,29,4
1376340079,29,4
1376340683,29,4
1376341288,29,4
1376341892,29,4
1376342426,28,5
1376342836,29,4
1376343184,28,5
1376343787,28,5
1376344391,28,5
1376344994,28,5
1376345598,28,5
1376346201,28,5
1376346560,25,8
1376347164,25,8
1376347390,24,9
1376347995,24,9
1376348599,24,9
1376349203,24,9
1376349807,24,9
1376350411,24,9
1376351017,24,9
1376351621,24,9
1376352226,24,9
1376352830,24,9
1376353436,24,9
1376354040,24,9
1376354644,24,9
1376355247,24,9
1376355851,24,9
1376356359,23,10
1376356692,23,10
1376357296,23,10
1376357899,23,10
1376358503,23,10
1376359106,23,10
1376359710,23,10
1376359802,22,11
1376360406,22,11
1376361010,22,11
1376361614,22,11
1376362217,22,11
1376362821,22,11
1376363426,22,11
1376364031,22,11
1376364635,22,11
1376365239,22,11
1376365843,22,11
1376366446,22,11
1376367051,22,11
1376367656,22,11
1376368259,22,11
1376368863,22,11
1376369466,22,11
1376370070,22,11
1376370673,22,11
1376371299,23,10
1376371902,23,10
1376372379,24,9
1376372562,24,9
1376372564,23,10
1376373168,23,10
1376373641,23,10
1376373652,24,9
1376374256,24,9
1376374340,25,8
1376374944,25,8
1376375167,26,7
1376375374,27,6
1376375483,27,6
1376375511,27,6
1376375602,29,4
1376375675,28,5
1376375720,28,5
1376375784,29,4
1376375873,30,3
1376376477,30,3
1376377098,31,2
1376377320,32,1
1376377528,32,1
1376377940,31,2
1376377983,30,3
1376378082,30,3
1376378091,31,2
1376378237,31,2
1376378271,32,1
1376378874,32,1
1376379159,31,2
1376379367,32,1
1376379512,33,0
1376380116,33,0
1376380719,33,0
1376381316,32,1
1376381920,32,1
1376382524,32,1
1376382658,33,0
1376383262,33,0
1376383866,33,0
1376384469,33,0
1376385074,33,0
1376385677,33,0
1376386281,33,0
1376386884,33,0
1376387487,33,0
1376388091,33,0
1376388695,33,0
1376389298,33,0
1376389902,33,0
1376390505,33,0
1376390929,32,1
1376391533,32,1
1376391924,31,2
1376392384,32,1
1376392987,32,1
1376393383,31,2
1376393469,32,1
1376394073,32,1
1376394666,33,0
1376395271,33,0
1376395875,33,0
1376396478,33,0
1376397082,33,0
1376397685,33,0
1376398290,33,0
1376398894,33,0
1376399498,33,0
1376400102,33,0
1376400706,33,0
1376401311,33,0
1376401424,33,0
1376401426,32,1
1376402031,32,1
1376402635,32,1
1376403239,32,1
1376403843,32,1
1376404321,33,0
1376404925,33,0
1376405528,33,0
1376406132,33,0
1376406735,33,0
1376407339,33,0
1376407943,33,0
1376408546,33,0
1376409150,33,0
1376409753,33,0
1376410233,32,1
1376410389,33,0
1376410993,33,0
1376411596,33,0
1376412200,33,0
1376412566,32,1
1376413134,33,0
1376413379,32,1
1376413994,31,2
1376414598,31,2
1376415202,31,2
1376415807,31,2
1376416411,31,2
1376416963,31,2
1376416965,32,1
1376417569,32,1
1376417897,31,2
1376417985,32,1
1376418589,32,1
1376419192,32,1
1376419796,32,1
1376420389,31,2
1376420993,31,2
1376421598,31,2
1376422202,31,2
1376422806,31,2
1376422963,31,2
1376422965,31,2
1376423044,33,0
1376423647,33,0
1376423884,32,1
1376424489,32,1
1376425093,32,1
1376425696,32,1
1376426300,32,1
1376426553,33,0
1376427157,33,0
1376427761,33,0
1376428364,33,0
1376428557,32,1
1376429161,32,1
1376429764,32,1
1376430336,30,3
1376430939,30,3
1376431543,30,3
1376432146,30,3
1376432750,30,3
1376433353,30,3
1376433819,28,5
1376434422,28,5
1376434929,27,6
1376435533,27,6
1376436138,27,6
1376436742,27,6
1376437346,27,6
1376437951,27,6
1376438554,27,6
1376439159,27,6
1376439289,26,7
1376439844,25,8
1376440448,25,8
1376441051,25,8
1376441655,25,8
1376442259,25,8
1376442861,25,8
1376443091,25,8
1376443694,25,8
1376444298,25,8
1376444901,25,8
1376445505,25,8
1376446108,25,8
1376446712,25,8
1376447317,25,8
1376447920,25,8
1376448524,25,8
1376449128,25,8
1376449233,26,7
1376449309,25,8
1376449914,25,8
1376450516,25,8
1376451121,25,8
1376451724,25,8
1376452328,25,8
1376452932,25,8
1376453359,25,8
1376453503,26,7
1376454107,26,7
1376454710,26,7
1376455314,26,7
1376455918,26,7
1376456521,26,7
1376457125,26,7
1376457321,27,6
1376457924,27,6
1376458528,27,6
1376459132,27,6
1376459736,27,6
1376460341,27,6
1376460944,27,6
1376461548,27,6
1376462151,27,6
1376462246,28,5
1376462731,29,4
1376463335,29,4
1376463681,30,3
1376464027,31,2
1376464423,31,2
1376464425,32,1
1376464746,33,0
1376465350,33,0
1376465954,33,0
1376466557,33,0
1376467161,33,0
1376467764,33,0
1376468011,31,2
1376468140,31,2
1376468148,32,1
1376468751,32,1
1376469355,32,1
1376469958,32,1
1376470562,32,1
1376471165,32,1
1376471769,32,1
1376472373,32,1
1376472986,33,0
1376473589,33,0
1376474193,33,0
1376474796,33,0
1376475400,33,0
1376475952,32,1
1376476168,31,2
1376476772,31,2
1376477376,31,2
1376477979,31,2
1376478560,32,1
1376479164,32,1
1376479767,32,1
1376480371,32,1
1376480592,33,0
1376481196,33,0
1376481740,32,1
1376481817,31,2
1376481862,31,2
1376481924,32,1
1376482528,32,1
1376483132,32,1
1376483455,31,2
1376484058,31,2
1376484662,31,2
1376485266,31,2
1376485869,31,2
1376486328,30,3
1376486931,30,3
1376487337,31,2
1376487941,31,2
1376488263,30,3
1376488867,30,3
1376488954,29,4
1376489558,29,4
1376490162,29,4
1376490765,29,4
1376491369,29,4
1376491767,30,3
1376492371,30,3
1376492974,30,3
1376493578,30,3
1376494181,30,3
1376494785,30,3
1376495333,29,4
1376495937,29,4
1376496569,29,4
1376496641,29,4
1376496676,29,4
1376496737,29,4
1376496821,30,3
1376496883,30,3
1376496938,30,3
1376497003,30,3
1376497028,30,3
1376497073,31,2
1376497355,31,2
1376497395,31,2
1376497454,30,3
1376497533,31,2
1376497953,32,1
1376498144,32,1
1376498186,31,2
1376498790,31,2
1376499146,32,1
1376499749,32,1
1376500353,32,1
1376500957,32,1
1376501560,32,1
1376501923,31,2
1376502527,31,2
1376502810,32,1
1376503414,32,1
1376504017,32,1
1376504623,32,1
1376504711,31,2
1376504961,30,3
1376505233,29,4
1376505837,29,4
1376506441,29,4
1376507045,29,4
1376507649,29,4
1376507863,28,5
1376507902,27,6
1376507983,27,6
1376508040,28,5
1376508049,29,4
1376508131,27,6
1376508735,27,6
1376509338,27,6
1376509942,27,6
1376510545,27,6
1376511149,27,6
1376511752,27,6
1376512356,27,6
1376512959,27,6
1376513563,27,6
1376514166,27,6
1376514770,27,6
1376515373,27,6
1376515977,27,6
1376516178,26,7
1376516781,26,7
1376516900,25,8
1376517503,25,8
1376518107,25,8
1376518710,25,8
1376519063,24,9
1376519237,23,10
1376519840,23,10
1376520444,23,10
1376521047,23,10
1376521651,23,10
1376522255,23,10
1376522800,23,10
1376522807,24,9
1376522865,24,9
1376523468,24,9
1376524071,24,9
1376524675,24,9
1376525278,24,9
1376525741,25,8
1376526345,25,8
1376526948,25,8
1376527230,24,9
1376527833,24,9
1376528437,24,9
1376529041,24,9
1376529578,24,9
1376530182,24,9
1376530786,24,9
1376531391,24,9
1376531994,24,9
1376532599,24,9
1376533203,24,9
1376533806,24,9
1376534409,24,9
1376535013,24,9
1376535616,24,9
1376536220,24,9
1376536389,25,8
1376536992,25,8
1376537596,25,8
1376538199,25,8
1376538702,25,8
1376538737,26,7
1376538821,26,7
1376538842,27,6
1376538891,28,5
1376539496,28,5
1376540099,28,5
1376540703,28,5
1376541307,28,5
1376541911,28,5
1376542514,28,5
1376543117,28,5
1376543721,28,5
1376544331,27,6
1376544934,27,6
1376545538,27,6
1376546142,27,6
1376546215,28,5
1376546818,28,5
1376547422,28,5
1376548025,28,5
1376548467,29,4
1376549070,29,4
1376549674,29,4
1376550278,29,4
1376550881,29,4
1376551486,29,4
1376552089,29,4
1376552693,29,4
1376553296,29,4
1376553823,29,4
1376553879,25,8
1376553938,20,13
1376554543,20,13
1376555146,20,13
1376555750,20,13
1376556039,21,12
1376556643,21,12
1376557247,21,12
1376557850,21,12
1376558454,21,12
1376559056,22,11
1376559575,23,10
1376559657,23,10
1376559706,24,9
1376560310,24,9
1376560636,25,8
1376561122,24,9
1376561325,24,9
1376561400,25,8
1376561491,26,7
1376562094,26,7
1376562446,25,8
1376563050,25,8
1376563655,25,8
1376564259,25,8
1376564862,25,8
1376565390,26,7
1376565995,26,7
1376566598,26,7
1376567201,26,7
1376567805,26,7
1376567934,27,6
1376568538,27,6
1376569143,27,6
1376569319,28,5
1376569923,28,5
1376570096,29,4
1376570721,27,6
1376571272,26,7
1376571875,26,7
1376572479,26,7
1376572542,25,8
1376572549,26,7
1376573153,26,7
1376573757,26,7
1376574187,27,6
1376574791,27,6
1376575395,27,6
1376575780,26,7
1376575821,27,6
1376576425,27,6
1376576696,28,5
1376576797,29,4
1376577400,29,4
1376578004,29,4
1376578607,29,4
1376579212,29,4
1376579381,28,5
1376579492,26,7
1376580042,26,7
1376580087,26,7
1376580163,27,6
1376580277,27,6
1376580881,27,6
1376581523,27,6
1376581569,28,5
1376582173,28,5
1376582777,28,5
1376583002,29,4
1376583635,28,5
1376583807,29,4
1376584270,30,3
1376584850,28,5
1376584908,27,6
1376585512,27,6
1376586116,27,6
1376586210,28,5
1376586814,28,5
1376587269,29,4
1376587512,28,5
1376588036,27,6
1376588240,27,6
1376588782,26,7
1376588913,25,8
1376588927,25,8
1376589531,25,8
1376590135,25,8
1376590684,24,9
1376590795,23,10
1376591399,23,10
1376592003,23,10
1376592606,23,10
1376593210,23,10
1376593813,23,10
1376594417,23,10
1376594843,22,11
1376595025,20,13
1376595276,21,12
1376595880,21,12
1376596183,22,11
1376596786,22,11
1376597391,22,11
1376597995,22,11
1376598338,23,10
1376598942,23,10
1376599215,23,10
1376599248,24,9
1376599613,23,10
1376600217,23,10
1376600820,23,10
1376601224,23,10
1376601227,22,11
1376601830,22,11
1376602434,22,11
1376603037,22,11
1376603641,22,11
1376604244,22,11
1376604848,22,11
1376605451,22,11
1376606055,22,11
1376606611,21,12
1376607214,21,12
1376607721,22,11
1376608324,22,11
1376608928,22,11
1376609531,22,11
1376610135,22,11
1376610738,22,11
1376611342,22,11
1376611945,22,11
1376612549,22,11
1376613153,22,11
1376613756,22,11
1376614303,22,11
1376614305,21,12
1376614644,20,13
1376614715,20,13
1376614759,21,12
1376615362,21,12
1376615893,21,12
1376616497,21,12
1376617100,21,12
1376617704,21,12
1376618307,21,12
1376618910,21,12
1376619514,21,12
1376620118,21,12
1376620721,21,12
1376621325,21,12
1376621928,21,12
1376622532,21,12
1376623136,21,12
1376623739,21,12
1376624343,21,12
1376624947,21,12
1376625252,22,11
1376625856,22,11
1376626460,22,11
1376627064,22,11
1376627667,22,11
1376628271,22,11
1376628763,23,10
1376629366,23,10
1376629970,23,10
1376630162,24,9
1376630765,24,9
1376631369,24,9
1376631973,24,9
1376632576,24,9
1376632899,23,10
1376633502,23,10
1376634106,23,10
1376634343,23,10
1376634345,24,9
1376634777,23,10
1376635381,23,10
1376635985,23,10
1376636331,24,9
1376636428,24,9
1376637032,24,9
1376637276,25,8
1376637750,24,9
1376637820,24,9
1376637884,25,8
1376637943,24,9
1376637945,25,8
1376638279,26,7
1376638657,27,6
1376638781,27,6
1376638805,28,5
1376639409,28,5
1376639875,29,4
1376640478,29,4
1376641082,29,4
1376641685,29,4
1376642289,29,4
1376642892,29,4
1376643175,30,3
1376643779,30,3
1376644382,30,3
1376644986,30,3
1376645427,30,3
1376646032,30,3
1376646123,31,2
1376646727,31,2
1376647330,31,2
1376647782,30,3
1376648013,29,4
1376648616,29,4
1376649221,29,4
1376649707,28,5
1376649823,28,5
1376649862,31,2
1376650466,31,2
1376651070,31,2
1376651674,31,2
1376652278,31,2
1376652882,31,2
1376653485,31,2
1376654089,31,2
1376654692,31,2
1376655297,31,2
1376655901,31,2
1376656505,31,2
1376656855,32,1
1376656959,31,2
1376657563,31,2
1376658019,32,1
1376658340,31,2
1376658371,32,1
1376658975,32,1
1376659578,32,1
1376660182,32,1
1376660785,32,1
1376661389,32,1
1376661993,32,1
1376662597,32,1
1376662885,31,2
1376663490,31,2
1376663964,32,1
1376664084,31,2
1376664688,31,2
1376664980,31,2
1376665035,31,2
1376665102,31,2
1376665132,31,2
1376665283,31,2
1376665414,31,2
1376665441,32,1
1376666045,32,1
1376666649,32,1
1376667253,32,1
1376667857,32,1
1376667951,31,2
1376668555,31,2
1376668618,32,1
1376669222,32,1
1376669826,32,1
1376670102,31,2
1376670705,31,2
1376671310,31,2
1376671540,31,2
1376671549,32,1
1376671872,31,2
1376672476,31,2
1376673079,31,2
1376673191,32,1
1376673295,30,3
1376673795,29,4
1376674398,29,4
1376674993,30,3
1376675374,29,4
1376675978,29,4
1376676014,28,5
1376676153,27,6
1376676238,25,8
1376676842,25,8
1376677178,24,9
1376677781,24,9
1376678291,25,8
1376678896,25,8
1376678931,24,9
1376679535,24,9
1376680138,24,9
1376680741,24,9
1376681038,23,10
1376681642,23,10
1376682245,23,10
1376682848,23,10
1376683264,24,9
1376683430,23,10
1376684035,23,10
1376684612,22,11
1376684979,22,11
1376684987,23,10
1376685592,23,10
1376686195,23,10
1376686799,23,10
1376687402,23,10
1376688006,23,10
1376688609,23,10
1376689213,23,10
1376689817,23,10
1376690420,23,10
1376691024,23,10
1376691332,24,9
1376691371,24,9
1376691975,24,9
1376692579,24,9
1376693182,24,9
1376693786,24,9
1376694389,24,9
1376694993,24,9
1376695223,24,9
1376695297,24,9
1376695326,25,8
1376695722,26,7
1376695733,27,6
1376696336,27,6
1376696940,27,6
1376697544,27,6
1376698147,27,6
1376698751,27,6
1376699354,27,6
1376699958,27,6
1376700484,26,7
1376701087,26,7
1376701691,26,7
1376702376,26,7
1376702979,26,7
1376703583,26,7
1376704186,26,7
1376704790,26,7
1376705393,26,7
1376705890,25,8
1376706494,25,8
1376707097,25,8
1376707700,25,8
1376708304,25,8
1376708907,25,8
1376709511,25,8
1376710115,25,8
1376710718,25,8
1376711321,25,8
1376711925,25,8
1376712529,25,8
1376712670,24,9
1376713273,24,9
1376713716,25,8
1376714319,25,8
1376714923,25,8
1376715526,25,8
1376716130,25,8
1376716734,25,8
1376717141,24,9
1376717745,24,9
1376718349,24,9
1376718567,23,10
1376719170,23,10
1376719773,23,10
1376720377,23,10
1376720980,23,10
1376721584,23,10
1376722187,23,10
1376722791,23,10
1376723394,23,10
1376723998,23,10
1376724602,23,10
1376725205,23,10
1376725664,23,10
1376725666,22,11
1376726270,22,11
1376726874,22,11
1376727040,23,10
1376727644,23,10
1376728248,23,10
1376728851,23,10
1376729455,23,10
1376730058,23,10
1376730523,23,10
1376730532,24,9
1376731137,24,9
1376731740,24,9
1376732261,25,8
1376732640,24,9
1376733224,25,8
1376733233,26,7
1376733837,26,7
1376734442,26,7
1376735081,26,7
1376735089,27,6
1376735481,26,7
1376735588,25,8
1376735785,24,9
1376736388,24,9
1376736992,24,9
1376737184,25,8
1376737220,25,8
1376737297,25,8
1376737326,25,8
1376737430,25,8
1376737503,24,9
1376737735,25,8
1376738024,26,7
1376738420,27,6
1376738921,28,5
1376739507,29,4
1376740110,29,4
1376740353,30,3
1376740576,31,2
1376741136,29,4
1376741202,29,4
1376741308,29,4
1376741365,29,4
1376741406,30,3
1376742010,30,3
1376742613,30,3
1376743017,30,3
1376743121,31,2
1376743175,31,2
1376743241,31,2
1376743271,32,1
1376743875,32,1
1376743931,31,2
1376744535,31,2
1376745138,31,2
1376745742,31,2
1376746346,31,2
1376746949,31,2
1376747553,31,2
1376748157,31,2
1376748584,31,2
1376748642,32,1
1376749245,32,1
1376749849,32,1
1376750453,32,1
1376751056,32,1
1376751660,32,1
1376752064,31,2
1376752667,31,2
1376752903,31,2
1376753086,31,2
1376753147,31,2
1376753469,31,2
1376753661,31,2
1376753718,32,1
1376754321,32,1
1376754351,31,2
1376754454,29,4
1376755057,29,4
1376755276,28,5
1376755344,29,4
1376755511,30,3
1376756115,30,3
1376756719,30,3
1376757164,31,2
1376757399,30,3
1376757409,30,3
1376757929,30,3
1376757952,31,2
1376758555,31,2
1376758750,29,4
1376758890,31,2
1376759494,31,2
1376760098,31,2
1376760702,31,2
1376760926,30,3
1376761529,30,3
1376762133,30,3
1376762744,30,3
1376762751,31,2
1376762840,29,4
1376763445,29,4
1376763669,29,4
1376763715,30,3
1376763805,31,2
1376763874,31,2
1376763899,32,1
1376764330,31,2
1376764954,32,1
1376765193,31,2
1376765798,31,2
1376766402,31,2
1376767006,31,2
1376767610,31,2
1376768213,31,2
1376768817,31,2
1376769103,31,2
1376769106,32,1
1376769710,32,1
1376770313,32,1
1376770917,32,1
1376771520,32,1
1376772124,32,1
1376772728,32,1
1376773331,32,1
1376773935,32,1
1376774538,32,1
1376775086,31,2
1376775344,30,3
1376775948,30,3
1376776552,30,3
1376777170,29,4
1376777773,29,4
1376778377,29,4
1376778981,29,4
1376779245,31,2
1376779849,31,2
1376779974,30,3
1376780489,29,4
1376781093,29,4
1376781696,29,4
1376782299,29,4
1376782903,29,4
1376783507,29,4
1376784110,29,4
1376784714,29,4
1376785317,29,4
1376785921,29,4
1376786524,29,4
1376787128,29,4
1376787731,29,4
1376788335,29,4
1376788691,29,4
1376788736,29,4
1376789050,29,4
1376789653,29,4
1376789830,28,5
1376790433,28,5
1376791037,28,5
1376791641,28,5
1376792244,28,5
1376792847,28,5
1376793451,28,5
1376794055,28,5
1376794658,28,5
1376795262,28,5
1376795865,28,5
1376796469,28,5
1376797072,28,5
1376797676,28,5
1376798279,28,5
1376798883,28,5
1376799486,28,5
1376800089,28,5
1376800693,28,5
1376801297,28,5
1376801900,28,5
1376802503,28,5
1376803107,28,5
1376803711,28,5
1376804314,28,5
1376804918,28,5
1376805521,28,5
1376806015,29,4
1376806435,30,3
1376807039,30,3
1376807177,29,4
1376807781,29,4
1376808384,29,4
1376808988,29,4
1376809592,29,4
1376810195,29,4
1376810798,29,4
1376811402,29,4
1376812005,29,4
1376812609,29,4
1376813213,29,4
1376813365,30,3
1376813968,30,3
1376814572,30,3
1376815175,30,3
1376815514,31,2
1376816117,31,2
1376816720,31,2
1376817324,31,2
1376817928,31,2
1376818118,32,1
1376818722,32,1
1376819325,32,1
1376819929,32,1
1376820532,32,1
1376821136,32,1
1376821739,32,1
1376822343,32,1
1376822947,32,1
1376823550,32,1
1376824153,32,1
1376824720,31,2
1376825323,31,2
1376825619,31,2
1376825629,32,1
1376826233,32,1
1376826574,31,2
1376827178,31,2
1376827781,31,2
1376828385,31,2
1376828988,31,2
1376829366,30,3
1376829610,29,4
1376829851,29,4
1376829919,29,4
1376829951,29,4
1376830039,29,4
1376830642,29,4
1376831113,27,6
1376831342,26,7
1376831443,27,6
1376831445,28,5
1376832050,28,5
1376832697,28,5
1376832707,29,4
