1376208592,28,5
1376209195,28,5
1376209799,28,5
1376210075,29,4
1376210678,29,4
1376210757,28,5
1376211003,27,6
1376211494,26,7
1376212097,26,7
1376212386,27,6
1376212886,28,5
1376213067,27,6
1376213501,27,6
1376213563,27,6
1376213611,27,6
1376213647,28,5
1376213772,27,6
1376213912,26,7
1376214516,26,7
1376214679,25,8
1376214838,26,7
1376215468,26,7
1376215600,27,6
1376215628,27,6
1376215675,28,5
1376215810,27,6
1376216405,28,5
1376216725,29,4
1376216787,30,3
1376217092,31,2
1376217696,31,2
1376218300,31,2
1376218323,30,3
1376218927,30,3
1376219531,30,3
1376219583,31,2
1376219933,31,2
1376220011,31,2
1376220047,32,1
1376220652,32,1
1376221255,32,1
1376221859,32,1
1376222463,32,1
1376223067,32,1
1376223671,32,1
1376224275,32,1
1376224879,32,1
1376225084,32,1
1376225088,31,2
1376225692,31,2
1376225964,32,1
1376226569,32,1
1376227173,32,1
1376227772,32,1
1376227790,32,1
1376228394,32,1
1376228998,32,1
1376229330,29,4
1376229410,28,5
1376229548,27,6
1376229632,26,7
1376229882,26,7
1376229933,26,7
1376230542,26,7
1376230551,27,6
1376230778,28,5
1376231382,28,5
1376232039,30,3
1376232392,30,3
1376232462,29,4
1376232465,29,4
1376232764,26,7
1376232767,25,8
1376233290,25,8
1376233359,25,8
1376233385,26,7
1376233989,26,7
1376234437,25,8
1376234916,25,8
1376235158,26,7
1376235762,26,7
1376236367,26,7
1376236657,26,7
1376236668,27,6
1376236741,28,5
1376237185,30,3
1376237397,27,6
1376237490,27,6
1376237622,29,4
1376237662,30,3
1376237802,30,3
1376237817,32,1
1376238131,32,1
1376238734,32,1
1376239338,32,1
1376239942,32,1
1376240623,32,1
1376240668,32,1
1376240743,31,2
1376241215,32,1
1376241343,32,1
1376241380,32,1
1376241459,32,1
1376242063,32,1
1376242379,30,3
1376242483,31,2
1376242506,32,1
1376243110,32,1
1376243738,30,3
1376243856,27,6
1376244266,25,8
1376244463,26,7
1376244999,25,8
1376245603,25,8
1376245729,24,9
1376245997,22,11
1376246601,22,11
1376246976,23,10
1376247160,24,9
1376247194,25,8
1376247477,24,9
1376247572,25,8
1376248177,25,8
1376248257,26,7
1376248329,27,6
1376248772,26,7
1376248908,25,8
1376249417,25,8
1376249476,26,7
1376249795,26,7
1376249811,27,6
1376250328,27,6
1376250398,29,4
1376250414,31,2
1376251019,31,2
1376251268,30,3
1376251363,31,2
1376251969,31,2
1376252142,30,3
1376252321,30,3
1376252342,31,2
1376252531,32,1
1376253135,32,1
1376253728,30,3
1376254332,30,3
1376254935,30,3
1376255539,30,3
1376255609,30,3
1376255637,31,2
1376255855,32,1
1376256460,32,1
1376256634,33,0
1376256651,32,1
1376256734,33,0
1376256775,32,1
1376257380,32,1
1376257984,32,1
1376258587,32,1
1376259191,32,1
1376259413,32,1
1376260016,32,1
1376260620,32,1
1376261224,32,1
1376261828,32,1
1376262432,32,1
1376263035,32,1
1376263639,32,1
1376263903,32,1
1376263906,31,2
1376264510,31,2
1376265114,31,2
1376265519,28,5
1376265573,25,8
1376265642,21,12
1376265702,17,16
1376265762,12,21
1376265784,11,22
1376266388,11,22
1376266992,11,22
1376267057,12,21
1376267662,12,21
1376268266,12,21
1376268869,12,21
1376269473,12,21
1376270077,12,21
1376270292,12,21
1376270563,9,24
1376271168,9,24
1376271772,9,24
1376272376,9,24
1376272979,9,24
1376273583,9,24
1376274188,9,24
1376274791,9,24
1376275395,9,24
1376275999,9,24
1376276603,9,24
1376276916,7,26
1376276981,3,30
1376276998,1,32
1376277602,1,32
1376278205,1,32
1376278809,1,32
1376279413,1,32
1376280016,1,32
1376280621,1,32
1376281224,1,32
1376281828,1,32
1376282432,1,32
1376283036,1,32
1376283641,1,32
1376283883,1,32
1376283888,0,33
1376284493,0,33
1376284641,1,32
1376285245,1,32
1376285849,1,32
1376286185,0,33
1376286788,0,33
1376287352,1,32
1376287406,0,33
1376287674,1,32
1376288133,1,32
1376288169,2,31
1376288299,4,29
1376288752,4,29
1376288819,4,29
1376289306,3,30
1376289911,3,30
1376290056,4,29
1376290171,5,28
1376290237,4,29
1376290275,3,30
1376290563,4,29
1376290678,5,28
1376290842,5,28
1376290845,4,29
1376290992,5,28
1376291129,4,29
1376291441,4,29
1376291445,3,30
1376291816,4,29
1376291975,5,28
1376292276,4,29
1376292345,4,29
1376292467,3,30
1376292550,4,29
1376293028,5,28
1376293632,5,28
1376294018,5,28
1376294033,5,28
1376294218,6,27
1376294460,5,28
1376294615,4,29
1376294758,4,29
1376294825,4,29
1376294898,5,28
1376294950,6,27
1376295555,6,27
1376295872,6,27
1376295933,6,26
1376295999,6,27
1376296036,7,26
1376296641,7,26
1376297244,7,26
1376297667,8,25
1376297735,9,24
1376298340,9,24
1376298701,9,24
1376298710,10,23
1376299315,10,23
1376299919,10,23
1376300503,10,23
1376301107,10,23
1376301270,9,24
1376301516,10,23
1376301810,10,23
1376302233,9,24
1376302274,10,23
1376302702,11,22
1376303306,11,22
1376303910,10,23
1376304004,9,24
1376304609,9,24
1376305210,8,25
1376305287,9,24
1376305893,9,24
1376306382,9,24
1376306385,10,23
1376306847,10,23
1376307066,9,24
1376307475,8,25
1376307724,9,24
1376308360,9,24
1376308370,10,23
1376308974,10,23
1376309064,11,22
1376309617,10,23
1376310221,10,23
1376310825,10,23
1376311429,10,23
1376311529,10,23
1376312134,10,23
1376312680,10,23
1376312743,10,23
1376312753,11,22
1376312995,12,21
1376313219,12,21
1376313242,11,22
1376313316,11,22
1376313395,12,21
1376313489,12,21
1376313669,12,21
1376313716,13,20
1376313972,11,22
1376314602,11,22
1376314649,10,23
1376315174,9,24
1376315778,9,24
1376316165,8,25
1376316412,7,26
1376316785,6,27
1376317356,8,25
1376317422,8,25
1376317465,9,24
1376317496,10,23
1376317646,12,21
1376317740,11,22
1376317829,11,22
1376317868,11,22
1376317956,11,22
1376318022,11,22
1376318049,12,21
1376318317,11,22
1376318538,11,22
1376318599,11,22
1376318677,13,20
1376319027,14,19
1376319059,13,20
1376319253,14,19
1376319380,15,18
1376319493,14,19
1376319801,14,19
1376319861,15,18
1376319901,16,17
1376320032,17,16
1376320114,18,15
1376320170,18,15
1376320276,18,15
1376320318,19,14
1376320543,19,14
1376320556,21,12
1376321056,23,10
1376321134,23,10
1376321258,21,12
1376321290,22,11
1376321438,22,11
1376321726,21,12
1376321755,20,13
1376322153,20,13
1376322581,18,15
1376322728,17,16
1376322812,18,15
1376322827,17,16
1376322943,20,13
1376323098,19,14
1376323164,20,13
1376323301,20,12
1376323306,21,11
1376323416,21,11
1376323601,21,11
1376323723,22,11
1376323839,22,11
1376323902,25,8
1376323913,26,7
1376324131,27,6
1376324156,26,7
1376324320,27,6
1376324334,29,4
1376324562,30,3
1376325039,30,3
1376325048,31,2
1376325320,30,3
1376325820,30,3
1376325838,31,2
1376325919,32,1
1376325993,31,2
1376326300,30,3
1376326624,31,2
1376326938,32,1
1376326970,31,2
1376327028,30,3
1376327633,30,3
1376327776,29,4
1376327862,29,4
1376327893,31,2
1376327971,30,3
1376328103,31,2
1376328108,29,4
1376328480,30,3
1376328592,29,4
1376328695,28,5
1376328759,28,5
1376328814,28,5
1376329172,29,4
1376329342,30,3
1376329450,31,2
1376329861,32,1
1376330441,31,2
1376330562,30,3
1376330617,31,2
1376330641,30,3
1376330799,31,2
1376330809,32,1
1376330951,31,2
1376331204,32,1
1376331414,31,2
1376332018,31,2
1376332351,30,3
1376332400,31,2
1376332750,32,1
1376333074,31,2
1376333245,30,3
1376333801,30,3
1376333840,30,3
1376333977,30,3
1376333988,31,2
1376334360,32,1
1376334965,32,1
1376335569,32,1
1376336173,32,1
1376336668,30,3
1376336712,31,2
1376336917,31,2
1376336926,32,1
1376337530,32,1
1376338134,32,1
1376338738,32,1
1376339342,32,1
1376339945,32,1
1376340549,32,1
1376340923,33,0
1376340974,32,1
1376341579,32,1
1376342183,32,1
1376342778,32,1
1376343382,32,1
1376343863,32,1
1376344121,32,1
1376344355,32,1
1376344959,32,1
1376345563,32,1
1376346167,32,1
1376346771,32,1
1376347374,32,1
1376347978,32,1
1376348583,32,1
1376348752,31,2
1376349356,31,2
1376349961,31,2
1376350287,32,1
1376350892,32,1
1376351496,32,1
1376352099,32,1
1376352703,32,1
1376352882,30,3
1376352934,30,3
1376353061,31,2
1376353067,32,1
1376353670,32,1
1376354274,32,1
1376354878,32,1
1376355482,32,1
1376356086,32,1
1376356691,32,1
1376357295,32,1
1376357899,32,1
1376358503,32,1
1376358998,30,3
1376359062,26,7
1376359123,22,11
1376359178,16,17
1376359237,12,21
1376359841,12,21
1376360189,11,22
1376360239,11,22
1376360844,11,22
1376361449,11,22
1376362052,11,22
1376362657,11,22
1376363243,12,21
1376363379,10,23
1376363493,7,26
1376363561,5,28
1376363621,1,32
1376363654,0,33
1376364258,0,33
1376364861,0,33
1376365465,0,33
1376366069,0,33
1376366673,0,33
1376367277,0,33
1376367881,0,33
1376368485,0,33
1376369089,0,33
1376369694,0,33
1376370004,1,32
1376370609,1,32
1376371212,1,32
1376371816,1,32
1376372420,1,32
1376372719,0,33
1376373323,0,33
1376373926,0,33
1376374531,0,33
1376374602,0,33
1376374613,1,32
1376375105,0,33
1376375461,1,32
1376376097,0,33
1376376503,1,32
1376377030,2,31
1376377289,3,30
1376377356,2,31
1376377816,1,32
1376378059,2,31
1376378101,3,30
1376378231,4,29
1376378423,3,30
1376378861,3,30
1376378924,2,31
1376378926,3,30
1376379371,4,29
1376379764,4,29
1376379774,1,32
1376380379,1,32
1376380681,2,31
1376380826,1,32
1376380875,0,33
1376380955,1,32
1376381007,1,32
1376381058,0,33
1376381545,0,33
1376381571,0,33
1376382175,0,33
1376382779,0,33
1376383158,1,32
1376383447,0,33
1376383598,1,32
1376383700,2,31
1376384018,1,32
1376384563,0,33
1376384573,1,32
1376385005,2,31
1376385339,1,32
1376385387,1,32
1376385992,1,32
1376386357,2,31
1376386483,1,32
1376386603,2,31
1376386718,2,31
1376386728,3,30
1376387200,2,31
1376387753,3,30
1376387835,2,31
1376388019,3,30
1376388459,4,29
1376389069,4,29
1376389635,5,28
1376389780,4,29
1376389837,5,28
1376389901,7,26
1376389927,8,25
1376390015,9,24
1376390060,10,23
1376390382,11,22
1376390434,10,23
1376390903,8,25
1376391508,8,25
1376391697,8,25
1376391829,7,26
1376392112,8,25
1376392417,10,23
1376392476,10,23
1376393080,10,23
1376393298,9,24
1376393493,8,25
1376393510,7,26
1376393757,6,27
1376394121,5,28
1376394583,5,28
1376394586,4,29
1376395031,5,28
1376395142,6,27
1376395318,6,27
1376395494,5,28
1376396048,4,29
1376396653,4,29
1376397257,4,29
1376397860,4,29
1376398342,5,28
1376398452,4,29
1376398882,4,29
1376399017,5,28
1376399398,6,27
1376399629,5,28
1376399800,6,27
1376400038,7,26
1376400384,8,25
1376400510,6,27
1376400604,7,26
1376401094,6,27
1376401543,6,27
1376401547,4,29
1376401773,4,29
1376401921,5,28
1376402497,5,28
1376402541,6,27
1376402921,7,26
1376402963,6,27
1376403003,7,26
1376403607,7,26
1376403749,8,25
1376403882,7,26
1376403920,8,25
1376404396,9,24
1376404548,8,25
1376405152,8,25
1376405260,8,25
1376405269,9,24
1376405439,8,25
1376405515,6,27
1376405605,7,26
1376405731,8,25
1376406335,8,25
1376406448,9,24
1376407053,9,24
1376407209,10,23
1376407572,10,23
1376407646,11,22
1376407782,10,23
1376407805,8,25
1376407894,9,24
1376407952,8,25
1376407986,8,25
1376408082,9,24
1376408121,10,23
1376408184,10,23
1376408233,9,24
1376408265,9,24
1376408424,10,23
1376409028,11,22
1376409276,11,22
1376409334,12,21
1376409366,13,20
1376409580,14,19
1376409703,14,19
1376409719,14,19
1376409804,16,17
1376409853,18,15
1376410242,19,14
1376410303,19,14
1376410305,20,13
1376410662,20,13
1376410666,19,14
1376410790,18,15
1376410922,17,16
1376411119,16,17
1376411522,17,16
1376411789,19,14
1376412023,20,13
1376412071,21,12
1376412209,22,11
1376412523,22,11
1376412547,20,13
1376412811,20,13
1376412834,21,12
1376412898,22,11
1376413301,22,11
1376413359,23,10
1376413368,24,9
1376413639,25,8
1376413781,25,8
1376413784,26,7
1376413864,25,8
1376414022,23,10
1376414127,24,9
1376414214,25,8
1376414374,26,7
1376414497,26,7
1376414558,25,8
1376414601,25,8
1376414681,26,7
1376414725,27,6
1376414802,27,6
1376414847,28,5
1376414910,26,6
1376414927,26,6
1376415039,27,5
1376415082,28,4
1376415199,28,5
1376415266,29,4
1376415606,30,3
1376415731,29,4
1376415879,30,3
1376415923,30,3
1376416527,30,3
1376416594,29,4
1376416890,28,5
1376416958,29,4
1376417021,30,3
1376417041,30,3
1376417383,30,3
1376417433,29,4
1376417464,28,5
1376417976,28,5
1376418027,29,4
1376418053,28,5
1376418189,29,4
1376418452,30,3
1376418521,30,3
1376418524,29,4
1376418850,30,3
1376419097,29,4
1376419559,27,6
1376419901,27,6
1376419952,28,5
1376420372,28,5
1376420409,29,4
1376420479,29,4
1376420535,30,3
1376420571,31,2
1376421176,31,2
1376421780,31,2
1376422384,31,2
1376422493,30,3
1376423097,30,3
1376423483,31,2
1376423959,30,3
1376424016,31,2
1376424077,31,2
1376424681,31,2
1376425285,31,2
1376425490,30,3
1376425601,31,2
1376425650,29,4
1376425698,30,3
1376425776,31,2
1376425843,31,2
1376426448,31,2
1376426906,31,2
1376426973,31,2
1376427311,30,3
1376427642,30,3
1376427680,31,2
1376428283,31,2
1376428843,31,2
1376428898,31,2
1376429502,31,2
1376430105,31,2
1376430709,31,2
1376431196,30,3
1376431328,31,2
1376431536,31,2
1376432140,31,2
1376432744,31,2
1376433348,31,2
1376433951,31,2
1376434555,31,2
1376435159,31,2
1376435763,31,2
1376436367,31,2
1376436640,29,4
1376437244,29,4
1376437848,29,4
1376438452,29,4
1376439055,29,4
1376439659,29,4
1376440263,29,4
1376440867,29,4
1376441470,29,4
1376442074,29,4
1376442678,29,4
1376443089,29,4
1376443693,29,4
1376444296,29,4
1376444900,29,4
1376445522,27,6
1376445583,22,11
1376445629,18,15
1376445694,16,17
1376445760,12,21
1376445811,9,24
1376446415,9,24
1376447018,9,24
1376447622,9,24
1376448226,9,24
1376448830,9,24
1376449434,9,24
1376450038,9,24
1376450642,9,24
1376451246,9,24
1376451849,9,24
1376452298,8,25
1376452903,8,25
1376453507,8,25
1376454111,8,25
1376454715,8,25
1376455319,8,25
1376455923,8,25
1376455997,9,24
1376456601,9,24
1376457204,9,24
1376457808,9,24
1376458412,9,24
1376459016,9,24
1376459619,9,24
1376460163,9,24
1376460166,10,23
1376460770,10,23
1376461221,11,22
1376461471,11,22
1376461521,12,21
1376461901,12,21
1376461905,11,22
1376462107,10,23
1376462264,10,23
1376462301,11,22
1376462659,12,21
1376462702,11,22
1376463221,11,22
1376463230,12,21
1376463628,13,20
1376463975,12,21
1376464135,11,22
1376464531,10,23
1376464603,10,23
1376464649,10,23
1376464755,9,24
1376464806,8,25
1376465410,8,25
1376465798,8,25
1376465810,9,24
1376466121,10,23
1376466725,10,23
1376467330,10,23
1376467663,10,23
1376467673,11,22
1376467874,12,21
1376467938,12,21
1376467989,11,22
1376468593,11,22
1376469197,11,22
1376469801,11,22
1376470406,11,22
1376470647,12,21
1376471252,12,21
1376471855,12,21
1376472459,12,21
1376472524,13,20
1376472681,13,20
1376472749,14,19
1376472993,13,20
1376473597,13,20
1376474201,13,20
1376474805,13,20
1376474920,13,20
1376474955,15,18
1376475042,14,19
1376475046,13,20
1376475583,13,20
1376475610,13,20
1376476214,13,20
1376476353,13,20
1376476384,14,19
1376476478,11,22
1376476942,10,23
1376477094,9,24
1376477280,7,26
1376477542,8,25
1376478146,8,25
1376478243,9,24
1376478306,10,23
1376478521,10,23
1376478532,11,22
1376478662,10,23
1376479266,10,23
1376479630,11,22
1376479951,10,23
1376480556,10,23
1376480681,9,24
1376480743,9,24
1376480830,9,24
1376480899,9,24
1376480961,10,23
1376481283,10,23
1376481341,11,22
1376481403,10,23
1376481877,11,22
1376482481,11,22
1376482782,11,22
1376482809,13,20
1376483024,13,20
1376483033,14,19
1376483258,14,19
1376483277,14,19
1376483490,16,17
1376483572,16,17
1376483662,16,17
1376483723,17,16
1376483787,18,15
1376483823,19,14
1376484428,19,14
1376484971,18,15
1376485575,18,15
1376486180,18,15
1376486731,17,16
1376486777,18,15
1376486828,19,14
1376486957,18,15
1376487091,19,14
1376487696,19,14
1376487803,18,15
1376488480,18,15
1376488523,19,14
1376488664,19,14
1376488720,18,15
1376488762,21,12
1376488870,22,11
1376488928,22,11
1376489019,23,10
1376489243,23,10
1376489324,24,9
1376489471,24,9
1376489627,24,9
1376489982,23,10
1376490340,22,11
1376490523,22,11
1376490544,20,13
1376490720,21,12
1376490934,21,12
1376491455,20,13
1376491500,19,14
1376491763,18,15
1376492166,18,15
1376492320,17,16
1376492557,18,15
1376492606,19,14
1376492830,20,13
1376492918,20,13
1376492931,21,12
1376493459,21,12
1376493497,20,13
1376493557,20,13
1376493624,19,14
1376493692,19,14
1376493737,20,13
1376493806,19,14
1376493883,18,15
1376494120,17,16
1376494281,17,16
1376494314,18,15
1376494439,19,14
1376494685,20,13
1376494768,20,13
1376494841,21,12
1376494899,21,12
1376494908,22,11
1376495014,22,11
1376495436,20,13
1376495452,21,12
1376495553,21,12
1376495639,21,12
1376495738,21,12
1376495858,21,12
1376495868,22,11
1376495942,22,11
1376496051,22,11
1376496162,22,11
1376496165,23,10
1376496245,24,9
1376496341,23,10
1376496496,22,11
1376496555,23,10
1376496812,23,10
1376496849,24,9
1376497138,23,10
1376497243,23,10
1376497253,24,9
1376497393,23,10
1376497465,22,11
1376497923,22,11
1376498079,20,13
1376498128,19,14
1376498538,18,15
1376498742,18,15
1376498768,18,15
1376498911,16,17
1376499305,15,18
1376499404,16,17
1376499409,17,16
1376499703,19,14
1376499915,19,14
1376500117,20,13
1376500282,19,14
1376500355,19,14
1376500370,19,14
1376500514,18,15
1376500902,18,15
1376500905,19,14
1376501007,17,16
1376501143,17,16
1376501155,18,15
1376501250,18,15
1376501321,18,15
1376501362,18,15
1376501410,18,15
1376501502,14,19
1376501539,15,18
1376501605,16,17
1376501641,18,15
1376501767,19,14
1376502010,18,15
1376502095,19,14
1376502293,19,14
1376502516,18,15
1376502653,17,16
1376502780,18,15
1376502989,17,16
1376503197,16,17
1376503709,15,18
1376503772,15,18
1376503819,16,17
1376503964,18,15
1376504429,20,13
1376504564,21,12
1376504622,20,13
1376504679,20,13
1376504726,21,12
1376504756,22,11
1376505361,22,11
1376505494,21,12
1376505903,22,11
1376506164,20,13
1376506437,19,14
1376506536,20,13
1376507140,20,13
1376507314,21,12
1376507624,20,13
1376507644,19,14
1376508248,19,14
1376508853,19,14
1376509116,18,15
1376509720,18,15
1376509833,19,14
1376510437,19,14
1376510478,19,14
1376510528,19,13
1376510610,21,11
1376511214,21,12
1376511817,21,12
1376512084,21,12
1376512184,21,12
1376512233,21,12
1376512289,22,11
1376512363,23,10
1376512415,24,9
1376512449,25,8
1376512493,26,7
1376513098,26,7
1376513739,27,6
1376514335,27,6
1376514394,29,4
1376514427,30,3
1376514468,31,2
1376514817,29,4
1376514843,29,4
1376515447,29,4
1376515962,30,3
1376516622,31,2
1376516861,30,3
1376517102,30,3
1376517122,32,1
1376517726,32,1
1376518330,32,1
1376518934,32,1
1376519538,32,1
1376520037,32,1
1376520642,32,1
1376521245,32,1
1376521849,32,1
1376522452,32,1
1376523057,32,1
1376523162,32,1
1376523216,32,1
1376523820,32,1
1376524425,32,1
1376525029,32,1
1376525632,32,1
1376526236,32,1
1376526840,32,1
1376527444,32,1
1376528048,32,1
1376528651,32,1
1376529255,32,1
1376529488,32,1
1376530092,32,1
1376530696,32,1
1376531299,32,1
1376531903,32,1
1376532507,32,1
1376533111,32,1
1376533536,31,2
1376533586,29,4
1376533652,25,8
1376533723,21,12
1376533767,19,14
1376533836,17,16
1376533894,14,19
1376533909,13,20
1376533972,12,21
1376534576,12,21
1376535180,12,21
1376535783,12,21
1376536056,11,22
1376536419,10,23
1376536477,6,27
1376536512,4,29
1376536552,3,30
1376537155,3,30
1376537339,2,31
1376537420,0,33
1376538024,0,33
1376538628,0,33
1376539231,0,33
1376539835,0,33
1376540439,0,33
1376541043,0,33
1376541646,0,33
1376542250,0,33
1376542854,0,33
1376543458,0,33
1376544062,0,33
1376544665,0,33
1376545269,0,33
1376545873,0,33
1376546477,0,33
1376547081,0,33
1376547631,0,33
1376547657,1,32
1376548261,1,32
1376548471,2,31
1376549075,2,31
1376549680,2,31
1376550284,2,31
1376550887,2,31
1376551491,2,31
1376552062,1,32
1376552171,1,32
1376552414,0,33
1376553018,0,33
1376553621,0,33
1376554225,0,33
1376554542,0,33
1376554599,1,32
1376554841,1,32
1376554881,2,31
1376554933,3,30
1376555537,3,30
1376556097,2,31
1376556148,2,31
1376556193,2,31
1376556455,1,32
1376557059,1,32
1376557335,2,31
1376557940,2,31
1376558322,2,31
1376558325,3,30
1376558929,3,30
1376559533,3,30
1376560099,0,33
1376560174,0,33
1376560238,0,33
1376560250,0,33
1376560833,0,33
1376560869,1,32
1376560995,1,32
1376561034,2,31
1376561639,2,31
1376561742,2,31
1376561744,3,30
1376562349,3,30
1376562972,3,30
1376563057,3,30
1376563110,4,29
1376563287,2,31
1376563892,2,31
1376564405,3,30
1376564542,4,29
1376564679,3,30
1376564910,2,31
1376565084,3,30
1376565220,4,29
1376565517,3,30
1376565552,3,30
1376565787,2,31
1376566391,2,31
1376566801,1,32
1376566949,0,33
1376567553,0,33
1376567800,0,33
1376567842,0,33
1376568370,1,32
1376568448,0,33
1376568602,0,33
1376568703,0,33
1376569329,1,32
1376569934,1,32
1376570018,1,32
1376570045,2,31
1376570650,2,31
1376570821,4,29
1376571222,2,30
1376571255,3,29
1376571333,4,28
1376571384,4,28
1376571453,3,29
1376571517,2,30
1376571570,3,29
1376571611,4,28
1376571689,4,28
1376571759,4,29
1376571815,4,29
1376571848,5,28
1376572116,3,30
1376572173,3,30
1376572760,5,28
1376572902,6,27
1376573443,6,27
1376573477,7,26
1376573610,8,25
1376573729,8,25
1376573777,9,24
1376573852,9,24
1376573894,10,23
1376573971,12,21
1376574311,14,19
1376574641,13,20
1376574644,12,21
1376574872,13,20
1376575477,13,20
1376575585,13,20
1376575619,14,19
1376576223,14,19
1376576411,13,20
1376576500,13,20
1376576623,14,19
1376576628,13,20
1376576743,14,19
1376577061,15,18
1376577206,16,17
1376577811,16,17
1376577883,15,18
1376577920,16,17
1376578335,14,19
1376578568,13,20
1376579173,13,20
1376579358,12,21
1376579966,13,20
1376580090,14,19
1376580353,13,20
1376580822,15,18
1376580926,14,19
1376580959,15,18
1376581564,15,18
1376581766,14,19
1376582370,14,19
1376582664,14,19
1376582697,14,19
1376582795,14,19
1376582853,15,18
1376583296,16,17
1376583900,16,17
1376584317,17,16
1376584830,16,17
1376585434,16,17
1376586038,16,17
1376586341,16,17
1376586344,17,16
1376586641,18,15
1376586753,16,17
1376587356,16,17
1376587689,14,19
1376587802,15,18
1376587895,16,17
1376588323,16,17
1376588370,18,15
1376588491,18,15
1376588605,19,14
1376588638,18,15
1376589243,18,15
1376589847,18,15
1376590451,18,15
1376590731,17,16
1376591144,16,17
1376591250,14,19
1376591678,13,20
1376591691,12,21
1376592295,12,21
1376592398,11,21
1376592463,9,24
1376592514,7,26
1376592569,7,26
1376592915,7,26
1376592970,7,25
1376593010,8,24
1376593097,8,24
1376593167,8,23
1376593205,9,22
1376593543,8,23
1376593600,8,23
1376593608,10,21
1376594212,10,23
1376594503,9,24
1376594522,8,25
1376594724,10,23
1376594827,9,24
1376595431,9,24
1376596035,9,24
1376596639,9,24
1376597150,10,23
1376597672,11,22
1376597703,12,21
1376597780,13,20
1376598246,11,22
1376598850,11,22
1376599244,12,21
1376599848,12,21
1376600482,13,20
1376600610,13,20
1376600669,13,20
1376600758,13,20
1376600861,13,20
1376600913,15,18
1376601518,15,18
1376601700,15,18
1376601713,16,17
1376601863,16,17
1376601937,17,16
1376601980,18,15
1376602059,18,15
1376602105,18,15
1376602155,19,14
1376602188,20,13
1376602294,21,12
1376602367,22,11
1376602461,23,10
1376602721,27,6
1376602754,29,4
1376602902,29,4
1376602996,30,3
1376603057,29,4
1376603233,29,4
1376603279,30,3
1376603541,30,3
1376603588,31,2
1376604192,31,2
1376604796,31,2
1376605401,31,2
1376606005,31,2
1376606609,31,2
1376607212,31,2
1376607816,31,2
1376608420,31,2
1376609024,31,2
1376609628,31,2
1376610231,31,2
1376610835,31,2
1376611439,31,2
1376612043,31,2
1376612647,31,2
1376613251,31,2
1376613855,31,2
1376614458,31,2
1376615062,31,2
1376615623,31,2
1376615675,26,7
1376615715,25,8
1376615923,11,22
1376615928,11,22
1376616532,11,22
1376617136,11,22
1376617706,12,21
1376618309,12,21
1376618913,12,21
1376619517,12,21
1376620121,12,21
1376620724,12,21
1376621328,12,21
1376621932,12,21
1376622536,12,21
1376623140,12,21
1376623743,12,21
1376624347,12,21
1376624952,12,21
1376625557,12,21
1376626160,12,21
1376627083,12,21
1376627093,12,21
1376627697,12,21
1376628301,12,21
1376628905,12,21
1376629081,11,22
1376629533,11,22
1376629587,12,20
1376630191,12,21
1376630795,12,21
1376631399,12,21
1376632413,12,21
1376633002,13,20
1376633374,13,20
1376633978,13,20
1376634090,14,19
1376634472,13,20
1376634699,13,20
1376634710,14,19
1376635314,14,19
1376635476,15,18
1376635837,15,18
1376635876,16,17
1376635907,15,18
1376636388,14,19
1376636863,13,20
1376637468,13,20
1376638071,13,20
1376638416,14,19
1376638472,15,18
1376638594,15,18
1376638613,14,19
1376639189,15,18
1376639375,14,19
1376639681,14,19
1376639694,15,18
1376640298,15,18
1376640908,15,18
1376641514,15,18
1376641662,15,18
1376641686,15,18
1376641865,14,19
1376641954,15,18
1376642319,15,18
1376642331,16,17
1376642638,15,18
1376642737,14,19
1376642835,13,20
1376643240,12,21
1376643338,12,21
1376643382,12,21
1376643454,11,22
1376643607,10,23
1376644278,9,24
1376644578,8,25
1376644800,7,26
1376645413,7,26
1376645619,8,25
1376645855,10,23
1376645950,9,24
1376646061,8,25
1376646664,8,25
1376646761,7,26
1376646866,7,26
1376646897,8,25
1376646972,7,26
1376647082,6,27
1376647472,6,27
1376647538,7,26
1376647603,8,25
1376647684,7,26
1376647764,8,25
1376647877,9,24
1376648022,8,25
1376648598,9,24
1376648965,8,25
1376649117,9,24
1376649492,10,23
1376649813,10,23
1376649857,11,22
1376649888,12,21
1376650492,12,21
1376650598,13,20
1376650903,12,21
1376650929,12,21
1376651017,12,21
1376651081,13,20
1376651105,14,19
1376651194,14,19
1376651240,16,17
1376651418,17,16
1376652022,17,16
1376652635,17,16
1376652689,18,15
1376652930,17,16
1376652963,18,15
1376653302,18,15
1376653359,21,12
1376653483,22,11
1376653485,22,11
1376653604,22,11
1376653606,23,10
1376654210,23,10
1376654730,24,9
1376654884,25,8
1376654950,24,9
1376655377,22,11
1376655635,23,10
1376656246,23,10
1376656754,22,11
1376656903,22,11
1376656906,23,10
1376657202,24,9
1376657478,25,8
1376657606,24,9
1376657689,23,10
1376657904,22,11
1376658513,23,10
1376658747,22,11
1376658811,22,11
1376658878,23,10
1376658937,24,9
1376658993,25,8
1376659025,26,7
1376659411,25,8
1376659723,24,9
1376659783,24,9
1376659787,23,10
1376659938,22,11
1376660542,22,11
1376660671,21,12
1376660984,21,12
1376661013,23,10
1376661330,24,9
1376661389,25,8
1376661667,24,9
1376661879,25,8
1376662222,24,9
1376662252,21,12
1376662312,20,13
1376662828,20,13
1376662947,20,13
1376663018,20,13
1376663079,23,10
1376663092,24,9
1376663558,23,10
1376663707,24,9
1376663896,25,8
1376664451,25,8
1376664563,23,10
1376665535,23,10
1376665663,22,11
1376665666,21,12
1376666271,21,12
1376666399,20,13
1376666519,21,12
1376667123,21,12
1376667727,21,12
1376667784,20,13
1376667916,19,14
1376668118,20,13
1376668170,19,14
1376668193,18,15
1376668755,19,14
1376669002,19,14
1376669048,21,12
1376669383,22,11
1376669552,21,12
1376669878,19,14
1376669956,20,13
1376670017,19,14
1376670163,21,12
1376670201,21,12
1376670285,20,13
1376670309,19,14
1376670481,21,12
1376670865,22,11
1376671184,21,12
1376671333,20,13
1376671536,21,12
1376671608,20,13
1376672212,20,13
1376672339,19,14
1376672731,18,15
1376672895,19,14
1376673500,19,14
1376674103,19,14
1376674437,20,13
1376675041,20,13
1376675521,21,12
1376676158,21,12
1376676168,22,11
1376676773,22,11
1376676845,23,10
1376677455,23,10
1376678060,23,10
1376678441,22,11
1376678999,21,12
1376679514,20,13
1376679929,21,12
1376679983,22,11
1376680122,23,10
1376680183,23,10
1376680196,24,9
1376680357,25,8
1376680962,25,8
1376681567,25,8
1376681742,25,8
1376681753,26,7
1376682207,25,8
1376682273,26,7
1376682296,25,8
1376682999,25,8
1376683036,26,7
1376683169,25,8
1376683234,25,8
1376683348,25,8
1376683782,25,8
1376683830,26,7
1376684021,27,6
1376684626,27,6
1376685230,27,6
1376685833,27,6
1376686483,28,5
1376686486,29,4
1376687090,29,4
1376687497,29,4
1376688101,29,4
1376688705,29,4
1376688923,25,8
1376689049,26,7
1376689122,27,6
1376689169,28,5
1376689242,29,4
1376689245,28,5
1376689341,29,4
1376689945,29,4
1376690549,29,4
1376691076,30,3
1376691686,31,2
1376692290,31,2
1376692895,31,2
1376695300,30,3
1376695903,30,3
1376696052,29,4
1376696656,29,4
1376697259,29,4
1376697863,29,4
1376698164,29,4
1376698240,30,3
1376698274,30,3
1376698357,32,1
1376698400,32,1
1376699005,32,1
1376699608,32,1
1376700213,32,1
1376700817,32,1
1376701420,32,1
1376702024,32,1
1376702289,32,1
1376702338,32,1
1376702431,32,1
1376702450,32,1
1376702669,32,1
1376703273,32,1
1376703877,32,1
1376704481,32,1
1376704951,31,2
1376705555,31,2
1376706078,32,1
1376706681,32,1
1376707285,32,1
1376707889,32,1
1376708493,32,1
1376709096,32,1
1376709700,32,1
1376710304,32,1
1376710908,32,1
1376711511,32,1
1376712115,32,1
1376712720,32,1
1376713324,32,1
1376713928,32,1
1376714531,32,1
1376714779,31,2
1376714822,31,2
1376715147,30,3
1376715751,30,3
1376715800,31,2
1376716259,30,3
1376716864,30,3
1376717468,30,3
1376718071,30,3
1376718675,30,3
1376719279,30,3
1376719883,30,3
1376720487,30,3
1376721091,30,3
1376721112,29,4
1376721716,29,4
1376722320,29,4
1376722838,29,4
1376722850,30,3
1376723455,30,3
1376724059,30,3
1376724153,29,4
1376724757,29,4
1376725362,29,4
1376725724,30,3
1376725928,29,4
1376726533,29,4
1376726887,28,5
1376727490,28,5
1376727941,28,5
1376727951,29,4
1376728239,30,3
1376728288,31,2
1376728893,31,2
1376729481,32,1
1376730085,32,1
1376730561,31,2
1376731165,31,2
1376731437,30,3
1376731535,29,4
1376731624,30,3
1376732228,30,3
1376732660,30,3
1376732692,31,2
1376732902,30,3
1376732962,29,4
1376733134,28,5
1376733509,27,6
1376733644,27,6
1376733646,28,5
1376733865,27,6
1376734083,26,7
1376734592,27,6
1376734815,28,5
1376735131,29,4
1376735190,28,5
1376735233,29,4
1376735359,30,3
1376735963,30,3
1376736037,29,4
1376736640,29,4
1376736845,30,3
1376737451,30,3
1376738055,30,3
1376738196,29,4
1376738669,28,5
1376739086,28,5
1376739140,29,4
1376739169,30,3
1376739437,31,2
1376739972,29,4
1376740523,30,3
1376740903,30,3
1376740926,28,5
1376741023,28,5
1376741026,29,4
1376741324,29,4
1376741334,30,3
1376741434,31,2
1376742037,31,2
1376742641,31,2
1376743245,31,2
1376743485,31,2
1376743492,30,3
1376744122,31,2
1376744487,30,3
1376744557,31,2
1376745161,31,2
1376745765,31,2
1376746110,30,3
1376746538,31,2
1376746604,30,3
1376746607,31,2
1376747211,31,2
1376747614,31,2
1376747803,32,1
1376747864,32,1
1376747979,32,1
1376748031,32,1
1376748066,33,0
1376748671,33,0
1376749274,33,0
1376749380,32,1
1376749794,31,2
1376749985,30,3
1376750050,30,3
1376750244,31,2
1376750319,32,1
1376750609,31,2
1376750841,32,1
1376751445,32,1
1376751487,33,0
1376752091,33,0
1376752695,33,0
1376753300,33,0
1376753345,32,1
1376753627,32,1
1376753629,33,0
1376754233,33,0
1376754837,33,0
1376755441,33,0
1376755667,33,0
1376756270,33,0
1376756874,33,0
1376757478,33,0
1376757703,32,1
1376758308,32,1
1376758707,31,2
1376758744,31,2
1376759022,31,2
1376759037,30,3
1376759143,30,3
1376759203,30,3
1376759246,29,4
1376759271,29,4
1376759368,30,3
1376759486,31,2
1376759956,30,3
1376759999,29,4
1376760103,30,3
1376760165,31,2
1376760171,32,1
1376760669,30,3
1376760903,29,4
1376761243,30,3
1376761246,31,2
1376761553,30,3
1376762158,30,3
1376762681,29,4
1376762691,28,5
1376762762,27,6
1376762923,26,7
1376762964,28,5
1376763163,29,4
1376763174,30,3
1376763494,31,2
1376763577,32,1
1376763629,32,1
1376763690,32,1
1376764295,32,1
1376764899,32,1
1376765073,33,0
1376765102,32,1
1376765707,32,1
1376765791,33,0
1376765823,32,1
1376766099,31,2
1376766110,32,1
1376766583,32,1
1376767187,32,1
1376767791,32,1
1376768395,32,1
1376768999,32,1
1376769197,30,3
1376769337,31,2
1376769513,30,3
1376769577,30,3
1376769611,30,3
1376769672,31,2
1376769796,29,4
1376770400,29,4
1376770627,28,5
1376771312,30,3
1376771718,31,2
1376772036,30,3
1376772076,30,3
1376772131,31,2
1376772281,32,1
1376772885,32,1
1376773061,32,1
1376773665,32,1
1376774205,32,1
1376774247,32,1
1376774375,33,0
1376774394,32,1
1376774558,32,1
1376775162,32,1
1376775735,33,0
1376775782,32,1
1376776066,32,0
1376776112,32,1
1376776715,32,1
1376777319,32,1
1376777622,32,1
1376778286,31,2
1376778289,30,3
1376778882,31,2
1376779184,32,1
1376779199,32,1
1376779804,32,1
1376780407,32,1
1376781011,32,1
1376781615,32,1
1376781924,33,0
1376781992,32,1
1376782017,32,1
1376782083,32,1
1376782178,32,1
1376782194,32,1
1376782797,32,1
1376783401,32,1
1376783619,32,1
1376783667,32,1
1376783722,32,1
1376784326,32,1
1376784930,32,1
1376785534,32,1
1376786138,32,1
1376786370,31,2
1376786973,31,2
1376787577,31,2
1376788182,31,2
1376788630,31,2
1376788689,31,2
1376788859,31,2
1376789503,32,1
1376790107,32,1
1376790711,32,1
1376791314,32,1
1376791918,32,1
1376792522,32,1
1376793126,32,1
1376793730,32,1
1376794333,32,1
1376794937,32,1
1376795541,32,1
1376796145,32,1
1376796748,32,1
1376797352,32,1
1376797956,32,1
1376798560,32,1
1376799164,32,1
1376799767,32,1
1376800372,32,1
1376800976,32,1
1376801579,32,1
1376802183,32,1
1376802787,32,1
1376803391,32,1
1376803994,32,1
1376804598,32,1
1376805202,32,1
1376805806,32,1
1376806409,32,1
1376807013,32,1
1376807617,32,1
1376808221,32,1
1376808824,32,1
1376809428,32,1
1376810032,32,1
1376810625,32,1
1376810676,32,1
1376811280,32,1
1376811883,32,1
1376812487,32,1
1376812797,33,0
1376812850,32,1
1376813454,32,1
1376814058,32,1
1376814662,32,1
1376814858,31,2
1376815462,31,2
1376816066,31,2
1376816435,30,3
1376817039,30,3
1376817643,30,3
1376818247,30,3
1376818664,31,2
1376819084,31,2
1376819095,32,1
1376819699,32,1
1376820303,32,1
1376820907,32,1
1376821415,32,1
1376821484,32,1
1376822055,31,2
1376822659,31,2
1376823263,31,2
1376823598,31,2
1376824202,31,2
1376824483,31,2
1376824529,31,2
1376825133,31,2
1376825308,30,3
1376825421,29,4
1376825782,28,5
1376825813,27,6
1376826172,26,7
1376826777,26,7
1376827380,26,7
1376827756,27,6
1376828089,26,7
1376828693,26,7
1376829174,25,8
1376829335,24,9
1376829939,24,9
1376830545,24,9
1376831149,24,9
1376831753,24,9
1376832357,24,9
1376832821,25,8
1376832927,24,9
1376833005,24,9
