1376208617,43,0
1376209220,43,0
1376209824,43,0
1376210318,42,1
1376210358,41,2
1376210962,41,2
1376211565,41,2
1376212169,41,2
1376212773,41,2
1376213368,39,4
1376213421,39,4
1376213710,40,3
1376214164,41,2
1376214166,42,1
1376214638,41,2
1376214700,42,1
1376214759,42,1
1376214798,42,1
1376214876,42,1
1376214934,43,0
1376215537,43,0
1376216141,43,0
1376216744,43,0
1376217348,43,0
1376217951,43,0
1376218555,43,0
1376219158,43,0
1376219762,43,0
1376220366,43,0
1376220415,42,1
1376221019,42,1
1376221201,43,0
1376221805,43,0
1376222408,43,0
1376223012,43,0
1376223219,42,1
1376223822,42,1
1376224024,43,0
1376224628,43,0
1376225231,43,0
1376225834,43,0
1376226438,43,0
1376227041,43,0
1376227352,43,0
1376227955,43,0
1376228559,43,0
1376228835,42,1
1376228898,42,1
1376228972,43,0
1376229039,40,3
1376229101,37,6
1376229148,35,8
1376229204,33,10
1376229235,32,11
1376229839,32,11
1376230473,33,10
1376231076,33,10
1376231289,33,10
1376231373,34,9
1376231416,35,8
1376232019,35,8
1376232623,35,8
1376233245,35,8
1376233247,36,7
1376233851,36,7
1376234455,36,7
1376234814,35,8
1376235273,36,7
1376235876,36,7
1376236480,36,7
1376237084,36,7
1376237687,36,7
1376238145,36,6
1376238365,37,5
1376238968,37,5
1376239572,37,5
1376239945,38,4
1376240135,38,4
1376240739,38,4
1376241343,38,4
1376241934,38,4
1376241973,38,4
1376242041,38,3
1376242124,39,3
1376242159,40,2
1376242564,38,4
1376242999,39,3
1376243602,39,3
1376244100,38,4
1376244118,38,4
1376244283,40,2
1376244675,41,1
1376245279,41,1
1376245883,41,1
1376246082,41,1
1376246109,41,1
1376246713,41,1
1376246763,40,2
1376247367,40,2
1376247971,40,2
1376248057,40,2
1376248102,40,2
1376248349,41,1
1376248873,42,0
1376249435,42,0
1376249467,42,0
1376250092,42,0
1376250696,42,0
1376251299,42,0
1376251903,42,0
1376252076,42,0
1376252087,42,0
1376252690,42,0
1376253294,42,0
1376253898,42,0
1376254061,42,0
1376254076,42,0
1376254679,42,0
1376255283,42,0
1376255887,42,0
1376256040,41,1
1376256098,41,1
1376256132,42,0
1376256193,42,0
1376256797,42,0
1376257400,42,0
1376257688,41,1
1376258015,41,1
1376258058,41,1
1376258661,41,1
1376258976,42,0
1376259580,42,0
1376260048,42,0
1376260651,42,0
1376261255,42,0
1376261858,42,0
1376262038,42,0
1376262642,42,0
1376263245,42,0
1376263849,42,0
1376264018,42,0
1376264029,42,0
1376264632,42,0
1376265236,42,0
1376265839,42,0
1376266003,42,0
1376266019,42,0
1376266623,42,0
1376267226,42,0
1376267830,42,0
1376267982,42,0
1376268010,42,0
1376268613,42,0
1376269217,42,0
1376269820,42,0
1376269956,42,0
1376269999,42,0
1376270603,42,0
1376270896,42,0
1376271500,42,0
1376271991,42,0
1376272594,42,0
1376273198,42,0
1376273801,42,0
1376273980,42,0
1376274584,42,0
1376275187,42,0
1376275791,42,0
1376275960,42,0
1376275971,42,0
1376276574,42,0
1376277177,42,0
1376277781,42,0
1376277935,42,0
1376277965,42,0
1376278568,42,0
1376279172,42,0
1376279775,42,0
1376279922,42,0
1376279954,42,0
1376280558,42,0
1376281162,42,0
1376281705,41,1
1376281902,41,1
1376281945,41,1
1376282548,41,1
1376283152,41,1
1376283756,41,1
1376283936,41,1
1376284539,41,1
1376285143,41,1
1376285746,41,1
1376285863,41,1
1376285916,40,2
1376285962,41,1
1376286566,41,1
1376286901,40,2
1376286991,41,1
1376287595,41,1
1376287842,41,1
1376287903,42,0
1376287916,42,0
1376288306,41,1
1376288369,40,2
1376288395,41,1
1376288474,42,0
1376288546,41,1
1376288969,41,1
1376289220,42,0
1376289461,41,1
1376289598,42,0
1376289880,42,0
1376289907,42,0
1376289995,41,1
1376290123,40,2
1376290297,38,4
1376290328,38,4
1376290394,38,4
1376290437,39,3
1376290513,38,4
1376290647,38,4
1376290762,37,5
1376290840,39,3
1376290917,40,2
1376291043,41,1
1376291115,42,0
1376291175,42,0
1376291355,41,1
1376291443,41,1
1376291456,41,1
1376291860,41,2
1376291981,41,2
1376291989,42,1
1376292100,41,2
1376292125,42,1
1376292343,42,1
1376292353,43,0
1376292526,42,1
1376292893,41,2
1376293497,41,2
1376293859,42,1
1376294502,41,2
1376294557,40,3
1376294676,41,2
1376294809,40,3
1376295412,40,3
1376296016,40,3
1376296620,40,3
1376296778,41,2
1376297074,40,3
1376297685,40,3
1376297960,39,4
1376298563,39,4
1376299167,39,4
1376299770,39,4
1376300374,39,4
1376300954,39,4
1376301021,40,3
1376301086,40,3
1376301137,41,2
1376301169,42,1
1376301773,42,1
1376301940,42,1
1376301948,43,0
1376302552,43,0
1376303155,43,0
1376303759,43,0
1376304362,43,0
1376304966,43,0
1376305569,43,0
1376305754,42,1
1376306357,42,1
1376306961,42,1
1376307535,41,2
1376308138,41,2
1376308509,40,3
1376308680,39,4
1376309292,39,4
1376309895,39,4
1376310043,39,4
1376310051,40,3
1376310655,40,3
1376311062,40,3
1376311065,41,2
1376311467,40,3
1376311505,40,3
1376311948,41,2
1376312275,42,1
1376312336,42,1
1376312940,42,1
1376313544,42,1
1376313762,43,0
1376314366,43,0
1376314969,43,0
1376315600,43,0
1376316204,43,0
1376316748,43,0
1376317351,43,0
1376317954,43,0
1376318558,43,0
1376318672,43,0
1376318851,42,1
1376319233,43,0
1376319836,43,0
1376320440,43,0
1376321044,43,0
1376321648,43,0
1376322214,41,2
1376322327,40,3
1376322521,41,2
1376322929,42,1
1376322955,43,0
1376323559,43,0
1376324163,43,0
1376324767,43,0
1376325206,42,1
1376325365,43,0
1376325969,43,0
1376326422,42,1
1376326602,41,2
1376326604,42,1
1376327207,42,1
1376327811,42,1
1376328017,43,0
1376328620,43,0
1376329107,41,2
1376329180,41,2
1376329189,42,1
1376329292,43,0
1376329896,43,0
1376330500,43,0
1376331103,43,0
1376331264,42,1
1376331868,42,1
1376332472,42,1
1376333075,42,1
1376333679,42,1
1376334282,42,1
1376334390,42,1
1376334421,43,0
1376335025,43,0
1376335628,43,0
1376336232,43,0
1376336836,43,0
1376337439,43,0
1376338043,43,0
1376338646,43,0
1376339249,43,0
1376339853,43,0
1376340456,43,0
1376341060,43,0
1376341664,43,0
1376342268,43,0
1376342601,42,1
1376343191,43,0
1376343795,43,0
1376344398,43,0
1376345002,43,0
1376345605,43,0
1376346209,43,0
1376346812,43,0
1376347416,43,0
1376348019,43,0
1376348622,43,0
1376349226,43,0
1376349831,43,0
1376350434,43,0
1376351038,43,0
1376351642,43,0
1376352247,43,0
1376352851,43,0
1376353455,43,0
1376354058,43,0
1376354661,43,0
1376355265,43,0
1376355868,43,0
1376356472,43,0
1376357075,43,0
1376357366,43,0
1376357969,43,0
1376358573,43,0
1376359176,43,0
1376359780,43,0
1376360383,43,0
1376360987,43,0
1376361590,43,0
1376362194,43,0
1376362797,43,0
1376363401,43,0
1376364004,43,0
1376364608,43,0
1376365212,43,0
1376365815,43,0
1376366419,43,0
1376367023,43,0
1376367626,43,0
1376368202,42,1
1376368806,42,1
1376369409,42,1
1376370013,42,1
1376370616,42,1
1376371220,42,1
1376371823,42,1
1376372105,41,2
1376372510,40,3
1376373113,40,3
1376373485,40,3
1376373568,40,3
1376373767,39,4
1376374049,38,5
1376374119,38,5
1376374175,37,6
1376374469,36,7
1376374781,37,6
1376374794,36,7
1376374922,37,6
1376375192,38,5
1376375235,39,4
1376375820,38,5
1376376095,37,6
1376376136,37,6
1376376165,37,6
1376376264,38,5
1376376497,37,6
1376376590,36,7
1376376763,37,6
1376376767,38,5
1376377033,39,4
1376377218,38,5
1376377382,37,6
1376377595,39,4
1376377700,39,4
1376377834,38,5
1376377960,38,5
1376378025,40,3
1376378068,40,3
1376378179,41,2
1376378342,42,1
1376378522,41,2
1376378658,39,4
1376378801,38,5
1376379100,37,6
1376379300,36,7
1376379904,36,7
1376380507,36,7
1376380880,37,6
1376381021,37,6
1376381023,36,7
1376381629,36,7
1376381691,35,8
1376382295,35,8
1376382523,36,7
1376383127,36,7
1376383414,37,6
1376384018,37,6
1376384621,37,6
1376385225,37,6
1376385828,37,6
1376386431,37,6
1376386906,36,7
1376387297,37,6
1376387900,37,6
1376388038,38,5
1376388642,38,5
1376388977,37,6
1376389417,38,5
1376389662,39,4
1376389665,40,3
1376389898,41,2
1376390065,41,2
1376390293,39,4
1376390362,41,2
1376390883,42,1
1376391487,42,1
1376392090,42,1
1376392694,42,1
1376392758,43,0
1376393142,42,1
1376393267,42,1
1376393870,42,1
1376394359,41,2
1376394499,42,1
1376394618,43,0
1376394792,42,1
1376394980,43,0
1376395584,43,0
1376396187,43,0
1376396791,43,0
1376397062,42,1
1376397157,43,0
1376397761,43,0
1376397871,42,1
1376397956,42,1
1376398559,42,1
1376399163,42,1
1376399679,41,2
1376399687,41,2
1376399842,42,1
1376400445,42,1
1376401049,42,1
1376401108,41,2
1376401711,41,2
1376401841,41,2
1376401879,41,2
1376401961,42,1
1376401992,41,2
1376402595,41,2
1376403199,41,2
1376403801,41,2
1376404405,41,2
1376405008,41,2
1376405462,40,3
1376405652,41,2
1376405897,40,3
1376406222,41,2
1376406825,41,2
1376407090,42,1
1376407596,43,0
1376408199,43,0
1376408492,42,1
1376408887,40,3
1376409482,42,1
1376409531,41,2
1376409986,42,1
1376410472,43,0
1376410930,42,1
1376410968,41,2
1376411073,42,1
1376411415,43,0
1376412019,43,0
1376412622,43,0
1376413226,43,0
1376413523,42,1
1376413661,42,1
1376413664,43,0
1376414011,42,1
1376414062,43,0
1376414666,43,0
1376415269,43,0
1376415874,43,0
1376416177,42,1
1376416570,43,0
1376417174,43,0
1376417777,43,0
1376417976,42,1
1376418579,42,1
1376418695,43,0
1376419299,43,0
1376419902,43,0
1376420120,42,1
1376420724,42,1
1376421327,42,1
1376421365,41,2
1376421438,41,2
1376421524,41,2
1376421526,42,1
1376422130,42,1
1376422733,42,1
1376423255,43,0
1376423859,43,0
1376423905,42,1
1376424511,42,1
1376425114,42,1
1376425717,42,1
1376426321,42,1
1376426924,42,1
1376427528,42,1
1376427778,41,2
1376428152,43,0
1376428755,43,0
1376429359,43,0
1376429962,43,0
1376430567,43,0
1376431170,43,0
1376431774,43,0
1376432377,43,0
1376432980,43,0
1376433584,43,0
1376434187,43,0
1376434791,43,0
1376435394,43,0
1376435998,43,0
1376436602,43,0
1376437206,43,0
1376437809,43,0
1376438413,43,0
1376439016,43,0
1376439620,43,0
1376440223,43,0
1376440827,43,0
1376441430,43,0
1376442034,43,0
1376442637,43,0
1376443241,43,0
1376443697,43,0
1376444301,43,0
1376444904,43,0
1376445508,43,0
1376446111,43,0
1376446241,42,1
1376446845,42,1
1376447448,42,1
1376448052,42,1
1376448655,42,1
1376449259,42,1
1376449862,42,1
1376450466,42,1
1376451069,42,1
1376451673,42,1
1376452276,42,1
1376452880,42,1
1376453483,42,1
1376454087,42,1
1376454383,41,2
1376454987,41,2
1376455590,41,2
1376456194,41,2
1376456798,41,2
1376457401,41,2
1376458005,41,2
1376458495,42,1
1376458961,41,2
1376459168,40,3
1376459772,40,3
1376460010,41,2
1376460464,39,4
1376460724,37,6
1376461328,37,6
1376461421,35,8
1376461529,35,8
1376461603,35,8
1376461644,36,7
1376461784,35,8
1376462176,36,7
1376462596,35,8
1376463199,35,8
1376463420,34,9
1376463572,33,10
1376463620,33,10
1376463763,33,10
1376463808,33,10
1376463943,32,11
1376464035,33,10
1376464107,34,9
1376464492,33,10
1376464744,32,11
1376464834,32,11
1376465023,32,11
1376465035,32,11
1376465182,33,10
1376465264,33,10
1376465266,34,9
1376465350,33,10
1376465420,34,9
1376465955,33,10
1376466224,33,10
1376466260,35,8
1376466399,34,9
1376466503,33,10
1376466785,34,9
1376467389,34,9
1376467992,34,9
1376468545,33,10
1376469148,33,10
1376469754,33,10
1376470358,33,10
1376470939,32,11
1376471543,32,11
1376472147,32,11
1376472713,33,10
1376473317,33,10
1376473921,33,10
1376474179,34,9
1376474610,33,10
1376475214,33,10
1376475321,34,9
1376475348,35,8
1376475488,34,9
1376475756,33,10
1376475819,34,9
1376476423,34,9
1376477027,34,9
1376477630,34,9
1376478160,34,9
1376478168,35,8
1376478329,36,7
1376478933,36,7
1376479034,37,6
1376479400,36,7
1376480004,36,7
1376480608,36,7
1376481130,37,6
1376481370,35,8
1376481973,35,8
1376482577,35,8
1376483180,35,8
1376483221,36,7
1376483437,36,7
1376484041,36,7
1376484644,36,7
1376485247,36,7
1376485851,36,7
1376486153,37,6
1376486756,37,6
1376487210,38,5
1376487814,38,5
1376488417,38,5
1376489021,38,5
1376489624,38,5
1376490220,39,4
1376490824,39,4
1376491237,40,3
1376491450,41,2
1376491807,40,3
1376492411,40,3
1376492617,41,2
1376493221,41,2
1376493714,42,1
1376494243,43,0
1376494846,43,0
1376495450,43,0
1376495906,42,1
1376496366,41,2
1376496792,40,3
1376497108,42,1
1376497244,42,1
1376497246,43,0
1376497664,42,1
1376497721,42,1
1376497741,43,0
1376497844,43,0
1376497846,42,1
1376498450,42,1
1376498860,40,3
1376499464,40,3
1376499615,41,2
1376500218,41,2
1376500822,41,2
1376500940,40,3
1376501138,40,3
1376501189,42,1
1376501222,43,0
1376501491,42,1
1376501979,42,1
1376501989,42,1
1376502592,42,1
1376503196,42,1
1376503799,42,1
1376504142,42,1
1376504527,41,2
1376505116,42,1
1376505285,42,1
1376505888,43,0
1376506492,43,0
1376507095,43,0
1376507699,43,0
1376508303,43,0
1376508513,42,1
1376509117,42,1
1376509720,42,1
1376510058,40,3
1376510562,41,2
1376510570,42,1
1376511173,42,1
1376511777,42,1
1376512380,42,1
1376512984,42,1
1376513587,42,1
1376514037,43,0
1376514400,42,1
1376514428,42,1
1376515031,42,1
1376515635,42,1
1376516239,42,1
1376516843,42,1
1376517446,42,1
1376517848,43,0
1376518452,43,0
1376519055,43,0
1376519659,43,0
1376520263,43,0
1376520866,43,0
1376521343,42,1
1376521947,42,1
1376522128,43,0
1376522732,43,0
1376523336,43,0
1376523939,43,0
1376524543,43,0
1376525146,43,0
1376525750,43,0
1376526353,43,0
1376526702,42,1
1376527305,42,1
1376527397,43,0
1376528001,43,0
1376528605,43,0
1376529208,43,0
1376529811,43,0
1376530157,43,0
1376530761,43,0
1376531364,43,0
1376531968,43,0
1376532571,43,0
1376533175,43,0
1376533778,43,0
1376534382,43,0
1376534985,43,0
1376535589,43,0
1376536192,43,0
1376536796,43,0
1376537399,43,0
1376537883,42,1
1376538487,42,1
1376539090,42,1
1376539694,42,1
1376540297,42,1
1376540901,42,1
1376541504,42,1
1376542108,42,1
1376542711,42,1
1376543315,42,1
1376543918,42,1
1376544522,42,1
1376544576,43,0
1376544744,42,1
1376545348,42,1
1376545865,43,0
1376546468,43,0
1376547072,43,0
1376547675,43,0
1376548279,43,0
1376548882,43,0
1376549486,43,0
1376549851,42,1
1376550420,41,2
1376550570,42,1
1376551174,42,1
1376551777,42,1
1376552381,42,1
1376552984,42,1
1376553590,42,1
1376554194,42,1
1376554797,42,1
1376555401,42,1
1376556005,42,1
1376556608,42,1
1376557049,41,2
1376557653,41,2
1376558257,41,2
1376558861,41,2
1376559464,41,2
1376560068,41,2
1376560671,41,2
1376561275,41,2
1376561879,41,2
1376562097,40,3
1376562155,39,4
1376562683,38,5
1376562823,39,4
1376562825,40,3
1376563193,39,4
1376563528,40,3
1376564132,40,3
1376564735,40,3
1376565335,41,2
1376565938,41,2
1376566542,41,2
1376566683,40,3
1376567287,40,3
1376567621,39,4
1376567900,40,3
1376568037,41,2
1376568337,41,2
1376568346,42,1
1376568950,42,1
1376569554,42,1
1376570136,43,0
1376570740,43,0
1376571212,42,1
1376571816,42,1
1376572055,43,0
1376572658,43,0
1376573262,43,0
1376573617,42,1
1376574101,42,1
1376574109,43,0
1376574712,43,0
1376575316,43,0
1376575919,43,0
1376576523,43,0
1376577126,43,0
1376577730,43,0
1376577848,43,0
1376578452,43,0
1376579055,43,0
1376579659,43,0
1376580195,42,1
1376580523,42,1
1376580526,41,2
1376581169,40,3
1376581240,40,3
1376581285,40,3
1376581889,40,3
1376582492,40,3
1376583043,40,3
1376583051,41,2
1376583486,42,1
1376583932,41,2
1376584034,43,0
1376584637,43,0
1376584723,42,1
1376584725,41,2
1376585232,42,1
1376585680,43,0
1376586283,43,0
1376586886,43,0
1376586955,42,1
1376587559,42,1
1376588162,42,1
1376588766,42,1
1376589369,42,1
1376589707,41,2
1376589995,42,1
1376590120,42,1
1376590174,42,1
1376590189,43,0
1376590251,43,0
1376590855,43,0
1376591458,43,0
1376592062,43,0
1376592665,43,0
1376593269,43,0
1376593477,41,2
1376593952,40,3
1376593982,40,3
1376594077,41,2
1376594559,41,2
1376594567,42,1
1376595171,42,1
1376595774,42,1
1376596378,42,1
1376596982,42,1
1376597585,42,1
1376597951,41,2
1376598010,42,1
1376598264,41,2
1376598451,41,2
1376598480,42,1
1376599086,42,1
1376599689,42,1
1376599799,42,1
1376599897,42,1
1376600074,42,1
1376600678,42,1
1376601281,42,1
1376601474,43,0
1376602078,43,0
1376602682,43,0
1376603286,43,0
1376603889,43,0
1376604493,43,0
1376605096,43,0
1376605701,43,0
1376606305,43,0
1376606413,42,1
1376607016,42,1
1376607620,42,1
1376608223,42,1
1376608827,42,1
1376609430,42,1
1376610033,42,1
1376610458,41,2
1376611061,41,2
1376611665,41,2
1376612260,40,3
1376612266,39,4
1376612548,41,2
1376613152,41,2
1376613755,41,2
1376614359,41,2
1376614962,41,2
1376615566,41,2
1376616170,41,2
1376616557,41,2
1376617160,41,2
1376617764,41,2
1376618367,41,2
1376618971,41,2
1376619574,41,2
1376619637,39,4
1376619703,33,10
1376619757,27,16
1376619824,24,18
1376619853,21,21
1376620456,21,21
1376621059,21,21
1376621663,21,21
1376622266,21,21
1376622869,21,21
1376623473,21,21
1376624077,21,21
1376624680,21,21
1376625284,21,21
1376625887,21,21
1376626491,21,21
1376627094,21,21
1376627346,20,22
1376627950,20,22
1376628553,20,22
1376629157,20,22
1376629761,20,22
1376630365,20,22
1376630968,20,22
1376631572,20,22
1376631614,19,23
1376632218,19,23
1376632639,20,22
1376633242,20,22
1376633524,19,23
1376634035,18,24
1376634249,17,25
1376634853,17,25
1376635318,18,24
1376635679,17,25
1376636323,17,25
1376636325,16,26
1376636929,16,26
1376637532,16,26
1376637973,17,25
1376638320,16,26
1376638924,16,26
1376639531,16,26
1376639914,17,25
1376640107,16,26
1376640711,16,26
1376641315,16,26
1376641823,17,25
1376642324,17,25
1376642326,18,24
1376642563,18,24
1376642572,19,23
1376642678,20,22
1376643281,20,22
1376643885,20,22
1376644488,20,22
1376644770,19,23
1376645374,19,23
1376645567,18,24
1376646193,17,25
1376646796,17,25
1376647400,17,25
1376647631,18,24
1376647818,19,23
1376647903,18,24
1376647906,19,23
1376648512,19,23
1376648756,20,22
1376649360,20,22
1376649964,21,21
1376650568,21,21
1376651172,21,21
1376651492,22,20
1376651541,23,19
1376651877,24,18
1376652481,24,18
1376652608,25,17
1376653231,26,16
1376653303,26,16
1376653356,26,16
1376653959,26,16
1376654282,25,17
1376654886,25,17
1376655239,26,16
1376655843,26,16
1376656446,26,16
1376656698,25,17
1376656961,25,17
1376656984,27,15
1376657314,28,14
1376657616,27,15
1376657696,28,14
1376657920,29,13
1376658095,30,12
1376658699,30,12
1376659302,30,12
1376659534,31,11
1376660138,31,11
1376660742,31,11
1376661163,31,11
1376661767,31,11
1376662370,31,11
1376662902,31,11
1376662963,32,10
1376663066,31,11
1376663100,32,10
1376663704,32,10
1376664308,32,10
1376664461,33,9
1376664472,34,8
1376664573,34,8
1376664792,35,7
1376664881,35,7
1376665180,36,6
1376665643,37,5
1376666246,37,5
1376666485,38,4
1376667039,38,4
1376667061,39,3
1376667673,39,3
1376668054,40,2
1376668658,40,2
1376668934,39,3
1376669248,40,2
1376669747,39,3
1376670351,39,3
1376670826,40,2
1376671091,41,1
1376671206,40,2
1376671809,40,2
1376672276,39,3
1376672357,39,3
1376672419,40,2
1376672679,41,1
1376673282,41,1
1376673886,41,1
1376674489,41,1
1376675092,41,1
1376675696,41,1
1376676015,40,2
1376676082,39,3
1376676279,38,4
1376676883,38,4
1376677118,37,5
1376677509,39,3
1376678112,39,3
1376678716,39,3
1376679319,39,3
1376679923,39,3
1376680541,39,3
1376680548,40,2
1376681151,40,2
1376681755,40,2
1376682169,39,3
1376682401,41,1
1376683005,41,1
1376683612,41,1
1376684215,41,1
1376684819,41,1
1376685422,41,1
1376686026,41,1
1376686630,41,1
1376687233,41,1
1376687837,41,1
1376688205,40,2
1376688809,40,2
1376689151,40,2
1376689190,41,1
1376689793,41,1
1376690397,41,1
1376691000,41,1
1376691604,41,1
1376692208,41,1
1376692722,39,3
1376693325,39,3
1376693929,39,3
1376694533,39,3
1376695136,39,3
1376695761,39,3
1376695815,39,3
1376695848,40,2
1376696063,38,4
1376696667,38,4
1376697270,38,4
1376697874,38,4
1376698477,38,4
1376699081,38,4
1376699684,38,4
1376700288,38,4
1376700892,38,4
1376701495,38,4
1376702099,38,4
1376702702,38,4
1376702950,38,4
1376703043,38,4
1376703049,38,4
1376703652,38,4
1376704256,38,4
1376704859,38,4
1376705463,38,4
1376706066,38,4
1376706670,38,4
1376707273,38,4
1376707877,38,4
1376708480,38,4
1376709088,38,4
1376709691,38,4
1376710295,38,4
1376710899,38,4
1376711502,38,4
1376712106,38,4
1376712710,38,4
1376713313,38,4
1376713917,38,4
1376714521,38,4
1376715124,38,4
1376715728,38,4
1376716331,38,4
1376716935,38,4
1376717538,38,4
1376718142,38,4
1376718745,38,4
1376719349,38,4
1376719952,38,4
1376720242,37,5
1376720323,37,5
1376720330,38,4
1376720934,38,4
1376721040,38,4
1376721049,39,3
1376721656,40,2
1376722263,40,2
1376722866,40,2
1376723470,40,2
1376724022,39,3
1376724143,40,2
1376724746,40,2
1376725350,40,2
1376725953,40,2
1376726557,40,2
1376727161,40,2
1376727764,40,2
1376728368,40,2
1376728971,40,2
1376729575,40,2
1376730136,40,2
1376730229,40,2
1376730244,41,1
1376730848,41,1
1376731451,41,1
1376732055,41,1
1376732658,41,1
1376733262,41,1
1376733866,41,1
1376734271,40,2
1376734874,40,2
1376735481,40,2
1376735519,41,1
1376736122,41,1
1376736726,41,1
1376737329,41,1
1376737933,41,1
1376738536,41,1
1376739140,41,1
1376739743,41,1
1376739860,40,2
1376740357,41,1
1376740960,41,1
1376741135,40,2
1376741204,40,2
1376741379,41,1
1376741982,41,1
1376742586,41,1
1376743194,41,1
1376743797,41,1
1376744400,41,1
1376745004,41,1
1376745607,41,1
1376746210,41,1
1376746333,41,1
1376746389,41,1
1376746996,41,1
1376747599,41,1
1376748203,41,1
1376748810,41,1
1376749413,41,1
1376750016,41,1
1376750527,39,3
1376750846,38,4
1376751450,38,4
1376751986,37,5
1376752119,38,4
1376752558,40,2
1376753162,40,2
1376753381,38,4
1376753404,38,4
1376754014,38,4
1376754247,39,3
1376754850,39,3
1376755168,40,2
1376755213,41,1
1376755817,41,1
1376756421,41,1
1376757024,41,1
1376757628,41,1
1376758231,41,1
1376758576,40,2
1376759180,40,2
1376759257,40,2
1376759361,40,2
1376759394,40,2
1376759647,39,3
1376759984,38,4
1376760161,39,3
1376760398,40,2
1376760465,39,3
1376760499,37,5
1376760885,37,5
1376760900,40,2
1376761245,40,2
1376761247,41,1
1376761851,41,1
1376762455,41,1
1376763058,41,1
1376763661,41,1
1376764265,41,1
1376764868,41,1
1376765348,40,2
1376765951,40,2
1376766555,40,2
1376766729,41,1
1376767333,41,1
1376767936,41,1
1376768540,41,1
1376769143,41,1
1376769747,41,1
1376770350,41,1
1376770957,41,1
1376771561,41,1
1376772164,41,1
1376772257,40,2
1376772861,40,2
1376773464,40,2
1376774068,40,2
1376774671,40,2
1376774738,40,2
1376775345,40,2
1376775949,40,2
1376776442,41,1
1376777046,41,1
1376777650,41,1
1376778253,41,1
1376778857,41,1
1376779465,41,1
1376780068,41,1
1376780672,41,1
1376781275,41,1
1376781879,41,1
1376782482,41,1
1376782955,40,2
1376783026,40,2
1376783069,40,2
1376783094,40,2
1376783154,40,2
1376783757,40,2
1376784361,40,2
1376784965,40,2
1376785569,40,2
1376786172,40,2
1376786766,41,1
1376787370,41,1
1376787973,41,1
1376788577,41,1
1376789353,41,1
1376789957,41,1
1376790561,41,1
1376791164,41,1
1376791768,41,1
1376792371,41,1
1376792975,41,1
1376793578,41,1
1376794042,40,2
1376794646,40,2
1376795250,40,2
1376795853,40,2
1376796457,40,2
1376797060,40,2
1376797664,40,2
1376797776,39,3
1376798380,39,3
1376798983,39,3
1376799587,39,3
1376799992,39,3
1376800022,40,2
1376800626,40,2
1376801229,40,2
1376801833,40,2
1376802436,40,2
1376803040,40,2
1376803643,40,2
1376804247,40,2
1376804850,40,2
1376805454,40,2
1376806057,40,2
1376806661,40,2
1376807265,40,2
1376807948,40,2
1376808122,39,3
1376808724,39,3
1376809328,39,3
1376809932,39,3
1376810535,39,3
1376810745,39,3
1376810782,41,1
1376811386,41,1
1376811990,41,1
1376812183,40,2
1376812274,41,1
1376812878,41,1
1376813482,41,1
1376814085,41,1
1376814688,41,1
1376815003,40,2
1376815606,40,2
1376816092,39,3
1376816307,40,2
1376816911,40,2
1376817514,40,2
1376817825,38,4
1376818428,38,4
1376819031,38,4
1376819114,39,3
1376819628,38,4
1376819729,37,5
1376819765,37,5
1376819826,37,5
1376819918,38,4
1376820103,38,4
1376820154,39,3
1376820220,40,2
1376820695,41,1
1376821298,41,1
1376821564,40,2
1376822168,40,2
1376822771,40,2
1376823329,41,1
1376823932,41,1
1376824536,41,1
1376825139,41,1
1376825743,41,1
1376826036,40,2
1376826640,40,2
1376827244,40,2
1376827358,39,3
1376827415,40,2
1376828019,40,2
1376828199,41,1
1376828803,41,1
1376829406,41,1
1376830009,41,1
1376830613,41,1
1376831216,41,1
1376831763,42,0
1376832223,42,0
1376832239,40,2
1376832843,40,2
