1376208764,10,0
1376208819,10,0
1376208884,9,1
1376208943,9,1
1376208999,9,1
1376209064,9,1
1376209124,9,1
1376209170,9,1
1376209241,9,1
1376209305,10,0
1376209364,10,0
1376209423,10,0
1376209484,10,0
1376209541,10,0
1376209603,10,0
1376209663,10,0
1376209723,10,0
1376209783,10,0
1376209844,10,0
1376209903,10,0
1376209959,10,0
1376210023,10,0
1376210082,10,0
1376210142,10,0
1376210201,10,0
1376210258,10,0
1376210315,10,0
1376210384,10,0
1376210446,10,0
1376210502,10,0
1376210564,10,0
1376210624,10,0
1376210682,10,0
1376210743,10,0
1376210804,10,0
1376210863,10,0
1376210921,10,0
1376210985,10,0
1376211043,10,0
1376211104,10,0
1376211164,10,0
1376211224,10,0
1376211284,10,0
1376211344,10,0
1376211404,10,0
1376211462,10,0
1376211524,10,0
1376211584,10,0
1376211645,10,0
1376211705,10,0
1376211762,10,0
1376211823,10,0
1376211884,10,0
1376211938,10,0
1376212002,10,0
1376212063,9,1
1376212119,9,1
1376212184,9,1
1376212244,9,1
1376212305,9,1
1376212361,9,1
1376212424,9,1
1376212485,9,1
1376212544,8,2
1376212604,8,2
1376212660,8,2
1376212724,8,2
1376212785,8,2
1376212844,8,2
1376212902,8,2
1376212963,9,1
1376213024,9,1
1376213083,9,1
1376213143,9,1
1376213203,9,1
1376213265,9,1
1376213324,9,1
1376213384,9,1
1376213444,9,1
1376213504,9,1
1376213541,9,1
1376213677,9,1
1376213743,9,1
1376213802,9,1
1376213864,9,1
1376213925,9,1
1376213985,9,1
1376214044,9,1
1376214104,9,1
1376214163,9,1
1376214224,9,1
1376214284,9,1
1376214344,9,1
1376214404,9,1
1376214464,9,1
1376214523,9,1
1376214584,9,1
1376214644,9,1
1376214704,9,1
1376214763,9,1
1376214825,9,1
1376214883,9,1
1376214944,9,1
1376215004,9,1
1376215064,9,1
1376215124,9,1
1376215184,9,1
1376215246,9,1
1376215304,9,1
1376215364,9,1
1376215424,9,1
1376215484,9,1
1376215544,9,1
1376215604,9,1
1376215664,9,1
1376215725,9,1
1376215785,9,1
1376215844,9,1
1376215904,9,1
1376215965,9,1
1376216025,9,1
1376216085,10,0
1376216142,10,0
1376216204,10,0
1376216265,10,0
1376216324,10,0
1376216384,9,1
1376216444,9,1
1376216504,9,1
1376216564,9,1
1376216624,9,1
1376216684,9,1
1376216744,9,1
1376216803,9,1
1376216862,9,1
1376217034,9,1
1376217096,9,1
1376217161,9,1
1376217222,9,1
1376217283,9,1
1376217344,9,1
1376217404,9,1
1376217465,9,1
1376217523,9,1
1376217584,9,1
1376217644,9,1
1376217704,9,1
1376217763,9,1
1376217823,9,1
1376217884,9,1
1376217944,9,1
1376218004,9,1
1376218056,10,0
1376218122,10,0
1376218178,10,0
1376218244,10,0
1376218304,10,0
1376218364,10,0
1376218424,10,0
1376218483,10,0
1376218544,10,0
1376218604,10,0
1376218662,9,1
1376218723,10,0
1376218783,10,0
1376218844,10,0
1376218898,10,0
1376218963,10,0
1376219020,10,0
1376219084,10,0
1376219142,10,0
1376219204,10,0
1376219264,10,0
1376219325,10,0
1376219385,10,0
1376219444,10,0
1376219504,10,0
1376219563,10,0
1376219624,9,1
1376219683,9,1
1376219744,9,1
1376219803,9,1
1376219864,9,1
1376219924,9,1
1376219983,9,1
1376220044,9,1
1376220105,9,1
1376220162,9,1
1376220216,9,1
1376220228,9,1
1376220344,9,1
1376220362,9,2
1376220966,12,2
1376221570,16,5
1376222174,15,5
1376222506,15,5
1376222564,15,5
1376222622,15,5
1376223226,14,4
1376223834,11,6
1376224003,11,6
1376224150,11,6
1376224244,11,6
1376224296,11,6
1376224354,11,6
1376224482,11,5
1376224568,11,5
1376224805,11,5
1376225206,11,5
1376225326,11,5
1376225329,11,5
1376225932,14,7
1376226538,21,7
1376227141,18,6
1376227752,18,7
1376228258,17,8
1376228561,17,9
1376228580,17,9
1376228684,17,9
1376228732,17,9
1376228803,18,8
1376228832,18,8
1376229436,19,7
1376229704,19,7
1376229713,19,7
1376230171,19,7
1376230295,19,7
1376230686,19,7
1376231290,16,7
1376231488,16,7
1376231512,16,7
1376231613,16,7
1376231708,16,7
1376231804,16,7
1376231834,16,7
1376231984,18,5
1376232032,18,5
1376232063,18,5
1376232670,22,8
1376233274,20,8
1376233703,19,9
1376233783,19,9
1376233786,19,9
1376233869,19,9
1376233970,19,9
1376234131,19,9
1376234231,19,9
1376234311,19,9
1376234745,19,9
1376234772,19,9
1376235383,19,9
1376235990,23,11
1376236159,23,11
1376236227,23,11
1376236251,23,11
1376236854,23,10
1376237465,20,8
1376238068,21,6
1376238560,21,6
1376239167,11,5
1376239775,9,8
1376239829,9,8
1376240432,9,5
1376240610,9,5
1376240658,9,5
1376241265,17,10
1376241515,17,10
1376241823,16,7
1376241883,16,7
1376241902,16,7
1376242517,16,10
1376243127,12,12
1376243735,9,12
1376244338,14,13
1376244943,13,12
1376244952,16,13
1376245291,16,13
1376245660,16,13
1376245673,16,13
1376246277,13,19
1376246881,10,13
1376246979,9,14
1376247040,9,14
1376247078,9,14
1376247687,11,15
1376248291,9,17
1376248899,9,14
1376249503,9,14
1376249923,9,18
1376249928,9,18
1376250274,9,18
1376250878,9,20
1376251482,10,21
1376252086,11,17
1376252690,8,17
1376252780,7,18
1376253387,8,18
1376253991,6,17
1376254599,7,18
1376255106,8,17
1376255711,7,20
1376256315,6,19
1376256923,5,16
1376257527,7,11
1376257796,6,12
1376258405,2,20
1376258736,2,20
1376258801,2,20
1376258812,2,20
1376259419,2,21
1376260033,4,19
1376260637,3,22
1376261241,1,22
1376261844,2,22
1376262448,1,21
1376263052,1,16
1376263277,1,16
1376263885,3,16
1376264374,3,16
1376264398,3,16
1376265002,2,19
1376265610,3,20
1376266214,3,21
1376266822,3,21
1376267426,2,17
1376268032,2,19
1376268635,1,15
1376269240,0,20
1376269848,1,19
1376270452,1,17
1376271056,0,20
1376271659,1,25
1376272040,1,24
1376272315,1,24
1376272918,0,17
1376273523,0,16
1376274127,1,18
1376274731,1,17
1376275334,1,16
1376275941,0,13
1376276546,0,14
1376277149,1,18
1376277753,0,17
1376278357,0,15
1376278961,0,14
1376279565,1,13
1376280174,0,17
1376280777,0,14
1376281381,0,12
1376281985,0,15
1376282138,0,15
1376282743,1,14
1376283347,1,12
1376283951,1,14
1376284555,1,9
1376285159,1,16
1376285306,1,16
1376285369,1,16
1376285451,1,16
1376285613,1,16
1376285637,1,16
1376286083,1,16
1376286104,1,16
1376286708,2,12
1376287230,1,13
1376287251,1,13
1376287518,1,13
1376288122,3,13
1376288359,3,13
1376288412,3,13
1376288648,3,13
1376289161,3,13
1376289167,5,11
1376289703,3,13
1376289705,4,12
1376289994,3,13
1376290054,2,14
1376290104,2,14
1376290369,2,14
1376294141,0,12
1376294168,0,12
1376294382,1,11
1376294622,1,9
1376294671,1,9
1376294922,1,20
1376294939,1,19
1376294998,1,20
1376295078,1,20
1376295265,1,20
1376295331,1,20
1376295935,1,16
1376295978,1,16
1376296028,2,15
1376296338,1,16
1376296602,2,15
1376296896,3,14
1376296980,4,13
1376297142,4,13
1376297201,5,12
1376297439,6,11
1376297610,7,10
1376298214,7,10
1376298443,7,10
1376298482,8,9
1376298532,8,9
1376298635,8,9
1376298651,9,8
1376299254,9,8
1376299858,9,8
1376300078,10,7
1376300340,9,8
1376300670,10,7
1376300947,9,8
1376301336,8,9
1376301444,8,9
1376301512,10,7
1376302116,10,7
1376302209,11,6
1376302813,11,6
1376303077,12,5
1376303680,12,5
1376304317,13,4
1376304925,13,4
1376305528,13,4
1376306005,14,3
1376306494,13,4
1376306942,14,3
1376307545,14,3
1376307697,13,4
1376307724,14,3
1376308328,14,3
1376308410,15,2
1376309013,15,2
1376309616,15,2
1376309845,14,3
1376310158,15,2
1376310761,15,2
1376310878,15,2
1376310887,16,1
1376311129,15,2
1376311733,15,2
1376312336,15,2
1376312667,14,3
1376313270,14,3
1376313432,13,4
1376314036,13,4
1376314639,13,4
1376315243,13,4
1376315431,14,3
1376315454,13,4
1376315643,14,3
1376315852,15,2
1376316455,15,2
1376316630,14,3
1376317219,15,2
1376317823,15,2
1376318426,15,2
1376319030,15,2
1376319633,15,2
1376320237,15,2
1376320404,14,3
1376320481,14,3
1376320542,13,4
1376320660,13,4
1376320674,14,3
1376320782,14,3
1376320785,15,2
1376321263,15,2
1376321317,14,3
1376321621,14,3
1376321628,15,2
1376321887,14,3
1376322162,14,3
1376322165,13,4
1376322517,14,3
1376322562,13,4
1376322611,14,3
1376322942,14,3
1376323149,13,4
1376323242,13,4
1376323275,14,2
1376323345,15,2
1376323580,14,3
1376324184,14,3
1376324405,13,4
1376324915,12,5
1376324960,13,4
1376325101,12,5
1376325135,13,4
1376325462,13,4
1376325487,14,3
1376325539,14,3
1376325643,15,2
1376325685,14,3
1376325864,13,4
1376325948,12,5
1376326017,11,6
1376326187,10,7
1376326389,9,8
1376326993,9,8
1376327276,8,8
1376327357,8,8
1376327468,8,8
1376327544,7,9
1376327618,6,10
1376327656,6,10
1376327728,6,10
1376327752,6,10
1376327853,7,10
1376327899,7,10
1376327952,7,10
1376328025,6,11
1376328237,7,10
1376328755,7,10
1376328813,9,8
1376329416,9,8
1376329640,10,7
1376329670,9,8
1376330051,10,7
1376330256,11,6
1376330671,10,7
1376331209,9,8
1376331321,8,9
1376331401,8,9
1376331463,8,8
1376331478,9,7
1376331568,9,7
1376331763,9,7
1376332284,7,9
1376332458,8,8
1376332618,9,7
1376332893,7,9
1376333211,6,10
1376333489,5,11
1376333894,4,12
1376334498,4,13
1376334836,3,14
1376335422,2,15
1376335829,3,14
1376336421,4,13
1376336489,4,13
1376336507,4,13
1376336615,4,13
1376336651,5,12
1376336763,4,13
1376337053,3,14
1376337386,4,13
1376337989,4,13
1376338593,4,13
1376339181,2,15
1376339784,2,15
1376339902,1,16
1376340506,1,16
1376341109,1,16
1376341713,1,16
1376341973,2,15
1376342577,2,15
1376342780,2,15
1376343383,2,15
1376343918,1,16
1376344226,2,15
1376344563,3,14
1376344683,2,15
1376345287,2,15
1376345787,1,16
1376346391,1,16
1376346994,1,16
1376347282,0,17
1376347885,0,17
1376348489,0,17
1376349092,0,17
1376349695,0,17
1376350299,0,17
1376350902,0,17
1376351506,0,17
1376351742,0,16
1376351746,1,16
1376352349,1,16
1376352953,1,16
1376353556,1,16
1376354160,1,16
1376354763,1,16
1376355367,1,16
1376355970,1,16
1376356157,1,16
1376356761,1,16
1376357365,1,16
1376357968,1,16
1376358572,1,16
1376358794,0,17
1376359399,0,17
1376360002,0,17
1376360605,0,17
1376361209,0,17
1376361812,0,17
1376362416,0,17
1376363020,0,17
1376363623,0,17
1376364227,0,17
1376364830,0,17
1376365434,0,17
1376366037,0,17
1376366641,0,17
1376367244,0,17
1376367848,0,17
1376368179,0,17
1376368202,1,16
1376368806,1,16
1376369409,1,16
1376370013,1,16
1376370616,1,16
1376371220,1,16
1376371632,0,17
1376372237,0,17
1376372319,0,17
1376372326,1,16
1376372930,1,16
1376373533,1,16
1376373761,1,16
1376373768,2,15
1376373880,3,14
1376373927,4,13
1376374028,3,14
1376374288,4,13
1376374546,4,13
1376376880,3,14
1376376943,2,34
1376376988,2,34
1376377011,2,34
1376377364,1,36
1376377411,1,36
1376377482,1,36
1376377539,1,36
1376377597,0,37
1376377611,1,36
1376377835,1,36
1376378082,1,36
1376378117,0,37
1376378173,1,36
1376378269,1,36
1376378492,1,36
1376378555,2,35
1376378611,2,35
1376378782,1,36
1376378911,1,36
1376378929,0,37
1376379445,0,37
1376379518,0,37
1376379581,0,37
1376379627,2,35
1376379796,2,35
1376379881,2,35
1376379884,3,34
1376380112,4,33
1376380598,4,33
1376380614,5,32
1376380804,4,33
1376381000,3,34
1376381190,4,33
1376381258,5,32
1376381538,5,32
1376381607,5,32
1376381674,6,30
1376381733,6,30
1376381747,7,29
1376382117,7,29
1376382206,7,29
1376382248,9,28
1376382779,10,27
1376383051,9,28
1376383654,9,28
1376383946,10,27
1376384042,9,28
1376384141,10,27
1376384744,10,27
1376385037,9,28
1376385641,9,28
1376385671,8,29
1376386275,8,29
1376386878,8,29
1376387215,7,30
1376387488,8,29
1376387728,7,30
1376387983,7,30
1376388032,9,28
1376388151,8,29
1376388618,7,30
1376388735,6,31
1376389339,6,31
1376389583,5,32
1376389803,6,31
1376390407,6,31
1376390713,7,30
1376391215,7,30
1376391243,8,29
1376391817,7,30
1376392235,7,30
1376392287,7,30
1376392890,7,30
1376393110,6,31
1376393321,4,33
1376393357,4,33
1376393390,4,33
1376393476,4,33
1376393552,4,33
1376393569,5,32
1376393705,4,33
1376393851,3,34
1376393912,4,33
1376393942,5,32
1376394545,4,33
1376394905,5,32
1376395018,4,33
1376395104,3,34
1376395499,3,34
1376395583,3,34
1376395652,3,34
1376395669,4,33
1376396132,4,33
1376396149,5,32
1376396276,4,33
1376396880,4,33
1376397483,4,33
1376397626,4,33
1376397702,5,32
1376398171,6,31
1376398658,6,31
1376398695,6,31
1376398777,6,31
1376398791,7,30
1376399394,7,30
1376399858,6,31
1376400343,6,31
1376400376,6,31
1376400942,6,31
1376400968,8,29
1376401214,7,30
1376401818,7,30
1376402022,7,30
1376402031,8,29
1376402634,8,29
1376402741,7,30
1376402753,8,29
1376403028,8,29
1376403096,9,28
1376403637,10,27
1376403744,9,28
1376403785,10,27
1376404145,11,26
1376404337,10,27
1376404717,9,28
1376404837,9,28
1376404847,10,27
1376405111,9,28
1376405260,8,29
1376405863,8,29
1376406069,9,28
1376406674,9,28
1376406717,10,27
1376406877,9,28
1376407098,8,29
1376407143,8,29
1376407515,8,29
1376407554,8,29
1376407618,9,28
1376408096,10,27
1376408197,10,27
1376408323,9,28
1376408333,10,27
1376408468,10,27
1376408542,10,27
1376408578,10,27
1376408667,10,27
1376408738,10,27
1376408856,11,26
1376408884,11,26
1376409280,11,26
1376409290,12,25
1376409401,13,24
1376409449,13,24
1376409517,14,23
1376409582,13,24
1376409637,11,26
1376409689,12,25
1376409761,12,25
1376409799,14,23
1376410040,14,23
1376410113,14,23
1376410203,15,22
1376410818,15,22
1376410865,15,22
1376410963,15,22
1376411012,15,22
1376411117,14,23
1376411433,13,24
1376411496,13,24
1376411510,14,23
1376411678,13,24
1376411720,14,23
1376412030,13,24
1376412392,12,25
1376412461,12,25
1376412480,12,25
1376412566,12,25
1376412635,13,24
1376412812,14,23
1376412941,13,24
1376413002,13,24
1376413027,13,24
1376413299,14,23
1376413421,13,24
1376413698,13,24
1376413903,12,25
1376413906,11,26
1376414437,10,27
1376414491,9,28
1376414556,9,28
1376414566,10,27
1376415169,10,27
1376415341,10,27
1376415392,13,24
1376415434,12,25
1376415611,11,26
1376416098,9,28
1376416544,9,28
1376416602,9,28
1376416720,9,28
1376416784,9,28
1376416837,10,27
1376417441,10,27
1376417563,11,26
1376417624,11,26
1376417644,11,26
1376418181,9,28
1376418278,10,27
1376418395,9,28
1376418772,8,29
1376419061,6,31
1376419664,6,31
1376419866,5,32
1376419918,4,33
1376420338,3,34
1376420941,3,34
1376421137,4,33
1376421741,4,33
1376422001,3,34
1376422221,2,35
1376422824,2,35
1376423428,2,35
1376423983,2,35
1376424031,2,35
1376424050,3,34
1376424504,2,35
1376425107,2,35
1376425711,2,35
1376426070,1,36
1376426674,1,36
1376427277,1,36
1376427881,1,36
1376428021,0,37
1376428625,0,37
1376428829,0,37
1376428894,1,36
1376428907,0,37
1376429511,0,37
1376430149,0,37
1376430337,0,37
1376430399,0,37
1376430432,0,37
1376430506,0,37
1376430561,0,36
1376430625,0,36
1376431229,0,37
1376431529,0,37
1376431550,1,36
1376431949,1,36
1376431969,2,35
1376432573,2,35
1376433176,2,35
1376433780,2,35
1376434383,2,35
1376434987,2,35
1376435590,2,35
1376436194,2,35
1376436797,2,35
1376437401,2,35
1376438005,2,35
1376438608,2,35
1376439212,2,35
1376439815,2,35
1376440419,2,35
1376441022,2,35
1376441626,2,35
1376442229,2,35
1376442586,2,35
1376443189,2,35
1376443793,2,35
1376444141,1,36
1376444745,1,36
1376445349,1,36
1376445952,1,36
1376446556,1,36
1376447159,1,36
1376447763,1,36
1376448366,1,36
1376448970,1,36
1376449573,1,36
1376450177,1,36
1376450780,1,36
1376451384,1,36
1376451522,1,36
1376451524,0,37
1376452127,0,37
1376452731,0,37
1376453334,0,37
1376453938,0,37
1376454541,0,37
1376455145,0,37
1376455749,0,37
1376456352,0,37
1376456956,0,37
1376457559,0,37
1376458163,0,37
1376458766,0,37
1376459374,0,37
1376459396,1,36
1376459743,1,36
1376459754,0,37
1376460358,0,37
1376460962,0,37
1376461302,0,37
1376461309,1,36
1376461415,0,37
1376462008,0,37
1376462033,1,36
1376462241,2,35
1376462769,1,36
1376462974,1,36
1376463033,1,36
1376463098,1,36
1376463157,0,37
1376463206,2,35
1376463760,2,35
1376463821,4,32
1376463835,5,32
1376463985,5,32
1376464390,4,33
1376464814,5,32
1376464889,4,33
1376464927,3,34
1376465142,3,34
1376465160,4,33
1376465321,3,34
1376465439,1,36
1376465491,1,36
1376465547,1,36
1376465766,2,35
1376465914,2,35
1376465924,4,33
1376466154,3,34
1376466631,3,34
1376466649,4,33
1376466817,4,33
1376466860,4,33
1376467224,5,32
1376467442,4,33
1376468046,4,33
1376468503,4,33
1376468541,5,31
1376468917,4,32
1376469212,4,32
1376469233,5,31
1376469425,6,30
1376469973,6,30
1376470062,6,30
1376470075,7,29
1376470455,6,30
1376471058,6,31
1376471634,5,32
1376472238,5,32
1376472841,5,32
1376473354,4,33
1376473957,4,33
1376474302,3,34
1376474422,2,35
1376474609,3,34
1376474684,3,34
1376474916,3,34
1376474982,3,34
1376475212,2,35
1376475484,3,34
1376475807,4,33
1376476410,4,33
1376476720,5,32
1376477057,4,33
1376477123,3,34
1376477248,2,35
1376477415,1,36
1376477739,1,36
1376477923,0,37
1376478527,0,37
1376479130,0,37
1376479734,0,37
1376479895,0,37
1376479958,1,36
1376480562,1,36
1376481165,1,36
1376481577,1,36
1376481638,2,34
1376481660,1,35
1376481725,2,34
1376482328,2,35
1376482480,2,35
1376482484,3,34
1376482761,3,34
1376482829,3,34
1376482867,3,33
1376483075,2,34
1376483441,2,34
1376483465,2,34
1376483922,2,34
1376483924,1,35
1376484329,2,34
1376484463,1,35
1376484481,2,34
1376484815,2,34
1376484849,3,33
1376485049,4,32
1376485302,3,33
1376485362,3,33
1376485364,2,34
1376485969,3,34
1376486109,2,35
1376486713,2,35
1376487266,1,36
1376487579,2,35
1376488118,3,34
1376488340,3,34
1376488451,4,33
1376488783,4,33
1376488791,5,32
1376489189,5,32
1376489241,5,32
1376489280,6,31
1376489439,8,29
1376489587,7,30
1376489733,7,30
1376489791,8,29
1376490139,7,30
1376490272,8,29
1376490699,8,29
1376490762,9,28
1376490817,9,28
1376490827,10,27
1376490938,10,27
1376490972,10,27
1376491018,10,27
1376491092,11,26
1376491184,11,26
1376491204,11,26
1376491247,11,26
1376491351,11,26
1376491392,11,26
1376491895,12,25
1376491944,12,25
1376491999,12,25
1376492063,13,24
1376492667,13,24
1376492737,12,25
1376492776,11,26
1376492829,11,26
1376492902,10,27
1376492965,11,26
1376493025,11,26
1376493534,10,27
1376494003,10,27
1376494012,11,26
1376494235,9,28
1376494565,9,28
1376494660,10,27
1376495264,10,27
1376495323,10,27
1376495353,10,27
1376495914,11,26
1376496019,10,27
1376496078,10,27
1376496274,10,27
1376496297,10,27
1376496403,8,29
1376496677,10,27
1376496947,9,28
1376497538,9,28
1376497579,9,27
1376497638,10,26
1376497762,10,27
1376497797,9,28
1376498365,8,29
1376498501,9,28
1376498655,8,29
1376498794,8,29
1376498805,9,28
1376498922,9,28
1376498925,8,29
1376499197,8,29
1376499248,10,27
1376499308,9,28
1376499639,8,29
1376499942,7,30
1376500058,8,29
1376500184,8,29
1376500508,7,30
1376500657,5,32
1376500716,5,32
1376500778,5,32
1376500843,6,31
1376501291,7,30
1376501863,7,30
1376501917,7,30
1376501983,9,28
1376502006,8,29
1376502062,9,28
1376502666,9,28
1376502824,7,30
1376502825,7,30
1376503001,8,29
1376503051,8,29
1376503123,8,29
1376503134,9,28
1376503445,8,29
1376504049,8,29
1376504436,9,28
1376505040,9,28
1376505168,8,29
1376505581,9,28
1376505791,8,29
1376506273,9,28
1376506555,8,29
1376507159,8,29
1376507762,8,29
1376508115,9,28
1376508367,8,29
1376508463,8,29
1376508498,9,28
1376509101,9,28
1376509705,9,28
1376510311,8,29
1376510561,9,28
1376511026,9,28
1376511095,10,27
1376511156,9,28
1376511219,8,29
1376511822,8,29
1376512426,8,29
1376513029,8,29
1376513633,8,29
1376513798,8,29
1376513822,9,28
1376514403,9,28
1376515006,9,28
1376515610,9,28
1376516214,9,28
1376516817,9,28
1376517421,9,28
1376518024,9,28
1376518511,8,29
1376519114,8,29
1376519718,8,29
1376520321,8,29
1376520925,8,29
1376521528,8,29
1376522132,8,29
1376522735,8,29
1376523339,8,29
1376523942,8,29
1376524546,8,29
1376525149,8,29
1376525753,8,29
1376526356,8,29
1376526960,8,29
1376527564,8,29
1376527992,9,28
1376528595,9,28
1376528955,9,28
1376529080,9,28
1376529684,9,28
1376530287,9,28
1376530891,9,28
1376531494,9,28
1376532098,9,28
1376532701,9,28
1376533305,9,28
1376533908,9,28
1376534512,9,28
1376535116,9,28
1376535719,9,28
1376536323,9,28
1376536927,9,28
1376537530,9,28
1376538134,9,28
1376538487,8,29
1376539091,8,29
1376539694,8,29
1376540298,8,29
1376540901,8,29
1376541505,8,29
1376542108,8,29
1376542224,8,29
1376542266,9,28
1376542870,9,28
1376543473,9,28
1376544077,9,28
1376544515,9,28
1376544551,10,27
1376545051,10,27
1376545122,10,26
1376545142,11,25
1376545746,11,26
1376546350,11,26
1376546954,11,26
1376547557,11,26
1376548161,11,26
1376548764,11,26
1376549368,11,26
1376549971,11,26
1376550242,10,27
1376550846,10,27
1376551450,10,27
1376552053,10,27
1376552424,9,28
1376553028,9,28
1376553632,9,28
1376554235,9,28
1376554684,10,27
1376555130,9,28
1376555733,9,28
1376556337,9,28
1376556940,9,28
1376557545,9,28
1376557892,8,29
1376558496,8,29
1376559100,8,29
1376559368,7,30
1376559432,8,29
1376559668,8,29
1376559781,8,29
1376560112,10,27
1376560381,9,28
1376560471,9,28
1376560510,9,28
1376560553,9,28
1376560663,9,28
1376560665,8,29
1376560770,8,29
1376560827,8,29
1376561431,8,29
1376561560,8,29
1376561606,7,30
1376561659,7,30
1376562067,8,29
1376562463,9,28
1376563088,10,27
1376563611,9,28
1376564214,9,28
1376564490,8,29
1376565093,8,29
1376565697,8,29
1376565820,8,29
1376565878,8,29
1376565901,8,29
1376566238,8,29
1376566361,8,29
1376566409,8,29
1376566476,10,26
1376566543,10,25
1376566597,10,26
1376566650,11,25
1376567254,11,26
1376567558,11,26
1376567623,11,26
1376568226,11,26
1376568733,10,27
1376568964,11,26
1376569341,11,26
1376569596,11,26
1376569661,11,26
1376569705,12,24
1376570308,12,25
1376570912,12,25
1376570965,13,24
1376571329,12,25
1376571346,12,25
1376571434,11,26
1376571812,10,27
1376571910,9,28
1376572513,9,28
1376573117,9,28
1376573611,8,29
1376573694,8,29
1376573764,9,28
1376574368,9,28
1376574564,9,28
1376574600,10,27
1376575204,10,27
1376575482,11,26
1376575541,11,25
1376575593,12,25
1376575662,13,24
1376575779,13,24
1376575836,13,24
1376575866,13,24
1376575940,13,24
1376576023,13,24
1376576069,13,24
1376576122,13,24
1376576184,14,22
1376576431,12,24
1376576464,12,24
1376576922,12,24
1376576925,13,23
1376577005,12,24
1376577064,13,23
1376577620,13,23
1376577702,13,23
1376577750,13,23
1376578362,12,25
1376578422,12,25
1376578474,13,23
1376578497,14,22
1376578950,14,22
1376578993,14,22
1376579025,14,22
1376579606,14,22
1376579682,13,23
1376579732,12,24
1376579802,12,24
1376579838,12,24
1376579902,12,24
1376579983,10,26
1376580158,9,26
1376580209,9,27
1376580265,9,27
1376580309,9,27
1376580348,9,27
1376580941,9,27
1376580999,9,27
1376581051,8,28
1376581103,9,27
1376581170,9,27
1376581773,9,28
1376582377,9,28
1376582407,8,29
1376582497,7,30
1376582689,6,31
1376582798,6,31
1376582853,7,30
1376583456,7,30
1376583512,7,30
1376583556,8,28
1376583780,7,29
1376584417,7,29
1376584452,8,28
1376584702,8,28
1376585046,9,27
1376585266,8,28
1376585346,8,28
1376585401,8,28
1376585461,8,28
1376585532,9,27
1376585848,8,28
1376585933,7,29
1376586394,6,30
1376586452,6,30
1376586519,6,29
1376586529,7,29
1376587092,5,31
1376587386,6,30
1376587991,6,31
1376588090,5,32
1376588681,5,32
1376588689,5,32
1376588780,6,30
1376588902,5,31
1376588945,4,32
1376589355,3,33
1376589958,3,34
1376590577,2,35
1376591153,1,36
1376591756,1,36
1376592303,0,37
1376592749,0,37
1376593352,0,37
1376593391,1,36
1376593482,0,37
1376593487,2,35
1376593550,2,35
1376594154,2,35
1376594757,2,35
1376594978,2,35
1376594991,4,33
1376595084,4,33
1376595687,4,33
1376596291,4,33
1376596895,4,33
1376597171,3,34
1376597402,3,34
1376597454,3,34
1376598058,3,34
1376598661,3,34
1376599265,3,34
1376599868,3,34
1376600472,3,34
1376601076,3,34
1376601132,4,33
1376601260,3,34
1376601863,3,34
1376601964,2,35
1376602568,2,35
1376603171,2,35
1376603489,3,34
1376604092,3,34
1376604179,2,35
1376604254,1,36
1376604300,0,37
1376604904,0,37
1376605236,0,37
1376605257,1,36
1376605694,0,37
1376606298,0,37
1376606901,0,37
1376607276,0,37
1376607339,0,37
1376607363,1,35
1376607967,1,36
1376608152,0,37
1376608360,0,37
1376608381,1,36
1376608985,1,36
1376609588,1,36
1376609904,0,37
1376610508,0,37
1376611111,0,37
1376611715,0,37
1376612319,0,37
1376612923,0,37
1376613527,0,37
1376614130,0,37
1376614734,0,37
1376615359,0,37
1376615962,0,37
1376616566,0,37
1376617170,0,37
1376617773,0,37
1376618377,0,37
1376618980,0,37
1376619584,0,37
1376620187,0,37
1376620791,0,37
1376621394,0,37
1376621998,0,37
1376622602,0,37
1376623205,0,37
1376623809,0,37
1376624413,0,37
1376625016,0,37
1376625620,0,37
1376626224,0,37
1376626827,0,37
1376627264,0,37
1376627271,1,36
1376627722,2,35
1376628325,2,35
1376628928,2,35
1376629531,2,35
1376630135,2,35
1376630738,2,35
1376631342,2,35
1376631358,3,34
1376631962,3,34
1376632565,3,34
1376632659,2,35
1376633262,2,35
1376633606,2,34
1376633671,3,33
1376634247,4,32
1376634851,4,33
1376635178,4,33
1376635228,5,32
1376635832,5,32
1376636435,5,32
1376637039,5,32
1376637334,5,32
1376637349,6,31
1376637633,5,32
1376637690,6,31
1376637797,7,30
1376638220,6,31
1376638654,6,31
1376638668,7,30
1376638875,7,30
1376638921,8,29
1376639199,7,30
1376639803,7,30
1376639917,7,30
1376639958,9,28
1376640560,9,28
1376640611,10,27
1376640739,11,26
1376641342,11,26
1376641474,10,27
1376641538,11,26
1376642001,10,27
1376642604,10,27
1376643207,10,27
1376643811,10,27
1376644286,9,28
1376644890,9,28
1376645493,9,28
1376646097,9,28
1376646476,8,29
1376646617,8,29
1376647221,8,29
1376647619,9,28
1376647862,8,29
1376648180,9,28
1376648784,9,28
1376649262,9,28
1376649323,9,28
1376649818,8,28
1376649835,8,29
1376650057,6,31
1376650099,7,30
1376650703,7,30
1376650829,8,29
1376651433,8,29
1376651743,8,29
1376651744,9,28
1376652348,9,28
1376652640,9,28
1376652693,10,27
1376653296,10,27
1376653542,10,27
1376653552,11,26
1376654160,13,24
1376654436,13,24
1376654503,13,24
1376654530,13,24
1376654724,13,24
1376654779,13,24
1376654845,13,24
1376655273,12,25
1376655877,12,25
1376656229,12,25
1376656263,13,24
1376656867,13,24
1376657470,13,24
1376658074,13,24
1376658136,12,25
1376658205,11,26
1376658390,12,25
1376658993,12,25
1376659596,12,25
1376659753,11,26
1376659830,11,26
1376659897,11,26
1376659957,11,26
1376659995,12,25
1376660246,13,24
1376660763,13,24
1376661367,13,24
1376661970,13,24
1376662090,12,25
1376662693,12,25
1376663296,12,25
1376663432,12,25
1376664036,12,25
1376664639,12,25
1376665243,12,25
1376665471,11,26
1376665506,10,27
1376665960,10,27
1376665978,10,27
1376666581,10,27
1376667184,11,26
1376667323,12,25
1376667384,12,25
1376667459,11,26
1376667482,11,26
1376667643,10,27
1376667685,9,28
1376667949,8,29
1376668234,9,28
1376668825,10,27
1376669045,9,28
1376669649,9,28
1376669826,8,29
1376670430,8,29
1376670694,8,29
1376670757,8,29
1376670780,8,29
1376670828,8,29
1376671146,7,30
1376671502,8,29
1376671661,9,28
1376671702,10,27
1376672306,10,27
1376672910,10,27
1376673462,10,27
1376673471,11,26
1376673687,10,27
1376673938,7,30
1376674542,7,30
1376675145,7,30
1376675351,3,34
1376675803,2,35
1376675833,2,35
1376675877,2,35
1376675949,3,34
1376676460,1,36
1376676494,0,37
1376677098,0,37
1376677701,0,37
1376678305,0,37
1376678908,0,37
1376679512,0,37
1376679695,0,37
1376679747,0,37
1376680351,0,37
1376680478,1,36
1376681081,1,36
1376681686,1,36
1376682290,1,36
1376682703,1,36
1376682755,0,37
1376682812,0,37
1376682845,0,37
1376683449,0,37
1376684052,0,37
1376684656,0,37
1376685260,0,37
1376685863,0,37
1376686467,0,37
1376687070,0,37
1376687617,0,37
1376687629,1,36
1376688233,1,36
1376688836,1,36
1376689439,1,36
1376689723,1,36
1376689725,0,37
1376690329,0,37
1376690932,0,37
1376691536,0,37
1376692139,0,37
1376692742,0,37
1376693346,0,37
1376693950,0,37
1376694212,0,37
1376694283,0,37
1376694328,0,37
1376694932,0,37
1376695536,0,37
1376696139,0,37
1376696743,0,37
1376697159,0,37
1376697187,2,35
1376697791,2,35
1376698394,2,35
1376698542,2,35
1376698545,1,36
1376698662,2,35
1376699266,2,35
1376699870,2,35
1376700473,2,35
1376701076,2,35
1376701757,2,35
1376701885,2,35
1376702489,2,35
1376703092,2,35
1376703696,2,35
1376704107,3,34
1376704710,3,34
1376705314,3,34
1376705918,3,34
1376706521,3,34
1376707125,3,34
1376707729,3,34
1376708332,3,34
1376708936,3,34
1376709538,3,34
1376710142,3,34
1376710746,3,34
1376711349,3,34
1376711600,2,35
1376712204,2,35
1376712807,2,35
1376713410,2,35
1376713880,3,34
1376714103,4,33
1376714706,4,33
1376715310,4,33
1376715913,4,33
1376716029,3,34
1376716633,3,34
1376717236,3,34
1376717399,3,34
1376717492,4,33
1376717545,4,33
1376718149,4,33
1376718517,4,33
1376718534,5,32
1376719137,5,32
1376719741,5,32
1376720290,6,31
1376720894,6,31
1376721223,6,31
1376721254,6,31
1376721287,6,31
1376721418,6,31
1376722022,6,31
1376722183,6,31
1376722787,6,31
1376723390,6,31
1376723994,6,31
1376724074,7,30
1376724575,6,31
1376724612,7,30
1376725216,7,30
1376725819,7,30
1376725893,6,31
1376725916,6,31
1376726520,6,31
1376727124,6,31
1376727203,7,30
1376727273,8,29
1376727877,8,29
1376727907,9,28
1376728133,8,29
1376728736,8,29
1376729340,8,29
1376729943,8,29
1376730386,7,30
1376730425,8,29
1376730878,9,28
1376731448,10,27
1376731812,8,29
1376732415,8,29
1376732510,8,29
1376732633,7,30
1376733145,6,31
1376733630,4,33
1376734234,4,33
1376734837,4,33
1376735083,5,32
1376735504,5,32
1376735507,4,33
1376735758,3,34
1376735860,5,32
1376736096,4,33
1376736138,4,33
1376736741,4,33
1376736932,4,33
1376736987,5,32
1376737181,5,32
1376737195,6,31
1376737347,5,32
1376737950,5,32
1376738063,5,32
1376738109,5,32
1376738556,5,32
1376738602,5,32
1376738658,7,30
1376738957,6,31
1376739561,6,31
1376740164,6,31
1376740304,6,31
1376740355,6,31
1376740395,7,29
1376740524,8,28
1376741128,8,29
1376741549,9,28
1376742153,9,28
1376742591,8,29
1376742935,8,29
1376742989,8,29
1376743022,9,28
1376743302,10,27
1376743905,10,27
1376744509,10,27
1376744737,10,27
1376744805,11,26
1376744838,13,24
1376745442,13,24
1376745635,13,24
1376745872,13,24
1376745905,13,24
1376746005,13,24
1376746060,13,24
1376746664,13,24
1376747296,13,24
1376747360,12,25
1376747503,13,24
1376747861,13,24
1376748246,12,25
1376748474,11,26
1376748880,11,26
1376748934,11,26
1376748987,12,25
1376749042,13,24
1376749646,13,24
1376750250,13,24
1376750325,13,24
1376750327,12,25
1376750442,12,25
1376750454,13,24
1376750731,12,25
1376750755,11,26
1376751272,12,25
1376751575,12,25
1376751600,12,25
1376752203,12,25
1376752593,12,25
1376752650,12,25
1376752705,13,24
1376752948,13,24
1376753272,12,25
1376753876,12,25
1376754403,12,25
1376754457,11,26
1376754500,12,25
1376754705,11,26
1376755154,10,27
1376755757,10,27
1376756361,10,27
1376756436,8,29
1376756519,7,30
1376757123,7,30
1376757418,6,31
1376758022,6,31
1376758376,5,32
1376758839,4,33
1376758901,5,32
1376759505,5,32
1376759755,4,33
1376760359,4,33
1376760498,4,33
1376760562,5,32
1376760909,6,31
1376761513,6,31
1376762116,6,31
1376762260,6,31
1376762326,6,31
1376762379,6,31
1376762711,5,32
1376763179,4,33
1376763248,5,32
1376763852,5,32
1376764481,5,32
1376764539,4,32
1376764596,6,31
1376764659,6,31
1376764943,7,30
1376765298,6,31
1376765783,6,31
1376766387,6,31
1376766585,6,31
1376766613,7,30
1376767217,7,30
1376767468,6,31
1376767595,5,32
1376768199,5,32
1376768238,5,32
1376768313,6,31
1376768671,6,31
1376768743,6,31
1376768797,7,30
1376769400,7,30
1376770004,7,30
1376770608,7,30
1376771211,7,30
1376771346,6,31
1376771950,6,31
1376772521,6,31
1376772533,5,32
1376773137,5,32
1376773450,6,31
1376774054,6,31
1376774435,6,31
1376774448,7,30
1376774686,8,29
1376774687,8,29
1376775163,8,29
1376775174,9,28
1376775778,9,28
1376776381,9,28
1376776870,8,29
1376777472,8,29
1376777625,9,28
1376777856,9,28
1376777902,10,27
1376778506,10,27
1376779109,10,27
1376779242,10,27
1376779251,11,26
1376779854,11,26
1376780458,11,26
1376781060,11,26
1376781664,11,26
1376782268,11,26
1376782871,11,26
1376783475,11,26
1376784078,11,26
1376784682,11,26
1376785286,11,26
1376785744,10,27
1376786348,10,27
1376786951,10,27
1376787555,10,27
1376787884,10,27
1376787893,11,26
1376788176,11,26
1376788780,11,26
1376789384,11,26
1376789987,11,26
1376790591,11,26
1376791216,10,27
1376791820,10,27
1376792423,10,27
1376792959,9,28
1376793563,9,28
1376794166,9,28
1376794769,9,28
1376795373,9,28
1376795976,9,28
1376796580,9,28
1376797183,9,28
1376797787,9,28
1376798390,9,28
1376798994,9,28
1376799597,9,28
1376800201,9,28
1376800390,10,27
1376800994,10,27
1376801598,10,27
1376802201,10,27
1376802805,10,27
1376803408,10,27
1376804012,10,27
1376804616,10,27
1376804896,11,26
1376805500,11,26
1376805873,11,26
1376805936,11,26
1376805980,11,26
1376806535,12,25
1376807139,12,25
1376807742,12,25
1376808166,12,25
1376808168,13,24
1376808772,13,24
1376809376,13,24
1376809979,13,24
1376810583,13,24
1376810841,13,24
1376810899,13,24
1376810984,13,24
1376811330,12,25
1376811355,13,24
1376811958,13,24
1376812209,14,23
1376812346,13,24
1376812950,13,24
1376813489,14,23
1376813770,14,23
1376814374,14,23
1376814640,14,23
1376814652,14,23
1376815255,14,23
1376815397,12,25
1376815986,11,26
1376816589,11,26
1376817193,11,26
1376817797,11,26
1376817986,9,28
1376818353,9,28
1376818396,9,28
1376818998,8,29
1376819601,8,29
1376819660,9,28
1376819762,10,27
1376819864,9,28
1376819914,9,28
1376819938,10,27
1376820542,10,27
1376821032,9,28
1376821244,9,28
1376821303,9,28
1376821357,9,28
1376821406,9,28
1376821476,9,28
1376822080,9,28
1376822402,10,27
1376822499,9,27
1376822545,9,28
1376822622,9,28
1376823226,9,28
1376823660,8,29
1376824264,8,29
1376824714,7,30
1376825317,7,30
1376825501,7,29
1376825529,8,28
1376825625,7,29
1376825847,8,28
1376826451,8,29
1376827054,8,29
1376827388,7,30
1376827715,9,28
1376828319,9,28
1376828922,9,28
1376828982,8,29
1376829221,8,29
1376829354,8,29
1376829458,8,29
1376829521,8,29
1376829532,9,28
1376829821,9,28
1376829831,10,27
1376830435,10,27
1376831038,10,27
1376831584,9,28
1376832188,8,29
1376832281,8,29
1376832323,9,28
1376832926,9,28
