1376208485,4,44
1376209089,4,44
1376209692,4,44
1376209893,3,45
1376210235,4,44
1376210461,3,45
1376211065,3,45
1376211356,4,44
1376211451,3,45
1376211620,4,44
1376211780,3,45
1376212384,3,45
1376212988,3,45
1376213377,2,46
1376213535,1,47
1376214140,1,47
1376214470,1,47
1376214570,2,46
1376214980,1,47
1376215571,2,46
1376215738,3,45
1376216121,2,46
1376216433,2,46
1376217025,1,47
1376217561,0,48
1376217992,1,47
1376218595,1,47
1376219129,2,46
1376219182,3,45
1376219507,4,44
1376219697,3,45
1376219801,3,45
1376219864,4,44
1376220468,4,44
1376220894,3,45
1376221413,2,46
1376221694,1,47
1376221897,2,46
1376222024,3,45
1376222289,3,45
1376222349,4,44
1376222458,4,44
1376222603,4,44
1376222660,5,43
1376223264,5,43
1376223579,6,42
1376223699,6,42
1376223758,7,41
1376223768,8,40
1376224371,8,40
1376224975,8,40
1376225436,7,41
1376226040,7,41
1376226643,7,41
1376227184,7,41
1376227186,8,40
1376227697,7,41
1376227761,8,40
1376227844,8,40
1376227892,7,40
1376227955,8,39
1376228012,8,39
1376228085,8,39
1376228088,9,38
1376228192,8,39
1376228796,8,40
1376229400,8,40
1376229456,7,41
1376229951,6,42
1376230555,6,42
1376230776,4,44
1376231380,4,44
1376231399,5,43
1376231684,5,43
1376231731,4,44
1376231804,5,43
1376231806,5,43
1376231910,7,41
1376231943,6,42
1376232034,9,39
1376232239,8,40
1376232300,7,41
1376232615,6,42
1376233219,6,42
1376233334,4,44
1376233604,3,45
1376233612,2,46
1376233840,3,45
1376233880,4,44
1376234241,4,44
1376234315,5,43
1376234365,5,43
1376234968,5,43
1376235281,4,44
1376235444,5,43
1376235500,5,43
1376235817,5,43
1376235836,5,43
1376235937,6,42
1376236003,5,43
1376236063,4,44
1376236114,5,43
1376236165,4,44
1376236215,5,43
1376236818,5,43
1376237243,6,42
1376237846,6,42
1376238137,7,41
1376238399,9,39
1376238435,10,38
1376239039,10,38
1376239109,8,40
1376239136,8,40
1376239740,8,40
1376240132,8,40
1376240174,8,40
1376240617,7,41
1376240683,6,42
1376240697,5,43
1376240781,6,42
1376241384,6,42
1376241758,4,44
1376241768,5,43
1376242037,4,44
1376242100,2,46
1376242331,1,47
1376242577,0,48
1376242689,1,47
1376242812,1,47
1376242855,1,47
1376242931,0,48
1376243142,1,47
1376243144,0,48
1376243748,0,48
1376244353,0,48
1376244538,1,47
1376244928,3,45
1376245239,2,46
1376245842,2,46
1376246309,0,48
1376246913,0,48
1376247516,0,48
1376248120,0,48
1376248723,0,48
1376249079,1,47
1376249683,1,47
1376250286,1,47
1376250893,0,48
1376251496,0,48
1376252100,0,48
1376252168,1,47
1376252772,1,47
1376253376,1,47
1376253486,0,48
1376254090,0,48
1376254694,0,48
1376255297,0,48
1376255901,0,48
1376256504,0,48
1376257108,0,48
1376257711,0,48
1376258315,0,48
1376258918,0,48
1376259524,0,48
1376260046,1,47
1376260650,1,47
1376260837,0,48
1376261441,0,48
1376262045,0,48
1376262648,0,48
1376263252,0,48
1376263856,0,48
1376264460,0,48
1376265063,0,48
1376265667,0,48
1376266270,0,48
1376266874,0,48
1376267478,0,48
1376268082,0,48
1376268686,0,48
1376269289,0,48
1376269893,0,48
1376270601,0,48
1376271206,0,48
1376271809,0,48
1376272413,0,48
1376273019,0,48
1376273623,0,48
1376274226,0,48
1376274830,0,48
1376275236,2,46
1376275301,5,43
1376275905,5,43
1376276510,5,43
1376276682,6,42
1376277286,6,42
1376277889,6,42
1376278493,6,42
1376279096,6,42
1376279700,6,42
1376280304,6,42
1376280908,6,42
1376281511,6,42
1376282115,6,42
1376282718,6,42
1376282880,7,41
1376283484,7,41
1376284088,7,41
1376284692,7,41
1376285296,7,41
1376285840,8,40
1376286443,8,40
1376287047,8,40
1376287650,8,40
1376288136,7,41
1376288680,7,41
1376288742,7,41
1376288780,8,40
1376289161,8,40
1376289172,9,39
1376289324,10,38
1376289477,10,38
1376290120,11,37
1376290168,12,36
1376290198,13,35
1376290272,14,34
1376290400,13,35
1376290779,14,34
1376290868,15,33
1376291010,16,32
1376291179,17,31
1376291308,18,30
1376291912,18,30
1376291938,19,29
1376292253,20,28
1376292381,20,28
1376292858,21,27
1376293205,22,26
1376293415,21,27
1376293900,21,27
1376293954,22,26
1376294001,23,25
1376294547,24,24
1376295150,24,24
1376295754,24,24
1376296239,24,24
1376296248,25,23
1376296852,25,23
1376297456,25,23
1376298059,25,23
1376298663,25,23
1376299266,25,23
1376299870,25,23
1376300474,25,23
1376300697,24,24
1376300983,24,24
1376300986,23,25
1376301324,24,24
1376301928,24,24
1376302074,25,23
1376302603,25,23
1376302606,24,24
1376302806,23,25
1376303439,23,25
1376303449,24,24
1376303726,23,25
1376304330,23,25
1376304725,22,26
1376305332,23,25
1376305394,22,26
1376305998,22,26
1376306311,22,26
1376306496,22,25
1376306561,21,27
1376307165,21,27
1376307768,21,27
1376308217,20,28
1376308497,19,29
1376308869,20,28
1376309473,20,28
1376309587,21,27
1376310191,21,27
1376310437,22,26
1376311041,22,26
1376311389,21,27
1376311992,21,27
1376312157,20,28
1376312459,19,29
1376312524,18,30
1376313128,18,30
1376313446,16,32
1376314050,16,32
1376314653,16,32
1376314738,17,31
1376315342,17,31
1376315514,16,32
1376316119,16,32
1376316722,16,32
1376317326,16,32
1376317929,16,32
1376318303,17,31
1376318484,19,29
1376318614,20,28
1376319028,21,27
1376319084,20,28
1376319139,19,29
1376319335,20,28
1376319354,19,29
1376319514,17,31
1376319543,16,32
1376320147,16,32
1376320750,16,32
1376320859,15,33
1376320942,16,32
1376321499,16,32
1376321509,17,31
1376321897,16,32
1376322024,17,31
1376322089,17,31
1376322150,18,30
1376322204,19,29
1376322446,20,28
1376322500,19,29
1376322964,18,30
1376323124,16,32
1376323128,15,33
1376323299,14,34
1376323623,15,33
1376323677,16,32
1376323996,15,33
1376324601,15,33
1376324670,16,32
1376324801,16,32
1376324834,16,32
1376325333,15,33
1376325439,16,32
1376325515,15,33
1376325609,14,34
1376326055,13,35
1376326493,12,36
1376326560,11,37
1376326652,10,38
1376326812,8,40
1376326919,10,38
1376327504,10,38
1376327562,12,36
1376327682,11,37
1376327728,11,37
1376327796,10,38
1376328140,9,39
1376328255,8,40
1376328524,8,40
1376328526,9,39
1376328611,10,38
1376328936,9,39
1376329372,8,40
1376329473,9,39
1376329690,10,38
1376329824,9,39
1376330025,9,39
1376330034,10,38
1376330391,9,39
1376330785,8,40
1376331388,8,40
1376331429,9,39
1376331561,10,38
1376331643,11,37
1376331750,10,38
1376332162,9,39
1376332775,7,41
1376333379,7,41
1376333921,7,41
1376333967,7,41
1376334033,7,41
1376334636,7,41
1376334703,8,40
1376335114,7,41
1376335231,6,42
1376335367,5,43
1376335768,4,44
1376336371,4,44
1376336642,2,46
1376337080,3,45
1376337403,3,45
1376337406,2,46
1376338010,2,46
1376338094,1,47
1376338519,0,48
1376339123,0,48
1376339409,1,47
1376339775,0,48
1376340378,0,48
1376340982,0,48
1376341586,0,48
1376342189,0,48
1376342793,0,48
1376343396,0,48
1376344000,0,48
1376344378,0,48
1376344477,0,48
1376344549,0,48
1376344654,0,48
1376345257,0,48
1376345861,0,48
1376346464,0,48
1376347068,0,48
1376347527,1,47
1376347598,3,45
1376347629,4,44
1376347719,6,42
1376347773,8,40
1376347843,10,38
1376347890,11,37
1376347951,13,35
1376348012,15,33
1376348073,17,31
1376348131,19,29
1376348166,18,30
1376348769,18,30
1376349373,18,30
1376349977,18,30
1376350583,18,30
1376351186,18,30
1376351536,17,31
1376352140,17,31
1376352743,17,31
1376353347,17,31
1376353951,17,31
1376354554,17,31
1376355158,17,31
1376355763,17,31
1376356367,17,31
1376356999,17,31
1376357605,17,31
1376358209,17,31
1376358813,17,31
1376359416,17,31
1376360021,17,31
1376360626,17,31
1376361230,17,31
1376361834,17,31
1376362439,17,31
1376363044,17,31
1376363647,17,31
1376364251,17,31
1376364855,17,31
1376365458,17,31
1376366062,17,31
1376366666,17,31
1376367270,17,31
1376367875,17,31
1376367943,18,30
1376368547,18,30
1376369152,18,30
1376369755,18,30
1376370359,18,30
1376370963,18,30
1376371217,19,29
1376371821,19,29
1376372426,19,29
1376373031,19,29
1376373635,19,29
1376374060,20,28
1376374608,19,29
1376374843,19,29
1376374876,20,28
1376375480,20,28
1376375726,19,29
1376375764,18,30
1376376282,18,30
1376376309,19,29
1376376500,20,28
1376376662,19,29
1376376726,20,28
1376376822,19,29
1376376857,20,28
1376376931,21,27
1376376953,20,28
1376377036,22,26
1376377593,21,27
1376377782,21,27
1376377799,21,27
1376378092,20,28
1376378292,21,27
1376378588,22,26
1376379217,22,26
1376379227,23,25
1376379350,22,26
1376379791,23,25
1376380002,23,25
1376380035,25,23
1376380638,25,23
1376381242,25,23
1376381301,26,22
1376381478,26,22
1376381514,27,21
1376382096,28,20
1376382424,29,19
1376383028,29,19
1376383362,29,19
1376383387,31,17
1376383650,30,18
1376384254,30,18
1376384755,31,17
1376385360,31,17
1376385964,31,17
1376386112,31,17
1376386166,31,16
1376386234,31,16
1376386303,32,15
1376386362,33,14
1376386393,33,14
1376386480,35,13
1376386562,36,12
1376386784,37,11
1376386815,37,11
1376386957,36,12
1376387561,36,12
1376387769,35,13
1376388373,35,13
1376388459,35,13
1376388741,34,14
1376388872,33,15
1376388904,34,14
1376389507,34,14
1376390111,34,14
1376390699,33,15
1376390868,32,16
1376391336,33,15
1376391940,33,15
1376392350,34,14
1376392423,33,15
1376392432,34,14
1376393037,34,14
1376393358,34,14
1376393395,35,13
1376393918,35,13
1376393928,36,12
1376394145,35,13
1376394292,34,14
1376394897,34,14
1376395253,33,15
1376395857,33,15
1376396461,33,15
1376397064,33,15
1376397202,32,16
1376397248,33,15
1376397851,33,15
1376398455,33,15
1376399058,33,15
1376399128,32,16
1376399485,31,17
1376399551,32,16
1376399983,32,16
1376400103,33,15
1376400106,34,14
1376400452,33,15
1376401056,33,15
1376401660,33,15
1376401836,35,13
1376401886,34,14
1376401914,35,13
1376402218,34,14
1376402531,33,15
1376403135,33,15
1376403333,32,16
1376403936,32,16
1376404539,32,16
1376404952,33,15
1376405547,32,16
1376405783,33,15
1376405922,34,14
1376406329,33,15
1376406735,34,14
1376407035,36,12
1376407638,36,12
1376408242,36,12
1376408850,36,12
1376409462,36,12
1376409470,37,11
1376409642,36,12
1376409875,34,14
1376410002,34,14
1376410042,33,15
1376410108,32,16
1376410141,31,17
1376410476,30,18
1376410649,29,19
1376411081,28,20
1376411137,30,18
1376411287,29,19
1376411582,30,18
1376411999,29,19
1376412059,27,21
1376412184,26,22
1376412469,25,23
1376412643,25,23
1376412682,24,24
1376412750,24,24
1376412869,25,23
1376413165,24,24
1376413301,24,24
1376413305,23,25
1376413375,22,26
1376413634,23,25
1376414238,23,25
1376414606,22,26
1376414923,23,25
1376415284,23,25
1376415337,22,26
1376415384,21,27
1376415640,20,28
1376415923,19,29
1376416527,19,29
1376416597,18,30
1376417201,18,30
1376417320,17,31
1376417332,16,32
1376417668,15,33
1376417800,16,32
1376417935,15,33
1376418539,15,33
1376418997,14,34
1376419038,15,33
1376419387,17,31
1376419991,17,31
1376420594,17,31
1376420979,18,30
1376421292,17,31
1376421896,17,31
1376421990,16,32
1376422415,17,31
1376423020,17,31
1376423624,17,31
1376423817,15,33
1376424451,14,34
1376424688,15,33
1376425292,15,33
1376425895,15,33
1376425984,16,32
1376426587,16,32
1376427210,15,33
1376427275,14,34
1376427365,15,33
1376427596,14,34
1376428166,13,35
1376428769,13,35
1376429373,13,35
1376429548,13,35
1376430152,13,35
1376430661,12,36
1376430976,13,35
1376431580,13,35
1376432184,13,35
1376432788,13,35
1376433392,13,35
1376433995,13,35
1376434122,15,33
1376434726,15,33
1376435329,15,33
1376435548,14,34
1376436152,14,34
1376436755,14,34
1376437363,14,34
1376437966,14,34
1376438570,14,34
1376439173,14,34
1376439777,14,34
1376440381,14,34
1376440984,14,34
1376441028,13,35
1376441632,13,35
1376442236,13,35
1376442841,13,35
1376443400,13,35
1376444003,13,35
1376444607,13,35
1376445210,13,35
1376445814,13,35
1376446417,13,35
1376447021,13,35
1376447624,13,35
1376448228,13,35
1376448831,13,35
1376449435,13,35
1376450038,13,35
1376450642,13,35
1376451246,13,35
1376451850,13,35
1376452453,13,35
1376453057,13,35
1376453661,13,35
1376453935,14,34
1376454430,15,33
1376455033,15,33
1376455637,15,33
1376456241,15,33
1376456845,15,33
1376457181,14,34
1376457784,14,34
1376458388,14,34
1376458992,14,34
1376459595,14,34
1376459801,15,33
1376459828,17,31
1376460127,18,30
1376460731,18,30
1376461004,14,34
1376461007,13,35
1376461421,13,35
1376461469,14,34
1376461536,17,31
1376461767,16,32
1376461844,16,32
1376461849,17,31
1376462431,17,31
1376462895,16,32
1376463115,15,33
1376463270,14,34
1376463474,15,33
1376463731,16,32
1376464040,17,31
1376464208,16,32
1376464300,17,31
1376464361,17,31
1376464406,18,30
1376465009,18,30
1376465257,17,31
1376465436,16,32
1376465947,17,31
1376466314,17,31
1376466375,18,30
1376466979,18,30
1376467222,17,31
1376467359,17,31
1376467369,18,30
1376467972,18,30
1376468070,19,29
1376468674,19,29
1376468783,20,28
1376469386,20,28
1376469990,20,28
1376470594,20,28
1376471198,20,28
1376471801,20,28
1376472405,20,28
1376472736,21,27
1376472787,20,28
1376473391,20,28
1376473994,20,28
1376474598,20,28
1376475205,20,28
1376475808,20,28
1376475828,19,29
1376476432,19,29
1376476509,18,30
1376477112,18,30
1376477390,17,31
1376478030,18,30
1376478582,19,29
1376478593,17,31
1376479197,17,31
1376479660,17,31
1376479704,17,31
1376479803,18,30
1376480261,19,29
1376480865,19,29
1376481162,21,27
1376481766,21,27
1376482398,22,26
1376482525,23,25
1376482662,22,26
1376482813,21,27
1376482898,20,28
1376483320,21,27
1376483372,21,27
1376483426,23,25
1376483462,23,25
1376483590,22,26
1376483639,22,26
1376483964,23,25
1376484007,24,24
1376484456,23,25
1376485060,23,25
1376485277,21,27
1376485880,21,27
1376486139,20,28
1376486742,20,28
1376486921,20,28
1376486964,20,28
1376487034,20,28
1376487104,19,29
1376487152,20,28
1376487212,19,29
1376487282,19,29
1376487291,20,28
1376487390,19,29
1376487568,18,30
1376487858,17,31
1376487934,17,31
1376488031,16,32
1376488273,17,31
1376488877,17,31
1376489480,17,31
1376489860,16,32
1376490008,17,31
1376490545,18,30
1376490635,19,29
1376490658,20,28
1376490814,19,29
1376491242,19,29
1376491271,19,29
1376491334,20,28
1376491385,21,27
1376491723,21,27
1376491726,22,26
1376491948,23,25
1376492047,23,25
1376492124,24,24
1376492384,23,25
1376492989,23,25
1376493200,24,24
1376493722,23,25
1376493956,22,26
1376494560,22,26
1376494903,22,26
1376494952,25,23
1376495101,24,24
1376495324,24,24
1376495333,25,23
1376495439,26,22
1376495905,25,23
1376496510,25,23
1376497074,26,22
1376497336,25,23
1376497554,24,24
1376497799,23,25
1376497889,25,23
1376498113,27,21
1376498499,26,22
1376498537,25,23
1376499026,23,25
1376499582,23,25
1376499592,24,24
1376499727,23,25
1376499961,22,26
1376500049,23,25
1376500173,22,26
1376500398,21,27
1376500454,22,26
1376500510,21,27
1376500661,20,28
1376501105,19,29
1376501285,20,28
1376501817,19,29
1376501923,19,29
1376501927,18,30
1376502025,19,29
1376502072,17,31
1376502209,18,30
1376502325,19,29
1376502357,20,28
1376502574,19,29
1376503177,19,29
1376503202,20,28
1376503293,19,29
1376503321,20,28
1376503453,21,27
1376503690,20,28
1376503842,21,27
1376504053,20,28
1376504524,19,29
1376505128,19,29
1376505696,18,30
1376505824,18,30
1376505827,19,29
1376505983,18,30
1376506241,17,31
1376506846,17,31
1376507382,17,31
1376507436,15,33
1376508040,15,33
1376508395,14,34
1376508408,13,35
1376508484,12,36
1376508567,11,37
1376509170,11,37
1376509262,10,38
1376509768,9,39
1376510373,9,39
1376510665,9,39
1376510735,9,39
1376510770,9,39
1376510814,9,39
1376510909,9,39
1376510973,10,38
1376511061,10,38
1376511111,10,38
1376511192,9,39
1376511264,9,39
1376511336,9,39
1376511404,9,39
1376511431,10,38
1376511476,11,37
1376512081,11,37
1376512684,11,37
1376513287,11,37
1376513853,10,38
1376514457,10,38
1376515060,10,38
1376515664,10,38
1376515822,9,39
1376516426,9,39
1376517030,9,39
1376517633,9,39
1376517930,10,38
1376518101,11,37
1376518705,11,37
1376518810,11,37
1376518883,12,35
1376518922,13,35
1376519526,13,35
1376520130,13,35
1376520733,13,35
1376521260,12,36
1376521412,12,36
1376521471,11,37
1376522074,11,37
1376522216,10,38
1376522821,10,38
1376523425,10,38
1376524028,10,38
1376524633,10,38
1376525236,10,38
1376525692,9,39
1376526313,9,39
1376526361,10,38
1376526449,10,38
1376526475,11,37
1376527079,11,37
1376527687,11,37
1376528292,11,37
1376528896,11,37
1376529500,11,37
1376529801,11,37
1376530405,11,37
1376531008,11,37
1376531612,11,37
1376532215,11,37
1376532819,11,37
1376533423,11,37
1376534028,11,37
1376534631,11,37
1376535236,11,37
1376535840,11,37
1376536444,11,37
1376537048,11,37
1376537651,11,37
1376538255,11,37
1376538858,11,37
1376539462,11,37
1376540065,11,37
1376540669,11,37
1376541273,11,37
1376541877,11,37
1376542480,11,37
1376543084,11,37
1376543688,11,37
1376544292,11,37
1376544896,11,37
1376545500,11,37
1376546105,11,37
1376546709,11,37
1376547217,11,37
1376547231,12,36
1376547834,12,36
1376548417,13,35
1376549021,13,35
1376549318,14,34
1376549923,14,34
1376550527,14,34
1376551131,14,34
1376551463,11,37
1376551663,11,37
1376551666,11,37
1376551772,11,37
1376551821,12,36
1376551887,14,34
1376551958,15,33
1376551968,16,32
1376552572,16,32
1376553175,16,32
1376553585,16,32
1376553941,16,32
1376553944,15,33
1376554547,15,33
1376555151,15,33
1376555244,14,34
1376555305,14,34
1376555413,14,34
1376555478,14,34
1376555530,14,34
1376555592,15,33
1376556196,15,33
1376556805,16,32
1376557408,16,32
1376557590,17,31
1376557854,17,31
1376557949,18,30
1376557980,18,30
1376558030,19,29
1376558661,18,30
1376558895,17,31
1376559500,17,31
1376560032,18,30
1376560572,17,31
1376560720,16,32
1376561326,16,32
1376561439,15,33
1376562044,15,33
1376562186,14,34
1376562790,14,34
1376563395,14,34
1376563542,15,33
1376563873,14,34
1376564477,14,34
1376564664,15,33
1376565268,15,33
1376565872,15,33
1376566041,16,32
1376566645,16,32
1376567248,16,32
1376567463,17,31
1376568104,17,31
1376568707,16,32
1376569351,17,31
1376569955,17,31
1376570140,15,33
1376570561,13,35
1376570602,12,36
1376570732,12,36
1376571336,12,36
1376571941,12,36
1376572403,13,35
1376572842,13,35
1376572891,14,34
1376572962,16,32
1376573566,16,32
1376574102,16,32
1376574112,17,31
1376574403,17,31
1376574405,18,30
1376574583,18,30
1376574590,19,29
1376575194,19,29
1376575797,19,29
1376576441,20,28
1376576789,22,26
1376576898,21,27
1376577030,22,26
1376577080,21,27
1376577395,22,26
1376577926,21,27
1376578491,20,28
1376579097,20,28
1376579178,21,27
1376579606,20,28
1376579719,19,29
1376579777,17,31
1376580381,17,31
1376580445,17,31
1376580565,19,29
1376580844,19,29
1376580896,20,28
1376581103,19,29
1376581602,18,30
1376581675,17,31
1376581796,18,30
1376582246,19,29
1376582599,18,30
1376582899,17,31
1376583087,16,32
1376583605,15,33
1376584209,15,33
1376584839,14,34
1376584891,14,34
1376585496,14,34
1376585841,15,33
1376585900,14,34
1376585954,15,33
1376586140,13,35
1376586744,13,35
1376587347,13,35
1376587952,13,35
1376588453,11,37
1376588917,10,38
1376589522,10,38
1376590126,10,38
1376590730,10,38
1376590870,9,39
1376591475,9,39
1376591779,8,40
1376592283,8,40
1376592287,7,41
1376592456,7,41
1376592511,8,40
1376592684,6,42
1376592943,8,40
1376593547,8,40
1376594152,8,40
1376594789,9,39
1376594857,9,39
1376594871,7,41
1376594982,6,42
1376594989,5,43
1376595094,4,44
1376595641,4,44
1376595650,5,43
1376596064,5,43
1376596072,6,42
1376596676,6,42
1376597098,4,44
1376597504,5,43
1376597533,5,43
1376597616,7,41
1376598220,7,41
1376598825,7,41
1376599430,7,41
1376599590,6,42
1376600194,6,42
1376600798,6,42
1376601401,6,42
1376602005,6,42
1376602496,7,41
1376602707,6,42
1376603154,7,41
1376603408,6,42
1376604013,6,42
1376604622,6,42
1376604731,5,43
1376604986,4,44
1376605589,4,44
1376606193,4,44
1376606797,4,44
1376607283,4,44
1376607286,3,45
1376607890,3,45
1376608174,2,46
1376608683,1,47
1376609286,1,47
1376609890,1,47
1376610494,1,47
1376611097,1,47
1376611701,1,47
1376612304,1,47
1376612908,1,47
1376613512,1,47
1376614116,1,47
1376614719,1,47
1376615323,1,47
1376615927,1,47
1376616202,1,47
1376616502,0,48
1376616575,0,48
1376617178,0,48
1376617782,0,48
1376618386,0,48
1376618989,0,48
1376619593,0,48
1376620197,0,48
1376620800,0,48
1376621404,0,48
1376622008,0,48
1376622612,0,48
1376623216,0,48
1376623819,0,48
1376624422,0,48
1376625026,0,48
1376625630,0,48
1376626234,0,48
1376626837,0,48
1376627194,1,47
1376627798,1,47
1376628402,1,47
1376629043,2,46
1376629648,2,46
1376629704,2,46
1376630308,2,46
1376630912,2,46
1376631516,2,46
1376632120,2,46
1376632723,2,46
1376633327,2,46
1376633931,2,46
1376634507,3,45
1376635110,3,45
1376635439,4,44
1376635823,3,45
1376636005,2,46
1376636133,1,47
1376636371,1,47
1376636975,1,47
1376637579,1,47
1376637916,2,46
1376638088,3,45
1376638694,3,45
1376638779,3,45
1376638799,4,44
1376639402,4,44
1376639620,3,45
1376640224,3,45
1376640870,2,46
1376640923,2,46
1376640979,3,45
1376641477,5,43
1376642082,5,43
1376642686,5,43
1376643219,5,43
1376643230,6,42
1376643756,5,43
1376643782,6,42
1376644386,6,42
1376644544,6,42
1376644546,7,41
1376645014,8,40
1376645121,8,40
1376645186,8,40
1376645254,9,39
1376645298,9,39
1376645382,9,38
1376645430,10,36
1376645478,10,36
1376645549,11,36
1376646154,11,37
1376646378,11,36
1376646462,11,34
1376646560,11,32
1376646593,11,31
1376646688,11,31
1376646916,12,30
1376647409,11,31
1376647701,11,31
1376647730,12,30
1376647829,11,31
1376647891,10,32
1376648139,10,32
1376648148,11,31
1376648264,11,31
1376648493,10,32
1376648772,9,33
1376648960,10,32
1376649038,9,33
1376649050,10,32
1376649654,10,32
1376650259,10,32
1376650864,10,32
1376650920,11,31
1376651397,9,33
1376651971,10,32
1376652485,11,31
1376652578,10,32
1376652609,11,31
1376652795,10,32
1376653398,10,32
1376653537,10,32
1376653600,10,32
1376653649,11,31
1376653721,10,32
1376653759,10,32
1376653828,10,32
1376653902,12,30
1376654019,11,31
1376654029,12,30
1376654517,11,31
1376655121,11,31
1376655552,10,32
1376655631,12,30
1376656020,13,29
1376656274,14,28
1376656685,13,29
1376657169,12,30
1376657772,12,30
1376658376,12,30
1376658979,12,30
1376659369,11,31
1376659973,11,31
1376660113,12,30
1376660314,11,31
1376660682,10,32
1376661285,10,32
1376661490,11,31
1376662094,11,31
1376662303,11,31
1376662357,10,32
1376662465,10,32
1376662533,11,31
1376663136,11,31
1376663462,12,30
1376663817,13,29
1376664421,13,29
1376664512,12,30
1376665033,11,31
1376665119,11,31
1376665151,11,31
1376665242,13,29
1376665612,12,30
1376666080,13,29
1376666159,12,30
1376666527,11,31
1376667130,11,31
1376667265,10,32
1376667364,8,34
1376667580,8,34
1376667593,9,33
1376667758,9,33
1376667809,10,32
1376667991,11,31
1376668236,10,32
1376668839,10,32
1376669309,9,33
1376669600,8,34
1376669729,9,33
1376669828,10,32
1376669979,8,34
1376670058,9,33
1376670236,10,32
1376670332,10,32
1376670367,11,31
1376670803,9,33
1376670920,10,32
1376671033,11,31
1376671453,12,30
1376672002,11,31
1376672370,12,30
1376672521,11,31
1376672638,10,32
1376672716,9,33
1376672864,9,33
1376672890,7,35
1376673260,5,37
1376673293,4,38
1376673461,5,37
1376673495,4,38
1376673865,3,39
1376674469,3,39
1376674845,3,39
1376674915,3,39
1376675520,3,39
1376675739,3,39
1376675749,4,38
1376676054,3,39
1376676658,3,39
1376676838,4,38
1376677454,4,38
1376677522,5,37
1376677596,5,37
1376677652,5,37
1376677723,6,36
1376678084,6,36
1376678088,5,37
1376678691,5,37
1376678899,4,38
1376679502,4,38
1376679780,3,39
1376679962,2,40
1376680144,1,41
1376680747,1,41
1376681020,1,41
1376681082,1,41
1376681112,2,40
1376681192,3,39
1376681380,2,40
1376681720,2,40
1376681756,3,39
1376682360,3,39
1376682963,3,39
1376683567,3,39
1376683739,2,40
1376683926,1,41
1376684398,2,40
1376685001,2,40
1376685605,2,40
1376686209,2,40
1376686268,3,39
1376686872,3,39
1376686934,4,38
1376687538,4,38
1376688142,4,38
1376688627,4,38
1376688739,5,37
1376688800,6,36
1376689405,6,36
1376690014,6,36
1376690425,6,36
1376690449,6,36
1376690607,7,35
1376690998,6,36
1376691603,6,36
1376692207,6,36
1376692811,6,36
1376693414,6,36
1376694018,6,36
1376694621,6,36
1376695225,6,36
1376695829,6,36
1376696433,6,36
1376697036,6,36
1376697640,6,36
1376698244,6,36
1376698302,6,36
1376698309,7,35
1376698913,7,35
1376699517,7,35
1376700121,7,35
1376700725,7,35
1376701328,7,35
1376701932,7,35
1376702682,7,35
1376703287,7,35
1376703890,7,35
1376704469,7,35
1376704530,7,35
1376704570,8,34
1376705196,7,35
1376705800,7,35
1376706403,7,35
1376707007,7,35
1376707610,7,35
1376708214,7,35
1376708817,7,35
1376709422,7,35
1376710026,7,35
1376710629,7,35
1376711233,7,35
1376711836,7,35
1376712440,7,35
1376713044,7,35
1376713648,7,35
1376714251,7,35
1376714855,7,35
1376715458,7,35
1376716061,7,35
1376716665,7,35
1376717269,7,35
1376717872,7,35
1376718476,7,35
1376719079,7,35
1376719683,7,35
1376720287,7,35
1376720890,7,35
1376721494,7,35
1376722097,7,35
1376722701,7,35
1376723128,6,36
1376723731,6,36
1376724335,6,36
1376724939,6,36
1376725431,5,37
1376726034,5,37
1376726638,5,37
1376727242,5,37
1376727703,5,37
1376727716,6,36
1376727961,8,34
1376728565,8,34
1376729169,8,34
1376729776,8,34
1376730273,7,35
1376730298,6,36
1376730922,5,37
1376730955,5,37
1376731123,4,38
1376731462,4,38
1376731520,5,37
1376731601,5,37
1376731651,6,36
1376731679,7,35
1376732283,7,35
1376732887,7,35
1376733404,7,35
1376733445,10,32
1376733945,10,32
1376733947,11,31
1376734244,11,31
1376734870,12,30
1376735474,12,30
1376735721,11,31
1376736097,12,30
1376736108,13,29
1376736599,12,30
1376736667,11,31
1376736809,9,33
1376737161,10,32
1376737633,10,32
1376737940,11,31
1376738154,10,32
1376738758,10,32
1376738951,11,31
1376739445,12,30
1376740049,12,30
1376740117,11,31
1376740230,11,31
1376740304,12,30
1376740484,13,29
1376740710,13,29
1376740754,12,30
1376740787,12,30
1376740848,12,30
1376740942,11,31
1376741012,13,29
1376741624,13,29
1376741626,13,29
1376741720,13,29
1376741786,13,29
1376741810,14,28
1376742413,14,28
1376742911,13,29
1376742964,13,29
1376743021,14,28
1376743124,13,29
1376743126,14,28
1376743417,13,29
1376744014,12,30
1376744306,12,29
1376744357,12,29
1376744412,13,29
1376744502,13,29
1376744518,11,31
1376744623,11,31
1376744627,10,32
1376745230,10,32
1376745879,10,32
1376745920,11,31
1376746524,11,31
1376746897,10,32
1376747500,10,32
1376748104,10,32
1376748708,10,32
1376749345,9,33
1376749657,10,32
1376750261,10,32
1376750620,11,31
1376751223,11,31
1376751827,11,31
1376751929,10,32
1376752005,10,32
1376752057,13,29
1376752662,13,29
1376753142,11,31
1376753160,9,33
1376753764,9,33
1376754367,9,33
1376754804,9,33
1376754880,8,34
1376754942,8,34
1376754994,8,34
1376755111,8,34
1376755714,8,34
1376756292,6,36
1376756543,5,37
1376756715,7,35
1376756984,8,34
1376756994,8,34
1376757598,8,34
1376757787,11,31
1376757976,11,31
1376758170,12,30
1376758293,13,29
1376758626,12,30
1376759295,14,28
1376759828,13,29
1376760432,13,29
1376760919,14,28
1376761500,13,29
1376761844,12,30
1376762140,12,30
1376762511,11,31
1376763171,12,30
1376763352,11,31
1376763957,11,31
1376764255,10,32
1376764423,11,31
1376765026,11,31
1376765639,9,33
1376766243,9,33
1376766609,7,35
1376767235,7,35
1376767298,6,36
1376767902,6,36
1376768020,4,38
1376768184,4,38
1376768308,7,35
1376768376,7,35
1376768441,7,35
1376768710,6,36
1376769127,4,38
1376769391,6,36
1376769571,5,37
1376769747,4,38
1376770305,4,38
1376770358,5,37
1376770426,5,37
1376770434,7,35
1376771039,7,35
1376771642,7,35
1376772247,7,35
1376772851,7,35
1376773456,7,35
1376773496,6,36
1376774100,6,36
1376774703,6,36
1376775308,6,36
1376775914,6,36
1376776519,6,36
1376777123,6,36
1376777425,4,38
1376778029,4,38
1376778284,3,39
1376778423,1,41
1376779028,1,41
1376779345,0,42
1376779950,0,42
1376780555,0,42
1376781158,0,42
1376781807,1,41
1376781877,1,41
1376781890,2,40
1376782495,2,40
1376783098,2,40
1376783702,2,40
1376784307,2,40
1376784367,0,42
1376784971,0,42
1376785576,0,42
1376786181,0,42
1376786784,0,42
1376787388,0,42
1376787991,0,42
1376788595,0,42
1376789002,0,42
1376789606,0,42
1376790210,0,42
1376790814,0,42
1376791419,0,42
1376792023,0,42
1376792628,0,42
1376793232,0,42
1376793839,0,42
1376794444,0,42
1376795047,0,42
1376795651,0,42
1376796254,0,42
1376796859,0,42
1376797462,0,42
1376798066,0,42
1376798670,0,42
1376799274,0,42
1376799877,0,42
1376800482,0,42
1376801085,0,42
1376801689,0,42
1376802294,0,42
1376802623,0,42
1376803227,0,42
1376803837,0,42
1376804442,0,42
1376805045,0,42
1376805690,1,41
1376806065,1,41
1376806533,1,41
1376807142,1,41
1376807745,1,41
1376808350,1,41
1376808953,1,41
1376809557,1,41
1376810161,1,41
1376810765,1,41
1376811164,0,42
1376811767,0,42
1376811959,0,42
1376812179,0,42
1376812523,0,42
1376812605,0,42
1376812607,1,41
1376813211,1,41
1376813814,1,41
1376814418,1,41
1376815021,1,41
1376815625,1,41
1376816229,1,41
1376816310,1,41
1376816357,2,40
1376816961,2,40
1376817564,2,40
1376818169,2,40
1376818774,2,40
1376819378,2,40
1376819936,3,39
1376820513,4,38
1376820607,5,37
1376821201,4,38
1376821804,4,38
1376821951,4,38
1376822554,4,38
1376823158,4,38
1376823761,4,38
1376824185,4,38
1376824188,5,37
1376824791,5,37
1376825395,5,37
1376826029,4,38
1376826633,4,38
1376827240,3,39
1376827261,3,39
1376827523,3,39
1376828021,2,40
1376828624,2,40
1376829066,2,40
1376829699,1,41
1376829757,0,42
1376830122,0,42
1376830151,2,40
1376830756,2,40
1376831221,2,40
1376831825,2,40
1376832162,2,40
1376832172,4,38
1376832258,5,37
1376832700,5,37
1376832742,4,38
1376832786,5,37
1376832995,6,36
