1376208236,2,47
1376208839,2,47
1376209443,2,47
1376209780,1,48
1376210319,1,48
1376210373,1,48
1376210914,1,48
1376210971,1,48
1376211040,2,47
1376211644,2,47
1376212267,3,46
1376212811,4,45
1376213415,4,45
1376214019,4,45
1376214623,4,45
1376215227,4,45
1376215830,4,45
1376215953,3,46
1376216558,3,46
1376217162,3,46
1376217518,2,47
1376218096,1,48
1376218700,1,48
1376219304,1,48
1376219908,1,48
1376220512,1,48
1376221116,1,48
1376221408,1,48
1376221522,1,48
1376221587,1,48
1376221634,2,47
1376221756,2,47
1376221795,3,46
1376222398,3,46
1376222453,2,47
1376223058,2,47
1376223661,2,47
1376224265,2,47
1376224869,2,47
1376225473,2,47
1376226076,2,47
1376226229,2,47
1376226327,3,46
1376226931,3,46
1376227535,3,46
1376228139,3,46
1376228232,4,45
1376228836,4,45
1376229255,2,47
1376229859,2,47
1376230352,1,48
1376230956,1,48
1376231002,2,47
1376231189,2,47
1376231793,2,47
1376231973,3,46
1376232577,3,46
1376232956,4,45
1376233120,4,45
1376233182,4,45
1376233190,5,44
1376233794,5,44
1376234065,4,45
1376234669,4,45
1376234766,6,43
1376235376,6,43
1376235980,6,43
1376236304,6,42
1376236339,7,42
1376236943,7,42
1376237547,7,42
1376238151,7,42
1376238281,7,42
1376238298,6,43
1376238902,6,43
1376239195,5,44
1376239805,3,46
1376240409,3,46
1376241013,3,46
1376241212,5,44
1376241817,5,44
1376242420,5,44
1376243024,5,44
1376243592,4,45
1376244196,4,45
1376244801,4,45
1376244878,5,44
1376245001,5,44
1376245004,4,45
1376245608,4,45
1376246212,4,45
1376246816,4,45
1376247421,4,45
1376248025,4,45
1376248629,4,45
1376249233,4,45
1376249837,4,45
1376250441,4,45
1376250765,4,45
1376250811,4,45
1376250860,3,46
1376250884,3,46
1376251000,4,45
1376251604,4,45
1376252207,4,45
1376252811,4,45
1376253415,4,45
1376254019,4,45
1376254622,4,45
1376255226,4,45
1376255830,4,45
1376256434,4,45
1376257037,4,45
1376257642,4,45
1376258246,4,45
1376258849,4,45
1376259453,4,45
1376260058,4,45
1376260662,4,45
1376261265,4,45
1376261869,4,45
1376262473,4,45
1376263077,4,45
1376263224,3,46
1376263829,3,46
1376264433,3,46
1376265042,3,46
1376265646,3,46
1376266250,3,46
1376266854,3,46
1376267457,3,46
1376268061,3,46
1376268665,3,46
1376269269,3,46
1376270058,3,46
1376270663,3,46
1376271267,3,46
1376271872,3,46
1376272476,3,46
1376273080,3,46
1376273685,3,46
1376274289,3,46
1376274893,3,46
1376275496,3,46
1376276100,3,46
1376276704,3,46
1376277308,3,46
1376277911,3,46
1376278515,3,46
1376279119,3,46
1376279723,3,46
1376280326,3,46
1376280930,3,46
1376281534,3,46
1376282138,3,46
1376282742,3,46
1376283346,3,46
1376283950,3,46
1376284553,3,46
1376285157,3,46
1376285761,3,46
1376286365,3,46
1376286969,3,46
1376287584,4,45
1376288188,4,45
1376288792,4,45
1376289026,5,44
1376289631,5,44
1376290235,5,44
1376290838,5,44
1376291442,5,44
1376292046,5,44
1376292269,4,45
1376292810,3,46
1376293415,3,46
1376294018,3,46
1376294555,2,46
1376294601,2,47
1376295206,2,47
1376295618,2,47
1376296223,2,47
1376296812,3,46
1376297416,3,46
1376298020,3,46
1376298623,3,46
1376299227,3,46
1376299831,3,46
1376300436,3,46
1376301040,3,46
1376301643,3,46
1376302247,3,46
1376302851,3,46
1376303455,3,46
1376304058,3,46
1376304662,3,46
1376305266,3,46
1376305902,3,46
1376305911,4,45
1376306515,4,45
1376307119,4,45
1376307723,4,45
1376308327,4,45
1376308931,4,45
1376309535,4,45
1376310138,4,45
1376310195,3,46
1376310800,3,46
1376311296,3,46
1376311306,4,45
1376311911,4,45
1376312301,4,45
1376312395,4,45
1376312469,5,44
1376312512,6,43
1376313116,6,43
1376313720,6,43
1376313964,5,44
1376314568,5,44
1376315172,5,44
1376315776,5,44
1376316380,5,44
1376316984,5,44
1376317587,5,44
1376317634,6,43
1376318238,6,43
1376318842,6,43
1376319383,7,42
1376319434,6,43
1376320038,6,43
1376320209,6,43
1376320538,5,44
1376321142,5,44
1376321469,4,45
1376322073,4,45
1376322413,3,46
1376323017,3,46
1376323621,3,46
1376323715,5,44
1376324319,5,44
1376324923,5,44
1376324969,4,45
1376325572,4,45
1376326176,4,45
1376326299,4,45
1376326361,5,44
1376326571,6,43
1376327175,6,43
1376327779,6,43
1376327973,7,42
1376328142,8,41
1376328747,8,41
1376329350,8,41
1376329954,8,41
1376330558,8,41
1376331162,8,41
1376331765,8,41
1376332370,8,41
1376332974,8,41
1376333577,8,41
1376334181,8,41
1376334785,8,41
1376335389,8,41
1376335992,8,41
1376336596,8,41
1376337200,8,41
1376337804,8,41
1376338407,8,41
1376339011,8,41
1376339615,8,41
1376340219,8,41
1376340823,8,41
1376341426,8,41
1376342030,8,41
1376342634,8,41
1376343238,8,41
1376343841,8,41
1376344445,8,41
1376345050,8,41
1376345653,8,41
1376346257,8,41
1376346861,8,41
1376347465,8,41
1376348074,8,41
1376348678,8,41
1376349290,8,41
1376349894,8,41
1376350498,8,41
1376351102,8,41
1376351705,8,41
1376352309,8,41
1376352913,8,41
1376353517,8,41
1376354120,8,41
1376354724,8,41
1376355328,8,41
1376355932,8,41
1376356458,8,41
1376357061,8,41
1376357666,8,41
1376358270,8,41
1376358873,8,41
1376359477,8,41
1376360081,8,41
1376360685,8,41
1376361288,8,41
1376361892,8,41
1376362496,8,41
1376363100,8,41
1376363704,8,41
1376364307,8,41
1376364911,8,41
1376365424,8,41
1376365428,7,42
1376366032,7,42
1376366635,7,42
1376367239,7,42
1376367843,7,42
1376368447,7,42
1376369050,7,42
1376369654,7,42
1376370259,7,42
1376370862,7,42
1376371466,7,42
1376372070,7,42
1376372674,7,42
1376373278,7,42
1376373881,7,42
1376374485,7,42
1376375089,7,42
1376375322,7,42
1376375331,8,41
1376375935,8,41
1376376539,8,41
1376377143,8,41
1376377746,8,41
1376377904,7,42
1376378508,7,42
1376378728,6,43
1376378936,5,44
1376379343,5,44
1376379378,5,44
1376379409,5,44
1376379523,6,43
1376380127,6,43
1376380589,7,42
1376380961,7,42
1376380968,8,41
1376381100,9,40
1376381266,7,42
1376381281,7,42
1376381886,7,42
1376382490,7,42
1376383094,7,42
1376383698,7,42
1376384301,7,42
1376384905,7,42
1376385509,7,42
1376386113,7,42
1376386716,7,42
1376387320,7,42
1376387732,8,41
1376388336,8,41
1376388579,9,40
1376389183,9,40
1376389787,9,40
1376390391,9,40
1376390477,9,40
1376390516,8,41
1376390594,8,41
1376390644,7,42
1376391012,6,43
1376391616,6,43
1376392220,6,43
1376392479,6,43
1376392601,5,44
1376392658,7,42
1376393263,7,42
1376393867,7,42
1376394216,7,42
1376394237,8,41
1376394311,8,41
1376394823,7,42
1376394878,7,42
1376395482,7,42
1376395588,6,43
1376395893,5,44
1376396498,5,44
1376397101,5,44
1376397705,5,44
1376398309,5,44
1376398913,5,44
1376399516,5,44
1376400120,5,44
1376400311,4,45
1376400376,4,45
1376400981,4,45
1376401584,4,45
1376402188,4,45
1376402792,4,45
1376403396,4,45
1376403967,5,44
1376404132,4,45
1376404736,4,45
1376405340,4,45
1376405944,4,45
1376406548,4,45
1376407151,4,45
1376407756,4,45
1376408116,5,44
1376408720,5,44
1376409164,5,44
1376409192,6,43
1376409797,6,43
1376410400,6,43
1376410646,7,42
1376410835,8,41
1376411307,9,40
1376411911,9,40
1376412515,9,40
1376413119,9,40
1376413723,9,40
1376414326,9,40
1376414532,8,41
1376414908,7,42
1376415161,8,41
1376415284,8,41
1376415674,7,42
1376416278,7,42
1376416541,8,41
1376417145,8,41
1376417749,8,41
1376418353,8,41
1376418957,8,41
1376419522,8,41
1376419583,7,42
1376419622,6,43
1376420226,6,43
1376420830,6,43
1376421434,6,43
1376422037,6,43
1376422641,6,43
1376423245,6,43
1376423849,6,43
1376424452,6,43
1376425056,6,43
1376425146,5,44
1376425751,5,44
1376426354,5,44
1376426958,5,44
1376427078,4,45
1376427682,4,45
1376428286,4,45
1376428890,4,45
1376429493,4,45
1376430097,4,45
1376430701,4,45
1376431305,4,45
1376431908,4,45
1376432512,4,45
1376433116,4,45
1376433720,4,45
1376434324,4,45
1376434928,4,45
1376435532,4,45
1376436135,4,45
1376436739,4,45
1376437343,4,45
1376437947,4,45
1376438550,4,45
1376439160,4,45
1376439765,4,45
1376440369,4,45
1376440973,4,45
1376441576,4,45
1376442180,4,45
1376442860,4,45
1376442920,4,45
1376443382,4,45
1376443987,4,45
1376444590,4,45
1376445195,4,45
1376445799,4,45
1376446402,4,45
1376447006,4,45
1376447610,4,45
1376448214,4,45
1376448818,4,45
1376449421,4,45
1376450025,4,45
1376450629,4,45
1376451233,4,45
1376451837,4,45
1376452440,4,45
1376453044,4,45
1376453648,4,45
1376454251,4,45
1376454855,4,45
1376455459,4,45
1376456063,4,45
1376456667,4,45
1376457270,4,45
1376457875,4,45
1376458479,4,45
1376459082,4,45
1376459686,4,45
1376460290,4,45
1376460894,4,45
1376461498,4,45
1376461939,5,44
1376462544,5,44
1376463148,5,44
1376463751,5,44
1376463936,4,44
1376464559,4,44
1376464905,4,44
1376464909,3,45
1376465170,2,46
1376465774,2,46
1376466378,2,46
1376466982,2,46
1376467586,2,46
1376468190,2,46
1376468795,2,46
1376469398,2,46
1376470002,2,46
1376470607,2,46
1376471212,2,46
1376471815,2,46
1376472420,2,46
1376473025,2,46
1376473630,2,46
1376473864,1,47
1376474469,1,47
1376475074,1,47
1376475679,1,47
1376476284,1,47
1376476889,1,47
1376477494,1,47
1376478099,1,47
1376478703,1,47
1376479307,1,47
1376479913,1,47
1376480517,1,47
1376481122,1,47
1376481727,1,47
1376482332,1,47
1376482937,1,47
1376483541,1,47
1376484146,1,47
1376484751,1,47
1376485355,1,47
1376485960,1,47
1376486564,1,47
1376487169,1,47
1376487774,1,47
1376488379,1,47
1376488984,1,47
1376489589,1,47
1376490194,1,47
1376490799,1,47
1376491404,1,47
1376492009,1,47
1376492613,1,47
1376493218,1,47
1376493823,1,47
1376494428,1,47
1376495032,1,47
1376495683,1,47
1376495702,3,45
1376496145,4,44
1376496749,4,44
1376497354,4,44
1376497699,5,43
1376498303,5,43
1376498915,5,43
1376498984,4,44
1376499488,3,45
1376500092,3,45
1376500541,3,45
1376500602,4,44
1376500724,5,43
1376500734,6,42
1376501339,6,42
1376501944,6,42
1376502548,6,42
1376503153,6,42
1376503758,6,42
1376504363,6,42
1376504968,6,42
1376505042,7,41
1376505647,7,41
1376505915,6,42
1376506035,7,41
1376506652,6,42
1376506761,5,43
1376507365,5,43
1376507970,5,43
1376508575,5,43
1376508916,6,42
1376509521,6,42
1376510125,6,42
1376510499,5,43
1376511104,5,43
1376511709,5,43
1376512313,5,43
1376512917,5,43
1376513523,5,43
1376514127,5,43
1376514732,5,43
1376515336,5,43
1376515941,5,43
1376516546,5,43
1376517151,5,43
1376517756,5,43
1376518136,4,44
1376518746,4,44
1376519351,4,44
1376519833,4,44
1376519924,4,44
1376519984,4,44
1376520016,4,44
1376520161,4,44
1376520173,5,43
1376520271,4,43
1376520332,4,44
1376520367,4,44
1376520454,4,44
1376520505,4,44
1376520555,4,44
1376520690,4,44
1376520744,4,44
1376521349,4,44
1376521954,4,44
1376522558,4,44
1376523163,4,44
1376523768,4,44
1376524373,4,44
1376524978,4,44
1376525584,4,44
1376526188,4,44
1376526793,4,44
1376527398,4,44
1376528003,4,44
1376528609,4,44
1376529342,4,44
1376529946,4,44
1376530550,4,44
1376531153,4,44
1376531757,4,44
1376532361,4,44
1376532965,4,44
1376533569,4,44
1376534173,4,44
1376534777,4,44
1376535380,4,44
1376535984,4,44
1376536588,4,44
1376537192,4,44
1376537795,4,44
1376538399,4,44
1376539003,4,44
1376539607,4,44
1376540211,4,44
1376540814,4,44
1376541418,4,44
1376542022,4,44
1376542626,4,44
1376543229,4,44
1376543833,4,44
1376544437,4,44
1376545041,4,44
1376545645,4,44
1376546249,4,44
1376546853,4,44
1376547456,4,44
1376548060,4,44
1376548664,4,44
1376549268,4,44
1376549871,4,44
1376550475,4,44
1376551079,4,44
1376551683,4,44
1376552287,4,44
1376552672,3,45
1376553276,3,45
1376553880,3,45
1376554484,3,45
1376555088,3,45
1376555693,3,45
1376556296,3,45
1376556900,3,45
1376557504,3,45
1376558110,5,43
1376558715,5,43
1376559320,5,43
1376559923,5,43
1376560151,5,43
1376560234,7,41
1376560282,8,40
1376560886,8,40
1376561200,6,42
1376561321,9,39
1376561925,9,39
1376562529,9,39
1376562627,8,40
1376562874,9,39
1376563479,9,39
1376564083,9,39
1376564734,10,38
1376565338,10,38
1376565942,10,38
1376566407,9,39
1376566834,9,39
1376566891,10,38
1376566956,11,37
1376567560,11,37
1376568164,11,37
1376568512,10,38
1376568628,8,40
1376569232,8,40
1376569471,8,40
1376569678,6,42
1376570282,6,42
1376570342,5,43
1376570400,4,44
1376571028,3,45
1376571474,4,44
1376572078,4,44
1376572128,3,45
1376572357,2,46
1376572404,1,47
1376572785,1,47
1376572918,1,47
1376573522,1,47
1376574126,1,47
1376574730,1,47
1376575333,1,47
1376575836,1,47
1376575861,1,47
1376575960,1,47
1376576015,2,46
1376576092,2,46
1376576696,2,46
1376577002,3,45
1376577601,4,44
1376577846,3,45
1376577976,5,43
1376578579,5,43
1376578775,7,41
1376579380,7,41
1376579441,7,41
1376579450,8,40
1376579621,10,38
1376579630,11,37
1376580011,13,35
1376580098,13,35
1376580702,13,35
1376581030,12,36
1376581635,12,36
1376582238,12,36
1376582617,12,36
1376582627,13,35
1376583231,13,35
1376583683,14,34
1376584222,15,33
1376584826,15,33
1376585130,13,35
1376585172,13,35
1376585228,15,33
1376585375,16,32
1376585501,15,33
1376585510,15,33
1376586089,16,32
1376586692,16,32
1376587159,15,33
1376587685,16,32
1376587820,17,31
1376587870,18,30
1376588010,19,29
1376588323,19,29
1376588379,19,29
1376588424,19,29
1376588481,20,28
1376588559,21,27
1376588615,21,27
1376588682,20,28
1376588722,19,29
1376588770,20,28
1376589375,20,28
1376589979,20,28
1376590340,19,29
1376590723,20,28
1376590770,22,26
1376590836,23,25
1376590903,24,23
1376590904,24,23
1376591508,24,24
1376592062,23,25
1376592522,24,24
1376593125,24,24
1376593729,24,24
1376594000,23,25
1376594605,23,25
1376595209,23,25
1376595813,23,25
1376596417,23,25
1376597021,23,25
1376597625,23,25
1376598228,23,25
1376598879,22,26
1376599483,22,26
1376600087,22,26
1376600690,22,26
1376601294,22,26
1376601897,22,26
1376602501,22,26
1376603105,22,26
1376603709,22,26
1376604312,22,26
1376604916,22,26
1376605319,21,27
1376605924,21,27
1376606527,21,27
1376607131,21,27
1376607735,21,27
1376608339,21,27
1376608943,21,27
1376609547,21,27
1376610151,21,27
1376610280,21,27
1376610339,21,27
1376610363,22,26
1376610423,23,25
1376611027,23,25
1376611631,23,25
1376612235,23,25
1376612839,23,25
1376613443,23,25
1376614046,23,25
1376614650,23,25
1376615254,23,25
1376615656,23,25
1376616260,23,25
1376616864,23,25
1376617468,23,25
1376618071,23,25
1376618675,23,25
1376619279,23,25
1376619442,23,25
1376620046,23,25
1376620651,23,25
1376621255,23,25
1376621858,23,25
1376622462,23,25
1376623066,23,25
1376623670,23,25
1376624273,23,25
1376624877,23,25
1376625481,23,25
1376626085,23,25
1376626689,23,25
1376627292,23,25
1376627896,23,25
1376628500,23,25
1376629104,23,25
1376629707,23,25
1376629929,24,24
1376630532,24,24
1376631136,24,24
1376631740,24,24
1376632032,25,23
1376632636,25,23
1376633240,25,23
1376633843,25,23
1376634447,25,23
1376635051,25,23
1376635655,25,23
1376636258,25,23
1376636862,25,23
1376637466,25,23
1376638070,25,23
1376638674,25,23
1376639277,25,23
1376639882,25,23
1376640486,25,23
1376641090,25,23
1376641694,25,23
1376642297,25,23
1376642901,25,23
1376643505,25,23
1376644109,25,23
1376644712,25,23
1376645316,25,23
1376645921,25,23
1376646525,25,23
1376647128,25,23
1376647732,25,23
1376648336,25,23
1376648941,25,23
1376649544,25,23
1376650148,25,23
1376650752,25,23
1376651356,25,23
1376651663,24,24
1376652019,23,25
1376652623,23,25
1376653101,23,25
1376653127,23,25
1376653731,23,25
1376654335,23,25
1376654938,23,25
1376655542,23,25
1376656146,23,25
1376656750,23,25
1376657353,23,25
1376657957,23,25
1376658562,23,25
1376658759,22,26
1376658774,22,26
1376659200,22,26
1376659415,23,25
1376659570,23,25
1376659654,23,25
1376659723,24,24
1376659760,25,23
1376660019,24,24
1376660072,24,24
1376660184,25,23
1376660788,25,23
1376661392,25,23
1376661541,25,23
1376661632,25,23
1376661700,28,20
1376662304,28,20
1376662908,28,20
1376663476,29,19
1376664081,29,19
1376664117,28,20
1376664742,27,21
1376665346,27,21
1376665949,27,21
1376666553,27,21
1376666702,28,20
1376667306,28,20
1376667433,27,21
1376668037,27,21
1376668663,27,21
1376668675,28,20
1376669279,28,20
1376669883,28,20
1376670487,28,20
1376671091,28,20
1376671704,29,19
1376672295,28,20
1376672863,27,21
1376673467,27,21
1376674071,27,21
1376674675,27,21
1376675128,28,20
1376675731,28,20
1376676159,27,21
1376676763,27,21
1376677366,27,21
1376677970,27,21
1376678574,27,21
1376679178,27,21
1376679781,27,21
1376680385,27,21
1376680989,27,21
1376681593,27,21
1376681840,26,22
1376682444,26,22
1376683014,27,21
1376683618,27,21
1376684222,27,21
1376684825,27,21
1376685429,27,21
1376686033,27,21
1376686637,27,21
1376687240,27,21
1376687844,27,21
1376688448,27,21
1376689052,27,21
1376689655,27,21
1376690259,27,21
1376690863,27,21
1376691467,27,21
1376692071,27,21
1376692674,27,21
1376693309,26,22
1376693912,26,22
1376694522,26,22
1376695126,26,22
1376695730,26,22
1376696334,26,22
1376696938,26,22
1376697542,26,22
1376698145,26,22
1376698749,26,22
1376699353,26,22
1376699957,26,22
1376700560,26,22
1376701164,26,22
1376701768,26,22
1376702060,26,22
1376702142,26,22
1376702217,26,22
1376702651,26,22
1376703256,26,22
1376703859,26,22
1376704463,26,22
1376705067,26,22
1376705671,26,22
1376706274,26,22
1376706878,26,22
1376707120,25,23
1376707724,25,23
1376708328,25,23
1376708933,25,23
1376709536,25,23
1376710140,25,23
1376710744,25,23
1376711348,25,23
1376711952,25,23
1376712555,25,23
1376713159,25,23
1376713763,25,23
1376714367,25,23
1376714970,25,23
1376715574,25,23
1376716178,25,23
1376716782,25,23
1376717385,25,23
1376717989,25,23
1376718593,25,23
1376719197,25,23
1376719801,25,23
1376720405,25,23
1376721009,25,23
1376721613,25,23
1376722216,25,23
1376722820,25,23
1376723424,25,23
1376723886,24,24
1376724490,24,24
1376725094,24,24
1376725698,24,24
1376726302,24,24
1376726905,24,24
1376727509,24,24
1376728113,24,24
1376728717,24,24
1376729321,24,24
1376729886,25,23
1376730490,25,23
1376731094,25,23
1376731698,25,23
1376732301,25,23
1376732877,24,24
1376733032,24,24
1376733102,25,23
1376733315,24,24
1376733883,27,21
1376733915,28,20
1376734522,28,20
1376735126,28,20
1376735591,27,21
1376735670,28,20
1376736175,29,19
1376736779,29,19
1376737383,29,19
1376737987,29,19
1376738591,29,19
1376738685,30,18
1376739279,29,19
1376739637,28,20
1376740241,28,20
1376740844,28,20
1376741448,28,20
1376742052,28,20
1376742656,28,20
1376742967,27,21
1376743571,27,21
1376743987,26,22
1376744591,26,22
1376744985,26,22
1376744991,24,24
1376745595,24,24
1376746199,24,24
1376746803,24,24
1376746978,25,23
1376747582,25,23
1376747859,23,25
1376747926,22,26
1376748021,24,24
1376748503,24,24
1376748644,25,23
1376748692,26,22
1376749295,26,22
1376749899,26,22
1376750503,26,22
1376751107,26,22
1376751445,25,23
1376751471,24,24
1376752076,24,24
1376752507,24,24
1376752605,24,24
1376752645,24,24
1376752715,24,23
1376752760,24,23
1376752843,25,23
1376752869,27,21
1376753474,27,21
1376754027,28,20
1376754220,27,21
1376754581,26,22
1376754656,26,22
1376754739,27,21
1376754787,27,21
1376754865,28,20
1376755470,28,20
1376756071,27,21
1376756675,27,21
1376756857,25,23
1376756966,26,22
1376757571,26,22
1376758174,26,22
1376758779,26,22
1376759383,26,22
1376759986,26,22
1376760100,25,23
1376760645,25,23
1376760647,26,22
1376761252,26,22
1376761855,26,22
1376762459,26,22
1376763063,26,22
1376763667,26,22
1376764105,26,22
1376764166,27,21
1376764198,28,20
1376764260,29,19
1376764863,29,19
1376765466,29,19
1376766070,29,19
1376766675,29,19
1376767183,29,19
1376767192,30,18
1376767795,30,18
1376768399,30,18
1376769003,30,18
1376769607,30,18
1376770210,30,18
1376770725,29,19
1376771329,29,19
1376771933,29,19
1376772537,29,19
1376772767,29,19
1376773371,28,20
1376773975,28,20
1376774579,28,20
1376775182,28,20
1376775786,28,20
1376776390,28,20
1376776994,28,20
1376777598,28,20
1376778201,28,20
1376778805,28,20
1376779409,28,20
1376780013,28,20
1376780616,28,20
1376781220,28,20
1376781824,28,20
1376782428,28,20
1376783031,28,20
1376783636,28,20
1376784266,27,21
1376784869,27,21
1376785145,26,22
1376785750,26,22
1376786353,26,22
1376786685,25,23
1376786803,25,23
1376786811,26,22
1376787415,26,22
1376788025,26,22
1376788456,26,22
1376789059,26,22
1376789663,26,22
1376790267,26,22
1376790871,26,22
1376791474,26,22
1376792078,26,22
1376792682,26,22
1376793286,26,22
1376793889,26,22
1376794493,26,22
1376795097,26,22
1376795701,26,22
1376796305,26,22
1376796909,26,22
1376797513,26,22
1376798117,26,22
1376798721,26,22
1376799325,26,22
1376799928,26,22
1376800532,26,22
1376801136,26,22
1376801739,26,22
1376802343,26,22
1376802947,26,22
1376803551,26,22
1376804155,26,22
1376804758,26,22
1376805362,26,22
1376805966,26,22
1376806570,26,22
1376807173,26,22
1376807777,26,22
1376808381,26,22
1376808985,26,22
1376809589,26,22
1376810193,26,22
1376810780,25,23
1376811384,25,23
1376811569,26,22
1376811718,27,21
1376812322,27,21
1376812926,27,21
1376813530,27,21
1376814133,27,21
1376814737,27,21
1376815341,27,21
1376815945,27,21
1376816548,27,21
1376817152,27,21
1376817756,27,21
1376818360,27,21
1376818964,27,21
1376819567,27,21
1376820171,27,21
1376820775,27,21
1376821379,27,21
1376821840,26,22
1376822444,26,22
1376822776,27,21
1376823380,27,21
1376823418,28,20
1376824021,28,20
1376824625,28,20
1376824816,27,21
1376825420,27,21
1376825944,26,22
1376826460,24,24
1376827064,24,24
1376827668,24,24
1376828271,24,24
1376828838,23,25
1376829441,23,25
1376830045,23,25
1376830648,23,25
1376831252,23,25
1376831856,23,25
1376832519,24,24
1376832898,23,25
