1376208750,23,12
1376208827,23,12
1376208901,23,12
1376209505,23,12
1376210007,22,13
1376210574,20,15
1376211033,21,14
1376211048,22,13
1376211395,21,14
1376211582,22,13
1376211585,21,14
1376212189,21,14
1376212388,20,15
1376212536,19,16
1376212581,18,17
1376212656,18,17
1376212724,18,17
1376212746,18,17
1376212803,18,17
1376212985,19,16
1376213495,20,15
1376214023,20,15
1376214060,21,14
1376214154,21,14
1376214196,22,13
1376214270,22,13
1376214307,23,12
1376214819,23,12
1376214828,24,11
1376215303,24,11
1376215307,23,12
1376215745,22,13
1376215798,21,14
1376215950,22,13
1376216098,23,13
1376216165,22,14
1376216582,21,15
1376217100,20,16
1376217114,21,15
1376217403,21,15
1376217413,23,14
1376217757,20,17
1376218155,19,18
1376218604,18,19
1376218632,19,18
1376218767,18,19
1376218815,19,18
1376219129,19,18
1376219316,19,18
1376219359,19,18
1376219582,20,17
1376219661,21,16
1376219706,20,17
1376220015,22,15
1376220114,21,16
1376220427,22,15
1376220519,23,15
1376220811,24,14
1376220986,25,13
1376221093,26,12
1376221173,27,11
1376221219,28,10
1376221292,28,10
1376221314,29,9
1376221390,30,9
1376221599,31,9
1376221655,31,9
1376222015,30,10
1376222198,29,11
1376222254,29,11
1376222270,29,11
1376222330,30,10
1376222640,31,10
1376222702,33,10
1376223306,33,10
1376223610,32,11
1376223720,33,10
1376224324,33,10
1376224478,33,10
1376224488,34,9
1376224597,35,9
1376224622,36,9
1376225235,35,10
1376225862,35,9
1376225888,36,9
1376226217,35,10
1376226253,33,12
1376226389,32,13
1376226822,32,13
1376226833,32,13
1376227030,33,12
1376227181,33,12
1376227197,35,10
1376227341,35,11
1376227419,35,11
1376227429,36,10
1376227625,35,11
1376227701,35,11
1376227799,35,11
1376227896,36,10
1376227934,35,11
1376228072,34,12
1376228130,35,11
1376228194,34,12
1376228239,32,14
1376228863,32,14
1376228866,31,15
1376229221,31,15
1376229415,30,16
1376229795,28,18
1376230174,29,17
1376230785,29,17
1376230788,28,18
1376231020,29,17
1376231169,28,18
1376231218,27,19
1376231424,26,20
1376231491,26,20
1376231539,28,18
1376231588,30,16
1376232192,30,16
1376232314,28,18
1376232524,29,17
1376232579,31,15
1376232733,30,16
1376232921,29,17
1376233525,29,17
1376233848,29,17
1376234136,28,18
1376234608,29,17
1376235074,29,17
1376235677,29,17
1376236281,29,17
1376236651,30,16
1376237254,30,16
1376237364,29,17
1376237658,28,18
1376238261,28,18
1376238865,28,18
1376238977,29,17
1376239212,28,18
1376239517,27,19
1376239955,28,18
1376239997,28,18
1376240108,27,19
1376240413,27,19
1376241017,27,19
1376241620,26,20
1376242223,26,20
1376242362,26,20
1376242364,27,19
1376242454,27,19
1376242661,27,19
1376242666,26,20
1376243270,26,20
1376243873,26,20
1376244027,27,19
1376244096,28,18
1376244312,27,19
1376244520,27,19
1376244559,28,18
1376244732,27,19
1376244881,28,18
1376245484,28,18
1376246088,28,18
1376246691,28,18
1376246803,28,18
1376246851,27,19
1376247001,28,18
1376247116,29,17
1376247631,30,16
1376247797,29,17
1376247949,28,18
1376248088,29,17
1376248179,28,18
1376248236,27,19
1376248280,26,20
1376248351,27,19
1376248423,27,19
1376248425,28,18
1376248838,27,18
1376248857,27,19
1376248918,26,20
1376249305,25,21
1376249646,24,22
1376250250,24,22
1376250429,23,23
1376251032,23,23
1376251214,24,22
1376251271,21,25
1376251875,21,25
1376252079,19,27
1376252283,19,27
1376252364,19,27
1376252408,19,27
1376252452,18,28
1376252546,16,30
1376252609,15,31
1376253014,14,32
1376253277,13,33
1376253342,12,34
1376253946,12,34
1376254424,12,34
1376254434,13,33
1376254956,11,35
1376255177,10,36
1376255780,10,36
1376256384,10,36
1376256647,10,36
1376257172,9,37
1376257776,9,37
1376258126,8,38
1376258729,8,38
1376259333,8,38
1376259936,8,38
1376260257,7,39
1376260861,7,39
1376261118,6,40
1376261722,6,40
1376261948,5,41
1376262553,5,41
1376263157,5,41
1376263517,6,40
1376264120,6,40
1376264245,5,41
1376264267,5,41
1376264354,5,41
1376264437,6,40
1376265040,6,40
1376265645,6,40
1376266024,5,41
1376266628,5,41
1376267232,5,41
1376267836,5,41
1376268440,5,41
1376268763,5,41
1376268765,6,40
1376269369,6,40
1376269972,6,40
1376270250,6,40
1376270854,6,40
1376271158,8,38
1376271198,9,37
1376271278,11,35
1376271341,13,33
1376271399,15,31
1376271454,18,28
1376271519,20,26
1376271571,22,24
1376271627,24,22
1376271688,26,20
1376272292,26,20
1376272895,26,20
1376273499,26,20
1376274103,26,20
1376274707,26,20
1376275310,26,20
1376275914,26,20
1376276518,26,20
1376277122,26,20
1376277725,26,20
1376278329,26,20
1376278932,26,20
1376279536,26,20
1376280140,26,20
1376280743,26,20
1376281347,26,20
1376281950,26,20
1376282554,26,20
1376283157,26,20
1376283760,26,20
1376284364,26,20
1376284469,25,21
1376285073,25,21
1376285677,25,21
1376285859,25,21
1376285868,26,20
1376286472,26,20
1376286818,26,20
1376286827,27,19
1376287431,27,19
1376288067,28,18
1376288671,28,18
1376288710,29,17
1376289314,29,17
1376289483,28,18
1376289548,29,17
1376290152,29,17
1376290362,29,17
1376290373,27,19
1376290483,27,19
1376290531,28,18
1376290823,27,19
1376290978,28,18
1376291582,28,18
1376291714,27,19
1376292087,26,20
1376292163,25,21
1376292283,26,20
1376292289,26,20
1376292653,27,19
1376292890,26,20
1376293075,25,21
1376293417,24,22
1376293561,25,21
1376293663,25,21
1376293672,26,20
1376293890,27,19
1376294019,26,20
1376294410,27,19
1376294814,26,20
1376294876,25,21
1376295005,26,20
1376295609,26,20
1376296058,27,19
1376296180,27,19
1376296236,27,19
1376296287,28,18
1376296828,29,17
1376297396,28,18
1376297999,28,18
1376298426,27,19
1376298518,27,19
1376298530,28,18
1376298824,29,17
1376299428,30,16
1376299526,27,19
1376300130,27,19
1376300240,28,18
1376300622,27,19
1376301225,27,19
1376301486,26,20
1376302089,26,20
1376302222,27,19
1376302826,27,19
1376302979,28,18
1376303485,29,17
1376303773,29,17
1376303832,29,17
1376303883,30,16
1376304487,30,16
1376305091,30,16
1376305696,30,16
1376306244,31,15
1376306619,30,16
1376306764,29,17
1376306830,28,18
1376307016,29,17
1376307251,30,16
1376307855,30,16
1376308535,30,16
1376308547,31,15
1376308698,30,16
1376309171,31,15
1376309774,31,15
1376310378,31,15
1376310880,32,14
1376311483,32,14
1376311584,34,13
1376311651,35,12
1376312254,35,12
1376312859,35,12
1376313069,34,13
1376313454,34,13
1376313505,34,13
1376314030,34,13
1376314088,35,12
1376314538,35,12
1376314622,36,11
1376314694,37,10
1376315298,37,10
1376315383,36,11
1376315517,36,11
1376315605,36,11
1376315731,34,13
1376315937,33,14
1376316451,33,14
1376316577,34,16
1376316631,33,17
1376316759,33,17
1376316808,33,17
1376316838,34,17
1376316936,34,17
1376317269,33,18
1376317664,32,19
1376317961,33,18
1376318243,34,17
1376318384,34,17
1376318387,33,18
1376318617,33,18
1376318628,34,17
1376318714,33,18
1376319318,33,34
1376319498,34,33
1376319579,35,32
1376320003,33,34
1376320220,33,34
1376320346,34,33
1376320424,34,33
1376320467,35,32
1376321075,37,30
1376321098,37,30
1376321674,38,29
1376321723,38,29
1376322073,38,29
1376322314,35,32
1376322387,34,33
1376322680,34,33
1376322882,33,34
1376322975,30,37
1376323576,31,36
1376323883,30,37
1376324143,30,37
1376324145,31,36
1376324276,30,37
1376324864,30,37
1376324868,29,38
1376324966,28,39
1376325035,26,41
1376325284,26,41
1376325304,28,39
1376325908,28,39
1376326076,29,38
1376326679,29,38
1376326784,29,38
1376326787,28,39
1376326875,27,40
1376327025,27,40
1376327034,29,38
1376327640,29,38
1376327705,28,39
1376327900,27,40
1376328510,24,43
1376328687,23,44
1376328794,23,44
1376328920,24,43
1376329123,22,45
1376329231,22,45
1376329296,22,45
1376329358,21,46
1376329408,20,47
1376329481,20,47
1376329519,20,47
1376329775,21,46
1376329923,20,47
1376330201,20,47
1376330240,19,48
1376330316,19,48
1376330356,20,47
1376330441,18,49
1376330526,17,50
1376330979,17,50
1376331034,18,49
1376331077,17,50
1376331196,15,52
1376331384,14,53
1376331813,15,52
1376332023,14,53
1376332175,15,52
1376332717,13,54
1376333131,11,56
1376333294,10,57
1376333400,11,56
1376333573,10,57
1376334177,10,57
1376334799,9,58
1376334923,8,59
1376335528,8,59
1376335831,7,60
1376335855,7,60
1376336354,6,61
1376336957,6,61
1376336997,5,62
1376337055,6,61
1376337659,6,61
1376338042,5,62
1376338361,4,63
1376338677,5,62
1376338962,4,63
1376339362,4,63
1376339965,4,63
1376340238,5,62
1376340842,5,62
1376341446,5,62
1376341698,4,63
1376342241,5,62
1376342365,6,61
1376342395,5,62
1376342801,4,63
1376342922,4,63
1376342925,5,62
1376343240,4,63
1376343844,4,63
1376344448,4,63
1376344603,4,63
1376344605,3,64
1376345209,3,64
1376345813,3,64
1376346417,3,64
1376347021,3,64
1376347185,3,64
1376347789,3,64
1376347919,4,63
1376348523,4,63
1376349126,4,63
1376349730,4,63
1376349934,3,64
1376350156,2,65
1376350657,1,66
1376351261,1,66
1376351865,1,66
1376352469,1,66
1376353073,1,66
1376353677,1,66
1376354280,1,66
1376354884,1,66
1376355487,1,66
1376356091,1,66
1376356650,1,66
1376356782,1,66
1376356822,1,66
1376356901,1,66
1376356958,1,66
1376357022,1,66
1376357083,1,66
1376357136,1,66
1376357203,1,66
1376357259,1,66
1376357318,1,66
1376357365,21,46
1376357969,21,46
1376358572,21,46
1376359176,21,46
1376359780,21,46
1376360384,21,46
1376360988,21,46
1376361592,21,46
1376362195,21,46
1376362799,21,46
1376363340,20,47
1376363944,20,47
1376364547,20,47
1376365151,20,47
1376365755,20,47
1376366358,20,47
1376366962,20,47
1376367566,20,47
1376368057,20,47
1376368067,21,46
1376368670,21,46
1376369274,21,46
1376369878,21,46
1376370481,21,46
1376371085,21,46
1376371689,21,46
1376372292,21,46
1376372759,22,45
1376373363,22,45
1376373786,22,45
1376373837,22,45
1376374070,23,44
1376374688,22,45
1376374769,22,45
1376374799,22,44
1376374902,23,43
1376374959,24,42
1376375073,23,43
1376375169,24,42
1376375773,24,42
1376375821,23,43
1376375891,24,42
1376376043,25,41
1376376251,24,42
1376376457,26,40
1376377061,26,40
1376377312,25,41
1376377432,24,42
1376377602,24,42
1376377614,25,41
1376377866,24,42
1376378308,25,41
1376378798,27,39
1376378830,28,38
1376379303,29,37
1376379530,28,38
1376379673,28,38
1376380098,29,37
1376380145,28,38
1376380312,27,39
1376380916,27,39
1376381021,27,39
1376381056,28,38
1376381439,29,37
1376381598,28,38
1376382202,28,38
1376382805,28,38
1376383413,28,38
1376383569,28,38
1376383617,29,37
1376383843,30,36
1376383903,31,35
1376383906,32,34
1376384078,31,35
1376384647,30,36
1376385251,30,36
1376385400,31,35
1376385808,31,35
1376385861,31,35
1376386464,31,35
1376386925,32,34
1376387529,32,34
1376388133,32,34
1376388632,34,32
1376389083,33,33
1376389137,32,34
1376389741,32,34
1376390277,31,35
1376390708,32,34
1376390894,33,33
1376391322,32,34
1376391807,33,33
1376392231,34,32
1376392402,35,31
1376392502,34,32
1376392579,33,33
1376392623,34,32
1376393227,34,32
1376393486,32,34
1376393512,31,35
1376393783,31,35
1376393809,31,35
1376393880,32,34
1376394239,33,33
1376394581,33,33
1376395209,34,32
1376395317,33,33
1376395557,34,32
1376396160,34,32
1376396702,35,31
1376396959,36,30
1376396994,34,32
1376397439,33,33
1376398043,33,33
1376398647,33,33
1376399251,33,33
1376399855,33,33
1376400458,33,33
1376400928,34,32
1376401532,34,32
1376401829,35,31
1376402433,35,31
1376402773,34,32
1376403377,34,32
1376403558,35,31
1376404162,35,31
1376404343,36,30
1376404946,36,30
1376405322,37,29
1376405926,37,29
1376406368,38,28
1376406462,39,27
1376406958,38,28
1376407438,37,29
1376407652,37,29
1376407750,38,28
1376408062,36,30
1376408212,35,31
1376408442,35,31
1376408445,36,30
1376408523,35,31
1376408657,35,31
1376409027,34,32
1376409045,34,32
1376409435,32,34
1376409822,33,33
1376409854,33,33
1376410181,32,34
1376410330,31,35
1376410414,31,35
1376410469,31,35
1376410820,32,34
1376411076,31,35
1376411125,29,37
1376411156,28,38
1376411262,27,39
1376411303,28,38
1376411359,28,38
1376411414,29,37
1376411973,31,35
1376412001,30,36
1376412604,30,36
1376412786,31,35
1376412848,32,34
1376412904,31,35
1376413030,32,34
1376413164,30,36
1376413353,29,37
1376413448,30,36
1376413849,29,37
1376413988,29,37
1376414028,30,36
1376414539,31,35
1376415161,31,35
1376415164,32,34
1376415763,31,35
1376415877,30,36
1376416061,29,37
1376416183,29,37
1376416477,27,39
1376416540,28,38
1376416702,27,39
1376416961,27,39
1376416970,28,38
1376417252,28,38
1376417292,29,37
1376417415,28,38
1376417498,27,39
1376417681,27,39
1376417684,26,40
1376417855,26,40
1376418086,25,41
1376418109,24,42
1376418268,25,41
1376418330,25,41
1376418401,25,41
1376418441,26,40
1376418687,25,41
1376418724,24,42
1376419328,24,42
1376419525,23,43
1376420129,23,43
1376420262,24,42
1376420781,25,41
1376420872,24,42
1376421522,23,43
1376421692,23,43
1376421932,23,43
1376421986,25,41
1376422364,24,42
1376422373,21,45
1376422991,20,46
1376423395,21,45
1376423998,21,45
1376424193,20,46
1376424393,19,47
1376424461,20,46
1376424888,19,47
1376425210,20,46
1376425306,20,46
1376425585,20,46
1376425791,19,47
1376426361,18,48
1376426778,19,47
1376427090,20,46
1376427194,19,47
1376427710,18,48
1376427795,17,49
1376427929,16,50
1376428400,14,52
1376428619,13,53
1376429259,11,54
1376429269,12,54
1376429331,11,55
1376429934,11,55
1376430538,11,55
1376430656,10,56
1376431102,9,57
1376431706,9,57
1376432309,9,57
1376432913,9,57
1376432981,10,56
1376432990,11,55
1376433082,11,55
1376433111,12,54
1376433470,11,55
1376433710,10,56
1376434313,10,56
1376434917,10,56
1376435434,10,56
1376435549,10,56
1376435599,10,56
1376435662,10,56
1376435706,11,55
1376436310,11,55
1376436874,11,55
1376437041,10,56
1376437104,10,56
1376437152,11,55
1376437222,11,55
1376437271,12,54
1376437875,12,54
1376438297,11,55
1376438901,11,55
1376439505,11,55
1376440108,11,55
1376440712,11,55
1376441315,11,55
1376441919,11,55
1376442523,11,55
1376443052,11,55
1376443656,11,55
1376444260,11,55
1376444866,11,55
1376445470,11,55
1376446074,11,55
1376446678,11,55
1376447282,11,55
1376447499,11,55
1376447515,11,55
1376447606,12,54
1376448210,12,54
1376448343,12,54
1376448357,13,53
1376448961,13,53
1376449565,13,53
1376450168,13,53
1376450772,13,53
1376451375,13,53
1376451979,13,53
1376452583,13,53
1376453187,13,53
1376453791,13,53
1376454394,13,53
1376454682,13,53
1376454749,14,52
1376455352,14,52
1376455956,14,52
1376456559,14,52
1376457163,14,52
1376457767,14,52
1376458371,14,52
1376458975,14,52
1376459579,14,52
1376460183,14,52
1376460786,14,52
1376461058,14,52
1376461071,15,51
1376461381,16,50
1376461711,16,50
1376461888,17,49
1376462306,17,49
1376462338,18,48
1376462639,17,49
1376462835,18,48
1376462984,18,48
1376463190,19,47
1376463725,20,46
1376464329,20,46
1376464932,20,46
1376465279,21,45
1376465440,21,45
1376465461,21,45
1376465523,22,44
1376465908,23,43
1376466139,22,44
1376466401,22,44
1376466412,23,43
1376466758,22,44
1376467137,23,43
1376467387,22,44
1376467991,22,44
1376468247,21,45
1376468851,21,45
1376469455,21,45
1376469932,20,46
1376469998,20,46
1376470007,21,45
1376470611,21,45
1376470871,20,46
1376471475,20,46
1376471701,19,47
1376471983,19,47
1376472139,20,46
1376472244,19,47
1376472682,18,48
1376473286,18,48
1376473781,18,48
1376473790,19,47
1376473873,18,48
1376474142,17,48
1376474155,17,49
1376474314,16,50
1376474565,15,51
1376475169,15,51
1376475420,14,52
1376475569,13,53
1376475726,14,52
1376475824,14,52
1376475826,15,51
1376476284,16,50
1376476402,17,49
1376476657,18,48
1376477184,19,47
1376477629,18,48
1376478233,18,48
1376478452,19,47
1376478577,19,47
1376478644,19,47
1376478702,20,46
1376478705,19,47
1376479160,18,48
1376479436,19,47
1376479510,20,46
1376479840,19,47
1376480444,19,47
1376480985,19,47
1376481224,18,48
1376481234,19,47
1376481644,20,46
1376481750,18,48
1376481942,19,47
1376482545,19,47
1376483054,20,46
1376483552,20,46
1376483600,21,45
1376483667,22,44
1376483917,23,43
1376483978,23,43
1376484085,23,43
1376484133,24,42
1376484181,24,42
1376484276,25,41
1376484327,26,40
1376484404,27,39
1376484584,28,37
1376484598,28,37
1376485202,28,38
1376485646,28,38
1376485714,27,38
1376485775,26,40
1376485835,27,39
1376485961,27,39
1376485970,28,38
1376486440,29,37
1376486674,29,37
1376486729,30,36
1376486760,31,35
1376487363,31,35
1376487619,30,36
1376488136,29,37
1376488352,30,36
1376488739,29,37
1376489268,28,38
1376489684,28,38
1376489687,27,39
1376489841,28,38
1376490059,27,39
1376490567,25,41
1376491171,25,41
1376491525,25,41
1376491558,26,40
1376492162,26,40
1376492766,26,40
1376492884,27,39
1376493384,26,40
1376493764,26,40
1376493775,27,39
1376494378,27,39
1376494871,28,38
1376495415,29,37
1376495955,28,38
1376496558,28,38
1376496814,29,37
1376496949,28,38
1376497179,28,38
1376497206,28,38
1376497291,29,37
1376497661,29,37
1376497699,29,37
1376497776,30,36
1376497988,29,37
1376498356,28,38
1376498412,26,40
1376498541,26,40
1376498601,28,38
1376498726,27,39
1376498773,27,39
1376498961,27,39
1376499225,26,40
1376499227,27,39
1376499339,27,39
1376499401,27,39
1376499437,28,38
1376500063,29,37
1376500303,30,36
1376500906,30,36
1376501312,29,37
1376501381,30,36
1376501481,30,36
1376501550,30,36
1376501568,31,35
1376501862,32,34
1376501893,32,34
1376502119,33,33
1376502178,34,32
1376502327,33,33
1376502559,32,34
1376503163,32,34
1376503253,31,35
1376503806,30,36
1376503908,29,37
1376504380,29,37
1376504432,29,37
1376504759,28,38
1376504887,28,38
1376505152,27,39
1376505329,26,40
1376505428,27,39
1376505563,28,38
1376505750,28,38
1376505796,28,38
1376506346,27,39
1376506955,26,40
1376507012,23,43
1376507201,23,43
1376507210,24,42
1376507814,24,42
1376508236,23,43
1376508840,23,43
1376509274,22,44
1376509817,21,45
1376510421,21,45
1376511027,21,45
1376511631,21,45
1376511695,19,47
1376512299,19,47
1376512903,19,47
1376513168,20,46
1376513784,18,48
1376514388,18,48
1376514992,18,48
1376515596,18,48
1376516085,18,48
1376516088,17,49
1376516692,17,49
1376517296,17,49
1376517740,16,50
1376518343,16,50
1376518947,16,50
1376519551,16,50
1376519860,15,51
1376520463,15,51
1376521067,15,51
1376521670,15,51
1376522144,14,52
1376522148,13,53
1376522751,13,53
1376523355,13,53
1376523959,13,53
1376524198,14,52
1376524816,15,51
1376524868,15,51
1376524922,16,50
1376525056,15,51
1376525204,14,52
1376525248,13,53
1376525313,15,51
1376525367,16,50
1376525561,17,49
1376525678,17,49
1376525705,18,48
1376525892,16,50
1376526496,16,50
1376526754,16,50
1376526859,16,50
1376526943,17,49
1376526989,18,48
1376527593,18,48
1376527699,17,49
1376528303,17,49
1376528906,17,49
1376529449,17,49
1376529538,17,49
1376530142,17,49
1376530745,17,49
1376531349,17,49
1376531952,17,49
1376532556,17,49
1376533160,17,49
1376533650,18,48
1376533708,20,46
1376533774,22,44
1376533839,24,42
1376533901,26,40
1376533959,29,37
1376534011,31,35
1376534067,33,33
1376534139,34,32
1376534200,34,32
1376534228,35,31
1376534834,35,31
1376535437,35,31
1376536041,35,31
1376536645,35,31
1376537248,35,31
1376537852,35,31
1376538455,35,31
1376539059,35,31
1376539663,35,31
1376540267,35,31
1376540882,36,30
1376541485,36,30
1376542089,36,30
1376542693,36,30
1376543296,36,30
1376543404,37,29
1376544008,37,29
1376544611,37,29
1376545215,37,29
1376545818,37,29
1376546422,37,29
1376547027,37,29
1376547631,37,29
1376548235,37,29
1376548603,38,28
1376549206,38,28
1376549810,38,28
1376550342,38,28
1376550345,37,29
1376550949,37,29
1376551553,37,29
1376551959,38,28
1376552195,37,29
1376552799,37,29
1376553403,37,29
1376554018,37,29
1376554105,37,28
1376554168,39,26
1376554772,39,27
1376555375,39,27
1376555481,40,26
1376556085,40,26
1376556127,41,25
1376556243,42,24
1376556744,43,23
1376557016,42,24
1376557242,42,23
1376557263,43,22
1376557830,42,23
1376558434,42,24
1376558618,42,24
1376558681,42,24
1376558989,40,26
1376559537,39,27
1376560141,39,27
1376560635,39,27
1376560718,40,26
1376560782,40,26
1376560784,41,25
1376561388,41,25
1376561473,40,26
1376562077,40,26
1376562149,41,25
1376562455,41,15
1376562474,40,16
1376562635,40,15
1376562763,40,15
1376562766,41,14
1376563369,41,14
1376563979,40,15
1376564310,39,16
1376564337,39,16
1376564441,39,16
1376564481,40,15
1376565084,40,15
1376565168,40,15
1376565316,39,16
1376565806,38,17
1376566410,38,17
1376566853,37,18
1376567057,38,17
1376567660,38,17
1376567950,37,18
1376568064,38,17
1376568299,39,16
1376568866,38,17
1376568976,37,18
1376569160,39,16
1376569272,40,15
1376569354,39,16
1376569957,39,16
1376570561,39,16
1376570574,38,17
1376571137,37,18
1376571741,37,18
1376572345,37,18
1376572775,36,19
1376572861,37,18
1376573081,37,18
1376573084,38,17
1376573226,37,18
1376573316,37,18
1376573351,38,17
1376573461,39,16
1376574064,39,16
1376574316,38,17
1376574498,37,18
1376574975,38,17
1376575136,38,17
1376575228,38,17
1376575820,37,18
1376575897,37,18
1376575950,37,18
1376575988,38,17
1376576591,38,17
1376577198,38,17
1376577802,38,17
1376577882,36,19
1376577911,36,19
1376577969,38,17
1376578063,37,18
1376578279,39,16
1376578667,38,17
1376579227,39,16
1376579414,38,17
1376580018,38,17
1376580621,38,17
1376580683,37,18
1376580942,37,18
1376581002,37,18
1376581606,37,18
1376581816,39,16
1376582073,40,15
1376582502,40,15
1376582505,41,14
1376583108,41,14
1376583653,39,16
1376583731,38,17
1376583880,36,19
1376583902,37,18
1376583973,37,18
1376584057,38,17
1376584100,39,16
1376584704,39,16
1376585307,39,16
1376585428,40,15
1376585778,39,16
1376586008,37,18
1376586166,37,18
1376586634,36,19
1376586994,34,21
1376587170,33,22
1376587342,34,21
1376587829,34,21
1376587901,35,20
1376587928,36,19
1376588079,33,21
1376588095,33,22
1376588303,34,21
1376588428,33,22
1376588458,32,23
1376589062,32,23
1376589484,30,25
1376589599,29,26
1376590223,28,27
1376590657,28,27
1376590711,28,27
1376590763,28,27
1376590840,29,26
1376590881,30,25
1376590919,31,24
1376591139,32,23
1376591199,32,23
1376591238,34,21
1376591358,35,20
1376591622,36,19
1376591722,35,20
1376592209,34,21
1376592308,32,22
1376592360,32,23
1376592605,32,23
1376592802,31,24
1376593405,31,24
1376593664,31,24
1376593666,32,23
1376593754,30,25
1376594359,30,25
1376594705,31,24
1376595309,31,24
1376595630,30,25
1376595647,30,25
1376596291,29,26
1376596895,29,26
1376597498,29,26
1376598081,29,26
1376598266,29,26
1376598337,30,25
1376598941,30,25
1376599592,29,26
1376600195,29,26
1376600308,28,27
1376600599,25,30
1376601203,25,30
1376601597,26,29
1376602201,26,29
1376602333,25,30
1376602723,22,33
1376603327,22,33
1376603555,21,33
1376603895,19,35
1376604517,18,36
1376605121,18,36
1376605725,18,36
1376606328,18,36
1376606389,17,37
1376606993,17,37
1376607162,15,39
1376607273,14,40
1376607521,14,40
1376607525,13,41
1376607739,11,43
1376607903,9,45
1376608018,10,44
1376608480,8,45
1376608507,8,46
1376609111,8,46
1376609393,7,47
1376609996,7,47
1376610600,7,47
1376611203,7,47
1376611477,8,46
1376611534,8,46
1376611601,9,45
1376611634,8,46
1376611976,7,47
1376612580,7,47
1376613184,7,47
1376613788,7,47
1376614392,7,47
1376614995,7,47
1376615599,7,47
1376615850,7,47
1376616454,7,47
1376617058,7,47
1376617662,7,47
1376618265,7,47
1376618869,7,47
1376619473,7,47
1376620077,7,47
1376620681,7,47
1376621262,8,46
1376621318,12,42
1376621359,14,40
1376621963,14,40
1376622566,14,40
1376623170,14,40
1376623774,14,40
1376624377,14,40
1376624983,14,40
1376625586,14,40
1376626190,14,40
1376626794,14,40
1376627426,15,39
1376628030,15,39
1376628634,15,39
1376629238,15,39
1376629841,15,39
1376630445,15,39
1376631049,15,39
1376631653,15,39
1376632256,15,39
1376632860,15,39
1376633463,15,39
1376634067,15,39
1376634404,15,39
1376634406,16,38
1376634816,15,39
1376635182,15,39
1376635185,16,38
1376635822,17,37
1376636425,17,37
1376636605,18,36
1376636673,18,36
1376636772,19,35
1376637376,19,35
1376638002,20,34
1376638027,19,35
1376638122,20,36
1376638134,19,37
1376638229,20,38
1376638258,19,39
1376638423,20,40
1376638460,19,42
1376638506,20,42
1376638572,19,43
1376638699,18,45
1376638783,19,45
1376638837,19,46
1376638949,19,46
1376639181,19,45
1376639785,19,45
1376640389,19,45
1376640752,20,44
1376641301,19,45
1376641344,19,45
1376641412,19,45
1376642015,19,45
1376642526,17,47
1376643097,18,46
1376643164,19,45
1376643166,20,44
1376643770,20,44
1376644282,21,43
1376644886,21,43
1376644984,20,44
1376645588,20,44
1376646192,20,44
1376646798,20,44
1376647401,20,44
1376648005,20,44
1376648054,19,45
1376648167,20,44
1376648771,20,44
1376648854,21,43
1376648889,22,42
1376649014,21,43
1376649141,20,44
1376649253,19,45
1376649301,19,45
1376649905,19,45
1376650294,19,45
1376650308,19,45
1376650378,20,44
1376650982,20,44
1376651200,19,45
1376651233,16,48
1376651725,14,50
1376652024,13,51
1376652326,14,50
1376652678,15,49
1376653061,15,49
1376653064,14,50
1376653483,13,50
1376653541,14,49
1376653600,14,50
1376654159,14,50
1376654444,14,50
1376654452,13,51
1376655101,12,52
1376655374,13,51
1376655567,13,51
1376655850,12,52
1376656480,12,52
1376656490,13,51
1376656737,14,50
1376657341,14,50
1376657571,13,51
1376658130,12,52
1376658219,12,52
1376658260,13,51
1376658309,14,50
1376658913,14,50
1376659517,14,50
1376660115,15,49
1376660264,15,49
1376660269,17,47
1376660726,16,48
1376661268,15,49
1376661759,15,48
1376661778,16,47
1376662381,16,48
1376662951,16,48
1376662985,17,47
1376663589,17,47
1376663709,16,48
1376664313,16,48
1376664640,16,48
1376664645,17,47
1376665004,16,48
1376665608,16,48
1376666058,17,47
1376666663,16,48
1376666985,15,49
1376667109,14,50
1376667257,13,51
1376667861,13,51
1376668003,13,51
1376668005,14,50
1376668382,13,51
1376668459,14,50
1376668677,15,49
1376668881,16,48
1376669156,15,49
1376669683,14,50
1376669802,15,49
1376669805,16,48
1376670409,16,48
1376670849,15,49
1376671218,14,49
1376671822,14,49
1376672172,13,50
1376672452,13,50
1376672544,13,50
1376672590,14,49
1376672678,13,50
1376672704,13,50
1376672793,13,50
1376672963,12,51
1376673027,12,51
1376673105,12,51
1376673186,13,51
1376673582,13,51
1376673586,12,52
1376673808,13,51
1376673843,14,50
1376674161,15,49
1376674567,16,48
1376674822,15,49
1376675426,15,49
1376676030,15,49
1376676583,15,49
1376676585,16,48
1376676752,15,49
1376676943,14,50
1376677546,14,50
1376677764,15,49
1376678368,15,49
1376678972,15,49
1376679575,15,49
1376679798,13,51
1376680402,13,51
1376680443,14,50
1376680963,14,50
1376681018,14,50
1376681621,14,50
1376681925,14,50
1376681929,13,51
1376682533,13,51
1376682882,12,52
1376683477,13,51
1376683602,12,52
1376684206,12,52
1376684495,11,53
1376685017,12,52
1376685621,12,52
1376685815,10,54
1376686419,10,54
1376686546,9,55
1376686994,10,54
1376687598,10,54
1376687741,9,55
1376687970,8,56
1376688146,9,55
1376688750,9,55
1376689339,8,56
1376689943,8,56
1376690547,8,56
1376691151,8,56
1376691754,8,56
1376692358,8,56
1376692962,8,56
1376693565,8,56
1376694169,8,56
1376694462,7,57
1376695119,7,57
1376695128,8,56
1376695221,10,54
1376695698,9,55
1376696302,9,55
1376696576,9,55
1376696666,9,55
1376697235,8,56
1376697443,7,57
1376698046,7,57
1376698267,7,57
1376698400,5,59
1376698557,6,58
1376698783,7,57
1376698815,8,56
1376699418,8,56
1376700022,8,56
1376700401,8,56
1376700643,9,55
1376701247,9,55
1376701851,9,55
1376702244,9,55
1376702323,9,55
1376702332,9,55
1376702936,9,55
1376703540,9,55
1376704143,9,55
1376704747,9,55
1376704944,8,56
1376705264,8,56
1376705274,9,55
1376705837,9,55
1376705898,10,54
1376706502,10,54
1376707108,10,54
1376707711,10,54
1376708315,10,54
1376708826,9,55
1376709195,8,56
1376709261,8,56
1376709398,9,55
1376709794,8,56
1376710398,8,56
1376711002,8,56
1376711606,8,56
1376712210,8,56
1376712813,8,56
1376713417,8,56
1376714020,8,56
1376714624,8,56
1376714984,8,56
1376714987,7,57
1376715591,7,57
1376716195,7,57
1376716798,7,57
1376717402,7,57
1376718006,7,57
1376718610,7,57
1376719218,7,57
1376719821,7,57
1376719912,6,58
1376720516,6,58
1376720736,7,57
1376721267,8,56
1376721871,8,56
1376722474,8,56
1376723078,8,56
1376723682,8,56
1376724286,8,56
1376724890,8,56
1376725494,8,56
1376726098,8,56
1376726701,8,56
1376727309,8,56
1376727699,8,56
1376728304,8,56
1376728837,7,57
1376728940,7,57
1376729090,6,58
1376729481,7,57
1376730085,7,57
1376730164,7,57
1376730167,8,56
1376730770,8,56
1376731374,8,56
1376731470,7,57
1376731841,6,58
1376731864,5,59
1376732288,4,60
1376732892,4,60
1376733155,3,61
1376733216,2,62
1376733761,3,61
1376733940,2,62
1376734047,3,61
1376734112,4,60
1376734539,3,61
1376734762,2,62
1376734806,2,62
1376734862,2,62
1376734948,3,61
1376734992,4,60
1376735612,2,62
1376735804,2,62
1376735808,1,63
1376735967,3,61
1376736277,3,61
1376736288,4,60
1376736892,4,60
1376737496,4,60
1376738100,4,60
1376738529,3,61
1376739133,3,61
1376739462,3,61
1376739473,4,60
1376739885,4,60
1376740489,3,61
1376740593,4,60
1376740713,3,61
1376740844,3,61
1376740846,3,61
1376741021,4,60
1376741039,5,59
1376741189,5,59
1376741264,5,59
1376741385,5,59
1376741402,5,59
1376742006,5,59
1376742059,6,58
1376742684,5,59
1376742812,6,58
1376742877,6,58
1376742885,7,57
1376743049,8,56
1376743103,9,55
1376743713,9,55
1376743784,9,55
1376743787,8,56
1376743912,7,57
1376744517,7,57
1376745121,7,57
1376745608,8,56
1376746124,5,59
1376746693,6,58
1376746835,5,59
1376747078,5,59
1376747103,5,59
1376747185,5,59
1376747231,6,58
1376747383,6,58
1376747386,7,57
1376747488,8,56
1376747559,8,56
1376747591,9,55
1376748195,9,55
1376748798,9,55
1376748895,7,57
1376749146,8,56
1376749715,9,55
1376749784,9,55
1376749793,10,54
1376750163,9,55
1376750264,8,56
1376750314,5,59
1376750375,5,59
1376750395,5,59
1376750613,2,62
1376751081,3,61
1376751685,3,61
1376752242,0,64
1376752290,0,64
1376752357,1,63
1376752706,2,62
1376753309,2,62
1376753531,3,61
1376754134,3,61
1376754661,4,60
1376754883,3,61
1376754900,3,61
1376755046,4,60
1376755122,4,60
1376755152,5,59
1376755756,5,59
1376755945,6,58
1376756384,5,59
1376756387,4,60
1376756799,5,59
1376756903,4,60
1376757223,2,61
1376757254,2,62
1376757858,2,62
1376757932,1,63
1376757964,1,63
1376758064,1,63
1376758121,1,63
1376758150,1,63
1376758243,1,63
1376758269,1,63
1376758661,2,62
1376758740,1,63
1376758803,0,64
1376758883,0,64
1376758916,1,63
1376759335,0,64
1376759606,1,63
1376760210,1,63
1376760511,0,64
1376761114,0,64
1376761718,0,64
1376761919,1,63
1376762523,1,63
1376763127,1,63
1376763252,1,63
1376763669,2,62
1376763874,3,61
1376764017,2,62
1376764288,3,61
1376764618,4,60
1376765012,2,62
1376765609,2,62
1376766213,2,62
1376766817,2,62
1376767079,3,61
1376767682,3,61
1376768351,3,61
1376768442,3,61
1376768493,4,60
1376768564,6,58
1376769168,6,58
1376769772,6,58
1376770226,7,57
1376770834,7,57
1376770888,7,57
1376771074,8,56
1376771110,9,55
1376771598,10,54
1376772001,9,55
1376772159,8,56
1376772458,7,57
1376773062,7,57
1376773514,3,61
1376774019,4,60
1376774125,3,61
1376774186,4,60
1376774213,3,61
1376774908,1,63
1376775512,1,63
1376776110,0,64
1376776714,0,64
1376777318,0,64
1376777921,0,64
1376778524,0,64
1376778868,1,63
1376779360,1,63
1376779384,1,63
1376779917,2,62
1376780155,1,63
1376780758,1,63
1376781362,1,63
1376781967,1,63
1376782570,1,63
1376783174,1,63
1376783777,1,63
1376784212,1,63
1376784278,1,63
1376784339,1,62
1376784400,1,62
1376784435,1,62
1376784470,1,62
1376785074,1,63
1376785678,1,63
1376786181,2,62
1376786787,2,62
1376787391,2,62
1376787616,1,63
1376788220,1,63
1376788648,1,63
1376789255,1,63
1376789859,1,63
1376790004,2,62
1376790273,1,63
1376790339,1,63
1376790395,2,62
1376790998,2,62
1376791602,2,62
1376792206,2,62
1376792810,2,62
1376793414,2,62
1376794018,2,62
1376794621,2,62
1376795225,2,62
1376795829,2,62
1376796074,1,63
1376796678,1,63
1376797282,1,63
1376797886,1,63
1376798490,1,63
1376798922,2,62
1376799526,2,62
1376800129,2,62
1376800734,2,62
1376801338,2,62
1376801941,2,62
1376802545,2,62
1376803149,2,62
1376803753,2,62
1376804357,2,62
1376804960,2,62
1376805564,2,62
1376806168,2,62
1376806771,2,62
1376807070,1,63
1376807674,1,63
1376808099,1,63
1376808106,1,63
1376808709,1,63
1376809313,1,63
1376809719,1,63
1376809729,2,62
1376810298,1,63
1376810902,1,63
1376811419,0,64
1376812023,0,64
1376812406,1,63
1376812721,1,63
1376812743,2,62
1376812934,1,63
1376813538,1,63
1376813936,0,64
1376814324,1,63
1376814729,2,62
1376815333,2,62
1376815652,3,61
1376816256,3,61
1376816370,3,61
1376816973,3,61
1376817182,2,62
1376817341,2,62
1376817354,3,61
1376817958,3,61
1376818243,3,61
1376818282,3,61
1376818353,4,60
1376818368,5,59
1376818972,5,59
1376819575,5,59
1376820179,5,59
1376820505,4,60
1376820566,2,62
1376820704,3,61
1376820764,3,61
1376820810,4,60
1376820844,5,59
1376821448,5,59
1376822052,5,59
1376822264,5,59
1376822267,4,60
1376822659,3,61
1376823263,3,61
1376823866,3,61
1376824470,3,61
1376825074,3,61
1376825678,3,61
1376826282,3,61
1376826885,3,61
1376827218,2,62
1376827822,2,62
1376828426,2,62
1376828980,2,62
1376829013,3,61
1376829617,3,61
1376829928,4,60
1376829993,4,60
1376830183,4,60
1376830191,5,59
1376830794,5,59
1376831125,5,59
1376831242,5,59
1376831327,5,59
1376831454,5,59
1376832057,5,59
1376832591,4,60
