1376208243,44,4
1376208847,44,4
1376209451,44,4
1376209706,45,3
1376210036,44,4
1376210640,44,4
1376211176,43,5
1376211294,44,4
1376211898,44,4
1376212502,44,4
1376213106,44,4
1376213709,44,4
1376213835,42,6
1376214439,42,6
1376214879,41,7
1376215086,40,8
1376215690,40,8
1376215841,39,8
1376215977,39,8
1376216053,39,9
1376216103,38,10
1376216609,38,10
1376216657,37,11
1376216742,38,10
1376217346,38,10
1376217950,38,10
1376218184,38,10
1376218342,38,10
1376218945,38,10
1376219549,38,10
1376220153,38,10
1376220757,38,10
1376221361,38,10
1376221578,37,11
1376222014,37,11
1376222048,38,10
1376222129,40,8
1376222284,39,9
1376222889,39,9
1376223259,40,8
1376223863,40,8
1376224420,41,7
1376224440,42,6
1376225044,42,6
1376225324,42,6
1376225327,43,5
1376225504,43,5
1376225555,43,5
1376226159,43,5
1376226220,43,5
1376226263,44,4
1376226338,45,3
1376226363,47,1
1376226967,47,1
1376227157,46,2
1376227274,47,1
1376227836,47,1
1376227946,47,1
1376228550,47,1
1376229160,47,1
1376229366,48,0
1376229560,46,2
1376230164,46,2
1376230767,46,2
1376230968,45,3
1376231572,45,3
1376231721,44,4
1376232056,45,3
1376232285,46,2
1376232340,47,1
1376232420,47,1
1376232523,48,0
1376233127,48,0
1376233732,48,0
1376234335,48,0
1376234939,48,0
1376235543,48,0
1376236146,48,0
1376236750,48,0
1376237354,48,0
1376237958,48,0
1376238561,48,0
1376239165,48,0
1376239769,48,0
1376239989,46,2
1376240558,47,1
1376241162,47,1
1376241186,48,0
1376241534,47,1
1376241623,47,1
1376241754,48,0
1376242358,48,0
1376242962,48,0
1376243566,48,0
1376243826,46,2
1376244022,47,1
1376244116,48,0
1376244652,46,2
1376245063,47,1
1376245073,48,0
1376245676,48,0
1376246281,48,0
1376246494,46,2
1376247063,45,3
1376247341,46,2
1376247456,47,1
1376248060,47,1
1376248722,47,1
1376248772,47,1
1376248945,46,2
1376249060,48,0
1376249663,48,0
1376250267,48,0
1376250871,48,0
1376251475,48,0
1376252078,48,0
1376252682,48,0
1376253286,48,0
1376253890,48,0
1376254205,47,1
1376254285,48,0
1376254889,48,0
1376255045,48,0
1376255649,48,0
1376256253,48,0
1376256857,48,0
1376257461,48,0
1376258064,48,0
1376258669,48,0
1376259272,48,0
1376259876,48,0
1376260480,48,0
1376260918,48,0
1376261262,48,0
1376261275,48,0
1376261878,48,0
1376262482,48,0
1376263086,48,0
1376263690,48,0
1376264293,48,0
1376264897,48,0
1376265501,48,0
1376266105,48,0
1376266708,48,0
1376267312,48,0
1376267916,48,0
1376268520,48,0
1376269124,48,0
1376269727,48,0
1376270331,48,0
1376270838,48,0
1376271443,48,0
1376272047,48,0
1376272650,48,0
1376273254,48,0
1376273857,48,0
1376274461,48,0
1376275065,48,0
1376275669,48,0
1376276273,48,0
1376276877,48,0
1376276945,47,1
1376277549,47,1
1376278153,47,1
1376278757,47,1
1376279361,47,1
1376279831,46,2
1376280435,46,2
1376280576,45,3
1376281180,45,3
1376281784,45,3
1376281815,44,4
1376282419,44,4
1376283023,44,4
1376283470,44,4
1376283643,43,5
1376283653,44,4
1376284258,44,4
1376284504,43,5
1376285041,42,6
1376285624,42,6
1376285718,40,8
1376286322,40,8
1376286384,39,9
1376286609,40,8
1376287052,42,6
1376287188,41,7
1376287792,41,7
1376288229,42,6
1376288491,43,5
1376288556,44,4
1376288661,45,3
1376288720,44,4
1376288847,43,5
1376288895,41,7
1376289023,42,6
1376289186,41,7
1376289280,41,7
1376289322,42,6
1376289424,41,7
1376290029,41,7
1376290108,42,6
1376290400,43,5
1376290484,43,5
1376290508,43,5
1376290778,44,4
1376291195,43,5
1376291360,44,4
1376291478,45,3
1376291514,44,4
1376292118,44,4
1376292722,44,4
1376292781,43,5
1376293047,44,4
1376293421,44,4
1376293433,45,3
1376293735,46,2
1376294098,45,3
1376294663,46,2
1376295267,46,2
1376295871,46,2
1376296186,46,2
1376296292,47,1
1376296543,46,2
1376296552,46,2
1376297125,45,3
1376297732,45,3
1376297992,45,3
1376298622,44,4
1376299227,44,4
1376299801,43,5
1376299903,43,5
1376299912,44,4
1376300126,43,5
1376300725,44,4
1376301161,44,4
1376301164,43,5
1376301402,44,4
1376301406,43,5
1376301564,42,6
1376301868,42,6
1376301902,41,7
1376302062,41,7
1376302071,42,6
1376302662,42,6
1376302717,43,5
1376302736,44,4
1376303001,45,3
1376303197,46,2
1376303623,46,2
1376303626,45,3
1376304231,45,3
1376304402,45,3
1376304412,46,2
1376305017,46,2
1376305620,46,2
1376305983,45,3
1376306372,46,2
1376306768,47,1
1376307372,47,1
1376307975,47,1
1376308556,45,3
1376308878,44,4
1376308946,45,3
1376309375,46,2
1376309979,46,2
1376310010,46,2
1376310083,47,1
1376310612,46,2
1376310656,47,1
1376311261,47,1
1376311865,47,1
1376312024,47,1
1376312034,48,0
1376312638,48,0
1376313241,48,0
1376313845,48,0
1376314360,47,1
1376314964,47,1
1376315169,48,0
1376315773,48,0
1376315869,47,1
1376316259,48,0
1376316506,47,1
1376317110,47,1
1376317714,47,1
1376318072,47,1
1376318109,48,0
1376318713,47,1
1376319251,45,3
1376319747,46,2
1376320361,46,2
1376320369,47,1
1376320947,48,0
1376321552,48,0
1376322101,48,0
1376322104,47,1
1376322260,46,2
1376322324,47,1
1376322804,48,0
1376323408,48,0
1376323460,47,1
1376323796,48,0
1376324401,48,0
1376324458,47,1
1376324700,48,0
1376325149,47,1
1376325184,45,3
1376325441,46,2
1376325612,47,1
1376326038,46,2
1376326301,44,4
1376326311,43,5
1376326653,44,4
1376326843,44,4
1376326900,45,3
1376326909,46,2
1376327097,47,1
1376327727,46,2
1376327767,47,1
1376327970,48,0
1376328574,48,0
1376328633,47,1
1376329160,46,2
1376329775,47,1
1376330204,47,1
1376330417,47,1
1376331022,47,1
1376331324,46,2
1376331863,47,1
1376331964,46,2
1376332177,45,3
1376332356,45,3
1376332384,45,3
1376332540,46,2
1376333144,46,2
1376333443,46,2
1376333446,47,1
1376334034,46,2
1376334098,47,1
1376334257,47,1
1376334862,47,1
1376335144,48,0
1376335747,48,0
1376336351,48,0
1376336955,48,0
1376337130,47,1
1376337539,45,3
1376337642,47,1
1376337741,46,2
1376337866,46,2
1376337909,47,1
1376338476,48,0
1376338490,47,1
1376338569,47,1
1376338723,47,1
1376339327,48,0
1376339931,48,0
1376340535,48,0
1376341466,48,0
1376342071,48,0
1376342675,48,0
1376343278,48,0
1376343882,48,0
1376344486,48,0
1376344611,47,1
1376345216,47,1
1376345858,47,1
1376345867,48,0
1376346471,48,0
1376347075,48,0
1376347678,48,0
1376348282,48,0
1376348886,48,0
1376349490,48,0
1376350093,48,0
1376350697,48,0
1376351301,48,0
1376351905,48,0
1376352509,48,0
1376353112,48,0
1376353716,48,0
1376354320,48,0
1376354924,48,0
1376355527,48,0
1376356131,48,0
1376356735,48,0
1376357227,48,0
1376357350,48,0
1376357598,48,0
1376358202,48,0
1376358806,48,0
1376359410,48,0
1376360013,48,0
1376360617,48,0
1376361221,48,0
1376361825,48,0
1376362429,48,0
1376363032,48,0
1376363636,48,0
1376363817,47,1
1376364421,47,1
1376365025,47,1
1376365629,47,1
1376366237,46,2
1376366841,46,2
1376366916,45,3
1376367035,44,4
1376367639,44,4
1376368243,44,4
1376368846,44,4
1376369450,44,4
1376370054,44,4
1376370255,43,5
1376370832,42,6
1376371436,42,6
1376372000,41,7
1376372124,39,9
1376372556,38,10
1376373161,38,10
1376373456,39,9
1376373480,40,8
1376373881,41,7
1376373896,43,5
1376374500,43,5
1376374557,42,6
1376374617,42,6
1376374860,41,7
1376375112,43,5
1376375344,44,4
1376375441,42,6
1376375457,41,7
1376375563,40,8
1376375615,41,7
1376375641,42,6
1376375803,43,5
1376375850,43,5
1376376454,43,5
1376376522,43,5
1376376530,44,4
1376376763,45,3
1376376786,45,3
1376376828,44,4
1376377000,43,5
1376377067,42,6
1376377385,41,7
1376377515,41,7
1376377555,42,6
1376377774,43,5
1376377820,43,5
1376377904,43,5
1376377959,44,4
1376378470,43,5
1376378596,43,5
1376378784,42,6
1376378825,41,7
1376379163,41,7
1376379166,40,8
1376379770,40,8
1376380374,40,8
1376380802,41,7
1376381105,41,7
1376381250,41,7
1376381356,42,6
1376381487,42,6
1376381514,42,6
1376381602,42,6
1376381635,43,5
1376382102,44,4
1376382674,43,5
1376383122,42,6
1376383139,42,6
1376383743,42,6
1376383841,41,7
1376384446,41,7
1376385050,41,7
1376385184,40,8
1376385790,40,8
1376386017,41,7
1376386621,41,7
1376386684,42,6
1376386830,41,7
1376386962,42,6
1376387470,41,7
1376387775,42,6
1376388039,43,5
1376388062,45,3
1376388163,47,1
1376388208,46,2
1376388812,46,2
1376389416,46,2
1376390020,46,2
1376390231,47,1
1376390862,46,2
1376390983,46,2
1376390990,47,1
1376391556,46,2
1376392159,46,2
1376392763,46,2
1376393222,45,3
1376393825,45,3
1376394430,45,3
1376394502,44,4
1376394802,43,5
1376394968,44,4
1376395278,43,5
1376395651,42,6
1376395935,43,5
1376396539,43,5
1376396676,44,4
1376397284,43,5
1376397287,42,6
1376397388,42,6
1376397461,42,6
1376397552,41,7
1376397607,42,6
1376398232,43,5
1376398836,43,5
1376399441,43,5
1376400044,43,5
1376400648,43,5
1376401252,43,5
1376401858,43,5
1376402462,43,5
1376402681,44,4
1376403285,44,4
1376403611,45,3
1376404215,45,3
1376404469,44,4
1376404571,45,3
1376405175,45,3
1376405252,44,4
1376405422,45,3
1376405463,46,2
1376406067,46,2
1376406322,45,3
1376406390,46,2
1376406498,47,1
1376407102,47,1
1376407707,47,1
1376408311,47,1
1376408406,46,2
1376408885,45,3
1376409076,46,2
1376409426,47,1
1376409908,46,2
1376410531,47,1
1376410656,46,2
1376411260,46,2
1376411279,47,1
1376411463,47,1
1376411658,47,1
1376411980,46,2
1376412042,46,2
1376412046,45,3
1376412201,44,4
1376412283,45,3
1376412343,45,3
1376412355,46,2
1376412452,47,1
1376413056,47,1
1376413124,47,1
1376413181,47,1
1376413503,46,2
1376413826,47,1
1376414430,47,1
1376414533,46,2
1376414672,47,1
1376415085,47,1
1376415689,47,1
1376416293,47,1
1376416896,47,1
1376417501,47,1
1376417961,46,2
1376418576,45,3
1376418635,46,2
1376419238,46,2
1376419677,47,1
1376419833,46,2
1376419901,44,4
1376419911,45,3
1376420020,44,4
1376420030,45,3
1376420635,45,3
1376421239,45,3
1376421436,40,8
1376422039,40,8
1376422643,40,8
1376423247,40,8
1376423366,39,9
1376423490,40,8
1376424094,40,8
1376424698,40,8
1376425085,40,8
1376425644,41,7
1376426248,41,7
1376426483,42,6
1376427087,42,6
1376427359,41,7
1376427964,41,7
1376428415,42,6
1376429020,42,6
1376429623,42,6
1376430143,42,6
1376430248,42,6
1376430299,43,5
1376430390,43,5
1376430993,43,5
1376431597,43,5
1376432201,43,5
1376432805,43,5
1376433409,43,5
1376434012,43,5
1376434616,43,5
1376435020,44,4
1376435125,45,3
1376435729,45,3
1376436333,45,3
1376436936,45,3
1376437540,45,3
1376438144,45,3
1376438748,45,3
1376439128,46,2
1376439732,46,2
1376440335,46,2
1376440475,47,1
1376441079,47,1
1376441683,47,1
1376441999,47,0
1376442602,47,1
1376443206,47,1
1376443890,47,1
1376443927,47,1
1376444022,47,1
1376444627,47,1
1376445231,47,1
1376445835,47,1
1376446439,47,1
1376447044,47,1
1376447647,47,1
1376448251,47,1
1376448855,47,1
1376449459,47,1
1376450062,47,1
1376450666,47,1
1376451270,47,1
1376451874,47,1
1376451972,46,2
1376452576,46,2
1376452653,46,2
1376452707,47,0
1376453312,47,1
1376453916,47,1
1376454519,47,1
1376455079,46,2
1376455358,45,3
1376455886,43,5
1376456496,42,6
1376456863,41,7
1376457173,40,8
1376457777,40,8
1376457990,39,9
1376458594,39,9
1376458856,38,10
1376459460,38,10
1376459625,39,9
1376459629,38,10
1376459847,37,11
1376460045,37,11
1376460281,39,9
1376460570,40,8
1376460643,40,8
1376460653,41,7
1376461017,42,6
1376461621,42,6
1376461698,43,5
1376461736,44,4
1376461965,43,5
1376462058,42,6
1376462662,42,6
1376462766,41,7
1376463133,42,6
1376463453,42,6
1376463472,41,7
1376463671,40,8
1376463787,41,7
1376463859,40,8
1376464409,41,7
1376464468,41,7
1376465072,41,7
1376465140,42,6
1376465450,41,7
1376465891,41,7
1376466031,42,6
1376466634,42,6
1376466811,41,7
1376467416,41,7
1376467543,42,6
1376468193,43,5
1376468401,42,6
1376468485,42,6
1376468511,43,5
1376469115,43,5
1376469718,43,5
1376469998,43,5
1376470021,44,4
1376470625,44,4
1376471229,44,4
1376471833,44,4
1376472437,44,4
1376473041,44,4
1376473569,44,4
1376474173,44,4
1376474237,45,3
1376474442,45,3
1376474446,46,2
1376475050,46,2
1376475131,45,3
1376475735,45,3
1376476360,45,3
1376476368,46,2
1376477015,44,3
1376477076,44,4
1376477217,45,3
1376477442,46,2
1376478046,46,2
1376478332,45,3
1376478792,46,2
1376479396,46,2
1376479588,45,3
1376480192,45,3
1376480262,45,3
1376480264,46,2
1376480765,45,3
1376481197,46,2
1376481801,46,2
1376482129,45,3
1376482733,45,3
1376482990,45,3
1376483594,45,3
1376484198,45,3
1376484803,45,3
1376484980,45,3
1376485075,43,5
1376485150,44,4
1376485754,44,4
1376486141,46,2
1376486176,45,3
1376486780,45,3
1376487191,43,5
1376487687,44,4
1376488291,44,4
1376488895,44,4
1376489499,44,4
1376490102,44,4
1376490159,44,4
1376490172,44,4
1376490538,45,3
1376490895,44,4
1376491143,45,3
1376491746,45,3
1376491936,45,3
1376492541,45,3
1376492804,45,3
1376492814,46,2
1376492924,47,1
1376492928,46,2
1376493532,46,2
1376493646,45,3
1376493693,44,4
1376493779,44,4
1376494273,45,3
1376494716,46,2
1376494743,47,1
1376495369,46,2
1376495536,45,3
1376496153,46,2
1376496208,46,2
1376496514,43,5
1376496700,43,5
1376496722,43,5
1376497326,43,5
1376497492,42,6
1376497657,41,7
1376497746,40,8
1376497843,41,7
1376497845,42,6
1376497919,43,5
1376498176,42,6
1376498602,43,5
1376499205,43,5
1376499671,44,4
1376499760,45,3
1376500365,45,3
1376500570,46,2
1376500719,46,2
1376500729,47,1
1376501109,46,2
1376501557,47,1
1376502161,47,1
1376502764,47,1
1376503373,46,2
1376503841,45,3
1376504480,47,1
1376505083,47,1
1376505687,47,1
1376506291,47,1
1376506833,46,2
1376507437,46,2
1376508041,46,2
1376508645,46,2
1376509142,45,3
1376509526,46,2
1376510130,46,2
1376510734,46,2
1376511337,46,2
1376511941,46,2
1376512545,46,2
1376513149,46,2
1376513404,46,2
1376513468,46,2
1376513522,47,1
1376514127,47,1
1376514730,47,1
1376515334,47,1
1376515938,47,1
1376516542,47,1
1376517145,47,1
1376517443,46,2
1376518047,46,2
1376518651,46,2
1376519166,44,4
1376519770,44,4
1376520374,44,4
1376520978,44,4
1376521581,44,4
1376522186,44,4
1376522790,44,4
1376523393,44,4
1376523997,44,4
1376524601,44,4
1376525205,44,4
1376525808,44,4
1376526412,44,4
1376527016,44,4
1376527528,43,5
1376528133,43,5
1376528737,43,5
1376529340,43,5
1376530029,43,5
1376530113,43,5
1376530716,43,5
1376531320,43,5
1376531924,43,5
1376532528,43,5
1376533132,43,5
1376533735,43,5
1376534339,43,5
1376534943,43,5
1376535547,43,5
1376536151,43,5
1376536755,43,5
1376537358,43,5
1376537962,43,5
1376538566,43,5
1376539170,43,5
1376539680,42,6
1376540284,42,6
1376540888,42,6
1376541462,42,6
1376541465,41,7
1376542068,41,7
1376542229,40,8
1376542632,39,9
1376543127,37,11
1376543215,35,13
1376543352,34,14
1376543955,34,14
1376544559,34,14
1376545116,33,15
1376545721,33,15
1376546090,32,16
1376546694,32,16
1376547298,32,16
1376547754,31,17
1376548359,31,17
1376548387,30,18
1376548992,30,18
1376549596,30,18
1376550199,30,18
1376550803,30,18
1376550944,30,18
1376550983,31,17
1376551587,31,17
1376551783,31,17
1376551785,30,18
1376552203,29,19
1376552562,29,19
1376552569,27,21
1376553172,27,21
1376553776,27,21
1376554380,27,21
1376554787,26,22
1376554983,25,23
1376555588,25,23
1376556191,25,23
1376556795,25,23
1376557399,25,23
1376558003,25,23
1376558417,26,22
1376559021,26,22
1376559625,26,22
1376560229,26,22
1376560636,25,23
1376561144,26,22
1376561162,27,20
1376561766,27,21
1376562370,27,21
1376562974,27,21
1376563577,27,21
1376564009,28,20
1376564613,28,20
1376564890,27,21
1376565494,27,21
1376565821,27,21
1376565825,26,22
1376566429,26,22
1376566581,25,23
1376566801,26,22
1376567406,26,22
1376567734,27,21
1376568338,27,21
1376568581,27,21
1376568596,24,24
1376568684,25,23
1376568730,26,22
1376568765,26,22
1376569370,26,22
1376569566,25,23
1376569651,24,24
1376569686,22,26
1376570290,22,26
1376570749,21,27
1376570917,22,26
1376570981,21,27
1376571585,21,27
1376572077,22,26
1376572296,23,25
1376572401,23,25
1376572448,24,24
1376572902,23,25
1376572910,22,26
1376573114,23,25
1376573526,22,26
1376573769,23,25
1376574076,23,25
1376574153,24,24
1376574213,22,26
1376574263,22,26
1376574328,23,25
1376574362,26,22
1376574941,26,22
1376574961,27,21
1376575029,27,21
1376575278,26,22
1376575357,26,22
1376575424,26,22
1376575529,26,22
1376575568,27,21
1376575661,27,21
1376575668,28,20
1376575940,27,21
1376575974,26,22
1376576568,25,23
1376576885,26,22
1376577149,25,23
1376577559,26,22
1376577703,26,22
1376577706,24,24
1376578061,24,24
1376578114,25,23
1376578179,28,20
1376578210,27,21
1376578287,28,20
1376578400,27,21
1376578828,27,21
1376578949,27,21
1376579022,29,19
1376579030,30,18
1376579224,30,18
1376579299,31,17
1376579903,31,17
1376580081,33,15
1376580155,34,14
1376580371,36,12
1376580975,36,12
1376581579,36,12
1376581708,36,12
1376581759,36,12
1376581840,37,11
1376581878,38,10
1376582482,38,10
1376582590,37,11
1376582827,38,10
1376583431,38,10
1376583694,40,8
1376583754,39,9
1376583811,40,8
1376583995,40,8
1376584060,41,6
1376584296,40,7
1376584901,40,8
1376585381,40,8
1376585390,41,7
1376585474,42,6
1376585544,42,6
1376585613,43,5
1376586218,43,5
1376586263,44,4
1376586860,43,5
1376587464,43,5
1376587740,44,4
1376588343,44,4
1376588930,43,5
1376589533,44,4
1376589626,44,4
1376589759,46,2
1376590363,46,2
1376590967,46,2
1376591570,46,2
1376592174,46,2
1376592718,45,3
1376592991,44,4
1376593301,45,3
1376593904,45,3
1376594322,46,2
1376594926,46,2
1376595530,46,2
1376596133,46,2
1376596350,44,4
1376596572,43,5
1376596685,44,4
1376596844,44,4
1376596847,43,5
1376596964,43,5
1376596973,44,4
1376597412,43,5
1376597503,43,5
1376597562,44,4
1376598219,45,3
1376598263,46,2
1376598343,45,3
1376598345,44,4
1376598949,44,4
1376599553,44,4
1376599769,45,3
1376600075,46,2
1376600678,46,2
1376601281,46,2
1376601696,47,1
1376602299,47,1
1376602663,46,2
1376602685,44,4
1376602947,44,4
1376603002,44,4
1376603024,44,4
1376603562,43,5
1376604166,43,5
1376604770,43,5
1376605374,43,5
1376605977,43,5
1376606581,43,5
1376607185,43,5
1376607789,43,5
1376608392,43,5
1376608996,43,5
1376609601,43,5
1376610204,43,5
1376610808,43,5
1376611412,43,5
1376612016,43,5
1376612620,43,5
1376613223,43,5
1376613827,43,5
1376614089,44,4
1376614201,44,4
1376614805,44,4
1376615409,44,4
1376616013,44,4
1376616432,44,4
1376617036,44,4
1376617640,44,4
1376618244,44,4
1376618848,44,4
1376619452,44,4
1376620056,44,4
1376620659,44,4
1376621263,44,4
1376621867,44,4
1376622471,44,4
1376623075,44,4
1376623181,44,4
1376623239,43,5
1376623289,43,5
1376623893,43,5
1376624497,43,5
1376625100,43,5
1376625704,43,5
1376625915,42,6
1376626519,42,6
1376627122,42,6
1376627726,42,6
1376628330,42,6
1376628934,42,6
1376629538,42,6
1376629670,41,7
1376630274,41,7
1376630645,42,6
1376631249,42,6
1376631462,42,6
1376631470,43,5
1376631984,43,5
1376632043,43,5
1376632102,44,4
1376632707,44,4
1376632851,43,5
1376633291,42,6
1376633864,42,6
1376633871,43,5
1376634476,43,5
1376634771,42,6
1376635047,41,7
1376635199,40,8
1376635617,41,7
1376635840,41,7
1376635850,42,6
1376636034,41,7
1376636142,42,6
1376636429,41,7
1376637033,41,7
1376637636,41,7
1376638033,42,6
1376638167,41,7
1376638602,40,8
1376638843,40,8
1376638845,40,8
1376638947,41,7
1376639040,41,7
1376639100,42,6
1376639417,43,5
1376639498,43,5
1376640102,43,5
1376640159,43,5
1376640215,43,5
1376640255,44,4
1376640859,44,4
1376640925,45,3
1376641530,45,3
1376642135,45,3
1376642279,44,4
1376642860,43,5
1376643116,42,6
1376643522,42,6
1376643531,43,5
1376644063,43,5
1376644087,44,4
1376644210,43,5
1376644387,42,6
1376644602,43,5
1376644611,44,4
1376645215,44,4
1376645284,45,3
1376645888,45,3
1376646162,44,4
1376646172,44,4
1376646669,44,4
1376646718,44,4
1376646980,45,3
1376647281,44,4
1376647424,44,4
1376647474,43,5
1376647509,44,4
1376647684,44,4
1376647756,45,3
1376647843,45,3
1376647885,47,1
1376647913,46,2
1376648517,46,2
1376649121,46,2
1376649419,46,2
1376649500,46,2
1376649731,47,1
1376650135,46,2
1376650424,46,2
1376650477,45,3
1376650531,44,4
1376650601,44,4
1376650680,45,3
1376651284,45,3
1376651888,45,3
1376651978,46,2
1376652035,46,2
1376652638,46,2
1376653242,46,2
1376653709,45,3
1376654079,45,3
1376654088,46,2
1376654692,46,2
1376655290,45,3
1376655810,44,4
1376656414,44,4
1376656469,45,3
1376657073,45,3
1376657616,43,5
1376657678,43,5
1376657980,44,4
1376658584,44,4
1376659188,44,4
1376659360,43,5
1376659432,42,6
1376659994,44,4
1376660132,45,3
1376660736,45,3
1376661340,45,3
1376661944,45,3
1376662123,46,2
1376662728,46,2
1376663208,45,3
1376663620,45,3
1376663642,46,2
1376664246,46,2
1376664850,46,2
1376665239,47,1
1376665281,48,0
1376665886,48,0
1376666489,48,0
1376667093,48,0
1376667697,48,0
1376668301,48,0
1376668904,48,0
1376669508,48,0
1376670112,48,0
1376670601,47,1
1376671221,48,0
1376671765,47,1
1376671964,48,0
1376672568,48,0
1376673171,48,0
1376673775,48,0
1376674379,48,0
1376674983,48,0
1376675137,47,1
1376675741,47,1
1376676040,47,1
1376676077,48,0
1376676680,48,0
1376677285,48,0
1376677888,48,0
1376677964,48,0
1376677967,47,1
1376678571,47,1
1376679175,47,1
1376679779,47,1
1376680382,47,1
1376680986,47,1
1376681590,47,1
1376682194,47,1
1376682252,46,2
1376682856,46,2
1376683458,47,1
1376683539,47,1
1376683551,48,0
1376684156,48,0
1376684760,48,0
1376685364,48,0
1376685968,48,0
1376686572,48,0
1376687175,48,0
1376687779,48,0
1376688383,48,0
1376688987,48,0
1376689590,48,0
1376689996,47,1
1376690600,47,1
1376691204,47,1
1376691808,47,1
1376692265,48,0
1376692869,48,0
1376693473,48,0
1376694077,48,0
1376694681,48,0
1376695284,48,0
1376695888,48,0
1376696492,48,0
1376697096,48,0
1376697700,48,0
1376697763,45,3
1376698366,45,3
1376698970,45,3
1376699472,44,4
1376700076,44,4
1376700680,44,4
1376701284,44,4
1376701888,44,4
1376702491,44,4
1376702834,44,4
1376702918,44,4
1376703521,44,4
1376704125,44,4
1376704729,44,4
1376705333,44,4
1376705465,42,6
1376706069,42,6
1376706701,42,6
1376706730,43,5
1376706828,43,5
1376706878,43,5
1376706903,44,4
1376707508,44,4
1376708111,44,4
1376708715,44,4
1376709319,44,4
1376709918,43,5
1376710001,42,5
1376710025,42,6
1376710628,42,6
1376711232,42,6
1376711719,41,7
1376712323,41,7
1376712927,41,7
1376713531,41,7
1376714134,41,7
1376714738,41,7
1376715102,40,8
1376715701,40,8
1376715731,41,7
1376716335,41,7
1376716939,41,7
1376717543,41,7
1376718147,41,7
1376718750,41,7
1376719264,40,8
1376719869,40,8
1376720472,40,8
1376720935,39,9
1376721263,38,10
1376721867,38,10
1376722471,38,10
1376723075,38,10
1376723679,38,10
1376723919,39,9
1376724523,39,9
1376725127,39,9
1376725755,38,10
1376725960,37,11
1376726044,39,9
1376726192,40,8
1376726797,40,8
1376727401,40,8
1376727465,40,8
1376727467,40,8
1376727608,39,9
1376727692,40,8
1376727733,41,7
1376728142,42,6
1376728746,42,6
1376729287,41,7
1376729892,41,7
1376729992,40,8
1376730597,40,8
1376731201,40,8
1376731354,41,7
1376731647,42,6
1376732025,42,6
1376732028,41,7
1376732498,42,6
1376732771,43,5
1376733155,45,3
1376733258,46,2
1376733862,46,2
1376734059,45,3
1376734663,45,3
1376735268,45,3
1376735872,45,3
1376736475,45,3
1376737079,45,3
1376737683,45,3
1376737874,47,1
1376738477,47,1
1376738986,47,1
1376738989,48,0
1376739593,48,0
1376739812,47,1
1376740416,47,1
1376740485,47,1
1376740487,45,3
1376741091,45,3
1376741384,46,2
1376741556,47,1
1376742160,47,1
1376742240,46,2
1376742692,47,1
1376743296,47,1
1376743630,47,1
1376744234,47,1
1376744601,46,2
1376745205,46,2
1376745765,46,2
1376745801,47,1
1376746223,48,0
1376746767,47,1
1376747384,47,1
1376747397,48,0
1376748001,48,0
1376748604,48,0
1376749208,48,0
1376749828,47,1
1376750431,47,1
1376750551,46,2
1376751155,46,2
1376751299,47,1
1376751903,47,1
1376752426,47,1
1376752446,48,0
1376753050,48,0
1376753518,47,1
1376753925,47,1
1376753928,46,2
1376754533,46,2
1376755136,46,2
1376755740,46,2
1376756344,46,2
1376756461,45,3
1376756887,46,2
1376756997,47,1
1376757143,48,0
1376757545,47,1
1376757691,48,0
1376758295,48,0
1376758345,47,1
1376758948,47,1
1376759552,47,1
1376760157,47,1
1376760761,47,1
1376761364,47,1
1376761968,47,1
1376762572,47,1
1376762739,48,0
1376763343,48,0
1376763875,47,1
1376764479,47,1
1376765082,47,1
1376765686,47,1
1376766290,47,1
1376766510,47,1
1376766611,47,1
1376766941,47,1
1376766951,47,1
1376767511,48,0
1376767945,47,1
1376768549,47,1
1376768967,46,2
1376769571,46,2
1376770175,46,2
1376770213,47,1
1376770816,47,1
1376771420,47,1
1376771551,48,0
1376772156,48,0
1376772405,47,1
1376772539,48,0
1376773144,48,0
1376773747,48,0
1376774351,48,0
1376774955,48,0
1376775559,48,0
1376776163,48,0
1376776766,48,0
1376777370,48,0
1376777974,48,0
1376778577,48,0
1376779181,48,0
1376779785,48,0
1376780389,48,0
1376780993,48,0
1376781596,48,0
1376782200,48,0
1376782804,48,0
1376783408,48,0
1376784011,48,0
1376784615,48,0
1376785220,48,0
1376785823,48,0
1376786427,48,0
1376787031,48,0
1376787345,47,1
1376787348,46,2
1376787953,46,2
1376788556,46,2
1376789235,46,2
1376789839,46,2
1376790443,46,2
1376791047,46,2
1376791650,46,2
1376792254,46,2
1376792858,46,2
1376793462,46,2
1376794066,46,2
1376794669,46,2
1376795273,46,2
1376795877,46,2
1376796481,46,2
1376797084,46,2
1376797688,46,2
1376798292,46,2
1376798896,46,2
1376799500,46,2
1376800103,46,2
1376800707,46,2
1376801311,46,2
1376801914,46,2
1376802504,47,1
1376803108,47,1
1376803644,48,0
1376804248,48,0
1376804852,48,0
1376805456,48,0
1376805838,47,1
1376806442,47,1
1376807051,46,2
1376807656,46,2
1376807945,45,3
1376808549,45,3
1376808625,45,3
1376808684,45,3
1376808758,46,2
1376808999,46,2
1376809047,46,2
1376809109,46,2
1376809159,47,1
1376809763,47,1
1376810244,46,2
1376810848,46,2
1376811453,46,2
1376812057,46,2
1376812305,46,2
1376812313,47,1
1376812917,47,1
1376813521,47,1
1376814125,47,1
1376814362,46,2
1376814966,46,2
1376815570,46,2
1376815720,48,0
1376816075,47,1
1376816679,47,1
1376816788,48,0
1376817392,48,0
1376817996,48,0
1376818599,48,0
1376819203,48,0
1376819290,46,2
1376819621,46,2
1376819631,47,1
1376820235,47,1
1376820839,47,1
1376821443,47,1
1376822077,47,1
1376822114,48,0
1376822319,48,0
1376822610,47,1
1376822741,47,1
1376822795,47,1
1376822855,47,1
1376823459,47,1
1376823786,47,1
1376823886,47,1
1376824350,46,2
1376824954,46,2
1376825558,46,2
1376826162,46,2
1376826203,45,3
1376826260,45,3
1376826853,47,1
1376827123,47,1
1376827126,48,0
1376827730,48,0
1376828333,48,0
1376828460,47,1
1376828699,48,0
1376829303,48,0
1376829907,48,0
1376830510,48,0
1376831114,48,0
1376831718,48,0
1376832321,48,0
1376832925,48,0
