1376208441,27,12
1376209045,27,12
1376209649,27,12
1376210253,27,12
1376210856,27,12
1376211153,28,11
1376211757,28,11
1376212361,28,11
1376212437,27,12
1376213004,27,12
1376213041,29,10
1376213141,30,9
1376213160,31,8
1376213229,30,9
1376213314,30,9
1376213345,31,8
1376213949,31,8
1376214553,31,8
1376215039,30,9
1376215094,31,8
1376215181,30,9
1376215207,31,8
1376215289,32,7
1376215761,31,8
1376215891,32,7
1376216011,31,8
1376216038,30,9
1376216642,30,9
1376216983,30,9
1376217011,31,8
1376217091,31,8
1376217141,31,8
1376217271,33,6
1376217875,33,6
1376218115,31,8
1376218233,31,8
1376218265,32,7
1376218359,33,6
1376218689,32,7
1376219293,32,7
1376219684,32,7
1376219716,28,11
1376219961,26,13
1376220033,26,13
1376220071,23,16
1376220675,23,16
1376221279,23,16
1376221402,22,17
1376221940,21,18
1376222203,19,20
1376222479,19,20
1376222515,19,20
1376222788,19,20
1376222864,18,21
1376222913,17,22
1376222965,17,22
1376223005,17,22
1376223161,18,21
1376223211,19,20
1376223283,18,21
1376223297,17,22
1376223391,18,21
1376223521,18,21
1376223565,19,20
1376224048,18,21
1376224356,16,23
1376224434,15,24
1376224843,15,24
1376224857,14,25
1376225462,14,25
1376225661,15,24
1376225741,14,25
1376225785,14,25
1376225848,14,25
1376225924,14,25
1376225981,12,27
1376226021,13,26
1376226098,12,27
1376226446,12,27
1376226507,14,25
1376226572,13,26
1376226593,14,25
1376227196,14,25
1376227438,15,24
1376227645,15,24
1376227722,16,23
1376227760,18,21
1376227798,17,22
1376228258,16,23
1376228862,16,23
1376229225,15,24
1376229229,14,25
1376229343,14,25
1376229377,12,27
1376229453,8,31
1376229584,7,32
1376229586,7,32
1376229660,7,32
1376229902,6,33
1376230275,6,33
1376230327,6,33
1376230366,6,33
1376230636,5,34
1376230900,5,34
1376230921,4,35
1376231015,4,35
1376231102,3,36
1376231336,2,37
1376231743,3,36
1376232002,4,35
1376232441,5,34
1376232561,4,35
1376232932,5,34
1376233170,5,34
1376233220,7,32
1376233409,7,32
1376233543,6,33
1376233600,6,33
1376233664,6,33
1376233713,6,33
1376233824,7,32
1376233879,8,31
1376233962,9,30
1376234002,10,29
1376234052,11,28
1376234104,12,27
1376234239,10,29
1376234556,10,29
1376234589,11,28
1376234642,12,27
1376234707,13,26
1376235312,13,26
1376235643,14,25
1376235678,16,23
1376235723,15,24
1376236328,15,24
1376236931,15,24
1376237484,17,22
1376237877,16,23
1376238325,17,22
1376238401,17,22
1376238404,18,21
1376238628,18,21
1376238677,19,20
1376239282,19,20
1376239959,19,20
1376239998,22,17
1376240044,22,17
1376240503,22,17
1376240518,24,15
1376240979,25,14
1376241343,25,14
1376241947,26,13
1376242552,26,13
1376243156,26,13
1376243210,26,13
1376243311,27,12
1376243787,27,12
1376244059,28,11
1376244522,28,11
1376244561,28,11
1376245122,28,11
1376245133,28,11
1376245737,28,11
1376245984,27,12
1376246321,26,13
1376246889,27,12
1376247493,27,12
1376247999,28,11
1376248604,28,11
1376249207,28,11
1376249811,28,11
1376250415,28,11
1376250779,28,11
1376250834,29,10
1376251438,29,10
1376252083,29,10
1376252100,29,10
1376252570,29,10
1376252904,29,10
1376252941,29,10
1376253546,29,10
1376254150,29,10
1376254240,29,10
1376254288,29,10
1376254321,29,10
1376254481,29,10
1376255086,29,10
1376255689,29,10
1376256294,29,10
1376256898,29,10
1376257002,28,11
1376257421,27,12
1376257432,26,13
1376258082,26,13
1376258126,27,12
1376258151,28,11
1376258755,28,11
1376259359,28,11
1376259963,28,11
1376260567,28,11
1376260660,28,11
1376260719,29,10
1376260745,29,10
1376261349,29,10
1376261953,29,10
1376262557,29,10
1376262699,28,10
1376262760,27,12
1376263363,27,12
1376263376,28,11
1376263477,29,10
1376264082,29,10
1376264686,29,10
1376265289,29,10
1376265893,29,10
1376266497,29,10
1376267101,29,10
1376267705,29,10
1376268309,29,10
1376268913,29,10
1376269517,29,10
1376270120,29,10
1376270724,29,10
1376271328,29,10
1376271627,29,10
1376272231,29,10
1376272835,29,10
1376273438,29,10
1376274042,29,10
1376274646,29,10
1376275250,29,10
1376275854,29,10
1376276458,29,10
1376277062,29,10
1376277665,29,10
1376278269,29,10
1376278873,29,10
1376279477,29,10
1376280080,29,10
1376280684,29,10
1376281288,29,10
1376281773,30,9
1376282377,30,9
1376282981,30,9
1376283102,29,10
1376283161,29,10
1376283765,29,10
1376284369,29,10
1376284973,29,10
1376285576,29,10
1376286180,29,10
1376286583,29,10
1376287052,29,10
1376287068,29,10
1376287156,30,9
1376287761,30,9
1376288365,30,9
1376288560,31,8
1376289164,31,8
1376289767,31,8
1376289834,30,9
1376290232,31,8
1376290833,30,9
1376290903,30,9
1376290906,29,10
1376291427,28,11
1376291612,27,12
1376292099,27,12
1376292109,28,11
1376292297,27,12
1376292869,28,11
1376293033,27,12
1376293195,28,11
1376293799,28,11
1376294155,27,12
1376294376,27,12
1376294981,27,12
1376295342,26,13
1376295358,25,14
1376295449,26,13
1376296053,26,13
1376296658,26,13
1376296723,27,12
1376297327,27,12
1376297760,26,13
1376297819,25,14
1376298423,25,14
1376299033,25,14
1376299281,24,15
1376299354,23,16
1376299405,23,16
1376299438,23,16
1376300042,23,16
1376300670,22,17
1376300923,23,16
1376300937,23,16
1376301119,24,15
1376301757,24,15
1376301768,25,14
1376301933,23,16
1376302540,23,16
1376303083,24,15
1376303137,23,16
1376303182,23,16
1376303249,23,16
1376303289,24,15
1376303361,25,14
1376303466,26,13
1376303956,25,14
1376304100,24,15
1376304314,25,14
1376304919,25,14
1376305523,25,14
1376305969,25,14
1376306068,26,13
1376306469,25,14
1376307073,25,14
1376307677,25,14
1376308002,25,14
1376308010,26,13
1376308540,26,13
1376308549,27,12
1376308630,28,11
1376308956,28,11
1376308968,29,10
1376309367,28,11
1376309868,27,12
1376309998,24,15
1376310083,23,16
1376310687,23,16
1376311292,23,16
1376311396,22,17
1376311719,22,17
1376311728,23,16
1376312332,23,16
1376312651,24,15
1376312765,25,14
1376313034,27,12
1376313083,29,10
1376313118,30,9
1376313723,30,9
1376313943,30,9
1376313976,28,11
1376314580,28,11
1376314887,27,12
1376315055,28,11
1376315295,29,10
1376315564,30,9
1376315982,30,9
1376315985,31,8
1376316595,30,9
1376316661,28,11
1376316734,28,11
1376316868,28,11
1376316935,29,10
1376316994,28,11
1376317025,29,10
1376317244,28,11
1376317363,28,11
1376317366,29,10
1376317748,28,11
1376318005,27,12
1376318532,28,11
1376319136,28,11
1376319494,28,11
1376319571,30,9
1376320174,30,9
1376320477,30,9
1376320658,29,10
1376320670,28,11
1376320892,29,10
1376321006,31,8
1376321077,30,9
1376321115,32,7
1376321666,32,7
1376321743,32,7
1376321772,33,6
1376321922,33,6
1376321925,32,7
1376322452,30,9
1376322552,31,8
1376322737,32,7
1376322817,34,5
1376323421,34,5
1376323818,35,4
1376324010,34,5
1376324382,35,4
1376324586,36,3
1376324671,35,4
1376324712,34,5
1376324838,34,5
1376324893,35,4
1376325084,34,5
1376325505,33,6
1376325556,30,9
1376325875,29,10
1376326383,30,9
1376326572,30,9
1376326955,30,9
1376326967,31,8
1376327243,30,9
1376327726,31,8
1376327898,32,7
1376328222,33,6
1376328826,33,6
1376329026,33,6
1376329100,33,6
1376329178,33,6
1376329189,33,6
1376329286,32,7
1376329344,32,7
1376329410,32,7
1376329470,32,7
1376329584,32,7
1376329674,32,7
1376329737,32,7
1376329810,32,7
1376329950,31,8
1376330427,32,7
1376330620,33,6
1376330860,33,6
1376330869,34,5
1376331473,34,5
1376332077,34,5
1376332681,34,5
1376333265,35,4
1376333868,35,4
1376334472,35,4
1376334760,34,5
1376334998,33,6
1376335015,32,7
1376335619,32,7
1376335857,33,6
1376336461,33,6
1376337065,33,6
1376337669,33,6
1376338273,33,6
1376338836,32,7
1376339441,32,7
1376340041,33,6
1376340394,32,7
1376340406,31,8
1376341072,30,9
1376341535,29,10
1376342139,29,10
1376342743,29,10
1376343347,29,10
1376343795,30,9
1376344399,30,9
1376344554,29,10
1376345158,29,10
1376345275,30,9
1376345424,30,9
1376345497,32,7
1376346101,32,7
1376346705,32,7
1376347309,32,7
1376347912,32,7
1376348123,29,10
1376348727,29,10
1376349330,29,10
1376349497,29,10
1376349579,29,10
1376349644,31,8
1376349685,33,6
1376349726,33,6
1376350330,33,6
1376350933,33,6
1376351537,33,6
1376351946,32,7
1376352549,32,7
1376353153,32,7
1376353757,32,7
1376354263,32,7
1376354867,33,6
1376355471,33,6
1376355819,28,11
1376355877,25,14
1376355942,21,18
1376355977,19,20
1376356061,17,22
1376356121,14,25
1376356124,13,26
1376356728,13,26
1376357332,13,26
1376358033,13,26
1376358637,13,26
1376359141,14,25
1376359745,14,25
1376360348,14,25
1376360952,14,25
1376361556,14,25
1376362159,14,25
1376362763,14,25
1376363368,14,25
1376363972,14,25
1376364575,14,25
1376365179,14,25
1376365783,14,25
1376366387,14,25
1376366990,14,25
1376367594,14,25
1376368137,15,24
1376368740,15,24
1376369079,14,25
1376369683,14,25
1376370287,14,25
1376370890,14,25
1376371123,14,25
1376371126,15,24
1376371729,15,24
1376372333,15,24
1376372825,14,25
1376373429,14,25
1376374033,14,25
1376374177,15,24
1376374507,16,23
1376375081,15,23
1376375097,15,24
1376375702,15,24
1376375917,14,25
1376375983,14,25
1376376037,14,25
1376376057,15,24
1376376564,14,25
1376376797,13,26
1376376909,13,26
1376376965,13,26
1376377569,13,26
1376377687,12,27
1376377829,11,28
1376378161,10,29
1376378765,10,29
1376378852,9,30
1376379236,8,31
1376379639,10,29
1376379671,9,30
1376379710,8,31
1376380315,8,31
1376380598,8,31
1376380608,9,30
1376380672,8,31
1376380775,7,32
1376381101,8,31
1376381464,3,36
1376381555,3,36
1376381617,3,36
1376381677,3,36
1376381713,3,36
1376381839,2,37
1376382158,3,36
1376382762,3,36
1376383365,3,36
1376383969,3,36
1376384573,3,36
1376385178,3,36
1376385628,2,37
1376386003,2,37
1376386483,1,38
1376386702,0,39
1376387186,0,39
1376387226,1,38
1376387301,2,37
1376387788,3,36
1376387950,3,36
1376388101,3,32
1376388128,3,22
1376388732,3,22
1376389336,3,22
1376389519,5,20
1376390019,4,21
1376390624,4,21
1376391028,3,22
1376391057,4,21
1376391220,3,22
1376391229,2,23
1376391313,2,23
1376391917,2,23
1376392045,1,24
1376392272,0,25
1376392424,2,23
1376393029,2,23
1376393558,1,24
1376393652,2,23
1376393741,2,23
1376393750,3,22
1376394032,1,24
1376394084,2,23
1376394688,2,23
1376395070,1,24
1376395243,1,24
1376395252,2,23
1376395316,3,22
1376395692,3,22
1376395771,4,21
1376395825,5,20
1376395859,6,19
1376396463,6,19
1376396919,6,19
1376396971,7,18
1376397026,7,18
1376397094,8,17
1376397131,10,15
1376397193,8,17
1376397445,9,16
1376397867,9,16
1376397916,10,15
1376397984,11,14
1376398028,12,13
1376398112,12,13
1376398213,11,14
1376398817,11,14
1376399313,12,13
1376399378,13,12
1376399420,14,11
1376399574,16,9
1376399737,16,9
1376399795,16,9
1376399983,16,9
1376399989,14,11
1376400126,15,10
1376400737,15,10
1376400990,14,11
1376401177,14,11
1376401248,14,11
1376401852,14,11
1376402140,15,10
1376402315,16,9
1376402920,16,9
1376403523,16,9
1376403683,17,8
1376404287,17,8
1376404329,16,9
1376404502,14,11
1376405106,14,11
1376405710,14,11
1376406234,15,10
1376406760,14,11
1376406873,15,10
1376406979,14,11
1376407028,13,12
1376407529,13,12
1376407816,14,11
1376407853,13,12
1376408078,13,12
1376408087,14,11
1376408603,13,12
1376408642,12,13
1376408858,12,13
1376408867,13,12
1376408982,14,11
1376409288,13,12
1376409443,14,11
1376409755,15,10
1376409821,14,11
1376409851,16,9
1376410062,16,9
1376410123,16,9
1376410173,18,7
1376410544,19,6
1376410721,19,6
1376410724,20,5
1376411065,21,4
1376411670,21,4
1376412184,22,3
1376412477,20,5
1376412838,21,4
1376413357,20,5
1376413654,21,4
1376413689,21,4
1376413982,21,4
1376414059,21,4
1376414107,22,3
1376414315,22,3
1376414341,22,3
1376414493,23,2
1376415097,23,2
1376415148,22,3
1376415174,22,3
1376415778,22,3
1376416176,23,2
1376416225,22,3
1376416296,22,3
1376416360,23,2
1376416369,24,1
1376416768,23,2
1376416839,23,2
1376416848,24,1
1376417452,24,1
1376418056,24,1
1376418419,23,2
1376418502,24,1
1376419070,23,2
1376419673,23,2
1376420277,23,2
1376420503,23,2
1376420543,24,1
1376420740,23,2
1376420780,23,2
1376421161,24,1
1376421765,24,1
1376422369,24,1
1376422972,24,1
1376423576,24,1
1376424180,24,1
1376424549,24,1
1376425153,24,1
1376425756,24,1
1376426360,24,1
1376426964,24,1
1376427186,23,2
1376427790,23,2
1376428394,23,2
1376428998,23,2
1376429602,23,2
1376430206,23,2
1376430454,22,3
1376431058,22,3
1376431662,22,3
1376432266,22,3
1376432870,22,3
1376433474,22,3
1376434078,22,3
1376434419,21,4
1376434454,21,4
1376434514,22,3
1376435117,22,3
1376435721,22,3
1376436325,22,3
1376436425,21,4
1376436785,20,5
1376436879,18,7
1376436941,17,8
1376437049,17,8
1376437084,17,8
1376437172,17,8
1376437218,17,8
1376437259,18,7
1376437863,18,7
1376438467,18,7
1376439071,18,7
1376439280,16,9
1376439884,16,9
1376440517,17,8
1376441122,17,8
1376441726,17,8
1376442330,17,8
1376442934,17,8
1376443360,17,8
1376443369,18,7
1376443973,18,7
1376444427,18,7
1376445031,18,7
1376445635,18,7
1376446239,18,7
1376446842,18,7
1376447447,18,7
1376448051,18,7
1376448655,18,7
1376449259,18,7
1376449862,18,7
1376450466,18,7
1376451070,18,7
1376451674,18,7
1376452277,18,7
1376452881,18,7
1376453485,18,7
1376454019,19,6
1376454624,19,6
1376454910,20,5
1376455515,20,5
1376456118,20,5
1376456722,20,5
1376457326,20,5
1376457930,20,5
1376458320,21,4
1376458924,21,4
1376459324,20,5
1376459928,20,5
1376459992,19,6
1376460297,20,5
1376460814,21,4
1376460913,20,5
1376461517,20,5
1376461669,19,6
1376462308,18,7
1376462500,17,8
1376462559,18,7
1376463163,18,7
1376463767,18,7
1376463848,19,6
1376464452,19,6
1376464721,19,6
1376464730,20,5
1376465023,20,5
1376465627,20,5
1376466232,20,5
1376466424,19,6
1376466759,20,5
1376467302,20,5
1376467304,19,6
1376467381,18,7
1376467903,18,7
1376467912,17,8
1376468140,17,8
1376468149,18,7
1376468396,17,8
1376469000,17,8
1376469604,17,8
1376470208,17,8
1376470263,16,9
1376470867,16,9
1376471471,16,9
1376472075,16,9
1376472155,16,9
1376472370,15,10
1376472428,16,9
1376472528,16,9
1376472639,17,8
1376473243,17,8
1376473622,18,7
1376474226,18,7
1376474374,18,7
1376474978,18,7
1376475222,18,7
1376475277,18,7
1376475338,18,7
1376475377,18,7
1376475431,19,6
1376476035,19,6
1376476176,19,6
1376476226,17,8
1376476270,18,7
1376476360,18,7
1376476391,18,7
1376476477,16,9
1376476540,16,9
1376476585,16,9
1376476628,16,9
1376476673,15,10
1376477277,15,10
1376477730,16,9
1376478267,14,11
1376478462,14,11
1376478480,14,11
1376478579,14,11
1376478636,15,10
1376478689,14,11
1376478760,12,13
1376478817,9,16
1376478842,10,15
1376478934,10,15
1376479028,10,15
1376479069,11,14
1376479319,10,15
1376479923,10,15
1376480194,11,14
1376480244,12,13
1376480318,12,13
1376480341,13,12
1376480463,14,11
1376481067,14,11
1376481671,14,11
1376482240,14,11
1376482354,15,10
1376482958,15,10
1376483012,16,9
1376483617,16,9
1376484022,15,10
1376484626,15,10
1376484969,14,11
1376485511,15,10
1376485987,16,9
1376486143,17,8
1376486146,18,7
1376486232,17,8
1376486305,18,7
1376486494,18,7
1376486617,19,6
1376486679,21,4
1376486790,20,5
1376486892,19,6
1376486940,18,7
1376487550,18,7
1376488118,17,8
1376488722,17,8
1376488890,17,8
1376488957,17,8
1376489018,18,7
1376489072,19,6
1376489136,20,5
1376489196,21,4
1376489262,22,3
1376489276,23,2
1376489562,23,2
1376490186,22,3
1376490238,21,4
1376490323,22,3
1376490350,21,4
1376490432,20,5
1376491036,20,5
1376491645,20,5
1376491926,19,6
1376492076,20,5
1376492140,21,4
1376492621,21,4
1376492663,21,4
1376492701,22,3
1376492793,23,2
1376492861,23,2
1376493198,24,1
1376493255,23,2
1376493840,23,2
1376493906,23,2
1376494221,23,2
1376494334,22,3
1376494475,22,3
1376494494,21,4
1376494582,22,3
1376494765,21,4
1376494839,18,7
1376494899,20,5
1376494926,21,4
1376494992,20,5
1376495041,20,5
1376495138,19,6
1376495742,19,6
1376495841,20,5
1376496029,21,4
1376496099,20,5
1376496158,19,6
1376496222,21,4
1376496636,22,3
1376496665,21,4
1376496730,22,3
1376496799,22,3
1376496845,23,2
1376496963,23,2
1376497567,23,2
1376498171,23,2
1376498776,23,2
1376498864,23,2
1376499012,23,2
1376499113,22,3
1376499717,22,3
1376499844,21,4
1376499991,22,3
1376500027,21,4
1376500123,21,4
1376500265,22,3
1376500514,22,3
1376500548,23,2
1376500696,22,3
1376500860,22,3
1376500936,22,3
1376501016,21,4
1376501081,22,3
1376501113,23,2
1376501273,22,3
1376501454,21,4
1376501598,19,6
1376501760,20,5
1376502222,20,5
1376502231,21,4
1376502636,18,7
1376503062,19,6
1376503152,18,7
1376503225,19,6
1376503782,18,7
1376503795,20,5
1376504312,21,4
1376504840,22,3
1376504908,23,2
1376505090,23,2
1376505155,24,1
1376505619,25,0
1376505674,24,1
1376505795,23,2
1376505943,24,1
1376505971,25,0
1376506110,24,1
1376506473,25,0
1376507078,25,0
1376507681,25,0
1376508285,25,0
1376508889,25,0
1376509493,25,0
1376510097,25,0
1376510701,25,0
1376511305,25,0
1376511681,23,2
1376511722,23,2
1376512037,23,2
1376512113,23,2
1376512146,23,2
1376512750,23,2
1376513354,23,2
1376513958,23,2
1376514562,23,2
1376515165,23,2
1376515769,23,2
1376516373,23,2
1376516977,23,2
1376517581,23,2
1376518185,23,2
1376518789,23,2
1376519392,23,2
1376519675,22,3
1376520280,22,3
1376520884,22,3
1376521422,21,4
1376521949,20,5
1376522553,20,5
1376523026,19,6
1376523138,18,7
1376523742,18,7
1376524346,18,7
1376524950,18,7
1376525554,18,7
1376526157,18,7
1376526761,18,7
1376527165,17,8
1376527769,17,8
1376528195,15,10
1376528800,15,10
1376529284,14,11
1376529306,14,11
1376529910,14,11
1376530514,14,11
1376530919,14,11
1376531523,14,11
1376532127,14,11
1376532730,14,11
1376533334,14,11
1376533938,14,11
1376534542,14,11
1376535131,13,12
1376535735,13,12
1376536339,13,12
1376536943,13,12
1376537546,13,12
1376538150,13,12
1376538754,13,12
1376539359,13,12
1376539962,13,12
1376540277,14,11
1376540881,14,11
1376541485,14,11
1376541762,12,13
1376542140,11,14
1376542744,11,14
1376543348,11,14
1376543953,11,14
1376544556,11,14
1376545160,11,14
1376545764,11,14
1376545934,10,15
1376546539,10,15
1376547142,10,15
1376547746,10,15
1376548350,10,15
1376548707,9,16
1376549216,8,17
1376549820,8,17
1376550423,8,17
1376551027,8,17
1376551341,7,18
1376551903,7,18
1376551905,6,19
1376552509,6,19
1376552577,5,20
1376553222,6,19
1376553826,6,19
1376553903,7,18
1376554506,7,18
1376555111,7,18
1376555473,8,17
1376556077,8,17
1376556175,7,18
1376556780,7,18
1376557383,7,18
1376557987,7,18
1376558591,7,18
1376559154,7,18
1376559197,7,18
1376559273,7,18
1376559329,8,17
1376559933,8,17
1376560478,9,16
1376561082,9,16
1376561686,9,16
1376562290,9,16
1376562894,9,16
1376563497,9,16
1376564032,8,17
1376564183,7,18
1376564659,8,17
1376565263,8,17
1376565534,7,18
1376565604,4,21
1376566209,4,21
1376566347,5,20
1376566657,7,18
1376566668,7,18
1376566765,8,17
1376567370,8,17
1376567406,9,16
1376567528,10,15
1376567754,9,16
1376568359,9,16
1376568781,9,16
1376568985,10,15
1376569044,10,15
1376569459,11,14
1376569524,12,13
1376569693,13,12
1376570104,12,13
1376570263,13,12
1376570355,12,13
1376570959,12,13
1376571018,13,12
1376571221,12,13
1376571825,12,13
1376572470,13,12
1376573074,13,12
1376573141,13,12
1376573144,12,13
1376573358,12,13
1376573962,12,13
1376574566,12,13
1376575170,12,13
1376575690,11,14
1376576295,11,14
1376576739,11,14
1376576748,12,13
1376577338,12,13
1376577366,13,12
1376577440,13,12
1376577584,12,13
1376577607,11,14
1376577700,12,13
1376578117,13,12
1376578174,15,10
1376578241,15,10
1376578302,16,9
1376578311,16,9
1376578396,17,8
1376578447,18,7
1376578506,19,6
1376578885,19,6
1376578918,20,5
1376579053,20,5
1376579094,21,4
1376579296,19,6
1376579397,18,7
1376580002,18,7
1376580072,19,6
1376580445,19,6
1376580517,20,5
1376580641,21,4
1376580843,22,3
1376581123,21,4
1376581683,22,3
1376581887,22,3
1376581961,22,3
1376581964,23,2
1376582559,23,2
1376582659,23,2
1376582737,23,2
1376583341,23,2
1376583944,23,2
1376584479,22,3
1376584487,23,2
1376584802,21,4
1376584879,21,4
1376584943,23,2
1376585323,23,2
1376585529,21,4
1376586134,21,4
1376586370,22,3
1376586410,21,4
1376586507,23,2
1376586759,22,3
1376587362,22,3
1376587993,23,2
1376588598,23,2
1376588845,22,3
1376589450,22,3
1376589787,23,2
1376590391,23,2
1376590543,24,1
1376590583,24,1
1376591188,24,1
1376591378,25,0
1376591983,25,0
1376592587,25,0
1376593191,25,0
1376593795,25,0
1376594275,24,1
1376594742,23,2
1376594755,22,3
1376595392,20,5
1376595984,20,5
1376596471,21,4
1376596959,20,5
1376596982,19,6
1376597586,19,6
1376598211,20,5
1376598272,22,3
1376598335,24,1
1376598939,24,1
1376599543,24,1
1376600147,24,1
1376600751,24,1
1376600922,23,2
1376600933,22,3
1376601199,22,3
1376601269,22,3
1376601325,23,2
1376601354,24,1
1376601958,24,1
1376602562,24,1
1376603064,23,2
1376603668,23,2
1376604272,23,2
1376604876,23,2
1376605480,23,2
1376605827,22,3
1376606431,22,3
1376607035,22,3
1376607484,21,4
1376608088,21,4
1376608354,20,5
1376608448,20,5
1376608506,21,4
1376609110,21,4
1376609476,20,5
1376609876,21,4
1376610481,21,4
1376611085,21,4
1376611688,21,4
1376612292,21,4
1376612896,21,4
1376613500,21,4
1376614104,21,4
1376614707,21,4
1376615311,21,4
1376615915,21,4
1376616519,21,4
1376617234,21,4
1376617838,21,4
1376618442,21,4
1376619045,21,4
1376619650,21,4
1376620254,21,4
1376620858,21,4
1376621078,20,5
1376621682,20,5
1376622285,20,5
1376622889,20,5
1376623493,20,5
1376624097,20,5
1376624701,20,5
1376625304,20,5
1376625908,20,5
1376626512,20,5
1376626588,21,4
1376627192,21,4
1376627795,21,4
1376628399,21,4
1376629003,21,4
1376629607,21,4
1376629836,20,5
1376630440,20,5
1376631044,20,5
1376631648,20,5
1376632099,19,6
1376632527,19,6
1376632715,19,6
1376632727,20,6
1376632901,20,6
1376632921,20,7
1376633004,19,8
1376633202,19,9
1376633261,19,12
1376633279,19,13
1376633341,20,13
1376633822,19,14
1376634099,18,15
1376634223,19,15
1376634244,18,17
1376634315,18,18
1376634402,19,19
1376634425,18,21
1376634504,18,21
1376634574,18,21
1376634586,19,20
1376635088,20,19
1376635692,20,19
1376635742,21,18
1376636085,21,18
1376636088,20,19
1376636371,21,18
1376636420,22,17
1376636664,23,16
1376637189,24,15
1376637793,24,15
1376638398,24,15
1376639003,24,15
1376639607,24,15
1376639789,23,16
1376640098,22,17
1376640298,21,18
1376640402,21,18
1376640411,22,17
1376640875,23,16
1376641100,23,16
1376641140,24,15
1376641530,23,16
1376641612,22,17
1376641842,23,16
1376642166,22,17
1376642770,22,17
1376643216,23,16
1376643821,23,16
1376644424,23,16
1376645028,23,16
1376645632,23,16
1376646236,23,16
1376646533,22,17
1376646602,22,17
1376646700,22,17
1376646919,21,18
1376647250,20,19
1376647420,20,19
1376647484,20,19
1376647486,21,18
1376647604,21,18
1376647607,22,17
1376648211,22,17
1376648814,22,17
1376649110,21,18
1376649792,22,17
1376650404,23,16
1376650834,21,18
1376651175,22,17
1376651514,23,16
1376652118,23,16
1376652720,24,15
1376652787,25,14
1376652978,26,13
1376653041,24,15
1376653180,25,14
1376653227,26,13
1376653283,27,12
1376653583,28,11
1376653766,28,11
1376653868,27,12
1376654286,27,12
1376654363,28,11
1376654398,29,10
1376654736,29,10
1376654783,30,9
1376655150,32,7
1376655203,32,7
1376655277,32,7
1376655321,34,5
1376655518,35,3
1376655575,34,5
1376655745,33,6
1376656350,33,6
1376656390,32,7
1376656994,32,7
1376657412,33,6
1376657647,34,5
1376658252,34,5
1376658401,31,8
1376658409,31,8
1376658572,31,8
1376658696,31,8
1376658724,31,8
1376659329,31,8
1376659933,31,8
1376660334,32,7
1376660813,31,8
1376660920,32,7
1376661530,32,7
1376661795,33,6
1376661848,34,5
1376662451,34,5
1376663055,34,5
1376663200,33,6
1376663303,31,8
1376663442,31,8
1376663445,30,9
1376663902,29,10
1376664309,30,9
1376664537,29,10
1376664864,28,11
1376665385,27,12
1376665604,28,11
1376665659,30,9
1376665717,29,10
1376665733,29,10
1376665827,30,9
1376665894,30,9
1376665930,30,9
1376666535,30,9
1376666717,29,10
1376667321,29,10
1376667367,28,11
1376667734,28,11
1376667790,28,11
1376667828,29,10
1376668155,29,10
1376668241,30,9
1376668293,32,7
1376668343,32,7
1376668390,33,6
1376668483,33,6
1376668486,34,5
1376668718,35,4
1376668728,34,5
1376668925,35,4
1376669410,37,2
1376669512,36,3
1376670004,37,2
1376670069,35,4
1376670157,35,4
1376670247,37,2
1376670488,38,1
1376671092,38,1
1376671696,38,1
1376671800,37,2
1376672375,38,1
1376672979,38,1
1376673222,39,0
1376673449,38,1
1376674054,38,1
1376674658,38,1
1376674798,36,3
1376674884,36,3
1376674922,37,2
1376675345,36,3
1376675697,37,2
1376676301,37,2
1376676904,37,2
1376677134,36,3
1376677501,37,2
1376678106,37,2
1376678710,37,2
1376679314,37,2
1376679917,37,2
1376680544,37,2
1376680553,38,1
1376681156,38,1
1376681743,39,0
1376681936,38,1
1376682540,38,1
1376683144,38,1
1376683748,38,1
1376684352,38,1
1376684955,38,1
1376685510,37,2
1376685577,37,2
1376685625,37,2
1376685653,38,1
1376685736,37,2
1376686341,37,2
1376686944,37,2
1376687548,37,2
1376688099,37,2
1376688110,38,1
1376688714,38,1
1376689318,38,1
1376689922,38,1
1376690525,38,1
1376691129,38,1
1376691733,38,1
1376692337,38,1
1376692941,38,1
1376693545,38,1
1376694149,38,1
1376694754,38,1
1376695357,38,1
1376695482,38,1
1376695485,37,2
1376696089,37,2
1376696693,37,2
1376697297,37,2
1376697901,37,2
1376698085,39,0
1376698689,39,0
1376699293,39,0
1376699897,39,0
1376700125,38,1
1376700331,39,0
1376700935,39,0
1376701539,39,0
1376702142,39,0
1376702746,39,0
1376703350,39,0
1376703629,39,0
1376703845,39,0
1376703905,39,0
1376704107,39,0
1376704712,39,0
1376705199,38,1
1376705225,38,1
1376705829,38,1
1376706433,38,1
1376707037,38,1
1376707640,38,1
1376708244,38,1
1376708848,38,1
1376709452,38,1
1376710055,38,1
1376710659,38,1
1376711263,38,1
1376711867,38,1
1376712471,38,1
1376713074,38,1
1376713678,38,1
1376714282,38,1
1376714886,38,1
1376715489,38,1
1376716093,38,1
1376716654,37,2
1376717258,37,2
1376717863,37,2
1376718467,37,2
1376719070,37,2
1376719674,37,2
1376720279,37,2
1376720882,37,2
1376721463,37,2
1376721466,38,1
1376721620,37,2
1376722224,37,2
1376722304,37,2
1376722306,38,1
1376722910,38,1
1376723514,38,1
1376724118,38,1
1376724722,38,1
1376725326,38,1
1376725653,37,2
1376726256,37,2
1376726378,37,2
1376726445,37,2
1376726481,37,2
1376726545,37,2
1376726616,38,1
1376726644,39,0
1376727261,35,3
1376727345,36,3
1376727949,36,3
1376728082,37,1
1376728240,36,2
1376728843,36,3
1376728879,35,4
1376729023,35,4
1376729128,35,3
1376729203,35,3
1376729233,36,2
1376729314,36,2
1376729384,37,1
1376729987,37,2
1376730628,35,4
1376731232,35,4
1376731319,33,6
1376731923,33,6
1376732528,33,6
1376733132,33,6
1376733341,33,6
1376733355,32,7
1376733959,32,7
1376734564,30,9
1376734699,30,9
1376734772,31,8
1376734840,32,7
1376734877,31,8
1376734924,32,7
1376735140,31,8
1376735440,33,6
1376735863,32,7
1376735886,31,8
1376736491,31,8
1376737095,31,8
1376737217,30,9
1376737258,29,10
1376737523,30,9
1376738128,30,9
1376738732,30,9
1376739402,31,8
1376739457,32,7
1376740061,32,7
1376740665,32,7
1376740876,32,7
1376740935,34,5
1376741540,34,5
1376741912,32,7
1376742517,32,7
1376743121,32,7
1376743387,33,6
1376743538,34,5
1376743560,35,4
1376743844,33,6
1376743846,34,5
1376744022,34,5
1376744065,35,4
1376744107,36,3
1376744702,36,3
1376744955,36,3
1376745259,36,3
1376745321,37,2
1376745516,37,2
1376745865,36,3
1376746008,35,4
1376746240,33,6
1376746305,32,7
1376746307,31,8
1376746643,30,9
1376746940,31,8
1376747036,31,8
1376747562,32,7
1376747607,33,6
1376748211,33,6
1376748815,33,6
1376749417,31,8
1376749505,32,7
1376750079,31,8
1376750103,29,10
1376750199,30,9
1376750264,31,8
1376750308,32,7
1376750365,32,7
1376750401,33,6
1376750956,34,5
1376751285,35,4
1376751311,37,2
1376751397,37,2
1376751427,38,1
1376751473,37,2
1376751764,37,2
1376751861,38,1
1376751952,38,1
1376752556,38,1
1376753160,38,1
1376753753,37,2
1376753925,33,6
1376754092,34,5
1376754182,35,4
1376754787,35,4
1376755391,35,4
1376755963,35,4
1376756016,36,3
1376756221,37,2
1376756321,38,1
1376756501,38,1
1376756561,38,1
1376757165,38,1
1376757768,38,1
1376758328,37,2
1376758479,37,2
1376758526,37,2
1376759084,38,1
1376759101,38,1
1376759706,38,1
1376760311,38,1
1376760777,38,1
1376760903,36,3
1376761165,35,4
1376761785,35,4
1376762073,35,4
1376762123,35,4
1376762208,35,4
1376762802,35,4
1376762909,35,4
1376763513,35,4
1376763631,34,5
1376764109,33,6
1376764158,33,6
1376764221,34,5
1376764825,34,5
1376765400,35,4
1376765646,35,4
1376766251,35,4
1376766797,33,6
1376766923,32,7
1376767528,32,7
1376768132,32,7
1376768737,32,7
1376769341,32,7
1376769945,32,7
1376770548,32,7
1376770627,33,6
1376770771,31,8
1376771312,31,8
1376771362,32,7
1376771397,33,6
1376771488,33,6
1376771558,35,4
1376772125,34,5
1376772729,34,5
1376773333,34,5
1376773937,34,5
1376774387,33,6
1376774390,32,7
1376774994,32,7
1376775598,32,7
1376776201,32,7
1376776805,32,7
1376777409,32,7
1376778013,32,7
1376778616,32,7
1376779220,32,7
1376779825,32,7
1376780429,32,7
1376781033,32,7
1376781637,32,7
1376782241,32,7
1376782844,32,7
1376783448,32,7
1376784052,32,7
1376784656,32,7
1376785260,32,7
1376785863,32,7
1376786467,32,7
1376787071,32,7
1376787675,32,7
1376788278,32,7
1376788882,32,7
1376789486,32,7
1376790029,32,7
1376790634,32,7
1376791237,32,7
1376791841,32,7
1376792445,32,7
1376793049,32,7
1376793653,32,7
1376794257,32,7
1376794861,32,7
1376795465,32,7
1376796068,32,7
1376796429,31,8
1376797032,31,8
1376797636,31,8
1376798240,31,8
1376798844,31,8
1376799447,31,8
1376800051,31,8
1376800655,31,8
1376801259,31,8
1376801862,31,8
1376802467,31,8
1376803071,31,8
1376803675,31,8
1376804278,31,8
1376804882,31,8
1376805486,31,8
1376806090,31,8
1376806694,31,8
1376807298,31,8
1376807863,32,7
1376808468,32,7
1376809073,32,7
1376809677,32,7
1376810280,32,7
1376810884,32,7
1376811115,31,8
1376811720,31,8
1376812149,30,9
1376812304,31,8
1376812313,32,7
1376812918,32,7
1376813359,31,8
1376813505,30,9
1376813507,29,10
1376814111,29,10
1376814216,28,11
1376814821,28,11
1376814919,27,12
1376815022,26,13
1376815439,26,13
1376815515,27,12
1376815602,29,10
1376816206,29,10
1376816860,30,9
1376817464,30,9
1376818068,30,9
1376818672,30,9
1376818840,30,9
1376818875,31,8
1376819479,31,8
1376820082,31,8
1376820343,31,8
1376820402,32,7
1376820411,33,6
1376820827,33,6
1376820834,34,5
1376821244,34,5
1376821247,35,4
1376821850,35,4
1376822454,35,4
1376822601,33,6
1376823206,33,6
1376823810,33,6
1376824415,33,6
1376825018,33,6
1376825117,32,7
1376825721,32,7
1376826267,32,7
1376826334,33,6
1376826846,34,5
1376826941,33,6
1376827545,33,6
1376827665,32,7
1376827677,29,10
1376828077,28,11
1376828681,28,11
1376828699,27,12
1376828976,27,12
1376829040,29,10
1376829333,29,10
1376829370,29,10
1376829521,28,11
1376829582,29,10
1376829702,30,9
1376829803,31,8
1376829861,31,8
1376829931,31,8
1376829968,32,7
1376830046,31,8
1376830650,31,8
1376830956,31,8
1376831319,30,9
1376831923,30,9
1376832426,31,8
1376832752,30,9
1376832882,29,10
