1376208524,32,4
1376209128,32,4
1376209731,32,4
1376210335,32,4
1376210938,32,4
1376211542,32,4
1376211817,33,3
1376212420,33,3
1376213024,33,3
1376213627,33,3
1376214231,33,3
1376214834,33,3
1376215438,33,3
1376215673,31,5
1376216276,31,5
1376216497,31,5
1376216517,33,3
1376216891,32,4
1376217494,32,4
1376217618,31,5
1376218222,31,5
1376218825,31,5
1376219429,31,5
1376219983,33,3
1376220462,32,4
1376220517,32,4
1376220549,32,4
1376220616,32,4
1376220695,32,4
1376220724,33,3
1376221328,33,3
1376221377,30,6
1376221981,30,6
1376222585,30,6
1376222895,29,7
1376223498,29,7
1376223737,30,6
1376224340,30,6
1376224438,29,7
1376224567,29,7
1376224635,30,6
1376224919,31,5
1376225324,31,5
1376225328,29,7
1376225488,28,8
1376226092,28,8
1376226695,28,8
1376227115,28,8
1376227178,30,6
1376227210,29,7
1376227814,29,7
1376228417,29,7
1376228802,29,7
1376228809,30,6
1376229189,30,6
1376229270,32,4
1376229296,30,6
1376229429,30,6
1376229521,31,5
1376229664,29,7
1376229850,29,7
1376229888,30,6
1376229991,31,5
1376230062,31,5
1376230108,31,5
1376230166,31,5
1376230195,32,4
1376230670,31,5
1376230766,29,7
1376230794,30,6
1376230859,31,5
1376231284,30,6
1376231383,30,6
1376231427,31,5
1376231480,31,5
1376231519,32,4
1376232122,32,4
1376232726,32,4
1376233024,34,2
1376233627,34,2
1376233918,33,3
1376234141,33,3
1376234744,33,3
1376235009,33,3
1376235092,33,3
1376235114,33,3
1376235263,31,5
1376235867,31,5
1376236471,31,5
1376236506,32,4
1376237134,32,4
1376237189,33,3
1376237260,33,3
1376237863,33,3
1376238467,33,3
1376238627,33,3
1376238679,33,3
1376238803,33,3
1376238836,32,4
1376238905,33,3
1376239580,33,3
1376239635,34,2
1376239731,35,1
1376240335,35,1
1376240938,35,1
1376241022,34,2
1376241626,34,2
1376242085,33,3
1376242467,34,2
1376242662,34,2
1376242670,35,1
1376242900,36,0
1376242918,35,1
1376243443,33,3
1376243464,35,1
1376244102,33,3
1376244207,33,3
1376244266,35,1
1376244869,35,1
1376245473,35,1
1376246076,35,1
1376246680,35,1
1376247284,35,1
1376247887,35,1
1376248318,33,3
1376248922,33,3
1376249172,33,3
1376249254,32,4
1376249322,32,4
1376249351,32,4
1376249409,33,3
1376249468,33,3
1376249527,33,3
1376249607,33,3
1376249632,33,3
1376249734,34,2
1376249791,34,2
1376249859,34,2
1376249906,35,1
1376250042,35,1
1376250061,35,1
1376250665,35,1
1376251268,35,1
1376251872,35,1
1376252475,35,1
1376253079,35,1
1376253488,35,1
1376254091,35,1
1376254695,35,1
1376255299,35,1
1376255902,35,1
1376256506,35,1
1376257109,35,1
1376257713,35,1
1376258316,35,1
1376258920,35,1
1376259523,35,1
1376260130,35,1
1376260734,35,1
1376261180,34,2
1376261784,34,2
1376262388,34,2
1376262992,34,2
1376263595,34,2
1376263767,33,3
1376264370,33,3
1376264497,33,3
1376264779,33,3
1376264846,33,3
1376264879,34,2
1376264963,34,2
1376265567,34,2
1376266170,34,2
1376266774,34,2
1376267377,34,2
1376267981,34,2
1376268584,34,2
1376269188,34,2
1376269791,34,2
1376270395,34,2
1376270999,34,2
1376271602,34,2
1376272294,34,2
1376272897,34,2
1376273501,34,2
1376274105,34,2
1376274708,34,2
1376275312,34,2
1376275915,34,2
1376276519,34,2
1376277122,34,2
1376277726,34,2
1376278329,34,2
1376278933,34,2
1376279536,34,2
1376280140,34,2
1376280743,34,2
1376281347,34,2
1376281950,34,2
1376282554,34,2
1376283002,35,1
1376283605,35,1
1376284209,35,1
1376284812,35,1
1376285435,31,5
1376285469,29,7
1376285678,29,7
1376285709,30,6
1376285851,29,7
1376285898,29,6
1376285939,30,5
1376286543,30,5
1376287146,30,5
1376287760,29,6
1376288159,28,7
1376288762,28,7
1376289366,28,7
1376289638,28,7
1376289761,29,6
1376289786,30,5
1376289858,29,6
1376289908,29,6
1376289973,28,7
1376290090,26,9
1376290223,27,8
1376290278,26,9
1376290321,25,10
1376290723,25,10
1376290725,24,11
1376291050,23,12
1376291287,22,13
1376291380,21,14
1376291621,21,14
1376291629,22,13
1376291709,21,14
1376291802,19,16
1376292026,18,17
1376292574,17,18
1376292883,16,19
1376292886,17,18
1376293489,17,18
1376294093,17,18
1376294199,16,19
1376294585,15,20
1376294748,14,21
1376294818,15,20
1376295150,13,22
1376295753,13,22
1376295776,12,23
1376296380,12,23
1376296642,12,23
1376297019,13,22
1376297055,13,22
1376297659,13,22
1376298081,11,24
1376298235,12,23
1376298838,12,23
1376298898,13,22
1376299502,13,22
1376300105,13,22
1376300709,13,22
1376301312,13,22
1376301822,12,23
1376301829,11,24
1376302361,11,24
1376302368,12,23
1376302472,13,22
1376303075,13,22
1376303355,12,23
1376303683,13,22
1376304287,13,22
1376304464,13,22
1376304466,12,23
1376305070,12,23
1376305724,12,23
1376305930,10,25
1376306533,10,25
1376307137,10,25
1376307740,10,25
1376308344,10,25
1376308947,10,25
1376309558,10,25
1376309567,11,24
1376310017,12,23
1376310182,13,22
1376310786,13,22
1376311280,12,23
1376311361,12,23
1376311448,12,23
1376311524,11,24
1376312127,11,24
1376312731,11,24
1376313335,11,24
1376313578,8,27
1376313926,7,28
1376313994,7,28
1376314063,7,28
1376314120,8,27
1376314200,7,28
1376314527,5,30
1376314566,5,30
1376314843,6,29
1376314884,7,28
1376314958,6,29
1376315138,6,29
1376315196,7,28
1376315221,8,27
1376315825,8,27
1376316428,8,27
1376317047,9,26
1376317650,9,26
1376318254,9,26
1376318367,9,26
1376318499,9,26
1376318551,10,25
1376318610,11,24
1376318633,12,23
1376319104,13,22
1376319152,14,21
1376319200,13,22
1376319804,13,22
1376319942,13,22
1376319954,14,21
1376320210,15,20
1376320761,16,19
1376320962,15,20
1376321016,15,20
1376321072,15,20
1376321106,16,19
1376321319,17,18
1376321695,18,17
1376321788,19,16
1376321825,18,17
1376321976,19,16
1376322017,19,16
1376322101,20,15
1376322115,20,15
1376322204,20,15
1376322279,20,15
1376322729,21,14
1376322926,23,12
1376323033,24,11
1376323169,25,10
1376323217,26,9
1376323260,27,8
1376323402,26,9
1376323515,27,8
1376323578,29,6
1376323662,30,5
1376323770,31,4
1376324129,32,3
1376324168,32,3
1376324227,32,3
1376324377,31,4
1376324854,32,3
1376325284,31,4
1376325293,32,3
1376325644,32,3
1376325679,35,0
1376326263,34,1
1376326867,34,1
1376326919,33,2
1376327195,34,1
1376327341,33,2
1376327944,33,2
1376328162,34,1
1376328267,33,2
1376328555,34,1
1376328621,35,0
1376329225,35,0
1376329828,35,0
1376330431,35,0
1376331035,35,0
1376331626,34,1
1376332217,35,0
1376332820,35,0
1376333424,35,0
1376333748,34,1
1376333860,34,1
1376333893,32,3
1376334496,32,3
1376335099,32,3
1376335703,32,3
1376336034,32,3
1376336128,33,2
1376336199,33,2
1376336230,34,1
1376336743,34,1
1376336754,35,0
1376337357,35,0
1376337821,34,1
1376337836,33,2
1376338440,33,2
1376339043,33,2
1376339647,33,2
1376340042,32,3
1376340645,32,3
1376341249,32,3
1376341853,33,2
1376342457,33,2
1376343060,33,2
1376343664,33,2
1376344026,34,1
1376344219,34,1
1376344362,34,1
1376344966,34,1
1376345570,34,1
1376346173,34,1
1376346777,34,1
1376347006,33,2
1376347610,33,2
1376348214,33,2
1376348817,33,2
1376349421,33,2
1376350024,33,2
1376350628,33,2
1376351231,33,2
1376351835,33,2
1376352438,33,2
1376353042,33,2
1376353645,33,2
1376354249,33,2
1376354852,33,2
1376355456,33,2
1376356060,33,2
1376356663,33,2
1376357267,33,2
1376357870,33,2
1376358474,33,2
1376358691,33,2
1376359294,33,2
1376359898,33,2
1376360501,33,2
1376361105,33,2
1376361708,33,2
1376362312,33,2
1376362915,33,2
1376363519,33,2
1376364122,33,2
1376364726,33,2
1376365329,33,2
1376365933,33,2
1376366537,33,2
1376367140,33,2
1376367744,33,2
1376368347,33,2
1376368951,33,2
1376369554,33,2
1376370158,33,2
1376370761,33,2
1376371365,33,2
1376371968,33,2
1376372481,32,3
1376373084,32,3
1376373131,31,4
1376373735,31,4
1376374339,31,4
1376374542,30,5
1376375146,30,5
1376375749,30,5
1376376000,31,4
1376376277,30,5
1376376443,31,4
1376376800,30,5
1376376983,29,6
1376377060,27,8
1376377097,26,9
1376377683,25,10
1376377755,24,11
1376377921,23,12
1376378018,21,14
1376378075,19,16
1376378232,18,17
1376378393,17,18
1376378958,16,19
1376379199,15,20
1376379249,14,21
1376379341,12,23
1376379389,12,23
1376379736,11,24
1376379870,12,23
1376380098,9,26
1376380180,8,27
1376380210,7,28
1376380435,6,29
1376380566,5,30
1376380679,5,30
1376380782,5,30
1376380843,6,30
1376380869,6,30
1376381070,6,30
1376381100,5,31
1376381704,5,31
1376382307,5,31
1376382911,5,31
1376383121,5,31
1376383196,6,30
1376383357,7,29
1376383961,7,29
1376384564,7,29
1376385168,7,29
1376385771,7,29
1376386375,7,29
1376386491,6,30
1376387023,6,30
1376387025,5,31
1376387629,5,31
1376388232,5,31
1376388343,4,32
1376388383,3,33
1376388986,3,33
1376389590,3,33
1376390075,2,34
1376390678,2,34
1376391282,2,34
1376391886,2,34
1376392139,1,35
1376392515,0,36
1376392594,1,35
1376392697,1,35
1376392974,2,34
1376393578,2,34
1376393681,2,34
1376393684,3,33
1376394292,4,32
1376394361,4,32
1376394566,4,32
1376394592,4,32
1376394690,5,31
1376394892,5,31
1376395049,5,31
1376395102,6,30
1376395267,6,30
1376395310,7,29
1376395542,8,28
1376395582,9,27
1376395651,8,28
1376395819,9,27
1376396423,9,27
1376396919,10,26
1376397523,10,26
1376398127,10,26
1376398730,10,26
1376399334,10,26
1376399937,10,26
1376399991,8,28
1376400052,8,28
1376400292,8,28
1376400384,9,27
1376400432,9,27
1376400469,10,26
1376401072,10,26
1376401676,10,26
1376402279,10,26
1376402545,9,27
1376402576,9,27
1376402655,9,27
1376402724,10,26
1376403123,8,28
1376403398,9,27
1376403444,10,26
1376403758,12,24
1376403805,12,24
1376403940,12,24
1376403979,13,23
1376404183,13,23
1376404194,14,22
1376404651,15,21
1376404700,16,20
1376405303,16,20
1376405907,16,20
1376405958,15,21
1376406224,16,20
1376406745,18,18
1376407272,19,17
1376407902,19,17
1376407904,19,17
1376408035,20,16
1376408193,20,16
1376408263,20,16
1376408310,22,14
1376408581,23,13
1376408683,22,14
1376408686,23,13
1376409149,22,14
1376409283,23,13
1376409360,24,12
1376409467,23,13
1376409602,24,12
1376409754,25,11
1376409811,24,12
1376410105,23,13
1376410350,23,13
1376410376,24,12
1376410443,25,11
1376410835,23,13
1376411078,23,13
1376411088,24,12
1376411246,25,11
1376411277,24,12
1376411525,25,11
1376411651,27,9
1376411834,28,8
1376412246,29,7
1376412514,30,6
1376412874,32,4
1376412920,32,4
1376412989,32,4
1376413050,32,4
1376413117,32,4
1376413559,33,3
1376413791,32,4
1376414013,33,3
1376414142,34,2
1376414294,35,1
1376414878,34,2
1376415145,35,1
1376415185,34,2
1376415789,34,2
1376416393,34,2
1376416620,35,1
1376416760,35,1
1376417364,35,1
1376417967,35,1
1376418211,36,0
1376418815,36,0
1376419418,36,0
1376420022,36,0
1376420625,36,0
1376421229,36,0
1376421833,36,0
1376422436,36,0
1376423040,36,0
1376423643,36,0
1376424247,36,0
1376424850,36,0
1376425453,36,0
1376426057,36,0
1376426660,36,0
1376427264,36,0
1376427867,36,0
1376428471,36,0
1376429074,36,0
1376429678,36,0
1376430282,36,0
1376430885,36,0
1376431488,36,0
1376432092,36,0
1376432695,36,0
1376433115,35,1
1376433718,35,1
1376434321,35,1
1376434925,35,1
1376435202,34,2
1376435806,34,2
1376436409,34,2
1376436959,35,1
1376437562,35,1
1376438166,35,1
1376438769,35,1
1376439373,35,1
1376439976,35,1
1376440580,35,1
1376441183,35,1
1376441787,35,1
1376441943,35,1
1376442546,35,1
1376443150,35,1
1376443753,35,1
1376444357,35,1
1376445094,35,1
1376445698,35,1
1376446301,35,1
1376446905,35,1
1376447508,35,1
1376448112,35,1
1376448715,35,1
1376449319,35,1
1376449945,34,2
1376450015,34,2
1376450066,34,2
1376450110,35,1
1376450713,35,1
1376451344,34,2
1376451947,34,2
1376452551,34,2
1376453154,34,2
1376453758,34,2
1376454361,34,2
1376454965,34,2
1376455568,34,2
1376456172,34,2
1376456480,34,2
1376456547,34,2
1376456575,35,1
1376457179,35,1
1376457782,35,1
1376458386,35,1
1376458989,35,1
1376459498,35,1
1376459596,35,1
1376460199,35,1
1376460803,35,1
1376461406,35,1
1376461575,36,0
1376462178,36,0
1376462714,35,1
1376462836,36,0
1376463201,35,1
1376463310,34,2
1376463418,35,1
1376463513,34,2
1376463530,33,3
1376463848,32,4
1376463930,31,5
1376464025,30,6
1376464167,29,7
1376464531,28,8
1376465135,28,8
1376465634,26,10
1376466199,25,11
1376466376,24,12
1376466575,21,15
1376466588,20,16
1376466702,20,16
1376466729,18,18
1376466972,19,17
1376467544,19,17
1376467551,20,16
1376467677,21,15
1376468099,20,16
1376468656,19,17
1376468697,18,18
1376468945,18,18
1376469103,18,18
1376469315,17,19
1376469919,17,19
1376470522,17,19
1376471126,17,19
1376471729,17,19
1376472333,17,19
1376472937,17,19
1376473540,17,19
1376473656,17,19
1376473689,18,18
1376473947,18,18
1376473977,19,17
1376474394,20,16
1376474902,21,15
1376475505,21,15
1376475695,20,16
1376475760,20,16
1376475817,21,15
1376476420,21,15
1376476843,20,16
1376477446,20,16
1376478050,20,16
1376478653,20,16
1376479256,20,16
1376479441,21,15
1376480045,21,15
1376480275,19,17
1376480879,19,17
1376481482,19,17
1376482103,17,19
1376482183,17,19
1376482241,16,20
1376482260,18,18
1376482863,18,18
1376483467,18,18
1376483907,17,19
1376483961,17,19
1376484038,18,18
1376484642,18,18
1376484869,18,18
1376484931,18,18
1376484969,19,17
1376485119,20,16
1376485722,20,16
1376486321,19,17
1376486587,20,16
1376487190,20,16
1376487793,20,16
1376488397,20,16
1376489000,20,16
1376489604,20,16
1376490208,20,16
1376490811,20,16
1376491002,19,17
1376491063,19,17
1376491065,20,16
1376491669,20,16
1376492042,19,17
1376492677,20,16
1376492867,19,17
1376493194,19,17
1376493342,20,16
1376493640,19,17
1376493650,20,16
1376494254,20,16
1376494856,21,15
1376494976,21,14
1376495044,21,15
1376495188,22,14
1376495665,22,14
1376495713,23,13
1376495819,24,12
1376496040,24,12
1376496048,25,11
1376496126,26,10
1376496641,26,10
1376496644,27,9
1376496877,28,8
1376497481,28,8
1376497539,29,7
1376497732,28,8
1376498080,29,7
1376498141,30,6
1376498151,31,5
1376498439,31,5
1376498449,32,4
1376498560,33,3
1376498946,33,3
1376499136,34,2
1376499740,34,2
1376499872,35,1
1376500424,35,1
1376500434,36,0
1376501038,36,0
1376501641,36,0
1376502245,36,0
1376502848,36,0
1376503452,36,0
1376503680,35,1
1376504283,35,1
1376504887,35,1
1376505490,35,1
1376506094,35,1
1376506660,36,0
1376507264,36,0
1376507868,36,0
1376508471,36,0
1376509075,36,0
1376509678,36,0
1376510282,36,0
1376510885,36,0
1376511489,36,0
1376512141,36,0
1376512270,36,0
1376512874,36,0
1376513478,36,0
1376514081,36,0
1376514573,35,1
1376514634,35,1
1376514689,35,1
1376514754,36,0
1376515358,36,0
1376515961,36,0
1376516565,36,0
1376517168,36,0
1376517772,36,0
1376518375,36,0
1376518979,36,0
1376519582,36,0
1376520186,36,0
1376520789,36,0
1376521393,36,0
1376521996,36,0
1376522581,35,1
1376523185,35,1
1376523789,35,1
1376523861,34,2
1376524465,34,2
1376525069,34,2
1376525672,34,2
1376525918,35,1
1376526522,35,1
1376527125,35,1
1376527729,35,1
1376528332,35,1
1376528936,35,1
1376529540,35,1
1376530143,35,1
1376530747,35,1
1376531495,35,1
1376532098,35,1
1376532702,35,1
1376533306,35,1
1376533910,35,1
1376534514,35,1
1376535117,35,1
1376535403,35,1
1376535405,36,0
1376536008,36,0
1376536612,36,0
1376537215,36,0
1376537819,36,0
1376538422,36,0
1376539025,36,0
1376539629,36,0
1376540233,36,0
1376540836,36,0
1376541440,36,0
1376542043,36,0
1376542647,36,0
1376543251,36,0
1376543854,36,0
1376544458,36,0
1376545061,36,0
1376545666,36,0
1376546269,36,0
1376546873,36,0
1376547476,36,0
1376548080,36,0
1376548683,36,0
1376549287,36,0
1376549890,36,0
1376550494,36,0
1376551098,36,0
1376551702,36,0
1376552055,35,1
1376552105,36,0
1376552709,36,0
1376553312,36,0
1376553916,36,0
1376554519,36,0
1376554854,35,1
1376555038,33,3
1376555143,33,3
1376555202,34,2
1376555204,35,1
1376555808,35,1
1376556411,35,1
1376557015,35,1
1376557091,35,1
1376557695,35,1
1376558298,35,1
1376558902,35,1
1376559506,35,1
1376560109,35,1
1376560712,34,2
1376560780,34,2
1376560787,35,1
1376561391,35,1
1376561839,34,2
1376562443,34,2
1376563046,34,2
1376563454,33,3
1376563488,33,3
1376563961,32,4
1376564061,32,4
1376564126,32,4
1376564157,32,4
1376564302,32,4
1376564374,32,4
1376564386,32,4
1376564801,32,4
1376564857,32,4
1376564963,33,3
1376564992,33,3
1376565579,34,2
1376565701,34,2
1376565708,32,4
1376565991,32,4
1376566595,32,4
1376566698,31,5
1376566759,31,5
1376566797,30,6
1376567330,29,7
1376567934,29,7
1376568251,30,6
1376568855,30,6
1376569242,29,7
1376569408,28,8
1376569429,27,9
1376570032,27,9
1376570636,27,9
1376571021,26,10
1376571150,25,11
1376571451,24,12
1376571503,24,12
1376571564,25,11
1376572063,24,12
1376572111,22,14
1376572302,23,13
1376572338,24,12
1376572518,23,13
1376572714,24,12
1376572837,23,13
1376572854,20,16
1376573458,20,16
1376573847,20,16
1376573907,22,14
1376573962,23,13
1376574031,26,10
1376574635,26,10
1376574684,25,11
1376575213,25,11
1376575289,27,9
1376575722,27,9
1376575724,26,10
1376576328,26,10
1376576739,24,12
1376576792,23,13
1376576856,23,13
1376576904,25,11
1376577004,25,11
1376577071,26,10
1376577702,26,10
1376577821,25,11
1376578230,24,12
1376578477,24,12
1376578497,24,12
1376578546,24,12
1376579160,25,11
1376579764,25,11
1376580190,25,11
1376580239,25,11
1376580843,25,11
1376581446,25,11
1376581533,25,11
1376581655,25,11
1376581711,25,11
1376581765,25,11
1376581841,25,11
1376581856,24,12
1376581934,25,11
1376581983,26,10
1376582066,27,9
1376582670,27,9
1376583244,26,10
1376583390,26,10
1376583455,28,8
1376583523,28,8
1376583583,27,9
1376583586,28,8
1376583762,29,7
1376583820,30,6
1376584003,30,6
1376584061,31,5
1376584102,32,4
1376584182,31,4
1376584211,32,4
1376584253,32,4
1376584856,32,4
1376585195,31,5
1376585676,32,4
1376586097,32,4
1376586107,33,3
1376586205,32,4
1376586294,31,5
1376586897,31,5
1376586982,30,6
1376587117,31,5
1376587517,30,6
1376587642,29,7
1376587818,27,9
1376587903,26,10
1376587959,22,14
1376587987,19,17
1376588143,19,17
1376588163,21,15
1376588334,22,14
1376588458,22,14
1376588552,23,13
1376588576,24,12
1376588794,23,13
1376588827,23,13
1376588962,24,12
1376589461,26,10
1376590065,26,10
1376590668,26,10
1376591272,26,10
1376591875,26,10
1376592479,26,10
1376593083,26,10
1376593686,26,10
1376594290,26,10
1376594553,26,10
1376594706,26,10
1376594764,27,9
1376594832,26,10
1376594967,26,10
1376595356,25,11
1376595959,25,11
1376596062,24,12
1376596064,25,11
1376596668,25,11
1376597163,27,9
1376597532,26,10
1376597616,26,10
1376597650,27,9
1376598254,27,9
1376598785,28,8
1376598873,27,9
1376598969,27,9
1376599038,28,8
1376599642,28,8
1376600245,28,8
1376600312,27,9
1376600417,27,9
1376600502,27,9
1376600504,28,8
1376601108,28,8
1376601711,28,8
1376602183,27,9
1376602192,27,9
1376602796,27,9
1376603399,27,9
1376604003,27,9
1376604359,28,8
1376604723,27,9
1376605326,27,9
1376605386,28,8
1376605990,28,8
1376606625,28,8
1376607228,28,8
1376607832,28,8
1376608435,28,8
1376609039,28,8
1376609642,28,8
1376610246,28,8
1376610849,28,8
1376611453,28,8
1376612057,28,8
1376612660,28,8
1376613264,28,8
1376613867,28,8
1376614122,28,8
1376614124,27,9
1376614728,27,9
1376615331,27,9
1376615935,27,9
1376616539,27,9
1376617142,27,9
1376617896,27,9
1376618499,27,9
1376619103,27,9
1376619706,27,9
1376620310,27,9
1376620914,27,9
1376621517,27,9
1376622121,27,9
1376622724,27,9
1376623328,27,9
1376623931,27,9
1376624535,27,9
1376625138,27,9
1376625742,27,9
1376626346,27,9
1376626949,27,9
1376627553,27,9
1376628156,27,9
1376628760,27,9
1376629363,27,9
1376629967,27,9
1376630570,27,9
1376631174,27,9
1376631778,27,9
1376632381,27,9
1376632984,27,9
1376633588,27,9
1376634058,26,10
1376634662,26,10
1376634791,25,11
1376635395,25,11
1376635650,24,12
1376636077,23,13
1376636302,22,14
1376636560,21,15
1376637164,21,15
1376637254,20,16
1376637483,19,17
1376637883,18,17
1376637935,18,18
1376638007,17,19
1376638244,16,20
1376638441,15,21
1376638532,16,20
1376638721,15,21
1376638902,12,24
1376639505,12,24
1376639590,11,25
1376640131,12,24
1376640735,12,24
1376640796,13,23
1376641208,14,22
1376641663,13,23
1376641671,14,22
1376642275,14,22
1376642878,14,22
1376643265,13,23
1376643421,13,23
1376644025,13,23
1376644513,12,24
1376644887,12,24
1376644944,13,23
1376645520,14,22
1376646123,14,22
1376646727,14,22
1376647331,14,22
1376647934,14,22
1376648090,14,22
1376648198,13,23
1376648259,13,23
1376648401,13,23
1376648498,13,23
1376648528,14,22
1376648623,14,22
1376648915,14,22
1376649006,15,21
1376649609,15,21
1376650100,14,22
1376650704,14,22
1376650996,15,21
1376651600,15,21
1376651731,16,20
1376651793,17,19
1376651871,17,19
1376651980,17,19
1376651989,18,18
1376652088,19,17
1376652692,19,17
1376653295,19,17
1376653806,20,16
1376654320,20,16
1376654923,20,16
1376655527,20,16
1376656130,20,16
1376656734,20,16
1376657337,20,16
1376657491,19,17
1376657561,19,17
1376657622,19,16
1376657642,20,16
1376657760,21,15
1376658218,20,16
1376658409,19,17
1376659012,19,17
1376659616,19,17
1376660074,17,19
1376660091,17,19
1376660147,17,19
1376660382,17,19
1376660436,16,20
1376660520,16,20
1376660653,16,20
1376660905,15,21
1376660977,16,20
1376661037,18,18
1376661641,18,18
1376661988,18,18
1376662124,18,18
1376662126,19,17
1376662578,20,16
1376663182,20,16
1376663371,19,17
1376663491,19,17
1376663530,20,16
1376663855,19,17
1376663906,19,17
1376663983,20,16
1376664301,21,15
1376664905,21,15
1376665117,21,15
1376665147,22,14
1376665543,23,13
1376665591,23,13
1376665650,24,12
1376665712,25,11
1376665984,26,10
1376666547,26,10
1376666623,25,11
1376666625,26,10
1376667245,27,9
1376667747,27,9
1376667783,27,9
1376667881,28,8
1376667944,28,8
1376667952,29,7
1376668032,30,6
1376668288,28,8
1376668352,28,8
1376668478,29,7
1376668542,30,6
1376668549,31,5
1376669017,34,2
1376669249,33,3
1376669297,34,2
1376669371,34,2
1376669441,34,2
1376669451,34,2
1376669564,34,2
1376669615,35,1
1376669863,35,1
1376669866,36,0
1376669944,35,1
1376670419,34,2
1376670576,35,1
1376671179,35,1
1376671658,35,1
1376672262,35,1
1376672466,36,0
1376673069,36,0
1376673673,36,0
1376674276,36,0
1376674748,35,1
1376675352,35,1
1376675444,34,2
1376675503,29,7
1376675553,27,9
1376675570,26,10
1376676174,26,10
1376676778,26,10
1376677147,27,9
1376677751,27,9
1376678275,26,10
1376678682,24,12
1376678901,24,12
1376678966,26,10
1376679569,26,10
1376680173,26,10
1376680601,27,9
1376681204,27,9
1376681808,27,9
1376682412,27,9
1376683015,27,9
1376683119,27,8
1376683135,28,8
1376683739,28,8
1376684343,28,8
1376684946,28,8
1376685550,28,8
1376686153,28,8
1376686757,28,8
1376687360,28,8
1376687963,28,8
1376688567,28,8
1376688692,28,8
1376688725,29,7
1376689329,29,7
1376689933,29,7
1376690536,29,7
1376690623,29,7
1376690682,30,6
1376691286,30,6
1376691892,29,7
1376692496,29,7
1376693100,29,7
1376693364,28,8
1376693967,28,8
1376694571,28,8
1376695174,28,8
1376695778,28,8
1376696161,29,7
1376696764,29,7
1376697368,29,7
1376697971,29,7
1376698088,28,8
1376698692,28,8
1376698726,28,8
1376698840,29,7
1376699444,29,7
1376700048,29,7
1376700651,29,7
1376701255,29,7
1376701858,29,7
1376702462,29,7
1376703065,29,7
1376703669,29,7
1376704291,29,7
1376704379,29,7
1376704983,29,7
1376705586,29,7
1376706190,29,7
1376706793,29,7
1376707397,29,7
1376708000,29,7
1376708604,29,7
1376709207,29,7
1376709811,29,7
1376710415,29,7
1376711018,29,7
1376711493,27,9
1376712096,27,9
1376712700,27,9
1376713303,27,9
1376713907,27,9
1376714510,27,9
1376715114,27,9
1376715717,27,9
1376716321,27,9
1376716924,27,9
1376717528,27,9
1376718131,27,9
1376718735,27,9
1376719338,27,9
1376719943,27,9
1376720546,27,9
1376721150,27,9
1376721754,27,9
1376722357,27,9
1376722961,27,9
1376723564,27,9
1376724168,27,9
1376724745,26,10
1376725349,26,10
1376725953,26,10
1376726556,26,10
1376727160,26,10
1376727336,27,9
1376727940,27,9
1376728543,27,9
1376728640,28,8
1376728944,27,9
1376728968,27,9
1376729062,28,8
1376729665,28,8
1376730269,28,8
1376730873,28,8
1376730905,27,9
1376730992,27,9
1376731120,27,9
1376731243,26,10
1376731303,25,11
1376731419,26,10
1376731521,26,10
1376731584,27,9
1376731773,27,9
1376731815,28,8
1376731952,29,7
1376732241,29,7
1376732272,30,6
1376732875,30,6
1376732978,29,7
1376733374,29,7
1376733503,30,6
1376734106,30,6
1376734710,30,6
1376735314,30,6
1376735537,29,7
1376735922,27,9
1376735994,28,8
1376736216,29,7
1376736237,28,8
1376736339,29,7
1376736349,29,7
1376736499,30,6
1376737103,30,6
1376737706,30,6
1376737769,30,6
1376737789,30,6
1376737897,30,6
1376738018,30,6
1376738230,29,7
1376738296,29,7
1376738364,28,8
1376738439,28,8
1376738501,28,8
1376739105,28,8
1376739137,27,9
1376739559,28,8
1376740163,28,8
1376740416,26,10
1376740482,26,10
1376740520,24,12
1376740605,25,11
1376740612,26,10
1376740724,26,10
1376740777,27,9
1376740824,27,9
1376740888,28,8
1376741288,28,8
1376741334,29,7
1376741972,27,9
1376742034,27,9
1376742101,27,9
1376742136,28,8
1376742205,29,7
1376742623,27,9
1376743227,27,9
1376743385,26,10
1376743542,27,9
1376744023,26,10
1376744041,23,13
1376744645,23,13
1376744792,23,13
1376744873,26,10
1376744985,25,11
1376744999,24,12
1376745406,22,13
1376745415,22,14
1376745831,21,15
1376746002,20,16
1376746065,21,15
1376746090,22,14
1376746694,22,14
1376747040,21,15
1376747113,21,15
1376747160,21,15
1376747280,22,14
1376747371,23,13
1376747423,24,12
1376747598,22,14
1376747658,22,14
1376747721,22,14
1376747788,22,14
1376747820,23,13
1376748002,22,14
1376748085,20,16
1376748322,20,16
1376748392,20,16
1376748511,21,15
1376748574,20,16
1376748640,21,15
1376748701,22,14
1376748781,22,14
1376748847,25,11
1376749061,23,13
1376749665,23,13
1376749843,24,12
1376749871,25,11
1376750475,25,11
1376750552,26,10
1376751156,26,10
1376751759,26,10
1376752409,26,10
1376752456,27,9
1376752598,28,7
1376753202,28,8
1376753622,28,8
1376753677,29,7
1376753710,29,6
1376753764,30,5
1376754328,30,5
1376754393,31,4
1376754996,31,5
1376755077,31,5
1376755725,31,5
1376755733,33,3
1376755939,30,6
1376756084,32,4
1376756205,33,3
1376756207,34,2
1376756413,34,2
1376756598,35,1
1376756699,36,0
1376757311,34,2
1376757884,33,3
1376758180,33,3
1376758783,32,4
1376758909,32,4
1376759513,32,4
1376760116,32,4
1376760720,32,4
1376761324,32,4
1376761927,32,4
1376762602,31,5
1376763205,31,5
1376763700,31,5
1376763839,32,4
1376764443,32,4
1376764774,31,5
1376765378,31,5
1376765982,31,5
1376766585,31,5
1376767189,31,5
1376767792,31,5
1376768396,31,5
1376768622,31,5
1376768635,31,5
1376768786,30,6
1376769390,30,6
1376769994,30,6
1376770200,29,7
1376770804,29,7
1376771373,30,6
1376771977,30,6
1376772580,30,6
1376772894,30,6
1376772996,31,5
1376773074,31,5
1376773654,32,4
1376774258,32,4
1376774861,32,4
1376775465,32,4
1376775741,31,5
1376776344,31,5
1376776948,31,5
1376777064,31,5
1376777122,32,4
1376777159,33,3
1376777763,33,3
1376778367,33,3
1376778970,33,3
1376779582,34,2
1376780186,34,2
1376780789,34,2
1376781393,34,2
1376781996,34,2
1376782600,34,2
1376783203,34,2
1376783807,34,2
1376784410,34,2
1376785015,34,2
1376785354,34,2
1376785957,34,2
1376786204,33,3
1376786807,33,3
1376787411,33,3
1376788014,33,3
1376788656,32,4
1376789260,32,4
1376789864,32,4
1376790468,32,4
1376790694,32,4
1376791297,32,4
1376791901,32,4
1376792504,32,4
1376793108,32,4
1376793711,32,4
1376794315,32,4
1376794918,32,4
1376795522,32,4
1376796125,32,4
1376796729,32,4
1376797332,32,4
1376797936,32,4
1376798539,32,4
1376799143,32,4
1376799746,32,4
1376800350,32,4
1376800953,32,4
1376801557,32,4
1376802161,32,4
1376802764,32,4
1376803368,32,4
1376803971,32,4
1376804575,32,4
1376805178,32,4
1376805782,32,4
1376806385,32,4
1376806989,32,4
1376807373,31,5
1376807461,31,5
1376807545,32,4
1376808165,32,4
1376808170,32,4
1376808774,32,4
1376809378,32,4
1376809981,32,4
1376810561,31,5
1376810971,32,4
1376811575,32,4
1376812174,31,5
1376812698,32,4
1376813301,32,4
1376813905,32,4
1376814195,30,6
1376814345,31,5
1376814361,32,4
1376814965,32,4
1376815393,33,3
1376815512,32,4
1376816115,32,4
1376816719,32,4
1376817322,32,4
1376817455,33,3
1376817997,33,3
1376818093,33,3
1376818218,33,3
1376818809,34,2
1376819231,35,1
1376819836,35,1
1376820322,36,0
1376820925,36,0
1376821529,36,0
1376822133,36,0
1376822736,36,0
1376823340,36,0
1376823943,36,0
1376824547,36,0
1376825150,36,0
1376825754,36,0
1376826357,36,0
1376826961,36,0
1376827565,36,0
1376828168,36,0
1376828771,36,0
1376829375,36,0
1376829978,36,0
1376830582,36,0
1376831186,36,0
1376831524,34,2
1376832127,34,2
1376832731,34,2
