1376208289,8,8
1376208893,8,8
1376209496,8,8
1376210100,8,8
1376210703,8,8
1376210790,8,8
1376210864,10,6
1376210888,11,5
1376211491,11,5
1376212695,11,5
1376213299,11,5
1376213903,11,5
1376214148,10,6
1376214256,11,5
1376214859,11,5
1376216013,10,6
1376216616,10,6
1376217220,10,6
1376217825,10,6
1376218353,11,5
1376218418,12,4
1376219022,12,4
1376219626,12,4
1376219773,12,4
1376219825,14,2
1376220429,14,2
1376221032,14,2
1376221636,14,2
1376222240,14,2
1376222843,14,2
1376223201,12,4
1376223805,12,4
1376224408,12,4
1376225012,12,4
1376225592,11,5
1376225672,10,6
1376225731,10,6
1376225779,11,5
1376225811,12,4
1376226023,13,3
1376226091,14,2
1376226694,14,2
1376227298,14,2
1376227332,13,3
1376227936,13,3
1376228539,13,3
1376229128,12,4
1376229582,12,4
1376229630,12,4
1376229755,12,4
1376230359,12,4
1376230963,12,4
1376231260,13,3
1376231864,13,3
1376231919,12,4
1376232030,13,3
1376232634,13,3
1376233237,13,3
1376233579,13,3
1376233663,13,3
1376233734,13,3
1376233804,13,3
1376234408,13,3
1376235012,13,3
1376235615,13,3
1376236219,13,3
1376236822,13,3
1376237426,13,3
1376238029,13,3
1376238633,13,3
1376239236,13,3
1376239840,13,3
1376240443,13,3
1376241047,13,3
1376241652,11,5
1376242255,11,5
1376242859,11,5
1376244133,13,3
1376244341,13,3
1376244367,14,2
1376245013,14,2
1376245617,14,2
1376246221,14,2
1376246839,14,2
1376247443,14,2
1376248047,14,2
1376248650,14,2
1376249253,14,2
1376249857,14,2
1376250460,14,2
1376251064,14,2
1376251586,13,3
1376252190,13,3
1376252793,13,3
1376253397,13,3
1376254001,13,3
1376254604,13,3
1376255209,13,3
1376255812,13,3
1376256416,13,3
1376256582,13,3
1376256589,14,2
1376256941,13,3
1376257544,13,3
1376258148,13,3
1376258751,13,3
1376259355,13,3
1376259449,12,4
1376260052,12,4
1376260656,12,4
1376261260,12,4
1376261864,12,4
1376262467,12,4
1376263071,12,4
1376263675,12,4
1376264278,12,4
1376264882,12,4
1376265486,12,4
1376266089,12,4
1376266693,12,4
1376267296,12,4
1376267900,12,4
1376268504,12,4
1376269107,12,4
1376269711,12,4
1376270314,12,4
1376270918,12,4
1376271521,12,4
1376272213,12,4
1376272258,12,4
1376272578,12,4
1376273182,12,4
1376273785,12,4
1376274389,12,4
1376274993,12,4
1376275597,12,4
1376276200,12,4
1376276804,12,4
1376277408,12,4
1376277574,12,4
1376277618,13,3
1376278222,13,3
1376278826,13,3
1376279430,13,3
1376280033,13,3
1376280637,13,3
1376281241,13,3
1376281844,13,3
1376282448,13,3
1376283051,13,3
1376283655,13,3
1376284258,13,3
1376284748,13,3
1376284792,14,2
1376285396,14,2
1376286701,14,2
1376286707,14,2
1376287900,14,2
1376287905,14,2
1376288144,15,1
1376288747,15,1
1376289351,15,1
1376289955,15,1
1376290558,15,1
1376291161,15,1
1376291765,15,1
1376292369,15,1
1376292565,14,2
1376293169,14,2
1376293772,14,2
1376294375,14,2
1376294979,14,2
1376295583,14,2
1376296187,14,2
1376296790,14,2
1376297308,13,3
1376297912,13,3
1376298515,13,3
1376299120,13,3
1376299724,13,3
1376300329,13,3
1376300934,13,3
1376301537,13,3
1376302142,13,3
1376302745,13,3
1376303349,13,3
1376303953,13,3
1376304556,13,3
1376305160,13,3
1376305764,13,3
1376306367,13,3
1376306970,13,3
1376307574,13,3
1376308177,13,3
1376308781,13,3
1376309384,13,3
1376309988,13,3
1376310593,13,3
1376311197,13,3
1376311800,13,3
1376312404,13,3
1376312953,12,4
1376313558,12,4
1376314162,12,4
1376314623,13,3
1376315227,13,3
1376315621,13,3
1376315630,14,2
1376316234,14,2
1376316838,14,2
1376317404,13,3
1376318008,13,3
1376318611,13,3
1376319215,13,3
1376319818,13,3
1376320422,13,3
1376321025,13,3
1376321629,13,3
1376322232,13,3
1376322836,13,3
1376323439,13,3
1376324044,13,3
1376324498,12,4
1376325102,12,4
1376325448,11,5
1376326052,11,5
1376326655,11,5
1376327183,12,4
1376327712,11,5
1376327789,11,5
1376327823,11,5
1376327925,11,5
1376328009,10,6
1376328310,11,5
1376328932,9,7
1376329079,10,6
1376329164,11,5
1376329768,11,5
1376330372,11,5
1376330976,11,5
1376331579,11,5
1376332176,10,6
1376332499,9,7
1376333103,9,7
1376333707,9,7
1376333901,10,6
1376334505,10,6
1376335108,10,6
1376335526,9,7
1376335731,9,7
1376335900,11,5
1376336504,11,5
1376337108,11,5
1376337711,11,5
1376338272,12,4
1376338876,12,4
1376339479,12,4
1376340083,12,4
1376340687,12,4
1376341291,12,4
1376341894,12,4
1376342498,12,4
1376343101,12,4
1376343317,13,3
1376343920,13,3
1376344524,13,3
1376344594,11,5
1376345198,11,5
1376345801,11,5
1376346311,12,4
1376346360,13,3
1376346809,13,3
1376346864,15,1
1376347467,15,1
1376347611,14,2
1376348215,14,2
1376348820,14,2
1376349424,14,2
1376350028,14,2
1376350631,14,2
1376351235,14,2
1376351838,14,2
1376352442,14,2
1376353046,14,2
1376353649,14,2
1376354252,14,2
1376354856,14,2
1376355460,14,2
1376356063,14,2
1376356667,14,2
1376357270,14,2
1376357874,14,2
1376358608,14,2
1376359211,14,2
1376359815,14,2
1376360418,14,2
1376361022,14,2
1376361625,14,2
1376362229,14,2
1376362833,14,2
1376363436,14,2
1376364040,14,2
1376364643,14,2
1376365247,14,2
1376365850,14,2
1376366454,14,2
1376367058,14,2
1376367661,14,2
1376368265,14,2
1376368868,14,2
1376369472,14,2
1376370075,14,2
1376370679,14,2
1376371282,14,2
1376371886,14,2
1376372490,14,2
1376373093,14,2
1376373490,15,1
1376374093,15,1
1376374697,15,1
1376375300,15,1
1376375904,15,1
1376376507,15,1
1376377111,15,1
1376377715,15,1
1376378318,15,1
1376378922,15,1
1376379526,15,1
1376379596,14,2
1376379662,13,3
1376380265,13,3
1376380869,13,3
1376381472,13,3
1376382076,13,3
1376382679,13,3
1376383283,13,3
1376383886,13,3
1376384490,13,3
1376385093,13,3
1376385143,14,2
1376385746,14,2
1376386350,14,2
1376386953,14,2
1376387557,14,2
1376389543,14,2
1376389552,14,2
1376390156,14,2
1376390427,15,1
1376390983,14,2
1376391586,14,2
1376392191,14,2
1376392795,14,2
1376393399,14,2
1376393728,13,3
1376394331,13,3
1376394935,13,3
1376395540,13,3
1376396143,13,3
1376396747,13,3
1376397350,13,3
1376397954,13,3
1376398351,14,2
1376398954,14,2
1376399558,14,2
1376400161,14,2
1376400765,14,2
1376400833,13,3
1376401437,13,3
1376402041,13,3
1376402644,13,3
1376402769,14,2
1376403372,14,2
1376403976,14,2
1376404579,14,2
1376405183,14,2
1376405618,13,3
1376406222,13,3
1376406825,13,3
1376407082,12,4
1376407685,12,4
1376407843,12,4
1376407845,13,3
1376408449,13,3
1376409052,13,3
1376409654,11,5
1376409862,9,7
1376410466,9,7
1376411070,9,7
1376411493,10,6
1376412096,10,6
1376412700,10,6
1376413303,10,6
1376413458,9,7
1376414062,9,7
1376414665,9,7
1376415269,9,7
1376415440,7,9
1376416044,7,9
1376416384,6,10
1376416988,6,10
1376417347,7,9
1376417951,7,9
1376418555,7,9
1376419159,7,9
1376419763,7,9
1376419963,7,9
1376420007,8,8
1376420043,9,7
1376420646,9,7
1376421250,9,7
1376421854,9,7
1376422457,9,7
1376422664,9,7
1376422671,10,6
1376423274,10,6
1376423878,10,6
1376424481,10,6
1376425085,10,6
1376425688,10,6
1376426292,10,6
1376426357,9,7
1376426960,9,7
1376427564,9,7
1376427637,8,8
1376427810,9,7
1376428414,9,7
1376428759,9,7
1376428803,10,6
1376429246,9,7
1376429850,9,7
1376430454,9,7
1376431057,9,7
1376431661,9,7
1376432265,9,7
1376432869,9,7
1376433472,9,7
1376434076,9,7
1376434679,9,7
1376435283,9,7
1376435886,9,7
1376436490,9,7
1376437093,9,7
1376437697,9,7
1376438300,9,7
1376438904,9,7
1376439507,9,7
1376440111,9,7
1376440714,9,7
1376441318,9,7
1376441921,9,7
1376442525,9,7
1376443129,9,7
1376443732,9,7
1376444336,9,7
1376445008,9,7
1376445611,9,7
1376446215,9,7
1376446818,9,7
1376447422,9,7
1376448025,9,7
1376448629,9,7
1376449233,9,7
1376449836,9,7
1376450439,9,7
1376451043,9,7
1376451646,9,7
1376452250,9,7
1376452853,9,7
1376453457,9,7
1376454061,9,7
1376454665,9,7
1376455268,9,7
1376455872,9,7
1376456475,9,7
1376457037,10,6
1376457640,10,6
1376458244,10,6
1376458710,11,5
1376459314,11,5
1376459917,11,5
1376460521,11,5
1376460618,12,4
1376460676,13,3
1376461280,13,3
1376461890,13,3
1376461913,14,2
1376462380,14,2
1376462423,14,2
1376462496,14,2
1376462545,14,2
1376462586,14,2
1376463190,14,2
1376463793,14,2
1376464208,15,1
1376464811,15,1
1376465415,15,1
1376466018,15,1
1376466621,15,1
1376467052,14,2
1376467656,14,2
1376468259,14,2
1376468863,14,2
1376469466,14,2
1376470070,14,2
1376470674,14,2
1376471277,14,2
1376471881,14,2
1376472484,14,2
1376473088,14,2
1376473692,14,2
1376474295,14,2
1376474899,14,2
1376475502,14,2
1376476106,14,2
1376477006,14,2
1376477098,12,4
1376477699,11,5
1376477795,12,4
1376478398,12,4
1376478668,13,3
1376478720,12,4
1376478920,12,4
1376478954,12,4
1376479061,12,4
1376479102,13,3
1376479143,13,3
1376479747,13,3
1376480350,13,3
1376480954,13,3
1376481557,13,3
1376482060,14,2
1376482664,14,2
1376483268,14,2
1376483564,15,1
1376484168,15,1
1376484771,15,1
1376485342,14,2
1376485945,14,2
1376486549,14,2
1376487153,14,2
1376487757,14,2
1376488360,14,2
1376488964,14,2
1376489567,14,2
1376490171,14,2
1376490774,14,2
1376491378,14,2
1376491459,13,3
1376491488,13,3
1376491604,14,2
1376491776,15,1
1376492124,16,0
1376492727,16,0
1376493331,16,0
1376493934,16,0
1376494538,16,0
1376495141,16,0
1376495393,15,1
1376495996,15,1
1376496600,15,1
1376497203,15,1
1376497807,15,1
1376498393,14,2
1376498997,14,2
1376499600,14,2
1376499864,13,3
1376500467,13,3
1376500843,13,3
1376500858,11,5
1376501462,11,5
1376501730,10,6
1376502334,10,6
1376502937,10,6
1376503048,11,5
1376503134,12,4
1376503738,12,4
1376504389,12,4
1376504533,13,3
1376505132,13,3
1376505736,13,3
1376506361,12,4
1376506965,12,4
1376507568,12,4
1376508192,11,5
1376508796,11,5
1376509399,11,5
1376510003,11,5
1376510074,10,6
1376510677,10,6
1376511281,10,6
1376511884,10,6
1376512471,9,7
1376513074,9,7
1376513678,9,7
1376514282,9,7
1376514886,9,7
1376515489,9,7
1376516093,9,7
1376516346,8,8
1376516968,7,9
1376517572,7,9
1376517750,8,8
1376518353,8,8
1376518957,8,8
1376519561,8,8
1376520164,8,8
1376520658,7,9
1376520926,7,9
1376520970,8,8
1376521574,8,8
1376522177,8,8
1376522781,8,8
1376523384,8,8
1376523988,8,8
1376524591,8,8
1376525195,8,8
1376525798,8,8
1376525842,7,9
1376526445,7,9
1376527049,7,9
1376527652,7,9
1376528256,7,9
1376528859,7,9
1376529463,7,9
1376530066,7,9
1376530670,7,9
1376531408,7,9
1376532011,7,9
1376532615,7,9
1376533218,7,9
1376533822,7,9
1376534425,7,9
1376535029,7,9
1376535632,7,9
1376536236,7,9
1376536839,7,9
1376537443,7,9
1376538046,7,9
1376538650,7,9
1376539253,7,9
1376539857,7,9
1376540461,7,9
1376541064,7,9
1376541668,7,9
1376542272,7,9
1376542875,7,9
1376543479,7,9
1376544082,7,9
1376544686,7,9
1376544997,6,10
1376545041,7,9
1376545646,7,9
1376546249,7,9
1376546853,7,9
1376547456,7,9
1376547557,8,8
1376547861,9,7
1376548302,9,7
1376548304,8,8
1376548908,8,8
1376549511,8,8
1376550115,8,8
1376550678,7,9
1376550914,6,10
1376552127,6,10
1376552730,6,10
1376553334,6,10
1376553937,6,10
1376554541,6,10
1376555145,6,10
1376555739,5,11
1376556343,5,11
1376556946,5,11
1376557117,6,10
1376557152,5,11
1376557755,5,11
1376557823,5,11
1376557898,5,11
1376557923,5,11
1376557998,5,11
1376558107,5,11
1376558616,5,11
1376558671,6,10
1376558735,7,9
1376559339,7,9
1376559863,6,10
1376560466,6,10
1376560541,7,9
1376560832,9,7
1376561080,8,8
1376561684,8,8
1376561694,9,7
1376562142,9,7
1376562186,10,6
1376562790,10,6
1376562867,10,6
1376562930,11,5
1376562993,11,5
1376563059,12,4
1376563098,13,3
1376563585,12,4
1376564189,12,4
1376564792,12,4
1376565677,12,4
1376566280,12,4
1376566884,12,4
1376567003,12,4
1376567028,12,4
1376567115,12,4
1376567167,12,4
1376567771,12,4
1376568062,11,5
1376568666,11,5
1376569269,11,5
1376569873,11,5
1376570021,12,4
1376570252,12,4
1376570279,13,3
1376570442,14,2
1376570903,15,1
1376571507,15,1
1376572111,15,1
1376572225,14,2
1376572829,14,2
1376573041,13,3
1376573320,14,2
1376573923,14,2
1376574036,13,3
1376574640,13,3
1376575243,13,3
1376575847,13,3
1376576450,13,3
1376577053,13,3
1376577657,13,3
1376578260,13,3
1376578756,14,2
1376579360,14,2
1376579548,14,2
1376579581,15,1
1376579705,15,1
1376579798,16,0
1376580402,16,0
1376580853,15,1
1376580931,13,3
1376580988,12,4
1376581591,12,4
1376582195,12,4
1376582799,12,4
1376583403,12,4
1376584042,10,6
1376584645,10,6
1376585248,10,6
1376585852,10,6
1376586456,10,6
1376587059,10,6
1376587663,10,6
1376587771,13,3
1376588375,13,3
1376588978,13,3
1376589582,13,3
1376589694,12,4
1376590298,12,4
1376590901,12,4
1376591505,12,4
1376592108,12,4
1376592712,12,4
1376593315,12,4
1376593919,12,4
1376594523,12,4
1376595127,12,4
1376595730,12,4
1376596334,12,4
1376596938,12,4
1376597021,13,3
1376597625,13,3
1376598229,13,3
1376598832,13,3
1376598958,11,5
1376599562,11,5
1376599861,10,6
1376600464,10,6
1376601068,10,6
1376601581,9,7
1376601596,8,8
1376602200,8,8
1376602803,8,8
1376603407,8,8
1376604010,8,8
1376604614,8,8
1376605217,8,8
1376605663,8,8
1376605665,7,9
1376606269,7,9
1376606872,7,9
1376607476,7,9
1376608079,7,9
1376608297,7,9
1376608357,9,7
1376608961,9,7
1376609564,9,7
1376609922,10,6
1376609966,11,5
1376610569,11,5
1376611173,11,5
1376611777,11,5
1376611829,13,3
1376611888,14,2
1376612441,13,3
1376612457,13,3
1376612561,14,2
1376612595,15,1
1376613198,15,1
1376613802,15,1
1376614405,15,1
1376615009,15,1
1376615612,15,1
1376616216,15,1
1376616819,15,1
1376617423,15,1
1376617806,15,1
1376618409,15,1
1376619012,15,1
1376619616,15,1
1376620219,15,1
1376620823,15,1
1376621427,15,1
1376622030,15,1
1376622634,15,1
1376623237,15,1
1376623841,15,1
1376624444,15,1
1376625048,15,1
1376625651,15,1
1376626255,15,1
1376626858,15,1
1376627462,15,1
1376628065,15,1
1376628669,15,1
1376629272,15,1
1376629876,15,1
1376630189,16,0
1376630793,16,0
1376631396,16,0
1376631582,15,1
1376631807,16,0
1376632410,16,0
1376633013,16,0
1376633617,16,0
1376634221,16,0
1376634644,16,0
1376635247,16,0
1376635346,15,1
1376635949,15,1
1376636553,15,1
1376637156,15,1
1376637740,14,2
1376638344,14,2
1376638947,14,2
1376639550,14,2
1376640154,14,2
1376640758,14,2
1376641362,14,2
1376641965,14,2
1376642569,14,2
1376643172,14,2
1376643776,14,2
1376644980,13,3
1376645583,13,3
1376646187,13,3
1376646521,12,4
1376647125,12,4
1376647728,12,4
1376648332,12,4
1376648936,12,4
1376649540,12,4
1376650144,12,4
1376650747,12,4
1376651351,12,4
1376651954,12,4
1376652367,11,5
1376652971,11,5
1376653575,11,5
1376654178,11,5
1376654541,10,6
1376654965,12,4
1376655569,12,4
1376655909,11,5
1376656513,11,5
1376657116,11,5
1376657720,11,5
1376658324,11,5
1376658444,11,5
1376658489,12,4
1376659092,12,4
1376659696,12,4
1376660299,12,4
1376660903,12,4
1376661506,12,4
1376661865,11,5
1376662469,11,5
1376663003,11,5
1376663038,12,4
1376663642,12,4
1376664245,12,4
1376664821,11,5
1376664871,6,10
1376665461,5,11
1376665721,5,11
1376665739,6,10
1376665862,5,11
1376666244,4,12
1376666647,5,11
1376667251,5,11
1376667498,4,12
1376667799,4,12
1376667842,5,11
1376668446,5,11
1376669028,5,11
1376669089,6,10
1376669692,6,10
1376670296,6,10
1376670679,5,11
1376670783,4,12
1376671387,4,12
1376671990,4,12
1376672594,4,12
1376673197,4,12
1376673490,3,13
1376673764,2,14
1376674369,2,14
1376674972,2,14
1376675576,2,14
1376676180,2,14
1376676783,2,14
1376677386,2,14
1376677990,2,14
1376678594,2,14
1376679197,2,14
1376679801,2,14
1376680404,2,14
1376681008,2,14
1376681203,3,13
1376681250,3,13
1376681324,3,13
1376681363,3,13
1376681440,3,13
1376681474,3,13
1376681621,3,13
1376682225,3,13
1376682829,3,13
1376683433,3,13
1376684036,3,13
1376684640,3,13
1376685243,3,13
1376685847,3,13
1376686451,3,13
1376687054,3,13
1376687658,3,13
1376688261,3,13
1376688865,3,13
1376689468,3,13
1376690072,3,13
1376690675,3,13
1376691279,3,13
1376691883,3,13
1376692486,3,13
1376693089,3,13
1376693693,3,13
1376694297,3,13
1376694900,3,13
1376695504,3,13
1376696107,3,13
1376696711,3,13
1376697314,3,13
1376697919,3,13
1376698522,3,13
1376699126,3,13
1376699729,3,13
1376700333,3,13
1376700936,3,13
1376701540,3,13
1376702143,3,13
1376702747,3,13
1376703350,3,13
1376703954,3,13
1376704293,3,13
1376704896,3,13
1376705500,3,13
1376706104,3,13
1376706707,3,13
1376707310,3,13
1376707914,3,13
1376708518,3,13
1376709121,3,13
1376709725,3,13
1376710328,3,13
1376710932,3,13
1376711536,3,13
1376712140,3,13
1376712743,3,13
1376713347,3,13
1376713951,3,13
1376714554,3,13
1376715158,3,13
1376715762,3,13
1376716365,3,13
1376716969,3,13
1376717572,3,13
1376718176,3,13
1376718779,3,13
1376719383,3,13
1376719986,3,13
1376720590,3,13
1376721193,3,13
1376721246,2,14
1376721849,2,14
1376722453,2,14
1376723056,2,14
1376724253,2,14
1376724857,2,14
1376725460,2,14
1376726064,2,14
1376726667,2,14
1376727271,2,14
1376727875,2,14
1376728479,2,14
1376729084,2,14
1376729688,2,14
1376730291,2,14
1376730895,2,14
1376732115,2,14
1376732719,2,14
1376733322,2,14
1376734602,2,14
1376735206,2,14
1376735809,2,14
1376736097,3,13
1376736701,3,13
1376738024,3,13
1376738033,3,13
1376738636,3,13
1376739240,3,13
1376739845,3,13
1376740449,3,13
1376741052,3,13
1376741656,3,13
1376742200,2,14
1376742805,2,14
1376743409,2,14
1376743455,3,13
1376744059,3,13
1376744662,3,13
1376744883,4,12
1376745486,4,12
1376746091,4,12
1376746268,5,11
1376746474,4,12
1376747058,5,11
1376747251,6,10
1376747470,7,9
1376748073,7,9
1376748517,7,9
1376748583,8,8
1376749187,8,8
1376749790,8,8
1376750394,8,8
1376750997,8,8
1376751601,8,8
1376752205,8,8
1376752809,8,8
1376753413,8,8
1376754017,8,8
1376754620,8,8
1376755223,8,8
1376755827,8,8
1376756431,8,8
1376757034,8,8
1376757638,8,8
1376758242,8,8
1376758846,8,8
1376759437,8,8
1376759487,10,6
1376759770,10,6
1376759960,8,8
1376760564,8,8
1376761168,8,8
1376761771,8,8
1376762264,8,8
1376762291,8,8
1376762403,8,8
1376762532,7,9
1376763136,7,9
1376763739,7,9
1376764982,7,9
1376765143,7,9
1376765154,8,8
1376765758,8,8
1376766361,8,8
1376766965,8,8
1376767569,8,8
1376768172,8,8
1376768471,9,7
1376769075,9,7
1376769679,9,7
1376770303,8,8
1376770907,8,8
1376771510,8,8
1376772114,8,8
1376772276,8,8
1376772489,9,7
1376772583,9,7
1376773187,9,7
1376773790,9,7
1376774394,9,7
1376774998,9,7
1376775601,9,7
1376776129,8,8
1376776733,8,8
1376777336,8,8
1376777940,8,8
1376778537,9,7
1376779141,9,7
1376779244,8,7
1376779258,7,9
1376779861,7,9
1376780465,7,9
1376780708,7,9
1376780805,7,9
1376780808,6,10
1376781411,6,10
1376781917,5,11
1376782520,5,11
1376783124,5,11
1376783727,5,11
1376784331,5,11
1376784935,5,11
1376785538,5,11
1376786142,5,11
1376786746,5,11
1376787349,5,11
1376787953,5,11
1376788556,5,11
1376789160,5,11
1376789764,5,11
1376790367,5,11
1376790607,5,11
1376791210,5,11
1376791814,5,11
1376792417,5,11
1376793021,5,11
1376793624,5,11
1376794228,5,11
1376794832,5,11
1376795435,5,11
1376796039,5,11
1376796642,5,11
1376797245,5,11
1376797850,5,11
1376798453,5,11
1376799057,5,11
1376799660,5,11
1376800264,5,11
1376800867,5,11
1376801471,5,11
1376802074,5,11
1376802679,5,11
1376803283,5,11
1376803888,5,11
1376804492,5,11
1376805096,5,11
1376805444,6,10
1376805930,5,11
1376807165,5,11
1376807769,5,11
1376808373,5,11
1376808977,5,11
1376809580,5,11
1376810184,5,11
1376810787,5,11
1376811391,5,11
1376811994,5,11
1376812598,5,11
1376813201,5,11
1376813805,5,11
1376814736,5,11
1376815340,5,11
1376815944,5,11
1376816547,5,11
1376817150,5,11
1376817282,5,11
1376817378,5,11
1376817981,5,11
1376818585,5,11
1376818687,6,10
1376819290,6,10
1376819894,6,10
1376820249,5,11
1376820852,5,11
1376821139,6,10
1376821743,6,10
1376822321,6,10
1376822332,7,9
1376822433,6,10
1376823037,6,10
1376823641,6,10
1376824244,6,10
1376824849,6,10
1376825520,6,10
1376826124,6,10
1376826727,6,10
1376827331,6,10
1376827934,6,10
1376828443,6,10
1376829048,6,10
1376829652,6,10
1376830256,6,10
1376830859,6,10
1376832041,6,10
