1376208637,7,22
1376209240,7,22
1376209751,8,21
1376210356,8,21
1376210960,8,21
1376211563,8,21
1376212167,8,21
1376212771,8,21
1376213068,7,22
1376213157,6,23
1376213761,6,23
1376214365,6,23
1376214969,6,23
1376215573,6,23
1376216176,6,23
1376216780,6,23
1376217384,6,23
1376217988,6,23
1376218592,6,23
1376219195,6,23
1376219799,6,23
1376220403,6,23
1376221006,6,23
1376221610,6,23
1376222214,6,23
1376222818,6,23
1376223421,6,23
1376223698,6,23
1376223748,7,22
1376223819,8,21
1376224423,8,21
1376225027,8,21
1376225630,8,21
1376226234,8,21
1376226883,8,21
1376226885,9,20
1376227490,9,20
1376228094,9,20
1376228260,9,20
1376228267,10,19
1376228519,10,19
1376228605,10,19
1376228802,9,20
1376228918,9,20
1376229007,9,20
1376229073,9,20
1376229217,9,20
1376229263,10,19
1376229495,9,20
1376230099,9,20
1376230703,9,20
1376231307,9,20
1376231910,9,20
1376232369,10,19
1376232657,11,18
1376233021,10,19
1376233568,10,19
1376233606,10,19
1376233682,10,19
1376233781,10,19
1376233837,10,19
1376233882,10,19
1376233945,8,21
1376234140,10,19
1376234743,10,19
1376235348,10,19
1376235992,10,19
1376236022,10,19
1376236086,11,18
1376236158,11,18
1376236200,12,17
1376236804,12,17
1376237408,12,17
1376238011,12,17
1376238626,13,16
1376238760,12,17
1376239363,12,17
1376239967,12,17
1376240571,12,17
1376241175,12,17
1376241778,12,17
1376242382,12,17
1376242459,11,18
1376243062,11,18
1376243666,11,18
1376244270,11,18
1376244873,11,18
1376245477,11,18
1376245925,10,19
1376246142,11,18
1376246194,12,17
1376246237,13,16
1376246375,14,15
1376246979,14,15
1376247583,14,15
1376248187,14,15
1376248790,14,15
1376249394,14,15
1376249998,14,15
1376250603,14,15
1376250882,12,17
1376251486,12,17
1376252090,12,17
1376252694,12,17
1376253297,12,17
1376253901,12,17
1376254505,12,17
1376255109,12,17
1376255712,12,17
1376256316,12,17
1376256920,12,17
1376257524,12,17
1376258128,12,17
1376258732,12,17
1376259335,12,17
1376259939,12,17
1376260543,12,17
1376261146,12,17
1376261750,12,17
1376262354,12,17
1376262958,12,17
1376263542,12,17
1376263652,12,17
1376263699,13,16
1376264302,13,16
1376264906,13,16
1376265510,13,16
1376266119,13,16
1376266723,13,16
1376267327,13,16
1376267719,12,17
1376267901,12,17
1376268505,12,17
1376269109,12,17
1376269713,12,17
1376270317,12,17
1376270920,12,17
1376271524,12,17
1376271735,12,17
1376272340,12,17
1376272943,12,17
1376273547,12,17
1376274151,12,17
1376274755,12,17
1376275358,12,17
1376275963,12,17
1376276567,12,17
1376277170,12,17
1376277774,12,17
1376278378,12,17
1376278982,12,17
1376279585,12,17
1376280189,12,17
1376280793,12,17
1376281397,12,17
1376282000,12,17
1376282074,13,16
1376282678,13,16
1376283282,13,16
1376283886,13,16
1376284490,13,16
1376285093,13,16
1376285697,13,16
1376286301,13,16
1376286905,13,16
1376287115,12,17
1376287719,12,17
1376288324,12,17
1376288928,12,17
1376289056,11,18
1376289661,11,18
1376290303,12,17
1376290900,13,16
1376290934,14,15
1376290982,13,16
1376291045,13,16
1376291121,14,15
1376291725,14,15
1376292329,14,15
1376292533,15,14
1376292843,16,13
1376292913,15,14
1376293517,15,14
1376294121,15,14
1376294725,15,14
1376295329,15,14
1376295933,15,14
1376296536,15,14
1376297140,15,14
1376297744,15,14
1376297942,14,15
1376298546,14,15
1376299150,14,15
1376299754,14,15
1376300357,14,15
1376300885,15,14
1376300946,16,13
1376301208,15,14
1376301375,16,13
1376301703,16,13
1376301706,15,14
1376302310,15,14
1376302913,15,14
1376303517,15,14
1376304121,15,14
1376304425,16,13
1376305028,16,13
1376305632,16,13
1376306236,16,13
1376306840,16,13
1376307443,16,13
1376308048,16,13
1376308449,15,14
1376309053,15,14
1376309657,15,14
1376310261,15,14
1376310866,15,14
1376311470,15,14
1376312074,15,14
1376312402,14,15
1376312559,14,15
1376312567,15,14
1376313171,15,14
1376313782,16,13
1376313942,17,12
1376314521,16,13
1376314898,16,13
1376314907,17,12
1376315511,17,12
1376316114,17,12
1376316220,16,13
1376316824,16,13
1376317239,15,14
1376317843,15,14
1376318355,14,15
1376318959,14,15
1376319563,14,15
1376319615,13,16
1376320220,13,16
1376320660,13,16
1376320670,14,15
1376321274,14,15
1376321878,14,15
1376322115,14,15
1376322438,13,16
1376322541,14,15
1376322658,13,16
1376323262,13,16
1376323866,13,16
1376324469,13,16
1376324713,12,17
1376325317,12,17
1376325921,12,17
1376326525,12,17
1376327129,12,17
1376327482,11,18
1376327957,10,19
1376328561,10,19
1376329165,10,19
1376329517,9,20
1376329688,8,21
1376329857,9,20
1376330461,9,20
1376330922,9,20
1376330930,10,19
1376331533,10,19
1376332137,10,19
1376332408,11,18
1376332856,10,19
1376333121,9,20
1376333726,9,20
1376334329,9,20
1376334933,9,20
1376335537,9,20
1376336141,9,20
1376336745,9,20
1376337424,8,21
1376337519,7,22
1376338123,7,22
1376338242,7,22
1376338249,9,20
1376338853,9,20
1376339457,9,20
1376340060,9,20
1376340665,9,20
1376341268,9,20
1376341872,9,20
1376342320,9,20
1376342327,10,19
1376342778,10,19
1376343382,10,19
1376343986,10,19
1376344568,9,20
1376345171,9,20
1376345775,9,20
1376346115,8,21
1376346719,8,21
1376347323,8,21
1376347926,8,21
1376348530,8,21
1376349134,8,21
1376349738,8,21
1376350341,8,21
1376350946,8,21
1376351550,8,21
1376352154,8,21
1376352757,8,21
1376353361,8,21
1376353965,8,21
1376354569,8,21
1376355172,8,21
1376355776,8,21
1376356380,8,21
1376356984,8,21
1376357588,8,21
1376358137,8,21
1376358741,8,21
1376359345,8,21
1376359948,8,21
1376360033,7,22
1376360637,7,22
1376361241,7,22
1376361844,7,22
1376362448,7,22
1376363052,7,22
1376363656,7,22
1376364260,7,22
1376364864,7,22
1376365469,7,22
1376366073,7,22
1376366676,7,22
1376367280,7,22
1376367884,7,22
1376368488,7,22
1376369091,7,22
1376369695,7,22
1376370299,7,22
1376370903,7,22
1376371506,7,22
1376372110,7,22
1376372714,7,22
1376373318,7,22
1376373922,7,22
1376374525,7,22
1376375096,8,21
1376375701,8,21
1376375754,9,20
1376376357,9,20
1376376961,9,20
1376377565,9,20
1376378169,9,20
1376378772,9,20
1376378976,9,20
1376379005,10,19
1376379158,10,19
1376379189,11,18
1376379379,11,18
1376379632,12,17
1376380236,12,17
1376380437,11,18
1376380722,11,18
1376380724,11,18
1376381329,11,18
1376381932,11,18
1376382302,12,17
1376382905,12,17
1376383509,12,17
1376383867,13,16
1376384472,13,16
1376384893,12,17
1376385220,14,15
1376385869,12,17
1376386473,12,17
1376386975,11,18
1376387579,11,18
1376387979,11,18
1376387988,12,17
1376388592,12,17
1376389196,12,17
1376389581,11,18
1376389883,12,17
1376390292,11,18
1376390896,11,18
1376391500,11,18
1376392104,11,18
1376392662,11,18
1376392671,12,17
1376393275,12,17
1376393553,11,18
1376394158,11,18
1376394761,11,18
1376394782,10,19
1376394924,10,19
1376394975,11,18
1376395241,11,18
1376395251,12,17
1376395659,12,17
1376395668,13,16
1376396273,13,16
1376396876,13,16
1376397222,12,17
1376397826,12,17
1376398105,11,18
1376398170,12,17
1376398635,12,17
1376399238,12,17
1376399503,13,16
1376400107,13,16
1376400711,13,16
1376401318,13,16
1376401641,14,15
1376402245,14,15
1376402849,14,15
1376403007,13,16
1376403342,13,16
1376403353,14,15
1376403628,14,15
1376403653,15,14
1376403924,14,15
1376404528,14,15
1376405132,14,15
1376405736,14,15
1376406237,13,16
1376406841,13,16
1376407445,13,16
1376407554,12,17
1376407635,12,17
1376407765,12,17
1376407839,13,16
1376407844,14,15
1376408447,14,15
1376409051,14,15
1376409655,14,15
1376410259,14,15
1376410862,14,15
1376411201,13,16
1376411838,14,15
1376412392,15,14
1376412515,14,15
1376412714,15,14
1376413319,15,14
1376413419,14,15
1376414023,14,15
1376414081,14,15
1376414090,15,14
1376414694,15,14
1376415259,14,15
1376415775,15,14
1376416002,14,15
1376416284,13,16
1376416619,12,17
1376417223,12,17
1376417827,12,17
1376418431,12,17
1376419034,12,17
1376419638,12,17
1376420242,12,17
1376420846,12,17
1376421450,12,17
1376422053,12,17
1376422630,11,18
1376423234,11,18
1376423837,11,18
1376424441,11,18
1376425045,11,18
1376425649,11,18
1376426253,11,18
1376426587,10,19
1376427209,11,18
1376427474,10,19
1376428077,10,19
1376428681,10,19
1376429285,10,19
1376429889,10,19
1376430493,10,19
1376431096,10,19
1376431700,10,19
1376432067,9,20
1376432092,9,20
1376432696,9,20
1376433084,8,21
1376433688,8,21
1376434292,8,21
1376434424,8,21
1376434473,7,22
1376434510,7,22
1376434558,8,21
1376434739,7,22
1376435343,7,22
1376435946,7,22
1376436550,7,22
1376437154,7,22
1376437758,7,22
1376438361,7,22
1376438966,7,22
1376439570,7,22
1376440173,7,22
1376440777,7,22
1376441381,7,22
1376441985,7,22
1376442589,7,22
1376443192,7,22
1376443796,7,22
1376444537,7,22
1376445141,7,22
1376445745,7,22
1376446349,7,22
1376446953,7,22
1376447556,7,22
1376448160,7,22
1376448764,7,22
1376449368,7,22
1376449971,7,22
1376450575,7,22
1376451180,7,22
1376451784,7,22
1376452388,7,22
1376452992,7,22
1376453596,7,22
1376454200,7,22
1376454805,7,22
1376455408,7,22
1376456012,7,22
1376456616,7,22
1376457220,7,22
1376457823,7,22
1376458427,7,22
1376459031,7,22
1376459440,6,23
1376460044,6,23
1376460648,6,23
1376460999,5,24
1376461603,5,24
1376461831,5,24
1376461859,6,23
1376462418,7,22
1376463022,7,22
1376463626,7,22
1376464230,7,22
1376464297,7,22
1376464338,8,21
1376464942,8,21
1376465409,9,20
1376466013,9,20
1376466340,9,20
1376466350,10,19
1376466597,9,20
1376466911,10,19
1376467515,10,19
1376468119,10,19
1376468722,10,19
1376469326,10,19
1376469930,10,19
1376470534,10,19
1376471137,10,19
1376471741,10,19
1376472345,10,19
1376472949,10,19
1376473552,10,19
1376474156,10,19
1376474760,10,19
1376474862,9,20
1376474890,9,20
1376475494,9,20
1376475735,10,19
1376476339,10,19
1376476943,10,19
1376477547,10,19
1376478150,10,19
1376478755,10,19
1376479359,10,19
1376479963,10,19
1376480566,10,19
1376481170,10,19
1376481613,11,18
1376482218,11,18
1376482831,12,17
1376483324,12,17
1376483333,13,16
1376483891,12,17
1376484495,12,17
1376485099,12,17
1376485479,13,16
1376485599,14,15
1376485649,15,14
1376486253,15,14
1376486857,15,14
1376487461,15,14
1376488065,15,14
1376488668,15,14
1376489273,15,14
1376489890,14,15
1376490493,14,15
1376491097,14,15
1376491444,13,16
1376492048,13,16
1376492652,13,16
1376493255,13,16
1376493859,13,16
1376494463,13,16
1376495067,13,16
1376495560,12,17
1376496074,11,18
1376496678,11,18
1376496816,10,19
1376496878,11,18
1376496906,12,17
1376497289,11,18
1376497893,11,18
1376498056,11,18
1376498099,12,17
1376498591,11,18
1376498824,12,17
1376499429,12,17
1376500033,12,17
1376500599,11,18
1376501202,11,18
1376501637,10,19
1376502092,9,20
1376502246,8,21
1376502660,7,22
1376503265,7,22
1376503870,7,22
1376504434,6,23
1376505039,6,23
1376505642,6,23
1376505939,7,22
1376505997,8,21
1376506598,7,22
1376507202,7,22
1376507788,8,21
1376508391,8,21
1376508455,7,22
1376509059,7,22
1376509663,7,22
1376510290,6,23
1376510894,6,23
1376511002,7,22
1376511606,7,22
1376512209,7,22
1376512813,7,22
1376513172,6,23
1376513776,6,23
1376514380,6,23
1376514516,4,25
1376515121,4,25
1376515724,4,25
1376516328,4,25
1376516932,4,25
1376517536,4,25
1376518140,4,25
1376518743,4,25
1376518954,3,26
1376519558,3,26
1376520161,3,26
1376520765,3,26
1376521369,3,26
1376521578,2,27
1376522182,2,27
1376522786,2,27
1376523390,2,27
1376523687,1,28
1376524291,1,28
1376524895,1,28
1376525499,1,28
1376526103,1,28
1376526707,1,28
1376527311,1,28
1376527915,1,28
1376528518,1,28
1376529122,1,28
1376529732,1,28
1376530337,1,28
1376531020,1,28
1376531027,1,28
1376531631,1,28
1376532235,1,28
1376532838,1,28
1376533442,1,28
1376534045,1,28
1376534649,1,28
1376535253,1,28
1376535856,1,28
1376536416,1,28
1376536602,1,28
1376536643,2,27
1376537248,2,27
1376537851,2,27
1376538455,2,27
1376539060,2,27
1376539663,2,27
1376540267,2,27
1376540871,2,27
1376541475,2,27
1376542079,2,27
1376542682,2,27
1376543286,2,27
1376543890,2,27
1376544494,2,27
1376545097,2,27
1376545701,2,27
1376546305,2,27
1376546910,2,27
1376547514,2,27
1376548117,2,27
1376548721,2,27
1376549325,2,27
1376549929,2,27
1376550532,2,27
1376551136,2,27
1376551741,2,27
1376552345,2,27
1376552909,2,27
1376552950,3,26
1376553554,3,26
1376554158,3,26
1376554762,3,26
1376555365,3,26
1376555969,3,26
1376556573,3,26
1376557177,3,26
1376557781,3,26
1376558384,3,26
1376558988,3,26
1376559592,3,26
1376560196,3,26
1376560629,4,25
1376560961,4,25
1376561041,5,24
1376561127,5,24
1376561199,5,24
1376561230,6,23
1376561561,6,23
1376561682,7,22
1376561709,8,21
1376562313,8,21
1376562917,8,21
1376563521,8,21
1376564125,8,21
1376564729,8,21
1376565333,8,21
1376565936,8,21
1376566540,8,21
1376566621,5,24
1376567225,5,24
1376567829,5,24
1376568271,6,23
1376568875,6,23
1376569479,6,23
1376570083,6,23
1376570686,6,23
1376571290,6,23
1376571894,6,23
1376572498,6,23
1376572557,5,24
1376572901,5,24
1376572903,6,23
1376573508,6,23
1376573769,5,24
1376573831,6,23
1376574435,6,23
1376575039,6,23
1376575642,6,23
1376575740,6,23
1376576344,6,23
1376576474,5,24
1376576621,3,26
1376576730,3,26
1376576786,4,25
1376576895,2,27
1376577522,2,27
1376577530,3,26
1376578135,3,26
1376578462,3,26
1376578693,3,26
1376578782,3,26
1376578823,4,25
1376578955,4,25
1376579023,5,24
1376579074,7,22
1376579190,8,21
1376579794,8,21
1376580398,8,21
1376580665,9,20
1376581269,9,20
1376581840,9,20
1376581852,10,19
1376581952,10,19
1376581995,11,18
1376582082,11,18
1376582136,12,17
1376582482,11,18
1376582737,10,19
1376582754,8,21
1376582846,8,21
1376582917,8,21
1376582976,8,21
1376583031,8,21
1376583077,8,21
1376583381,8,21
1376583450,8,21
1376583500,9,20
1376583631,10,19
1376583993,11,18
1376584379,10,19
1376584542,9,20
1376585146,9,20
1376585279,8,21
1376585883,8,21
1376586486,8,21
1376586632,7,22
1376586937,10,19
1376586994,14,15
1376587597,14,15
1376588201,14,15
1376588805,14,15
1376589409,14,15
1376590013,14,15
1376590617,14,15
1376591221,14,15
1376591770,15,14
1376592374,15,14
1376592978,15,14
1376593582,15,14
1376593710,14,15
1376594076,13,16
1376594680,13,16
1376595285,13,16
1376595889,13,16
1376596492,13,16
1376597096,13,16
1376597700,13,16
1376598303,13,16
1376598907,13,16
1376599511,13,16
1376600115,13,16
1376600719,13,16
1376601322,13,16
1376601927,13,16
1376602531,13,16
1376603135,13,16
1376603738,13,16
1376604342,13,16
1376604946,13,16
1376605550,13,16
1376606153,13,16
1376606757,13,16
1376607361,13,16
1376607965,13,16
1376608568,13,16
1376609172,13,16
1376609528,12,17
1376610131,12,17
1376610735,12,17
1376611339,12,17
1376611943,12,17
1376612546,12,17
1376613150,12,17
1376613760,12,17
1376614364,12,17
1376614968,12,17
1376615572,12,17
1376616176,12,17
1376616779,12,17
1376617337,12,17
1376617941,12,17
1376618545,12,17
1376619149,12,17
1376619752,12,17
1376620356,12,17
1376620960,12,17
1376621564,12,17
1376622167,12,17
1376622771,12,17
1376623375,12,17
1376623979,12,17
1376624582,12,17
1376625186,12,17
1376625790,12,17
1376626394,12,17
1376626998,12,17
1376627602,12,17
1376628206,12,17
1376628810,12,17
1376629413,12,17
1376630017,12,17
1376630621,12,17
1376631225,12,17
1376631711,11,18
1376632315,11,18
1376632919,11,18
1376633523,11,18
1376634127,11,18
1376634725,12,17
1376635328,12,17
1376635932,12,17
1376636536,12,17
1376637140,12,17
1376637273,13,16
1376637876,13,16
1376638480,13,16
1376638783,13,16
1376638786,12,17
1376639068,13,16
1376639101,14,15
1376639356,13,16
1376639728,12,17
1376640342,12,17
1376640344,13,16
1376640496,12,17
1376641101,12,17
1376641704,12,17
1376642308,12,17
1376642660,13,16
1376643172,12,17
1376643776,12,17
1376644380,12,17
1376644570,12,17
1376644613,13,16
1376644802,14,15
1376645327,13,16
1376645914,12,17
1376646033,12,17
1376646070,13,16
1376646675,13,16
1376646762,12,17
1376646796,13,16
1376647401,13,16
1376648004,13,16
1376648036,13,16
1376648640,13,16
1376649244,13,16
1376649848,13,16
1376650226,13,16
1376650270,14,15
1376650356,14,15
1376650960,14,15
1376651564,14,15
1376652168,14,15
1376652616,13,16
1376653220,13,16
1376653824,13,16
1376654428,13,16
1376655032,13,16
1376655635,13,16
1376655983,12,17
1376656588,12,17
1376657192,12,17
1376657796,12,17
1376658400,12,17
1376658660,11,18
1376658935,12,17
1376659538,12,17
1376660142,12,17
1376660746,12,17
1376661218,11,18
1376661822,11,18
1376662426,11,18
1376663030,11,18
1376663634,11,18
1376664238,11,18
1376664495,12,17
1376665099,12,17
1376665703,12,17
1376666306,12,17
1376666766,11,18
1376667370,11,18
1376667521,12,17
1376668125,12,17
1376668217,11,18
1376668261,11,18
1376668742,11,18
1376669346,11,18
1376669950,11,18
1376670554,11,18
1376670597,12,17
1376671040,13,16
1376671118,14,15
1376671128,15,14
1376671732,15,14
1376672135,15,14
1376672172,16,13
1376672322,16,13
1376672327,17,12
1376672428,18,11
1376672681,17,12
1376672716,15,14
1376672989,14,15
1376673206,13,16
1376673810,13,16
1376674414,13,16
1376675017,13,16
1376675621,13,16
1376676225,13,16
1376676830,13,16
1376677040,12,17
1376677344,10,19
1376677948,10,19
1376678552,10,19
1376679156,10,19
1376679759,10,19
1376680363,10,19
1376680967,10,19
1376681571,10,19
1376682174,10,19
1376682778,10,19
1376683382,10,19
1376683983,9,20
1376684576,10,19
1376685180,10,19
1376685784,10,19
1376686388,10,19
1376686992,10,19
1376687595,10,19
1376688199,10,19
1376688803,10,19
1376689407,10,19
1376690011,10,19
1376690615,10,19
1376691219,10,19
1376691822,10,19
1376692426,10,19
1376693030,10,19
1376693634,10,19
1376694237,10,19
1376694841,10,19
1376695445,10,19
1376696049,10,19
1376696652,10,19
1376697256,10,19
1376697860,10,19
1376698463,10,19
1376698549,9,20
1376699153,9,20
1376699665,8,21
1376700270,8,21
1376700874,8,21
1376701477,8,21
1376702087,8,21
1376702690,8,21
1376703294,8,21
1376703822,8,21
1376703830,7,22
1376704435,7,22
1376705038,7,22
1376705642,7,22
1376705854,6,23
1376706458,6,23
1376707061,6,23
1376707665,6,23
1376708269,6,23
1376708873,6,23
1376709244,7,22
1376709848,7,22
1376710452,7,22
1376711056,7,22
1376711660,7,22
1376712263,7,22
1376712867,7,22
1376713471,7,22
1376714042,8,21
1376714647,8,21
1376715250,8,21
1376715854,8,21
1376716458,8,21
1376717061,8,21
1376717665,8,21
1376718269,8,21
1376718578,7,22
1376719182,7,22
1376719786,7,22
1376720390,7,22
1376720993,7,22
1376721597,7,22
1376722201,7,22
1376722805,7,22
1376723409,7,22
1376724012,7,22
1376724324,7,22
1376724928,7,22
1376725532,7,22
1376725860,8,21
1376726398,7,22
1376727001,7,22
1376727605,7,22
1376728209,7,22
1376728812,7,22
1376728987,8,21
1376729592,8,21
1376730196,8,21
1376730800,8,21
1376731404,8,21
1376731491,7,22
1376731952,6,23
1376732556,6,23
1376733160,6,23
1376733763,6,23
1376734367,6,23
1376734971,6,23
1376735575,6,23
1376736179,6,23
1376736782,6,23
1376737386,6,23
1376737874,7,22
1376738478,7,22
1376739082,7,22
1376739687,7,22
1376740019,6,23
1376740267,5,24
1376740872,5,24
1376741476,5,24
1376741725,5,24
1376741769,6,23
1376742372,6,23
1376742976,6,23
1376743352,7,22
1376743957,7,22
1376744560,7,22
1376745165,7,22
1376745768,7,22
1376746121,8,21
1376746725,8,21
1376747286,7,22
1376747890,7,22
1376747933,6,23
1376748209,6,23
1376748257,7,22
1376748329,7,22
1376748404,8,21
1376748407,7,22
1376749011,7,22
1376749340,6,23
1376749932,7,22
1376750456,6,23
1376750780,5,24
1376751384,5,24
1376751989,5,24
1376752592,5,24
1376753196,5,24
1376753332,4,25
1376753935,4,25
1376754276,4,25
1376754322,5,24
1376754926,5,24
1376755424,5,24
1376755426,6,23
1376756030,6,23
1376756222,7,22
1376756826,7,22
1376757430,7,22
1376757705,7,22
1376757707,8,21
1376758321,9,20
1376758650,8,21
1376759247,7,22
1376759851,7,22
1376760455,7,22
1376760873,6,23
1376761326,5,24
1376761930,5,24
1376762533,5,24
1376763137,5,24
1376763601,4,25
1376764038,5,24
1376764643,5,24
1376765246,5,24
1376765383,5,24
1376765386,6,23
1376765990,6,23
1376766594,6,23
1376767198,6,23
1376767801,6,23
1376768405,6,23
1376769009,6,23
1376769613,6,23
1376770217,6,23
1376770821,6,23
1376771425,6,23
1376772028,6,23
1376772632,6,23
1376773236,6,23
1376773424,5,24
1376774028,5,24
1376774094,4,25
1376774698,4,25
1376775301,4,25
1376775905,4,25
1376776509,4,25
1376777113,4,25
1376777716,4,25
1376778320,4,25
1376778924,4,25
1376779528,4,25
1376780131,4,25
1376780735,4,25
1376781339,4,25
1376781495,3,26
1376782099,3,26
1376782703,3,26
1376783307,3,26
1376783911,3,26
1376784514,3,26
1376785118,3,26
1376785722,3,26
1376786325,3,26
1376786929,3,26
1376787533,3,26
1376788143,3,26
1376788747,3,26
1376789351,3,26
1376790137,3,26
1376790741,3,26
1376791345,3,26
1376791949,3,26
1376792191,2,27
1376792795,2,27
1376793399,2,27
1376794002,2,27
1376794606,2,27
1376795211,2,27
1376795816,2,27
1376796419,2,27
1376797023,2,27
1376797627,2,27
1376798231,2,27
1376798834,2,27
1376799438,2,27
1376800042,2,27
1376800646,2,27
1376801249,2,27
1376801853,2,27
1376802457,2,27
1376803061,2,27
1376803664,2,27
1376804268,2,27
1376804872,2,27
1376805476,2,27
1376806080,2,27
1376806685,2,27
1376807235,1,28
1376807839,1,28
1376808442,1,28
1376809046,1,28
1376809651,1,28
1376810255,1,28
1376810859,1,28
1376811462,1,28
1376812066,1,28
1376812670,1,28
1376813274,1,28
1376813877,1,28
1376814481,1,28
1376815085,1,28
1376815689,1,28
1376816292,1,28
1376816896,1,28
1376817500,1,28
1376818104,1,28
1376818707,1,28
1376819311,1,28
1376819916,1,28
1376820520,1,28
1376821123,1,28
1376821727,1,28
1376822204,1,28
1376822211,2,27
1376822816,2,27
1376823419,2,27
1376823530,1,28
1376824134,1,28
1376824737,1,28
1376825341,1,28
1376825945,1,28
1376826549,1,28
1376827153,1,28
1376827203,0,29
1376827807,0,29
1376828411,0,29
1376828659,1,28
1376828852,2,27
1376829456,2,27
1376830060,2,27
1376830664,2,27
1376831078,3,26
1376831682,3,26
1376832286,3,26
1376832890,3,26
