1376208646,38,4
1376209250,38,4
1376209428,37,5
1376210031,37,5
1376210323,37,5
1376210326,36,6
1376210929,36,6
1376211304,35,7
1376211847,33,9
1376211968,31,11
1376212571,31,11
1376213006,29,13
1376213081,29,13
1376213089,30,12
1376213679,31,11
1376213758,32,10
1376214277,33,9
1376214764,33,9
1376214767,34,8
1376214878,35,7
1376214898,36,6
1376215286,36,6
1376215328,37,5
1376215627,38,4
1376215915,36,6
1376216083,37,5
1376216133,36,6
1376216185,36,6
1376216250,36,6
1376216327,35,7
1376216423,34,8
1376216562,31,11
1376216565,30,12
1376217043,31,11
1376217433,30,12
1376217581,29,12
1376217601,27,15
1376217681,27,15
1376218285,27,15
1376218344,26,16
1376218948,26,16
1376219125,23,19
1376219333,22,20
1376219964,21,21
1376220104,20,22
1376220150,21,21
1376220199,21,21
1376220386,20,22
1376220457,17,25
1376220471,17,25
1376220748,16,26
1376220822,15,27
1376220834,13,29
1376220925,13,29
1376220983,14,28
1376221007,14,28
1376221076,15,27
1376221174,15,27
1376221234,17,25
1376221268,16,26
1376221806,14,28
1376221887,13,29
1376221921,12,30
1376222183,10,32
1376222377,9,33
1376222394,8,34
1376222610,7,35
1376222676,8,34
1376222729,7,35
1376222837,7,35
1376222887,8,34
1376223163,8,34
1376223197,10,32
1376223252,8,34
1376223328,9,33
1376223401,11,31
1376223452,12,30
1376223603,12,30
1376223670,13,29
1376223808,14,28
1376223839,15,27
1376224442,15,27
1376224542,14,28
1376224592,14,28
1376224632,12,30
1376224722,12,30
1376224731,13,29
1376225004,10,32
1376225056,9,33
1376225242,8,34
1376225444,6,35
1376225499,3,39
1376225553,4,38
1376225621,5,37
1376225630,6,36
1376225798,4,38
1376225853,5,37
1376225917,6,36
1376225984,6,36
1376226000,8,34
1376226092,8,34
1376226132,9,33
1376226185,7,35
1376226324,6,36
1376226510,4,38
1376226533,2,40
1376226643,1,41
1376226703,1,41
1376226705,2,40
1376226925,2,40
1376226997,0,42
1376227102,0,42
1376227182,0,42
1376227218,0,42
1376227286,0,42
1376227345,0,42
1376227527,0,42
1376227566,1,41
1376227629,0,42
1376227723,0,42
1376227777,0,42
1376227825,2,40
1376227887,1,41
1376227954,1,41
1376228022,1,41
1376228085,2,40
1376228124,0,42
1376228255,0,42
1376228312,0,41
1376228332,0,42
1376228430,0,42
1376228503,0,42
1376228561,0,42
1376228607,0,42
1376229215,2,40
1376229253,2,40
1376229341,4,38
1376229386,2,40
1376229451,2,40
1376229539,2,40
1376229642,3,39
1376229694,5,37
1376229764,6,36
1376229801,8,34
1376229924,7,35
1376230029,8,34
1376230107,9,33
1376230160,9,33
1376230281,6,36
1376230341,4,38
1376230425,2,40
1376230428,1,41
1376230782,1,41
1376230790,2,40
1376230888,1,41
1376231024,2,40
1376231055,4,38
1376231324,5,37
1376231412,4,38
1376231529,4,38
1376231683,4,38
1376231703,5,37
1376231864,5,37
1376231923,4,38
1376231976,5,37
1376232030,6,36
1376232087,7,35
1376232138,6,36
1376232209,7,35
1376232278,8,34
1376232336,9,33
1376232386,10,32
1376232462,11,31
1376232513,12,30
1376232569,15,27
1376232642,15,27
1376232670,16,26
1376232761,16,26
1376232823,17,25
1376232874,16,26
1376232902,15,27
1376232978,16,26
1376233097,16,26
1376233152,17,25
1376233273,16,26
1376233595,13,29
1376233655,12,30
1376233708,14,28
1376233954,12,30
1376234021,12,30
1376234059,14,28
1376234143,13,29
1376234192,12,30
1376234258,13,29
1376234317,14,28
1376234382,15,27
1376234437,16,26
1376234452,17,25
1376234564,16,26
1376234624,16,25
1376234682,16,25
1376234744,17,24
1376234804,17,24
1376234857,15,26
1376234881,16,25
1376234936,16,25
1376235025,16,26
1376235083,16,26
1376235164,16,26
1376235220,18,24
1376235281,18,24
1376235312,20,22
1376235565,21,21
1376235881,19,23
1376235938,18,24
1376236055,16,26
1376236118,17,25
1376236160,18,24
1376236268,17,25
1376236364,13,29
1376236539,14,28
1376236589,13,29
1376236660,13,29
1376236725,13,29
1376236774,14,28
1376236799,14,28
1376236901,15,27
1376237048,16,26
1376237503,17,25
1376237555,17,25
1376237619,20,22
1376237663,21,21
1376237740,22,20
1376237784,23,19
1376238281,24,18
1376238462,34,7
1376238490,35,6
1376238663,35,6
1376238738,36,5
1376238823,37,4
1376238853,34,7
1376239001,34,7
1376239047,37,4
1376239086,37,4
1376239158,37,4
1376239229,36,5
1376239326,39,3
1376239655,38,4
1376239808,38,4
1376239934,39,3
1376240112,37,5
1376240200,38,4
1376240254,39,3
1376240306,38,4
1376240593,35,7
1376240662,34,8
1376240700,34,8
1376241221,38,4
1376241282,40,2
1376241520,40,2
1376241566,41,1
1376241762,41,1
1376241765,39,3
1376241883,39,3
1376241903,41,1
1376242121,40,2
1376242126,39,3
1376242228,39,3
1376242297,41,1
1376242901,41,1
1376243008,39,3
1376243158,41,1
1376243379,40,2
1376243922,39,3
1376243929,38,4
1376244223,39,3
1376244674,40,2
1376245277,40,2
1376245881,40,2
1376246484,40,2
1376247088,40,2
1376247691,40,2
1376247845,38,4
1376248055,38,4
1376248067,39,3
1376248139,40,2
1376248743,40,2
1376249347,40,2
1376249950,40,2
1376250445,40,2
1376250486,42,0
1376250556,41,1
1376251160,41,1
1376251763,41,1
1376252367,41,1
1376252970,41,1
1376253574,41,1
1376254177,41,1
1376254781,41,1
1376255384,41,1
1376255988,41,1
1376256592,41,1
1376257195,41,1
1376257510,40,2
1376258113,40,2
1376258717,40,2
1376259320,40,2
1376259924,40,2
1376260023,41,1
1376260626,41,1
1376261230,41,1
1376261833,41,1
1376262437,41,1
1376263040,41,1
1376263471,41,1
1376263500,42,0
1376264103,42,0
1376264308,41,1
1376264399,41,1
1376264462,42,0
1376265066,42,0
1376265670,42,0
1376266273,42,0
1376266877,42,0
1376267480,42,0
1376268084,42,0
1376268687,42,0
1376269291,42,0
1376269894,42,0
1376270498,42,0
1376271101,42,0
1376271705,42,0
1376272111,42,0
1376272714,42,0
1376273318,42,0
1376273922,42,0
1376274525,42,0
1376275128,42,0
1376275732,42,0
1376276336,42,0
1376276939,42,0
1376277542,42,0
1376278146,42,0
1376278750,42,0
1376279353,42,0
1376279957,42,0
1376280560,42,0
1376281164,42,0
1376281767,42,0
1376282371,42,0
1376282974,42,0
1376283578,42,0
1376284181,42,0
1376284785,42,0
1376285388,42,0
1376285992,42,0
1376286596,42,0
1376287173,41,1
1376287303,41,1
1376287305,42,0
1376287908,42,0
1376288512,42,0
1376289116,42,0
1376289719,42,0
1376290323,42,0
1376290926,42,0
1376291016,41,1
1376291620,41,1
1376291947,42,0
1376292550,42,0
1376293154,42,0
1376293757,42,0
1376294361,42,0
1376294965,42,0
1376295162,41,1
1376295165,40,2
1376295768,40,2
1376296192,41,1
1376296795,41,1
1376296895,39,3
1376296962,39,3
1376297020,40,2
1376297443,39,3
1376298047,39,3
1376298185,38,4
1376298274,38,4
1376298330,39,3
1376298934,39,3
1376299538,39,3
1376300142,39,3
1376300777,38,4
1376301381,38,4
1376301984,38,4
1376302277,36,6
1376302881,36,6
1376303484,36,6
1376303907,37,5
1376303951,38,4
1376304554,38,4
1376305158,38,4
1376305357,37,5
1376305482,37,5
1376305492,38,4
1376306095,38,4
1376306699,38,4
1376307283,38,4
1376307285,37,5
1376307886,36,6
1376308489,36,6
1376309093,36,6
1376309162,36,6
1376309242,37,5
1376309418,38,4
1376309563,37,5
1376310167,37,5
1376310771,37,5
1376311374,37,5
1376311977,37,5
1376312289,36,6
1376312766,37,5
1376313369,37,5
1376313972,37,5
1376314511,37,5
1376314583,37,5
1376314994,36,6
1376315188,37,5
1376315263,37,5
1376315265,36,6
1376315852,35,7
1376315882,35,7
1376315986,35,7
1376316084,33,9
1376316298,34,8
1376316505,36,6
1376317108,36,6
1376317178,36,6
1376317220,37,5
1376317345,35,7
1376317685,34,8
1376318289,34,8
1376318457,33,9
1376319073,32,10
1376319211,33,9
1376319568,32,10
1376320171,32,10
1376320302,32,10
1376320305,31,11
1376320542,31,11
1376320584,32,10
1376320893,31,11
1376321008,31,11
1376321058,32,10
1376321661,32,10
1376321824,34,8
1376322428,34,8
1376322680,35,7
1376323284,35,7
1376323887,35,7
1376323929,36,6
1376324533,36,6
1376324840,37,5
1376325448,37,5
1376326051,37,5
1376326655,37,5
1376327113,36,6
1376327500,37,5
1376328104,37,5
1376328201,36,6
1376328458,35,7
1376328478,34,8
1376328709,33,9
1376329061,33,9
1376329068,34,8
1376329672,34,8
1376329891,32,10
1376330142,32,10
1376330145,33,9
1376330239,32,10
1376330316,34,8
1376330373,32,10
1376330437,33,9
1376330489,31,11
1376330543,32,10
1376330594,33,9
1376331029,33,9
1376331158,32,10
1376331640,31,11
1376331693,31,11
1376332064,31,11
1376332066,30,12
1376332161,30,12
1376332259,29,13
1376332523,27,15
1376332586,27,15
1376332662,28,14
1376332693,28,14
1376332774,29,13
1376332899,29,13
1376332942,29,13
1376333044,29,13
1376333116,29,13
1376333182,30,12
1376333240,31,11
1376333321,31,11
1376333377,34,8
1376333542,35,7
1376334031,36,6
1376334193,34,8
1376334797,34,8
1376334877,36,6
1376334937,37,5
1376334964,38,4
1376335568,38,4
1376335644,36,6
1376336248,36,6
1376336351,34,8
1376336849,36,6
1376337265,36,6
1376337868,36,6
1376338472,36,6
1376339075,36,6
1376339296,37,5
1376339386,36,6
1376339990,36,6
1376340593,36,6
1376340701,36,6
1376340821,36,6
1376340834,37,5
1376341438,37,5
1376342041,37,5
1376342645,37,5
1376342777,37,5
1376343216,37,5
1376343277,38,4
1376343317,39,3
1376343921,39,3
1376344164,40,2
1376344768,40,2
1376345371,40,2
1376345975,40,2
1376346578,40,2
1376347181,40,2
1376347785,40,2
1376348389,40,2
1376348992,40,2
1376349596,40,2
1376350199,40,2
1376350803,40,2
1376351406,40,2
1376352010,40,2
1376352613,40,2
1376353217,40,2
1376353820,40,2
1376354424,40,2
1376355029,40,2
1376355632,40,2
1376356236,40,2
1376356839,40,2
1376357443,40,2
1376358046,40,2
1376358511,40,2
1376359115,40,2
1376359718,40,2
1376360267,39,3
1376360870,39,3
1376361474,39,3
1376362077,39,3
1376362681,39,3
1376363285,39,3
1376363888,39,3
1376364492,39,3
1376365095,39,3
1376365699,39,3
1376366302,39,3
1376366907,39,3
1376367511,39,3
1376367846,38,4
1376368352,39,3
1376368956,39,3
1376369560,39,3
1376370164,39,3
1376370769,39,3
1376371373,39,3
1376371977,39,3
1376372581,39,3
1376373186,39,3
1376373461,38,4
1376373571,38,4
1376373596,39,3
1376374199,39,3
1376374803,39,3
1376375406,39,3
1376376009,39,3
1376376562,38,4
1376377165,38,4
1376377769,38,4
1376378372,38,4
1376378976,38,4
1376379545,39,3
1376380149,39,3
1376380710,37,5
1376381314,37,5
1376381917,37,5
1376382163,38,4
1376382202,39,3
1376382805,39,3
1376383409,39,3
1376383873,37,5
1376383955,37,5
1376384130,37,5
1376384228,39,3
1376384831,39,3
1376385149,39,3
1376385174,40,2
1376385284,40,2
1376385286,39,3
1376385890,39,3
1376386023,38,4
1376386071,37,5
1376386675,37,5
1376387278,37,5
1376387882,37,5
1376388034,36,6
1376388208,36,6
1376388400,36,6
1376388409,37,5
1376388858,37,5
1376389182,33,9
1376389416,34,8
1376389460,35,7
1376389501,37,5
1376390105,37,5
1376390709,37,5
1376391082,36,5
1376391261,36,5
1376391865,36,5
1376391942,36,5
1376392002,35,7
1376392050,35,7
1376392122,35,7
1376392176,35,7
1376392471,34,8
1376393075,34,8
1376393109,33,9
1376393713,33,9
1376394317,33,9
1376394639,34,8
1376394880,35,7
1376394928,36,6
1376395531,36,6
1376396130,37,5
1376396733,37,5
1376397337,37,5
1376397675,37,5
1376397736,37,5
1376398340,37,5
1376398944,37,5
1376399547,37,5
1376399923,37,5
1376399939,36,6
1376400160,36,6
1376400169,37,5
1376400574,38,4
1376400625,38,4
1376400666,38,4
1376400882,37,5
1376400890,38,4
1376400985,38,4
1376401062,38,4
1376401082,39,3
1376401171,40,2
1376401234,39,3
1376401794,38,4
1376402063,39,3
1376402683,38,4
1376402716,38,4
1376402802,36,6
1376402853,36,6
1376402910,36,6
1376402980,37,5
1376403037,38,4
1376403074,39,3
1376403678,39,3
1376403742,37,5
1376404346,37,5
1376404738,38,4
1376405023,38,4
1376405026,37,5
1376405128,36,6
1376405203,36,5
1376405224,36,5
1376405307,37,5
1376405338,38,4
1376405942,38,4
1376406275,37,5
1376406507,36,6
1376406642,35,7
1376406701,35,7
1376406736,35,7
1376406897,35,7
1376407003,34,8
1376407238,35,7
1376407570,36,6
1376408174,36,6
1376408277,35,7
1376408529,34,8
1376408602,33,9
1376408682,34,8
1376408699,33,9
1376408828,31,11
1376408952,33,9
1376409238,32,10
1376409524,32,10
1376409577,34,8
1376409603,35,7
1376409944,34,8
1376409977,35,7
1376410057,37,5
1376410067,38,4
1376410196,39,3
1376410491,37,5
1376410712,36,6
1376411315,36,6
1376411441,35,7
1376411737,33,9
1376411883,32,10
1376411966,32,10
1376412023,33,9
1376412626,33,9
1376412816,32,10
1376412911,31,11
1376413061,30,12
1376413109,28,14
1376413131,27,15
1376413335,28,14
1376413717,27,15
1376413841,24,18
1376413956,24,18
1376414022,29,13
1376414402,27,15
1376415006,27,15
1376415222,28,14
1376415495,27,14
1376415570,27,15
1376416058,29,13
1376416325,30,12
1376416778,30,12
1376416807,30,12
1376417038,29,13
1376417261,31,11
1376417320,29,13
1376417333,29,13
1376417985,31,11
1376418059,30,12
1376418494,29,13
1376419091,27,15
1376419158,28,14
1376419226,29,13
1376419281,31,11
1376419885,31,11
1376420488,31,11
1376420841,29,13
1376420983,30,12
1376421012,32,10
1376421616,32,10
1376421869,33,9
1376422093,34,8
1376422697,34,8
1376423300,34,8
1376423903,34,8
1376424043,34,8
1376424072,38,4
1376424675,38,4
1376425279,38,4
1376425882,38,4
1376426444,38,4
1376426446,39,3
1376427050,39,3
1376427654,39,3
1376428257,39,3
1376428861,39,3
1376429464,39,3
1376429771,38,4
1376430375,38,4
1376430978,38,4
1376431582,38,4
1376432185,38,4
1376432789,38,4
1376433393,38,4
1376433996,38,4
1376434601,38,4
1376435164,37,5
1376435768,37,5
1376436372,37,5
1376436975,37,5
1376437579,37,5
1376438182,37,5
1376438786,37,5
1376439389,37,5
1376439993,37,5
1376440597,37,5
1376441200,37,5
1376441804,37,5
1376442407,37,5
1376443045,38,4
1376443649,38,4
1376444253,38,4
1376444917,37,5
1376445343,38,4
1376445947,38,4
1376446550,38,4
1376447154,38,4
1376447758,38,4
1376448361,38,4
1376448965,38,4
1376449569,38,4
1376450172,38,4
1376450776,38,4
1376451379,38,4
1376451982,38,4
1376452586,38,4
1376453190,38,4
1376453793,38,4
1376454397,38,4
1376455000,38,4
1376455183,37,5
1376455786,37,5
1376456390,37,5
1376456994,37,5
1376457597,37,5
1376457650,36,6
1376457879,37,5
1376458482,37,5
1376459086,37,5
1376459689,37,5
1376460293,37,5
1376460433,36,6
1376460513,36,6
1376460574,37,5
1376461177,37,5
1376461224,38,4
1376461828,38,4
1376461904,38,4
1376462508,38,4
1376463112,38,4
1376463716,38,4
1376464319,38,4
1376464571,37,5
1376464645,35,7
1376465252,35,7
1376465855,35,7
1376465972,36,6
1376466042,36,6
1376466102,38,4
1376466705,38,4
1376466863,39,3
1376467467,39,3
1376468071,39,3
1376468674,39,3
1376469090,39,3
1376469126,40,2
1376469730,40,2
1376470333,40,2
1376470504,39,3
1376471109,39,3
1376471222,37,5
1376471289,37,5
1376471362,36,6
1376471499,37,5
1376471859,37,5
1376471959,39,3
1376472094,37,5
1376472162,37,5
1376472193,37,5
1376472263,37,5
1376472313,39,3
1376472917,39,3
1376473521,39,3
1376473662,39,3
1376473683,38,4
1376474286,38,4
1376474890,38,4
1376475054,39,3
1376475657,39,3
1376476243,39,3
1376476264,36,6
1376476348,34,8
1376476527,36,6
1376476819,36,6
1376476898,37,5
1376477502,37,5
1376477571,36,6
1376478175,36,6
1376478778,36,6
1376478868,35,7
1376478999,36,6
1376479044,37,5
1376479361,36,6
1376479373,36,6
1376480005,37,5
1376480609,37,5
1376481212,37,5
1376481355,38,4
1376481669,38,4
1376481802,38,3
1376481839,39,2
1376482478,39,3
1376482620,40,2
1376482956,40,2
1376482988,40,2
1376483083,40,2
1376483097,41,1
1376483157,40,2
1376483445,37,5
1376483980,33,9
1376484032,33,9
1376484094,33,9
1376484158,33,9
1376484170,34,8
1376484532,33,9
1376484625,31,11
1376484680,31,11
1376484761,31,11
1376485001,29,13
1376485032,28,14
1376485145,29,13
1376485507,30,12
1376486111,30,12
1376486418,29,13
1376487022,29,13
1376487058,30,12
1376487600,30,12
1376487737,32,10
1376487804,32,10
1376487855,32,10
1376487939,32,10
1376488002,33,9
1376488064,33,9
1376488099,33,9
1376488229,33,9
1376488295,33,9
1376488408,32,10
1376488455,32,10
1376488493,33,9
1376488576,31,11
1376488770,31,11
1376488814,33,9
1376489418,33,9
1376489550,34,8
1376489979,35,7
1376490026,36,6
1376490088,37,5
1376490283,37,5
1376490285,36,6
1376490970,37,5
1376491049,38,3
1376491343,36,5
1376491755,35,6
1376492358,35,7
1376492855,34,8
1376492870,33,9
1376493205,33,9
1376493263,33,9
1376493301,34,8
1376493402,35,7
1376493636,34,8
1376494239,34,8
1376494707,36,6
1376494802,37,5
1376495202,38,3
1376495666,38,3
1376495742,38,3
1376495748,37,5
1376496041,36,6
1376496644,36,6
1376497150,37,5
1376497248,36,6
1376497508,37,5
1376497614,35,7
1376497949,35,7
1376497990,37,5
1376498258,36,6
1376498378,36,6
1376498443,37,5
1376498474,37,5
1376498667,38,4
1376498799,39,3
1376498828,37,5
1376499432,37,5
1376499540,38,4
1376499915,39,3
1376500214,37,5
1376500290,36,6
1376500455,37,5
1376500506,38,4
1376500742,36,6
1376500964,36,6
1376500966,37,5
1376501054,36,6
1376501347,35,7
1376501594,36,6
1376502103,37,5
1376502706,37,5
1376502890,36,6
1376503051,37,5
1376503542,37,5
1376503545,36,6
1376504150,36,6
1376504752,36,6
1376505355,36,6
1376505959,36,6
1376506562,36,6
1376506996,37,5
1376507600,37,5
1376508204,37,5
1376508807,37,5
1376509411,37,5
1376510014,37,5
1376510618,37,5
1376511221,37,5
1376511825,37,5
1376512428,37,5
1376513032,37,5
1376513635,37,5
1376514239,37,5
1376514842,37,5
1376515447,37,5
1376516050,37,5
1376516654,37,5
1376517257,37,5
1376517861,37,5
1376518465,37,5
1376519070,37,5
1376519674,37,5
1376520279,37,5
1376520883,37,5
1376521342,36,6
1376521946,36,6
1376522550,36,6
1376523154,36,6
1376523758,36,6
1376524361,36,6
1376524965,36,6
1376525092,35,7
1376525425,36,6
1376526029,36,6
1376526633,36,6
1376527237,36,6
1376527840,36,6
1376528444,36,6
1376529047,36,6
1376529651,36,6
1376530255,36,6
1376530859,36,6
1376531312,36,6
1376531744,36,6
1376531746,37,5
1376532350,37,5
1376532954,37,5
1376533557,37,5
1376534161,37,5
1376534764,37,5
1376535368,37,5
1376535663,36,6
1376535731,36,6
1376535800,36,6
1376535880,36,6
1376535888,37,5
1376536492,37,5
1376537096,37,5
1376537699,37,5
1376538303,37,5
1376538906,37,5
1376539510,37,5
1376540113,37,5
1376540717,37,5
1376541321,37,5
1376541924,37,5
1376542528,37,5
1376543131,37,5
1376543735,37,5
1376544338,37,5
1376544942,37,5
1376545546,37,5
1376546149,37,5
1376546753,37,5
1376547356,37,5
1376547960,37,5
1376548563,37,5
1376549061,36,6
1376549665,36,6
1376550269,36,6
1376550872,36,6
1376551476,36,6
1376551637,37,5
1376551727,36,6
1376552331,36,6
1376552933,36,6
1376553028,37,5
1376553377,36,6
1376553507,36,6
1376553544,37,5
1376553840,35,7
1376554135,34,8
1376554682,33,9
1376555057,32,10
1376555253,31,11
1376555773,31,11
1376555835,31,11
1376555888,31,11
1376556140,32,10
1376556745,32,10
1376557348,32,10
1376557524,32,10
1376557603,32,10
1376557629,34,8
1376557687,35,7
1376557821,35,7
1376557930,34,8
1376558215,35,7
1376558784,34,8
1376558868,33,9
1376558973,33,9
1376559026,35,7
1376559103,33,9
1376559159,33,9
1376559377,34,8
1376559452,33,9
1376559485,32,10
1376559663,31,11
1376559879,30,12
1376559917,30,12
1376560000,31,11
1376560060,31,11
1376560072,32,10
1376560339,33,9
1376560652,33,9
1376560772,34,8
1376560806,34,8
1376560970,33,9
1376561252,31,11
1376561320,31,11
1376561382,31,11
1376561395,33,9
1376561465,32,10
1376561907,31,11
1376562088,31,11
1376562163,32,10
1376562165,31,11
1376562343,31,11
1376562373,32,10
1376562578,34,8
1376562629,34,8
1376562673,35,7
1376562731,34,8
1376562941,33,9
1376563319,31,11
1376563413,32,10
1376563541,31,11
1376563549,30,12
1376563892,30,12
1376563917,31,11
1376564022,31,11
1376564082,31,11
1376564097,34,8
1376564186,36,6
1376564250,37,5
1376564313,38,4
1376564851,39,3
1376564922,39,3
1376564972,39,3
1376565042,39,3
1376565052,39,3
1376565136,39,3
1376565344,39,3
1376565357,39,3
1376565406,39,3
1376565512,39,3
1376565583,40,2
1376565634,40,1
1376565654,41,1
1376565824,39,2
1376565872,39,3
1376565991,38,4
1376566064,35,7
1376566122,36,6
1376566243,36,5
1376566304,36,5
1376566333,36,6
1376566451,36,6
1376566639,34,8
1376566686,34,8
1376566743,34,8
1376566793,35,7
1376567245,34,8
1376567645,33,9
1376567872,32,10
1376568477,32,10
1376569081,32,10
1376569420,34,8
1376569465,35,7
1376569537,35,7
1376569603,37,5
1376569629,38,4
1376569882,36,6
1376569986,34,8
1376570202,32,10
1376570295,30,12
1376570407,31,11
1376571011,31,11
1376571096,32,10
1376571156,33,9
1376571221,32,10
1376571280,32,10
1376571386,28,14
1376571453,27,15
1376571578,23,19
1376571638,21,21
1376571680,21,21
1376571926,21,21
1376572000,22,20
1376572293,21,21
1376572414,19,23
1376572429,19,23
1376572777,19,23
1376572839,18,24
1376572882,16,26
1376572946,16,26
1376573018,17,25
1376573053,19,23
1376573313,17,25
1376573462,15,27
1376573551,14,28
1376573712,15,27
1376573792,16,26
1376573862,18,24
1376573914,17,25
1376574019,18,24
1376574392,17,25
1376574447,16,26
1376574721,15,27
1376574911,14,28
1376574967,12,30
1376575118,13,29
1376575226,12,30
1376575283,13,29
1376575359,10,32
1376575381,10,32
1376575455,10,32
1376575519,10,32
1376575544,10,32
1376575657,14,27
1376575702,15,27
1376575751,16,26
1376575838,16,26
1376575902,16,26
1376575922,16,26
1376576018,17,25
1376576126,17,25
1376576198,19,23
1376576259,22,20
1376576324,21,21
1376576354,22,20
1376576487,21,21
1376576512,22,20
1376576705,22,20
1376576846,20,22
1376577005,18,24
1376577087,19,23
1376577161,18,24
1376577217,19,23
1376577227,20,22
1376577396,19,23
1376577584,19,23
1376577637,20,22
1376577646,21,21
1376577885,21,21
1376577941,22,20
1376578001,23,19
1376578033,22,20
1376578120,23,19
1376578178,23,19
1376578228,24,18
1376578276,24,18
1376578364,23,19
1376578473,23,19
1376578526,21,21
1376578580,21,21
1376578614,21,21
1376578665,21,21
1376579268,21,21
1376579336,22,20
1376579435,21,21
1376579503,20,22
1376579534,18,24
1376579622,18,24
1376579631,19,23
1376579802,19,22
1376579861,17,25
1376579965,19,23
1376580038,19,23
1376580100,20,22
1376580145,20,22
1376580217,19,23
1376580342,18,24
1376580345,18,24
1376580457,18,24
1376580521,17,25
1376580556,18,24
1376580615,18,24
1376580747,17,25
1376580797,15,27
1376580846,16,26
1376580929,15,27
1376580945,15,27
1376581176,14,28
1376581237,14,28
1376581271,15,27
1376581341,16,26
1376581417,17,25
1376581468,18,24
1376581522,20,22
1376581598,20,22
1376581655,19,23
1376581722,19,23
1376581764,21,21
1376581834,21,21
1376581870,22,20
1376581952,22,20
1376581976,23,19
1376582139,25,17
1376582437,25,17
1376582501,25,17
1376582556,25,17
1376582614,26,16
1376582636,26,16
1376582742,27,15
1376582780,28,14
1376582857,29,13
1376582908,29,13
1376582944,29,13
1376583018,28,14
1376583061,29,13
1376583153,29,13
1376583168,30,12
1376583305,29,13
1376583640,28,14
1376583730,29,13
1376583820,30,12
1376583881,33,9
1376583924,34,8
1376584003,33,9
1376584031,33,9
1376584117,35,7
1376584209,35,7
1376584319,36,6
1376584398,36,6
1376584484,36,6
1376584529,37,5
1376584545,37,5
1376584662,37,5
1376584704,37,5
1376584776,38,4
1376584989,35,7
1376585078,35,7
1376585134,36,6
1376585198,37,5
1376585363,37,5
1376585421,38,4
1376585458,39,3
1376585519,40,2
1376585792,38,4
1376585826,38,4
1376585913,38,4
1376585947,39,3
1376586282,37,5
1376586320,35,7
1376586638,35,7
1376586647,36,6
1376586761,37,5
1376586817,38,4
1376587168,38,4
1376587209,39,3
1376587263,40,2
1376587390,39,3
1376587598,38,4
1376587608,39,3
1376587999,38,4
1376588045,37,5
1376588143,37,5
1376588251,38,4
1376588323,40,2
1376588369,41,1
1376588972,41,1
1376589063,40,2
1376589167,39,3
1376589771,39,3
1376590102,39,3
1376590183,40,2
1376590212,40,2
1376590301,39,3
1376590312,40,2
1376590917,40,2
1376591520,40,2
1376591606,38,4
1376591650,35,7
1376591734,36,6
1376591799,38,4
1376591907,39,3
1376592047,38,4
1376592282,38,4
1376592327,38,4
1376592459,38,4
1376592492,39,3
1376592608,40,2
1376593053,40,2
1376593142,40,2
1376593651,37,5
1376593782,37,5
1376593794,39,3
1376593894,40,2
1376594177,39,3
1376594527,40,2
1376594979,41,1
1376595221,40,2
1376595534,39,3
1376595794,40,2
1376596398,40,2
1376597001,40,2
1376597605,40,2
1376598208,40,2
1376598812,40,2
1376599415,40,2
1376600019,40,2
1376600622,40,2
1376601225,40,2
1376601829,40,2
1376602261,41,1
1376602865,41,1
1376603469,41,1
1376604072,41,1
1376604676,41,1
1376605279,41,1
1376605883,41,1
1376606486,41,1
1376607090,41,1
1376607694,41,1
1376608297,41,1
1376608901,41,1
1376609504,41,1
1376610108,41,1
1376610711,41,1
1376611315,41,1
1376611918,41,1
1376612522,41,1
1376613125,41,1
1376613729,41,1
1376614332,41,1
1376614936,41,1
1376615539,41,1
1376616143,41,1
1376616746,41,1
1376617350,41,1
1376617715,41,1
1376618319,41,1
1376618923,41,1
1376619526,41,1
1376620130,41,1
1376620734,41,1
1376621337,41,1
1376621941,41,1
1376622544,41,1
1376623148,41,1
1376623751,41,1
1376624355,41,1
1376624958,41,1
1376625562,41,1
1376626165,41,1
1376626769,41,1
1376627372,41,1
1376627976,41,1
1376628579,41,1
1376629183,41,1
1376629787,41,1
1376630390,41,1
1376630994,41,1
1376631274,40,2
1376631878,40,2
1376632277,39,3
1376632881,39,3
1376633484,39,3
1376634088,39,3
1376634691,39,3
1376635295,39,3
1376635448,40,2
1376636052,40,2
1376636502,41,1
1376637106,41,1
1376637622,40,2
1376638226,40,2
1376638829,40,2
1376638891,39,3
1376639263,40,2
1376639475,40,2
1376639533,40,2
1376639568,41,1
1376640108,40,2
1376640711,40,2
1376641299,41,1
1376641632,42,0
1376642236,42,0
1376642839,42,0
1376642917,41,1
1376642996,40,2
1376643600,40,2
1376644203,40,2
1376644842,39,3
1376644904,39,3
1376645507,39,3
1376646043,39,3
1376646046,40,2
1376646184,39,3
1376646763,39,3
1376646765,40,2
1376646883,39,2
1376646896,39,3
1376647499,39,3
1376648103,39,3
1376648339,37,5
1376648719,37,5
1376649109,37,5
1376649211,36,6
1376649270,37,5
1376649340,38,4
1376649369,39,3
1376649971,38,4
1376650151,36,6
1376650626,34,8
1376650677,35,7
1376651257,33,9
1376651498,35,7
1376652102,35,7
1376652393,34,8
1376652686,34,8
1376652722,33,9
1376652804,31,11
1376652831,31,11
1376652903,32,10
1376653003,32,10
1376653057,33,9
1376653069,33,9
1376653647,32,10
1376654156,31,11
1376654317,29,13
1376654921,29,13
1376655305,30,12
1376655760,28,14
1376655802,27,15
1376656408,27,15
1376657012,27,15
1376657133,28,14
1376657175,29,13
1376657262,28,14
1376657415,29,13
1376658019,29,13
1376658318,28,14
1376658921,28,14
1376659030,29,13
1376659114,31,11
1376659244,31,11
1376659291,33,9
1376659350,34,8
1376659414,35,7
1376659457,36,6
1376659699,36,6
1376659724,36,6
1376659839,35,7
1376660003,36,6
1376660156,36,6
1376660253,35,7
1376660327,35,7
1376660432,35,7
1376660534,35,7
1376660610,36,6
1376660658,36,6
1376660847,33,9
1376661268,34,8
1376661397,32,10
1376662002,32,10
1376662348,32,10
1376662484,32,10
1376662554,33,9
1376662837,33,9
1376662876,34,8
1376663015,35,7
1376663057,36,6
1376663332,35,7
1376663417,36,6
1376663723,35,7
1376664163,35,7
1376664188,37,5
1376664236,36,6
1376664472,36,6
1376664574,37,5
1376664631,38,4
1376664687,38,3
1376664882,38,3
1376664900,40,1
1376665064,40,1
1376665104,40,1
1376665200,40,1
1376665288,41,0
1376665395,42,0
1376665931,40,2
1376666035,38,4
1376666321,38,4
1376666362,40,2
1376666419,41,1
1376666615,41,1
1376666660,40,2
1376667034,39,3
1376667337,39,3
1376667349,40,2
1376667972,42,0
1376668364,41,0
1376668373,41,1
1376668515,42,0
1376669028,41,1
1376669135,40,2
1376669398,39,3
1376669529,40,2
1376669625,40,2
1376669627,41,1
1376670231,41,1
1376670312,42,0
1376670916,42,0
1376671520,42,0
1376671826,41,1
1376672143,41,1
1376672145,42,0
1376672749,42,0
1376672861,41,1
1376672962,41,1
1376673001,42,0
1376673462,41,1
1376673700,41,1
1376673722,42,0
1376674325,42,0
1376674602,41,1
1376674623,40,2
1376674733,39,3
1376674990,40,2
1376675263,39,3
1376675670,39,3
1376675699,40,2
1376675803,40,2
1376675805,39,3
1376675998,40,2
1376676601,40,2
1376677205,40,2
1376677543,40,2
1376677647,41,1
1376677777,40,2
1376677817,41,1
1376677889,41,1
1376678251,40,2
1376678293,40,2
1376678470,40,2
1376678516,41,1
1376678597,41,1
1376678640,42,0
1376678707,41,1
1376678951,42,0
1376679555,42,0
1376679644,41,1
1376679694,39,3
1376679758,39,3
1376679826,39,3
1376679856,41,1
1376680183,41,1
1376680483,41,1
1376680486,42,0
1376680785,41,1
1376680813,41,1
1376681417,41,1
1376682020,41,1
1376682624,41,1
1376683227,41,1
1376683831,41,1
1376684434,41,1
1376685038,41,1
1376685642,41,1
1376686245,41,1
1376686849,41,1
1376687452,41,1
1376687976,42,0
1376688580,42,0
1376689184,42,0
1376689788,42,0
1376690393,42,0
1376690630,41,1
1376691234,41,1
1376691838,41,1
1376692442,41,1
1376693042,42,0
1376693646,42,0
1376693761,41,1
1376694387,42,0
1376694990,42,0
1376695594,42,0
1376696197,42,0
1376696801,42,0
1376697404,42,0
1376698008,42,0
1376698611,42,0
1376699215,42,0
1376699819,42,0
1376700422,42,0
1376701026,42,0
1376701630,42,0
1376702233,42,0
1376702837,42,0
1376703440,42,0
1376704114,42,0
1376704199,42,0
1376704802,42,0
1376705406,42,0
1376706009,42,0
1376706613,42,0
1376707216,42,0
1376707820,42,0
1376708424,42,0
1376709027,42,0
1376709631,42,0
1376710235,42,0
1376710838,42,0
1376711442,42,0
1376712046,42,0
1376712649,42,0
1376713253,42,0
1376713856,42,0
1376714460,42,0
1376715063,42,0
1376715667,42,0
1376716270,42,0
1376716874,42,0
1376717477,42,0
1376718081,42,0
1376718684,42,0
1376719288,42,0
1376719891,42,0
1376720495,42,0
1376721098,42,0
1376721390,41,1
1376721993,41,1
1376722597,41,1
1376723201,41,1
1376723804,41,1
1376724408,41,1
1376725011,41,1
1376725197,42,0
1376725433,41,1
1376725543,41,1
1376725573,42,0
1376725891,41,1
1376726495,41,1
1376726862,41,1
1376726902,42,0
1376727343,41,1
1376727396,42,0
1376727999,42,0
1376728435,41,1
1376728915,40,2
1376729518,40,2
1376729626,40,2
1376729628,39,3
1376729893,38,4
1376730238,37,5
1376730365,38,4
1376730757,36,6
1376730973,35,7
1376731325,36,6
1376731931,36,6
1376732536,36,6
1376732626,36,6
1376732649,38,4
1376732944,37,5
1376733166,38,4
1376733769,38,4
1376734241,40,2
1376734845,40,2
1376735205,40,2
1376735248,40,2
1376735352,40,2
1376735410,41,1
1376735534,42,0
1376736139,42,0
1376736743,42,0
1376736992,41,1
1376737009,40,2
1376737613,40,2
1376737723,39,3
1376737764,39,3
1376737835,38,4
1376737882,38,4
1376737908,38,4
1376738512,38,4
1376739116,38,4
1376739511,40,2
1376739556,39,3
1376739983,37,5
1376740239,36,6
1376740250,35,7
1376740854,35,7
1376741457,35,7
1376741601,34,8
1376742205,34,8
1376742540,32,10
1376743144,32,10
1376743524,31,11
1376743966,29,13
1376744018,29,13
1376744043,29,13
1376744647,29,13
1376744756,28,14
1376745100,26,16
1376745222,27,15
1376745251,28,14
1376745329,28,14
1376745370,29,13
1376745779,30,12
1376746004,29,12
1376746065,29,13
1376746206,28,14
1376746810,28,14
1376747032,27,15
1376747199,27,15
1376747233,25,17
1376747493,25,17
1376747530,25,17
1376747736,26,16
1376747855,26,16
1376747946,29,13
1376748102,28,14
1376748166,29,13
1376748180,29,13
1376748258,29,13
1376748310,30,12
1376748359,31,11
1376748725,30,12
1376749241,29,13
1376749290,29,13
1376749358,30,12
1376749683,28,14
1376749757,28,14
1376749835,31,11
1376750290,30,12
1376750560,26,16
1376750586,26,16
1376750675,27,15
1376750769,29,13
1376750825,29,13
1376750913,28,14
1376750944,29,13
1376751137,29,13
1376751176,29,13
1376751276,30,12
1376751308,30,12
1376751373,30,12
1376751466,30,12
1376751512,27,15
1376751646,27,15
1376751697,31,11
1376751765,33,9
1376751785,33,9
1376751880,34,8
1376751946,34,7
1376751999,36,6
1376752117,36,6
1376752161,35,7
1376752241,36,6
1376752332,36,6
1376752377,36,5
1376752433,36,5
1376752544,36,5
1376752606,34,7
1376752633,36,6
1376753206,36,6
1376753208,37,5
1376753344,31,11
1376753439,31,11
1376753474,33,9
1376753805,33,9
1376753827,36,6
1376754105,35,6
1376754160,37,4
1376754224,37,4
1376754253,37,5
1376754294,36,6
1376754464,35,7
1376754491,36,6
1376754618,37,5
1376754747,38,4
1376754942,39,3
1376754970,40,2
1376755115,41,1
1376755185,41,1
1376755208,42,0
1376755283,39,3
1376755342,39,3
1376755449,42,0
1376755633,40,2
1376756025,41,1
1376756027,42,0
1376756438,40,2
1376756504,39,3
1376756563,37,5
1376756616,38,4
1376756867,39,3
1376757165,36,6
1376757226,37,5
1376757269,36,6
1376757334,37,5
1376757376,37,5
1376757420,38,4
1376757726,38,4
1376757823,41,1
1376757877,42,0
1376757958,42,0
1376758598,39,3
1376758666,39,3
1376758697,39,3
1376758895,38,4
1376758957,37,5
1376758975,36,6
1376759358,37,5
1376759566,38,3
1376759625,39,3
1376759680,39,3
1376759692,40,2
1376759961,41,1
1376760271,40,2
1376760343,40,2
1376760733,41,1
1376760866,40,2
1376761352,40,2
1376761408,41,0
1376761467,40,1
1376761544,39,2
1376761602,38,3
1376761666,36,5
1376761720,38,3
1376761956,40,1
1376762560,40,2
1376762924,40,2
1376763038,42,0
1376763105,41,0
1376763119,41,1
1376763705,40,2
1376763835,41,1
1376764000,40,2
1376764120,39,3
1376764160,38,4
1376764199,38,4
1376764260,39,3
1376764332,40,2
1376764935,40,2
1376765538,40,2
1376766142,40,2
1376766605,39,3
1376766855,40,2
1376767212,37,5
1376767843,37,5
1376767901,39,3
1376767951,40,2
1376768555,40,2
1376768708,39,3
1376768971,40,2
1376769574,40,2
1376770178,40,2
1376770781,40,2
1376771389,40,2
1376771992,40,2
1376772596,40,2
1376773200,40,2
1376773804,40,2
1376774407,40,2
1376775010,40,2
1376775614,40,2
1376776218,40,2
1376776821,40,2
1376777425,40,2
1376778028,40,2
1376778632,40,2
1376779235,40,2
1376779839,40,2
1376780442,40,2
1376781046,40,2
1376781649,40,2
1376782253,40,2
1376782857,40,2
1376783461,40,2
1376784064,40,2
1376784667,40,2
1376785271,40,2
1376785875,40,2
1376786284,40,2
1376786346,40,2
1376786396,41,1
1376787001,41,1
1376787605,41,1
1376788209,41,1
1376788814,41,1
1376789418,41,1
1376790021,41,1
1376790514,41,1
1376791118,41,1
1376791721,41,1
1376792325,41,1
1376792929,41,1
1376793532,41,1
1376794136,41,1
1376794739,41,1
1376795343,41,1
1376795946,41,1
1376796550,41,1
1376797153,41,1
1376797756,41,1
1376798360,41,1
1376798963,41,1
1376799567,41,1
1376800170,41,1
1376800774,41,1
1376801378,41,1
1376801983,41,1
1376802587,41,1
1376803191,41,1
1376803795,41,1
1376804400,41,1
1376805005,41,1
1376805609,41,1
1376806212,41,1
1376806817,41,1
1376807421,41,1
1376808025,41,1
1376808628,41,1
1376809232,41,1
1376809836,41,1
1376810230,40,2
1376810834,40,2
1376811438,40,2
1376811823,40,2
1376811832,41,1
1376812439,41,1
1376813043,41,1
1376813647,41,1
1376814146,40,2
1376814750,40,2
1376814927,41,1
1376815533,41,1
1376816141,40,2
1376816172,40,2
1376816257,40,2
1376816286,41,1
1376816890,41,1
1376817493,41,1
1376818097,41,1
1376818490,41,1
1376818571,41,1
1376818616,41,1
1376818707,41,1
1376818746,42,0
1376818961,41,1
1376818984,42,0
1376819588,42,0
1376820020,41,1
1376820638,41,1
1376820676,42,0
1376820863,40,2
1376820944,40,2
1376820968,41,1
1376821110,40,2
1376821273,40,2
1376821370,41,1
1376821751,40,2
1376822314,40,2
1376822553,41,1
1376823121,40,2
1376823273,39,3
1376823693,38,4
1376824298,38,4
1376824314,39,3
1376824919,39,3
1376825227,40,2
1376825604,41,1
1376826209,41,1
1376826742,39,3
1376826922,39,3
1376826993,41,1
1376827602,41,1
1376828206,41,1
1376828810,41,1
1376829414,41,1
1376830018,41,1
1376830553,40,2
1376830785,41,1
1376831389,41,1
1376831753,40,2
1376832064,39,3
1376832154,40,2
1376832329,41,1
1376832451,38,4
1376832488,38,4
