1376208405,29,4
1376209009,29,4
1376209532,29,4
1376209587,30,3
1376210135,28,5
1376210739,28,5
1376211342,28,5
1376211946,28,5
1376212549,28,5
1376213153,28,5
1376213756,28,5
1376213860,24,9
1376214036,25,8
1376214104,26,7
1376214158,27,6
1376214192,28,5
1376214796,28,5
1376215399,28,5
1376215750,26,7
1376216203,23,10
1376216211,22,11
1376216384,21,12
1376216797,21,12
1376216863,22,11
1376216916,25,8
1376217323,25,8
1376217365,26,7
1376217915,24,9
1376218042,22,11
1376218645,22,11
1376219248,22,11
1376219852,22,11
1376220212,21,12
1376220340,21,12
1376220350,22,11
1376220954,22,11
1376221557,22,11
1376222161,22,11
1376222764,22,11
1376223368,22,11
1376223971,22,11
1376224482,22,11
1376224493,23,10
1376224584,24,9
1376225187,24,9
1376225721,23,10
1376226325,23,10
1376226928,23,10
1376227532,23,10
1376227665,23,10
1376227667,22,11
1376227837,20,12
1376227903,21,12
1376227912,20,13
1376228118,21,12
1376228722,21,12
1376229326,21,12
1376229441,23,10
1376230044,23,10
1376230648,23,10
1376231252,23,10
1376231855,23,10
1376232459,23,10
1376233063,23,10
1376233104,22,11
1376233539,23,10
1376233605,23,10
1376233613,24,9
1376234217,24,9
1376234312,24,9
1376234384,24,9
1376234443,24,9
1376234488,25,8
1376234581,25,8
1376234676,25,8
1376234892,24,9
1376235265,25,8
1376235399,24,9
1376235407,23,10
1376235987,21,12
1376236121,23,10
1376236452,23,10
1376236511,25,8
1376236887,23,10
1376237490,23,10
1376237683,24,9
1376237730,25,8
1376238216,25,8
1376238271,25,8
1376238308,25,8
1376238409,25,8
1376238520,25,8
1376238529,26,7
1376238687,27,6
1376238953,28,5
1376239541,28,5
1376239586,29,4
1376239626,30,3
1376240233,29,4
1376240837,29,4
1376241441,29,4
1376241784,30,3
1376242273,30,3
1376242342,31,2
1376242409,31,2
1376242478,31,2
1376242500,32,1
1376243135,33,0
1376243739,33,0
1376244342,33,0
1376244946,33,0
1376245549,33,0
1376246153,33,0
1376246759,33,0
1376247363,33,0
1376247795,32,1
1376248399,32,1
1376249002,32,1
1376249606,32,1
1376250218,32,1
1376250269,33,0
1376250873,33,0
1376251477,33,0
1376252080,33,0
1376252684,33,0
1376253287,33,0
1376253891,33,0
1376254494,33,0
1376254655,32,1
1376255258,32,1
1376255862,32,1
1376255980,33,0
1376256583,33,0
1376257186,33,0
1376257790,33,0
1376258394,33,0
1376258997,33,0
1376259601,33,0
1376260204,33,0
1376260808,33,0
1376261411,33,0
1376262014,33,0
1376262618,33,0
1376263222,33,0
1376263825,33,0
1376264428,33,0
1376264789,32,1
1376265393,32,1
1376265997,32,1
1376266600,32,1
1376267204,32,1
1376267808,32,1
1376268411,32,1
1376269015,32,1
1376269618,32,1
1376270222,32,1
1376270319,32,1
1376270329,33,0
1376270932,33,0
1376271536,33,0
1376272175,33,0
1376272778,33,0
1376273382,33,0
1376273985,33,0
1376274589,33,0
1376275192,33,0
1376275796,33,0
1376276399,33,0
1376277003,33,0
1376277607,33,0
1376278210,33,0
1376278813,33,0
1376279417,33,0
1376280021,33,0
1376280624,33,0
1376281228,33,0
1376281831,33,0
1376282434,33,0
1376283038,33,0
1376283642,33,0
1376284245,33,0
1376284849,33,0
1376285452,33,0
1376286056,33,0
1376286659,33,0
1376287263,33,0
1376287866,33,0
1376288470,33,0
1376289073,33,0
1376289677,33,0
1376290280,33,0
1376290884,33,0
1376291487,33,0
1376292091,33,0
1376292487,33,0
1376293091,33,0
1376293694,33,0
1376294298,33,0
1376294901,33,0
1376295354,32,1
1376295452,32,1
1376295505,33,0
1376296108,33,0
1376296712,33,0
1376297315,33,0
1376297919,33,0
1376298522,33,0
1376299126,33,0
1376299729,33,0
1376300333,33,0
1376300936,33,0
1376301540,33,0
1376302144,33,0
1376302747,33,0
1376303351,33,0
1376303954,33,0
1376304557,33,0
1376305161,33,0
1376305764,33,0
1376306368,33,0
1376306971,33,0
1376307575,33,0
1376308179,33,0
1376308782,33,0
1376309386,33,0
1376309989,33,0
1376310593,33,0
1376311196,33,0
1376311800,33,0
1376312403,33,0
1376313007,33,0
1376313610,33,0
1376314214,33,0
1376314818,33,0
1376315421,33,0
1376316025,33,0
1376316628,33,0
1376317232,33,0
1376317835,33,0
1376318439,33,0
1376318858,32,1
1376319109,31,2
1376319237,32,1
1376319675,31,2
1376320003,31,2
1376320005,30,3
1376320295,33,0
1376320899,33,0
1376321503,33,0
1376322106,33,0
1376322740,32,1
1376322806,31,2
1376323081,33,0
1376323685,33,0
1376324288,33,0
1376324892,33,0
1376325496,33,0
1376325781,32,1
1376326384,32,1
1376326988,32,1
1376327591,32,1
1376328195,32,1
1376328798,32,1
1376329351,33,0
1376329955,33,0
1376330558,33,0
1376331162,33,0
1376331765,33,0
1376332369,33,0
1376332972,33,0
1376333576,33,0
1376334179,33,0
1376334783,33,0
1376335386,33,0
1376335990,33,0
1376336593,33,0
1376337197,33,0
1376337279,32,1
1376337295,31,2
1376337899,31,2
1376338502,31,2
1376339105,31,2
1376339709,31,2
1376340313,31,2
1376340916,31,2
1376341520,31,2
1376342123,31,2
1376342727,31,2
1376343331,31,2
1376343934,31,2
1376344482,31,2
1376344524,31,2
1376344583,31,2
1376344652,32,1
1376345255,32,1
1376345859,32,1
1376346462,32,1
1376347066,32,1
1376347669,32,1
1376348273,32,1
1376348876,32,1
1376349480,32,1
1376350083,32,1
1376350687,32,1
1376351291,32,1
1376351894,32,1
1376352498,32,1
1376353101,32,1
1376353705,32,1
1376354308,32,1
1376354912,32,1
1376355515,32,1
1376356119,32,1
1376356722,32,1
1376357326,32,1
1376357929,32,1
1376358573,32,1
1376359177,32,1
1376359780,32,1
1376360383,32,1
1376360987,32,1
1376361590,32,1
1376362194,32,1
1376362797,32,1
1376363401,32,1
1376364004,32,1
1376364608,32,1
1376365212,32,1
1376365816,32,1
1376366419,32,1
1376367023,32,1
1376367626,32,1
1376368230,32,1
1376368834,32,1
1376369437,32,1
1376370041,32,1
1376370644,32,1
1376371248,32,1
1376371851,32,1
1376372161,31,2
1376372246,31,2
1376372301,32,1
1376372904,32,1
1376373508,32,1
1376374112,32,1
1376374715,32,1
1376375319,32,1
1376375922,32,1
1376376525,32,1
1376377129,32,1
1376377733,32,1
1376378336,32,1
1376378940,32,1
1376379543,32,1
1376380149,32,1
1376380753,32,1
1376381356,32,1
1376381960,32,1
1376382563,32,1
1376383167,32,1
1376383770,32,1
1376384374,32,1
1376384978,32,1
1376385581,32,1
1376386185,32,1
1376386789,32,1
1376387392,32,1
1376387995,32,1
1376388599,32,1
1376389203,32,1
1376389604,31,2
1376390119,29,3
1376390185,29,3
1376390218,29,4
1376390348,29,4
1376390952,29,4
1376391555,29,4
1376392159,29,4
1376392762,29,4
1376393366,29,4
1376393969,29,4
1376394102,30,3
1376394705,30,3
1376395309,30,3
1376395912,30,3
1376396516,30,3
1376397119,30,3
1376397723,30,3
1376397808,28,5
1376398412,28,5
1376399016,28,5
1376399619,28,5
1376400223,28,5
1376400826,28,5
1376401430,28,5
1376402034,28,5
1376402637,28,5
1376403241,28,5
1376403845,28,5
1376404448,28,5
1376405051,28,5
1376405655,28,5
1376405743,28,5
1376405748,26,7
1376405982,26,7
1376406011,28,5
1376406614,28,5
1376407218,28,5
1376407821,28,5
1376408425,28,5
1376408595,28,5
1376408682,28,5
1376408852,28,5
1376408911,29,4
1376409061,29,4
1376409108,30,3
1376409711,30,3
1376409923,29,4
1376409947,28,5
1376410270,30,3
1376410874,30,3
1376411477,30,3
1376412081,30,3
1376412685,30,3
1376413288,30,3
1376413842,30,3
1376413849,31,2
1376414453,31,2
1376415056,31,2
1376415660,31,2
1376416264,31,2
1376416867,31,2
1376417471,31,2
1376417742,32,1
1376418346,32,1
1376418950,32,1
1376419553,32,1
1376419682,33,0
1376420285,33,0
1376420889,33,0
1376421493,33,0
1376422096,33,0
1376422700,33,0
1376423303,33,0
1376423907,33,0
1376424510,33,0
1376425114,33,0
1376425717,33,0
1376426321,33,0
1376426924,33,0
1376427528,33,0
1376428131,33,0
1376428735,33,0
1376429338,33,0
1376429942,33,0
1376430545,33,0
1376431149,33,0
1376431752,33,0
1376432356,33,0
1376432959,33,0
1376433563,33,0
1376434166,33,0
1376434769,33,0
1376435373,33,0
1376435977,33,0
1376436580,33,0
1376437184,33,0
1376437787,33,0
1376438390,33,0
1376438994,33,0
1376439597,33,0
1376440201,33,0
1376440447,32,1
1376441051,32,1
1376441654,32,1
1376442257,32,1
1376442861,32,1
1376443465,32,1
1376444068,32,1
1376444672,32,1
1376444973,32,1
1376445577,32,1
1376446180,32,1
1376446784,32,1
1376447388,32,1
1376447991,32,1
1376448595,32,1
1376449199,32,1
1376449802,32,1
1376450406,32,1
1376451009,32,1
1376451613,32,1
1376452216,32,1
1376452820,32,1
1376453423,32,1
1376454027,32,1
1376454630,32,1
1376455234,32,1
1376455837,32,1
1376456441,32,1
1376457045,32,1
1376457648,32,1
1376458252,32,1
1376458855,32,1
1376459459,32,1
1376459803,32,1
1376459821,33,0
1376460424,33,0
1376461028,33,0
1376461631,33,0
1376462170,33,0
1376462316,32,1
1376462919,32,1
1376463522,32,1
1376464126,32,1
1376464730,32,1
1376465333,32,1
1376465937,32,1
1376466540,32,1
1376467144,32,1
1376467748,32,1
1376468351,32,1
1376468955,32,1
1376469558,32,1
1376470162,32,1
1376470766,32,1
1376471369,32,1
1376471973,32,1
1376472576,32,1
1376473180,32,1
1376473784,32,1
1376474387,32,1
1376474991,32,1
1376475595,32,1
1376476071,31,2
1376476674,31,2
1376477278,31,2
1376477881,31,2
1376478485,31,2
1376479089,31,2
1376479692,31,2
1376480048,30,3
1376480622,30,3
1376480631,31,2
1376481234,31,2
1376481837,31,2
1376482441,31,2
1376483045,31,2
1376483648,31,2
1376484252,31,2
1376484855,31,2
1376485102,30,3
1376485477,29,4
1376485531,30,3
1376486134,30,3
1376486738,30,3
1376487342,30,3
1376487946,30,3
1376488549,30,3
1376489153,30,3
1376489757,30,3
1376490360,30,3
1376490963,30,3
1376491422,29,4
1376492025,29,4
1376492628,29,4
1376493232,29,4
1376493454,29,4
1376493506,30,3
1376494109,30,3
1376494713,30,3
1376494855,28,5
1376495458,28,5
1376496062,28,5
1376496665,28,5
1376497269,28,5
1376497872,28,5
1376498476,28,5
1376498724,28,5
1376498775,29,4
1376498816,30,3
1376499101,29,4
1376499704,29,4
1376500057,30,3
1376500084,31,2
1376500687,31,2
1376501067,31,2
1376501115,32,1
1376501512,33,0
1376502117,33,0
1376502720,33,0
1376503324,33,0
1376503955,32,1
1376504441,31,2
1376504495,31,2
1376504525,31,2
1376505127,31,2
1376505730,31,2
1376506334,31,2
1376506938,31,2
1376507541,31,2
1376508145,31,2
1376508748,31,2
1376509352,31,2
1376509647,32,1
1376510251,32,1
1376510855,32,1
1376511459,32,1
1376512062,32,1
1376512666,32,1
1376513270,32,1
1376513873,32,1
1376514477,32,1
1376515081,32,1
1376515684,32,1
1376516288,32,1
1376516891,32,1
1376517495,32,1
1376518098,32,1
1376518702,32,1
1376519010,33,0
1376519614,33,0
1376520218,33,0
1376520821,33,0
1376521362,32,1
1376521966,32,1
1376522570,32,1
1376523173,32,1
1376523776,32,1
1376524380,32,1
1376524984,32,1
1376525587,32,1
1376526191,32,1
1376526794,32,1
1376527398,32,1
1376528001,32,1
1376528605,32,1
1376529208,32,1
1376529812,32,1
1376530415,32,1
1376531019,32,1
1376531370,32,1
1376531456,32,1
1376532059,32,1
1376532663,32,1
1376533266,32,1
1376533870,32,1
1376534473,32,1
1376535077,32,1
1376535680,32,1
1376536284,32,1
1376536888,32,1
1376537491,32,1
1376538095,32,1
1376538698,32,1
1376539302,32,1
1376539905,32,1
1376540509,32,1
1376541112,32,1
1376541716,32,1
1376542319,32,1
1376542923,32,1
1376543526,32,1
1376544132,32,1
1376544736,32,1
1376545339,32,1
1376545943,32,1
1376546546,32,1
1376547150,32,1
1376547754,32,1
1376548357,32,1
1376548960,32,1
1376549564,32,1
1376550168,32,1
1376550771,32,1
1376551375,32,1
1376551978,32,1
1376552582,32,1
1376553185,32,1
1376553789,32,1
1376554392,32,1
1376554996,32,1
1376555599,32,1
1376556203,32,1
1376556251,32,1
1376556854,32,1
1376557458,32,1
1376558061,32,1
1376558665,32,1
1376559268,32,1
1376559872,32,1
1376560476,32,1
1376561079,32,1
1376561683,32,1
1376562286,32,1
1376562890,32,1
1376563493,32,1
1376564097,32,1
1376564701,32,1
1376565304,32,1
1376565908,32,1
1376566031,30,3
1376566635,30,3
1376567238,30,3
1376567842,30,3
1376567930,28,5
1376568534,28,5
1376569137,28,5
1376569741,28,5
1376570344,28,5
1376570948,28,5
1376571551,28,5
1376572155,28,5
1376572579,30,3
1376573123,29,4
1376573726,29,4
1376573957,27,6
1376574560,27,6
1376575164,27,6
1376575767,27,6
1376576036,26,7
1376576640,26,7
1376576795,27,6
1376576862,29,4
1376576906,29,4
1376576950,29,4
1376577075,28,5
1376577135,28,5
1376577222,30,3
1376577369,30,3
1376577463,31,2
1376577476,31,2
1376577562,32,1
1376577972,30,3
1376578576,30,3
1376579179,30,3
1376579242,30,3
1376579321,31,2
1376579370,31,2
1376579410,33,0
1376580014,33,0
1376580617,33,0
1376581221,33,0
1376581824,33,0
1376582428,33,0
1376583032,33,0
1376583635,33,0
1376584239,33,0
1376584842,33,0
1376585445,33,0
1376585952,32,1
1376586338,31,2
1376586625,29,4
1376586883,29,4
1376586893,31,2
1376587460,30,3
1376587582,30,3
1376587615,31,2
1376588218,31,2
1376588822,31,2
1376589425,31,2
1376590029,31,2
1376590632,31,2
1376591005,30,3
1376591275,31,2
1376591878,31,2
1376592482,31,2
1376592575,30,3
1376593179,30,3
1376593782,30,3
1376594166,32,1
1376594431,33,0
1376595035,33,0
1376595638,33,0
1376596242,33,0
1376596845,33,0
1376597258,32,1
1376597284,32,1
1376597887,32,1
1376598490,32,1
1376599094,32,1
1376599697,32,1
1376599900,31,2
1376600298,32,1
1376600901,32,1
1376601505,32,1
1376602109,32,1
1376602712,32,1
1376603316,32,1
1376603919,32,1
1376604523,32,1
1376605126,32,1
1376605730,32,1
1376606333,32,1
1376606937,32,1
1376607541,32,1
1376608144,32,1
1376608748,32,1
1376609351,32,1
1376609955,32,1
1376610558,32,1
1376611162,32,1
1376611765,32,1
1376612369,32,1
1376612973,32,1
1376613576,32,1
1376614180,32,1
1376614783,32,1
1376615387,32,1
1376615990,32,1
1376616594,32,1
1376617197,32,1
1376617776,32,1
1376618380,32,1
1376618983,32,1
1376619586,32,1
1376620190,32,1
1376620794,32,1
1376621398,32,1
1376622001,32,1
1376622604,32,1
1376623208,32,1
1376623812,32,1
1376624415,32,1
1376625019,32,1
1376625622,32,1
1376626226,32,1
1376626829,32,1
1376627433,32,1
1376628036,32,1
1376628640,32,1
1376629244,32,1
1376629847,32,1
1376630451,32,1
1376630851,32,1
1376631455,32,1
1376632059,32,1
1376632662,32,1
1376633266,32,1
1376633870,32,1
1376634473,32,1
1376635077,32,1
1376635680,32,1
1376636284,32,1
1376636887,32,1
1376637491,32,1
1376638095,32,1
1376638698,32,1
1376639301,32,1
1376639905,32,1
1376640508,32,1
1376641112,32,1
1376641715,32,1
1376642319,32,1
1376642923,32,1
1376643526,32,1
1376644130,32,1
1376644733,32,1
1376645337,32,1
1376645940,32,1
1376646544,32,1
1376647147,32,1
1376647751,32,1
1376648354,32,1
1376648958,32,1
1376649561,32,1
1376650164,32,1
1376650768,32,1
1376651372,32,1
1376651975,32,1
1376652579,32,1
1376653182,32,1
1376653786,32,1
1376654388,32,1
1376654992,32,1
1376655595,32,1
1376656199,32,1
1376656802,32,1
1376657406,32,1
1376658010,32,1
1376658512,31,2
1376659116,31,2
1376659721,31,2
1376660325,31,2
1376660936,31,2
1376661047,31,2
1376661650,31,2
1376662057,31,2
1376662660,31,2
1376662772,31,2
1376663375,31,2
1376663979,31,2
1376664367,32,1
1376664971,32,1
1376665457,31,2
1376665527,31,2
1376665594,31,2
1376665607,31,2
1376665784,31,2
1376665842,31,2
1376665866,31,2
1376665952,31,2
1376666020,31,2
1376666053,31,2
1376666124,31,2
1376666298,31,2
1376666368,31,2
1376666624,31,2
1376667238,30,3
1376667402,30,3
1376667405,31,2
1376667543,30,3
1376668146,30,3
1376668750,30,3
1376668971,30,3
1376669200,30,3
1376669381,30,3
1376669576,30,3
1376669936,30,3
1376670193,31,2
1376670796,31,2
1376671400,31,2
1376672025,30,3
1376672316,31,2
1376672665,32,1
1376672708,32,1
1376672749,33,0
1376673352,33,0
1376673956,33,0
1376674559,33,0
1376675163,33,0
1376675799,33,0
1376676402,33,0
1376677006,33,0
1376677609,33,0
1376678213,33,0
1376678816,33,0
1376679420,33,0
1376680023,33,0
1376680627,33,0
1376681230,33,0
1376681834,33,0
1376682437,33,0
1376683041,33,0
1376683644,33,0
1376684248,33,0
1376684851,33,0
1376685455,33,0
1376686058,33,0
1376686662,33,0
1376687241,32,1
1376687846,32,1
1376688450,32,1
1376689053,32,1
1376689657,32,1
1376690261,32,1
1376690864,32,1
1376691468,32,1
1376692071,32,1
1376692675,32,1
1376693278,32,1
1376693882,32,1
1376694485,32,1
1376695089,32,1
1376695692,32,1
1376696296,32,1
1376696900,32,1
1376697503,32,1
1376698107,32,1
1376698710,32,1
1376699314,32,1
1376699918,32,1
1376700521,32,1
1376701124,32,1
1376701728,32,1
1376702332,32,1
1376702935,32,1
1376703539,32,1
1376704170,32,1
1376704256,32,1
1376704861,32,1
1376705465,32,1
1376706068,32,1
1376706672,32,1
1376707275,32,1
1376707879,32,1
1376708482,32,1
1376709085,32,1
1376709689,32,1
1376710293,32,1
1376710896,32,1
1376711500,32,1
1376712104,32,1
1376712707,32,1
1376713311,32,1
1376713914,32,1
1376714518,32,1
1376715121,32,1
1376715725,32,1
1376716329,32,1
1376716932,32,1
1376717535,32,1
1376718139,32,1
1376718743,32,1
1376719346,32,1
1376719950,32,1
1376720554,32,1
1376721158,32,1
1376721761,32,1
1376722365,32,1
1376722968,32,1
1376723572,32,1
1376724175,32,1
1376724779,32,1
1376725382,32,1
1376725986,32,1
1376726589,32,1
1376727193,32,1
1376727796,32,1
1376728400,32,1
1376729003,32,1
1376729607,32,1
1376730211,32,1
1376730814,32,1
1376731418,32,1
1376732023,32,1
1376732627,32,1
1376733230,32,1
1376733834,32,1
1376734437,32,1
1376734670,31,2
1376734778,31,2
1376734819,31,2
1376734848,32,1
1376735452,32,1
1376736055,32,1
1376736658,32,1
1376737262,32,1
1376737865,32,1
1376738469,32,1
1376738767,33,0
1376739371,33,0
1376739974,33,0
1376740578,33,0
1376741181,33,0
1376741785,33,0
1376742388,33,0
1376742992,33,0
1376743595,33,0
1376744199,33,0
1376744802,33,0
1376745406,33,0
1376746009,33,0
1376746613,33,0
1376747216,33,0
1376747820,33,0
1376748424,33,0
1376749027,33,0
1376749631,33,0
1376750234,33,0
1376750838,33,0
1376751441,33,0
1376751840,32,1
1376752444,32,1
1376752581,31,2
1376753185,31,2
1376753788,31,2
1376754392,31,2
1376754572,31,2
1376754613,32,1
1376755216,32,1
1376755601,33,0
1376756205,33,0
1376756808,33,0
1376757033,31,2
1376757636,31,2
1376758243,31,2
1376758725,32,1
1376758783,32,1
1376758794,33,0
1376759397,33,0
1376760001,33,0
1376760605,33,0
1376761208,33,0
1376761812,33,0
1376761857,32,1
1376762018,32,1
1376762045,32,1
1376762435,32,1
1376762467,33,0
1376763071,33,0
1376763675,33,0
1376764183,32,1
1376764787,32,1
1376765390,32,1
1376765994,32,1
1376766597,32,1
1376767201,32,1
1376767365,32,1
1376767370,30,3
1376767974,30,3
1376768577,30,3
1376769181,30,3
1376769703,30,3
1376769743,30,3
1376770145,30,3
1376770748,30,3
1376771352,30,3
1376771558,31,2
1376771617,32,1
1376772220,32,1
1376772546,31,2
1376772618,30,3
1376773106,30,3
1376773180,32,1
1376773202,33,0
1376773806,33,0
1376774409,33,0
1376775012,33,0
1376775616,33,0
1376776220,33,0
1376776824,33,0
1376777427,33,0
1376778031,33,0
1376778634,33,0
1376779238,33,0
1376779841,33,0
1376780445,33,0
1376781049,33,0
1376781653,33,0
1376782256,33,0
1376782859,33,0
1376783463,33,0
1376784067,33,0
1376784670,33,0
1376785274,33,0
1376785877,33,0
1376786481,33,0
1376787086,33,0
1376787690,33,0
1376788294,33,0
1376788897,33,0
1376789501,33,0
1376790104,33,0
1376790576,33,0
1376791180,33,0
1376791784,33,0
1376792387,33,0
1376792990,33,0
1376793594,33,0
1376794198,33,0
1376794801,33,0
1376795405,33,0
1376796008,33,0
1376796612,33,0
1376797215,33,0
1376797819,33,0
1376798422,33,0
1376799026,33,0
1376799629,33,0
1376800233,33,0
1376800836,33,0
1376801440,33,0
1376802043,33,0
1376802647,33,0
1376803251,33,0
1376803854,33,0
1376804458,33,0
1376805061,33,0
1376805665,33,0
1376806269,33,0
1376806872,33,0
1376807476,33,0
1376808079,33,0
1376808683,33,0
1376809286,33,0
1376809890,33,0
1376810493,33,0
1376811097,33,0
1376811701,33,0
1376812305,33,0
1376812909,33,0
1376813512,33,0
1376813898,33,0
1376814502,33,0
1376815105,33,0
1376815709,33,0
1376816312,33,0
1376816916,33,0
1376817519,33,0
1376818127,33,0
1376818731,33,0
1376819334,33,0
1376819938,33,0
1376820542,33,0
1376821145,33,0
1376821749,33,0
1376822352,33,0
1376822956,33,0
1376823395,33,0
1376823999,33,0
1376824602,33,0
1376825206,33,0
1376825810,33,0
1376826413,33,0
1376827017,33,0
1376827620,33,0
1376828224,33,0
1376828828,33,0
1376828925,33,0
1376828927,32,1
1376829143,33,0
1376829746,33,0
1376830350,33,0
1376830795,33,0
1376831399,33,0
1376832002,33,0
1376832463,33,0
1376832468,33,0
