1376208400,22,11
1376209004,22,11
1376209607,22,11
1376210211,22,11
1376210814,22,11
1376211418,22,11
1376212021,22,11
1376212625,22,11
1376213229,22,11
1376213721,21,12
1376214325,21,12
1376214723,22,11
1376214913,21,12
1376215516,21,12
1376215783,20,13
1376216387,20,13
1376216990,20,13
1376217104,21,12
1376217629,21,12
1376217703,23,10
1376217728,24,9
1376217791,23,10
1376217874,23,10
1376217943,23,10
1376218069,24,9
1376218303,23,10
1376218399,24,9
1376218471,25,8
1376218578,23,10
1376219120,24,9
1376219724,24,9
1376220327,24,9
1376220931,24,9
1376221199,23,10
1376221479,23,10
1376221652,23,10
1376221699,24,9
1376221783,24,9
1376221814,25,8
1376222324,25,8
1376222345,25,8
1376222398,25,8
1376222508,25,8
1376222543,27,6
1376223007,28,5
1376223611,28,5
1376224214,28,5
1376224290,28,5
1376224340,29,4
1376224943,29,4
1376225096,30,3
1376225700,30,3
1376225974,29,4
1376226575,28,5
1376227178,28,5
1376227782,28,5
1376228385,28,5
1376228443,29,4
1376228965,30,3
1376229000,31,2
1376229604,31,2
1376230124,30,3
1376230659,29,4
1376230867,30,3
1376230963,30,3
1376231001,29,4
1376231250,30,3
1376231553,30,3
1376231588,31,2
1376232191,31,2
1376232795,31,2
1376233148,30,3
1376233752,30,3
1376234045,31,2
1376234648,31,2
1376235251,31,2
1376235314,29,4
1376235918,29,4
1376236521,29,4
1376236904,29,4
1376236906,30,3
1376237238,29,4
1376237408,28,5
1376237923,28,5
1376237927,27,6
1376238351,25,8
1376238955,25,8
1376239558,25,8
1376239999,26,7
1376240603,26,7
1376241206,26,7
1376241810,26,7
1376242084,27,6
1376242201,27,6
1376242296,28,5
1376242469,27,6
1376242498,28,5
1376243102,28,5
1376243706,28,5
1376244309,28,5
1376244840,27,6
1376245444,27,6
1376246048,27,6
1376246651,27,6
1376247254,27,6
1376247858,27,6
1376248475,29,4
1376249078,29,4
1376249682,29,4
1376250285,29,4
1376250376,27,6
1376250980,27,6
1376251583,27,6
1376252187,27,6
1376252676,28,5
1376252689,29,4
1376253292,29,4
1376253896,29,4
1376254105,28,5
1376254708,28,5
1376255084,28,5
1376255087,29,4
1376255311,30,3
1376255914,30,3
1376256518,30,3
1376256601,31,2
1376257204,31,2
1376257808,31,2
1376258411,31,2
1376258979,30,3
1376259315,29,4
1376259919,29,4
1376260523,29,4
1376261126,29,4
1376261730,29,4
1376262334,29,4
1376262937,29,4
1376263541,29,4
1376264145,29,4
1376264748,29,4
1376264960,30,3
1376265563,30,3
1376266167,30,3
1376266770,30,3
1376267374,30,3
1376267881,31,2
1376268484,31,2
1376269088,31,2
1376269691,31,2
1376270010,31,2
1376270614,31,2
1376271217,31,2
1376271821,31,2
1376272424,31,2
1376273028,31,2
1376273631,31,2
1376274235,31,2
1376274839,31,2
1376275442,31,2
1376276046,31,2
1376276649,31,2
1376277253,31,2
1376277857,31,2
1376278460,31,2
1376279063,31,2
1376279667,31,2
1376280271,31,2
1376280874,31,2
1376281477,31,2
1376282081,31,2
1376282684,31,2
1376283288,31,2
1376283892,31,2
1376284495,31,2
1376285099,31,2
1376285394,30,3
1376285998,30,3
1376286601,30,3
1376287205,30,3
1376287654,31,2
1376288257,31,2
1376288861,31,2
1376289465,31,2
1376290068,31,2
1376290608,30,3
1376290699,29,3
1376290779,29,3
1376290898,30,2
1376291501,30,2
1376291723,31,2
1376292250,30,3
1376292697,31,2
1376293301,31,2
1376293904,31,2
1376294507,31,2
1376294681,30,3
1376294983,31,2
1376295586,31,2
1376296190,31,2
1376296276,31,2
1376296880,31,2
1376297483,31,2
1376297541,31,2
1376298145,31,2
1376298748,31,2
1376299352,31,2
1376299728,30,3
1376300332,30,3
1376300935,30,3
1376301223,29,4
1376301590,28,5
1376302194,28,5
1376302538,27,6
1376302769,28,5
1376303372,28,5
1376303700,29,4
1376304304,29,4
1376304702,30,3
1376305301,30,2
1376305311,31,2
1376305451,30,3
1376305841,30,3
1376305850,31,2
1376306454,31,2
1376307057,31,2
1376307661,31,2
1376308264,31,2
1376308868,31,2
1376308998,30,3
1376309109,31,2
1376309712,31,2
1376310198,31,2
1376310318,32,1
1376310419,31,2
1376310980,30,3
1376311584,30,3
1376312187,30,3
1376312333,31,2
1376312937,31,2
1376313540,31,2
1376314144,31,2
1376314747,31,2
1376315351,31,2
1376315954,31,2
1376316558,31,2
1376317032,30,3
1376317533,31,2
1376318047,31,2
1376318651,31,2
1376319254,31,2
1376319871,30,3
1376319973,31,2
1376320577,31,2
1376320803,30,3
1376321407,30,3
1376322010,30,3
1376322160,31,2
1376322764,31,2
1376323367,31,2
1376323764,30,3
1376324357,29,4
1376324441,28,5
1376324888,29,4
1376325069,28,5
1376325680,29,4
1376326283,29,4
1376326332,28,5
1376326935,28,5
1376327538,28,5
1376327802,26,7
1376327935,25,8
1376328538,25,8
1376328628,24,9
1376329232,24,9
1376329835,24,9
1376330079,23,10
1376330304,23,10
1376330907,23,10
1376331210,23,10
1376331227,24,9
1376331533,23,10
1376331664,24,9
1376332269,24,9
1376332871,24,9
1376333474,24,9
1376334078,24,9
1376334681,24,9
1376334823,23,10
1376334826,22,11
1376334918,21,12
1376335522,21,12
1376335623,20,13
1376336227,20,13
1376336662,19,14
1376337265,19,14
1376337869,19,14
1376338472,19,14
1376338595,18,15
1376338817,17,16
1376339420,17,16
1376339557,18,15
1376339799,17,16
1376340402,17,16
1376341006,17,16
1376341609,17,16
1376342213,17,16
1376342793,16,17
1376343397,16,17
1376344000,16,17
1376344270,15,18
1376344873,15,18
1376345477,15,18
1376346040,16,17
1376346381,17,16
1376346984,17,16
1376347588,17,16
1376348192,17,16
1376348795,17,16
1376349399,17,16
1376350002,17,16
1376350606,17,16
1376351209,17,16
1376351813,17,16
1376352417,17,16
1376353020,17,16
1376353624,17,16
1376354228,17,16
1376354831,17,16
1376355435,17,16
1376356038,17,16
1376356409,17,16
1376357012,17,16
1376357616,17,16
1376358220,17,16
1376358823,17,16
1376359427,17,16
1376360030,17,16
1376360634,17,16
1376361237,17,16
1376361841,17,16
1376362444,17,16
1376363048,17,16
1376363651,17,16
1376364255,17,16
1376364859,17,16
1376365463,17,16
1376366066,17,16
1376366670,17,16
1376367274,17,16
1376367733,16,17
1376368295,17,16
1376368899,17,16
1376369503,17,16
1376370106,17,16
1376370710,17,16
1376371313,17,16
1376371505,18,15
1376372108,18,15
1376372155,19,14
1376372758,19,14
1376373361,19,14
1376373999,19,14
1376374009,20,13
1376374201,20,13
1376374297,20,13
1376374359,20,13
1376374396,21,12
1376374859,22,11
1376374942,23,10
1376375545,23,10
1376375981,24,9
1376376037,23,10
1376376161,24,9
1376376743,23,10
1376376821,23,10
1376376830,24,9
1376377289,23,10
1376377460,24,9
1376377706,23,10
1376377740,24,9
1376377805,25,8
1376378016,24,9
1376378109,25,8
1376378257,25,8
1376378288,28,5
1376378377,26,7
1376378419,28,5
1376379023,28,5
1376379626,28,5
1376379877,29,4
1376380363,30,3
1376380416,30,3
1376381019,30,3
1376381623,30,3
1376382226,30,3
1376382641,30,3
1376383245,30,3
1376383848,30,3
1376384452,30,3
1376384897,31,2
1376385501,31,2
1376386104,31,2
1376386708,31,2
1376387311,31,2
1376387915,31,2
1376388518,31,2
1376389122,31,2
1376389224,30,3
1376389541,30,3
1376389551,31,2
1376390154,31,2
1376390499,30,3
1376390754,31,2
1376391358,31,2
1376391962,31,2
1376392565,31,2
1376393169,31,2
1376393773,31,2
1376394376,31,2
1376394979,31,2
1376395143,30,3
1376395747,30,3
1376396214,30,3
1376396817,30,3
1376397371,31,2
1376397856,30,3
1376398460,30,3
1376398853,29,4
1376399140,28,5
1376399194,27,6
1376399797,27,6
1376399945,26,7
1376400511,27,6
1376400718,26,7
1376401321,26,7
1376401925,26,7
1376402356,27,6
1376402862,27,6
1376402865,26,7
1376403468,26,7
1376403752,25,8
1376403813,26,7
1376403853,27,6
1376404471,28,5
1376404829,27,6
1376405201,27,6
1376405213,25,8
1376405504,22,11
1376405879,23,10
1376406483,23,10
1376407087,23,10
1376407601,24,9
1376408197,23,10
1376408439,24,9
1376408510,23,10
1376408665,22,11
1376409161,21,12
1376409224,21,12
1376409236,21,12
1376409402,21,12
1376409405,22,11
1376410008,22,11
1376410611,22,11
1376411215,22,11
1376411704,21,12
1376411972,21,12
1376412575,21,12
1376412656,20,13
1376413210,19,14
1376413755,20,13
1376414000,21,12
1376414034,20,13
1376414440,20,13
1376414545,21,12
1376414586,22,11
1376414665,21,12
1376414906,20,13
1376415510,20,13
1376415733,19,14
1376416336,19,14
1376416503,18,15
1376416700,17,16
1376416839,16,17
1376417022,16,17
1376417066,17,16
1376417670,17,16
1376418273,17,16
1376418402,16,17
1376418641,15,18
1376419244,15,18
1376419848,15,18
1376420451,15,18
1376420652,14,19
1376421256,14,19
1376421558,15,18
1376422162,15,18
1376422765,15,18
1376423109,14,19
1376423314,13,20
1376423756,14,19
1376424359,14,19
1376424963,14,19
1376425034,12,21
1376425638,12,21
1376426241,12,21
1376426845,12,21
1376427267,11,22
1376427870,11,22
1376428112,10,23
1376428227,9,24
1376428830,9,24
1376429096,10,23
1376429563,9,24
1376430167,9,24
1376430770,9,24
1376431374,9,24
1376431977,9,24
1376432338,8,25
1376432941,8,25
1376433545,8,25
1376433665,9,24
1376434268,9,24
1376434872,9,24
1376435310,8,25
1376435914,8,25
1376436517,8,25
1376437121,8,25
1376437725,8,25
1376438329,8,25
1376438884,7,26
1376439488,7,26
1376439572,7,26
1376439608,8,25
1376440212,8,25
1376440816,8,25
1376441419,8,25
1376442023,8,25
1376442810,8,25
1376443413,8,25
1376444017,8,25
1376444620,8,25
1376445224,8,25
1376445827,8,25
1376446431,8,25
1376447034,8,25
1376447684,8,25
1376447686,9,24
1376448290,9,24
1376448894,9,24
1376449497,9,24
1376450101,9,24
1376450705,9,24
1376451308,9,24
1376451668,10,23
1376452272,10,23
1376452876,10,23
1376453479,10,23
1376454083,10,23
1376454686,10,23
1376455290,10,23
1376455894,10,23
1376456498,10,23
1376457101,10,23
1376457705,10,23
1376457867,11,22
1376458470,11,22
1376459074,11,22
1376459622,11,22
1376459645,12,21
1376459721,12,20
1376459803,12,20
1376459814,12,20
1376459905,11,21
1376459983,12,20
1376460424,11,21
1376460873,12,20
1376461476,12,21
1376461959,13,20
1376462160,12,21
1376462617,12,21
1376462641,12,21
1376462738,12,21
1376462758,12,21
1376462860,12,21
1376462882,12,21
1376462977,12,21
1376462989,13,20
1376463343,13,20
1376463359,15,18
1376463502,14,19
1376463645,15,18
1376463655,16,17
1376464182,16,17
1376464186,15,18
1376464508,16,17
1376464579,16,15
1376464720,16,15
1376464784,16,15
1376464834,16,15
1376464903,17,13
1376464960,16,14
1376464991,16,14
1376465082,20,11
1376465702,21,10
1376466306,21,10
1376466634,21,10
1376466647,22,9
1376467251,22,9
1376467854,22,9
1376468185,23,8
1376468377,24,7
1376468411,23,8
1376468468,25,6
1376468530,26,5
1376468663,26,5
1376469266,26,5
1376469870,26,5
1376470473,26,5
1376470920,27,4
1376471133,26,5
1376471736,26,5
1376472340,26,5
1376472943,26,5
1376473202,25,6
1376473289,24,7
1376473892,24,7
1376474062,25,6
1376474666,25,6
1376474853,25,6
1376474880,26,5
1376475483,26,5
1376475581,26,5
1376475590,27,4
1376475758,26,5
1376476361,26,5
1376476900,27,4
1376477377,26,5
1376477980,26,5
1376478264,25,6
1376478867,25,6
1376479339,24,7
1376479808,25,6
1376479948,26,5
1376480360,27,4
1376480963,27,4
1376481391,28,3
1376481994,28,3
1376482598,28,3
1376482844,29,2
1376483471,28,3
1376484075,28,3
1376484678,28,3
1376484963,27,4
1376485566,27,4
1376486170,27,4
1376486464,26,5
1376487068,26,5
1376487671,26,5
1376487865,26,5
1376487892,27,4
1376488455,26,5
1376489058,26,5
1376489662,26,5
1376489777,27,4
1376490381,27,4
1376490429,26,5
1376490695,27,4
1376491295,26,5
1376491888,28,3
1376492134,29,2
1376492609,29,2
1376492671,31,1
1376492972,30,2
1376493124,30,2
1376493322,30,3
1376493926,30,3
1376493970,30,3
1376494574,30,3
1376495177,30,3
1376495251,29,4
1376495855,29,4
1376496406,29,4
1376496639,28,5
1376496702,28,5
1376496729,28,5
1376496815,28,5
1376496828,29,4
1376496985,28,5
1376497228,27,6
1376497682,26,7
1376498202,26,7
1376498248,26,7
1376498324,26,7
1376498375,25,8
1376498426,25,8
1376498496,25,8
1376498664,25,8
1376498715,25,8
1376498780,25,8
1376498842,25,8
1376498904,25,8
1376498938,25,8
1376499013,26,7
1376499069,26,7
1376499673,26,7
1376500276,26,7
1376500338,25,8
1376500600,24,9
1376500815,25,8
1376500964,26,7
1376501101,26,7
1376501178,27,6
1376501251,28,5
1376501266,28,5
1376501336,27,6
1376501439,28,5
1376502042,28,5
1376502645,28,5
1376503249,28,5
1376503473,28,5
1376503505,28,5
1376503578,28,5
1376503637,29,4
1376504845,29,4
1376505448,29,4
1376505609,27,6
1376505653,27,6
1376506198,26,7
1376506476,25,8
1376506723,23,10
1376507326,23,10
1376507930,23,10
1376508534,23,10
1376509137,23,10
1376509338,22,11
1376509942,22,11
1376510545,22,11
1376511002,23,10
1376511606,23,10
1376512209,23,10
1376512813,23,10
1376513112,22,11
1376513715,22,11
1376514334,20,13
1376514381,20,13
1376514984,20,13
1376515388,21,12
1376515992,21,12
1376516344,20,13
1376516948,20,13
1376517521,21,12
1376517536,22,11
1376518140,22,11
1376518743,22,11
1376519262,21,12
1376519866,21,12
1376520469,21,12
1376521073,21,12
1376521676,21,12
1376522280,21,12
1376522883,21,12
1376523487,21,12
1376524090,21,12
1376524694,21,12
1376525297,21,12
1376525901,21,12
1376526505,21,12
1376527108,21,12
1376527421,20,13
1376527430,19,14
1376528033,19,14
1376528637,19,14
1376529211,19,14
1376529312,19,14
1376529687,19,14
1376529733,19,14
1376530210,19,14
1376530466,18,15
1376530534,18,15
1376531137,18,15
1376531741,18,15
1376532345,18,15
1376532948,18,15
1376533552,18,15
1376534155,18,15
1376534758,18,15
1376535362,18,15
1376535965,18,15
1376536569,18,15
1376536816,17,16
1376537419,17,16
1376538023,17,16
1376538626,17,16
1376539230,17,16
1376539833,17,16
1376540438,17,16
1376541041,17,16
1376541645,17,16
1376542248,17,16
1376542852,17,16
1376543455,17,16
1376544059,17,16
1376544662,17,16
1376545266,17,16
1376545869,17,16
1376546473,17,16
1376547076,17,16
1376547565,16,17
1376548169,16,17
1376548772,16,17
1376548833,16,17
1376549437,16,17
1376550040,16,17
1376550297,17,16
1376550901,17,16
1376551504,17,16
1376551791,16,17
1376552394,16,17
1376552998,16,17
1376553272,15,18
1376553876,15,18
1376554411,15,18
1376554449,15,18
1376554552,15,18
1376555156,15,18
1376555759,15,18
1376556363,15,18
1376556966,15,18
1376557113,16,17
1376557182,16,17
1376557204,18,15
1376557808,18,15
1376557899,19,14
1376558082,19,14
1376558085,18,15
1376558689,18,15
1376559292,18,15
1376559896,18,15
1376560000,18,15
1376560005,17,16
1376560609,17,16
1376561213,17,16
1376561816,17,16
1376562420,17,16
1376563024,17,16
1376563627,17,16
1376563910,16,17
1376564514,16,17
1376565118,16,17
1376565721,16,17
1376566325,16,17
1376566554,14,19
1376566655,15,18
1376566709,17,16
1376567313,17,16
1376567916,17,16
1376568520,17,16
1376569124,17,16
1376569384,18,15
1376569987,18,15
1376570532,19,14
1376571135,19,14
1376571738,19,14
1376571975,18,15
1376572338,19,14
1376572648,18,15
1376573252,18,15
1376573856,18,15
1376574459,18,15
1376575063,18,15
1376575666,18,15
1376576270,18,15
1376576873,18,15
1376577008,18,15
1376577164,18,15
1376577195,19,14
1376577276,20,13
1376577655,19,14
1376578135,20,13
1376578738,20,13
1376579342,20,13
1376579945,20,13
1376580549,20,13
1376581153,20,13
1376581756,20,13
1376582191,21,12
1376582794,21,12
1376583398,21,12
1376583667,22,11
1376584099,23,10
1376584382,24,9
1376584986,24,9
1376585523,25,8
1376586126,25,8
1376586683,24,9
1376587081,25,8
1376587685,25,8
1376587738,24,9
1376588341,24,9
1376588945,24,9
1376589452,24,9
1376589811,23,10
1376590415,23,10
1376590706,24,9
1376591310,24,9
1376591670,23,10
1376592273,23,10
1376592877,23,10
1376593480,23,10
1376593527,21,12
1376593792,20,13
1376594396,20,13
1376594999,20,13
1376595081,19,14
1376595685,19,14
1376596036,18,15
1376596639,18,15
1376597243,18,15
1376597846,18,15
1376597883,17,16
1376598487,17,16
1376599090,17,16
1376599298,17,16
1376599308,18,15
1376599912,18,15
1376600317,16,17
1376600921,16,17
1376601524,16,17
1376602128,16,17
1376602732,16,17
1376603335,16,17
1376603939,16,17
1376604542,16,17
1376605146,16,17
1376605750,16,17
1376606354,16,17
1376606957,16,17
1376607561,16,17
1376608164,16,17
1376608768,16,17
1376609053,15,18
1376609656,15,18
1376610260,15,18
1376610863,15,18
1376611467,15,18
1376612071,15,18
1376612423,15,18
1376613026,15,18
1376613630,15,18
1376614233,15,18
1376614837,15,18
1376615610,15,18
1376615651,15,18
1376616177,15,18
1376616780,15,18
1376617384,15,18
1376617988,15,18
1376618591,15,18
1376619195,15,18
1376619799,15,18
1376620402,15,18
1376621006,15,18
1376621609,15,18
1376622213,15,18
1376622816,15,18
1376622940,14,19
1376623544,14,19
1376624147,14,19
1376624751,14,19
1376625355,14,19
1376625958,14,19
1376626562,14,19
1376627165,14,19
1376627249,15,18
1376627853,15,18
1376628457,15,18
1376629060,15,18
1376629664,15,18
1376630267,15,18
1376630708,14,19
1376630954,13,20
1376631557,13,20
1376632161,13,20
1376632764,13,20
1376633368,13,20
1376633971,13,20
1376634575,13,20
1376634690,12,21
1376634799,13,20
1376635403,13,20
1376635592,12,21
1376635687,13,20
1376636104,14,19
1376636528,15,18
1376636623,15,18
1376636648,17,16
1376637252,17,16
1376637855,17,16
1376638459,17,16
1376639062,17,16
1376639112,18,15
1376639671,19,14
1376640280,18,15
1376640319,17,16
1376640922,17,16
1376641526,17,16
1376642129,17,16
1376642733,17,16
1376643336,17,16
1376643932,18,15
1376644536,18,15
1376645139,18,15
1376645743,18,15
1376646346,18,15
1376646950,18,15
1376647553,18,15
1376648157,18,15
1376648520,19,14
1376649123,19,14
1376649727,19,14
1376650326,20,13
1376650419,20,13
1376650429,21,12
1376651032,21,12
1376651360,22,11
1376651437,21,12
1376651666,22,11
1376652161,21,12
1376652378,22,11
1376652982,22,11
1376653586,22,11
1376654189,22,11
1376654319,22,11
1376654363,23,10
1376654467,23,10
1376654523,23,10
1376655127,23,10
1376655731,23,10
1376655849,22,11
1376655903,23,10
1376656198,22,11
1376656408,23,10
1376656625,24,9
1376656797,23,10
1376657055,24,9
1376657406,23,10
1376657490,23,10
1376657513,23,10
1376657575,23,10
1376657666,24,9
1376657846,25,8
1376658450,25,8
1376658797,24,9
1376659400,24,9
1376660004,24,9
1376660620,23,10
1376660630,24,9
1376660799,24,9
1376660810,25,8
1376660909,27,6
1376660966,28,5
1376661036,28,5
1376661049,29,4
1376661653,29,4
1376661868,29,4
1376661924,30,3
1376662528,30,3
1376663131,30,3
1376663322,31,2
1376663393,31,2
1376663997,31,2
1376664235,32,1
1376664838,32,1
1376665442,32,1
1376666046,32,1
1376666439,31,1
1376666483,31,2
1376667087,31,2
1376667691,31,2
1376667810,32,1
1376668336,31,2
1376668962,31,2
1376669015,30,3
1376669056,30,3
1376669106,30,3
1376669709,30,3
1376669978,28,5
1376670582,28,5
1376671185,28,5
1376671638,27,6
1376672242,27,6
1376672323,27,6
1376672327,26,7
1376672830,25,8
1376672908,24,9
1376673206,24,9
1376673278,24,9
1376673536,23,10
1376674140,23,10
1376674433,23,10
1376674525,23,10
1376674603,24,9
1376674633,25,8
1376675241,27,6
1376675844,27,6
1376676448,27,6
1376677052,27,6
1376677655,27,6
1376677962,25,8
1376677983,25,8
1376678616,24,9
1376678695,23,10
1376679299,23,10
1376679666,22,11
1376679884,22,11
1376679886,23,10
1376680490,23,10
1376681093,23,10
1376681679,24,9
1376681731,24,9
1376681764,25,8
1376682367,25,8
1376682971,25,8
1376683574,25,8
1376684178,25,8
1376684232,26,7
1376684835,26,7
1376685318,25,8
1376685783,26,7
1376685870,25,8
1376686305,24,9
1376686820,23,10
1376687424,23,10
1376688028,23,10
1376688631,23,10
1376689235,23,10
1376689838,23,10
1376690442,23,10
1376691069,21,12
1376691673,21,12
1376692276,21,12
1376692441,22,11
1376693045,22,11
1376693649,22,11
1376694252,22,11
1376694856,22,11
1376695460,22,11
1376696064,22,11
1376696594,21,12
1376697197,21,12
1376697801,21,12
1376698404,21,12
1376698587,21,12
1376698655,21,12
1376698722,21,12
1376698782,21,12
1376698826,21,12
1376698904,23,10
1376699228,24,9
1376699832,24,9
1376700435,24,9
1376701039,24,9
1376701643,24,9
1376702010,24,9
1376702112,24,9
1376702490,24,9
1376702531,24,9
1376702959,24,9
1376703563,24,9
1376704166,24,9
1376704770,24,9
1376705055,23,10
1376705659,23,10
1376706263,23,10
1376706866,23,10
1376707470,23,10
1376708073,23,10
1376708677,23,10
1376709280,23,10
1376709883,23,10
1376710487,23,10
1376711091,23,10
1376711694,23,10
1376712298,23,10
1376712901,23,10
1376713505,23,10
1376714108,23,10
1376714712,23,10
1376715315,23,10
1376715919,23,10
1376716523,23,10
1376717126,23,10
1376717729,23,10
1376718333,23,10
1376718937,23,10
1376719540,23,10
1376720144,23,10
1376720747,23,10
1376721351,23,10
1376721954,23,10
1376722558,23,10
1376723080,23,10
1376723089,24,9
1376723692,24,9
1376724100,25,8
1376724133,26,7
1376724215,26,7
1376724239,27,6
1376724342,28,5
1376724457,28,5
1376724505,28,5
1376724578,28,5
1376724598,29,4
1376724692,29,4
1376724716,30,3
1376724804,30,3
1376724831,31,2
1376725434,31,2
1376725867,30,3
1376726470,30,3
1376727074,30,3
1376727677,30,3
1376727816,30,3
1376727851,31,2
1376728454,31,2
1376728588,32,1
1376728900,31,2
1376729504,31,2
1376729582,30,3
1376730078,29,4
1376730682,29,4
1376731285,29,4
1376731889,29,4
1376732175,30,3
1376732323,29,4
1376732926,29,4
1376733404,29,4
1376733433,30,3
1376734037,30,3
1376734641,30,3
1376735244,30,3
1376735799,31,2
1376736125,32,1
1376736729,32,1
1376736905,31,2
1376737003,31,2
1376737006,30,3
1376737277,29,4
1376737460,29,4
1376737508,30,3
1376737600,30,3
1376737642,32,1
1376738245,32,1
1376738849,32,1
1376739126,33,0
1376739730,33,0
1376740334,33,0
1376740937,33,0
1376741004,33,0
1376741608,33,0
1376742212,33,0
1376742815,33,0
1376743419,33,0
1376744022,33,0
1376744626,33,0
1376744762,32,1
1376745390,31,2
1376745993,31,2
1376746303,31,2
1376746305,32,1
1376746909,32,1
1376747512,32,1
1376748116,32,1
1376748394,33,0
1376748997,33,0
1376749601,33,0
1376749704,33,0
1376749802,33,0
1376750406,33,0
1376750524,33,0
1376751060,32,1
1376751678,33,0
1376752282,33,0
1376752886,33,0
1376753010,32,1
1376753613,32,1
1376754025,33,0
1376754628,33,0
1376755232,33,0
1376755835,33,0
1376756016,32,1
1376756085,33,0
1376756688,33,0
1376756932,32,1
1376757222,30,3
1376757232,31,2
1376757835,31,2
1376757901,30,3
1376757962,28,5
1376758103,27,6
1376758707,27,6
1376759305,28,5
1376759908,28,5
1376760180,27,6
1376760272,27,6
1376760339,27,6
1376760402,27,6
1376760436,28,5
1376761123,29,4
1376761726,29,4
1376762330,29,4
1376762933,29,4
1376763537,29,4
1376763763,28,5
1376764366,28,5
1376764970,28,5
1376765573,28,5
1376766177,28,5
1376766780,28,5
1376767384,28,5
1376767430,27,6
1376768034,27,6
1376768638,27,6
1376769205,26,7
1376769258,26,7
1376769324,26,7
1376769381,27,6
1376769985,27,6
1376770588,27,6
1376771192,27,6
1376771795,27,6
1376772399,27,6
1376773002,27,6
1376773606,27,6
1376774209,27,6
1376774813,27,6
1376775417,27,6
1376776021,27,6
1376776624,27,6
1376777228,27,6
1376777831,27,6
1376778435,27,6
1376779090,28,5
1376779693,28,5
1376780297,28,5
1376780901,28,5
1376781504,28,5
1376782108,28,5
1376782283,27,6
1376782886,27,6
1376783490,27,6
1376784093,27,6
1376784697,27,6
1376785300,27,6
1376785893,28,5
1376786497,28,5
1376787101,28,5
1376787704,28,5
1376788410,28,5
1376788453,28,5
1376789018,28,5
1376789330,28,5
1376789386,28,5
1376789529,28,5
1376789582,29,4
1376790186,29,4
1376790790,29,4
1376791393,29,4
1376791997,29,4
1376792600,29,4
1376793203,29,4
1376793807,29,4
1376794411,29,4
1376795014,29,4
1376795618,29,4
1376795795,30,3
1376796398,30,3
1376797002,30,3
1376797605,30,3
1376798209,30,3
1376798812,30,3
1376799416,30,3
1376800019,30,3
1376800623,30,3
1376801227,30,3
1376801830,30,3
1376802434,30,3
1376803037,30,3
1376803640,30,3
1376804244,30,3
1376804848,30,3
1376805451,30,3
1376806055,30,3
1376806658,30,3
1376807262,30,3
1376807865,30,3
1376808469,30,3
1376809072,30,3
1376809676,30,3
1376809839,29,4
1376810443,29,4
1376811046,29,4
1376811686,30,3
1376812290,30,3
1376812893,30,3
1376813497,30,3
1376814101,30,3
1376814704,30,3
1376815308,30,3
1376815911,30,3
1376816117,29,4
1376816720,29,4
1376817324,29,4
1376817928,29,4
1376818486,29,4
1376819056,30,3
1376819660,30,3
1376820263,30,3
1376820867,30,3
1376821471,30,3
1376822074,30,3
1376822678,30,3
1376823282,30,3
1376823885,30,3
1376824489,30,3
1376824962,29,4
1376825239,30,3
1376825843,30,3
1376826447,30,3
1376827050,30,3
1376827338,29,4
1376827941,29,4
1376828545,29,4
1376829148,29,4
1376829752,29,4
1376830356,29,4
1376830959,29,4
1376831562,29,4
1376831884,30,3
1376832338,30,3
1376832391,31,2
1376832456,31,2
1376832506,31,2
1376832557,31,2
1376832678,32,1
