1376208602,30,11
1376209075,31,10
1376209542,31,10
1376209551,32,9
1376210121,31,10
1376210272,30,11
1376210862,29,12
1376210905,29,12
1376210981,30,11
1376211586,30,11
1376212191,30,11
1376212364,30,11
1376212422,30,11
1376212484,31,10
1376212533,31,10
1376212599,31,10
1376212663,31,10
1376212720,31,10
1376212765,31,10
1376212800,31,10
1376212898,31,10
1376212962,31,10
1376212997,31,10
1376213071,31,10
1376213141,31,10
1376213199,30,11
1376213257,30,11
1376213318,31,10
1376213363,31,10
1376213444,31,10
1376213480,32,9
1376213555,32,9
1376213621,32,9
1376213683,32,9
1376213735,32,9
1376213802,32,9
1376213852,32,9
1376213920,32,9
1376213984,32,9
1376214036,33,8
1376214101,33,8
1376214140,32,9
1376214179,32,9
1376214276,32,9
1376214320,32,9
1376214373,32,9
1376214463,32,9
1376214465,32,9
1376214560,32,9
1376214664,32,9
1376214728,33,8
1376215001,33,8
1376215036,34,7
1376215270,35,6
1376215874,33,6
1376216479,33,6
1376216719,32,7
1376217169,32,7
1376217234,33,6
1376217426,33,6
1376217577,33,6
1376217629,33,6
1376217661,33,6
1376217763,33,6
1376217782,34,5
1376217833,34,5
1376217921,34,5
1376217989,34,5
1376218066,34,5
1376218083,34,5
1376218687,35,5
1376219291,35,5
1376219555,35,5
1376219623,36,4
1376219679,36,4
1376219721,36,4
1376219803,36,4
1376219846,36,4
1376219910,36,4
1376219966,36,4
1376220036,36,4
1376220100,36,4
1376220164,36,4
1376220210,36,4
1376220284,36,4
1376220340,36,4
1376220398,36,4
1376220453,36,4
1376220521,36,4
1376220583,36,4
1376220638,36,4
1376220692,36,4
1376220729,36,4
1376220817,36,4
1376220914,36,4
1376220964,36,4
1376221036,36,4
1376221102,36,4
1376221243,38,2
1376221847,39,2
1376222451,39,2
1376223054,39,2
1376223658,39,2
1376224262,39,2
1376224866,39,2
1376225471,39,2
1376226074,39,2
1376226340,38,3
1376226542,39,2
1376226896,38,3
1376227062,38,3
1376227065,37,4
1376227180,37,4
1376227230,37,4
1376227260,38,3
1376227864,38,3
1376228469,38,3
1376228622,39,2
1376228830,39,2
1376228890,39,2
1376228980,39,2
1376229026,39,2
1376229130,39,2
1376229172,39,2
1376229452,39,2
1376229519,39,2
1376229527,39,2
1376229631,39,2
1376229753,39,2
1376229812,39,2
1376229865,39,2
1376229931,39,2
1376230004,39,2
1376230045,39,2
1376230121,39,2
1376230167,39,2
1376230242,39,2
1376230245,40,1
1376230850,39,2
1376231238,38,3
1376231278,39,2
1376231882,39,2
1376232486,39,2
1376232761,38,3
1376233365,38,3
1376234015,39,2
1376234620,39,2
1376235136,38,3
1376235289,39,2
1376235716,38,3
1376236320,38,3
1376236390,39,2
1376236995,39,2
1376237598,39,2
1376237714,37,4
1376237931,36,5
1376238405,35,6
1376238745,36,5
1376239101,34,7
1376239390,31,10
1376239995,31,10
1376240599,31,10
1376240716,30,11
1376241163,28,13
1376241337,26,15
1376241351,25,16
1376241522,26,15
1376241538,27,14
1376241629,26,15
1376241884,26,15
1376241936,27,14
1376241988,28,13
1376242592,28,13
1376243196,28,13
1376243594,29,12
1376243787,30,11
1376244392,30,11
1376244762,30,11
1376244765,30,11
1376244844,29,12
1376244895,29,12
1376245176,30,11
1376245415,28,13
1376246019,28,13
1376246398,27,14
1376247002,27,14
1376247063,27,14
1376247147,28,13
1376247752,27,13
1376248000,28,12
1376248041,29,11
1376248094,29,11
1376248565,29,11
1376248874,29,11
1376248964,29,11
1376248979,29,11
1376249063,29,11
1376249142,29,11
1376249201,29,11
1376249213,29,11
1376249311,29,11
1376249359,29,11
1376249434,29,11
1376249502,29,11
1376249523,29,11
1376249590,29,11
1376249672,30,10
1376249744,30,10
1376249781,30,10
1376249863,30,10
1376249916,30,10
1376249940,30,10
1376250019,30,10
1376250082,30,10
1376250158,30,10
1376250222,30,10
1376250277,30,10
1376250328,30,10
1376250396,30,10
1376250452,30,10
1376250514,30,10
1376250567,30,10
1376250630,30,10
1376250701,30,10
1376250760,30,10
1376250789,30,10
1376250860,30,10
1376250926,30,10
1376250988,30,10
1376251061,30,10
1376251102,30,10
1376251174,30,10
1376251241,29,11
1376251280,29,11
1376251330,29,11
1376251422,29,11
1376251467,30,10
1376251523,30,10
1376251590,30,10
1376251660,30,10
1376251697,30,10
1376251748,30,10
1376251843,30,10
1376251896,30,10
1376251955,30,10
1376251994,30,10
1376252064,30,10
1376252143,30,10
1376252198,30,10
1376252295,30,10
1376252443,30,10
1376252473,30,10
1376252560,30,10
1376252613,30,10
1376252680,30,10
1376252743,30,10
1376252776,30,10
1376252859,30,10
1376252923,30,10
1376252974,30,10
1376253010,30,10
1376253082,30,10
1376253145,30,10
1376253194,30,10
1376253799,23,10
1376254003,23,10
1376254253,24,9
1376254766,25,8
1376255258,25,8
1376255863,26,8
1376256043,26,8
1376256044,26,8
1376256108,26,8
1376256712,26,8
1376257317,26,8
1376257858,26,8
1376258281,27,7
1376258389,26,8
1376258464,25,9
1376258995,25,9
1376259098,25,9
1376259207,24,10
1376259287,24,10
1376259455,24,10
1376259582,24,10
1376259823,23,11
1376259867,24,10
1376260212,24,10
1376260252,24,10
1376260663,24,10
1376260670,25,9
1376260870,25,9
1376261475,25,9
1376261812,25,9
1376261888,25,9
1376262028,25,9
1376262075,25,9
1376262119,25,9
1376262275,25,9
1376262317,25,9
1376262362,26,8
1376262517,26,8
1376262554,26,8
1376262609,26,8
1376262759,25,9
1376262938,25,9
1376262998,25,9
1376263058,24,10
1376263118,24,10
1376263165,24,10
1376263244,24,10
1376263389,24,10
1376263482,24,10
1376263495,24,10
1376263585,24,10
1376263710,24,10
1376263768,24,10
1376263834,24,10
1376263903,24,10
1376263958,24,10
1376264009,24,10
1376264082,24,10
1376264130,24,10
1376264187,23,11
1376264253,23,11
1376264314,24,10
1376264356,24,10
1376264431,24,10
1376264489,24,10
1376264643,24,10
1376265248,26,10
1376265851,26,10
1376266025,26,10
1376266173,26,10
1376266216,26,10
1376266337,26,10
1376266398,26,10
1376266618,26,10
1376266674,26,10
1376266729,26,10
1376266947,26,10
1376267486,26,10
1376267818,26,10
1376267910,26,10
1376268004,26,10
1376268099,26,10
1376268146,26,10
1376268225,26,10
1376268250,26,10
1376268295,26,10
1376268518,26,10
1376268542,26,10
1376268665,26,10
1376268804,26,10
1376268919,26,10
1376268960,26,10
1376269091,26,10
1376269182,26,10
1376269219,26,10
1376269274,26,10
1376269324,26,10
1376269368,26,10
1376269461,26,10
1376269526,26,10
1376269585,26,10
1376269620,26,10
1376269706,26,10
1376269757,26,10
1376269805,26,10
1376269877,26,10
1376269956,26,10
1376270021,26,10
1376270174,26,10
1376270227,26,10
1376270398,26,10
1376270783,26,10
1376271016,29,11
1376271620,29,11
1376272224,29,11
1376272481,29,11
1376272541,28,12
1376272661,28,12
1376272710,28,12
1376272770,28,12
1376272873,28,12
1376272973,28,12
1376273019,28,12
1376273081,28,12
1376273115,28,12
1376273202,28,12
1376273263,28,12
1376273317,28,12
1376273382,28,12
1376273436,28,12
1376273479,28,12
1376273511,28,12
1376273573,28,12
1376274177,29,12
1376274781,29,12
1376275385,29,12
1376275989,29,12
1376276594,29,12
1376277197,29,12
1376277801,29,12
1376278405,29,12
1376279009,29,12
1376279614,29,12
1376280218,29,12
1376280822,29,12
1376281425,29,12
1376281628,28,13
1376282232,28,13
1376282837,28,13
1376283440,28,13
1376283747,28,13
1376283782,29,12
1376284387,29,12
1376284990,29,12
1376285422,30,11
1376285458,31,10
1376285723,30,11
1376286328,30,11
1376286931,30,11
1376287206,29,12
1376287648,30,11
1376288252,30,11
1376288856,30,11
1376289162,31,10
1376289214,31,10
1376289280,32,9
1376289400,33,8
1376289762,34,7
1376289925,35,6
1376290282,34,7
1376290385,35,6
1376290451,34,7
1376290558,35,6
1376291076,33,8
1376291297,34,7
1376291383,35,6
1376291639,36,5
1376291897,37,4
1376291933,36,5
1376292018,35,6
1376292140,36,5
1376292189,37,4
1376292365,38,3
1376292416,37,4
1376292965,38,3
1376293477,38,3
1376293487,39,2
1376294091,39,2
1376294488,38,3
1376294732,39,2
1376295336,39,2
1376295940,39,2
1376296544,39,2
1376297148,39,2
1376297318,39,2
1376297366,39,2
1376297443,39,2
1376297454,39,2
1376297668,39,2
1376297720,39,2
1376297798,39,2
1376297860,39,2
1376297924,39,2
1376297953,39,2
1376297999,39,2
1376298102,39,2
1376298143,39,2
1376298747,39,2
1376299049,39,2
1376299120,39,2
1376299153,39,2
1376299239,39,2
1376299297,39,2
1376299361,39,2
1376299414,39,2
1376299478,39,2
1376299541,39,2
1376299584,39,2
1376299647,39,2
1376299722,39,2
1376299781,39,2
1376299835,39,2
1376299904,39,2
1376299927,39,2
1376300015,39,2
1376300080,39,2
1376300137,39,2
1376300204,39,2
1376300258,39,2
1376300315,39,2
1376300382,39,2
1376300434,39,2
1376300476,39,2
1376300560,39,2
1376300620,39,2
1376300674,39,2
1376300720,39,2
1376300903,39,2
1376300940,39,2
1376301004,39,2
1376301250,38,3
1376301413,37,4
1376301573,37,4
1376301622,37,4
1376301797,38,3
1376302402,38,3
1376302877,39,2
1376302994,38,3
1376303615,39,2
1376303888,38,3
1376304493,38,3
1376304787,39,2
1376304940,39,2
1376305543,39,2
1376306147,39,2
1376306308,38,3
1376306678,39,2
1376307282,39,2
1376307548,38,3
1376307873,37,4
1376308272,36,5
1376308494,35,6
1376308768,36,5
1376308900,37,4
1376309187,38,3
1376309639,39,2
1376310128,39,2
1376310200,39,2
1376310269,39,2
1376310324,39,2
1376310564,39,2
1376311168,39,2
1376311772,39,2
1376312376,39,2
1376312980,39,2
1376313368,38,3
1376313972,38,3
1376314373,38,3
1376314731,37,4
1376315335,37,4
1376315609,36,5
1376316103,36,5
1376316143,38,3
1376316747,38,3
1376316843,38,3
1376317322,37,4
1376317418,37,4
1376317484,38,3
1376317536,38,3
1376317570,39,2
1376317862,39,2
1376317964,39,2
1376318017,39,2
1376318060,39,2
1376318124,39,2
1376318146,39,2
1376318251,39,2
1376318309,39,2
1376318333,39,2
1376318519,39,2
1376318657,39,2
1376318725,39,2
1376318753,39,2
1376318819,39,2
1376318913,39,2
1376318977,39,2
1376319040,39,2
1376319056,39,2
1376319134,39,2
1376319171,39,2
1376319306,39,2
1376319422,39,2
1376319614,38,3
1376319966,39,2
1376320307,39,2
1376320394,39,2
1376320549,39,2
1376320639,39,2
1376320768,38,3
1376320830,37,4
1376320853,37,4
1376320927,37,4
1376321020,37,4
1376321039,38,3
1376321143,38,3
1376321160,38,3
1376321262,39,2
1376321284,39,2
1376321381,39,2
1376321409,39,2
1376321477,39,2
1376321561,39,2
1376321606,38,3
1376321638,38,3
1376321737,38,3
1376321747,38,3
1376321907,38,3
1376322038,39,2
1376322082,39,2
1376322105,39,2
1376322264,39,2
1376322427,38,3
1376322481,38,3
1376322580,36,5
1376322593,36,5
1376322681,36,5
1376322818,36,5
1376322875,35,6
1376322936,35,6
1376323118,35,6
1376323174,35,6
1376323221,36,5
1376323288,37,4
1376323401,37,4
1376323478,37,4
1376323543,37,4
1376323601,37,4
1376323663,36,5
1376323723,36,5
1376323778,37,4
1376323839,37,4
1376323855,37,4
1376323963,37,4
1376323989,37,4
1376324078,37,4
1376324124,37,4
1376324182,37,4
1376324263,38,3
1376324315,38,3
1376324366,38,3
1376324504,37,4
1376324540,37,4
1376324620,37,4
1376324660,36,5
1376324701,35,6
1376324800,35,6
1376324847,35,6
1376324902,35,6
1376324979,35,6
1376325038,35,6
1376325068,36,5
1376325115,36,5
1376325222,36,5
1376325283,36,5
1376325336,36,5
1376325397,36,5
1376325457,36,5
1376325523,36,5
1376325564,37,4
1376325682,39,2
1376325759,39,2
1376325765,39,2
1376325874,39,2
1376325898,39,2
1376326003,39,2
1376326059,38,3
1376326118,38,3
1376326181,38,3
1376326237,38,3
1376326295,38,3
1376326353,38,3
1376326414,38,3
1376326468,38,3
1376326542,38,3
1376326601,38,3
1376326659,38,3
1376326704,39,2
1376326782,39,2
1376326837,39,2
1376326899,39,2
1376326907,39,2
1376326992,39,2
1376327084,39,2
1376327089,39,2
1376327238,39,2
1376327312,39,2
1376327364,39,2
1376327434,38,3
1376327481,38,3
1376327541,38,3
1376327621,38,3
1376327677,38,3
1376327727,38,3
1376327802,38,3
1376327843,39,2
1376327889,39,2
1376327953,39,2
1376328025,39,2
1376328070,39,2
1376328163,39,2
1376328208,39,2
1376328271,39,2
1376328340,39,2
1376328397,39,2
1376328521,39,2
1376328565,39,2
1376328615,38,3
1376328675,38,3
1376328745,38,3
1376328883,38,3
1376328934,38,3
1376328992,38,3
1376329055,38,3
1376329116,38,3
1376329163,38,3
1376329287,38,3
1376329331,38,3
1376329474,38,3
1376329572,38,3
1376329642,38,3
1376329710,38,3
1376329772,38,3
1376329840,38,3
1376329888,38,3
1376329930,38,3
1376329992,37,4
1376330115,37,4
1376330147,37,4
1376330213,37,4
1376330662,37,4
1376331043,37,4
1376331062,37,4
1376331202,37,4
1376331253,36,5
1376331386,36,5
1376331416,36,5
1376331502,36,5
1376331578,37,4
1376331675,37,4
1376331860,37,4
1376331954,37,4
1376332061,37,4
1376332076,37,4
1376332172,37,4
1376332236,37,4
1376332355,37,4
1376332483,37,4
1376332524,37,4
1376332599,37,4
1376332654,37,4
1376332723,37,4
1376332762,37,4
1376332803,37,4
1376332886,36,5
1376332977,36,5
1376333198,36,5
1376333218,36,5
1376333319,36,5
1376333344,36,5
1376333405,36,5
1376333499,36,5
1376333534,36,5
1376333672,36,5
1376333732,36,5
1376333789,36,5
1376333857,36,5
1376333907,36,5
1376333982,36,5
1376334044,37,4
1376334086,37,4
1376334138,37,4
1376334219,37,4
1376334322,37,4
1376334360,37,4
1376334455,37,4
1376334511,37,4
1376334570,37,4
1376334638,37,4
1376334687,37,4
1376334733,37,4
1376334891,37,4
1376334991,37,4
1376335056,37,4
1376335108,37,4
1376335176,37,4
1376335214,37,4
1376335289,37,4
1376335362,37,4
1376335368,38,3
1376335452,38,3
1376335486,38,3
1376335587,38,3
1376335612,38,3
1376335721,38,3
1376335780,38,3
1376335796,38,3
1376335873,38,3
1376335953,38,3
1376336004,38,3
1376336065,38,3
1376336143,38,3
1376336202,37,4
1376336237,37,4
1376336381,37,4
1376336420,37,4
1376336465,37,4
1376336560,37,4
1376336581,36,5
1376336672,36,5
1376336728,36,5
1376336770,36,5
1376336841,37,4
1376336881,37,4
1376337043,37,4
1376337096,37,4
1376337160,37,4
1376337183,38,3
1376337245,38,3
1376337343,38,3
1376337392,38,3
1376337460,38,3
1376337507,38,3
1376337582,38,3
1376337638,38,3
1376337693,38,3
1376337739,38,3
1376337823,38,3
1376337878,38,3
1376337943,38,3
1376338056,38,3
1376338071,38,3
1376338153,38,3
1376338241,38,3
1376338296,38,3
1376338323,38,3
1376338415,38,3
1376338465,38,3
1376338527,38,3
1376338566,38,3
1376338678,38,3
1376338769,38,3
1376338838,38,3
1376338896,38,3
1376338948,38,3
1376339010,38,3
1376339079,38,3
1376339118,38,3
1376339202,38,3
1376339209,37,4
1376339295,37,4
1376339383,37,4
1376339416,37,4
1376339477,37,4
1376339691,37,4
1376339863,37,4
1376339919,37,4
1376339930,37,4
1376340041,37,4
1376340086,37,4
1376340149,37,4
1376340353,38,3
1376340520,38,3
1376340533,38,3
1376340629,38,3
1376340857,38,3
1376340898,38,3
1376341056,38,3
1376341091,38,3
1376341150,38,3
1376341209,38,3
1376341360,38,3
1376341597,38,3
1376341780,38,3
1376341899,38,3
1376341927,38,3
1376342205,38,3
1376342281,38,3
1376342382,39,2
1376342725,39,2
1376343283,39,2
1376343297,39,2
1376343809,39,2
1376343824,39,2
1376344429,34,1
1376344603,34,1
1376344604,34,1
1376345209,34,1
1376345274,34,1
1376345563,34,1
1376345588,34,1
1376345648,33,2
1376345947,33,2
1376346046,33,2
1376346474,33,2
1376346543,33,2
1376346735,33,2
1376346790,33,2
1376347394,33,2
1376347533,33,2
1376347555,33,2
1376347824,33,2
1376347881,33,2
1376348062,33,2
1376348341,33,2
1376348398,33,2
1376348958,33,2
1376348992,33,2
1376349094,33,2
1376349159,34,1
1376349254,33,2
1376349401,33,2
1376349423,33,2
1376349631,34,1
1376349703,34,1
1376349814,34,1
1376349833,34,1
1376349958,34,1
1376350093,34,1
1376350176,33,2
1376350780,33,2
1376350971,33,2
1376351121,33,2
1376351200,33,2
1376351263,32,2
1376351268,33,2
1376351330,33,2
1376351535,33,2
1376351716,33,2
1376351786,33,2
1376351827,33,2
1376352315,33,2
1376352368,33,2
1376352514,33,2
1376352866,33,2
1376353047,33,2
1376353074,33,2
1376353180,33,2
1376353713,33,2
1376353782,33,2
1376353987,33,2
1376354066,33,2
1376354474,33,2
1376354720,33,2
1376354855,33,2
1376354939,33,2
1376355152,33,2
1376355168,33,2
1376355628,33,2
1376355656,33,2
1376355808,33,2
1376355845,33,2
1376355988,33,2
1376356109,33,2
1376356429,33,2
1376356576,33,2
1376356726,33,2
1376356879,33,2
1376356923,33,2
1376357081,33,2
1376357182,33,2
1376357417,32,2
1376357474,32,2
1376357799,32,2
1376357923,32,2
1376357978,32,2
1376357998,32,2
1376358337,32,2
1376358372,32,2
1376358794,32,2
1376359008,32,2
1376359175,32,2
1376359261,32,2
1376359533,32,2
1376359628,32,2
1376359674,32,2
1376360143,32,2
1376360224,32,2
1376360663,32,2
1376360687,32,2
1376360789,32,2
1376360868,32,2
1376361148,32,2
1376361219,32,2
1376361250,32,2
1376361395,32,2
1376361871,32,2
1376362002,32,2
1376362042,32,2
1376362376,32,2
1376362467,32,2
1376363046,32,2
1376363152,32,2
1376363282,32,2
1376363558,32,2
1376363663,32,2
1376363702,32,2
1376364191,32,2
1376364262,32,2
1376364388,32,2
1376364818,32,2
1376364882,32,2
1376364898,32,2
1376365143,32,2
1376365200,32,2
1376365299,32,2
1376365590,32,2
1376365687,32,2
1376365954,32,2
1376365978,32,2
1376366202,32,2
1376366207,32,2
1376366395,32,2
1376366694,32,2
1376366980,32,2
1376367037,32,2
1376367098,32,2
1376367264,32,2
1376367343,32,2
1376367378,32,2
1376367464,32,2
1376367506,32,2
1376367576,32,2
1376367617,32,2
1376367684,32,2
1376367736,32,2
1376367808,32,2
1376367922,32,2
1376367986,31,3
1376368052,31,3
1376368124,31,3
1376368183,31,3
1376368218,31,3
1376368301,31,3
1376368360,31,3
1376368415,31,3
1376368460,31,3
1376368541,31,3
1376368603,31,3
1376368656,31,3
1376368705,31,3
1376368767,31,3
1376368823,31,3
1376368864,31,3
1376368954,31,3
1376368987,31,3
1376369062,31,3
1376369137,31,3
1376369195,31,3
1376369261,31,3
1376369321,31,3
1376369381,31,3
1376369437,31,3
1376369492,31,3
1376369543,31,3
1376369682,31,3
1376369727,31,3
1376369783,31,3
1376369823,31,3
1376369903,31,3
1376369982,31,3
1376370035,31,3
1376370096,31,3
1376370270,31,3
1376370337,31,3
1376370509,31,3
1376370564,31,3
1376370592,31,3
1376370700,31,3
1376370737,31,3
1376370817,31,3
1376370854,31,3
1376370924,32,2
1376371151,32,2
1376371371,32,2
1376371431,32,2
1376371650,32,2
1376371727,32,2
1376371835,32,2
1376371899,32,2
1376371919,32,2
1376372109,32,2
1376372172,32,2
1376372259,33,1
1376372863,33,1
1376373190,34,2
1376373282,34,2
1376373693,33,3
1376373814,32,4
1376374418,32,4
1376374532,32,4
1376374601,32,4
1376374654,34,2
1376374708,34,2
1376374780,34,2
1376374819,34,2
1376375009,34,2
1376375050,34,2
1376375247,32,4
1376375316,32,4
1376375623,31,5
1376375680,31,5
1376375904,31,5
1376375984,30,6
1376376036,30,6
1376376103,30,6
1376376212,30,6
1376376235,30,6
1376376566,30,6
1376376597,31,5
1376376858,30,6
1376376918,29,7
1376377003,29,7
1376377006,30,6
1376377210,29,7
1376377297,29,7
1376377422,29,7
1376377445,30,6
1376377534,30,6
1376377575,30,6
1376377825,29,7
1376377888,30,6
1376377962,30,6
1376377964,30,6
1376378168,31,5
1376378322,31,5
1376378363,31,5
1376378441,32,4
1376378489,31,5
1376378532,32,4
1376378572,32,4
1376378740,31,5
1376378791,31,5
1376378861,30,6
1376378917,31,5
1376378962,30,6
1376379022,31,5
1376379125,31,5
1376379704,31,5
1376379711,30,6
1376380179,30,6
1376380242,30,6
1376380295,30,6
1376380387,30,6
1376380529,30,6
1376380579,30,6
1376380633,30,6
1376380724,31,5
1376380746,31,5
1376380810,31,5
1376380895,31,5
1376381002,31,5
1376381073,31,5
1376381121,31,5
1376381281,31,5
1376381364,31,5
1376381404,31,5
1376381492,30,6
1376381555,30,6
1376381600,31,5
1376381673,31,5
1376381788,31,5
1376381857,31,5
1376381924,31,5
1376381939,31,5
1376382097,31,5
1376382155,31,5
1376382270,31,5
1376382335,31,5
1376382373,31,5
1376382413,31,5
1376382505,31,5
1376382555,31,5
1376382612,31,5
1376382755,31,5
1376382787,31,5
1376382977,31,5
1376383042,31,5
1376383149,32,4
1376383258,32,4
1376383406,32,4
1376383457,32,4
1376383523,32,4
1376383710,32,4
1376383741,32,4
1376383834,32,4
1376384067,32,4
1376384119,32,4
1376384217,32,4
1376384323,32,4
1376384484,32,4
1376384671,32,4
1376384801,32,4
1376384813,32,4
1376385164,32,4
1376385165,32,4
1376385345,32,4
1376385356,32,4
1376385421,32,4
1376385475,32,4
1376385561,32,4
1376385626,32,4
1376385694,32,4
1376385719,32,4
1376385870,32,4
1376385895,32,4
1376385983,32,4
1376386042,32,4
1376386183,32,4
1376386240,32,4
1376386297,32,4
1376386354,32,4
1376386541,32,4
1376386663,32,4
1376386696,32,4
1376386768,32,4
1376386844,32,4
1376386879,32,4
1376387022,32,4
1376387047,32,4
1376387158,32,4
1376387294,32,4
1376387385,32,4
1376387492,32,4
1376387528,32,4
1376387675,32,4
1376387741,32,4
1376387777,32,4
1376387860,32,4
1376387917,31,5
1376387970,31,5
1376388026,31,5
1376388104,31,5
1376388135,31,5
1376388206,31,5
1376388257,31,5
1376388396,31,5
1376388480,31,5
1376388741,30,6
1376389346,28,5
1376389950,28,5
1376390318,29,4
1376390799,28,5
1376391163,27,6
1376391402,27,6
1376391405,28,5
1376391813,27,6
1376392338,24,9
1376392523,24,9
1376392560,25,8
1376392651,26,7
1376392693,27,6
1376392792,26,7
1376393299,25,8
1376393903,25,8
1376394015,25,8
1376394211,23,10
1376394325,23,10
1376394375,23,10
1376394432,23,10
1376394736,24,9
1376395094,25,8
1376395220,26,7
1376395422,26,7
1376395798,27,6
1376396403,27,6
1376396547,27,5
1376396569,28,5
1376397173,28,5
1376397777,28,5
1376398106,27,6
1376398240,27,6
1376398275,28,5
1376398423,28,5
1376398480,28,6
1376398542,28,5
1376398548,28,5
1376398615,29,4
1376399219,31,9
1376399824,31,9
1376400427,31,9
1376400909,30,10
1376401513,30,10
1376402118,30,10
1376402418,31,9
1376403023,31,9
1376403160,31,9
1376403170,32,8
1376403460,31,9
1376404064,31,9
1376404416,31,9
1376404476,33,7
1376404724,34,6
1376405062,35,5
1376405247,35,5
1376405852,36,4
1376406235,35,5
1376406476,34,6
1376406721,33,7
1376406828,32,8
1376407000,31,9
1376407062,32,8
1376407159,32,8
1376407244,32,8
1376407253,33,7
1376407355,32,8
1376407465,32,8
1376407501,32,8
1376407580,32,8
1376407621,34,6
1376408226,34,6
1376408534,35,5
1376408977,34,6
1376409101,34,6
1376409113,35,5
1376409187,36,4
1376409384,35,5
1376409463,36,4
1376409484,36,4
1376409584,36,4
1376409760,37,4
1376409821,37,4
1376409876,37,4
1376409921,37,4
1376410003,38,3
1376410063,37,4
1376410260,38,3
1376410544,37,4
1376410568,36,5
1376410625,37,4
1376410841,37,4
1376410903,38,3
1376410946,39,2
1376411001,38,3
1376411048,39,2
1376411131,38,3
1376411478,39,2
1376411791,40,1
1376412278,39,2
1376412319,40,1
1376412631,39,2
1376413093,38,3
1376413257,39,2
1376413831,38,3
1376414202,38,3
1376414212,39,2
1376414817,40,1
1376414920,40,1
1376414931,41,0
1376415534,41,0
1376415868,40,1
1376416297,41,0
1376416379,40,1
1376416833,41,0
1376417244,40,1
1376417380,41,0
1376417525,40,1
1376418129,40,1
1376418425,39,2
1376418504,38,3
1376419108,38,3
1376419399,39,2
1376419683,38,3
1376420288,38,3
1376420411,37,4
1376420602,37,4
1376420654,37,4
1376420725,37,4
1376421158,35,6
1376421195,36,5
1376421398,37,4
1376421861,38,3
1376422000,38,3
1376422008,39,2
1376422544,39,2
1376422559,38,3
1376422699,38,3
1376423303,38,3
1376423378,39,2
1376423982,39,2
1376424429,38,3
1376425033,38,3
1376425220,37,4
1376425363,36,4
1376425375,36,5
1376425662,37,4
1376426056,36,5
1376426661,36,5
1376426964,35,6
1376427568,35,6
1376428172,35,6
1376428379,34,7
1376428955,33,8
1376429259,35,6
1376429325,36,5
1376429440,34,7
1376429612,35,6
1376429775,34,7
1376430043,34,7
1376430046,33,8
1376430650,33,8
1376431254,33,8
1376431858,33,8
1376432461,33,8
1376433065,33,8
1376433382,32,9
1376433602,31,10
1376434207,31,10
1376434810,31,10
1376435415,31,10
1376436019,31,10
1376436623,31,10
1376437227,31,10
1376437316,32,9
1376437921,32,9
1376438525,32,9
1376439130,32,9
1376439734,32,9
1376440337,32,9
1376440941,32,9
1376441546,32,9
1376442150,32,9
1376442753,32,9
1376443357,32,9
1376443818,32,9
1376444422,32,9
1376445026,32,9
1376445630,32,9
1376446233,32,9
1376446837,32,9
1376447441,32,9
1376448045,32,9
1376448648,32,9
1376449252,32,9
1376449856,32,9
1376450460,32,9
1376451064,32,9
1376451667,32,9
1376452185,32,9
1376452789,33,8
1376453393,33,8
1376453997,33,8
1376454601,33,8
1376455205,33,8
1376455810,33,8
1376456413,33,8
1376457020,34,7
1376457443,35,6
1376458047,35,6
1376458664,35,6
1376458717,37,4
1376459320,37,4
1376459924,37,4
1376460528,37,4
1376461139,38,3
1376461580,36,5
1376462205,37,4
1376462226,37,4
1376462427,38,3
1376462483,38,3
1376462625,38,3
1376462636,39,2
1376463212,38,3
1376463345,38,3
1376463347,37,4
1376463462,37,4
1376463506,38,3
1376464110,38,3
1376464242,39,2
1376464599,40,1
1376464821,41,0
1376465091,40,1
1376465314,40,1
1376465723,40,1
1376465925,40,1
1376465928,39,2
1376466099,39,2
1376466457,40,1
1376466884,40,1
1376466887,41,0
1376467505,40,1
1376468109,40,1
1376468713,40,1
1376468860,41,0
1376469463,41,0
1376470066,41,0
1376470670,41,0
1376471274,41,0
1376471878,41,0
1376472481,41,0
1376473085,41,0
1376473307,40,1
1376473911,40,1
1376474210,39,2
1376474815,39,2
1376474982,38,3
1376475163,39,2
1376475767,39,2
1376476020,38,3
1376476270,37,4
1376476532,37,4
1376477136,37,4
1376477740,37,4
1376477803,36,5
1376478356,35,6
1376478960,35,6
1376479565,35,6
1376480127,34,7
1376480587,33,8
1376480776,34,7
1376481380,34,7
1376481985,34,7
1376482299,35,6
1376482309,36,5
1376482784,36,5
1376482793,37,4
1376482935,38,3
1376483539,38,3
1376483602,38,3
1376483629,39,2
1376484232,39,2
1376484520,39,2
1376484529,40,1
1376485093,39,2
1376485697,39,2
1376486300,39,2
1376486742,40,1
1376486779,40,1
1376487383,40,1
1376487490,39,2
1376488034,38,3
1376488663,38,3
1376488671,39,2
1376489224,40,1
1376489735,41,0
1376489761,40,1
1376490365,40,1
1376490969,40,1
1376491085,39,2
1376491534,40,1
1376491573,40,1
1376492177,40,1
1376492781,40,1
1376492826,39,2
1376493029,39,1
1376493057,39,1
1376493571,40,0
1376493595,39,1
1376493778,40,0
1376494382,40,0
1376494535,39,1
1376495139,39,1
1376495380,38,2
1376495985,38,2
1376496140,37,3
1376496334,36,4
1376496567,38,2
1376496652,37,3
1376497256,37,3
1376497682,38,2
1376498286,38,2
1376498614,39,1
1376499087,38,2
1376499278,39,1
1376499799,40,0
1376499918,41,0
1376500447,40,1
1376500537,40,1
1376500590,41,0
1376501194,41,0
1376501798,41,0
1376502401,41,0
1376503060,40,1
1376503075,40,1
1376503679,40,1
1376504301,39,2
1376504740,39,2
1376504749,40,1
1376505327,39,2
1376505931,39,2
1376506156,38,3
1376506760,38,3
1376507364,38,3
1376507967,38,3
1376508571,38,3
1376509076,39,2
1376509680,39,2
1376510284,39,2
1376510887,39,2
1376511162,38,3
1376511685,37,4
1376512100,36,5
1376512703,36,5
1376513307,36,5
1376513803,37,4
1376514217,38,3
1376514822,38,3
1376515425,38,3
1376516029,38,3
1376516633,38,3
1376517238,38,3
1376517841,38,3
1376518445,38,3
1376519049,38,3
1376519178,38,3
1376519234,40,1
1376519837,41,0
1376520441,41,0
1376521045,41,0
1376521649,41,0
1376522253,41,0
1376522856,41,0
1376523460,41,0
1376524064,41,0
1376524668,41,0
1376525271,41,0
1376525875,41,0
1376526479,41,0
1376527083,41,0
1376527686,41,0
1376528290,41,0
1376528894,41,0
1376529499,41,0
1376530214,41,0
1376530309,41,0
1376530834,40,1
1376531438,40,1
1376532042,40,1
1376532646,40,1
1376533249,40,1
1376533853,40,1
1376534457,40,1
1376535060,40,1
1376535664,40,1
1376536047,39,2
1376536652,39,2
1376536744,40,1
1376537348,40,1
1376537952,40,1
1376538556,40,1
1376539160,40,1
1376539764,40,1
1376540367,40,1
1376540971,40,1
1376541575,40,1
1376542179,40,1
1376542783,40,1
1376543387,40,1
1376543991,40,1
1376544594,40,1
1376545109,41,0
1376545711,41,0
1376546315,41,0
1376546919,41,0
1376547523,41,0
1376548126,41,0
1376548730,41,0
1376549334,41,0
1376549938,41,0
1376550140,40,1
1376550744,40,1
1376550900,41,0
1376551504,41,0
1376552109,41,0
1376552717,40,1
1376553321,40,1
1376553925,40,1
1376554530,40,1
1376555133,40,1
1376555737,40,1
1376556341,40,1
1376556945,40,1
1376557403,39,2
1376558008,39,2
1376558317,40,1
1376558921,40,1
1376559538,39,2
1376560182,40,1
1376560786,40,1
1376561390,40,1
1376561840,40,1
1376562236,41,0
1376562840,41,0
1376562904,40,1
1376563509,40,1
1376563819,41,0
1376564423,41,0
1376565027,41,0
1376565631,41,0
1376566234,41,0
1376566838,41,0
1376567443,41,0
1376568046,41,0
1376568650,41,0
1376569254,41,0
1376569857,41,0
1376570461,41,0
1376571038,40,1
1376571503,39,2
1376571578,39,2
1376571588,40,1
1376572192,40,1
1376572281,41,0
1376572810,39,2
1376572895,39,2
1376572931,40,1
1376573196,40,1
1376573207,41,0
1376573812,41,0
1376574416,41,0
1376575019,41,0
1376575623,41,0
1376576227,41,0
1376576406,40,1
1376577010,40,1
1376577614,40,1
1376577822,41,0
1376578390,41,0
1376578456,41,0
1376578659,40,1
1376578678,40,1
1376578780,40,1
1376578838,40,1
1376578873,41,0
1376579477,41,0
1376580081,41,0
1376580153,40,1
1376580758,40,1
1376581361,40,1
1376581965,40,1
1376582569,40,1
1376582742,39,1
1376582758,38,3
1376582908,38,3
1376583033,39,2
1376583062,40,1
1376583666,40,1
1376584270,40,1
1376584873,40,1
1376585477,40,1
1376585649,41,0
1376586253,41,0
1376586857,41,0
1376587460,41,0
1376588064,41,0
1376588668,41,0
1376589277,41,0
1376589644,40,1
1376589646,39,2
1376590251,39,2
1376590706,38,3
1376590833,38,3
1376590883,39,2
1376590908,40,1
1376591414,39,2
1376591473,39,2
1376591547,39,2
1376591580,40,1
1376592184,40,1
1376592788,40,1
1376593392,40,1
1376593995,40,1
1376594599,40,1
1376595203,40,1
1376595467,39,2
1376596071,39,2
1376596683,39,2
1376597287,39,2
1376597891,39,2
1376598426,38,3
1376599030,38,3
1376599099,38,3
1376599164,39,2
1376599358,39,2
1376599389,40,1
1376599935,39,2
1376600539,39,2
1376601142,39,2
1376601746,39,2
1376602082,38,3
1376602686,38,3
1376603290,38,3
1376603894,38,3
1376604309,37,4
1376604652,36,5
1376605256,36,5
1376605838,35,6
1376606441,35,6
1376606922,34,7
1376606924,33,8
1376607529,33,8
1376608133,33,8
1376608736,33,8
1376608903,32,9
1376609507,32,9
1376610111,32,9
1376610716,32,9
1376611233,33,8
1376611836,33,8
1376612080,31,10
1376612685,31,10
1376613289,31,10
1376613395,30,11
1376613998,30,11
1376614602,30,11
1376615206,30,11
1376615810,30,11
1376616414,30,11
1376616614,30,11
1376616733,29,12
1376617337,29,12
1376617941,29,12
1376618546,29,12
1376619151,29,12
1376619754,29,12
1376620358,29,12
1376620962,29,12
1376621566,29,12
1376622170,29,12
1376622773,29,12
1376623377,29,12
1376623981,29,12
1376624585,29,12
1376625188,29,12
1376625792,29,12
1376626396,29,12
1376627000,29,12
1376627133,28,13
1376627738,28,13
1376628341,28,13
1376628464,28,13
1376628467,29,12
1376628674,28,13
1376628726,28,13
1376628815,29,12
1376628826,30,11
1376629431,30,11
1376630036,30,11
1376630639,30,11
1376631243,30,11
1376631847,30,11
1376632292,32,9
1376632896,32,9
1376633499,32,9
1376634102,32,9
1376634707,32,9
1376634782,33,8
1376635386,33,8
1376635600,32,9
1376635616,31,10
1376636220,31,10
1376636708,32,9
1376636981,32,9
1376636991,33,8
1376637158,34,7
1376637762,34,7
1376638366,34,7
1376638601,33,8
1376638604,34,7
1376638945,35,6
1376639492,36,5
1376639537,37,4
1376639666,36,5
1376640001,35,6
1376640450,36,5
1376641055,36,5
1376641659,36,5
1376642263,36,5
1376642550,34,7
1376642862,34,7
1376642909,34,7
1376642953,34,7
1376643031,34,7
1376643056,35,6
1376643660,35,6
1376644264,35,6
1376644868,35,6
1376644996,36,5
1376645601,36,5
1376646205,36,5
1376646733,35,6
1376647289,34,7
1376647894,34,7
1376648497,34,7
1376648800,35,6
1376649405,35,6
1376649634,34,7
1376649686,33,7
1376649751,34,7
1376649790,34,7
1376650395,34,7
1376650998,34,7
1376651138,35,6
1376651742,35,6
1376652346,35,6
1376652950,35,6
1376653554,35,6
1376653642,36,5
1376654247,36,5
1376654802,36,5
1376654804,37,4
1376655409,37,4
1376655925,38,3
1376656530,38,3
1376656768,39,2
1376656799,40,1
1376657403,40,1
1376658007,40,1
1376658610,40,1
1376659145,39,2
1376659239,37,4
1376659706,38,3
1376660138,38,3
1376660169,39,2
1376660774,39,2
1376661379,39,2
1376661983,39,2
1376662587,39,2
1376663191,39,2
1376663795,39,2
1376663853,40,1
1376664457,40,1
1376665024,39,2
1376665629,39,2
1376665839,39,2
1376665852,40,1
1376666456,40,1
1376666683,40,1
1376666742,41,0
1376666781,40,1
1376666850,41,0
1376667453,41,0
1376667621,40,1
1376668226,40,1
1376668332,39,2
1376668658,39,2
1376668689,40,1
1376668741,41,0
1376669345,41,0
1376669949,41,0
1376670552,41,0
1376671156,41,0
1376671494,39,2
1376672099,39,2
1376672256,38,3
1376672860,38,3
1376673464,38,3
1376673497,39,2
1376673693,40,1
1376674205,38,3
1376674376,39,2
1376674469,40,1
1376674844,40,1
1376674853,41,0
1376675176,40,1
1376675258,41,0
1376675861,41,0
1376676465,41,0
1376677069,41,0
1376677298,40,1
1376677309,40,1
1376677913,40,1
1376678155,41,0
1376678759,41,0
1376679363,41,0
1376679967,41,0
1376680571,41,0
1376681175,41,0
1376681779,41,0
1376682383,41,0
1376682986,41,0
1376683590,41,0
1376684169,40,1
1376684773,40,1
1376685377,40,1
1376685980,40,1
1376686584,40,1
1376687188,40,1
1376687673,39,2
1376687832,40,1
1376688437,40,1
1376689040,40,1
1376689644,40,1
1376690248,40,1
1376690852,40,1
1376691302,39,2
1376691906,39,2
1376692511,39,2
1376693114,39,2
1376693546,40,1
1376694150,40,1
1376694754,40,1
1376695169,39,2
1376695708,37,4
1376696312,37,4
1376696916,37,4
1376697138,36,5
1376697742,36,5
1376698346,36,5
1376698950,36,5
1376699554,36,5
1376700157,36,5
1376700761,36,5
1376701365,36,5
1376701595,37,4
1376702199,37,4
1376702803,37,4
1376703013,37,4
1376703104,37,4
1376703112,37,4
1376703716,37,4
1376704320,37,4
1376704925,37,4
1376705528,37,4
1376706132,37,4
1376706736,37,4
1376707340,37,4
1376707957,37,4
1376708021,37,4
1376708063,38,3
1376708667,38,3
1376709271,38,3
1376709875,38,3
1376710479,38,3
1376711082,38,3
1376711686,38,3
1376712290,38,3
1376712894,38,3
1376713232,37,4
1376713836,37,4
1376714440,37,4
1376715045,37,4
1376715649,37,4
1376716253,37,4
1376716856,37,4
1376717228,38,3
1376717833,38,3
1376718436,38,3
1376719040,38,3
1376719644,38,3
1376720248,38,3
1376720468,39,2
1376720967,38,3
1376721572,38,3
1376722176,38,3
1376722779,38,3
1376723383,38,3
1376723987,38,3
1376724591,38,3
1376725194,38,3
1376725798,38,3
1376726402,38,3
1376726491,39,2
1376727095,39,2
1376727406,38,3
1376728010,38,3
1376728613,38,3
1376729217,38,3
1376729822,38,3
1376730026,37,4
1376730344,38,3
1376730948,38,3
1376731552,38,3
1376732156,38,3
1376732225,39,2
1376732738,40,1
1376733188,39,2
1376733285,38,3
1376733889,38,3
1376734493,38,3
1376734963,38,3
1376734970,39,2
1376735535,40,1
1376735880,39,2
1376736026,38,3
1376736223,38,3
1376736232,39,2
1376736451,38,3
1376736526,39,2
1376736586,39,2
1376736589,40,1
1376736701,40,1
1376736814,41,0
1376737163,41,0
1376737767,41,0
1376738371,41,0
1376738490,39,2
1376738538,39,2
1376738895,40,1
1376739196,39,2
1376739346,38,3
1376739950,38,3
1376740554,38,3
1376741183,37,4
1376741347,38,3
1376741951,38,3
1376742547,36,5
1376743151,36,5
1376743545,36,5
1376743591,38,3
1376744195,38,3
1376744785,37,4
1376745341,38,3
1376745584,38,3
1376745626,39,2
1376745706,39,2
1376745758,40,1
1376746362,40,1
1376746966,40,1
1376747570,40,1
1376748173,40,1
1376748777,40,1
1376749102,41,0
1376749707,41,0
1376750310,41,0
1376750915,41,0
1376751519,41,0
1376752123,41,0
1376752727,41,0
1376752926,40,1
1376753530,40,1
1376754133,40,1
1376754737,40,1
1376755207,41,0
1376755811,41,0
1376756415,41,0
1376757019,41,0
1376757516,39,2
1376757884,40,1
1376758294,39,2
1376758827,40,1
1376759168,39,2
1376759773,39,2
1376760376,39,2
1376760967,37,4
1376761172,38,3
1376761776,38,3
1376761941,39,2
1376762545,39,2
1376762758,37,4
1376763286,37,4
1376763324,38,3
1376763384,38,3
1376763413,39,2
1376763834,39,2
1376764118,40,1
1376764721,40,1
1376765325,40,1
1376765929,40,1
1376766193,39,2
1376766523,39,2
1376766533,40,1
1376766964,39,2
1376767568,39,2
1376768172,39,2
1376768776,39,2
1376769379,39,2
1376769983,39,2
1376770587,39,2
1376771191,39,2
1376771389,38,3
1376772041,38,3
1376772086,37,4
1376772491,36,5
1376773095,36,5
1376773699,36,5
1376773764,34,7
1376773886,32,9
1376774490,32,9
1376775094,32,9
1376775697,32,9
1376776301,32,9
1376776905,32,9
1376777509,32,9
1376777781,31,10
1376778385,31,10
1376778989,31,10
1376779593,31,10
1376780197,31,10
1376780801,31,10
1376781343,32,9
1376781350,33,8
1376781960,33,8
1376782564,33,8
1376782778,32,9
1376783382,32,9
1376783880,33,8
1376784484,33,8
1376785088,33,8
1376785691,33,8
1376786295,33,8
1376786899,33,8
1376787503,33,8
1376788106,33,8
1376788710,33,8
1376789417,33,8
1376790021,33,8
1376790625,33,8
1376791229,33,8
1376791833,33,8
1376792091,32,9
1376792695,32,9
1376793299,32,9
1376793902,32,9
1376794506,32,9
1376795110,32,9
1376795714,32,9
1376796318,32,9
1376796922,32,9
1376797525,32,9
1376798129,32,9
1376798733,32,9
1376799337,32,9
1376799940,32,9
1376800544,32,9
1376801148,32,9
1376801752,32,9
1376802357,32,9
1376802960,32,9
1376803564,32,9
1376803631,33,8
1376804235,33,8
1376804839,33,8
1376805443,33,8
1376806047,33,8
1376806651,33,8
1376807255,33,8
1376807924,33,8
1376807931,34,7
1376808410,35,6
1376808732,34,7
1376809337,34,7
1376809940,34,7
1376810544,34,7
1376811148,34,7
1376811752,34,7
1376812355,34,7
1376812959,34,7
1376813055,35,6
1376813660,35,6
1376814189,36,5
1376814652,35,6
1376815257,35,6
1376815860,35,6
1376816464,35,6
1376817068,35,6
1376817372,34,7
1376817697,35,6
1376818301,35,6
1376818671,34,7
1376818803,33,8
1376818984,31,10
1376819042,30,11
1376819646,30,11
1376820073,31,10
1376820677,31,10
1376820930,31,10
1376821055,32,9
1376821659,32,9
1376822262,32,9
1376822835,33,8
1376823439,33,8
1376824043,33,8
1376824347,34,7
1376824945,33,8
1376825550,33,8
1376826153,33,8
1376826521,33,8
1376826581,33,8
1376826591,34,7
1376827117,35,6
1376827721,35,6
1376828325,35,6
1376828929,35,6
1376829532,35,6
1376830136,35,6
1376830299,34,7
1376830890,35,6
1376831052,35,6
1376831124,36,5
1376831260,38,3
1376831865,38,3
1376832200,37,4
1376832804,37,4
1376832881,37,4
1376832891,38,3
