1376208470,23,2
1376209074,23,2
1376209677,23,2
1376210281,23,2
1376210885,23,2
1376211489,23,2
1376212093,23,2
1376212697,23,2
1376213300,23,2
1376213904,23,2
1376214448,22,3
1376214936,23,2
1376215395,24,1
1376215824,24,1
1376216075,24,1
1376216680,24,1
1376217284,24,1
1376217888,24,1
1376218492,24,1
1376218895,23,2
1376219257,24,1
1376219860,24,1
1376220464,24,1
1376221067,24,1
1376221671,24,1
1376222274,24,1
1376222776,25,0
1376222815,25,1
1376223224,25,1
1376223227,24,2
1376223850,23,3
1376223936,24,2
1376224063,24,2
1376224065,25,1
1376224669,25,1
1376224808,24,2
1376224914,24,2
1376224974,25,1
1376225579,25,1
1376225802,24,2
1376225820,24,2
1376225901,23,3
1376225955,24,2
1376226558,24,2
1376226837,23,3
1376226919,23,3
1376226965,23,3
1376227175,23,3
1376227522,24,2
1376227824,25,1
1376228427,25,1
1376228485,25,1
1376229088,25,1
1376229692,25,1
1376229814,23,3
1376229996,25,1
1376230601,25,1
1376231204,25,1
1376231740,24,2
1376232343,24,2
1376232821,25,1
1376233284,22,4
1376233362,22,4
1376233377,22,4
1376233558,23,3
1376233784,23,3
1376233804,25,1
1376234408,25,1
1376235013,25,1
1376235217,23,3
1376235457,22,4
1376235914,22,4
1376235988,23,3
1376236297,22,4
1376236425,22,4
1376236427,22,4
1376236513,22,4
1376236557,22,4
1376236661,22,4
1376236700,23,3
1376236763,23,3
1376236788,24,2
1376237007,24,2
1376237032,23,3
1376237138,23,3
1376237199,24,2
1376237231,25,1
1376237835,25,1
1376238440,25,1
1376238942,25,1
1376238944,25,1
1376239230,24,2
1376239834,24,2
1376239911,24,2
1376240514,24,2
1376240763,25,1
1376240859,24,2
1376241462,24,2
1376242066,24,2
1376242417,25,1
1376242460,24,2
1376242582,24,2
1376242636,25,1
1376242704,25,1
1376242734,26,0
1376242803,25,1
1376243409,25,1
1376243466,23,3
1376244070,23,3
1376244674,23,3
1376244800,22,4
1376244974,21,5
1376245577,21,5
1376246066,19,7
1376246494,20,6
1376246522,21,5
1376246754,20,6
1376247359,20,6
1376247963,20,6
1376248170,20,6
1376248202,21,5
1376248286,22,4
1376248890,22,4
1376249494,22,4
1376250098,22,4
1376250199,23,3
1376250802,23,3
1376251406,23,3
1376251864,22,4
1376252468,22,4
1376253072,22,4
1376253675,22,4
1376254279,22,4
1376254882,22,4
1376255486,22,4
1376256089,22,4
1376256693,22,4
1376257296,22,4
1376257900,22,4
1376258503,22,4
1376259114,21,5
1376259717,21,5
1376260321,21,5
1376260924,21,5
1376261528,21,5
1376262131,21,5
1376262735,21,5
1376263080,20,6
1376263684,20,6
1376263999,21,5
1376264603,21,5
1376265206,21,5
1376265810,21,5
1376266275,22,4
1376266879,22,4
1376267482,22,4
1376268086,22,4
1376268689,22,4
1376269031,21,5
1376269634,21,5
1376270237,21,5
1376270703,21,5
1376271307,21,5
1376271910,21,5
1376272514,21,5
1376273117,21,5
1376273721,21,5
1376274324,21,5
1376274928,21,5
1376275532,21,5
1376276135,21,5
1376276739,21,5
1376277342,21,5
1376277946,21,5
1376278549,21,5
1376279152,21,5
1376279756,21,5
1376280360,21,5
1376280963,21,5
1376281567,21,5
1376282170,21,5
1376282774,21,5
1376283378,21,5
1376283981,21,5
1376284584,21,5
1376285188,21,5
1376285791,21,5
1376286395,21,5
1376286437,22,4
1376286668,23,3
1376287271,23,3
1376287342,24,2
1376287946,24,2
1376288549,24,2
1376289153,24,2
1376289396,23,3
1376289431,24,2
1376290039,25,1
1376290113,24,2
1376290284,25,1
1376290468,25,1
1376290657,24,2
1376291010,25,1
1376291170,25,1
1376291420,24,2
1376291935,25,1
1376292029,22,4
1376292337,22,4
1376292345,23,3
1376292463,23,3
1376292508,24,2
1376292537,25,1
1376293167,24,2
1376293383,25,1
1376293789,24,2
1376294392,24,2
1376294965,25,1
1376295033,26,0
1376295151,25,1
1376295582,25,1
1376295584,24,2
1376295702,24,2
1376295705,23,3
1376296034,22,4
1376296541,22,4
1376296549,23,3
1376297152,23,3
1376297430,23,2
1376297799,23,2
1376297855,23,2
1376297915,23,2
1376298131,22,3
1376298735,22,3
1376299338,22,3
1376299876,22,3
1376299906,23,2
1376300510,23,2
1376300941,22,3
1376301457,22,3
1376301466,23,2
1376302070,23,2
1376302673,23,2
1376303276,23,2
1376303880,23,2
1376304484,23,2
1376305087,23,2
1376305650,24,1
1376306254,24,1
1376306468,23,2
1376306977,24,1
1376307580,24,1
1376308184,24,1
1376308787,24,1
1376309391,24,1
1376309995,24,1
1376310598,24,1
1376311202,24,1
1376311805,24,1
1376312408,24,1
1376313012,24,1
1376313616,24,1
1376314219,24,1
1376314823,24,1
1376315426,24,1
1376316030,24,1
1376316633,24,1
1376316882,24,1
1376316909,24,1
1376317512,24,1
1376318116,24,1
1376318719,24,1
1376318859,24,1
1376318879,24,1
1376319043,25,0
1376319046,24,1
1376319461,24,1
1376319503,25,0
1376319575,24,1
1376319982,23,2
1376320586,23,2
1376321189,23,2
1376321235,24,1
1376321667,25,0
1376321692,24,1
1376322040,25,1
1376322064,25,1
1376322627,24,2
1376322895,23,3
1376323074,24,2
1376323316,25,1
1376323383,24,2
1376323716,25,1
1376323854,24,2
1376324099,23,3
1376324437,24,2
1376324496,25,1
1376325100,25,1
1376325368,24,2
1376325716,25,1
1376325833,24,2
1376325915,25,1
1376326012,23,3
1376326295,24,2
1376326587,24,2
1376327200,24,2
1376327208,25,1
1376327558,24,2
1376327646,23,3
1376328250,23,3
1376328514,22,4
1376328580,22,4
1376328686,21,5
1376328756,22,4
1376328821,22,4
1376328876,23,3
1376329372,24,2
1376329530,25,1
1376329619,24,2
1376329902,24,2
1376330003,25,1
1376330607,25,1
1376331210,25,1
1376331515,25,1
1376332119,25,1
1376332722,25,1
1376333326,25,1
1376333929,25,1
1376334533,25,1
1376335136,25,1
1376335740,25,1
1376336343,25,1
1376336947,25,1
1376337455,25,1
1376337587,24,2
1376338190,24,2
1376338794,24,2
1376339398,24,2
1376339801,24,2
1376339845,24,2
1376339893,24,2
1376340510,25,1
1376341097,24,2
1376341700,24,2
1376342304,24,2
1376342776,24,2
1376343380,24,2
1376343983,24,2
1376344587,24,2
1376345019,23,3
1376345323,23,3
1376345325,22,4
1376345928,22,4
1376346532,22,4
1376346699,20,6
1376346715,20,6
1376347318,20,6
1376347922,20,6
1376348525,20,6
1376348892,21,5
1376349496,21,5
1376350052,20,6
1376350655,20,6
1376351259,20,6
1376351862,20,6
1376352283,20,6
1376352290,21,5
1376352537,20,6
1376353141,20,6
1376353744,20,6
1376354348,20,6
1376354421,19,7
1376355025,19,7
1376355628,19,7
1376356232,19,7
1376356835,19,7
1376357105,19,7
1376357709,19,7
1376358312,19,7
1376358916,19,7
1376359519,19,7
1376360123,19,7
1376360342,18,8
1376360946,18,8
1376361549,18,8
1376362153,18,8
1376362756,18,8
1376363360,18,8
1376363963,18,8
1376364567,18,8
1376365171,18,8
1376365774,18,8
1376366378,18,8
1376366981,18,8
1376367584,18,8
1376368188,18,8
1376368792,18,8
1376369395,18,8
1376369999,18,8
1376370602,18,8
1376371205,18,8
1376371809,18,8
1376372191,19,7
1376372795,19,7
1376373399,19,7
1376374002,19,7
1376374119,21,5
1376374723,21,5
1376375097,22,4
1376375540,23,3
1376375749,22,4
1376376042,21,5
1376376419,22,4
1376376574,22,4
1376376630,22,4
1376376659,23,3
1376376777,24,2
1376377075,24,2
1376377172,25,1
1376377237,25,1
1376377469,24,2
1376377881,25,1
1376378057,25,1
1376378127,25,1
1376378180,26,0
1376378413,25,1
1376378548,26,0
1376379151,26,0
1376379755,26,0
1376380203,25,1
1376380806,25,1
1376381056,25,1
1376381202,25,1
1376381259,26,0
1376381789,25,1
1376382392,25,1
1376382478,24,2
1376383081,24,2
1376383685,24,2
1376384288,24,2
1376384892,24,2
1376385158,25,1
1376385679,26,0
1376386282,26,0
1376386886,26,0
1376387070,25,1
1376387275,26,0
1376387878,26,0
1376388482,26,0
1376389085,26,0
1376389689,26,0
1376390293,26,0
1376390713,25,1
1376390765,25,1
1376390851,25,1
1376390877,26,0
1376391481,26,0
1376392084,26,0
1376392688,26,0
1376393291,26,0
1376393352,25,1
1376393955,25,1
1376394181,24,2
1376394327,25,1
1376394930,25,1
1376395367,24,2
1376395971,24,2
1376396574,24,2
1376396704,25,1
1376397307,25,1
1376397911,25,1
1376398444,24,2
1376398959,24,2
1376398969,24,2
1376399083,24,2
1376399086,25,1
1376399377,26,0
1376399980,26,0
1376400583,26,0
1376401083,25,1
1376401589,25,1
1376401648,25,1
1376401699,26,0
1376402303,26,0
1376402906,26,0
1376403510,26,0
1376404113,26,0
1376404717,26,0
1376405321,26,0
1376405407,25,1
1376406010,25,1
1376406614,25,1
1376407217,25,1
1376407821,25,1
1376407994,24,2
1376408597,24,2
1376409085,25,1
1376409688,25,1
1376409817,24,2
1376409834,25,1
1376410062,26,0
1376410099,25,1
1376410702,25,1
1376410954,23,3
1376411020,24,2
1376411192,20,6
1376411401,21,5
1376411740,22,4
1376411759,23,3
1376411923,24,2
1376411961,25,1
1376412104,25,1
1376412708,26,0
1376413304,25,1
1376413600,26,0
1376414205,26,0
1376414810,26,0
1376415413,26,0
1376415815,25,1
1376416095,24,2
1376416217,23,3
1376416460,24,2
1376417063,24,2
1376417239,25,1
1376417358,26,0
1376417961,26,0
1376418565,26,0
1376419020,25,1
1376419153,26,0
1376419569,25,1
1376419654,26,0
1376419671,25,1
1376420275,25,1
1376420755,24,2
1376420994,23,3
1376421144,23,3
1376421747,23,3
1376421995,24,2
1376422060,23,3
1376422106,23,3
1376422393,24,2
1376422997,24,2
1376423303,23,3
1376423559,22,4
1376423740,23,3
1376423779,23,3
1376424383,23,3
1376424986,23,3
1376425590,23,3
1376426193,23,3
1376426797,23,3
1376427055,22,4
1376427658,22,4
1376428141,23,3
1376428287,22,4
1376428891,22,4
1376429474,21,5
1376430078,21,5
1376430681,21,5
1376431285,21,5
1376431888,21,5
1376432465,22,4
1376433068,22,4
1376433178,22,4
1376433782,22,4
1376434386,22,4
1376434989,22,4
1376435593,22,4
1376435709,20,6
1376436313,20,6
1376436916,20,6
1376437222,19,7
1376437826,19,7
1376438002,20,6
1376438605,20,6
1376439209,20,6
1376439812,20,6
1376440416,20,6
1376440830,21,5
1376441434,21,5
1376442037,21,5
1376442641,21,5
1376443244,21,5
1376443505,21,5
1376444108,21,5
1376444711,21,5
1376445315,21,5
1376445918,21,5
1376446522,21,5
1376447126,21,5
1376447729,21,5
1376448333,21,5
1376448936,21,5
1376449540,21,5
1376450143,21,5
1376450747,21,5
1376451350,21,5
1376451954,21,5
1376452558,21,5
1376453161,21,5
1376453764,21,5
1376454368,21,5
1376454971,21,5
1376455575,21,5
1376456178,21,5
1376456782,21,5
1376457386,21,5
1376457989,21,5
1376458593,21,5
1376459080,22,4
1376459683,22,4
1376460287,22,4
1376460838,23,3
1376461441,23,3
1376461699,23,3
1376461844,24,2
1376462447,24,2
1376462640,25,1
1376463224,24,2
1376463387,25,1
1376463453,26,0
1376464057,26,0
1376464660,26,0
1376464862,25,1
1376464945,26,0
1376465548,26,0
1376465803,26,0
1376465806,25,1
1376466042,25,0
1376466098,25,1
1376466702,25,1
1376467305,25,1
1376467499,26,0
1376468062,25,1
1376468665,25,1
1376468954,26,0
1376469083,25,1
1376469207,26,0
1376469271,25,1
1376469285,25,1
1376469889,25,1
1376470495,24,2
1376471057,24,2
1376471261,24,2
1376471269,25,1
1376471872,25,1
1376472476,25,1
1376473079,25,1
1376473683,25,1
1376474287,25,1
1376474653,26,0
1376475257,26,0
1376475299,25,1
1376475463,25,1
1376475474,25,1
1376476077,25,1
1376476681,25,1
1376476940,26,0
1376477544,26,0
1376478147,26,0
1376478199,25,1
1376478370,24,2
1376478973,24,2
1376479111,25,1
1376479255,26,0
1376479394,25,1
1376479997,25,1
1376480079,24,2
1376480364,25,1
1376480968,25,1
1376481573,25,1
1376482176,25,1
1376482773,26,0
1376483377,26,0
1376483980,26,0
1376484584,26,0
1376484872,25,1
1376484919,26,0
1376485524,26,0
1376486127,26,0
1376486731,26,0
1376487335,26,0
1376487938,26,0
1376488542,26,0
1376489145,26,0
1376489749,26,0
1376490052,25,1
1376490656,25,1
1376491259,25,1
1376491330,26,0
1376491933,26,0
1376492537,26,0
1376493140,26,0
1376493744,26,0
1376493822,24,2
1376493953,23,3
1376494105,21,5
1376494217,22,4
1376494364,21,5
1376494810,22,4
1376495158,21,5
1376495415,22,4
1376495557,21,5
1376495571,20,6
1376495660,19,7
1376496212,18,8
1376496274,19,7
1376496877,19,7
1376497304,19,7
1376497307,20,6
1376497400,21,5
1376497577,22,4
1376497722,22,4
1376497734,23,3
1376497875,22,4
1376498487,24,2
1376499090,24,2
1376499239,25,1
1376499884,24,2
1376500299,25,1
1376500465,24,2
1376500705,25,1
1376500781,25,1
1376500789,26,0
1376501036,25,1
1376501454,24,2
1376501677,23,3
1376502281,23,3
1376502884,23,3
1376502921,22,4
1376502996,22,4
1376503060,22,3
1376503119,22,3
1376503155,23,2
1376503759,23,2
1376504389,23,2
1376505044,23,2
1376505079,22,3
1376505152,22,3
1376505207,22,3
1376505246,23,2
1376505764,23,2
1376505844,22,3
1376505997,23,2
1376506125,24,1
1376506728,24,1
1376507331,24,1
1376507408,23,2
1376507725,24,1
1376508332,24,1
1376508361,25,0
1376508964,25,0
1376509568,25,0
1376510172,25,0
1376510776,25,0
1376511379,25,0
1376511604,24,1
1376512208,24,1
1376512811,24,1
1376513414,24,1
1376513574,25,0
1376514178,25,0
1376514782,25,0
1376515385,25,0
1376515989,25,0
1376516592,25,0
1376517197,25,0
1376517800,25,0
1376518404,25,0
1376519007,25,0
1376519611,25,0
1376520214,25,0
1376520818,25,0
1376521422,25,0
1376522025,25,0
1376522628,25,0
1376523232,25,0
1376523836,25,0
1376524439,25,0
1376525043,25,0
1376525646,25,0
1376526250,25,0
1376526853,25,0
1376527457,25,0
1376528060,25,0
1376528259,24,1
1376528277,23,2
1376528881,23,2
1376529484,23,2
1376529982,23,2
1376530586,23,2
1376531190,23,2
1376531793,23,2
1376532397,23,2
1376533000,23,2
1376533603,23,2
1376534207,23,2
1376534810,23,2
1376535414,23,2
1376536017,23,2
1376536332,21,4
1376536935,21,4
1376537539,21,4
1376538142,21,4
1376538746,21,4
1376539349,21,4
1376539953,21,4
1376540556,21,4
1376541160,21,4
1376541763,21,4
1376542367,21,4
1376542970,21,4
1376543574,21,4
1376544178,21,4
1376544781,21,4
1376545384,21,4
1376545988,21,4
1376546592,21,4
1376547195,21,4
1376547799,21,4
1376548388,22,3
1376548991,22,3
1376549595,22,3
1376550199,22,3
1376550821,22,3
1376550918,23,2
1376551522,23,2
1376552021,23,2
1376552056,24,1
1376552659,24,1
1376553263,24,1
1376553867,24,1
1376554470,24,1
1376555073,24,1
1376555677,24,1
1376555781,24,1
1376555809,25,0
1376556413,25,0
1376557016,25,0
1376557620,25,0
1376558223,25,0
1376558827,25,0
1376559431,25,0
1376560034,25,0
1376560384,24,1
1376560988,24,1
1376561591,24,1
1376562195,24,1
1376562798,24,1
1376563318,25,0
1376563734,24,1
1376564338,24,1
1376564942,24,1
1376565452,24,1
1376565478,25,0
1376566081,25,0
1376566685,25,0
1376567099,25,0
1376567702,25,0
1376568156,24,1
1376568758,24,1
1376568819,25,0
1376569423,25,0
1376570026,25,0
1376570630,25,0
1376571233,25,0
1376571837,25,0
1376572161,25,1
1376572446,26,0
1376573050,26,0
1376573653,26,0
1376574257,26,0
1376574860,26,0
1376575464,26,0
1376576067,26,0
1376576120,25,1
1376576274,26,0
1376576362,25,1
1376576966,25,1
1376577569,25,1
1376577880,25,1
1376577887,25,1
1376578490,25,1
1376578966,24,2
1376579219,23,3
1376579409,22,4
1376579496,22,4
1376579560,21,5
1376579788,20,6
1376579948,20,6
1376580013,22,4
1376580250,21,5
1376580425,20,6
1376581028,20,6
1376581152,21,5
1376581388,22,4
1376581937,23,3
1376582081,23,3
1376582200,25,1
1376582743,26,0
1376583346,26,0
1376583950,26,0
1376584553,26,0
1376584807,25,1
1376585152,26,0
1376585756,26,0
1376586359,26,0
1376587002,24,2
1376587393,23,3
1376587576,22,4
1376587793,23,3
1376587959,25,1
1376587968,26,0
1376588572,26,0
1376588730,25,1
1376589330,26,0
1376589933,26,0
1376590537,26,0
1376591140,26,0
1376591460,25,1
1376591562,26,0
1376592165,26,0
1376592769,26,0
1376593372,26,0
1376593976,26,0
1376594580,26,0
1376595183,26,0
1376595787,26,0
1376595842,25,1
1376596002,25,1
1376596458,24,2
1376597061,24,2
1376597414,23,3
1376597965,24,2
1376598569,24,2
1376598794,23,3
1376598879,22,4
1376599482,22,4
1376600086,22,4
1376600689,22,4
1376600799,23,3
1376600939,22,4
1376601542,22,4
1376602146,22,4
1376602217,21,5
1376602638,19,7
1376603241,19,7
1376603845,19,7
1376604448,19,7
1376605052,19,7
1376605391,20,6
1376605994,20,6
1376606144,20,6
1376606150,18,8
1376606753,18,8
1376607356,18,8
1376607568,16,10
1376608171,16,10
1376608774,16,10
1376609378,16,10
1376609982,16,10
1376610603,17,9
1376611207,17,9
1376611833,15,11
1376612437,15,11
1376613040,15,11
1376613377,14,12
1376613981,14,12
1376614584,14,12
1376615188,14,12
1376615791,14,12
1376616306,14,12
1376616909,14,12
1376617513,14,12
1376618116,14,12
1376618720,14,12
1376619323,14,12
1376619927,14,12
1376620530,14,12
1376621134,14,12
1376621737,14,12
1376622341,14,12
1376622944,14,12
1376623453,15,11
1376624057,15,11
1376624660,15,11
1376625264,15,11
1376625867,15,11
1376626471,15,11
1376627074,15,11
1376627678,15,11
1376628281,15,11
1376628885,15,11
1376629489,15,11
1376630092,15,11
1376630696,15,11
1376631299,15,11
1376631902,15,11
1376632299,15,11
1376632310,16,10
1376632914,16,10
1376633517,16,10
1376634121,16,10
1376634725,16,10
1376635156,17,9
1376635243,17,9
1376635246,18,8
1376635581,19,7
1376636184,19,7
1376636787,19,7
1376636822,18,8
1376637007,19,7
1376637611,19,7
1376638214,19,7
1376638354,20,6
1376638894,21,5
1376639498,21,5
1376639844,22,4
1376640044,23,3
1376640647,23,3
1376640795,24,2
1376641399,24,2
1376642002,24,2
1376642074,25,1
1376642301,26,0
1376642904,26,0
1376643508,26,0
1376644111,26,0
1376644317,25,1
1376644439,26,0
1376645042,26,0
1376645646,26,0
1376646249,26,0
1376646853,26,0
1376647456,26,0
1376648060,26,0
1376648663,26,0
1376648853,25,1
1376649457,25,1
1376650061,25,1
1376650664,25,1
1376651268,25,1
1376651670,26,0
1376651950,25,1
1376652556,26,0
1376653159,26,0
1376653763,26,0
1376654367,26,0
1376654973,25,1
1376655021,25,1
1376655086,25,1
1376655116,26,0
1376655719,26,0
1376656323,26,0
1376656926,26,0
1376657496,26,0
1376658100,26,0
1376658703,26,0
1376659148,24,2
1376659289,25,1
1376659323,26,0
1376659926,26,0
1376660433,25,1
1376660594,24,2
1376661198,24,2
1376661789,25,1
1376662076,25,1
1376662679,25,1
1376663283,25,1
1376663886,25,1
1376664112,24,2
1376664636,23,3
1376664760,23,3
1376664771,24,2
1376664874,25,1
1376665480,24,2
1376665528,24,2
1376665650,24,2
1376665775,24,2
1376665827,25,1
1376665963,25,1
1376665966,26,0
1376666569,26,0
1376667174,26,0
1376667777,26,0
1376667917,26,0
1376668521,26,0
1376668876,25,1
1376669147,24,2
1376669750,24,2
1376670283,24,2
1376670344,24,2
1376670357,25,1
1376670867,26,0
1376671471,26,0
1376672075,26,0
1376672493,25,1
1376673097,25,1
1376673672,26,0
1376674276,26,0
1376674880,26,0
1376675484,26,0
1376675943,25,1
1376676546,25,1
1376676865,26,0
1376677469,26,0
1376678071,25,1
1376678623,25,1
1376678626,26,0
1376679229,26,0
1376679382,25,1
1376679986,25,1
1376680589,25,1
1376680765,24,2
1376681310,25,1
1376681913,25,1
1376682517,25,1
1376683120,25,1
1376683197,26,0
1376683800,26,0
1376684143,26,0
1376684145,25,1
1376684749,25,1
1376685352,25,1
1376685956,25,1
1376686559,25,1
1376687163,25,1
1376687766,25,1
1376688370,25,1
1376688973,25,1
1376689577,25,1
1376690180,25,1
1376690784,25,1
1376691388,25,1
1376691991,25,1
1376692512,24,2
1376693115,24,2
1376693719,24,2
1376694322,24,2
1376694926,24,2
1376695529,24,2
1376696133,24,2
1376696737,24,2
1376697340,24,2
1376697943,24,2
1376698547,24,2
1376699150,24,2
1376699754,24,2
1376700357,24,2
1376700961,24,2
1376701565,24,2
1376702168,24,2
1376702700,24,2
1376702785,24,2
1376703389,24,2
1376703992,24,2
1376704596,24,2
1376705199,24,2
1376705803,24,2
1376706406,24,2
1376707010,24,2
1376707613,24,2
1376708217,24,2
1376708820,24,2
1376709424,24,2
1376710027,24,2
1376710631,24,2
1376711235,24,2
1376711838,24,2
1376712442,24,2
1376713046,24,2
1376713649,24,2
1376714253,24,2
1376714856,24,2
1376715460,24,2
1376716063,24,2
1376716667,24,2
1376717143,24,2
1376717145,25,1
1376717749,25,1
1376718038,24,2
1376718641,24,2
1376718764,24,2
1376718766,25,1
1376719369,25,1
1376719973,25,1
1376720577,25,1
1376720852,26,0
1376721455,26,0
1376722059,26,0
1376722662,26,0
1376723266,26,0
1376723869,26,0
1376724473,26,0
1376725076,26,0
1376725374,25,1
1376725977,25,1
1376726581,25,1
1376727184,25,1
1376727788,25,1
1376728370,25,1
1376728973,25,1
1376729577,25,1
1376730180,25,1
1376730569,26,0
1376731173,26,0
1376731776,26,0
1376732380,26,0
1376732984,26,0
1376733587,26,0
1376733867,25,1
1376733942,25,1
1376733995,26,0
1376734599,26,0
1376735202,26,0
1376735684,26,0
1376735687,25,1
1376736290,25,1
1376736926,24,2
1376737285,23,3
1376737889,23,3
1376738492,23,3
1376739096,23,3
1376739699,23,3
1376739789,22,4
1376740379,23,3
1376740982,23,3
1376741586,23,3
1376741654,23,3
1376741693,24,2
1376742296,24,2
1376742585,25,1
1376743188,25,1
1376743791,25,1
1376744316,26,0
1376744920,26,0
1376745523,26,0
1376746127,26,0
1376746739,25,1
1376747317,26,0
1376747920,26,0
1376748524,26,0
1376749127,26,0
1376749243,26,0
1376749246,25,1
1376749849,25,1
1376750381,24,2
1376750505,24,2
1376750565,25,1
1376750567,26,0
1376751171,26,0
1376751774,26,0
1376752148,25,1
1376752752,25,1
1376753355,25,1
1376753959,25,1
1376754485,23,3
1376754585,23,3
1376754705,23,3
1376754753,25,1
1376755356,25,1
1376755458,25,1
1376755689,22,4
1376756292,22,4
1376756896,22,4
1376757401,21,5
1376758004,21,5
1376758607,21,5
1376758730,20,6
1376759333,20,6
1376759937,20,6
1376760540,20,6
1376760957,21,5
1376761561,21,5
1376762164,21,5
1376762597,20,6
1376763201,20,6
1376763491,20,6
1376763640,20,6
1376763688,21,5
1376763959,19,7
1376764554,20,6
1376764664,20,6
1376764717,21,5
1376764729,22,4
1376764896,21,5
1376765014,21,5
1376765082,21,5
1376765202,22,4
1376765257,21,5
1376765323,21,5
1376765375,21,5
1376765416,22,4
1376765503,22,4
1376765565,23,3
1376765567,24,2
1376766104,24,2
1376766130,25,1
1376766734,25,1
1376767337,25,1
1376767589,25,1
1376767758,24,2
1376768362,24,2
1376768613,22,4
1376768824,24,2
1376769427,24,2
1376769577,25,1
1376769604,24,2
1376770207,24,2
1376770384,23,3
1376770988,23,3
1376771216,24,2
1376771819,24,2
1376772423,24,2
1376773026,24,2
1376773630,24,2
1376774233,24,2
1376774837,24,2
1376775440,24,2
1376776044,24,2
1376776648,24,2
1376777251,24,2
1376777854,24,2
1376778458,24,2
1376779061,24,2
1376779610,23,3
1376780214,23,3
1376780817,23,3
1376781421,23,3
1376782025,23,3
1376782244,22,4
1376782847,22,4
1376783451,22,4
1376784054,22,4
1376784658,22,4
1376785261,22,4
1376785865,22,4
1376786336,23,3
1376786939,23,3
1376787543,23,3
1376788146,23,3
1376788749,23,3
1376789110,23,3
1376789714,23,3
1376790317,23,3
1376790921,23,3
1376791524,23,3
1376791724,23,3
1376791727,24,2
1376792330,24,2
1376792934,24,2
1376793537,24,2
1376794141,24,2
1376794745,24,2
1376795348,24,2
1376795952,24,2
1376796555,24,2
1376797159,24,2
1376797763,24,2
1376798366,24,2
1376798969,24,2
1376799573,24,2
1376800177,24,2
1376800780,24,2
1376801384,24,2
1376801987,24,2
1376802591,24,2
1376803194,24,2
1376803798,24,2
1376804401,24,2
1376805005,24,2
1376805608,24,2
1376806212,24,2
1376806815,24,2
1376807419,24,2
1376808022,24,2
1376808626,24,2
1376808759,25,1
1376808769,26,0
1376808844,25,1
1376809284,24,2
1376809887,23,3
1376810491,23,3
1376810625,23,3
1376810634,24,2
1376810691,23,3
1376811294,23,3
1376811898,23,3
1376812414,24,2
1376813018,24,2
1376813621,24,2
1376814225,24,2
1376814829,24,2
1376815432,24,2
1376816036,24,2
1376816639,24,2
1376817242,24,2
1376817846,24,2
1376818450,24,2
1376819053,24,2
1376819621,24,2
1376819685,24,2
1376819721,25,1
1376820324,25,1
1376820928,25,1
1376821531,25,1
1376822134,25,1
1376822738,25,1
1376823341,25,1
1376823945,25,1
1376824548,25,1
1376825187,24,2
1376825791,24,2
1376826394,24,2
1376826998,24,2
1376827601,24,2
1376828205,24,2
1376828808,24,2
1376829411,24,2
1376829750,25,1
1376830354,25,1
1376830835,25,1
1376830895,25,0
1376831072,25,1
1376831675,25,1
1376832279,25,1
1376832882,25,1
