1376208383,11,27
1376208987,11,27
1376209590,11,27
1376210194,11,27
1376210798,11,27
1376211391,10,27
1376211627,10,27
1376212231,10,27
1376212521,9,28
1376213020,9,28
1376213081,10,27
1376213089,11,26
1376213529,12,25
1376213576,13,24
1376214179,13,24
1376214783,13,24
1376215059,13,24
1376215069,14,23
1376215672,14,23
1376215977,13,24
1376216581,13,24
1376216648,12,25
1376217251,12,25
1376217330,12,25
1376217405,12,25
1376217433,15,22
1376217519,16,21
1376218122,16,21
1376218726,16,21
1376218924,15,22
1376219393,14,23
1376219997,14,23
1376220600,14,23
1376221204,14,23
1376221605,14,23
1376221614,15,22
1376222218,15,22
1376222821,15,22
1376223425,15,22
1376224029,15,22
1376224632,15,22
1376224936,14,23
1376225261,14,23
1376225270,15,22
1376225385,16,21
1376225387,17,20
1376225990,17,20
1376226369,18,19
1376226972,18,19
1376227156,16,21
1376227760,16,21
1376228363,16,21
1376228427,16,21
1376228735,16,21
1376228763,16,21
1376228858,17,20
1376229462,17,20
1376230065,17,20
1376230669,17,20
1376231272,17,20
1376231778,17,20
1376231863,17,20
1376231914,18,19
1376231965,18,19
1376232053,18,19
1376232121,19,18
1376232502,21,16
1376233019,22,15
1376233623,22,15
1376233885,22,15
1376233921,23,14
1376234049,24,13
1376234653,24,13
1376235256,24,13
1376235860,24,13
1376236464,24,13
1376237067,24,13
1376237372,23,14
1376237976,23,14
1376238374,22,15
1376238729,20,17
1376239333,20,17
1376239936,20,17
1376240540,20,17
1376241143,20,17
1376241747,20,17
1376242351,20,17
1376242954,20,17
1376243558,20,17
1376244161,20,17
1376244343,20,17
1376244369,19,18
1376244856,20,17
1376245459,20,17
1376246063,20,17
1376246667,20,17
1376247270,20,17
1376247874,20,17
1376248477,20,17
1376249080,20,17
1376249684,20,17
1376250287,20,17
1376250891,20,17
1376251495,20,17
1376252098,20,17
1376252702,20,17
1376253305,20,17
1376253909,20,17
1376254512,20,17
1376255116,20,17
1376255544,19,18
1376256148,19,18
1376256751,19,18
1376257355,19,18
1376257659,18,19
1376258262,18,19
1376258866,18,19
1376258977,19,18
1376259013,19,18
1376259157,19,18
1376259180,19,18
1376259784,19,18
1376260387,19,18
1376260991,19,18
1376261594,19,18
1376262198,19,18
1376262802,19,18
1376263405,19,18
1376264009,19,18
1376264612,19,18
1376265216,19,18
1376265783,18,19
1376266386,18,19
1376266990,18,19
1376267593,18,19
1376268197,18,19
1376268801,18,19
1376269404,18,19
1376270008,18,19
1376270612,18,19
1376271215,18,19
1376271690,18,19
1376272294,18,19
1376272897,18,19
1376273501,18,19
1376274104,18,19
1376274708,18,19
1376275311,18,19
1376275915,18,19
1376276518,18,19
1376277122,18,19
1376277726,18,19
1376278329,18,19
1376278933,18,19
1376279536,18,19
1376280140,18,19
1376280744,18,19
1376281347,18,19
1376281951,18,19
1376282022,19,18
1376282625,19,18
1376283229,19,18
1376283832,19,18
1376284436,19,18
1376285073,18,19
1376285095,19,18
1376285699,19,18
1376285869,18,19
1376286473,18,19
1376287052,19,18
1376287655,19,18
1376288259,19,18
1376288423,18,19
1376288478,17,20
1376288888,16,21
1376289148,17,20
1376289412,16,21
1376289655,17,20
1376289809,18,19
1376290343,19,18
1376290394,20,17
1376290835,20,17
1376290868,20,17
1376291014,18,19
1376291261,18,19
1376291274,20,17
1376291878,20,17
1376292457,21,16
1376293061,21,16
1376293575,20,17
1376293887,21,16
1376294474,23,14
1376295077,23,14
1376295681,23,14
1376296284,23,14
1376296888,23,14
1376297491,23,14
1376298095,23,14
1376298698,23,14
1376299302,23,14
1376299906,23,14
1376300509,23,14
1376301113,23,14
1376301716,23,14
1376302321,23,14
1376302924,23,14
1376303002,22,15
1376303606,22,15
1376303670,21,16
1376303921,22,15
1376304524,22,15
1376305114,23,14
1376305304,23,14
1376305362,24,13
1376305365,23,14
1376305742,22,15
1376305960,22,15
1376305968,23,14
1376306571,23,14
1376306916,24,13
1376307519,24,13
1376308123,24,13
1376308726,24,13
1376309330,24,13
1376309934,24,13
1376310537,24,13
1376311141,24,13
1376311744,24,13
1376312348,24,13
1376312951,24,13
1376313555,24,13
1376314158,24,13
1376314777,23,14
1376315380,23,14
1376315984,23,14
1376316587,23,14
1376317106,22,14
1376317126,22,14
1376317472,22,15
1376318076,22,15
1376318679,22,15
1376318847,23,14
1376319450,23,14
1376320054,23,14
1376320657,23,14
1376320844,23,14
1376320846,24,13
1376321258,24,13
1376321302,25,12
1376321368,25,12
1376321387,26,11
1376321990,26,11
1376322230,25,12
1376322307,24,13
1376322516,25,12
1376322695,24,13
1376323299,24,13
1376323902,24,13
1376324506,24,13
1376324716,25,12
1376325042,24,13
1376325428,23,14
1376325665,22,15
1376325858,21,16
1376326417,22,15
1376327020,22,15
1376327084,23,14
1376327139,23,14
1376327704,22,15
1376327899,23,14
1376328117,22,15
1376328721,22,15
1376328836,21,16
1376328983,20,17
1376329587,20,17
1376329801,21,16
1376329958,20,17
1376329986,19,18
1376330562,21,16
1376330591,22,15
1376331195,22,15
1376331664,23,14
1376332269,23,14
1376332558,24,13
1376333025,24,13
1376333374,25,12
1376333397,26,11
1376333623,26,11
1376333631,27,10
1376334234,26,11
1376334838,26,11
1376335441,26,11
1376336045,26,11
1376336602,25,12
1376336718,24,13
1376336862,24,13
1376336865,25,12
1376337468,25,12
1376338071,25,12
1376338675,25,12
1376339278,25,12
1376339882,25,12
1376340486,25,12
1376341089,25,12
1376341693,25,12
1376342296,25,12
1376342900,25,12
1376343161,26,11
1376343172,27,10
1376343775,27,10
1376344379,27,10
1376344982,27,10
1376345586,27,10
1376346189,27,10
1376346793,27,10
1376347396,27,10
1376347463,27,10
1376347488,28,9
1376347564,28,9
1376347720,29,8
1376348323,29,8
1376348927,29,8
1376349530,29,8
1376350134,29,8
1376350737,29,8
1376351341,29,8
1376351944,29,8
1376352548,29,8
1376353152,29,8
1376353755,29,8
1376354358,29,8
1376354962,29,8
1376355566,29,8
1376356169,29,8
1376356773,29,8
1376357376,29,8
1376357422,28,9
1376358093,28,9
1376358697,28,9
1376359300,28,9
1376359904,28,9
1376360507,28,9
1376361111,28,9
1376361714,28,9
1376362318,28,9
1376362921,28,9
1376363525,28,9
1376364128,28,9
1376364259,27,10
1376364863,27,10
1376365466,27,10
1376366070,27,10
1376366674,27,10
1376367277,27,10
1376367856,28,9
1376367913,28,9
1376368517,28,9
1376369120,28,9
1376369724,28,9
1376370328,28,9
1376370931,28,9
1376371053,29,8
1376371121,28,9
1376371129,29,8
1376371733,29,8
1376372038,28,9
1376372642,28,9
1376373119,29,8
1376373606,30,7
1376374210,30,7
1376374810,29,8
1376374998,28,9
1376375602,28,9
1376375650,29,8
1376375829,30,7
1376376175,31,6
1376376659,32,5
1376376933,33,4
1376376983,32,5
1376377046,32,5
1376377649,32,5
1376377887,32,5
1376377926,32,4
1376377990,33,3
1376378593,33,4
1376378857,33,4
1376378919,33,3
1376378936,34,2
1376379230,33,3
1376379597,33,3
1376380034,35,2
1376380637,35,2
1376381241,35,2
1376381844,35,2
1376382135,34,3
1376382739,34,3
1376383342,34,3
1376383946,34,3
1376384062,33,4
1376384350,32,5
1376384954,32,5
1376385557,32,5
1376386161,32,5
1376386283,31,6
1376386887,31,6
1376387379,30,7
1376387983,30,7
1376388188,29,8
1376388792,29,8
1376389395,29,8
1376390020,28,9
1376390623,28,9
1376390980,27,10
1376391584,27,10
1376392241,28,9
1376392289,28,9
1376392424,29,8
1376392426,30,7
1376393030,30,7
1376393634,30,7
1376394237,30,7
1376394841,30,7
1376395037,29,8
1376395641,29,8
1376396245,29,8
1376396848,29,8
1376397452,29,8
1376398055,29,8
1376398353,30,7
1376398588,31,6
1376399192,31,6
1376399795,31,6
1376400051,31,5
1376400214,31,4
1376400264,31,4
1376400327,31,5
1376400420,31,5
1376400572,32,4
1376401175,32,4
1376401779,32,4
1376402382,32,4
1376402986,32,4
1376403589,32,4
1376404193,32,4
1376404779,31,5
1376405383,31,5
1376405986,31,5
1376406590,31,5
1376407002,30,6
1376407007,30,6
1376407114,30,6
1376407126,30,6
1376407493,31,5
1376408099,31,5
1376408317,30,6
1376408726,31,5
1376408799,30,6
1376409302,31,5
1376409371,30,6
1376409674,31,6
1376409762,32,6
1376409803,31,7
1376409856,31,7
1376410460,31,7
1376410688,30,8
1376410772,31,7
1376411036,32,6
1376411569,31,7
1376411888,30,8
1376411980,31,7
1376412515,32,6
1376412584,32,6
1376412587,31,7
1376412883,32,6
1376413175,31,7
1376413779,31,7
1376413931,32,6
1376414182,32,6
1376414519,33,5
1376414593,32,6
1376415197,32,6
1376415630,32,6
1376415697,30,8
1376415763,30,8
1376415823,31,7
1376415832,32,6
1376415936,31,7
1376415965,30,8
1376416090,30,8
1376416693,30,8
1376416842,31,7
1376416848,33,5
1376417451,33,5
1376417862,32,6
1376417933,33,5
1376418401,33,5
1376418411,34,4
1376418714,35,3
1376419318,35,3
1376419443,36,2
1376420046,36,2
1376420650,36,2
1376420949,37,1
1376421552,37,1
1376422156,37,1
1376422243,37,1
1376422686,37,1
1376422876,36,2
1376423480,36,2
1376424083,36,2
1376424687,36,2
1376424730,37,1
1376424983,35,3
1376425587,35,3
1376426013,35,2
1376426039,35,3
1376426529,34,4
1376426672,33,5
1376427275,33,5
1376427879,33,5
1376428483,33,5
1376428804,34,4
1376429408,34,4
1376429844,35,3
1376429877,34,3
1376429944,34,3
1376429990,34,3
1376430111,34,3
1376430263,34,3
1376430323,34,3
1376430926,34,3
1376431102,33,4
1376431705,33,4
1376432309,33,4
1376432589,32,5
1376433193,32,5
1376433796,32,5
1376434400,32,5
1376435003,32,5
1376435607,32,5
1376436210,32,5
1376436814,32,5
1376437417,32,5
1376438021,32,5
1376438624,32,5
1376439228,32,5
1376439831,32,5
1376440435,32,5
1376441039,32,5
1376441642,32,5
1376442245,32,5
1376442849,32,5
1376443453,32,5
1376444056,32,5
1376444492,32,5
1376445096,32,5
1376445699,32,5
1376446302,32,5
1376446906,32,5
1376447510,32,5
1376448113,32,5
1376448717,32,5
1376449320,32,5
1376449924,32,5
1376450527,32,5
1376451131,32,5
1376451643,32,5
1376451646,33,4
1376452249,33,4
1376452853,33,4
1376453456,33,4
1376454060,33,4
1376454664,33,4
1376455266,33,4
1376455870,33,4
1376456473,33,4
1376457077,33,4
1376457610,32,5
1376458214,32,5
1376458817,32,5
1376459421,32,5
1376459966,33,4
1376460569,33,4
1376461123,34,3
1376461152,33,4
1376461235,33,4
1376461838,33,4
1376462042,34,3
1376462449,33,4
1376463053,33,4
1376463160,34,3
1376463295,33,4
1376463498,34,3
1376463582,34,3
1376463585,33,4
1376464189,33,4
1376464346,34,3
1376464396,35,2
1376464697,35,2
1376465301,35,2
1376465904,35,2
1376466199,36,1
1376466803,36,1
1376467406,36,1
1376468010,36,1
1376468613,36,1
1376469217,36,1
1376469821,36,1
1376470062,36,1
1376470064,35,2
1376470184,35,2
1376470195,36,1
1376470798,36,1
1376471402,36,1
1376472006,36,1
1376472609,36,1
1376472842,35,2
1376472997,34,3
1376473014,34,3
1376473617,34,3
1376474221,34,3
1376474824,34,3
1376475428,34,3
1376476031,34,3
1376476090,33,4
1376476165,34,3
1376476689,35,2
1376476994,34,3
1376477597,34,3
1376477821,35,2
1376478079,36,1
1376478683,36,1
1376479286,36,1
1376479890,36,1
1376480209,35,2
1376480813,35,2
1376481417,35,2
1376482020,35,2
1376482322,36,1
1376482925,36,1
1376483383,37,1
1376483428,37,1
1376483481,37,1
1376483564,38,0
1376483604,37,1
1376483670,37,1
1376483886,38,0
1376484490,38,0
1376485094,38,0
1376485698,38,0
1376486301,38,0
1376486905,38,0
1376487508,38,0
1376488111,38,0
1376488715,38,0
1376489319,38,0
1376489922,38,0
1376490526,38,0
1376491129,38,0
1376491733,38,0
1376492336,38,0
1376492940,38,0
1376493221,37,1
1376493312,38,0
1376493915,38,0
1376494519,38,0
1376494873,36,1
1376495066,35,2
1376495670,36,1
1376496282,36,1
1376496290,36,1
1376496623,35,2
1376497226,35,2
1376497452,34,3
1376497795,33,4
1376498144,33,4
1376498402,30,7
1376498831,29,8
1376498993,28,9
1376499083,27,10
1376499686,27,10
1376500290,27,10
1376500624,26,11
1376501227,26,11
1376501830,26,11
1376502434,26,11
1376502684,27,10
1376503288,27,10
1376503595,26,11
1376503829,25,12
1376504433,25,12
1376504679,25,12
1376504691,26,11
1376505294,26,11
1376505880,26,11
1376505889,27,10
1376506391,28,9
1376506994,28,9
1376507598,28,9
1376508201,28,9
1376508805,28,9
1376509120,28,9
1376509724,28,9
1376509858,27,10
1376510122,28,9
1376510445,28,9
1376510447,29,8
1376511051,29,8
1376511654,29,8
1376512258,29,8
1376512862,29,8
1376513465,29,8
1376514069,29,8
1376514673,29,8
1376515276,29,8
1376515879,29,8
1376516059,31,6
1376516663,31,6
1376517266,31,6
1376517674,29,8
1376518278,29,8
1376518881,29,8
1376519485,29,8
1376520088,29,8
1376520691,29,8
1376521295,29,8
1376521898,29,8
1376522502,29,8
1376523105,29,8
1376523709,29,8
1376523794,29,8
1376523884,30,7
1376524120,30,7
1376524164,30,7
1376524228,30,7
1376524253,31,6
1376524467,32,5
1376525071,32,5
1376525674,32,5
1376526278,32,5
1376526881,32,5
1376527485,32,5
1376528088,32,5
1376528692,32,5
1376529296,32,5
1376529899,32,5
1376530503,32,5
1376530888,32,5
1376530975,32,5
1376531579,32,5
1376532182,32,5
1376532786,32,5
1376533389,32,5
1376533993,32,5
1376534596,32,5
1376535200,32,5
1376535803,32,5
1376536407,32,5
1376537010,32,5
1376537164,31,6
1376537768,31,6
1376538371,31,6
1376538975,31,6
1376539578,31,6
1376540182,31,6
1376540786,31,6
1376541389,31,6
1376541993,31,6
1376542596,31,6
1376543200,31,6
1376543804,31,6
1376544407,31,6
1376545011,31,6
1376545614,31,6
1376546218,31,6
1376546821,31,6
1376547425,31,6
1376548028,31,6
1376548632,31,6
1376549235,31,6
1376549839,31,6
1376550443,31,6
1376551046,31,6
1376551649,31,6
1376552253,31,6
1376552857,31,6
1376553460,31,6
1376554064,31,6
1376554667,31,6
1376555037,30,7
1376555640,30,7
1376556244,30,7
1376556847,30,7
1376557451,30,7
1376557499,31,6
1376558102,31,6
1376558706,31,6
1376559310,31,6
1376559629,31,6
1376559753,32,5
1376559801,33,4
1376560405,33,4
1376560505,34,3
1376561108,34,3
1376561372,34,4
1376561433,34,3
1376561462,34,3
1376561554,34,4
1376561566,34,4
1376561853,33,5
1376562456,33,5
1376563060,33,5
1376563363,33,5
1376563397,33,5
1376563461,33,5
1376564064,33,5
1376564592,33,5
1376564641,33,5
1376565244,33,5
1376565582,33,5
1376565625,33,5
1376565708,33,5
1376566312,33,5
1376566947,34,4
1376567251,33,5
1376567855,33,5
1376568103,34,4
1376568113,35,3
1376568717,35,3
1376569320,35,3
1376569924,35,3
1376570527,35,3
1376570691,34,4
1376571294,34,4
1376571898,34,4
1376572027,36,2
1376572631,36,2
1376573122,35,3
1376573726,35,3
1376574258,33,5
1376574862,33,5
1376575465,33,5
1376576069,33,5
1376576672,33,5
1376577027,32,6
1376577631,32,6
1376577745,33,5
1376577823,33,5
1376577831,34,4
1376577911,34,4
1376578064,34,4
1376578066,35,3
1376578289,35,3
1376578893,35,3
1376579496,35,3
1376580100,35,3
1376580626,34,4
1376580979,33,5
1376581583,33,5
1376582186,33,5
1376582790,33,5
1376583393,33,5
1376583997,33,5
1376584254,32,6
1376584543,32,6
1376584545,31,7
1376584616,32,6
1376585186,30,8
1376585789,30,8
1376586393,30,8
1376586801,27,11
1376586908,28,10
1376587170,31,7
1376587774,31,7
1376587939,32,6
1376588309,31,7
1376588494,30,8
1376589097,30,8
1376589701,30,8
1376589927,31,7
1376590531,31,7
1376591134,31,7
1376591614,32,6
1376592218,32,6
1376592269,30,8
1376592486,29,9
1376593090,29,9
1376593693,29,9
1376594297,29,9
1376594900,29,9
1376595504,29,9
1376596107,29,9
1376596711,29,9
1376597314,29,9
1376597559,31,7
1376597720,32,6
1376598323,32,6
1376598927,32,6
1376599530,32,6
1376600134,32,6
1376600737,32,6
1376601341,32,6
1376601944,32,6
1376602466,34,4
1376603069,34,4
1376603431,33,5
1376603487,32,6
1376604091,32,6
1376604277,31,7
1376604290,30,8
1376604894,30,8
1376605497,30,8
1376606101,30,8
1376606705,30,8
1376607308,30,8
1376607397,32,6
1376607441,33,5
1376608045,33,5
1376608107,32,6
1376608711,32,6
1376609314,32,6
1376609918,32,6
1376610521,32,6
1376611125,32,6
1376611728,32,6
1376612331,32,6
1376612592,32,6
1376612653,33,5
1376613257,33,5
1376613860,33,5
1376614464,33,5
1376615067,33,5
1376615671,33,5
1376616274,33,5
1376616878,33,5
1376617291,33,5
1376617895,33,5
1376618499,33,5
1376619102,33,5
1376619706,33,5
1376620309,33,5
1376620913,33,5
1376621516,33,5
1376622120,33,5
1376622723,33,5
1376622992,32,6
1376623594,32,6
1376624198,32,6
1376624801,32,6
1376625405,32,6
1376626008,32,6
1376626612,32,6
1376627215,32,6
1376627819,32,6
1376628423,32,6
1376629026,32,6
1376629629,32,6
1376630233,32,6
1376630681,31,7
1376631284,31,7
1376631888,31,7
1376632492,31,7
1376633095,31,7
1376633320,31,7
1376633328,32,6
1376633931,32,6
1376634161,32,6
1376634164,31,7
1376634593,32,6
1376634662,31,7
1376635265,31,7
1376635474,32,6
1376636078,32,6
1376636681,32,6
1376637285,32,6
1376637888,32,6
1376638177,33,5
1376638468,32,6
1376638952,32,6
1376638966,32,6
1376639570,32,6
1376640173,32,6
1376640777,32,6
1376641188,31,7
1376641792,31,7
1376642395,31,7
1376642999,31,7
1376643350,30,8
1376643954,30,8
1376644288,30,8
1376644892,30,8
1376645358,29,9
1376645446,30,8
1376645558,31,7
1376646162,31,7
1376646765,31,7
1376647369,31,7
1376647972,31,7
1376648600,30,8
1376649204,30,8
1376649807,30,8
1376650411,30,8
1376650480,29,9
1376650978,30,8
1376651581,30,8
1376652185,30,8
1376652500,28,10
1376652993,27,11
1376653052,27,11
1376653085,27,11
1376653157,27,11
1376653207,27,11
1376653273,26,12
1376653348,26,12
1376653598,27,11
1376654202,27,11
1376654806,27,11
1376655410,27,11
1376656013,27,11
1376656566,28,10
1376657170,28,10
1376657773,28,10
1376658377,28,10
1376658980,28,10
1376659464,29,9
1376659583,29,9
1376659634,30,8
1376659670,31,7
1376660273,31,7
1376660682,31,7
1376660691,32,6
1376661295,32,6
1376661898,32,6
1376662502,32,6
1376662894,34,4
1376663378,34,4
1376663416,35,3
1376663694,34,4
1376664297,34,4
1376664901,34,4
1376665505,34,4
1376666108,34,4
1376666534,35,3
1376667137,35,3
1376667271,33,5
1376667300,32,6
1376667439,31,7
1376668043,31,7
1376668646,31,7
1376668905,30,8
1376669358,30,8
1376669431,31,7
1376670035,31,7
1376670639,31,7
1376671242,31,7
1376671846,31,7
1376672265,31,7
1376672274,32,6
1376672433,31,7
1376672744,32,6
1376673083,31,7
1376673687,31,7
1376674291,31,7
1376674894,31,7
1376674953,32,6
1376675023,31,7
1376675061,32,6
1376675665,32,6
1376676269,32,6
1376676522,32,6
1376676564,31,7
1376676743,30,8
1376677347,30,8
1376677950,30,8
1376678296,29,9
1376678899,29,9
1376679503,29,9
1376680106,29,9
1376680710,29,9
1376681314,29,9
1376681918,29,9
1376682522,29,9
1376683125,29,9
1376683524,28,10
1376684128,28,10
1376684731,28,10
1376685335,28,10
1376685938,28,10
1376686542,28,10
1376687145,28,10
1376687749,28,10
1376688352,28,10
1376688796,29,9
1376689399,29,9
1376690003,29,9
1376690606,29,9
1376691210,29,9
1376691813,29,9
1376692417,29,9
1376693021,29,9
1376693624,29,9
1376694228,29,9
1376694831,29,9
1376695435,29,9
1376696038,29,9
1376696642,29,9
1376697245,29,9
1376697849,29,9
1376698452,29,9
1376699056,29,9
1376699659,29,9
1376700263,29,9
1376700762,30,8
1376701366,30,8
1376701970,30,8
1376702573,30,8
1376703176,30,8
1376703689,30,8
1376703775,30,8
1376704378,30,8
1376704982,30,8
1376705585,30,8
1376706189,30,8
1376706792,30,8
1376707396,30,8
1376707999,30,8
1376708603,30,8
1376709206,30,8
1376709810,30,8
1376710414,30,8
1376710485,29,9
1376711088,29,9
1376711692,29,9
1376712296,29,9
1376712899,29,9
1376713503,29,9
1376714106,29,9
1376714710,29,9
1376715313,29,9
1376715917,29,9
1376716520,29,9
1376717124,29,9
1376717727,29,9
1376717833,28,10
1376718437,28,10
1376719040,28,10
1376719403,27,11
1376720007,27,11
1376720610,27,11
1376721214,27,11
1376721283,26,12
1376721887,26,12
1376722490,26,12
1376723094,26,12
1376723697,26,12
1376724301,26,12
1376724904,26,12
1376725484,26,12
1376725493,27,11
1376725870,26,12
1376726360,27,11
1376726963,27,11
1376727567,27,11
1376727644,27,11
1376727647,26,12
1376728250,26,12
1376728854,26,12
1376729458,26,12
1376729642,27,11
1376730246,27,11
1376730507,28,10
1376731111,28,10
1376731714,28,10
1376732318,28,10
1376732422,27,11
1376732742,27,11
1376732761,27,11
1376733011,27,11
1376733092,27,11
1376733135,28,10
1376733224,29,9
1376733260,29,9
1376733864,29,9
1376734251,28,10
1376734453,27,11
1376735057,27,11
1376735660,27,11
1376736264,27,11
1376736868,27,11
1376737471,27,11
1376738075,27,11
1376738678,27,11
1376739282,27,11
1376739547,26,12
1376740151,26,12
1376740755,26,12
1376740880,27,11
1376741483,27,11
1376742087,27,11
1376742690,27,11
1376743294,27,11
1376743897,27,11
1376744501,27,11
1376745044,27,11
1376745047,28,10
1376745165,29,9
1376745198,30,8
1376745278,29,9
1376745338,30,8
1376745715,31,7
1376746096,32,6
1376746700,32,6
1376747303,32,6
1376747771,33,5
1376748330,34,4
1376748934,34,4
1376749537,34,4
1376750141,34,4
1376750401,35,3
1376750683,36,2
1376750694,37,1
1376751298,37,1
1376751901,37,1
1376752505,37,1
1376753108,37,1
1376753712,37,1
1376754238,36,2
1376754842,36,2
1376755445,36,2
1376756049,36,2
1376756652,36,2
1376757256,36,2
1376757859,36,2
1376757920,35,3
1376758524,35,3
1376759127,35,3
1376759731,35,3
1376760334,35,3
1376760938,35,3
1376761541,35,3
1376762145,35,3
1376762749,35,3
1376763352,35,3
1376763956,35,3
1376764568,36,2
1376765172,36,2
1376765775,36,2
1376766379,36,2
1376766983,36,2
1376767586,36,2
1376768190,36,2
1376768793,36,2
1376769397,36,2
1376770000,36,2
1376770604,36,2
1376770925,37,1
1376771529,37,1
1376772132,37,1
1376772736,37,1
1376773339,37,1
1376773943,37,1
1376774546,37,1
1376775150,37,1
1376775753,37,1
1376776357,37,1
1376776960,37,1
1376777564,37,1
1376778167,37,1
1376778771,37,1
1376779374,37,1
1376779978,37,1
1376780581,37,1
1376781185,37,1
1376781788,37,1
1376782392,37,1
1376782995,37,1
1376783384,35,2
1376783401,35,3
1376784005,35,3
1376784609,35,3
1376785212,35,3
1376785816,35,3
1376786419,35,3
1376787023,35,3
1376787167,35,3
1376787203,36,2
1376787807,36,2
1376788410,36,2
1376789014,36,2
1376789617,36,2
1376790093,36,2
1376790696,36,2
1376791300,36,2
1376791903,36,2
1376792507,36,2
1376793110,36,2
1376793714,36,2
1376794318,36,2
1376794921,36,2
1376795524,36,2
1376796128,36,2
1376796731,36,2
1376797335,36,2
1376797938,36,2
1376798542,36,2
1376799145,36,2
1376799749,36,2
1376800352,36,2
1376800956,36,2
1376801560,36,2
1376802163,36,2
1376802767,36,2
1376803370,36,2
1376803974,36,2
1376804577,36,2
1376805181,36,2
1376805784,36,2
1376806388,36,2
1376806991,36,2
1376807595,36,2
1376808198,36,2
1376808802,36,2
1376809405,36,2
1376809663,35,3
1376810267,35,3
1376810870,35,3
1376811474,35,3
1376811821,36,2
1376812424,36,2
1376813027,36,2
1376813631,36,2
1376814235,36,2
1376814839,36,2
1376815442,36,2
1376816046,36,2
1376816564,35,3
1376817168,35,3
1376817771,35,3
1376818375,35,3
1376818979,35,3
1376819582,35,3
1376820186,35,3
1376820241,36,2
1376820845,36,2
1376821448,36,2
1376821767,36,2
1376821812,37,1
1376822416,37,1
1376823020,37,1
1376823134,36,2
1376823269,36,2
1376823296,37,1
1376823665,38,0
1376824268,38,0
1376824872,38,0
1376825475,38,0
1376826079,38,0
1376826682,38,0
1376827286,38,0
1376827890,38,0
1376828493,38,0
1376829097,38,0
1376829700,38,0
1376830304,38,0
1376830899,37,1
1376831502,37,1
1376832106,37,1
1376832709,37,1
