1376208466,23,4
1376209070,23,4
1376209673,23,4
1376210231,22,5
1376210835,22,5
1376211439,22,5
1376212043,22,5
1376212646,22,5
1376212718,22,5
1376212749,23,4
1376213352,23,4
1376213956,23,4
1376214560,23,4
1376215164,23,4
1376215399,24,3
1376215782,24,3
1376215821,25,2
1376215881,26,1
1376216485,26,1
1376216675,25,2
1376217279,25,2
1376217584,25,2
1376217587,26,1
1376218191,26,1
1376218795,26,1
1376219399,26,1
1376220003,26,1
1376220608,26,1
1376221174,25,2
1376221779,25,2
1376222383,25,2
1376222987,25,2
1376223591,25,2
1376223969,24,3
1376224120,25,2
1376224723,25,2
1376224949,26,1
1376225553,26,1
1376225698,25,2
1376226144,23,4
1376226279,22,5
1376226339,21,6
1376226379,21,6
1376226408,21,6
1376226494,22,5
1376227004,23,4
1376227061,22,5
1376227666,22,5
1376227843,22,5
1376227852,23,4
1376228457,23,4
1376229060,23,4
1376229664,23,4
1376230268,23,4
1376230723,23,4
1376230725,24,3
1376231203,25,2
1376231664,26,1
1376232283,26,1
1376232477,27,0
1376232673,26,1
1376233277,26,1
1376233881,26,1
1376234485,26,1
1376234985,25,2
1376235027,26,1
1376235080,26,1
1376235114,27,0
1376235301,25,2
1376235878,25,2
1376235891,26,1
1376235971,25,2
1376236576,25,2
1376236611,24,3
1376237215,24,3
1376237819,24,3
1376238145,24,3
1376238200,24,3
1376238804,24,3
1376239408,24,3
1376240011,24,3
1376240615,24,3
1376241182,25,2
1376241260,25,2
1376241356,24,3
1376241410,23,4
1376241519,23,4
1376241527,24,3
1376241869,25,2
1376241908,25,2
1376242225,26,1
1376242265,25,2
1376242475,25,2
1376242513,25,2
1376243117,25,2
1376243371,26,1
1376243439,25,2
1376243964,24,3
1376244155,25,2
1376244313,25,2
1376244399,25,2
1376244459,26,1
1376245063,26,1
1376245667,26,1
1376246271,26,1
1376246875,26,1
1376247478,26,1
1376247579,25,2
1376247951,24,3
1376248555,24,3
1376248928,23,4
1376249532,23,4
1376250102,23,4
1376250138,24,3
1376250617,25,2
1376251221,25,2
1376251825,25,2
1376252442,23,4
1376252787,24,3
1376252917,23,4
1376252929,22,5
1376253534,22,5
1376254138,22,5
1376254509,23,4
1376255113,23,4
1376255718,23,4
1376256202,23,4
1376256282,24,3
1376256310,25,2
1376256430,24,3
1376257035,24,3
1376257638,24,3
1376258242,24,3
1376258846,24,3
1376259450,24,3
1376260053,24,3
1376260657,24,3
1376261261,24,3
1376261864,24,3
1376262468,24,3
1376263118,25,2
1376263723,25,2
1376264326,25,2
1376264930,25,2
1376265534,25,2
1376266138,25,2
1376266741,25,2
1376267345,25,2
1376267949,25,2
1376268437,24,3
1376269041,24,3
1376269645,24,3
1376270248,24,3
1376270852,24,3
1376271319,24,3
1376271389,23,4
1376271993,23,4
1376272596,23,4
1376273200,23,4
1376273804,23,4
1376274408,23,4
1376275011,23,4
1376275615,23,4
1376276219,23,4
1376276823,23,4
1376277426,23,4
1376278030,23,4
1376278634,23,4
1376279238,23,4
1376279841,23,4
1376280445,23,4
1376281050,23,4
1376281653,23,4
1376282257,23,4
1376282861,23,4
1376283465,23,4
1376284068,23,4
1376284672,23,4
1376285276,23,4
1376285343,22,5
1376285947,22,5
1376286551,22,5
1376286700,21,6
1376286712,20,7
1376287316,20,7
1376287919,20,7
1376288338,21,6
1376288471,22,5
1376288794,23,4
1376289398,23,4
1376289641,23,4
1376289650,24,3
1376289846,25,2
1376290421,26,1
1376291025,26,1
1376291629,26,1
1376292233,26,1
1376292763,26,1
1376292766,25,2
1376292878,25,2
1376292894,26,1
1376293499,26,1
1376294104,26,1
1376294259,27,0
1376294267,26,1
1376294871,26,1
1376295475,26,1
1376296079,26,1
1376296353,26,1
1376296958,26,1
1376297562,26,1
1376298165,26,1
1376298769,26,1
1376299379,26,1
1376299984,26,1
1376300588,26,1
1376301191,26,1
1376301795,26,1
1376302284,27,0
1376302363,26,1
1376302967,26,1
1376303571,26,1
1376304177,26,1
1376304781,26,1
1376305385,26,1
1376305989,26,1
1376306595,26,1
1376307199,26,1
1376307404,24,3
1376308008,24,3
1376308613,24,3
1376309216,24,3
1376309712,24,3
1376310344,24,3
1376310346,23,4
1376310952,23,4
1376311556,23,4
1376312162,23,4
1376312379,24,3
1376312959,25,2
1376313538,26,1
1376314142,26,1
1376314747,26,1
1376314898,25,2
1376315024,25,2
1376315036,26,1
1376315640,26,1
1376316244,26,1
1376316854,26,1
1376316993,20,7
1376317050,18,9
1376317655,18,9
1376318214,19,8
1376318819,19,8
1376319424,19,8
1376319777,20,7
1376320381,20,7
1376320985,20,7
1376321290,21,6
1376321367,20,7
1376321429,20,7
1376321471,20,7
1376321564,21,6
1376321594,21,6
1376322199,21,6
1376322334,22,5
1376322687,21,6
1376322850,21,6
1376322892,22,5
1376323496,22,5
1376323990,21,6
1376324083,21,6
1376324114,23,4
1376324457,22,5
1376324544,21,6
1376325143,20,7
1376325199,21,6
1376325255,21,6
1376325306,22,5
1376325698,21,6
1376326303,21,6
1376326542,22,5
1376326599,21,6
1376327203,21,6
1376327319,22,5
1376327911,22,5
1376327935,22,5
1376328006,23,4
1376328098,22,5
1376328134,23,4
1376328737,23,4
1376329341,23,4
1376329661,23,4
1376329670,24,3
1376329940,23,4
1376330544,23,4
1376330722,24,3
1376331163,26,1
1376331709,25,2
1376332304,26,1
1376332777,26,1
1376332792,26,1
1376333365,26,1
1376333401,26,1
1376334006,25,2
1376334610,25,2
1376334796,24,3
1376335106,22,5
1376335163,23,4
1376335767,23,4
1376336370,23,4
1376336974,23,4
1376337578,23,4
1376337735,21,6
1376338339,21,6
1376338737,22,5
1376338949,21,6
1376339553,21,6
1376340157,21,6
1376340401,21,6
1376340404,22,5
1376340534,21,6
1376341138,21,6
1376341742,21,6
1376342346,21,6
1376342949,21,6
1376343554,21,6
1376344158,21,6
1376344761,21,6
1376345365,21,6
1376345969,21,6
1376346574,21,6
1376346597,20,7
1376347201,20,7
1376347805,20,7
1376348409,20,7
1376349014,20,7
1376349617,20,7
1376349677,19,8
1376350281,19,8
1376350885,19,8
1376351489,19,8
1376352092,19,8
1376352696,19,8
1376353300,19,8
1376353904,19,8
1376354508,19,8
1376355098,18,9
1376355702,18,9
1376356307,18,9
1376356910,18,9
1376357514,18,9
1376357719,18,9
1376358323,18,9
1376358926,18,9
1376359530,18,9
1376360134,18,9
1376360737,18,9
1376361341,18,9
1376361945,18,9
1376362549,18,9
1376363152,18,9
1376363756,18,9
1376364360,18,9
1376364964,18,9
1376365567,18,9
1376366171,18,9
1376366775,18,9
1376366853,19,8
1376367457,19,8
1376368061,19,8
1376368665,19,8
1376369269,19,8
1376369873,19,8
1376370477,19,8
1376371002,19,8
1376371004,18,9
1376371528,19,8
1376372132,19,8
1376372367,19,8
1376372413,20,7
1376372528,19,8
1376373132,19,8
1376373736,19,8
1376374340,19,8
1376374565,19,8
1376374903,18,9
1376375106,19,8
1376375711,19,8
1376376010,18,9
1376376427,17,10
1376377027,18,9
1376377630,18,9
1376378136,17,10
1376378740,17,10
1376379344,17,10
1376379949,17,10
1376380196,18,9
1376380800,18,9
1376381405,18,9
1376382008,18,9
1376382612,18,9
1376383020,19,8
1376383625,19,8
1376383804,20,7
1376384112,21,6
1376384717,21,6
1376385322,21,6
1376385880,19,8
1376385943,14,13
1376385957,12,15
1376386561,12,15
1376386894,13,14
1376387499,13,14
1376388104,13,14
1376388615,12,15
1376389223,11,16
1376389296,11,16
1376389900,11,16
1376390504,11,16
1376390667,12,15
1376391271,12,15
1376391562,13,14
1376391691,13,14
1376391804,14,13
1376392181,12,15
1376392629,11,16
1376393235,11,16
1376393839,11,16
1376394252,12,15
1376394488,12,15
1376394584,11,16
1376394602,11,16
1376394700,11,16
1376395305,11,16
1376395627,12,15
1376396231,12,15
1376396836,12,15
1376397441,12,15
1376398046,12,15
1376398509,13,14
1376399114,13,14
1376399300,14,13
1376399904,14,13
1376400432,13,14
1376400547,13,14
1376400609,14,13
1376401213,14,13
1376401568,13,14
1376402172,13,14
1376402381,13,14
1376402390,14,13
1376402994,14,13
1376403599,14,13
1376404204,14,13
1376404807,14,13
1376405411,14,13
1376406016,14,13
1376406231,13,14
1376406342,13,14
1376406344,12,15
1376406949,12,15
1376407239,12,15
1376407247,13,14
1376407852,13,14
1376408455,13,14
1376408611,14,13
1376408763,13,14
1376408849,13,14
1376408898,13,14
1376408951,14,13
1376409269,15,12
1376409302,16,11
1376409907,16,11
1376409955,15,12
1376410269,16,11
1376410874,16,11
1376411313,16,11
1376411338,17,10
1376411428,18,9
1376412032,18,9
1376412636,18,9
1376412847,18,9
1376412911,19,8
1376413240,19,8
1376413273,19,8
1376413877,19,8
1376414016,19,8
1376414039,20,7
1376414125,20,7
1376414189,20,7
1376414250,20,7
1376414855,20,7
1376414904,19,8
1376415508,19,8
1376415726,20,7
1376416330,20,7
1376416934,20,7
1376417538,20,7
1376418143,20,7
1376418747,20,7
1376419157,19,8
1376419233,19,8
1376419278,19,8
1376419312,20,7
1376419898,19,8
1376420362,19,8
1376420421,18,9
1376420503,18,9
1376421019,19,8
1376421623,19,8
1376422227,19,8
1376422509,17,10
1376423112,17,10
1376423740,17,10
1376423789,17,10
1376423856,17,10
1376423924,17,10
1376423960,19,8
1376424035,18,9
1376424065,19,8
1376424668,19,8
1376425363,20,7
1376425481,19,8
1376425542,19,8
1376425545,20,7
1376426164,21,6
1376426769,21,6
1376427107,20,7
1376427711,20,7
1376428315,20,7
1376428919,20,7
1376429522,20,7
1376430126,20,7
1376430185,21,6
1376430790,21,6
1376431394,21,6
1376431998,21,6
1376432158,20,7
1376432620,21,6
1376433225,21,6
1376433828,21,6
1376434432,21,6
1376435036,21,6
1376435640,21,6
1376436243,21,6
1376436847,21,6
1376436973,20,7
1376437577,20,7
1376438181,20,7
1376438457,19,8
1376439061,19,8
1376439249,18,9
1376439853,18,9
1376440457,18,9
1376441060,18,9
1376441664,18,9
1376442268,18,9
1376442872,18,9
1376443475,18,9
1376444117,18,9
1376444721,18,9
1376445325,18,9
1376445929,18,9
1376446533,18,9
1376447136,18,9
1376447740,18,9
1376448344,18,9
1376448948,18,9
1376449552,18,9
1376450155,18,9
1376450759,18,9
1376451363,18,9
1376451967,18,9
1376452570,18,9
1376453174,18,9
1376453338,17,10
1376453943,17,10
1376454546,17,10
1376455150,17,10
1376455754,17,10
1376455970,16,11
1376456575,16,11
1376457179,16,11
1376457782,16,11
1376458386,16,11
1376458990,16,11
1376459594,16,11
1376459710,15,12
1376460314,15,12
1376460625,15,12
1376461177,15,12
1376461208,16,11
1376461808,17,10
1376461922,18,9
1376462538,19,8
1376463142,19,8
1376463508,20,7
1376463640,19,8
1376464244,19,8
1376464439,20,7
1376465045,20,7
1376465563,22,5
1376466167,22,5
1376466771,22,5
1376467376,22,5
1376467985,22,5
1376468589,22,5
1376468862,22,5
1376468889,23,4
1376469493,23,4
1376469950,22,5
1376470554,22,5
1376471005,23,4
1376471610,23,4
1376472215,23,4
1376472818,23,4
1376472930,22,5
1376473112,23,4
1376473717,23,4
1376474322,23,4
1376474926,23,4
1376475087,22,5
1376475463,21,6
1376475509,22,5
1376475577,22,5
1376475590,22,5
1376475653,22,5
1376475729,21,6
1376475775,21,6
1376475877,21,6
1376475940,22,5
1376475944,23,4
1376476549,23,4
1376476902,22,5
1376477506,22,5
1376478110,22,5
1376478715,22,5
1376479324,21,6
1376479929,21,6
1376480058,22,5
1376480362,23,4
1376480397,24,3
1376481002,24,3
1376481607,24,3
1376482216,24,3
1376482820,24,3
1376483424,24,3
1376484028,24,3
1376484632,24,3
1376485236,24,3
1376485840,24,3
1376486354,24,3
1376486958,24,3
1376487562,24,3
1376488164,23,4
1376488768,23,4
1376489373,23,4
1376489978,23,4
1376490581,23,4
1376491092,23,4
1376491294,24,3
1376491898,24,3
1376492502,24,3
1376493106,24,3
1376493471,24,3
1376494075,24,3
1376494463,24,3
1376495067,24,3
1376495143,24,3
1376495146,23,4
1376495569,22,5
1376495742,23,4
1376495788,22,5
1376496123,23,4
1376496504,22,5
1376496548,21,6
1376497139,20,7
1376497586,21,6
1376498084,21,6
1376498087,20,7
1376498333,19,8
1376498937,19,8
1376499098,20,7
1376499498,19,8
1376500029,20,7
1376500633,20,7
1376501237,20,7
1376501580,20,7
1376501632,19,8
1376501721,19,8
1376501792,19,8
1376501858,19,8
1376501898,19,8
1376502025,19,8
1376502081,19,8
1376502156,19,8
1376502271,19,8
1376502312,19,8
1376502355,20,7
1376502520,19,8
1376502575,19,8
1376502642,19,8
1376502659,19,8
1376502762,20,7
1376502786,20,7
1376503389,20,7
1376503531,19,8
1376503930,18,9
1376504288,17,10
1376504737,16,11
1376504803,16,11
1376504840,16,11
1376505234,17,10
1376505476,18,9
1376506081,18,9
1376506685,18,9
1376507289,18,9
1376507817,17,10
1376508421,17,10
1376509025,17,10
1376509629,17,10
1376509790,16,11
1376510394,16,11
1376510998,16,11
1376511601,16,11
1376512205,16,11
1376512250,15,12
1376512854,15,12
1376513458,15,12
1376514061,15,12
1376514665,15,12
1376515269,15,12
1376515333,14,13
1376515937,14,13
1376516541,14,13
1376516963,15,12
1376517567,15,12
1376518171,15,12
1376518775,15,12
1376519379,15,12
1376519469,16,11
1376520073,16,11
1376520282,16,11
1376520305,17,10
1376520909,17,10
1376521513,17,10
1376522117,17,10
1376522721,17,10
1376522789,17,10
1376522859,18,9
1376523463,18,9
1376524067,18,9
1376524671,18,9
1376525274,18,9
1376525710,17,10
1376525794,15,12
1376526082,15,12
1376526152,16,11
1376526301,17,10
1376526401,18,9
1376526435,19,8
1376526524,18,9
1376526551,16,11
1376526597,15,12
1376526931,17,10
1376526981,18,9
1376527123,19,8
1376527160,21,6
1376527200,22,5
1376527570,20,7
1376528173,20,7
1376528777,20,7
1376529381,20,7
1376529985,20,7
1376530522,20,7
1376530601,20,7
1376530607,20,7
1376531212,20,7
1376531640,19,8
1376532244,19,8
1376532727,18,9
1376533331,18,9
1376533935,18,9
1376534539,18,9
1376535143,18,9
1376535746,18,9
1376536350,18,9
1376536954,18,9
1376537558,18,9
1376538161,18,9
1376538765,18,9
1376539369,18,9
1376539504,19,8
1376540108,19,8
1376540712,19,8
1376541316,19,8
1376541919,19,8
1376542523,19,8
1376543127,19,8
1376543731,19,8
1376544335,19,8
1376544939,19,8
1376545543,19,8
1376546146,19,8
1376546534,20,7
1376547137,20,7
1376547741,20,7
1376548345,20,7
1376548949,20,7
1376549552,20,7
1376550156,20,7
1376550760,20,7
1376551364,20,7
1376551967,20,7
1376552056,21,6
1376552143,20,7
1376552748,20,7
1376552852,21,6
1376552885,22,5
1376553489,22,5
1376553917,21,6
1376554521,21,6
1376555125,21,6
1376555301,21,6
1376555382,21,6
1376555430,22,5
1376555499,23,4
1376555614,22,5
1376555639,22,5
1376555722,23,4
1376555922,24,3
1376555942,23,4
1376556546,23,4
1376556963,22,5
1376557567,22,5
1376558171,22,5
1376558230,23,4
1376558275,24,3
1376558361,23,4
1376558965,23,4
1376559569,23,4
1376560178,23,4
1376560782,23,4
1376560888,23,4
1376560924,24,3
1376560988,24,3
1376561592,24,3
1376562196,24,3
1376562799,24,3
1376563403,24,3
1376563512,24,3
1376563586,24,3
1376563662,24,3
1376563765,24,3
1376563826,25,2
1376563949,24,3
1376564022,24,2
1376564626,24,2
1376565090,24,3
1376565285,24,3
1376565399,24,3
1376565436,25,2
1376566039,25,2
1376566649,25,2
1376567253,25,2
1376567857,25,2
1376568460,25,2
1376569065,25,2
1376569291,24,3
1376569895,24,3
1376570499,24,3
1376571103,24,3
1376571708,24,3
1376572312,24,3
1376572916,24,3
1376572984,25,2
1376573588,25,2
1376574143,25,2
1376574747,25,2
1376574807,23,4
1376575411,23,4
1376576015,23,4
1376576245,23,4
1376576322,23,4
1376576347,24,3
1376576851,25,2
1376577420,24,3
1376578025,24,3
1376578463,25,2
1376579067,25,2
1376579671,25,2
1376580275,25,2
1376580602,24,3
1376581206,24,3
1376581810,24,3
1376581845,24,3
1376581932,24,3
1376582537,24,3
1376582798,22,5
1376582913,22,5
1376582988,23,4
1376583097,23,4
1376583137,24,3
1376583220,24,3
1376583259,25,2
1376583863,25,2
1376584182,23,4
1376584238,22,5
1376584249,23,4
1376584853,23,4
1376585457,23,4
1376585661,22,5
1376585800,22,5
1376585811,23,4
1376586415,23,4
1376586630,24,3
1376587234,24,3
1376587341,25,2
1376587391,26,1
1376587995,26,1
1376588599,26,1
1376589203,26,1
1376589311,25,2
1376589850,26,1
1376590371,25,2
1376590975,25,2
1376591579,25,2
1376592183,25,2
1376592580,24,3
1376592702,21,5
1376592727,21,6
1376592790,21,6
1376592848,21,6
1376592919,21,6
1376593523,21,6
1376594128,21,6
1376594581,20,7
1376595185,20,7
1376595268,19,8
1376595872,19,8
1376596423,18,9
1376596596,20,7
1376597200,20,7
1376597577,20,7
1376597682,20,7
1376597721,22,5
1376597799,22,5
1376598043,22,5
1376598053,23,4
1376598657,23,4
1376599261,23,4
1376599706,25,2
1376600310,25,2
1376600914,25,2
1376601460,25,2
1376601566,26,1
1376602170,26,1
1376602774,26,1
1376603111,27,0
1376603715,27,0
1376604319,27,0
1376604357,25,2
1376604960,25,2
1376605564,25,2
1376606168,25,2
1376606496,26,1
1376607099,26,1
1376607704,26,1
1376608308,26,1
1376608923,25,2
1376609528,25,2
1376610131,25,2
1376610735,25,2
1376611339,25,2
1376611943,25,2
1376612546,25,2
1376613150,25,2
1376613456,24,3
1376614061,24,3
1376614665,24,3
1376615269,24,3
1376615872,24,3
1376616476,24,3
1376616918,24,3
1376617522,24,3
1376618126,24,3
1376618730,24,3
1376619334,24,3
1376619938,24,3
1376620542,24,3
1376621146,24,3
1376621749,24,3
1376622353,24,3
1376622957,24,3
1376623561,24,3
1376624164,24,3
1376624768,24,3
1376625372,24,3
1376625976,24,3
1376626580,24,3
1376627183,24,3
1376627787,24,3
1376628391,24,3
1376628938,23,4
1376629161,24,3
1376629765,24,3
1376630370,24,3
1376630974,24,3
1376631578,24,3
1376632182,24,3
1376632808,23,4
1376633412,23,4
1376634016,23,4
1376634620,23,4
1376635224,23,4
1376635484,23,4
1376635486,24,3
1376635745,23,4
1376636228,24,3
1376636832,24,3
1376637059,23,4
1376637664,23,4
1376638267,23,4
1376638871,23,4
1376639263,23,4
1376639300,25,2
1376639904,25,2
1376640297,26,1
1376640901,26,1
1376641004,26,1
1376641011,27,0
1376641535,27,0
1376641556,27,0
1376642160,27,0
1376642764,27,0
1376642931,26,1
1376643536,26,1
1376644141,26,1
1376644603,25,2
1376645207,25,2
1376645345,25,2
1376645433,25,2
1376645486,25,2
1376645622,25,2
1376645665,26,1
1376645801,26,1
1376645853,26,1
1376645921,27,0
1376646525,27,0
1376647129,27,0
1376647533,26,1
1376648138,26,1
1376648741,26,1
1376649345,26,1
1376649872,25,2
1376650476,25,2
1376651080,25,2
1376651685,25,2
1376652213,26,1
1376652817,26,1
1376653421,26,1
1376654025,26,1
1376654179,25,2
1376654783,25,2
1376655388,25,2
1376655991,25,2
1376656601,25,2
1376657206,25,2
1376657809,25,2
1376657982,25,2
1376657984,24,3
1376658588,24,3
1376659192,24,3
1376659487,23,4
1376659879,24,3
1376660483,24,3
1376661087,24,3
1376661702,22,5
1376661856,21,6
1376661888,20,7
1376662492,20,7
1376663096,20,7
1376663383,20,7
1376663391,21,6
1376664038,21,6
1376664048,22,5
1376664652,22,5
1376664762,23,4
1376665366,23,4
1376665970,23,4
1376666030,22,5
1376666634,22,5
1376666792,23,4
1376667396,23,4
1376667993,21,6
1376668022,20,7
1376668123,20,7
1376668183,22,5
1376668788,22,5
1376669392,22,5
1376669674,23,4
1376670231,22,5
1376670294,21,6
1376670901,21,6
1376671505,21,6
1376672108,21,6
1376672712,21,6
1376673316,21,6
1376673438,22,5
1376674042,22,5
1376674235,23,4
1376674780,22,5
1376675008,22,5
1376675072,23,4
1376675114,24,3
1376675202,25,2
1376675204,24,3
1376675360,25,2
1376675964,25,2
1376676568,25,2
1376676693,22,5
1376677297,22,5
1376677901,22,5
1376678505,22,5
1376678693,23,4
1376679114,22,5
1376679717,22,5
1376679795,23,4
1376680399,23,4
1376681002,23,4
1376681495,24,3
1376681524,25,2
1376682127,25,2
1376682731,25,2
1376682817,24,3
1376683421,24,3
1376684024,24,3
1376684628,24,3
1376684973,24,3
1376684989,24,3
1376685593,24,3
1376686197,24,3
1376686801,24,3
1376687165,23,4
1376687769,23,4
1376688373,23,4
1376688976,23,4
1376689580,23,4
1376690184,23,4
1376690788,23,4
1376691391,23,4
1376691995,23,4
1376692601,23,4
1376692609,24,3
1376693213,24,3
1376693817,24,3
1376694305,23,4
1376694451,23,4
1376694485,24,3
1376695089,24,3
1376695403,25,2
1376696007,25,2
1376696611,25,2
1376697214,25,2
1376697818,25,2
1376698422,25,2
1376699026,25,2
1376699629,25,2
1376700233,25,2
1376700837,25,2
1376701441,25,2
1376702044,25,2
1376702509,24,3
1376703318,24,3
1376703401,24,3
1376704005,24,3
1376704609,24,3
1376705213,24,3
1376705816,24,3
1376706420,24,3
1376707025,24,3
1376707629,24,3
1376708232,24,3
1376708836,24,3
1376709440,24,3
1376710044,24,3
1376710647,24,3
1376711251,24,3
1376711855,24,3
1376712459,24,3
1376713063,24,3
1376713667,24,3
1376714271,24,3
1376714875,24,3
1376715439,23,4
1376716044,23,4
1376716647,23,4
1376717251,23,4
1376717855,23,4
1376718459,23,4
1376719062,23,4
1376719667,23,4
1376719879,23,4
1376719965,23,4
1376719967,23,4
1376720122,23,4
1376720194,24,3
1376720299,24,3
1376720658,23,4
1376720733,23,4
1376720793,23,4
1376720984,24,3
1376721003,25,2
1376721607,25,2
1376722211,25,2
1376722815,25,2
1376723419,25,2
1376724023,25,2
1376724626,25,2
1376725057,26,1
1376725084,25,2
1376725688,25,2
1376726311,24,3
1376726915,24,3
1376727519,24,3
1376727764,23,3
1376727779,22,5
1376728383,22,5
1376728987,22,5
1376729591,22,5
1376730194,22,5
1376730798,22,5
1376731154,21,6
1376731244,21,6
1376731329,21,6
1376731384,22,5
1376731471,22,5
1376731528,23,4
1376732131,23,4
1376732735,23,4
1376733339,23,4
1376733608,22,5
1376734212,22,5
1376734816,22,5
1376735439,22,5
1376735449,23,4
1376735528,22,5
1376736132,22,5
1376736210,22,5
1376736242,23,4
1376736541,21,6
1376736927,20,7
1376737532,20,7
1376738136,20,7
1376738415,19,8
1376739019,19,8
1376739280,18,9
1376739884,18,9
1376740410,17,10
1376740458,17,10
1376740536,17,10
1376740575,18,9
1376741179,18,9
1376741783,18,9
1376742387,18,9
1376742627,18,9
1376742650,19,8
1376743254,19,8
1376743858,19,8
1376744463,19,8
1376744862,19,8
1376744876,21,6
1376745003,20,7
1376745105,20,7
1376745127,21,6
1376745401,23,4
1376746004,23,4
1376746342,22,5
1376746947,22,5
1376747262,22,5
1376747600,22,5
1376747831,22,5
1376748153,22,5
1376748341,22,5
1376748372,23,4
1376748637,23,4
1376748680,23,4
1376748762,23,4
1376748910,23,4
1376749001,24,3
1376749025,25,2
1376749195,24,3
1376749799,24,3
1376750404,24,3
1376751008,24,3
1376751611,24,3
1376752215,24,3
1376752819,24,3
1376753422,24,3
1376754026,24,3
1376754631,24,3
1376755235,24,3
1376755618,23,4
1376756222,23,4
1376756606,24,3
1376757210,24,3
1376757568,23,4
1376758172,23,4
1376758340,23,4
1376758944,23,4
1376759549,23,4
1376760153,23,4
1376760581,22,5
1376760593,21,6
1376761197,21,6
1376761800,21,6
1376762405,21,6
1376762734,21,6
1376762781,22,5
1376763013,21,5
1376763113,21,5
1376763217,21,6
1376763227,21,6
1376763341,21,6
1376763351,22,5
1376763955,22,5
1376764560,22,5
1376765164,22,5
1376765768,22,5
1376766372,22,5
1376766975,22,5
1376767585,22,5
1376768018,21,6
1376768622,21,6
1376769226,21,6
1376769830,21,6
1376770434,21,6
1376771038,21,6
1376771643,21,6
1376772247,21,6
1376772745,22,5
1376773349,22,5
1376773953,22,5
1376774557,22,5
1376775161,22,5
1376775764,22,5
1376776402,21,6
1376776505,20,7
1376777110,20,7
1376777553,19,8
1376778157,19,8
1376778761,19,8
1376779365,19,8
1376779970,19,8
1376780573,19,8
1376781177,19,8
1376781781,19,8
1376782385,19,8
1376782486,19,8
1376782488,20,7
1376782629,21,6
1376783233,21,6
1376783836,21,6
1376784440,21,6
1376784662,20,7
1376785266,20,7
1376785870,20,7
1376786474,20,7
1376787077,20,7
1376787681,20,7
1376788285,20,7
1376788895,20,7
1376789505,20,7
1376789514,19,8
1376789723,19,8
1376790326,19,8
1376790731,19,8
1376790824,18,9
1376791428,18,9
1376792032,18,9
1376792636,18,9
1376793239,18,9
1376793843,18,9
1376794447,18,9
1376795051,18,9
1376795654,18,9
1376795868,17,9
1376796471,17,9
1376797075,17,9
1376797680,17,9
1376798284,17,9
1376798889,17,9
1376799493,17,9
1376800096,17,9
1376800700,17,9
1376801305,17,9
1376801909,17,9
1376802513,17,9
1376803117,17,9
1376803720,17,9
1376804324,17,9
1376804928,17,9
1376805532,17,9
1376806135,17,9
1376806739,17,9
1376807344,17,9
1376807948,17,9
1376808552,17,9
1376809156,17,9
1376809761,17,9
1376810365,17,9
1376810969,17,9
1376811572,17,9
1376812176,17,9
1376812723,17,9
1376812780,18,8
1376812828,18,8
1376812858,19,7
1376813463,19,7
1376813745,19,7
1376813748,20,6
1376814142,21,5
1376814745,21,5
1376815005,20,6
1376815609,20,6
1376816213,20,6
1376816817,20,6
1376817305,19,7
1376817909,19,7
1376818513,19,7
1376819117,19,7
1376819221,18,8
1376819671,17,9
1376820275,17,9
1376820879,17,9
1376821374,18,8
1376821441,17,9
1376822046,17,9
1376822565,17,9
1376822568,18,8
1376823172,18,8
1376823725,19,7
1376823883,20,6
1376824488,20,6
1376824830,19,7
1376825430,18,8
1376825549,17,9
1376825656,16,10
1376826260,16,10
1376826865,18,8
1376827469,18,8
1376828073,18,8
1376828241,17,9
1376828317,16,10
1376828488,16,10
1376828591,18,8
1376828684,18,8
1376828717,20,6
1376828787,19,7
1376828861,19,7
1376828980,20,6
1376829584,20,6
1376829694,19,7
1376829854,20,6
1376830053,19,7
1376830657,19,7
1376831244,18,8
1376831848,18,8
1376832453,18,8
1376832983,20,6
