1376208624,42,1
1376209059,40,3
1376209662,40,3
1376209905,40,3
1376209926,42,1
1376210529,42,1
1376211133,42,1
1376211736,42,1
1376212340,42,1
1376212943,43,0
1376213547,43,0
1376214134,42,1
1376214313,41,2
1376214395,41,2
1376214464,43,0
1376215067,43,0
1376215225,42,1
1376215829,42,1
1376216218,41,2
1376216500,39,4
1376216513,37,6
1376217042,37,6
1376217045,36,7
1376217648,36,7
1376217764,36,7
1376217772,37,6
1376217967,37,6
1376218095,37,6
1376218136,38,5
1376218439,40,3
1376218508,41,2
1376219111,41,2
1376219536,39,4
1376219672,40,3
1376219729,41,2
1376219945,40,3
1376220104,40,3
1376220159,40,3
1376220195,41,2
1376220262,40,3
1376220865,40,3
1376221115,41,2
1376221180,41,2
1376221190,42,1
1376221262,41,2
1376221595,42,1
1376222130,43,0
1376222734,43,0
1376223282,42,1
1376223560,40,3
1376223691,41,2
1376224294,41,2
1376224659,41,2
1376224833,41,2
1376224898,41,2
1376224961,41,2
1376225015,41,2
1376225043,41,2
1376225132,41,2
1376225147,41,2
1376225230,41,2
1376225335,41,2
1376225438,41,2
1376225500,41,2
1376225533,41,2
1376225798,42,1
1376226012,43,0
1376226616,43,0
1376227219,43,0
1376227823,43,0
1376228426,43,0
1376228529,42,1
1376229078,41,2
1376229159,41,2
1376229219,41,2
1376229253,42,1
1376229431,41,2
1376229816,42,1
1376229847,43,0
1376230451,43,0
1376231054,43,0
1376231658,43,0
1376231800,41,2
1376232148,42,1
1376232418,43,0
1376233021,43,0
1376233625,43,0
1376234248,41,2
1376234441,42,1
1376234861,42,1
1376234869,43,0
1376235472,43,0
1376235861,42,1
1376235945,42,1
1376235961,40,3
1376236365,40,3
1376236372,41,2
1376236828,42,1
1376237432,42,1
1376237502,39,4
1376237548,38,5
1376237623,38,5
1376237682,40,3
1376237711,42,1
1376237828,40,3
1376238460,41,2
1376238824,41,2
1376238832,42,1
1376239436,42,1
1376239806,41,2
1376240012,42,1
1376240616,42,1
1376241219,42,1
1376241292,41,2
1376241640,39,4
1376241703,37,5
1376241744,37,5
1376241878,37,5
1376242063,37,5
1376242084,37,5
1376242362,37,5
1376242421,33,9
1376242444,33,9
1376242780,32,10
1376242803,32,10
1376243079,32,10
1376243143,33,9
1376243161,34,8
1376243503,34,8
1376243520,34,8
1376243666,34,8
1376243698,35,7
1376243801,34,8
1376243864,32,9
1376243887,32,10
1376244124,33,9
1376244222,33,9
1376244237,33,9
1376244580,33,9
1376244597,33,9
1376244938,33,9
1376244954,33,9
1376245219,34,8
1376245297,34,8
1376245313,34,8
1376245603,34,8
1376245655,34,8
1376245672,34,8
1376245963,34,8
1376246013,34,8
1376246030,34,8
1376246192,33,9
1376246246,34,8
1376246320,35,7
1376246371,35,7
1376246430,34,8
1376246592,34,8
1376246679,36,6
1376246731,36,6
1376246748,36,6
1376247037,36,6
1376247103,36,6
1376247104,36,6
1376247396,36,6
1376247463,36,6
1376247754,36,6
1376247821,36,6
1376248113,36,6
1376248180,36,6
1376248484,36,6
1376248538,36,6
1376248712,37,5
1376248842,37,5
1376248897,37,5
1376249031,36,6
1376249201,36,6
1376249254,36,6
1376249414,37,5
1376249564,37,5
1376249613,37,5
1376249924,37,5
1376249971,37,5
1376250090,35,7
1376250281,35,7
1376250330,35,7
1376250379,36,6
1376250640,36,6
1376250688,36,6
1376250810,37,5
1376250999,37,5
1376251048,37,5
1376251089,36,6
1376251155,37,5
1376251357,37,5
1376251406,37,5
1376251723,37,5
1376251765,37,5
1376251829,36,6
1376252081,36,6
1376252123,36,6
1376252439,35,7
1376252482,35,7
1376252798,35,7
1376252840,35,7
1376253043,35,7
1376253094,37,5
1376253156,38,4
1376253198,38,4
1376253514,38,4
1376253555,38,4
1376253589,37,5
1376253797,36,6
1376253872,36,6
1376253915,36,6
1376254184,36,6
1376254231,35,7
1376254273,35,7
1376254316,36,6
1376254604,36,6
1376254635,37,5
1376254865,38,4
1376254964,38,4
1376254999,39,3
1376255322,39,3
1376255349,39,3
1376255683,39,3
1376255706,39,3
1376256043,39,3
1376256065,39,3
1376256401,39,3
1376256424,39,3
1376256760,39,3
1376256781,39,3
1376257124,39,3
1376257140,39,3
1376257482,39,3
1376257499,39,3
1376257841,39,3
1376257857,39,3
1376258199,39,3
1376258215,39,3
1376258557,39,3
1376258573,39,3
1376258864,38,4
1376258915,38,4
1376258932,38,4
1376259222,38,4
1376259273,38,4
1376259289,38,4
1376259581,38,4
1376259642,38,4
1376259694,39,3
1376259939,39,3
1376259990,39,3
1376260005,39,3
1376260296,39,3
1376260364,39,3
1376260365,39,3
1376260655,39,3
1376260722,39,3
1376261014,39,3
1376261080,39,3
1376261241,39,3
1376261274,40,2
1376261371,40,2
1376261438,40,2
1376261743,40,2
1376261797,40,2
1376262101,40,2
1376262154,40,2
1376262464,40,2
1376262513,40,2
1376262823,40,2
1376262871,40,2
1376263180,40,2
1376263230,40,2
1376263539,40,2
1376263587,40,2
1376263903,40,2
1376263945,40,2
1376264261,40,2
1376264304,40,2
1376264620,40,2
1376264662,40,2
1376264978,40,2
1376265020,40,2
1376265336,36,6
1376265379,36,6
1376265694,36,6
1376265737,36,6
1376266053,36,6
1376266094,34,8
1376266300,35,7
1376266335,35,7
1376266410,35,7
1376266452,35,7
1376266783,35,7
1376266811,35,7
1376267143,35,7
1376267169,35,7
1376267503,35,7
1376267527,35,7
1376267863,35,7
1376267886,35,7
1376268221,35,7
1376268243,35,7
1376268336,36,6
1376268579,36,6
1376268602,36,6
1376268943,36,6
1376268961,36,6
1376269302,36,6
1376269317,36,6
1376269659,36,6
1376269677,36,6
1376270018,36,6
1376270035,36,6
1376270376,36,6
1376270394,36,6
1376270735,36,6
1376270752,36,6
1376271043,36,6
1376271093,36,6
1376271110,36,6
1376271401,36,6
1376271452,36,6
1376271469,36,6
1376271759,36,6
1376271810,36,6
1376272118,36,6
1376272169,36,6
1376272186,36,6
1376272475,36,6
1376272542,36,6
1376272834,36,6
1376272900,36,6
1376273192,36,6
1376273259,36,6
1376273563,36,6
1376273617,36,6
1376273921,36,6
1376273974,36,6
1376274283,36,6
1376274333,36,6
1376274641,36,6
1376274689,36,6
1376274999,36,6
1376275047,36,6
1376275363,36,6
1376275404,36,6
1376275721,36,6
1376275771,36,6
1376275824,36,6
1376275963,36,6
1376275965,36,6
1376276078,36,6
1376276121,36,6
1376276198,37,5
1376276436,37,5
1376276479,37,5
1376276794,37,5
1376276835,37,5
1376277152,37,5
1376277193,37,5
1376277523,37,5
1376277550,37,5
1376277882,37,5
1376277908,37,5
1376278243,37,5
1376278266,37,5
1376278602,37,5
1376278624,37,5
1376278980,37,5
1376279322,37,5
1376279338,37,5
1376279679,37,5
1376279695,37,5
1376280036,37,5
1376280052,37,5
1376280343,37,5
1376280393,37,5
1376280409,37,5
1376280701,37,5
1376280750,37,5
1376280766,37,5
1376281057,37,5
1376281121,37,5
1376281413,37,5
1376281478,37,5
1376281781,37,5
1376281834,37,5
1376282138,37,5
1376282191,37,5
1376282499,37,5
1376282546,37,5
1376282864,37,5
1376282901,36,6
1376283217,36,6
1376283257,36,6
1376283573,36,6
1376283639,37,5
1376283943,37,5
1376283969,37,5
1376284303,37,5
1376284324,37,5
1376284659,37,5
1376284680,37,5
1376285021,37,5
1376285038,37,5
1376285377,37,5
1376285393,37,5
1376285683,37,5
1376285733,37,5
1376285748,37,5
1376286040,37,5
1376286103,37,5
1376286104,37,5
1376286396,37,5
1376286460,37,5
1376286755,36,6
1376286817,36,6
1376287120,36,6
1376287173,37,5
1376287483,37,5
1376287530,37,5
1376287840,37,5
1376287887,37,5
1376288202,37,5
1376288244,38,4
1376288561,38,4
1376288602,38,4
1376288917,37,5
1376288959,37,5
1376289044,36,6
1376289046,37,5
1376289168,36,6
1376289275,36,6
1376289315,36,6
1376289460,35,7
1376289643,36,6
1376289673,36,6
1376289808,37,5
1376289932,38,4
1376290003,38,4
1376290030,38,4
1376290228,40,2
1376290361,41,1
1376290390,42,0
1376290724,42,0
1376290745,42,0
1376290820,41,1
1376291081,41,1
1376291103,41,1
1376291439,41,1
1376291487,42,0
1376291802,42,0
1376291819,42,0
1376292161,42,0
1376292177,42,0
1376292519,42,0
1376292534,42,0
1376292803,41,1
1376292876,41,1
1376292892,41,1
1376293183,41,1
1376293234,41,1
1376293251,41,1
1376293443,42,0
1376293541,42,0
1376293592,42,0
1376293610,42,0
1376293709,41,1
1376293900,41,1
1376293952,41,1
1376293968,41,1
1376294061,40,2
1376294202,39,3
1376294258,40,2
1376294324,40,2
1376294325,40,2
1376294620,39,3
1376294684,40,2
1376294685,40,2
1376294976,40,2
1376295043,40,2
1376295333,40,2
1376295401,40,2
1376295642,40,2
1376295693,41,1
1376295759,40,2
1376295868,39,3
1376296051,39,3
1376296119,39,3
1376296423,38,4
1376296477,38,4
1376296782,38,4
1376296836,38,4
1376297076,38,4
1376297140,40,2
1376297194,40,2
1376297503,40,2
1376297553,40,2
1376297861,40,2
1376297910,40,2
1376298037,41,1
1376298226,41,1
1376298268,41,1
1376298584,41,1
1376298626,41,1
1376298941,41,1
1376298984,41,1
1376299300,41,1
1376299341,41,1
1376299585,40,2
1376299658,40,2
1376299701,40,2
1376300016,40,2
1376300060,40,2
1376300263,40,2
1376300266,39,3
1376300375,40,2
1376300417,40,2
1376300503,40,2
1376300555,40,2
1376300578,39,3
1376300734,39,3
1376300775,38,4
1376301091,38,4
1376301135,38,4
1376301451,38,4
1376301493,38,4
1376301639,39,3
1376301667,40,2
1376301823,40,2
1376301851,40,2
1376301911,39,3
1376302183,39,3
1376302209,39,3
1376302356,39,3
1376302366,40,2
1376302542,41,1
1376302568,41,1
1376302903,41,1
1376302927,41,1
1376303054,40,2
1376303262,40,2
1376303305,40,2
1376303333,40,2
1376303620,40,2
1376303642,40,2
1376303919,39,3
1376303984,39,3
1376304000,39,3
1376304188,40,2
1376304242,40,2
1376304343,41,1
1376304373,39,3
1376304447,39,3
1376304477,40,2
1376304555,39,3
1376304625,39,3
1376304701,40,2
1376304718,40,2
1376304816,39,3
1376304935,39,3
1376304965,40,2
1376305060,40,2
1376305076,40,2
1376305417,40,2
1376305434,40,2
1376305722,39,3
1376305776,39,3
1376305792,39,3
1376306084,39,3
1376306135,39,3
1376306150,39,3
1376306304,40,2
1376306363,40,2
1376306441,39,3
1376306492,39,3
1376306509,39,3
1376306800,39,3
1376306851,39,3
1376306866,39,3
1376307074,38,4
1376307158,38,4
1376307224,38,4
1376307317,37,5
1376307354,36,6
1376307516,36,6
1376307584,36,6
1376307630,35,7
1376307695,36,6
1376307720,35,7
1376307874,35,7
1376307941,35,7
1376307973,36,6
1376308035,36,6
1376308233,36,6
1376308299,36,6
1376308452,37,5
1376308604,37,5
1376308659,37,5
1376308963,38,4
1376309018,39,3
1376309322,39,3
1376309376,39,3
1376309406,40,2
1376309482,41,1
1376309681,41,1
1376309738,41,1
1376309782,42,0
1376309854,40,2
1376310043,40,2
1376310093,40,2
1376310335,38,4
1376310403,38,4
1376310451,38,4
1376310663,40,2
1376310762,40,2
1376310810,40,2
1376311119,40,2
1376311168,40,2
1376311484,40,2
1376311526,40,2
1376311842,40,2
1376311884,40,2
1376311911,39,3
1376311990,38,4
1376312051,37,5
1376312200,37,5
1376312242,37,5
1376312312,36,6
1376312440,37,5
1376312558,37,5
1376312602,37,5
1376312684,37,5
1376312729,37,5
1376312747,36,6
1376312918,36,6
1376312960,36,6
1376313043,35,7
1376313094,36,6
1376313129,37,5
1376313276,37,5
1376313320,36,6
1376313358,37,5
1376313643,38,4
1376313677,39,3
1376313994,39,3
1376314036,39,3
1376314112,39,3
1376314130,39,3
1376314302,40,2
1376314352,40,2
1376314410,40,2
1376314429,40,2
1376314542,40,2
1376314594,40,2
1376314622,39,3
1376314721,39,3
1376314768,40,2
1376314827,40,2
1376314865,41,1
1376315071,40,2
1376315113,40,2
1376315384,40,2
1376315444,41,1
1376315471,41,1
1376315803,41,1
1376315831,41,1
1376315962,41,1
1376316022,38,4
1376316064,37,5
1376316162,37,5
1376316189,37,5
1376316256,36,6
1376316392,36,6
1376316450,36,6
1376316524,36,6
1376316548,36,6
1376316883,36,6
1376316905,36,6
1376317241,36,6
1376317263,36,6
1376317600,37,5
1376317641,36,6
1376317964,36,6
1376317981,36,6
1376318261,37,5
1376318323,37,5
1376318340,37,5
1376318449,36,6
1376318680,38,4
1376318697,38,4
1376318971,37,5
1376319039,37,5
1376319055,37,5
1376319278,36,6
1376319396,36,6
1376319412,36,6
1376319628,35,7
1376319703,35,7
1376319755,35,7
1376319793,33,9
1376319848,34,8
1376320062,34,8
1376320113,34,8
1376320139,34,8
1376320215,35,7
1376320420,35,7
1376320483,36,6
1376320487,36,6
1376320566,37,5
1376320778,36,6
1376320844,37,5
1376320845,37,5
1376320950,37,5
1376320984,38,4
1376321136,39,3
1376321204,39,3
1376321205,39,3
1376321495,38,4
1376321563,38,4
1376321681,38,4
1376321688,39,3
1376321804,38,4
1376321855,40,2
1376321921,40,2
1376321998,39,3
1376322160,39,3
1376322212,39,3
1376322278,39,3
1376322438,40,2
1376322583,40,2
1376322637,40,2
1376322941,40,2
1376322997,41,1
1376323061,40,2
1376323303,40,2
1376323354,40,2
1376323551,39,3
1376323664,39,3
1376323711,39,3
1376323890,38,4
1376323936,39,3
1376324021,39,3
1376324069,39,3
1376324191,38,4
1376324229,39,3
1376324379,39,3
1376324428,39,3
1376324527,40,2
1376324619,39,3
1376324683,39,3
1376324743,40,2
1376324786,41,1
1376325101,41,1
1376325159,40,2
1376325392,39,3
1376325459,39,3
1376325509,40,2
1376325583,41,1
1376325625,40,2
1376325694,41,1
1376325728,39,3
1376325817,38,4
1376325859,39,3
1376325994,40,2
1376326175,40,2
1376326217,40,2
1376326397,41,1
1376326475,40,2
1376326542,40,2
1376326574,41,1
1376326890,41,1
1376326932,41,1
1376327264,41,1
1376327290,41,1
1376327621,40,2
1376327647,40,2
1376327736,41,1
1376327984,41,1
1376328005,41,1
1376328066,41,1
1376328278,40,2
1376328341,40,2
1376328363,41,1
1376328453,39,3
1376328520,38,4
1376328593,37,5
1376328702,36,6
1376328721,36,6
1376328780,35,7
1376328999,33,9
1376329062,33,9
1376329113,33,9
1376329169,33,9
1376329231,33,9
1376329291,34,8
1376329323,35,7
1376329420,35,7
1376329437,35,7
1376329776,37,5
1376329792,37,5
1376330019,36,6
1376330134,37,5
1376330150,37,5
1376330260,37,5
1376330441,37,5
1376330492,37,5
1376330508,37,5
1376330726,36,6
1376330799,36,6
1376330864,34,8
1376330923,35,7
1376330982,35,7
1376331157,35,7
1376331223,35,7
1376331231,35,7
1376331404,32,10
1376331432,32,10
1376331516,33,9
1376331582,32,10
1376331617,31,11
1376331872,31,11
1376331937,32,10
1376332094,32,10
1376332242,31,11
1376332294,31,11
1376332334,31,11
1376332407,32,10
1376332540,33,9
1376332603,33,9
1376332653,33,9
1376332891,33,9
1376332962,33,9
1376333012,34,8
1376333068,33,9
1376333183,32,10
1376333257,32,10
1376333317,31,11
1376333365,31,11
1376333492,32,10
1376333564,33,9
1376333596,34,8
1376333681,34,8
1376333723,34,8
1376333853,35,7
1376334038,35,7
1376334079,35,7
1376334395,35,7
1376334437,35,7
1376334555,34,8
1376334752,34,8
1376334793,34,8
1376335123,34,8
1376335151,34,8
1376335363,34,8
1376335365,35,7
1376335481,35,7
1376335508,35,7
1376335843,35,7
1376335864,35,7
1376336199,35,7
1376336222,35,7
1376336563,35,7
1376336578,35,7
1376336920,35,7
1376336936,35,7
1376337090,35,7
1376337132,36,6
1376337277,36,6
1376337292,36,6
1376337450,35,7
1376337583,35,7
1376337643,35,7
1376337703,38,4
1376337705,37,5
1376337843,36,6
1376337940,36,6
1376338006,36,6
1376338094,37,5
1376338297,37,5
1376338362,37,5
1376338654,37,5
1376338720,37,5
1376338958,37,5
1376339015,36,6
1376339076,36,6
1376339133,37,5
1376339380,37,5
1376339433,37,5
1376339742,37,5
1376339789,37,5
1376339854,36,6
1376339949,37,5
1376340099,37,5
1376340146,37,5
1376340462,37,5
1376340503,37,5
1376340819,37,5
1376340858,37,5
1376341123,37,5
1376341175,38,4
1376341215,38,4
1376341531,38,4
1376341572,38,4
1376341902,38,4
1376341928,38,4
1376342262,38,4
1376342284,38,4
1376342620,38,4
1376342641,38,4
1376342982,38,4
1376342996,38,4
1376343339,38,4
1376343353,38,4
1376343695,38,4
1376343709,38,4
1376344001,38,4
1376344051,38,4
1376344066,38,4
1376344357,38,4
1376344422,38,4
1376344713,38,4
1376344778,38,4
1376344840,39,3
1376345083,39,3
1376345134,39,3
1376345444,39,3
1376345490,39,3
1376345801,39,3
1376345846,39,3
1376346011,38,4
1376346161,38,4
1376346202,38,4
1376346243,39,3
1376346518,39,3
1376346558,39,3
1376346874,39,3
1376346915,39,3
1376347120,39,3
1376347128,40,2
1376347243,40,2
1376347270,40,2
1376347603,40,2
1376347625,41,1
1376347959,41,1
1376347981,41,1
1376348321,41,1
1376348337,41,1
1376348678,41,1
1376348694,41,1
1376349035,41,1
1376349049,41,1
1376349341,41,1
1376349404,41,1
1376349406,41,1
1376349696,41,1
1376349760,41,1
1376350051,41,1
1376350116,41,1
1376350424,41,1
1376350472,41,1
1376350781,41,1
1376350828,41,1
1376351143,41,1
1376351183,41,1
1376351499,41,1
1376351539,41,1
1376351854,41,1
1376351895,41,1
1376352224,41,1
1376352250,41,1
1376352402,37,5
1376352404,36,6
1376352489,36,6
1376352583,36,6
1376352606,36,6
1376352939,36,6
1376352960,36,6
1376353052,40,2
1376353300,40,2
1376353316,40,2
1376353656,40,2
1376353671,40,2
1376353962,40,2
1376354012,40,2
1376354027,40,2
1376354318,40,2
1376354383,40,2
1376354673,40,2
1376354738,40,2
1376355042,40,2
1376355094,40,2
1376355402,40,2
1376355449,40,2
1376355764,40,2
1376355804,40,2
1376356119,40,2
1376356159,40,2
1376356233,37,5
1376356476,37,5
1376356514,37,5
1376356843,37,5
1376356870,37,5
1376357203,37,5
1376357225,37,5
1376357558,37,5
1376357580,37,5
1376357919,37,5
1376357934,37,5
1376358249,37,5
1376358495,37,5
1376358639,37,5
1376358653,37,5
1376358994,37,5
1376359008,37,5
1376359299,37,5
1376359362,37,5
1376359654,37,5
1376359717,37,5
1376360021,37,5
1376360071,37,5
1376360379,37,5
1376360424,37,5
1376360740,37,5
1376360778,37,5
1376361094,37,5
1376361133,37,5
1376361463,37,5
1376361488,37,5
1376361821,37,5
1376361842,37,5
1376362182,37,5
1376362196,37,5
1376362536,37,5
1376362550,37,5
1376362841,37,5
1376362903,37,5
1376362904,37,5
1376363195,37,5
1376363258,37,5
1376363561,37,5
1376363612,37,5
1376363921,37,5
1376363966,37,5
1376364282,37,5
1376364320,37,5
1376364636,37,5
1376364674,37,5
1376365003,37,5
1376365028,37,5
1376365362,37,5
1376365382,37,5
1376365722,37,5
1376365737,37,5
1376366076,37,5
1376366091,37,5
1376366381,37,5
1376366445,37,5
1376366736,37,5
1376366799,37,5
1376367103,37,5
1376367153,37,5
1376367458,37,5
1376367511,38,4
1376367822,38,4
1376367861,38,4
1376368177,38,4
1376368215,38,4
1376368542,38,4
1376368568,38,4
1376368902,38,4
1376368923,38,4
1376369262,38,4
1376369276,38,4
1376369616,38,4
1376369681,38,4
1376369688,39,3
1376369921,39,3
1376369970,39,3
1376369985,39,3
1376370275,39,3
1376370339,39,3
1376370641,39,3
1376370692,39,3
1376371001,39,3
1376371046,39,3
1376371362,39,3
1376371400,39,3
1376371715,39,3
1376371784,40,2
1376371815,40,2
1376372082,40,2
1376372109,40,2
1376372442,40,2
1376372463,40,2
1376372802,40,2
1376372817,40,2
1376373157,40,2
1376373172,40,2
1376373462,40,2
1376373524,40,2
1376373525,40,2
1376373817,40,2
1376373880,40,2
1376374177,41,1
1376374234,41,1
1376374543,41,1
1376374589,41,1
1376374675,40,2
1376374898,40,2
1376374943,40,2
1376375203,40,2
1376375259,41,1
1376375297,40,2
1376375409,39,3
1376375547,38,4
1376375612,38,4
1376375651,38,4
1376375755,37,5
1376375981,38,4
1376376006,38,4
1376376160,37,5
1376376341,37,5
1376376362,37,5
1376376582,38,4
1376376590,39,3
1376376701,39,3
1376376717,39,3
1376377056,40,2
1376377072,40,2
1376377362,40,2
1376377411,40,2
1376377426,40,2
1376377717,40,2
1376377782,39,3
1376377951,38,4
1376378024,38,4
1376378073,38,4
1376378138,39,3
1376378321,39,3
1376378329,40,2
1376378442,40,2
1376378494,40,2
1376378803,40,2
1376378852,40,2
1376378880,39,3
1376379086,40,2
1376379160,40,2
1376379207,41,1
1376379228,40,2
1376379314,41,1
1376379517,41,1
1376379565,41,1
1376379880,40,2
1376379941,40,2
1376380236,40,2
1376380278,40,2
1376380594,40,2
1376380635,39,3
1376380963,39,3
1376380991,39,3
1376381321,39,3
1376381347,39,3
1376381456,40,2
1376381523,39,3
1376381682,39,3
1376381737,38,4
1376381916,39,3
1376382038,39,3
1376382092,40,2
1376382214,39,3
1376382260,39,3
1376382337,39,3
1376382402,40,2
1376382418,40,2
1376382759,39,3
1376382774,39,3
1376383116,39,3
1376383132,39,3
1376383280,40,2
1376383329,39,3
1376383423,39,3
1376383473,39,3
1376383490,39,3
1376383780,39,3
1376383842,39,3
1376383850,40,2
1376384138,40,2
1376384188,40,2
1376384206,40,2
1376384496,40,2
1376384563,40,2
1376384636,40,2
1376384854,40,2
1376384923,40,2
1376385213,40,2
1376385283,40,2
1376385572,41,1
1376385639,41,1
1376385942,41,1
1376385998,41,1
1376386301,41,1
1376386356,41,1
1376386530,38,4
1376386589,35,7
1376386660,32,10
1376386715,32,10
1376386758,32,6
1376386835,32,6
1376386878,33,5
1376386906,32,6
1376387022,32,6
1376387073,32,6
1376387383,32,6
1376387431,32,6
1376387740,32,6
1376387788,32,6
1376388098,32,6
1376388148,32,6
1376388463,33,5
1376388505,33,5
1376388568,34,4
1376388642,33,5
1376388821,32,6
1376388863,32,6
1376389180,32,6
1376389222,31,7
1376389538,30,8
1376389581,30,8
1376389896,30,8
1376389939,30,8
1376390254,30,8
1376390297,30,8
1376390471,29,9
1376390563,30,8
1376390612,30,8
1376390655,30,8
1376390850,31,7
1376390881,30,8
1376390970,30,8
1376391014,30,8
1376391330,30,8
1376391372,30,8
1376391486,31,7
1376391703,31,7
1376391729,31,7
1376391927,31,7
1376392062,31,7
1376392118,33,5
1376392131,34,4
1376392424,34,4
1376392445,34,4
1376392781,34,4
1376392805,34,4
1376393059,33,5
1376393140,33,5
1376393163,33,5
1376393436,32,6
1376393504,32,6
1376393551,32,6
1376393787,33,5
1376393863,33,5
1376393915,34,4
1376394042,34,4
1376394102,34,4
1376394221,34,4
1376394237,34,4
1376394307,33,5
1376394489,34,4
1376394579,34,4
1376394596,34,4
1376394937,34,4
1376394954,34,4
1376395115,33,5
1376395173,32,6
1376395295,33,5
1376395313,33,5
1376395414,32,6
1376395464,33,5
1376395603,33,5
1376395654,33,5
1376395672,33,5
1376395962,33,5
1376396013,33,5
1376396029,33,5
1376396167,32,6
1376396321,32,6
1376396371,32,6
1376396387,32,6
1376396619,32,6
1376396677,33,5
1376396729,33,5
1376396746,33,5
1376396841,34,4
1376396886,35,3
1376396979,35,3
1376397041,37,1
1376397103,37,1
1376397104,37,1
1376397395,37,1
1376397461,37,1
1376397535,36,2
1376397752,35,3
1376397818,34,4
1376398123,34,4
1376398177,34,4
1376398481,34,4
1376398534,34,4
1376398844,34,4
1376398893,34,4
1376399031,34,4
1376399202,34,4
1376399251,34,4
1376399429,34,4
1376399493,34,4
1376399563,34,4
1376399623,36,2
1376399919,36,2
1376399968,36,2
1376400116,37,1
1376400277,37,1
1376400327,37,1
1376400437,36,2
1376400516,36,2
1376400564,36,2
1376400642,37,1
1376400685,37,1
1376400878,37,1
1376400942,37,1
1376400944,37,2
1376401096,37,2
1376401154,36,3
1376401507,35,4
1376402111,35,4
1376402237,36,3
1376402622,35,4
1376402739,36,3
1376402750,37,2
1376403354,37,2
1376403460,38,1
1376404064,38,1
1376404668,38,1
1376404973,37,2
1376405128,36,3
1376405201,34,5
1376405258,35,4
1376405316,37,2
1376405413,36,3
1376405700,35,4
1376405787,35,4
1376405815,36,3
1376406021,37,2
1376406317,38,1
1376406446,37,2
1376406523,37,2
1376406539,37,2
1376406611,35,4
1376406676,35,4
1376406753,37,3
1376406781,36,4
1376406940,37,3
1376407001,36,4
1376407038,36,4
1376407085,36,4
1376407178,37,4
1376407221,38,4
1376407412,37,5
1376407453,38,5
1376407525,36,7
1376407662,35,8
1376407689,33,10
1376407934,32,11
1376408064,32,11
1376408262,30,12
1376408317,30,12
1376408354,30,12
1376408436,32,10
1376408479,33,9
1376408541,32,10
1376408573,32,10
1376408789,32,10
1376408858,34,8
1376408898,35,8
1376408980,35,8
1376409020,36,7
1376409088,36,7
1376409147,37,6
1376409216,39,4
1376409399,39,4
1376409408,40,3
1376409511,42,1
1376409546,42,1
1376409855,43,0
1376410176,42,1
1376410399,43,0
1376411002,43,0
1376411079,41,2
1376411139,40,3
1376411199,39,4
1376411249,38,5
1376411384,39,4
1376411395,40,3
1376411501,41,2
1376411780,40,3
1376411863,41,2
1376412134,41,2
1376412215,42,1
1376412463,42,1
1376412466,43,0
1376412738,42,1
1376412791,41,2
1376412865,43,0
1376413122,42,1
1376413227,43,0
1376413322,42,1
1376413593,42,1
1376413692,43,0
1376414246,42,1
1376414564,42,1
1376414594,42,1
1376415086,41,2
1376415129,42,1
1376415341,42,1
1376415344,43,0
1376415505,42,1
1376415635,42,1
1376415928,43,0
1376416182,42,1
1376416408,41,2
1376416698,42,1
1376416775,42,1
1376416794,43,0
1376417338,42,1
1376417419,43,0
1376418023,43,0
1376418461,42,1
1376418489,42,1
1376418619,43,0
1376418763,42,1
1376418812,42,1
1376418879,42,1
1376418888,43,0
1376419251,42,1
1376419338,41,2
1376419541,40,3
1376420117,41,2
1376420239,42,1
1376420444,43,0
1376420538,43,0
1376420734,43,0
1376421337,43,0
1376421941,43,0
1376422545,43,0
1376423148,43,0
1376423251,41,2
1376423562,41,2
1376423590,43,0
1376423813,42,1
1376424142,43,0
1376424481,42,1
1376424813,42,1
1376424876,43,0
1376425479,43,0
1376426082,43,0
1376426686,43,0
1376426896,42,1
1376427137,39,4
1376427425,38,5
1376428029,38,5
1376428632,38,5
1376428832,39,4
1376429352,38,5
1376429536,36,7
1376430139,36,7
1376430743,36,7
1376431302,37,6
1376431956,38,5
1376432559,38,5
1376433163,38,5
1376433767,38,5
1376434370,38,5
1376434692,37,6
1376434822,36,7
1376435425,36,7
1376435965,37,6
1376436568,37,6
1376437173,37,6
1376437777,37,6
1376438380,37,6
1376438983,37,6
1376439587,37,6
1376440060,38,5
1376440068,39,4
1376440672,39,4
1376441275,39,4
1376441878,39,4
1376442482,39,4
1376443086,39,4
1376443689,39,4
1376444293,39,4
1376444887,39,4
1376445491,39,4
1376446095,39,4
1376446698,39,4
1376447302,39,4
1376447905,39,4
1376448509,39,4
1376449113,39,4
1376449716,39,4
1376450077,39,4
1376450115,40,3
1376450718,40,3
1376451322,40,3
1376451925,40,3
1376452529,40,3
1376453133,40,3
1376453736,40,3
1376454339,40,3
1376454943,40,3
1376455546,40,3
1376456151,40,3
1376456755,40,3
1376457360,40,3
1376457545,39,4
1376458150,39,4
1376458753,39,4
1376459357,39,4
1376459961,39,4
1376460566,39,4
1376460944,39,4
1376460991,39,4
1376461282,38,5
1376461424,39,4
1376461931,38,5
1376462490,37,6
1376462678,38,5
1376462724,38,5
1376462802,36,7
1376462816,37,6
1376462919,36,7
1376462954,34,9
1376463027,34,9
1376463096,35,8
1376463128,36,7
1376463270,37,6
1376463394,38,5
1376463659,37,6
1376463779,38,5
1376463859,38,5
1376463896,39,4
1376464293,40,3
1376464397,41,2
1376464780,42,1
1376464841,41,2
1376465446,41,2
1376465637,40,3
1376466241,40,3
1376466702,41,2
1376466823,41,2
1376466825,42,1
1376467429,42,1
1376467934,43,0
1376468538,43,0
1376469024,41,2
1376469082,42,1
1376469687,42,1
1376470166,41,2
1376470279,40,3
1376470453,41,2
1376470515,42,1
1376470797,43,0
1376471218,42,1
1376471374,41,2
1376471977,41,2
1376472177,40,3
1376472308,39,4
1376472739,39,4
1376472907,40,3
1376473044,39,4
1376473647,39,4
1376474200,38,5
1376474277,38,5
1376474717,37,6
1376474968,35,8
1376475079,35,8
1376475574,34,9
1376475605,33,10
1376475780,32,11
1376476321,31,12
1376476464,30,13
1376476659,30,13
1376476717,29,14
1376476759,27,16
1376476959,28,15
1376477009,29,14
1376477080,30,13
1376477615,28,15
1376477704,29,14
1376477753,30,13
1376477974,29,14
1376477999,28,15
1376478283,28,15
1376478293,29,14
1376478713,30,13
1376479317,30,13
1376479480,31,12
1376479656,30,13
1376479894,31,12
1376480280,30,13
1376480742,29,14
1376480984,29,14
1376481015,31,12
1376481634,32,11
1376482050,33,10
1376482137,32,11
1376482257,31,12
1376482535,30,13
1376482600,30,13
1376482610,31,12
1376482955,31,12
1376483012,32,11
1376483259,33,10
1376483582,32,11
1376483647,31,12
1376483702,32,11
1376484274,32,11
1376484338,33,10
1376484370,34,9
1376484536,35,8
1376484809,34,9
1376484872,35,8
1376484908,35,8
1376484982,36,7
1376485397,37,6
1376485437,38,5
1376486064,38,5
1376486189,38,5
1376486258,38,5
1376486546,37,5
1376486579,37,6
1376486796,38,5
1376486857,37,6
1376486914,36,7
1376487401,34,9
1376487612,33,10
1376487757,33,10
1376487780,33,10
1376488032,30,13
1376488097,31,12
1376488701,31,12
1376488783,30,13
1376488953,30,13
1376488983,31,12
1376489054,29,14
1376489122,29,14
1376489202,32,11
1376489210,33,10
1376489502,33,10
1376489504,34,9
1376489717,34,9
1376489751,35,8
1376489823,34,9
1376490032,33,10
1376490072,34,9
1376490676,34,9
1376491208,32,11
1376491351,32,11
1376491375,33,10
1376491479,33,10
1376491539,33,10
1376491567,34,9
1376491648,33,10
1376491723,33,10
1376491726,32,11
1376491818,31,12
1376491965,33,10
1376492158,32,11
1376492364,31,12
1376492439,30,13
1376492497,31,12
1376492575,31,12
1376492644,32,11
1376492962,33,10
1376493163,33,10
1376493165,32,11
1376493324,33,10
1376493397,32,11
1376493500,33,10
1376493531,32,11
1376493703,33,10
1376493750,33,10
1376493818,34,9
1376493949,33,10
1376494119,33,10
1376494162,34,9
1376494349,36,7
1376494760,37,6
1376495098,36,7
1376495309,35,8
1376495404,37,6
1376495492,37,6
1376495526,36,7
1376495623,36,7
1376495626,35,8
1376495849,34,9
1376495893,35,8
1376496008,34,9
1376496224,33,10
1376496339,34,9
1376496381,35,8
1376496621,36,7
1376496760,35,8
1376497001,36,7
1376497116,35,8
1376497363,34,9
1376497484,34,9
1376497518,36,7
1376497643,36,7
1376498043,35,8
1376498120,34,9
1376498152,33,10
1376498756,33,10
1376499057,33,10
1376499330,31,12
1376499455,30,13
1376499518,29,14
1376499528,30,13
1376499984,29,14
1376500256,30,13
1376500424,31,12
1376500479,33,10
1376500557,34,9
1376500718,37,6
1376500838,37,6
1376500866,35,8
1376501023,35,8
1376501025,34,9
1376501323,33,10
1376501325,31,12
1376501390,30,13
1376501492,31,12
1376501539,32,11
1376501594,33,10
1376501734,31,12
1376502224,31,12
1376502233,33,10
1376502316,32,11
1376502690,32,11
1376502758,32,11
1376502822,32,11
1376502880,33,10
1376503021,34,9
1376503198,33,10
1376503340,34,9
1376503627,35,8
1376503809,36,7
1376504188,37,6
1376504501,37,6
1376504510,38,5
1376505132,38,5
1376505168,39,4
1376505282,37,5
1376505336,36,7
1376505387,36,7
1376505456,38,5
1376505583,38,5
1376505585,39,4
1376505966,40,3
1376506570,40,3
1376506826,39,4
1376507017,40,3
1376507064,39,4
1376507097,39,4
1376507215,39,4
1376507305,39,4
1376507335,40,3
1376507939,40,3
1376508270,41,2
1376508507,42,1
1376508580,42,1
1376508626,42,1
1376509179,41,2
1376509783,41,2
1376510387,41,2
1376510990,41,2
1376511522,40,3
1376511787,39,4
1376512391,39,4
1376512676,40,3
1376512935,39,4
1376513405,39,4
1376513622,38,5
1376513711,39,4
1376513750,39,4
1376513882,39,4
1376513979,40,3
1376514038,41,2
1376514179,42,1
1376514783,42,1
1376515387,42,1
1376515867,43,0
1376516471,43,0
1376517075,43,0
1376517678,43,0
1376518282,43,0
1376518886,43,0
1376519490,43,0
1376520093,43,0
1376520697,43,0
1376520891,41,2
1376521040,42,1
1376521214,43,0
1376521548,42,1
1376521865,43,0
1376522468,43,0
1376523072,43,0
1376523675,43,0
1376524279,43,0
1376524883,43,0
1376525486,43,0
1376526090,43,0
1376526603,42,1
1376527206,42,1
1376527810,42,1
1376528413,42,1
1376529017,42,1
1376529620,42,1
1376530224,42,1
1376530688,41,2
1376531372,41,2
1376531975,41,2
1376532579,41,2
1376533182,41,2
1376533786,41,2
1376534446,40,3
1376535050,40,3
1376535653,40,3
1376536257,40,3
1376536599,40,3
1376536640,42,1
1376537243,42,1
1376537847,42,1
1376538450,42,1
1376539054,42,1
1376539657,42,1
1376540261,42,1
1376540864,42,1
1376541468,42,1
1376542071,42,1
1376542675,42,1
1376543278,42,1
1376543882,42,1
1376544485,42,1
1376545089,42,1
1376545693,42,1
1376546296,42,1
1376546900,42,1
1376547504,42,1
1376548112,41,2
1376548716,41,2
1376549052,40,3
1376549225,41,2
1376549719,42,1
1376549961,41,2
1376550564,41,2
1376551177,40,3
1376551780,40,3
1376552384,40,3
1376552550,41,2
1376552742,41,2
1376552744,40,3
1376553293,41,2
1376553765,40,3
1376554369,40,3
1376554495,41,2
1376555098,41,2
1376555183,41,2
1376555212,42,1
1376555815,42,1
1376555913,43,0
1376556516,43,0
1376556952,42,1
1376557556,42,1
1376557842,42,1
1376557851,43,0
1376558454,43,0
1376559058,43,0
1376559661,43,0
1376560108,42,1
1376560414,41,2
1376561018,41,2
1376561132,39,4
1376561736,39,4
1376561975,40,3
1376562021,39,4
1376562599,38,5
1376562879,39,4
1376563483,39,4
1376563653,40,3
1376563679,41,2
1376563841,40,3
1376564445,40,3
1376565049,40,3
1376565504,39,4
1376565572,39,4
1376565643,36,7
1376565656,37,6
1376565789,37,6
1376565855,36,7
1376565919,36,7
1376566039,38,5
1376566108,38,5
1376566180,39,4
1376566227,40,3
1376566285,40,3
1376566400,40,3
1376566817,40,3
1376566855,41,2
1376566955,42,1
1376567468,43,0
1376568072,43,0
1376568140,41,2
1376568223,41,2
1376568233,41,2
1376568837,41,2
1376569440,41,2
1376569666,40,3
1376569924,39,4
1376570404,40,3
1376570834,41,2
1376570908,41,2
1376570962,40,3
1376571032,41,2
1376571103,42,1
1376571233,42,1
1376571369,42,1
1376571465,42,1
1376572069,42,1
1376572180,42,1
1376572286,42,1
1376572314,43,0
1376572453,42,1
1376573057,40,3
1376573200,39,4
1376573483,38,5
1376573518,38,5
1376573602,40,3
1376574206,40,3
1376574277,42,1
1376574881,42,1
1376575485,42,1
1376575645,40,2
1376575696,40,3
1376575963,41,2
1376576008,42,1
1376576071,42,1
1376576110,43,0
1376576624,40,3
1376576637,39,4
1376576740,38,5
1376576852,39,4
1376577103,39,4
1376577105,38,5
1376577211,36,7
1376577748,35,8
1376578216,36,7
1376578631,36,7
1376578676,37,6
1376579137,36,7
1376579164,35,8
1376579320,34,9
1376579982,32,11
1376580071,33,10
1376580674,33,10
1376581092,34,9
1376581359,33,10
1376581391,35,8
1376581927,34,9
1376581989,34,9
1376582034,35,8
1376582137,36,7
1376582196,36,7
1376582298,34,9
1376582510,33,10
1376582624,33,10
1376582657,34,9
1376582863,21,22
1376582914,19,24
1376582976,19,24
1376583039,19,24
1376583092,19,24
1376583153,19,24
1376583212,19,24
1376583280,19,24
1376583335,19,24
1376583348,19,24
1376583991,20,23
1376584056,19,24
1376584110,17,25
1376584173,15,28
1376584240,15,28
1376584281,15,28
1376584342,15,28
1376584397,15,28
1376585001,15,28
1376585185,16,27
1376585320,17,26
1376585418,17,26
1376585490,17,26
1376585561,18,25
1376585743,18,25
1376585787,20,23
1376585922,20,23
1376585925,21,22
1376586086,20,23
1376586224,20,23
1376586336,22,21
1376586390,23,20
1376586994,23,20
1376587054,24,19
1376587327,23,20
1376587407,22,21
1376587532,24,19
1376587708,23,20
1376587746,23,20
1376587882,24,19
1376587936,23,20
1376588500,23,20
1376588540,24,19
1376588582,24,19
1376588658,23,20
1376588725,24,19
1376588788,25,18
1376589392,25,18
1376589977,26,17
1376590120,26,16
1376590127,27,15
1376590421,27,15
1376590454,29,13
1376590711,30,12
1376591039,31,11
1376591634,31,11
1376591720,32,10
1376591864,32,10
1376591889,32,10
1376591961,34,8
1376592042,34,8
1376592058,35,7
1376592633,34,8
1376592698,35,7
1376592926,33,9
1376592972,33,9
1376593063,32,10
1376593118,33,9
1376593183,34,8
1376593520,32,10
1376593879,32,10
1376593911,33,9
1376594246,34,8
1376594850,34,9
1376594919,34,9
1376594982,34,9
1376594992,35,8
1376595595,35,8
1376596198,35,8
1376596802,35,8
1376597405,35,8
1376597986,34,9
1376598596,33,10
1376599200,33,10
1376599796,34,9
1376600399,34,9
1376600758,33,10
1376600859,33,10
1376600898,34,9
1376601502,34,9
1376602106,34,9
1376602709,34,9
1376603263,34,9
1376603271,36,7
1376603374,35,8
1376603561,35,8
1376603582,35,8
1376603664,34,9
1376604106,35,8
1376604710,35,8
1376605313,35,8
1376605917,35,8
1376606313,36,7
1376606824,35,8
1376607428,35,8
1376607785,36,7
1376608389,36,7
1376608993,36,7
1376609293,35,8
1376609897,35,8
1376610500,35,8
1376610642,34,9
1376610661,34,9
1376610714,35,8
1376611318,35,8
1376611921,35,8
1376612563,36,7
1376613167,36,7
1376613761,37,6
1376614364,37,6
1376614968,37,6
1376615571,37,6
1376616175,37,6
1376616512,38,5
1376617115,38,5
1376617688,38,5
1376618292,38,5
1376618895,38,5
1376619499,38,5
1376620103,38,5
1376620706,38,5
1376621310,38,5
1376621913,38,5
1376622517,38,5
1376623120,38,5
1376623724,38,5
1376624327,38,5
1376624931,38,5
1376625534,38,5
1376626138,38,5
1376626741,38,5
1376627345,38,5
1376627948,38,5
1376628552,38,5
1376628941,37,6
1376628968,37,6
1376629571,37,6
1376630175,37,6
1376630778,37,6
1376631382,37,6
1376631985,37,6
1376632589,37,6
1376632646,36,7
1376633249,36,7
1376633766,37,6
1376634370,37,6
1376634736,36,7
1376634939,37,6
1376635120,37,6
1376635157,38,5
1376635609,37,6
1376636213,37,6
1376636818,37,6
1376636983,37,6
1376636985,38,5
1376637340,36,7
1376637521,37,6
1376638165,36,7
1376638360,36,7
1376638402,37,6
1376638779,38,5
1376638917,39,4
1376639204,39,4
1376639206,38,5
1376639384,38,5
1376639804,39,4
1376639806,40,3
1376640125,39,4
1376640254,38,5
1376640439,37,6
1376641016,36,7
1376641480,36,7
1376641544,39,4
1376641662,39,4
1376641664,40,3
1376641765,39,4
1376641896,38,5
1376642119,37,6
1376642723,37,6
1376643326,37,6
1376643749,38,5
1376643810,37,6
1376643882,38,5
1376644123,36,7
1376644582,37,6
1376644842,36,7
1376644873,35,8
1376645313,36,7
1376645334,37,6
1376645443,37,6
1376645498,39,4
1376645553,40,3
1376645827,41,2
1376646430,41,2
1376646815,40,3
1376646882,41,2
1376646890,42,1
1376647316,43,0
1376647463,42,1
1376647637,41,2
1376648240,41,2
1376648844,41,2
1376649204,40,3
1376649450,39,4
1376649508,39,4
1376649619,38,5
1376649894,39,4
1376650323,37,6
1376650811,36,7
1376650899,37,6
1376651006,37,6
1376651083,38,5
1376651131,39,4
1376651442,39,4
1376651895,37,6
1376652060,36,7
1376652163,37,6
1376652459,37,6
1376652686,36,7
1376652926,36,7
1376652986,38,5
1376653362,37,6
1376653418,36,7
1376653482,35,8
1376653491,36,7
1376653639,36,7
1376653706,38,5
1376653834,40,3
1376653912,39,4
1376654062,40,3
1376654664,40,3
1376655113,39,4
1376655307,38,5
1376655603,37,6
1376655695,38,5
1376656000,37,6
1376656135,36,7
1376656300,35,8
1376656321,35,8
1376656467,34,9
1376656542,33,10
1376656843,33,10
1376656901,33,10
1376656904,34,9
1376657049,33,10
1376657653,33,10
1376657788,32,11
1376657838,32,11
1376658129,33,10
1376658196,32,11
1376658331,30,13
1376658659,29,14
1376658923,31,12
1376659157,32,11
1376659336,32,11
1376659422,32,11
1376659457,33,10
1376659988,32,11
1376660070,31,12
1376660141,31,12
1376660199,31,12
1376660229,32,11
1376660305,31,12
1376660528,32,11
1376660675,31,12
1376660719,33,10
1376661035,34,9
1376661447,33,10
1376661532,32,11
1376662135,32,11
1376662660,33,10
1376662670,34,9
1376662769,32,11
1376663047,33,10
1376663182,32,11
1376663494,31,12
1376663759,30,13
1376663856,31,12
1376663905,32,11
1376664281,32,11
1376664289,33,10
1376664857,34,9
1376665070,33,10
1376665207,33,10
1376665276,33,10
1376665388,33,10
1376665441,34,9
1376665602,33,10
1376665663,33,10
1376665670,34,9
1376665815,35,8
1376665902,35,8
1376665910,36,7
1376666023,36,7
1376666079,36,7
1376666139,35,8
1376666196,35,8
1376666217,36,7
1376666557,34,9
1376667001,32,11
1376667133,32,11
1376667221,32,11
1376667278,33,10
1376667337,34,9
1376667397,33,10
1376667430,34,9
1376667528,34,9
1376667603,34,9
1376667683,34,9
1376667762,34,9
1376667812,35,8
1376667893,35,8
1376667994,35,8
1376668030,36,7
1376668089,37,6
1376668236,36,7
1376668288,34,9
1376668663,34,9
1376668670,34,9
1376668767,36,7
1376668904,32,11
1376669076,31,12
1376669258,31,12
1376669383,31,12
1376669412,29,14
1376669503,28,15
1376669561,28,15
1376669571,29,14
1376669734,30,13
1376669801,30,13
1376669861,31,12
1376669885,32,11
1376669976,34,9
1376670157,34,9
1376670222,33,10
1376670319,34,9
1376670823,35,8
1376671077,36,7
1376671189,35,8
1376671350,36,7
1376671426,36,7
1376671428,37,6
1376671722,39,4
1376671754,40,3
1376671940,39,4
1376672180,38,5
1376672793,37,6
1376672906,38,5
1376673324,39,4
1376673928,39,4
1376674075,38,5
1376674229,37,6
1376674577,34,9
1376674752,35,8
1376675005,36,7
1376675312,38,5
1376675916,38,5
1376676336,37,6
1376676357,39,4
1376676457,40,3
1376676568,39,4
1376676691,40,3
1376677166,39,4
1376677769,39,4
1376677819,39,4
1376677870,40,3
1376678172,39,4
1376678782,37,6
1376678848,37,6
1376678910,37,6
1376678982,38,5
1376679586,38,5
1376680189,38,5
1376680793,38,5
1376681313,39,4
1376681415,39,4
1376681456,40,3
1376682059,40,3
1376682508,40,3
1376683111,40,3
1376683490,39,4
1376684093,39,4
1376684314,40,3
1376684338,41,2
1376684571,41,2
1376684803,41,2
1376684814,42,1
1376684888,42,1
1376685042,42,1
1376685125,41,2
1376685219,41,2
1376685254,41,2
1376685340,41,2
1376685393,42,1
1376685426,43,0
1376685996,42,1
1376686600,42,1
1376687203,42,1
1376687806,42,1
1376688031,41,2
1376688343,41,2
1376688460,39,4
1376688523,39,4
1376688617,40,3
1376689221,40,3
1376689824,40,3
1376690428,40,3
1376690538,38,5
1376691142,38,5
1376691745,38,5
1376691993,39,4
1376692235,40,3
1376692502,41,2
1376693106,41,2
1376693709,41,2
1376694313,41,2
1376694582,41,2
1376694585,42,1
1376695188,42,1
1376695792,42,1
1376696143,42,1
1376696151,43,0
1376696754,43,0
1376697358,43,0
1376697961,43,0
1376698565,43,0
1376699169,43,0
1376699772,43,0
1376700376,43,0
1376700980,43,0
1376701583,43,0
1376701755,43,0
1376702358,43,0
1376702962,43,0
1376703565,43,0
1376704166,43,0
1376704770,43,0
1376705373,43,0
1376705977,43,0
1376706580,43,0
1376707184,43,0
1376707787,43,0
1376708391,43,0
1376708994,43,0
1376709598,43,0
1376710201,43,0
1376710805,43,0
1376711408,43,0
1376712012,43,0
1376712616,43,0
1376713219,43,0
1376713823,43,0
1376714426,43,0
1376714571,42,1
1376715174,42,1
1376715778,42,1
1376716381,42,1
1376716985,42,1
1376717588,42,1
1376718192,42,1
1376718795,42,1
1376719399,42,1
1376719920,43,0
1376720524,43,0
1376721127,43,0
1376721731,43,0
1376721793,42,1
1376722294,43,0
1376722898,43,0
1376723501,43,0
1376724105,43,0
1376724708,43,0
1376725312,43,0
1376725915,43,0
1376726020,42,1
1376726389,41,2
1376726544,39,4
1376727011,40,3
1376727114,39,4
1376727376,40,3
1376727802,42,1
1376728241,43,0
1376728845,43,0
1376729450,43,0
1376729835,42,1
1376729968,43,0
1376730571,43,0
1376730893,42,1
1376731118,42,1
1376731244,42,1
1376731714,42,1
1376731763,43,0
1376732324,43,0
1376732379,39,4
1376732724,39,4
1376732800,38,5
1376733089,39,4
1376733162,39,4
1376733280,40,3
1376733883,40,3
1376734341,39,4
1376734944,39,4
1376735548,39,4
1376735906,40,3
1376736509,40,3
1376736584,40,3
1376736595,42,1
1376736756,42,1
1376736815,42,1
1376737185,42,1
1376737193,43,0
1376737797,43,0
1376738254,42,1
1376738325,41,2
1376738386,41,2
1376738416,41,2
1376738504,42,1
1376738916,41,2
1376739084,42,1
1376739158,42,1
1376739178,42,1
1376739782,42,1
1376739937,41,2
1376740541,41,2
1376741144,41,2
1376741747,41,2
1376741940,40,3
1376742312,42,1
1376742915,42,1
1376743004,41,2
1376743242,41,2
1376743252,42,1
1376743426,42,1
1376743436,43,0
1376744039,43,0
1376744297,42,1
1376744901,42,1
1376744969,41,2
1376745216,40,3
1376745282,40,3
1376745345,39,4
1376745347,38,5
1376745514,37,6
1376745549,36,7
1376745638,35,8
1376745663,36,7
1376745957,37,6
1376746059,39,4
1376746175,41,2
1376746244,41,2
1376746283,42,1
1376746315,41,2
1376746919,41,2
1376747247,42,1
1376747376,43,0
1376747526,42,1
1376747622,40,3
1376747693,39,4
1376747768,40,3
1376748019,41,2
1376748134,42,1
1376748304,43,0
1376748387,42,1
1376748914,41,2
1376748996,40,3
1376749059,41,2
1376749358,41,2
1376749395,42,1
1376749473,41,2
1376749773,39,4
1376749905,38,5
1376750118,39,4
1376750239,40,3
1376750326,40,3
1376750355,41,2
1376750444,41,2
1376750463,39,4
1376750858,37,6
1376750898,36,7
1376750983,36,7
1376751045,36,7
1376751089,37,6
1376751112,38,5
1376751214,37,6
1376751343,39,4
1376751541,40,3
1376751749,41,2
1376751803,40,3
1376751926,42,1
1376752075,43,0
1376752712,42,1
1376753316,42,1
1376753625,40,3
1376753628,41,2
1376754130,40,3
1376754218,39,4
1376754272,40,3
1376754327,40,3
1376754516,41,2
1376754558,42,1
1376754696,43,0
1376755299,43,0
1376755785,42,1
1376755794,40,3
1376755882,40,3
1376755946,41,2
1376756010,39,4
1376756116,38,5
1376756261,41,2
1376756273,40,3
1376756386,40,3
1376756440,42,1
1376756449,43,0
1376756527,42,1
1376756834,43,0
1376757437,43,0
1376757513,42,1
1376757724,43,0
1376757913,41,2
1376758046,40,3
1376758649,40,3
1376758708,41,2
1376759312,41,2
1376759625,41,2
1376759679,39,4
1376759712,41,2
1376760315,41,2
1376760686,42,1
1376761242,40,3
1376761303,39,4
1376761591,41,2
1376762015,42,1
1376762618,42,1
1376763223,42,1
1376763827,42,1
1376764365,42,1
1376764375,43,0
1376764979,43,0
1376765155,42,1
1376765620,41,2
1376765726,42,1
1376766330,42,1
1376766933,42,1
1376766966,43,0
1376767570,43,0
1376767659,40,3
1376768263,40,3
1376768711,39,4
1376769088,38,5
1376769691,38,5
1376770295,38,5
1376770544,40,3
1376770582,42,1
1376771134,42,1
1376771737,42,1
1376772272,41,2
1376772632,39,4
1376772943,38,4
1376772969,38,4
1376773068,38,4
1376773304,38,4
1376773327,38,4
1376773665,38,4
1376773689,38,4
1376773744,36,6
1376774024,36,6
1376774051,36,6
1376774385,36,6
1376774413,36,6
1376774457,37,5
1376774747,37,5
1376774775,37,5
1376775093,37,5
1376775137,37,5
1376775456,37,5
1376775500,37,5
1376775818,37,5
1376775861,37,5
1376776180,37,5
1376776223,37,5
1376776280,37,5
1376776541,37,5
1376776585,37,5
1376776903,37,5
1376776947,37,5
1376777024,37,5
1376777073,36,6
1376777141,36,6
1376777150,37,5
1376777266,37,5
1376777310,37,5
1376777622,37,5
1376777672,37,5
1376777984,38,4
1376778033,39,3
1376778105,38,4
1376778345,39,3
1376778395,39,3
1376778706,39,3
1376778758,39,3
1376778942,39,3
1376778953,39,3
1376779064,39,3
1376779119,39,3
1376779426,39,3
1376779481,39,3
1376779559,38,4
1376779772,38,4
1376779843,38,4
1376780133,38,4
1376780205,38,4
1376780386,37,5
1376780495,37,5
1376780565,37,5
1376780567,37,5
1376780767,36,6
1376780857,36,6
1376780913,36,6
1376780929,36,6
1376781219,36,6
1376781275,36,6
1376781291,36,6
1376781637,36,6
1376781700,36,6
1376781739,37,5
1376781791,37,5
1376781872,38,4
1376781944,38,4
1376781997,38,4
1376782015,38,4
1376782118,36,6
1376782306,36,6
1376782360,36,6
1376782377,36,6
1376782724,36,6
1376782740,36,6
1376782993,36,6
1376783085,37,5
1376783121,37,5
1376783153,38,4
1376783441,38,4
1376783464,38,4
1376783803,38,4
1376783826,38,4
1376784166,38,4
1376784189,38,4
1376784524,39,3
1376784551,39,3
1376784886,39,3
1376784928,40,2
1376785230,40,2
1376785274,40,2
1376785593,40,2
1376785637,40,2
1376785955,40,2
1376785998,40,2
1376786186,39,3
1376786316,39,3
1376786360,39,3
1376786679,39,3
1376786723,39,3
1376787041,39,3
1376787085,39,3
1376787403,39,3
1376787448,39,3
1376787766,39,3
1376787809,39,3
1376788127,39,3
1376788171,39,3
1376788532,39,3
1376788846,39,3
1376788896,39,3
1376789202,39,3
1376789257,39,3
1376789561,39,3
1376789609,40,3
1376789686,39,3
1376789976,39,3
1376790031,39,3
1376790048,39,3
1376790492,39,3
1376790788,39,3
1376791126,39,3
1376791150,39,3
1376791485,39,3
1376791512,39,3
1376791846,39,3
1376791875,39,3
1376792192,39,3
1376792237,39,3
1376792555,39,3
1376792599,39,3
1376792917,39,3
1376792961,39,3
1376793280,39,3
1376793324,39,3
1376793426,40,2
1376793642,40,2
1376793685,40,2
1376794003,40,2
1376794047,40,2
1376794155,41,1
1376794365,41,1
1376794410,41,1
1376794727,41,1
1376794771,41,1
1376795083,41,1
1376795134,41,1
1376795446,41,1
1376795495,41,1
1376795803,41,1
1376795857,41,1
1376796165,41,1
1376796219,41,1
1376796510,41,1
1376796581,41,1
1376796873,41,1
1376796942,41,1
1376797005,41,1
1376797060,41,1
1376797350,41,1
1376797422,41,1
1376797712,41,1
1376797784,41,1
1376798074,41,1
1376798146,41,1
1376798437,41,1
1376798492,41,1
1376798509,41,1
1376798800,41,1
1376798854,41,1
1376798872,41,1
1376799162,41,1
1376799218,41,1
1376799233,41,1
1376799579,41,1
1376799596,41,1
1376799887,41,1
1376799942,41,1
1376799958,41,1
1376800303,41,1
1376800320,41,1
1376800666,41,1
1376800682,41,1
1376801022,40,2
1376801044,40,2
1376801406,40,2
1376801746,40,2
1376801767,40,2
1376802106,40,2
1376802131,40,2
1376802466,40,2
1376802492,40,2
1376802811,40,2
1376802855,40,2
1376803173,40,2
1376803217,40,2
1376803535,40,2
1376803579,40,2
1376803899,40,2
1376803942,40,2
1376804260,40,2
1376804304,40,2
1376804622,40,2
1376804666,40,2
1376804985,40,2
1376805028,40,2
1376805342,40,2
1376805391,40,2
1376805703,40,2
1376805753,40,2
1376806066,40,2
1376806116,40,2
1376806427,40,2
1376806477,40,2
1376806840,40,2
1376807146,40,2
1376807201,40,2
1376807492,40,2
1376807563,40,2
1376807855,40,2
1376807926,40,2
1376808217,40,2
1376808271,40,2
1376808288,40,2
1376808579,40,2
1376808633,40,2
1376808650,40,2
1376808940,40,2
1376808996,40,2
1376809012,40,2
1376809303,40,2
1376809357,40,2
1376809374,40,2
1376809665,40,2
1376809719,40,2
1376809736,40,2
1376810082,40,2
1376810099,40,2
1376810445,40,2
1376810460,40,2
1376810806,40,2
1376810823,40,2
1376811162,40,2
1376811185,40,2
1376811524,40,2
1376811547,40,2
1376811886,40,2
1376811910,40,2
1376812067,41,1
1376812245,41,1
1376812272,41,1
1376812606,41,1
1376812634,41,1
1376812952,41,1
1376812996,41,1
1376813314,41,1
1376813358,41,1
1376813677,41,1
1376813721,41,1
1376813973,42,0
1376814039,41,1
1376814082,41,1
1376814402,41,1
1376814445,41,1
1376814763,41,1
1376814806,41,1
1376815126,41,1
1376815169,41,1
1376815482,41,1
1376815532,41,1
1376815661,42,0
1376815723,41,0
1376815737,41,1
1376815842,41,1
1376815889,41,1
1376816206,41,1
1376816246,41,1
1376816562,41,1
1376816603,41,1
1376816746,42,0
1376816800,42,0
1376816921,42,0
1376817033,41,1
1376817325,41,1
1376817644,41,1
1376817688,41,1
1376817945,42,0
1376818001,41,1
1376818050,41,1
1376818362,41,1
1376818412,41,1
1376818725,41,1
1376818775,41,1
1376819086,41,1
1376819137,41,1
1376819444,40,2
1376819500,40,2
1376819806,40,2
1376819861,40,2
1376820017,40,2
1376820050,41,1
1376820153,41,1
1376820224,41,1
1376820515,41,1
1376820586,41,1
1376820877,41,1
1376820947,41,1
1376820948,41,1
1376821238,41,1
1376821302,42,0
1376821311,42,0
1376821601,42,0
1376821656,42,0
1376821672,42,0
1376821785,41,1
1376821964,41,1
1376822018,41,1
1376822035,41,1
1376822326,41,1
1376822380,41,1
1376822397,41,1
1376822740,41,1
1376822755,41,1
1376823046,41,1
1376823098,42,0
1376823114,42,0
1376823404,42,0
1376823455,42,0
1376823471,42,0
1376823762,42,0
1376823814,42,0
1376823828,42,0
1376824120,42,0
1376824186,42,0
1376824478,42,0
1376824544,42,0
1376824836,42,0
1376824902,40,2
1376824941,40,2
1376825016,40,2
1376825035,40,2
1376825193,40,2
1376825260,40,2
1376825565,40,2
1376825618,40,2
1376825923,40,2
1376825975,40,2
1376826287,40,2
1376826334,40,2
1376826644,40,2
1376826690,40,2
1376827001,40,2
1376827048,40,2
1376827359,40,2
1376827405,40,2
1376827723,40,2
1376827764,40,2
1376828081,40,2
1376828123,41,1
1376828193,41,1
1376828230,42,0
1376828438,42,0
1376828479,42,0
1376828796,42,0
1376828837,42,0
1376829155,42,0
1376829199,42,0
1376829518,42,0
1376829562,42,0
1376829879,42,0
1376829923,42,0
1376830241,42,0
1376830286,42,0
1376830604,42,0
1376830661,42,0
1376830961,42,0
1376831010,42,0
1376831322,42,0
1376831372,42,0
1376831684,42,0
1376831734,42,0
1376832046,42,0
1376832096,42,0
1376832402,42,0
1376832457,42,0
1376832765,41,1
1376832820,41,1
