1376208661,42,4
1376209264,42,4
1376209868,42,4
1376210472,42,4
1376211076,42,4
1376211130,43,3
1376211734,43,3
1376212339,43,3
1376212482,41,5
1376212539,41,5
1376212549,42,4
1376213152,42,4
1376213314,43,3
1376213918,43,3
1376214522,43,3
1376215126,43,3
1376215730,43,3
1376215870,43,3
1376216018,42,4
1376216028,43,3
1376216633,43,3
1376216902,43,3
1376216946,43,2
1376217549,43,3
1376218153,43,3
1376218757,43,3
1376219361,43,3
1376219964,43,3
1376220568,43,3
1376220593,42,4
1376220940,42,4
1376220999,42,3
1376221318,43,2
1376221423,42,3
1376222001,43,2
1376222026,43,2
1376222104,42,3
1376222685,41,4
1376223101,41,4
1376223144,42,3
1376223249,42,3
1376223853,42,3
1376223924,41,4
1376224528,41,4
1376224910,41,4
1376224990,42,3
1376225622,43,2
1376225630,44,1
1376226235,44,1
1376226758,43,2
1376227160,44,1
1376227763,44,1
1376228368,44,1
1376228971,44,1
1376229575,44,1
1376230179,44,1
1376230649,43,2
1376231069,44,1
1376231673,44,1
1376232277,44,1
1376232838,42,3
1376232960,41,4
1376233565,41,4
1376233685,42,3
1376234234,44,1
1376234838,44,1
1376235057,44,1
1376235141,44,1
1376235269,44,1
1376235305,44,1
1376235425,43,2
1376236030,43,2
1376236435,42,3
1376237041,42,3
1376237645,42,3
1376238249,42,3
1376238937,42,3
1376238961,43,2
1376239566,43,2
1376240169,43,2
1376240504,41,4
1376240984,41,4
1376240986,42,3
1376241376,43,2
1376241981,43,2
1376242585,43,2
1376242768,44,1
1376243373,44,1
1376243976,44,1
1376244582,44,1
1376245186,44,1
1376245799,43,2
1376246403,43,2
1376247006,43,2
1376247610,43,2
1376248214,43,2
1376248818,43,2
1376248962,42,3
1376249567,42,3
1376250170,42,3
1376250774,42,3
1376251378,42,3
1376251982,42,3
1376252586,42,3
1376252972,41,4
1376253575,41,4
1376254179,41,4
1376254783,41,4
1376255127,40,5
1376255732,40,5
1376256152,39,6
1376256757,39,6
1376257064,38,7
1376257260,39,6
1376257865,39,6
1376258469,39,6
1376259073,39,6
1376259677,39,6
1376259848,39,6
1376260453,39,6
1376261057,39,6
1376261660,39,6
1376262264,39,6
1376262868,39,6
1376263472,39,6
1376263618,38,7
1376264222,38,7
1376264825,38,7
1376265341,39,6
1376265945,39,6
1376266548,39,6
1376267152,39,6
1376267756,39,6
1376268361,39,6
1376268965,39,6
1376269568,39,6
1376270172,39,6
1376270776,39,6
1376271385,39,6
1376271737,39,6
1376272342,39,6
1376272945,39,6
1376273549,39,6
1376274153,39,6
1376274756,39,6
1376275360,39,6
1376275964,39,6
1376276568,39,6
1376277172,39,6
1376277775,39,6
1376278379,39,6
1376278983,39,6
1376279587,39,6
1376280191,39,6
1376280794,39,6
1376281398,39,6
1376282002,39,6
1376282251,40,5
1376282855,40,5
1376283459,40,5
1376283640,41,4
1376284244,41,4
1376284848,41,4
1376285451,41,4
1376286056,41,4
1376286660,41,4
1376287264,41,4
1376287867,41,4
1376288055,40,5
1376288263,41,4
1376288271,42,3
1376288876,42,3
1376289447,42,3
1376289580,41,4
1376289868,40,5
1376290472,40,5
1376291076,40,5
1376291679,40,5
1376291735,40,6
1376291784,42,4
1376292388,42,4
1376292992,42,4
1376293587,43,3
1376294203,43,3
1376294206,44,2
1376294301,43,3
1376294680,43,3
1376294743,43,3
1376295396,44,2
1376296000,44,2
1376296604,44,2
1376297208,44,2
1376297380,43,3
1376297984,43,3
1376298589,43,3
1376299192,43,3
1376299696,42,4
1376300300,42,4
1376300379,41,5
1376300983,41,5
1376301384,42,4
1376301987,41,5
1376302591,41,5
1376303195,41,5
1376303799,41,5
1376304403,41,5
1376305008,41,5
1376305574,42,4
1376305792,41,5
1376305955,42,4
1376306256,41,5
1376306859,41,5
1376307443,42,4
1376308047,42,4
1376308652,42,4
1376309257,42,4
1376309860,42,4
1376310464,42,4
1376311069,42,4
1376311356,41,5
1376311960,41,5
1376312429,42,4
1376313033,42,4
1376313638,42,4
1376314242,42,4
1376314846,42,4
1376314930,41,5
1376315534,41,5
1376316138,41,5
1376316547,42,4
1376316806,41,5
1376317361,41,5
1376317372,42,4
1376317975,42,4
1376318162,41,5
1376318768,41,5
1376319081,41,5
1376319342,41,5
1376319344,40,6
1376319637,39,7
1376319650,38,8
1376319824,38,8
1376319832,39,7
1376320119,40,6
1376320723,40,6
1376321124,39,7
1376321728,39,7
1376322339,39,7
1376322385,40,6
1376322989,40,6
1376323024,39,7
1376323138,38,8
1376323357,39,7
1376323517,39,7
1376323555,40,6
1376323625,40,6
1376323996,39,7
1376324600,39,7
1376325022,38,8
1376325273,38,8
1376325326,39,7
1376325361,40,6
1376325457,40,6
1376325510,41,5
1376325543,41,5
1376326053,41,5
1376326102,41,5
1376326128,41,5
1376326200,42,4
1376326259,41,5
1376326540,40,6
1376326602,40,6
1376326614,41,5
1376326815,40,6
1376327419,40,6
1376327614,40,6
1376327628,41,5
1376327972,42,4
1376328043,42,4
1376328099,43,3
1376328673,43,3
1376329228,42,4
1376329832,42,4
1376329897,43,3
1376330501,43,3
1376330826,44,2
1376331429,44,2
1376332033,44,2
1376332655,43,3
1376332904,42,4
1376333508,42,4
1376334112,42,4
1376334386,43,3
1376334703,41,5
1376335307,41,5
1376335393,42,4
1376335997,42,4
1376336080,42,4
1376336088,43,3
1376336601,42,4
1376337205,42,4
1376337809,42,4
1376338413,42,4
1376339017,42,4
1376339620,42,4
1376340224,42,4
1376340828,42,4
1376341432,42,4
1376341822,41,5
1376342247,40,6
1376342851,40,6
1376343455,40,6
1376344059,40,6
1376344508,39,7
1376345112,39,7
1376345716,39,7
1376346319,39,7
1376346923,39,7
1376347344,38,8
1376347948,38,8
1376348552,38,8
1376348843,39,7
1376349448,39,7
1376350051,39,7
1376350655,39,7
1376351259,39,7
1376351862,39,7
1376352466,39,7
1376353070,39,7
1376353674,39,7
1376354277,39,7
1376354881,39,7
1376355148,40,6
1376355194,41,5
1376355799,41,5
1376356403,41,5
1376357007,41,5
1376357611,41,5
1376358137,41,5
1376358742,41,5
1376359345,41,5
1376359949,41,5
1376360553,41,5
1376361157,41,5
1376361761,41,5
1376362365,41,5
1376362969,41,5
1376363572,41,5
1376364176,41,5
1376364780,41,5
1376365384,41,5
1376365988,41,5
1376366591,41,5
1376366640,42,4
1376367245,42,4
1376367848,42,4
1376368452,42,4
1376369056,42,4
1376369659,42,4
1376370263,42,4
1376370867,42,4
1376371471,42,4
1376372075,42,4
1376372678,42,4
1376373283,42,4
1376373726,42,4
1376374331,42,4
1376374460,43,3
1376374978,44,2
1376375581,44,2
1376376185,44,2
1376376443,45,1
1376376764,44,2
1376377283,43,3
1376377887,43,3
1376377945,45,1
1376378549,45,1
1376378750,44,2
1376378858,45,1
1376379463,45,1
1376380067,45,1
1376380671,45,1
1376381007,44,2
1376381611,44,2
1376382033,43,3
1376382637,43,3
1376382881,44,2
1376383486,44,2
1376384089,44,2
1376384693,44,2
1376384984,45,1
1376385589,45,1
1376386193,45,1
1376386836,44,2
1376387439,44,2
1376388043,44,2
1376388647,44,2
1376389252,44,2
1376389439,45,1
1376390043,45,1
1376390609,44,2
1376391213,44,2
1376391817,44,2
1376392421,44,2
1376393024,44,2
1376393129,45,1
1376393732,44,2
1376394252,43,3
1376394754,42,4
1376395358,42,4
1376395962,42,4
1376396259,42,4
1376396268,43,3
1376396872,43,3
1376397434,44,2
1376398038,44,2
1376398642,44,2
1376399256,43,3
1376399373,43,3
1376399443,43,3
1376399446,44,2
1376400050,44,2
1376400654,44,2
1376401258,44,2
1376401861,44,2
1376402465,44,2
1376403069,44,2
1376403673,44,2
1376404277,44,2
1376404880,44,2
1376405484,44,2
1376406042,44,2
1376406045,43,3
1376406649,43,3
1376406975,43,3
1376407018,44,2
1376407621,44,2
1376407720,43,3
1376408324,43,3
1376408676,44,2
1376409080,43,3
1376409464,43,3
1376409472,44,2
1376410031,43,3
1376410243,42,4
1376410280,39,7
1376410884,39,7
1376411176,39,7
1376411260,43,3
1376411314,43,3
1376411357,43,3
1376411389,44,2
1376411518,45,1
1376412123,45,1
1376412458,44,2
1376412583,44,2
1376412591,45,1
1376413195,45,1
1376413772,42,4
1376413803,41,5
1376414407,41,5
1376414650,42,4
1376414859,43,3
1376415160,42,4
1376415452,45,1
1376415498,44,2
1376416102,44,2
1376416537,45,1
1376417141,45,1
1376417745,45,1
1376418154,45,1
1376418362,44,2
1376418967,44,2
1376419178,45,1
1376419781,45,1
1376420276,44,2
1376420880,44,2
1376421484,44,2
1376422087,44,2
1376422598,45,1
1376423202,45,1
1376423806,45,1
1376424411,45,1
1376424884,45,1
1376424887,44,2
1376425491,44,2
1376426095,44,2
1376426699,44,2
1376427302,44,2
1376427906,44,2
1376428510,44,2
1376428836,44,2
1376428854,43,3
1376429459,43,3
1376430063,43,3
1376430666,43,3
1376430867,42,4
1376431184,41,5
1376431788,41,5
1376432393,41,5
1376432686,40,6
1376432912,39,7
1376433164,39,7
1376433167,40,6
1376433771,40,6
1376434375,40,6
1376434828,39,7
1376434982,39,7
1376435084,39,7
1376435118,41,5
1376435722,41,5
1376436326,41,5
1376436930,41,5
1376437534,41,5
1376437694,41,5
1376437806,41,5
1376437849,42,4
1376437951,43,3
1376438555,43,3
1376439159,43,3
1376439762,43,3
1376440366,43,3
1376440970,43,3
1376441573,43,3
1376442177,43,3
1376442781,43,3
1376443385,43,3
1376443989,43,3
1376444536,43,3
1376445140,43,3
1376445744,43,3
1376446348,43,3
1376446953,43,3
1376447556,43,3
1376448161,43,3
1376448765,43,3
1376449370,43,3
1376449974,43,3
1376450578,43,3
1376451182,43,3
1376451785,43,3
1376452389,43,3
1376452994,43,3
1376453598,43,3
1376454202,43,3
1376454480,42,4
1376455084,42,4
1376455688,42,4
1376456291,42,4
1376456896,42,4
1376457500,42,4
1376458104,42,4
1376458708,42,4
1376459312,42,4
1376459916,42,4
1376460521,42,4
1376460885,43,3
1376461489,43,3
1376462093,43,3
1376462697,43,3
1376462949,42,4
1376463271,43,3
1376463884,43,3
1376463891,45,1
1376464508,44,2
1376464664,44,2
1376464667,45,1
1376465270,45,1
1376465874,45,1
1376466478,45,1
1376467073,44,2
1376467677,44,2
1376468122,43,3
1376468385,43,3
1376468396,45,1
1376469000,45,1
1376469603,45,1
1376470206,45,1
1376470810,45,1
1376471413,45,1
1376471477,45,1
1376472081,45,1
1376472685,45,1
1376473301,45,1
1376473501,44,2
1376473998,43,3
1376474602,43,3
1376474759,42,4
1376475033,42,4
1376475637,42,4
1376476241,42,4
1376476337,43,3
1376476941,43,3
1376477545,43,3
1376478149,43,3
1376478325,44,2
1376478930,44,2
1376479223,43,3
1376479350,42,4
1376479955,42,4
1376480538,41,5
1376481143,41,5
1376481746,41,5
1376481988,41,5
1376482015,42,4
1376482122,43,3
1376482723,43,3
1376482768,44,2
1376482871,44,2
1376483002,44,2
1376483379,45,1
1376483551,45,1
1376483579,45,1
1376484184,45,1
1376484788,45,1
1376485391,45,1
1376485995,45,1
1376486599,45,1
1376487203,45,1
1376487807,45,1
1376488411,45,1
1376489015,45,1
1376489619,45,1
1376490222,45,1
1376490826,45,1
1376490935,44,2
1376491539,44,2
1376492143,44,2
1376492263,44,2
1376492867,44,2
1376493471,44,2
1376494074,44,2
1376494382,43,3
1376494987,43,3
1376495590,43,3
1376495922,43,2
1376496171,43,2
1376496341,42,3
1376496945,42,3
1376497549,42,3
1376497640,41,4
1376497783,42,3
1376497933,43,2
1376498537,43,2
1376499085,42,3
1376499134,43,2
1376499628,42,3
1376499870,42,3
1376499928,43,2
1376499968,44,1
1376500573,44,1
1376501177,44,1
1376501665,43,2
1376501804,43,2
1376501814,44,1
1376502418,44,1
1376503021,44,1
1376503638,43,2
1376504242,43,2
1376504614,44,1
1376505218,44,1
1376505821,44,1
1376506425,44,1
1376507029,44,1
1376507633,44,1
1376508237,44,1
1376508691,44,1
1376508749,44,0
1376508876,44,0
1376509479,44,1
1376510083,44,1
1376510687,44,1
1376511291,44,1
1376511908,45,0
1376512512,45,0
1376513115,45,0
1376513719,45,0
1376514324,45,0
1376514928,45,0
1376515201,44,1
1376515483,45,0
1376516087,45,0
1376516691,45,0
1376517295,45,0
1376517899,45,0
1376518445,44,1
1376519049,44,1
1376519652,44,1
1376520256,44,1
1376520860,44,1
1376521463,44,1
1376521903,44,1
1376521906,43,2
1376522046,43,3
1376522650,43,3
1376523254,43,3
1376523461,44,2
1376524065,44,2
1376524669,44,2
1376525273,44,2
1376525877,44,2
1376526480,44,2
1376527084,44,2
1376527688,44,2
1376528292,44,2
1376528895,44,2
1376529505,44,2
1376530109,44,2
1376530713,44,2
1376530934,44,2
1376531022,44,2
1376531031,44,2
1376531634,44,2
1376532238,44,2
1376532842,44,2
1376533445,44,2
1376534049,44,2
1376534653,44,2
1376535257,44,2
1376535861,44,2
1376536465,44,2
1376537070,44,2
1376537674,44,2
1376538277,44,2
1376538881,44,2
1376539485,44,2
1376540089,44,2
1376540716,44,2
1376540769,44,2
1376540818,44,1
1376541422,44,1
1376542026,44,1
1376542630,44,1
1376543234,44,1
1376543837,44,1
1376544441,44,1
1376545051,44,1
1376545654,44,1
1376546258,44,1
1376546862,44,1
1376547466,44,1
1376548070,44,1
1376548673,44,1
1376548794,43,2
1376549312,42,3
1376549433,41,4
1376550037,41,4
1376550641,41,4
1376551062,42,3
1376551666,42,3
1376552158,41,4
1376552763,41,4
1376553375,42,3
1376553877,42,3
1376553925,43,2
1376554199,42,3
1376554542,42,3
1376554591,43,2
1376555195,43,2
1376555799,43,2
1376556403,43,2
1376556984,42,3
1376557588,42,3
1376557775,43,2
1376558379,43,2
1376558983,43,2
1376559587,43,2
1376559988,42,3
1376560592,42,3
1376560659,42,3
1376560843,42,3
1376560845,43,2
1376561450,43,2
1376561637,42,3
1376561765,43,2
1376561902,43,2
1376561928,44,1
1376562532,44,1
1376563136,44,1
1376563740,44,1
1376564344,44,1
1376564947,44,1
1376565402,44,1
1376566006,44,1
1376566610,44,1
1376567214,44,1
1376567817,44,1
1376568137,45,0
1376568218,44,1
1376568822,44,1
1376569426,44,1
1376570030,44,1
1376570281,43,2
1376570884,43,2
1376571282,43,2
1376571305,42,3
1376571909,42,3
1376572002,42,3
1376572004,43,2
1376572483,43,2
1376572491,44,1
1376573095,44,1
1376573234,43,2
1376573845,44,1
1376574042,44,1
1376574079,44,1
1376574684,44,1
1376574754,43,2
1376574869,42,3
1376574890,42,3
1376575227,42,3
1376575289,43,2
1376575322,44,1
1376575783,44,1
1376575786,43,2
1376575952,44,1
1376576556,44,1
1376577159,44,1
1376577763,44,1
1376578367,44,1
1376578971,44,1
1376579321,43,2
1376579925,43,2
1376580303,44,1
1376580907,44,1
1376581511,44,1
1376582115,44,1
1376582719,44,1
1376583323,44,1
1376583927,44,1
1376584530,44,1
1376585134,44,1
1376585738,44,1
1376585970,43,2
1376586575,43,2
1376586740,42,3
1376587344,42,3
1376587948,42,3
1376588617,43,2
1376588652,44,1
1376589257,44,1
1376589860,44,1
1376590214,43,2
1376590818,43,2
1376591422,43,2
1376592026,43,2
1376592281,42,3
1376592885,42,3
1376593489,42,3
1376594093,42,3
1376594696,42,3
1376595300,42,3
1376595904,42,3
1376596508,42,3
1376597112,42,3
1376597717,42,3
1376598084,43,2
1376598687,43,2
1376599291,43,2
1376599896,43,2
1376600499,43,2
1376601103,43,2
1376601553,42,3
1376602157,42,3
1376602761,42,3
1376603364,42,3
1376603968,42,3
1376604572,42,3
1376605176,42,3
1376605779,42,3
1376605933,42,3
1376605993,43,2
1376606492,43,3
1376606527,42,2
1376607131,42,2
1376607734,42,2
1376608338,42,2
1376608430,41,3
1376609034,41,3
1376609637,41,3
1376610031,42,2
1376610087,42,2
1376610691,42,2
1376611295,42,2
1376611899,42,2
1376612503,42,2
1376613107,42,2
1376613711,42,2
1376614315,42,2
1376614919,42,2
1376615523,42,2
1376616133,42,2
1376616736,42,2
1376617335,42,2
1376617940,42,2
1376618544,42,2
1376619147,42,2
1376619662,41,3
1376619974,40,4
1376620577,40,4
1376621181,40,4
1376621785,40,4
1376622389,40,4
1376622992,40,4
1376623596,40,4
1376624200,40,4
1376624804,40,4
1376625409,40,4
1376626012,40,4
1376626616,40,4
1376627220,40,4
1376627824,40,4
1376628428,40,4
1376629031,40,4
1376629635,40,4
1376630239,40,4
1376630843,40,4
1376631446,40,4
1376632050,40,4
1376632654,40,4
1376633258,40,4
1376633861,40,4
1376634465,40,4
1376635115,39,5
1376635719,39,5
1376636323,39,5
1376636928,39,5
1376637163,40,4
1376637171,41,3
1376637775,41,3
1376638379,41,3
1376638983,41,3
1376639057,40,4
1376639263,40,4
1376639281,41,3
1376639885,41,3
1376640489,41,3
1376641093,41,3
1376641697,41,3
1376641917,42,2
1376642005,43,1
1376642361,41,3
1376642599,40,4
1376643203,40,4
1376643523,40,4
1376643526,39,5
1376644129,39,5
1376644400,41,3
1376645004,41,3
1376645608,41,3
1376645683,41,3
1376645692,42,2
1376646296,42,2
1376646900,42,2
1376647510,42,2
1376647598,41,3
1376648203,41,3
1376648807,41,3
1376649328,41,3
1376649378,41,3
1376649443,42,2
1376649513,42,2
1376650117,42,2
1376650362,42,2
1376650391,43,1
1376650578,42,2
1376651140,41,3
1376651744,41,3
1376652347,41,3
1376652769,40,4
1376653374,40,4
1376653543,39,5
1376654146,39,5
1376654441,38,6
1376654454,38,6
1376654652,39,5
1376655271,41,3
1376655428,42,2
1376656032,42,2
1376656637,42,2
1376656809,43,1
1376657413,43,1
1376658017,43,1
1376658621,43,1
1376659224,43,1
1376659828,43,1
1376660432,43,1
1376661036,43,1
1376661640,43,1
1376662244,43,1
1376662848,43,1
1376663451,43,1
1376664055,43,1
1376664659,43,1
1376665263,43,1
1376665405,42,2
1376665609,41,3
1376666212,41,3
1376666816,41,3
1376667160,41,3
1376667168,42,2
1376667364,41,3
1376667967,41,3
1376668571,41,3
1376669202,41,3
1376669254,43,1
1376669859,43,1
1376670450,42,2
1376670840,43,1
1376670918,42,2
1376670995,41,3
1376671036,41,3
1376671639,41,3
1376672243,41,3
1376672502,42,2
1376672534,42,2
1376672939,41,3
1376673543,41,3
1376674146,41,3
1376674751,41,3
1376675355,41,3
1376675958,41,3
1376676562,41,3
1376677166,41,3
1376677769,41,3
1376678373,41,3
1376678977,41,3
1376679581,41,3
1376680185,41,3
1376680789,41,3
1376681392,41,3
1376681996,41,3
1376682600,41,3
1376683203,41,3
1376683807,41,3
1376684411,41,3
1376685015,41,3
1376685620,41,3
1376686224,41,3
1376686827,41,3
1376687432,41,3
1376687819,40,4
1376688017,39,5
1376688062,38,6
1376688666,38,6
1376689270,38,6
1376689874,38,6
1376690478,38,6
1376691069,39,5
1376691674,39,5
1376692277,39,5
1376692881,39,5
1376693485,39,5
1376694088,39,5
1376694692,39,5
1376695296,39,5
1376695900,39,5
1376696504,39,5
1376697107,39,5
1376697711,39,5
1376698238,38,6
1376698841,38,6
1376699445,38,6
1376700054,38,6
1376700658,38,6
1376701262,38,6
1376701865,38,6
1376702469,38,6
1376703073,38,6
1376703823,38,6
1376703829,38,6
1376704433,38,6
1376705037,38,6
1376705641,38,6
1376706246,38,6
1376706850,38,6
1376707453,38,6
1376708057,38,6
1376708661,38,6
1376709265,38,6
1376709870,38,6
1376710473,38,6
1376711077,38,6
1376711681,38,6
1376712286,38,6
1376712890,38,6
1376713494,38,6
1376714098,38,6
1376714702,38,6
1376715305,38,6
1376715909,38,6
1376716513,38,6
1376717117,38,6
1376717721,38,6
1376717837,39,5
1376718441,39,5
1376719045,39,5
1376719648,39,5
1376720096,38,6
1376720700,38,6
1376721305,38,6
1376721908,38,6
1376722512,38,6
1376723116,38,6
1376723720,38,6
1376724324,38,6
1376724929,38,6
1376725533,38,6
1376725621,39,5
1376725743,40,4
1376726157,39,5
1376726458,40,4
1376726864,40,4
1376726867,39,5
1376727471,39,5
1376728075,39,5
1376728451,38,6
1376729055,38,6
1376729448,38,6
1376729823,37,7
1376730263,36,8
1376730866,36,8
1376731316,37,7
1376731920,37,7
1376732523,37,7
1376733127,37,7
1376733731,37,7
1376734219,38,6
1376734823,38,6
1376735427,38,6
1376736031,38,6
1376736635,38,6
1376736783,38,6
1376737387,38,6
1376737991,38,6
1376738051,37,7
1376738201,37,7
1376738211,38,6
1376738815,38,6
1376739419,38,6
1376740022,38,6
1376740626,38,6
1376740771,39,5
1376740820,40,4
1376741423,40,4
1376741473,41,3
1376742077,41,3
1376742681,41,3
1376743285,41,3
1376743889,41,3
1376744492,41,3
1376745096,41,3
1376745343,41,3
1376745351,42,2
1376745942,42,1
1376745954,43,1
1376746013,42,2
1376746617,42,2
1376747221,42,2
1376747825,42,2
1376748428,42,2
1376749032,42,2
1376749636,42,2
1376750240,42,2
1376750538,41,3
1376750905,40,4
1376751000,40,4
1376751081,40,4
1376751122,41,3
1376751725,41,3
1376752332,41,3
1376752407,40,4
1376752602,39,5
1376753206,39,5
1376753809,39,5
1376754413,39,5
1376754814,39,5
1376754845,39,5
1376755000,40,4
1376755603,40,4
1376756208,40,4
1376756812,40,4
1376757435,39,5
1376758039,39,5
1376758646,39,5
1376759111,40,4
1376759248,40,4
1376759274,41,3
1376759878,41,3
1376760482,41,3
1376761087,41,3
1376761445,40,4
1376762049,40,4
1376762653,40,4
1376763257,40,4
1376763860,40,4
1376763946,40,4
1376763949,41,3
1376764093,42,2
1376764696,42,2
1376765300,42,2
1376765340,40,4
1376765944,40,4
1376765989,39,5
1376766583,39,5
1376766591,40,4
1376767196,40,4
1376767483,41,3
1376767515,42,2
1376768118,42,2
1376768722,42,2
1376769326,42,2
1376769930,42,2
1376770534,42,2
1376771137,42,2
1376771741,42,2
1376772345,42,2
1376772949,42,2
1376773552,42,2
1376774156,42,2
1376774280,41,3
1376774685,40,4
1376775289,40,4
1376775893,40,4
1376776497,40,4
1376777100,40,4
1376777704,40,4
1376778308,40,4
1376778912,40,4
1376779516,40,4
1376780119,40,4
1376780723,40,4
1376781327,40,4
1376781931,40,4
1376782534,40,4
1376783138,40,4
1376783742,40,4
1376784346,40,4
1376784949,40,4
1376785559,40,4
1376786163,40,4
1376786767,40,4
1376787371,40,4
1376787975,40,4
1376788431,39,5
1376789035,39,5
1376789639,39,5
1376790138,39,5
1376790742,39,5
1376791346,39,5
1376791950,39,5
1376792553,39,5
1376793157,39,5
1376793761,39,5
1376794364,39,5
1376794969,39,5
1376795573,39,5
1376796177,39,5
1376796781,39,5
1376797384,39,5
1376797988,39,5
1376798591,39,5
1376799195,39,5
1376799799,39,5
1376800403,39,5
1376800471,39,5
1376800500,40,4
1376801105,40,4
1376801708,40,4
1376802312,40,4
1376802419,41,3
1376803023,41,3
1376803627,41,3
1376804231,41,3
1376804834,41,3
1376805441,41,3
1376806044,41,3
1376806648,41,3
1376807252,41,3
1376807856,41,3
1376808459,41,3
1376809063,41,3
1376809667,41,3
1376810271,41,3
1376810874,41,3
1376810975,42,2
1376811580,42,2
1376812183,42,2
1376812463,42,2
1376812514,42,2
1376812748,41,3
1376813352,41,3
1376813441,40,4
1376814045,40,4
1376814404,39,5
1376815008,39,5
1376815613,39,5
1376815872,40,4
1376815913,39,5
1376816394,38,6
1376816998,38,6
1376817603,38,6
1376818206,38,6
1376818343,39,5
1376818948,39,5
1376819389,38,6
1376819993,38,6
1376820597,38,6
1376820819,39,5
1376821167,40,4
1376821771,40,4
1376822375,40,4
1376822979,40,4
1376823583,40,4
1376824176,40,4
1376824242,41,3
1376824260,40,4
1376824551,40,4
1376824656,40,4
1376824688,41,3
1376824774,40,4
1376824976,41,3
1376825581,41,3
1376826184,41,3
1376826568,40,4
1376827103,40,4
1376827130,41,3
1376827733,41,3
1376828073,41,3
1376828104,41,3
1376828709,41,3
1376829304,42,2
1376829908,42,2
1376830511,42,2
1376831115,42,2
1376831719,42,2
1376832322,42,2
1376832926,42,2
