1376208179,17,5
1376208783,17,5
1376209387,17,5
1376209529,18,4
1376210133,18,4
1376210737,18,4
1376211340,18,4
1376211944,18,4
1376212548,18,4
1376213152,18,4
1376213755,18,4
1376214359,18,4
1376214920,20,2
1376215523,20,2
1376215734,19,3
1376216338,19,3
1376216942,19,3
1376217461,20,2
1376217943,19,3
1376217949,18,4
1376218393,17,5
1376218997,17,5
1376219537,18,4
1376220142,18,4
1376220746,18,4
1376221350,18,4
1376221953,18,4
1376222558,18,4
1376223162,18,4
1376223270,19,3
1376223395,20,2
1376223999,20,2
1376224350,20,2
1376224408,21,1
1376225012,21,1
1376225615,21,1
1376226219,21,1
1376226446,22,0
1376226522,20,2
1376226683,21,1
1376227287,21,1
1376227321,20,2
1376227374,19,3
1376227978,19,3
1376228581,19,3
1376229185,19,3
1376229402,20,2
1376230006,20,2
1376230123,20,2
1376230166,20,2
1376230245,20,2
1376230247,21,1
1376230852,21,1
1376231455,21,1
1376232059,21,1
1376232663,21,1
1376233267,21,1
1376233871,21,1
1376234476,21,1
1376235080,21,1
1376235684,21,1
1376236288,21,1
1376236842,20,2
1376236861,19,3
1376237465,19,3
1376238224,19,3
1376238607,20,2
1376239211,20,2
1376239815,20,2
1376240419,20,2
1376241022,20,2
1376241626,20,2
1376241818,19,3
1376241963,18,4
1376242405,16,6
1376243009,16,6
1376243470,15,7
1376244075,15,7
1376244679,15,7
1376245283,15,7
1376245887,15,7
1376246491,15,7
1376247096,15,7
1376247700,15,7
1376248303,15,7
1376248907,15,7
1376249511,15,7
1376250115,15,7
1376250719,15,7
1376251323,15,7
1376251926,15,7
1376252530,15,7
1376252903,14,8
1376253507,14,8
1376253873,15,7
1376253933,15,7
1376254060,14,8
1376254069,13,9
1376254314,12,10
1376254918,12,10
1376255522,12,10
1376256126,12,10
1376256730,12,10
1376257334,12,10
1376257835,12,10
1376257847,13,9
1376258451,13,9
1376259100,12,10
1376259156,12,10
1376259249,12,10
1376259854,12,10
1376260458,12,10
1376261061,12,10
1376261665,12,10
1376262269,12,10
1376262873,12,10
1376263478,12,10
1376264082,12,10
1376264685,12,10
1376265295,12,10
1376265899,12,10
1376266503,12,10
1376267106,12,10
1376267710,12,10
1376268314,12,10
1376268917,12,10
1376269521,12,10
1376269768,12,10
1376270372,12,10
1376270976,12,10
1376271579,12,10
1376272183,12,10
1376272787,12,10
1376272973,12,10
1376273578,12,10
1376274181,12,10
1376274785,12,10
1376275389,12,10
1376275993,12,10
1376276597,12,10
1376277200,12,10
1376277804,12,10
1376278408,12,10
1376279012,12,10
1376279615,12,10
1376280219,12,10
1376280823,12,10
1376281427,12,10
1376282030,12,10
1376282634,12,10
1376283238,12,10
1376283842,12,10
1376284445,12,10
1376285049,12,10
1376285653,12,10
1376286257,12,10
1376286427,11,11
1376287031,11,11
1376287659,11,11
1376287668,12,10
1376288272,12,10
1376288857,13,9
1376289019,12,10
1376289219,13,9
1376289229,14,8
1376289832,14,8
1376290048,13,9
1376290653,13,9
1376290880,12,10
1376291483,12,10
1376291682,12,10
1376291692,13,9
1376292297,13,9
1376292402,12,10
1376292413,12,10
1376293017,12,10
1376293622,12,10
1376294225,12,10
1376294829,12,10
1376295433,12,10
1376296037,12,10
1376296641,12,10
1376297244,12,10
1376297848,12,10
1376298452,12,10
1376299056,12,10
1376299659,12,10
1376300263,12,10
1376300867,12,10
1376301455,12,10
1376301482,13,9
1376302086,13,9
1376302690,13,9
1376303073,13,9
1376303110,14,8
1376303311,13,9
1376303366,13,9
1376303419,13,9
1376303546,13,9
1376303605,14,8
1376303822,15,7
1376304243,14,8
1376304625,13,9
1376304766,13,9
1376304870,12,10
1376304918,12,10
1376304964,13,9
1376305105,14,8
1376305279,13,9
1376305338,13,9
1376305412,13,9
1376305479,13,9
1376305511,14,8
1376306116,14,8
1376306719,14,8
1376307323,14,8
1376307927,14,8
1376308240,15,7
1376308723,15,7
1376308776,12,10
1376309222,13,9
1376309516,12,10
1376310121,12,10
1376310724,12,10
1376311328,12,10
1376311932,12,10
1376312536,12,10
1376313139,12,10
1376313403,13,9
1376313444,13,9
1376314048,13,9
1376314652,13,9
1376315255,13,9
1376315859,13,9
1376315889,12,10
1376316494,12,10
1376317097,12,10
1376317701,12,10
1376318305,12,10
1376318910,12,10
1376319394,11,11
1376319998,11,11
1376320602,11,11
1376321206,11,11
1376321811,11,11
1376322222,12,10
1376322821,12,10
1376322829,13,9
1376323433,13,9
1376323658,13,9
1376323853,12,10
1376324456,12,10
1376324740,12,10
1376324748,13,9
1376325043,13,9
1376325054,14,8
1376325687,15,7
1376326058,15,7
1376326069,16,6
1376326233,17,5
1376326838,17,5
1376327217,16,6
1376327821,16,6
1376328080,15,7
1376328149,14,8
1376328387,13,9
1376328422,12,10
1376328991,12,10
1376329051,13,9
1376329655,13,9
1376329844,13,9
1376329882,13,9
1376329963,13,9
1376329970,14,8
1376330575,14,8
1376331178,14,8
1376331782,14,8
1376332423,14,8
1376332857,15,7
1376333461,15,7
1376334065,15,7
1376334669,15,7
1376334864,16,6
1376335468,16,6
1376336072,16,6
1376336399,15,7
1376337003,15,7
1376337213,16,6
1376337281,17,5
1376337885,17,5
1376337960,16,6
1376338602,17,5
1376338629,18,4
1376339263,19,3
1376339867,19,3
1376340471,19,3
1376340943,18,4
1376340964,17,5
1376341568,17,5
1376342172,17,5
1376342234,18,4
1376342838,18,4
1376343442,18,4
1376343522,18,4
1376343531,19,3
1376343624,21,1
1376344229,21,1
1376344832,21,1
1376345436,21,1
1376346040,21,1
1376346644,21,1
1376347247,21,1
1376347851,21,1
1376348455,21,1
1376349059,21,1
1376349663,21,1
1376350266,21,1
1376350870,21,1
1376351474,21,1
1376352078,21,1
1376352681,21,1
1376353285,21,1
1376353889,21,1
1376354493,21,1
1376355096,21,1
1376355700,21,1
1376356160,21,1
1376356765,21,1
1376357368,21,1
1376357972,21,1
1376358576,21,1
1376359180,21,1
1376359783,21,1
1376360387,21,1
1376360991,21,1
1376361594,21,1
1376362198,21,1
1376362802,21,1
1376363406,21,1
1376364009,21,1
1376364613,21,1
1376365217,21,1
1376365821,21,1
1376366424,21,1
1376367028,21,1
1376367632,21,1
1376368236,21,1
1376368840,21,1
1376369444,21,1
1376370048,21,1
1376370652,21,1
1376371255,21,1
1376371859,21,1
1376372464,21,1
1376373068,21,1
1376373237,20,2
1376373501,20,2
1376374105,20,2
1376374483,20,2
1376374541,20,2
1376374568,19,3
1376374630,18,4
1376375235,18,4
1376375557,19,3
1376375619,19,3
1376375628,20,2
1376376233,20,2
1376376613,19,3
1376376942,18,4
1376377002,18,4
1376377060,19,3
1376377290,18,4
1376377814,19,3
1376378418,19,3
1376379022,19,3
1376379626,19,3
1376379699,20,2
1376380303,20,2
1376380782,20,2
1376380790,21,1
1376381394,21,1
1376381998,21,1
1376382602,21,1
1376383206,21,1
1376383809,21,1
1376384413,21,1
1376385017,21,1
1376385622,21,1
1376386175,20,2
1376386780,20,2
1376387389,20,2
1376387993,20,2
1376388357,21,1
1376388961,21,1
1376389564,21,1
1376390168,21,1
1376390772,21,1
1376391376,21,1
1376391870,20,2
1376392474,20,2
1376393078,20,2
1376393682,20,2
1376394286,20,2
1376394738,21,1
1376395342,21,1
1376395945,21,1
1376396549,21,1
1376397153,21,1
1376397757,21,1
1376398360,21,1
1376398964,21,1
1376399568,21,1
1376400172,21,1
1376400592,20,2
1376401197,20,2
1376401534,19,3
1376402138,19,3
1376402311,18,4
1376402915,18,4
1376403518,18,4
1376403582,19,3
1376404124,20,2
1376404543,20,2
1376404827,21,1
1376405430,21,1
1376406034,21,1
1376406638,21,1
1376407242,21,1
1376407846,21,1
1376408450,21,1
1376409053,21,1
1376409658,21,1
1376410114,20,2
1376410718,20,2
1376410758,21,1
1376411165,20,2
1376411770,20,2
1376411887,21,1
1376412491,21,1
1376412784,20,2
1376413388,20,2
1376413646,21,1
1376414250,21,1
1376414853,21,1
1376415457,21,1
1376416061,21,1
1376416229,21,1
1376416277,20,2
1376416362,21,1
1376416966,21,1
1376417373,21,1
1376417609,20,2
1376417673,20,2
1376418036,18,4
1376418639,18,4
1376419155,19,3
1376419760,19,3
1376419900,20,2
1376419920,19,3
1376420523,19,3
1376420792,20,2
1376420837,19,3
1376420908,20,2
1376420961,20,2
1376420993,20,2
1376421096,20,2
1376421121,20,2
1376421207,20,2
1376421273,21,1
1376421877,21,1
1376422480,21,1
1376422560,19,3
1376423165,19,3
1376423768,19,3
1376424372,19,3
1376424427,20,2
1376425031,20,2
1376425634,20,2
1376425879,19,3
1376425948,19,3
1376426552,19,3
1376426887,18,4
1376427491,18,4
1376428095,18,4
1376428699,18,4
1376429303,18,4
1376429906,18,4
1376430510,18,4
1376431114,18,4
1376431547,17,5
1376432151,17,5
1376432755,17,5
1376433359,17,5
1376433965,18,4
1376434569,18,4
1376435022,20,2
1376435626,20,2
1376436229,20,2
1376436833,20,2
1376437437,20,2
1376437855,21,1
1376438459,21,1
1376439062,21,1
1376439666,21,1
1376440270,21,1
1376440874,21,1
1376441477,21,1
1376442081,21,1
1376442559,21,1
1376443163,21,1
1376443766,21,1
1376444370,21,1
1376444974,21,1
1376445577,21,1
1376446181,21,1
1376446785,21,1
1376447389,21,1
1376447992,21,1
1376448596,21,1
1376449200,21,1
1376449804,21,1
1376450408,21,1
1376450541,20,2
1376451144,20,2
1376451748,20,2
1376452352,20,2
1376452955,20,2
1376453559,20,2
1376454163,20,2
1376454767,20,2
1376455371,20,2
1376455974,20,2
1376456579,20,2
1376457183,20,2
1376457786,20,2
1376458390,20,2
1376458994,20,2
1376459167,21,1
1376459392,20,2
1376459995,20,2
1376460236,21,1
1376460687,20,2
1376461291,20,2
1376461895,20,2
1376462499,20,2
1376462832,21,1
1376463437,21,1
1376463625,20,2
1376464230,20,2
1376464414,21,1
1376464891,21,1
1376464906,21,1
1376465510,21,1
1376466114,21,1
1376466718,21,1
1376467322,21,1
1376467844,21,1
1376467895,19,3
1376467963,19,3
1376468020,19,3
1376468030,20,2
1376468634,20,2
1376469239,20,2
1376469842,20,2
1376470446,20,2
1376471050,20,2
1376471653,20,2
1376472257,20,2
1376472861,20,2
1376473465,20,2
1376474068,20,2
1376474681,21,1
1376475223,20,2
1376475582,20,2
1376475592,20,2
1376476196,20,2
1376476540,20,2
1376476550,21,1
1376476712,20,2
1376476728,21,1
1376476813,20,2
1376477417,20,2
1376478021,20,2
1376478110,19,3
1376478400,19,3
1376478407,20,2
1376479012,20,2
1376479616,20,2
1376480219,20,2
1376480823,20,2
1376481102,21,1
1376481706,21,1
1376482310,21,1
1376482914,21,1
1376483229,20,2
1376483833,20,2
1376484437,20,2
1376485041,20,2
1376485659,20,2
1376485667,21,1
1376485902,20,1
1376485922,20,2
1376486526,20,2
1376487130,20,2
1376487735,20,2
1376487841,21,1
1376488425,21,1
1376489029,21,1
1376489633,21,1
1376489734,20,2
1376490338,20,2
1376490942,20,2
1376491551,20,2
1376492155,20,2
1376492772,19,3
1376493376,19,3
1376493979,19,3
1376494583,19,3
1376494997,20,2
1376495366,19,3
1376495970,19,3
1376496574,19,3
1376496881,20,2
1376497237,18,4
1376497841,18,4
1376498440,18,4
1376498502,19,3
1376498505,20,2
1376499109,20,2
1376499558,21,1
1376500162,21,1
1376500766,21,1
1376501370,21,1
1376501974,21,1
1376502578,21,1
1376503181,21,1
1376503785,21,1
1376504004,19,3
1376504609,19,3
1376505213,19,3
1376505816,19,3
1376506420,19,3
1376507025,19,3
1376507629,19,3
1376508232,19,3
1376508837,19,3
1376509441,19,3
1376510044,19,3
1376510661,17,5
1376511161,17,5
1376511168,18,4
1376511432,16,6
1376512036,16,6
1376512639,16,6
1376513243,16,6
1376513847,16,6
1376514451,16,6
1376515055,16,6
1376515659,16,6
1376516263,16,6
1376516867,16,6
1376517471,16,6
1376518081,16,6
1376518684,16,6
1376519289,16,6
1376519893,16,6
1376520497,16,6
1376521068,15,7
1376521672,15,7
1376522277,15,7
1376522880,15,7
1376523484,15,7
1376524088,15,7
1376524692,15,7
1376525301,15,7
1376525905,15,7
1376526020,14,8
1376526624,14,8
1376527228,14,8
1376527832,14,8
1376528435,14,8
1376528961,14,8
1376529039,14,8
1376529046,14,8
1376529650,14,8
1376529917,13,9
1376530521,13,9
1376531125,13,9
1376531729,13,9
1376532332,13,9
1376532936,13,9
1376533541,13,9
1376534144,13,9
1376534748,13,9
1376535352,13,9
1376535956,13,9
1376536123,11,11
1376536728,11,11
1376537331,11,11
1376537935,11,11
1376538539,11,11
1376539143,11,11
1376539747,11,11
1376540350,11,11
1376540955,11,11
1376541558,11,11
1376542162,11,11
1376542766,11,11
1376543369,11,11
1376543974,11,11
1376544578,11,11
1376545182,11,11
1376545785,11,11
1376546389,11,11
1376546993,11,11
1376547597,11,11
1376547861,10,12
1376548465,10,12
1376549069,10,12
1376549641,9,13
1376549730,10,12
1376550334,10,12
1376550800,11,11
1376551404,11,11
1376552008,11,11
1376552612,11,11
1376553215,11,11
1376553819,11,11
1376554423,11,11
1376554837,12,10
1376555441,12,10
1376555678,13,9
1376556282,13,9
1376556887,13,9
1376557003,12,10
1376557007,12,10
1376557611,12,10
1376558214,12,10
1376558276,11,11
1376558881,11,11
1376559484,11,11
1376560088,11,11
1376560692,11,11
1376561297,11,11
1376561901,11,11
1376562505,11,11
1376562882,11,11
1376562891,12,10
1376563496,12,10
1376563635,12,10
1376563762,12,10
1376563832,13,9
1376563890,12,10
1376563948,13,9
1376564552,13,9
1376565156,13,9
1376565760,13,9
1376566363,13,9
1376566967,13,9
1376567572,13,9
1376568176,13,9
1376568780,13,9
1376568875,14,8
1376568911,15,7
1376569515,15,7
1376569573,14,8
1376569628,14,8
1376569760,16,6
1376570365,16,6
1376570968,16,6
1376571572,16,6
1376572177,16,6
1376572780,16,6
1376573143,17,5
1376573747,17,5
1376574022,17,5
1376574096,18,4
1376574150,18,4
1376574211,17,5
1376574270,18,4
1376574874,18,4
1376575060,18,4
1376575076,17,5
1376575679,17,5
1376576283,17,5
1376576691,17,5
1376576800,19,3
1376577404,19,3
1376578008,19,3
1376578613,19,3
1376579216,19,3
1376579922,20,2
1376579959,21,1
1376580563,21,1
1376581043,19,3
1376581647,19,3
1376582021,19,3
1376582127,19,3
1376582210,19,3
1376582367,20,2
1376582419,21,1
1376582552,19,3
1376582621,20,2
1376582673,20,2
1376582716,21,1
1376583320,21,1
1376583507,19,3
1376583567,19,3
1376583626,18,4
1376584229,18,4
1376584343,17,5
1376584407,16,6
1376584451,16,6
1376585056,16,6
1376585659,16,6
1376586041,16,6
1376586088,16,6
1376586168,18,4
1376586772,18,4
1376587375,18,4
1376587979,18,4
1376588583,18,4
1376589187,18,4
1376589342,18,4
1376589345,19,3
1376589528,20,2
1376590132,20,2
1376590777,20,2
1376591261,20,2
1376591274,21,1
1376591619,20,2
1376592223,20,2
1376592827,20,2
1376593431,20,2
1376594035,20,2
1376594639,20,2
1376594710,20,2
1376594748,19,3
1376595351,19,3
1376595955,19,3
1376596059,18,4
1376596087,18,4
1376596569,19,3
1376597173,19,3
1376597647,18,4
1376597844,17,5
1376597918,16,6
1376598522,16,6
1376599125,16,6
1376599450,14,8
1376600054,14,8
1376600658,14,8
1376601262,14,8
1376601865,14,8
1376602469,14,8
1376603073,14,8
1376603677,14,8
1376604281,14,8
1376604886,14,8
1376605489,14,8
1376606094,14,8
1376606697,14,8
1376607243,12,10
1376607847,12,10
1376608451,12,10
1376609055,12,10
1376609659,12,10
1376609801,13,9
1376610405,13,9
1376611009,13,9
1376611613,13,9
1376612222,13,9
1376612826,13,9
1376613430,13,9
1376614034,13,9
1376614638,13,9
1376615362,13,9
1376615967,13,9
1376616570,13,9
1376617174,13,9
1376617778,13,9
1376618381,13,9
1376618985,13,9
1376619589,13,9
1376620193,13,9
1376620798,13,9
1376621402,13,9
1376622007,13,9
1376622611,13,9
1376623215,13,9
1376623818,13,9
1376624422,13,9
1376625026,13,9
1376625630,13,9
1376626235,13,9
1376626838,13,9
1376627442,13,9
1376628046,13,9
1376628650,13,9
1376629254,13,9
1376629432,12,10
1376630035,12,10
1376630640,12,10
1376631244,12,10
1376631848,12,10
1376632452,12,10
1376633084,12,10
1376633086,13,9
1376633690,13,9
1376633878,12,10
1376634482,12,10
1376635086,12,10
1376635177,14,8
1376635781,14,8
1376636385,14,8
1376636989,14,8
1376637423,15,7
1376638027,15,7
1376638631,15,7
1376639234,15,7
1376639838,15,7
1376640442,15,7
1376641046,15,7
1376641649,15,7
1376641778,14,8
1376641877,13,9
1376642482,13,9
1376643085,13,9
1376643689,13,9
1376644293,13,9
1376644746,12,10
1376645351,12,10
1376645956,12,10
1376646560,12,10
1376647164,12,10
1376647768,12,10
1376648372,12,10
1376648421,13,9
1376648825,14,8
1376649430,14,8
1376650035,14,8
1376650552,13,9
1376651156,13,9
1376651760,13,9
1376652364,13,9
1376652967,13,9
1376653571,13,9
1376653837,12,10
1376653866,13,9
1376654470,13,9
1376654934,12,10
1376655217,13,9
1376655638,13,9
1376655648,14,8
1376655729,13,9
1376655915,12,10
1376656519,12,10
1376657122,12,10
1376657726,12,10
1376658330,12,10
1376658531,11,11
1376659136,11,11
1376659329,13,9
1376659933,13,9
1376660537,13,9
1376661027,14,8
1376661632,14,8
1376662235,14,8
1376662840,14,8
1376663445,14,8
1376663627,13,9
1376664232,13,9
1376664835,13,9
1376665439,13,9
1376666043,13,9
1376666647,13,9
1376667251,13,9
1376667855,13,9
1376668288,14,8
1376668588,13,9
1376669192,13,9
1376669796,13,9
1376670401,13,9
1376671005,13,9
1376671608,13,9
1376671873,12,10
1376672477,12,10
1376672940,11,11
1376673544,11,11
1376674148,11,11
1376674753,11,11
1376675357,11,11
1376675961,11,11
1376676168,10,12
1376676400,10,12
1376676407,11,11
1376676976,12,10
1376677061,12,10
1376677665,12,10
1376678258,12,10
1376678323,13,9
1376678373,14,8
1376678977,14,8
1376679582,14,8
1376680185,14,8
1376680789,14,8
1376681393,14,8
1376681495,14,8
1376681533,15,7
1376682137,15,7
1376682741,15,7
1376683344,15,7
1376683948,15,7
1376684255,16,6
1376684859,16,6
1376685463,16,6
1376686067,16,6
1376686670,16,6
1376687274,16,6
1376687879,16,6
1376688482,16,6
1376688997,15,7
1376689056,14,8
1376689098,14,8
1376689156,14,8
1376689207,14,8
1376689811,14,8
1376690415,14,8
1376690917,14,8
1376690931,13,9
1376691535,13,9
1376692140,13,9
1376692744,13,9
1376693348,13,9
1376693951,13,9
1376694555,13,9
1376695158,13,9
1376695762,13,9
1376696366,13,9
1376696976,13,9
1376697580,13,9
1376698183,13,9
1376698787,13,9
1376699391,13,9
1376699995,13,9
1376700599,13,9
1376701158,12,10
1376701777,12,10
1376701859,12,10
1376702217,13,9
1376702821,13,9
1376703425,13,9
1376704029,13,9
1376704632,13,9
1376705236,13,9
1376705840,13,9
1376706446,13,9
1376707050,13,9
1376707654,13,9
1376708257,13,9
1376708861,13,9
1376709465,13,9
1376710069,13,9
1376710673,13,9
1376711278,13,9
1376711882,13,9
1376712486,13,9
1376712958,12,10
1376713561,12,10
1376714165,12,10
1376714770,12,10
1376715374,12,10
1376715978,12,10
1376716582,12,10
1376717186,12,10
1376717790,12,10
1376718394,12,10
1376718999,12,10
1376719374,11,11
1376719979,11,11
1376720237,10,12
1376720842,10,12
1376721445,10,12
1376722049,10,12
1376722516,11,11
1376723120,11,11
1376723159,9,13
1376723764,9,13
1376724139,9,13
1376724222,9,13
1376724267,10,12
1376724871,10,12
1376725096,11,11
1376725665,11,11
1376725676,10,12
1376726280,10,12
1376726884,10,12
1376727488,10,12
1376728091,10,12
1376728695,10,12
1376729299,10,12
1376729903,10,12
1376730507,10,12
1376731111,10,12
1376731714,10,12
1376732319,10,12
1376732724,10,12
1376732793,11,11
1376733397,11,11
1376734000,11,11
1376734604,11,11
1376735026,12,10
1376735074,10,12
1376735110,11,11
1376735714,11,11
1376736318,11,11
1376736921,11,11
1376737525,11,11
1376738129,11,11
1376738733,11,11
1376739337,11,11
1376739940,11,11
1376740544,11,11
1376740978,10,12
1376741582,10,12
1376742186,10,12
1376742790,10,12
1376742951,9,13
1376743555,9,13
1376744159,9,13
1376744763,9,13
1376745363,10,12
1376745696,8,14
1376745824,11,11
1376746081,12,10
1376746229,12,10
1376746251,12,10
1376746580,13,9
1376747184,13,9
1376747787,13,9
1376748105,12,10
1376748121,12,10
1376748626,13,9
1376749230,13,9
1376749839,13,9
1376750443,13,9
1376751048,13,9
1376751704,13,9
1376752308,13,9
1376752912,13,9
1376753260,13,8
1376753368,15,7
1376753972,15,7
1376753995,16,6
1376754599,16,6
1376755203,16,6
1376755807,16,6
1376756412,16,6
1376756639,15,7
1376757244,15,7
1376757308,16,6
1376757912,16,6
1376758063,16,6
1376758071,17,5
1376758543,17,5
1376758588,18,3
1376759197,18,4
1376759318,18,3
1376759380,18,3
1376759444,18,3
1376759498,19,3
1376759576,18,4
1376760180,18,4
1376760784,18,4
1376761348,17,5
1376761952,17,5
1376762265,16,6
1376762869,16,6
1376763473,16,6
1376764005,14,8
1376764610,14,8
1376765214,14,8
1376765817,14,8
1376766421,14,8
1376767025,14,8
1376767628,14,8
1376768232,14,8
1376768836,14,8
1376769440,14,8
1376770044,14,8
1376770418,15,7
1376771022,15,7
1376771625,15,7
1376771842,14,8
1376772446,14,8
1376773050,14,8
1376773653,14,8
1376774257,14,8
1376774861,14,8
1376775465,14,8
1376776068,14,8
1376776672,14,8
1376777277,14,8
1376777881,14,8
1376778484,14,8
1376779088,14,8
1376779133,13,9
1376779225,12,10
1376779296,13,9
1376779309,13,9
1376779425,15,7
1376779481,16,6
1376780085,16,6
1376780689,16,6
1376781215,17,5
1376781819,17,5
1376782072,16,6
1376782676,16,6
1376783280,16,6
1376783884,16,6
1376784488,16,6
1376785097,16,6
1376785478,15,7
1376786082,15,7
1376786686,15,7
1376787291,15,7
1376787894,15,7
1376788167,15,7
1376788771,15,7
1376789375,15,7
1376789979,15,7
1376790582,15,7
1376791164,15,7
1376791196,15,7
1376791799,15,7
1376792403,15,7
1376793007,15,7
1376793138,14,8
1376793743,14,8
1376794346,14,8
1376794950,14,8
1376795554,14,8
1376796158,14,8
1376796761,14,8
1376797365,14,8
1376797969,14,8
1376798573,14,8
1376799176,14,8
1376799780,14,8
1376800384,14,8
1376800988,14,8
1376801591,14,8
1376802196,14,8
1376802800,14,8
1376803404,14,8
1376804007,14,8
1376804611,14,8
1376805215,14,8
1376805819,14,8
1376806422,14,8
1376807026,14,8
1376807630,14,8
1376808235,14,8
1376808839,14,8
1376809443,14,8
1376810015,14,8
1376810042,13,9
1376810442,13,9
1376810489,13,9
1376811093,13,9
1376811697,13,9
1376812168,12,10
1376812230,12,10
1376812279,12,10
1376812325,13,9
1376812930,13,9
1376813145,13,9
1376813180,13,9
1376813783,13,9
1376814387,13,9
1376814549,12,10
1376815153,12,10
1376815758,12,10
1376816257,11,11
1376816861,11,11
1376817406,11,11
1376817414,12,10
1376818019,12,10
1376818316,11,11
1376818513,12,10
1376818836,13,9
1376819440,13,9
1376820045,13,9
1376820294,12,10
1376820891,11,11
1376821495,11,11
1376822099,11,11
1376822615,12,10
1376823219,12,10
1376823641,11,11
1376824245,11,11
1376824544,12,10
1376824855,11,11
1376825459,11,11
1376825889,10,12
1376826493,10,12
1376826824,9,13
1376827428,9,13
1376828032,9,13
1376828635,9,13
1376829239,9,13
1376829843,9,13
1376830355,8,14
1376830959,8,14
1376831138,7,15
1376831742,7,15
1376832347,7,15
1376832549,5,17
