1376208495,23,7
1376208864,24,6
1376208996,25,5
1376209600,25,5
1376210203,25,5
1376210807,25,5
1376211410,25,5
1376212014,25,5
1376212617,25,5
1376213221,25,5
1376213825,25,5
1376214428,25,5
1376214698,24,6
1376215302,24,6
1376215906,24,6
1376216509,24,6
1376216778,25,5
1376217381,25,5
1376217985,25,5
1376218588,25,5
1376219192,25,5
1376219795,25,5
1376220399,25,5
1376221002,25,5
1376221606,25,5
1376222210,25,5
1376222336,26,4
1376222939,26,4
1376223543,26,4
1376224146,26,4
1376224750,26,4
1376225354,26,4
1376225957,26,4
1376226021,27,3
1376226625,27,3
1376226683,27,3
1376226717,28,2
1376227321,28,2
1376227924,28,2
1376228528,28,2
1376229031,29,1
1376229634,29,1
1376230238,29,1
1376230841,29,1
1376231445,29,1
1376232048,29,1
1376232303,28,2
1376232395,29,1
1376232999,29,1
1376233588,28,2
1376233608,28,2
1376233791,28,2
1376233896,28,2
1376233952,28,2
1376233990,29,1
1376234594,29,1
1376235069,28,2
1376235672,28,2
1376236276,28,2
1376236879,28,2
1376237483,28,2
1376238086,28,2
1376238562,28,2
1376238629,28,2
1376239174,29,1
1376239778,29,1
1376240074,28,2
1376240677,28,2
1376240755,29,1
1376240849,27,3
1376241452,27,3
1376242056,27,3
1376242659,27,3
1376243263,27,3
1376243866,27,3
1376244470,27,3
1376245073,27,3
1376245677,27,3
1376245952,28,2
1376246556,28,2
1376246773,27,3
1376247339,26,4
1376247357,24,6
1376247961,24,6
1376248564,24,6
1376249168,24,6
1376249771,24,6
1376250375,24,6
1376250978,24,6
1376251582,24,6
1376252185,24,6
1376252789,24,6
1376253038,22,8
1376253641,22,8
1376254244,22,8
1376254848,22,8
1376255452,22,8
1376256055,22,8
1376256659,22,8
1376257262,22,8
1376257866,22,8
1376258469,22,8
1376259073,22,8
1376259676,22,8
1376260280,22,8
1376260884,22,8
1376261487,22,8
1376262090,22,8
1376262694,22,8
1376263298,22,8
1376263549,21,9
1376264153,21,9
1376264756,21,9
1376265360,21,9
1376265963,21,9
1376266567,21,9
1376267171,21,9
1376267774,21,9
1376268378,21,9
1376268981,21,9
1376269585,21,9
1376270188,21,9
1376270414,21,9
1376271018,21,9
1376271621,21,9
1376272225,21,9
1376272828,21,9
1376273432,21,9
1376274035,21,9
1376274638,21,9
1376275242,21,9
1376275846,21,9
1376276449,21,9
1376277053,21,9
1376277656,21,9
1376278260,21,9
1376278702,22,8
1376279305,22,8
1376279909,22,8
1376280512,22,8
1376281116,22,8
1376281719,22,8
1376282323,22,8
1376282926,22,8
1376283580,23,7
1376284183,23,7
1376284787,23,7
1376285390,23,7
1376285651,24,6
1376286255,24,6
1376286858,24,6
1376287182,24,6
1376287191,25,5
1376287682,24,6
1376288143,25,5
1376288145,26,4
1376288749,26,4
1376289352,26,4
1376289956,26,4
1376290240,26,4
1376290844,26,4
1376291447,26,4
1376291613,27,3
1376292216,27,3
1376292820,27,3
1376293118,28,2
1376293662,28,2
1376293670,29,1
1376294274,29,1
1376294877,29,1
1376295481,29,1
1376296084,29,1
1376296688,29,1
1376297291,29,1
1376297895,29,1
1376298410,28,2
1376299014,28,2
1376299327,29,1
1376299930,29,1
1376300534,29,1
1376301138,29,1
1376301741,29,1
1376302153,28,2
1376302757,28,2
1376303360,28,2
1376303963,28,2
1376304567,28,2
1376305171,28,2
1376305774,28,2
1376306377,28,2
1376306666,27,3
1376306734,28,2
1376307338,28,2
1376307668,29,1
1376308271,29,1
1376308705,30,0
1376309308,30,0
1376309911,30,0
1376310515,30,0
1376310768,29,1
1376311372,29,1
1376311549,28,2
1376312153,28,2
1376312443,26,4
1376312469,23,7
1376312546,21,9
1376313150,21,9
1376313753,21,9
1376314357,21,9
1376314502,20,10
1376315106,20,10
1376315709,20,10
1376316299,20,10
1376316378,20,10
1376316411,21,9
1376317015,21,9
1376317618,21,9
1376318192,21,9
1376318795,21,9
1376319398,21,9
1376319447,22,8
1376319876,22,8
1376319904,23,7
1376320507,23,7
1376320897,24,6
1376320941,24,6
1376321545,24,6
1376321796,25,5
1376322077,24,6
1376322680,24,6
1376323115,23,7
1376323718,23,7
1376324322,23,7
1376324489,24,6
1376324573,25,5
1376324863,23,7
1376325466,23,7
1376326070,23,7
1376326193,22,8
1376326517,21,9
1376326940,22,8
1376327544,22,8
1376328147,22,8
1376328548,22,8
1376328624,22,8
1376328695,22,8
1376328733,22,8
1376328815,22,8
1376329419,22,8
1376330022,22,8
1376330264,22,8
1376330298,23,7
1376330624,24,6
1376330633,25,5
1376331040,26,4
1376331313,27,3
1376331916,27,3
1376332520,27,3
1376333123,27,3
1376333727,27,3
1376333978,26,4
1376333989,26,4
1376334592,26,4
1376335196,26,4
1376335799,26,4
1376336107,25,5
1376336711,25,5
1376337314,25,5
1376337522,26,4
1376338126,26,4
1376338729,26,4
1376339333,26,4
1376339936,26,4
1376340540,26,4
1376341143,26,4
1376341242,26,4
1376341846,26,4
1376342449,26,4
1376343053,26,4
1376343656,26,4
1376344260,26,4
1376344864,26,4
1376345017,25,5
1376345461,24,6
1376346065,24,6
1376346109,23,7
1376346712,23,7
1376347316,23,7
1376347919,23,7
1376348210,22,8
1376348814,22,8
1376349417,22,8
1376350021,22,8
1376350625,22,8
1376351228,22,8
1376351831,22,8
1376352435,22,8
1376353039,22,8
1376353229,21,9
1376353303,21,9
1376353344,21,9
1376353379,22,8
1376353982,22,8
1376354585,22,8
1376355189,22,8
1376355793,22,8
1376356396,22,8
1376356812,22,8
1376357415,22,8
1376358019,22,8
1376358622,22,8
1376359226,22,8
1376359830,22,8
1376360433,22,8
1376361037,22,8
1376361640,22,8
1376362244,22,8
1376362847,22,8
1376363451,22,8
1376364054,22,8
1376364658,22,8
1376365261,22,8
1376365865,22,8
1376366469,22,8
1376367072,22,8
1376367675,22,8
1376368279,22,8
1376368883,22,8
1376369486,22,8
1376370090,22,8
1376370693,22,8
1376371297,22,8
1376371900,22,8
1376372080,22,8
1376372087,23,7
1376372225,24,6
1376372828,24,6
1376373432,24,6
1376374003,24,6
1376374010,25,5
1376374613,25,5
1376374843,26,4
1376375134,27,3
1376375193,26,4
1376375229,27,3
1376375832,27,3
1376376436,27,3
1376377058,27,3
1376377066,28,2
1376377670,28,2
1376378274,28,2
1376378851,28,2
1376378880,28,2
1376378948,28,2
1376379026,28,2
1376379629,28,2
1376380233,28,2
1376380837,28,2
1376381440,28,2
1376382044,28,2
1376382648,28,2
1376383251,28,2
1376383855,28,2
1376384458,28,2
1376385062,28,2
1376385665,28,2
1376386269,28,2
1376386401,28,2
1376387005,28,2
1376387609,28,2
1376388212,28,2
1376388816,28,2
1376389419,28,2
1376390023,28,2
1376390627,28,2
1376391230,28,2
1376391833,28,2
1376392437,28,2
1376393040,28,2
1376393644,28,2
1376394248,28,2
1376394851,28,2
1376395455,28,2
1376396058,28,2
1376396662,28,2
1376397015,27,3
1376397619,27,3
1376398222,27,3
1376398826,27,3
1376399430,27,3
1376400033,27,3
1376400636,27,3
1376401239,27,3
1376401843,27,3
1376402447,27,3
1376402699,28,2
1376403302,28,2
1376403906,28,2
1376404184,29,1
1376404186,28,2
1376404790,28,2
1376405393,28,2
1376405997,28,2
1376406600,28,2
1376407204,28,2
1376407807,28,2
1376408411,28,2
1376409014,28,2
1376409079,27,3
1376409682,27,3
1376409891,26,4
1376409989,25,5
1376410152,24,6
1376410218,24,6
1376410301,24,6
1376410358,25,5
1376410962,25,5
1376411565,25,5
1376412168,25,5
1376412814,24,6
1376413418,24,6
1376413464,23,7
1376413507,23,7
1376414008,22,8
1376414612,22,8
1376414832,23,7
1376414905,23,7
1376414964,23,7
1376414996,24,6
1376415385,25,5
1376415988,25,5
1376416593,25,5
1376417196,25,5
1376417800,25,5
1376418404,25,5
1376418703,24,6
1376419306,24,6
1376419892,24,6
1376419961,24,6
1376420019,24,6
1376420051,25,5
1376420592,24,6
1376421195,24,6
1376421799,24,6
1376422402,24,6
1376423006,24,6
1376423609,24,6
1376424213,24,6
1376424816,24,6
1376425420,24,6
1376426024,24,6
1376426627,24,6
1376427230,24,6
1376427834,24,6
1376428025,22,8
1376428568,21,9
1376428665,21,9
1376428720,22,8
1376429324,22,8
1376429891,21,9
1376430494,21,9
1376430633,20,10
1376431237,20,10
1376431841,20,10
1376431943,19,11
1376432553,20,10
1376433156,20,10
1376433760,20,10
1376434363,20,10
1376434967,20,10
1376435570,20,10
1376436174,20,10
1376436777,20,10
1376437381,20,10
1376437762,19,11
1376438365,19,11
1376438969,19,11
1376439572,19,11
1376440176,19,11
1376440780,19,11
1376441383,19,11
1376441987,19,11
1376442590,19,11
1376443214,19,11
1376443818,19,11
1376444421,19,11
1376445025,19,11
1376445628,19,11
1376446232,19,11
1376446836,19,11
1376447439,19,11
1376448043,19,11
1376448646,19,11
1376449250,19,11
1376449853,19,11
1376450457,19,11
1376451061,19,11
1376451664,19,11
1376452292,20,10
1376452338,20,10
1376452942,20,10
1376453545,20,10
1376454149,20,10
1376454752,20,10
1376455356,20,10
1376455960,20,10
1376456563,20,10
1376457168,20,10
1376457772,20,10
1376458375,20,10
1376458979,20,10
1376459258,21,9
1376459369,22,8
1376459973,22,8
1376460157,23,7
1376460461,24,6
1376460493,24,6
1376460561,24,6
1376460595,25,5
1376460683,24,6
1376460758,25,5
1376461361,25,5
1376461422,26,4
1376461466,25,5
1376461519,26,4
1376462123,26,4
1376462726,26,4
1376463330,26,4
1376463934,26,4
1376464424,25,5
1376464426,26,4
1376465030,26,4
1376465633,26,4
1376466237,26,4
1376466298,27,3
1376466901,27,3
1376467495,26,4
1376467624,27,3
1376468228,27,3
1376468491,26,4
1376469095,26,4
1376469697,26,4
1376470300,26,4
1376470535,27,3
1376471139,27,3
1376471742,27,3
1376472345,27,3
1376472621,27,3
1376473225,27,3
1376473829,27,3
1376474016,27,3
1376474084,27,2
1376474112,28,2
1376474715,28,2
1376474783,27,3
1376475387,27,3
1376475742,28,2
1376475927,29,1
1376476530,29,1
1376477134,29,1
1376477738,29,1
1376478341,29,1
1376478945,29,1
1376479548,29,1
1376480152,29,1
1376480755,29,1
1376481359,29,1
1376481962,29,1
1376482566,29,1
1376483169,29,1
1376483773,29,1
1376484306,28,2
1376484909,28,2
1376485513,28,2
1376486116,28,2
1376486425,29,1
1376487028,29,1
1376487632,29,1
1376487833,28,2
1376488436,28,2
1376489040,28,2
1376489643,28,2
1376490247,28,2
1376490851,28,2
1376490953,27,3
1376491556,27,3
1376491985,28,2
1376492260,29,1
1376492863,29,1
1376493467,29,1
1376494071,29,1
1376494674,29,1
1376495278,29,1
1376495881,29,1
1376496484,29,1
1376496544,28,2
1376497148,28,2
1376497278,29,1
1376497882,29,1
1376498486,29,1
1376499089,29,1
1376499692,29,1
1376500250,28,2
1376500421,29,1
1376500880,28,2
1376501484,28,2
1376502088,28,2
1376502691,28,2
1376503194,29,1
1376503798,29,1
1376504401,29,1
1376505005,29,1
1376505203,28,2
1376505807,28,2
1376506410,28,2
1376506474,27,3
1376507078,27,3
1376507681,27,3
1376508285,27,3
1376508888,27,3
1376509227,28,2
1376509831,28,2
1376510434,28,2
1376511038,28,2
1376511641,28,2
1376512245,28,2
1376512848,28,2
1376513452,28,2
1376514056,28,2
1376514660,28,2
1376515263,28,2
1376515867,28,2
1376516470,28,2
1376517073,28,2
1376517677,28,2
1376518280,28,2
1376518884,28,2
1376519488,28,2
1376519795,27,3
1376520398,27,3
1376520873,28,2
1376521476,28,2
1376522080,28,2
1376522684,28,2
1376523287,28,2
1376523891,28,2
1376524494,28,2
1376525097,28,2
1376525701,28,2
1376526305,28,2
1376526909,28,2
1376527512,28,2
1376527573,27,3
1376528177,27,3
1376528780,27,3
1376529384,27,3
1376529705,27,3
1376530308,27,3
1376530911,27,3
1376531515,27,3
1376532119,27,3
1376532722,27,3
1376533325,27,3
1376533929,27,3
1376534532,27,3
1376535136,27,3
1376535740,27,3
1376536343,27,3
1376536947,27,3
1376537550,27,3
1376538154,27,3
1376538757,27,3
1376539361,27,3
1376539964,27,3
1376540568,27,3
1376541172,27,3
1376541775,27,3
1376542378,27,3
1376542982,27,3
1376543586,27,3
1376544189,27,3
1376544793,27,3
1376545396,27,3
1376546000,27,3
1376546603,27,3
1376547207,27,3
1376547810,27,3
1376548104,28,2
1376548708,28,2
1376549312,28,2
1376549915,28,2
1376550519,28,2
1376551122,28,2
1376551726,28,2
1376552329,28,2
1376552933,28,2
1376553537,28,2
1376554140,28,2
1376554743,28,2
1376555348,28,2
1376555951,28,2
1376556555,28,2
1376557158,28,2
1376557762,28,2
1376558365,28,2
1376558969,28,2
1376559572,28,2
1376560176,28,2
1376560780,28,2
1376561383,28,2
1376561986,28,2
1376562590,28,2
1376563194,28,2
1376563797,28,2
1376564138,27,3
1376564741,27,3
1376565345,27,3
1376565416,26,4
1376566019,26,4
1376566291,25,5
1376566894,25,5
1376567497,25,5
1376568101,25,5
1376568705,25,5
1376569182,25,5
1376569241,27,3
1376569595,26,4
1376569658,26,4
1376569724,26,4
1376569754,27,3
1376570357,27,3
1376570961,27,3
1376571493,27,3
1376571537,28,2
1376571596,27,3
1376572002,27,3
1376572035,28,2
1376572639,28,2
1376573242,28,2
1376573284,26,4
1376573887,26,4
1376574462,27,3
1376574468,28,2
1376575072,28,2
1376575630,26,4
1376576233,26,4
1376576528,28,2
1376577131,28,2
1376577202,28,2
1376577282,28,2
1376577337,28,2
1376577351,28,2
1376577447,28,2
1376577791,26,4
1376577934,25,5
1376578537,25,5
1376579141,25,5
1376579745,25,5
1376580028,25,5
1376580059,25,5
1376580341,25,5
1376580523,26,4
1376581127,26,4
1376581382,26,4
1376581655,27,3
1376581707,27,3
1376581775,28,2
1376582378,28,2
1376582982,28,2
1376583585,28,2
1376584189,28,2
1376584372,27,3
1376584829,25,5
1376585254,26,4
1376585858,26,4
1376586213,27,3
1376586817,27,3
1376587145,28,2
1376587748,28,2
1376588352,28,2
1376588955,28,2
1376589559,28,2
1376590162,28,2
1376590474,28,2
1376591077,28,2
1376591681,28,2
1376592284,28,2
1376592888,28,2
1376593492,28,2
1376594095,28,2
1376594698,28,2
1376595302,28,2
1376595906,28,2
1376596509,28,2
1376597112,28,2
1376597716,28,2
1376598320,28,2
1376598923,28,2
1376599527,28,2
1376600130,28,2
1376600733,28,2
1376601245,27,3
1376601382,28,2
1376601985,28,2
1376602446,27,3
1376603055,26,4
1376603659,26,4
1376604262,26,4
1376604866,26,4
1376605469,26,4
1376606073,26,4
1376606677,26,4
1376607280,26,4
1376607884,26,4
1376608487,26,4
1376609091,26,4
1376609694,26,4
1376610298,26,4
1376610901,26,4
1376611505,26,4
1376612108,26,4
1376612712,26,4
1376613315,26,4
1376613919,26,4
1376614522,26,4
1376615126,26,4
1376615730,26,4
1376616011,26,4
1376616614,26,4
1376617217,26,4
1376617821,26,4
1376618425,26,4
1376619028,26,4
1376619632,26,4
1376620235,26,4
1376620839,26,4
1376621442,26,4
1376622046,26,4
1376622649,26,4
1376623253,26,4
1376623856,26,4
1376624460,26,4
1376625063,26,4
1376625667,26,4
1376626271,26,4
1376626874,26,4
1376627478,26,4
1376628081,26,4
1376628685,26,4
1376629289,26,4
1376629892,26,4
1376630496,26,4
1376631100,26,4
1376631703,26,4
1376632306,26,4
1376632835,27,3
1376632993,28,2
1376633596,28,2
1376634200,28,2
1376634803,28,2
1376635406,28,2
1376636010,28,2
1376636614,28,2
1376637217,28,2
1376637821,28,2
1376638424,28,2
1376639028,28,2
1376639631,28,2
1376640235,28,2
1376640838,28,2
1376641442,28,2
1376642045,28,2
1376642649,28,2
1376643252,28,2
1376643856,28,2
1376644460,28,2
1376645063,28,2
1376645667,28,2
1376646270,28,2
1376646874,28,2
1376647477,28,2
1376648081,28,2
1376648684,28,2
1376649288,28,2
1376649425,27,3
1376649781,26,4
1376650385,26,4
1376650542,26,4
1376650552,27,3
1376650718,26,4
1376650935,25,5
1376651499,25,5
1376651507,26,4
1376652111,26,4
1376652714,26,4
1376653159,26,4
1376653243,26,4
1376653272,27,3
1376653573,28,2
1376654177,28,2
1376654780,28,2
1376655103,28,2
1376655133,27,3
1376655265,27,3
1376655869,27,3
1376655963,28,2
1376656566,28,2
1376657170,28,2
1376657774,28,2
1376658378,28,2
1376658981,28,2
1376659585,28,2
1376660188,28,2
1376660648,27,3
1376661252,27,3
1376661439,27,3
1376661477,28,2
1376662080,28,2
1376662684,28,2
1376663287,28,2
1376663891,28,2
1376664494,28,2
1376665098,28,2
1376665702,28,2
1376666305,28,2
1376666909,28,2
1376667512,28,2
1376668116,28,2
1376668719,28,2
1376668870,27,3
1376669441,25,5
1376670045,25,5
1376670648,25,5
1376670737,26,4
1376671340,26,4
1376671644,27,3
1376672221,26,4
1376672385,26,4
1376672414,28,2
1376672782,27,3
1376673386,27,3
1376673765,25,5
1376673775,25,5
1376674378,25,5
1376674981,25,5
1376675585,25,5
1376676188,25,5
1376676792,25,5
1376676917,24,6
1376677521,24,6
1376678125,24,6
1376678375,25,5
1376678979,25,5
1376679582,25,5
1376680186,25,5
1376680789,25,5
1376681393,25,5
1376681996,25,5
1376682623,25,5
1376682702,25,5
1376682745,27,3
1376683348,27,3
1376683951,27,3
1376684555,27,3
1376685159,27,3
1376685438,28,2
1376686042,28,2
1376686645,28,2
1376687249,28,2
1376687852,28,2
1376688456,28,2
1376689059,28,2
1376689663,28,2
1376690267,28,2
1376690870,28,2
1376691162,27,3
1376691765,27,3
1376692369,27,3
1376692973,27,3
1376693143,26,4
1376693746,26,4
1376694357,25,5
1376694961,25,5
1376695564,25,5
1376696168,25,5
1376696772,25,5
1376697375,25,5
1376697855,24,6
1376697909,23,7
1376698513,23,7
1376699116,23,7
1376699720,23,7
1376700323,23,7
1376700927,23,7
1376701530,23,7
1376702134,23,7
1376702444,23,7
1376702537,23,7
1376703141,23,7
1376703745,23,7
1376704348,23,7
1376704952,23,7
1376705555,23,7
1376706159,23,7
1376706762,23,7
1376707366,23,7
1376707969,23,7
1376708573,23,7
1376709176,23,7
1376709780,23,7
1376710383,23,7
1376710987,23,7
1376711325,23,7
1376711334,24,6
1376711937,24,6
1376712540,24,6
1376713144,24,6
1376713748,24,6
1376714351,24,6
1376714955,24,6
1376715558,24,6
1376716162,24,6
1376716765,24,6
1376717369,24,6
1376717972,24,6
1376718576,24,6
1376719179,24,6
1376719783,24,6
1376720387,24,6
1376720990,24,6
1376721593,24,6
1376722198,24,6
1376722801,24,6
1376723405,24,6
1376724008,24,6
1376724633,25,5
1376725236,25,5
1376725840,25,5
1376726443,25,5
1376726549,26,4
1376727152,26,4
1376727756,26,4
1376728359,26,4
1376728963,26,4
1376729566,26,4
1376730170,26,4
1376730773,26,4
1376731377,26,4
1376731461,26,4
1376731515,27,3
1376731889,28,2
1376732481,27,3
1376733084,27,3
1376733536,28,2
1376733659,27,3
1376734262,27,3
1376734866,27,3
1376735469,27,3
1376735955,26,4
1376736028,26,4
1376736252,27,3
1376736856,27,3
1376737459,27,3
1376737623,26,4
1376738227,26,4
1376738323,26,4
1376738356,28,2
1376738858,28,2
1376738923,28,2
1376738928,28,2
1376739531,28,2
1376740135,28,2
1376740738,28,2
1376741265,27,3
1376741745,27,3
1376741747,26,4
1376742046,27,3
1376742097,27,2
1376742117,28,2
1376742581,27,3
1376742614,27,3
1376743218,27,3
1376743821,27,3
1376744140,27,3
1376744743,27,3
1376745032,27,3
1376745071,28,2
1376745674,28,2
1376745824,27,3
1376745885,27,3
1376745921,22,8
1376746525,22,8
1376746940,23,7
1376747543,23,7
1376748147,23,7
1376748505,24,6
1376748643,24,6
1376748650,25,5
1376748761,25,5
1376748874,26,4
1376749477,26,4
1376749526,26,4
1376749558,27,3
1376750161,27,3
1376750765,27,3
1376751368,27,3
1376751443,27,3
1376751561,27,3
1376751653,28,2
1376752256,28,2
1376752860,28,2
1376753463,28,2
1376754067,28,2
1376754670,28,2
1376755274,28,2
1376755878,28,2
1376756481,28,2
1376757084,28,2
1376757688,28,2
1376758291,28,2
1376758895,28,2
1376759499,28,2
1376759597,27,3
1376760200,27,3
1376760804,27,3
1376761407,27,3
1376762011,27,3
1376762609,28,2
1376763020,27,3
1376763186,28,2
1376763789,28,2
1376763955,27,3
1376764558,27,3
1376765162,27,3
1376765765,27,3
1376766102,27,3
1376766111,28,2
1376766714,28,2
1376767317,28,2
1376767924,28,2
1376768528,28,2
1376769135,28,2
1376769739,28,2
1376770343,28,2
1376770946,28,2
1376771550,28,2
1376772153,28,2
1376772757,28,2
1376773361,28,2
1376773964,28,2
1376774568,28,2
1376775171,28,2
1376775775,28,2
1376776378,28,2
1376776982,28,2
1376777586,28,2
1376778189,28,2
1376778823,27,3
1376779426,27,3
1376780030,27,3
1376780634,27,3
1376781237,27,3
1376781841,27,3
1376782444,27,3
1376783048,27,3
1376783652,27,3
1376784255,27,3
1376784859,27,3
1376785462,27,3
1376786065,27,3
1376786669,27,3
1376787273,27,3
1376787876,27,3
1376788480,27,3
1376788812,27,3
1376789415,27,3
1376790018,27,3
1376790622,27,3
1376791226,27,3
1376791829,27,3
1376792433,27,3
1376793036,27,3
1376793640,27,3
1376794243,27,3
1376794847,27,3
1376795450,27,3
1376796054,27,3
1376796657,27,3
1376797260,27,3
1376797863,27,3
1376798467,27,3
1376799071,27,3
1376799674,27,3
1376800278,27,3
1376800881,27,3
1376801200,26,4
1376801803,26,4
1376802407,26,4
1376803010,26,4
1376803614,26,4
1376804217,26,4
1376804821,26,4
1376805424,26,4
1376806028,26,4
1376806631,26,4
1376807235,26,4
1376807838,26,4
1376808442,26,4
1376809046,26,4
1376809650,26,4
1376810254,26,4
1376810857,26,4
1376811461,26,4
1376812064,26,4
1376812669,26,4
1376813272,26,4
1376813876,26,4
1376814480,26,4
1376815083,26,4
1376815611,25,5
1376816214,25,5
1376816819,25,5
1376817422,25,5
1376818036,26,4
1376818640,26,4
1376818766,25,5
1376819369,25,5
1376819435,26,4
1376820039,26,4
1376820623,25,5
1376821225,25,5
1376821829,25,5
1376822172,26,4
1376822775,26,4
1376822864,26,4
1376822872,27,3
1376823476,27,3
1376824080,27,3
1376824166,28,2
1376824769,28,2
1376825373,28,2
1376825977,28,2
1376826580,28,2
1376827184,28,2
1376827787,28,2
1376828391,28,2
1376828994,28,2
1376829598,28,2
1376829914,27,3
1376830517,27,3
1376830942,26,4
1376831276,27,3
1376831879,27,3
1376832483,27,3
