1376208497,39,5
1376209101,39,5
1376209705,39,5
1376209899,40,4
1376210307,40,4
1376210374,40,4
1376210433,40,4
1376210954,39,5
1376211043,39,5
1376211102,40,4
1376211105,41,3
1376211276,42,2
1376211336,43,1
1376211348,43,1
1376211951,43,1
1376212117,43,1
1376212695,44,0
1376213299,44,0
1376213903,44,0
1376214506,44,0
1376215110,44,0
1376215713,44,0
1376216317,44,0
1376216921,44,0
1376217091,44,0
1376217695,44,0
1376217943,42,2
1376218003,43,1
1376218010,44,0
1376218073,44,0
1376218676,44,0
1376219280,44,0
1376219502,43,1
1376219913,44,0
1376220330,44,0
1376220392,44,0
1376220407,44,0
1376221010,44,0
1376221614,44,0
1376222119,42,2
1376222542,42,2
1376222767,43,1
1376223370,43,1
1376223594,42,2
1376224197,42,2
1376224423,42,2
1376224431,43,1
1376224943,44,0
1376225547,44,0
1376226151,44,0
1376226754,44,0
1376227056,43,1
1376227121,43,1
1376227178,43,1
1376227228,43,1
1376227261,43,1
1376227315,43,1
1376227953,43,1
1376228006,44,0
1376228610,44,0
1376229214,44,0
1376229809,44,0
1376229830,44,0
1376230434,44,0
1376230839,43,1
1376231338,41,3
1376231500,42,2
1376232103,42,2
1376232505,42,2
1376232577,42,2
1376232736,42,2
1376233339,42,2
1376233943,42,2
1376234546,42,2
1376235161,42,2
1376235487,40,4
1376235644,40,4
1376235659,42,2
1376235822,43,1
1376235834,42,2
1376235992,41,3
1376236090,42,2
1376236694,42,2
1376236842,41,3
1376236868,42,2
1376237472,42,2
1376238034,43,1
1376238275,43,1
1376238287,44,0
1376238891,44,0
1376239495,44,0
1376239575,44,0
1376239798,42,2
1376240403,42,2
1376240698,43,1
1376240921,42,2
1376240946,40,4
1376241023,39,5
1376241124,38,6
1376241475,39,5
1376241676,41,3
1376241759,42,2
1376242362,42,2
1376242422,42,2
1376242427,42,2
1376242723,41,3
1376243326,41,3
1376243439,42,2
1376243862,41,3
1376243888,36,8
1376244312,37,7
1376244915,37,7
1376245445,36,8
1376245540,35,9
1376246071,35,9
1376246120,35,9
1376246198,35,9
1376246225,36,8
1376246339,37,7
1376246677,36,8
1376247086,36,8
1376247132,36,8
1376247167,35,9
1376247374,36,8
1376247631,36,8
1376247676,38,6
1376248280,38,6
1376248883,38,6
1376249487,38,6
1376250091,38,6
1376250694,38,6
1376251298,38,6
1376251576,37,7
1376252179,37,7
1376252694,36,8
1376253127,37,7
1376253731,37,7
1376254072,37,7
1376254165,37,7
1376254240,38,6
1376254336,39,5
1376254766,38,6
1376254904,38,6
1376254906,37,7
1376255263,34,10
1376255272,33,11
1376255375,33,11
1376255979,33,11
1376256583,33,11
1376257227,34,10
1376257735,33,11
1376258263,32,12
1376258284,32,12
1376258886,31,13
1376259490,31,13
1376260093,31,13
1376260697,31,13
1376261301,31,13
1376261904,31,13
1376262508,31,13
1376263111,31,13
1376263715,31,13
1376264319,31,13
1376264922,31,13
1376265464,31,13
1376265467,30,14
1376266070,30,14
1376266674,30,14
1376267277,30,14
1376267881,30,14
1376268192,29,15
1376268796,29,15
1376269399,29,15
1376270003,29,15
1376270607,29,15
1376271210,29,15
1376271639,29,15
1376271889,28,16
1376272492,28,16
1376273096,28,16
1376273699,28,16
1376274303,28,16
1376274906,28,16
1376275510,28,16
1376276114,28,16
1376276717,28,16
1376277321,28,16
1376277925,28,16
1376278528,28,16
1376279132,28,16
1376279735,28,16
1376280339,28,16
1376280942,29,15
1376281546,29,15
1376282150,29,15
1376282754,29,15
1376283358,29,15
1376283961,29,15
1376284076,30,14
1376284407,31,13
1376284438,32,12
1376285042,32,12
1376285645,32,12
1376286024,33,11
1376286374,34,10
1376286743,35,9
1376287090,36,8
1376287244,36,8
1376287283,37,7
1376287541,37,7
1376287550,38,6
1376287688,38,6
1376287778,38,6
1376287807,39,5
1376288411,39,5
1376288773,40,4
1376288970,41,3
1376289147,40,4
1376289222,41,3
1376289225,42,2
1376289499,43,1
1376289800,44,0
1376290403,44,0
1376291007,44,0
1376291610,44,0
1376291857,45,0
1376291922,46,0
1376291929,45,1
1376292044,47,0
1376292065,48,1
1376292206,49,0
1376292244,49,0
1376292848,49,0
1376293234,48,1
1376293498,47,2
1376294102,47,2
1376294484,48,1
1376295088,48,1
1376295691,48,1
1376296295,48,1
1376296604,48,1
1376296629,49,0
1376297232,49,0
1376297836,49,0
1376298439,49,0
1376298756,48,1
1376298784,48,1
1376299387,48,1
1376300005,47,2
1376300609,47,2
1376301213,47,2
1376301450,48,1
1376301776,49,0
1376301943,48,1
1376301946,48,1
1376302424,47,2
1376302455,48,1
1376303005,48,1
1376303068,48,1
1376303095,48,1
1376303699,48,1
1376303802,49,0
1376304406,49,0
1376305009,49,0
1376305614,49,0
1376306217,49,0
1376306664,48,1
1376307268,48,1
1376307304,49,0
1376307908,49,0
1376308512,49,0
1376309115,49,0
1376309248,49,0
1376309852,49,0
1376310455,49,0
1376310815,48,1
1376311298,47,2
1376311385,48,1
1376311989,48,1
1376312592,48,1
1376312830,49,0
1376313434,49,0
1376314037,49,0
1376314594,48,1
1376315080,47,2
1376315089,46,3
1376315214,45,4
1376315493,45,4
1376315543,46,3
1376315619,47,2
1376315935,48,1
1376316539,48,1
1376317143,48,1
1376317462,49,0
1376317802,48,1
1376318022,47,2
1376318077,49,0
1376318681,49,0
1376318688,48,1
1376318811,47,2
1376319097,48,1
1376319701,48,1
1376319845,49,0
1376320449,49,0
1376320663,49,0
1376320677,48,1
1376320878,48,1
1376320963,48,1
1376321044,49,0
1376321648,49,0
1376322025,48,1
1376322244,49,0
1376322488,48,1
1376322577,48,1
1376322757,47,2
1376322770,46,3
1376323142,47,2
1376323634,48,1
1376323705,46,3
1376323746,45,4
1376324006,44,5
1376324233,43,6
1376324463,42,7
1376324791,42,7
1376324950,43,6
1376325116,44,5
1376325211,45,4
1376325280,45,4
1376325333,47,2
1376325761,48,1
1376325804,46,3
1376326012,45,4
1376326335,44,5
1376326938,44,5
1376327542,44,5
1376327736,44,5
1376327778,45,4
1376327864,45,4
1376327919,46,3
1376327947,47,2
1376328182,48,1
1376328277,48,1
1376328292,46,3
1376328368,47,2
1376328559,48,1
1376328589,49,0
1376328732,48,1
1376329060,48,1
1376329107,48,1
1376329214,48,1
1376329252,49,0
1376329672,48,1
1376330046,49,0
1376330209,48,1
1376330813,48,1
1376330903,46,3
1376331196,45,4
1376331419,46,3
1376332023,46,3
1376332340,47,2
1376332479,48,1
1376332615,47,2
1376332879,46,3
1376333483,46,3
1376333995,47,2
1376334185,46,3
1376334650,45,4
1376334742,44,5
1376334801,45,4
1376334840,44,5
1376335044,43,6
1376335093,42,7
1376335328,41,8
1376335931,41,8
1376336439,41,8
1376336499,42,7
1376336608,42,7
1376336650,43,6
1376337187,44,5
1376337791,44,5
1376338107,42,7
1376338168,42,7
1376338593,41,8
1376338979,42,7
1376339082,42,7
1376339084,41,8
1376339378,43,6
1376339982,43,6
1376340273,42,7
1376340877,42,7
1376341044,41,8
1376341647,41,8
1376342251,41,8
1376342857,41,8
1376342927,41,8
1376343530,41,8
1376344134,41,8
1376344197,40,9
1376344346,41,8
1376344525,40,9
1376345129,40,9
1376345742,41,8
1376345751,41,8
1376346398,40,9
1376346406,41,8
1376347010,41,8
1376347220,41,8
1376347824,41,8
1376348427,41,8
1376348480,40,9
1376349084,40,9
1376349159,38,11
1376349384,39,10
1376349987,39,10
1376350591,39,10
1376351194,39,10
1376351297,38,11
1376351901,38,11
1376352504,38,11
1376352559,39,10
1376353162,39,10
1376353766,39,10
1376354369,39,10
1376354973,39,10
1376355576,39,10
1376356180,39,10
1376356784,39,10
1376357387,39,10
1376357663,38,11
1376358038,38,11
1376358642,38,11
1376359246,38,11
1376359849,38,11
1376360453,38,11
1376361056,38,11
1376361660,38,11
1376362263,38,11
1376362867,38,11
1376363470,38,11
1376364074,38,11
1376364677,38,11
1376365281,38,11
1376365885,38,11
1376366488,38,11
1376367092,38,11
1376367298,39,10
1376367901,39,10
1376368505,39,10
1376368917,40,9
1376369520,40,9
1376370124,40,9
1376370379,41,8
1376370984,42,7
1376371588,42,7
1376371879,43,6
1376372482,43,6
1376372678,44,5
1376372923,44,5
1376372933,45,4
1376373212,44,5
1376373385,45,4
1376373718,46,3
1376373784,47,2
1376374387,47,2
1376374579,48,1
1376374757,49,0
1376375361,49,0
1376375964,49,0
1376376086,48,1
1376376139,48,1
1376376564,49,0
1376377167,49,0
1376377771,49,0
1376378374,49,0
1376378978,49,0
1376379582,49,0
1376380185,49,0
1376380789,49,0
1376380964,49,0
1376380967,48,1
1376381570,48,1
1376381928,47,2
1376382532,47,2
1376383135,47,2
1376383586,48,1
1376384190,48,1
1376384793,48,1
1376385397,48,1
1376385461,48,1
1376385604,48,1
1376385653,49,0
1376385833,48,1
1376386436,48,1
1376387040,48,1
1376387197,49,0
1376387801,49,0
1376388404,49,0
1376389008,49,0
1376389611,49,0
1376390052,48,1
1376390655,48,1
1376391259,48,1
1376391863,48,1
1376392466,48,1
1376393070,48,1
1376393673,48,1
1376394277,48,1
1376394619,49,0
1376395222,49,0
1376395826,49,0
1376396429,49,0
1376397033,49,0
1376397636,49,0
1376398240,49,0
1376398844,49,0
1376399447,49,0
1376400050,49,0
1376400257,49,0
1376400861,49,0
1376401465,49,0
1376402063,48,1
1376402166,48,1
1376402770,48,1
1376403205,49,0
1376403808,49,0
1376404412,49,0
1376404781,49,0
1376404817,49,0
1376404952,48,1
1376404981,47,2
1376405585,47,2
1376406188,47,2
1376406498,48,1
1376407102,48,1
1376407263,49,0
1376407899,47,2
1376407922,48,1
1376408259,48,1
1376408300,49,0
1376408903,49,0
1376409506,49,0
1376409785,48,1
1376410051,47,2
1376410136,48,1
1376410350,49,0
1376410794,48,1
1376411288,49,0
1376411858,48,1
1376411989,47,2
1376412179,46,3
1376412783,46,3
1376412969,45,4
1376413064,46,3
1376413073,47,2
1376413202,48,1
1376413351,48,1
1376413478,49,0
1376413841,48,1
1376414178,49,0
1376414662,48,1
1376414719,47,2
1376414754,46,3
1376415018,46,3
1376415622,46,3
1376416225,46,3
1376416654,48,1
1376416677,47,2
1376416776,48,1
1376417380,48,1
1376417481,47,2
1376417565,47,2
1376417588,48,1
1376417985,47,2
1376418239,48,1
1376418545,47,2
1376419149,47,2
1376419776,48,1
1376420380,48,1
1376420717,49,0
1376420791,48,1
1376420924,48,1
1376420926,49,0
1376421530,49,0
1376422134,49,0
1376422526,48,1
1376423130,48,1
1376423398,49,0
1376423617,48,1
1376424017,47,2
1376424403,45,4
1376424430,46,3
1376424975,47,2
1376425119,46,3
1376425185,46,3
1376425220,47,2
1376425824,47,2
1376425899,48,1
1376426007,47,2
1376426258,47,2
1376426268,48,1
1376426551,47,2
1376427154,47,2
1376427619,46,3
1376428223,46,3
1376428604,46,3
1376428631,46,3
1376429235,46,3
1376429843,45,4
1376430163,46,3
1376430411,45,4
1376431014,45,4
1376431617,45,4
1376432221,45,4
1376432335,44,5
1376432892,44,5
1376432930,45,4
1376433038,46,3
1376433097,45,4
1376433147,46,3
1376433187,46,3
1376433258,46,3
1376433305,47,2
1376433909,47,2
1376434512,47,2
1376435116,47,2
1376435719,47,2
1376436323,47,2
1376436926,47,2
1376437159,46,3
1376437410,47,2
1376437918,48,1
1376438522,48,1
1376439125,48,1
1376439729,48,1
1376440332,48,1
1376440936,48,1
1376441540,48,1
1376442143,48,1
1376442746,48,1
1376443350,48,1
1376443954,48,1
1376444440,48,1
1376445043,48,1
1376445647,48,1
1376446251,48,1
1376446854,48,1
1376447458,48,1
1376448088,48,1
1376448692,48,1
1376449295,48,1
1376449899,48,1
1376450502,48,1
1376451106,48,1
1376451710,48,1
1376452314,48,1
1376452917,48,1
1376453521,48,1
1376453739,48,1
1376453748,49,0
1376454352,49,0
1376454956,49,0
1376455559,49,0
1376456163,49,0
1376456635,49,0
1376457239,49,0
1376457843,49,0
1376458446,49,0
1376459050,49,0
1376459654,49,0
1376460257,49,0
1376460860,49,0
1376461190,48,1
1376461576,49,0
1376461870,48,1
1376462261,49,0
1376462865,49,0
1376463468,49,0
1376463580,48,1
1376464183,48,1
1376464721,49,0
1376465144,48,1
1376465158,49,0
1376465762,49,0
1376466123,48,1
1376466537,49,0
1376467140,49,0
1376467744,49,0
1376468348,49,0
1376468951,49,0
1376469554,49,0
1376470157,49,0
1376470254,48,1
1376470410,48,1
1376470437,49,0
1376470659,48,1
1376471159,49,0
1376471763,49,0
1376472366,49,0
1376473002,49,0
1376473009,49,0
1376473613,49,0
1376474026,49,0
1376474629,49,0
1376475233,49,0
1376475695,49,0
1376476298,49,0
1376476902,49,0
1376477505,49,0
1376478109,49,0
1376478712,49,0
1376479316,49,0
1376479920,49,0
1376480523,49,0
1376481127,49,0
1376481733,49,0
1376482336,49,0
1376482940,49,0
1376483233,48,1
1376483320,49,0
1376483450,48,1
1376483920,47,2
1376483943,47,2
1376484041,47,2
1376484092,49,0
1376484696,49,0
1376484819,48,1
1376485422,48,1
1376485473,48,1
1376485507,49,0
1376486085,49,0
1376486375,48,1
1376486679,47,2
1376487099,46,3
1376487401,46,3
1376487498,46,3
1376487530,47,2
1376488134,47,2
1376488192,48,1
1376488322,49,0
1376488930,48,1
1376489294,47,2
1376489438,46,3
1376489500,47,2
1376489510,48,1
1376489622,49,0
1376490226,49,0
1376490829,49,0
1376491180,48,1
1376491783,48,1
1376491888,49,0
1376492314,48,1
1376492851,49,0
1376493308,48,1
1376493823,49,0
1376493923,48,1
1376494526,48,1
1376494710,49,0
1376495314,49,0
1376495918,49,0
1376496087,47,2
1376496690,47,2
1376497046,46,3
1376497223,47,2
1376497347,47,2
1376497534,46,3
1376497717,45,4
1376498320,45,4
1376498385,45,4
1376498433,47,2
1376498708,48,1
1376498947,48,1
1376499551,48,1
1376499765,48,1
1376500369,48,1
1376500485,48,1
1376500543,43,6
1376500548,42,7
1376500681,43,6
1376500782,43,6
1376500791,44,5
1376501169,43,6
1376501259,42,7
1376501299,42,7
1376501414,43,6
1376501453,42,7
1376501643,43,6
1376502029,44,5
1376502101,44,5
1376502132,44,5
1376502224,44,5
1376502255,45,4
1376502443,44,5
1376502537,45,4
1376502758,44,5
1376502791,45,4
1376503395,45,4
1376503999,45,4
1376504037,44,5
1376504196,46,3
1376504218,47,2
1376504494,47,2
1376505098,47,2
1376505651,46,3
1376505821,47,2
1376506122,47,2
1376506130,48,1
1376506353,47,2
1376506467,48,1
1376506809,47,2
1376507051,48,1
1376507476,47,2
1376507842,47,2
1376507872,46,3
1376508476,46,3
1376508934,47,2
1376509264,48,1
1376509868,48,1
1376510254,47,2
1376510858,47,2
1376510911,48,1
1376511515,48,1
1376511538,49,0
1376512141,49,0
1376512745,49,0
1376513348,49,0
1376513952,49,0
1376514555,49,0
1376514697,48,1
1376515301,48,1
1376515431,47,2
1376516034,47,2
1376516317,46,3
1376516920,46,3
1376517524,46,3
1376517797,46,3
1376517883,48,1
1376517934,49,0
1376518539,46,3
1376518603,44,5
1376519207,44,5
1376519811,44,5
1376520427,43,6
1376520816,42,7
1376521181,41,8
1376521205,41,8
1376521809,41,8
1376522384,41,8
1376522736,39,10
1376523339,39,10
1376523513,37,12
1376524117,37,12
1376524720,37,12
1376525083,37,12
1376525092,39,10
1376525584,38,11
1376525910,37,12
1376526514,37,12
1376526641,37,12
1376526678,38,11
1376526762,38,11
1376526808,39,10
1376527412,39,10
1376528015,39,10
1376528619,39,10
1376528736,39,10
1376529340,39,10
1376529943,39,10
1376530547,39,10
1376530841,39,10
1376530950,39,10
1376531554,39,10
1376532157,39,10
1376532761,39,10
1376533364,39,10
1376533968,39,10
1376534400,38,11
1376535003,38,11
1376535607,38,11
1376536210,38,11
1376536814,38,11
1376537418,38,11
1376538021,38,11
1376538518,39,10
1376539122,39,10
1376539735,38,11
1376540301,38,11
1376540337,39,10
1376540940,39,10
1376541047,39,10
1376541056,40,9
1376541659,40,9
1376542263,40,9
1376542866,40,9
1376543470,40,9
1376543730,41,8
1376544018,42,7
1376544622,42,7
1376545225,42,7
1376545829,42,7
1376546432,42,7
1376547036,42,7
1376547639,42,7
1376548021,43,6
1376548625,43,6
1376548863,44,5
1376549122,45,4
1376549726,45,4
1376550304,44,5
1376550368,44,5
1376550906,45,4
1376551510,45,4
1376552117,45,4
1376552720,45,4
1376552911,46,3
1376553514,46,3
1376553839,48,1
1376554442,48,1
1376554633,49,0
1376555237,49,0
1376555841,49,0
1376556198,48,1
1376556802,48,1
1376557405,48,1
1376558009,48,1
1376558470,47,2
1376559082,46,3
1376559419,45,4
1376559873,47,2
1376560003,48,1
1376560305,48,1
1376560440,49,0
1376561043,49,0
1376561647,49,0
1376561791,48,1
1376562395,48,1
1376562854,49,0
1376563457,49,0
1376563650,48,1
1376563668,47,2
1376564271,47,2
1376564456,48,1
1376565060,48,1
1376565274,48,1
1376565337,48,1
1376565941,48,1
1376566242,48,1
1376566244,49,0
1376566848,49,0
1376567452,49,0
1376568055,49,0
1376568259,49,0
1376568311,49,0
1376568915,49,0
1376569518,49,0
1376570122,49,0
1376570725,49,0
1376571329,49,0
1376571932,49,0
1376572536,49,0
1376573139,49,0
1376573743,49,0
1376574347,49,0
1376574950,49,0
1376575554,49,0
1376576165,49,0
1376576380,48,1
1376576423,48,1
1376576461,49,0
1376576664,49,0
1376577268,49,0
1376577871,49,0
1376578466,48,1
1376578519,49,0
1376578849,48,1
1376579018,48,1
1376579029,49,0
1376579633,49,0
1376580237,49,0
1376580840,49,0
1376581444,49,0
1376582047,49,0
1376582652,49,0
1376583255,49,0
1376583859,49,0
1376584462,49,0
1376585066,49,0
1376585670,49,0
1376586273,49,0
1376586671,48,1
1376587051,49,0
1376587654,49,0
1376587716,48,1
1376588307,47,2
1376588491,46,3
1376588513,45,4
1376589100,44,5
1376589109,45,4
1376589358,46,3
1376589614,48,1
1376590041,49,0
1376590644,49,0
1376591248,49,0
1376591851,49,0
1376592455,49,0
1376592861,48,1
1376592957,47,2
1376593423,47,2
1376593434,48,1
1376593657,48,1
1376594261,48,1
1376594864,48,1
1376594947,47,2
1376595257,46,3
1376595860,46,3
1376596315,47,2
1376596919,47,2
1376597142,47,2
1376597145,48,1
1376597748,48,1
1376598352,48,1
1376598956,48,1
1376599559,48,1
1376599900,47,2
1376600461,46,3
1376601064,46,3
1376601667,46,3
1376601919,45,4
1376602523,45,4
1376603126,45,4
1376603650,47,2
1376603868,46,3
1376604456,45,4
1376604480,44,5
1376604820,44,5
1376604829,43,6
1376604971,44,5
1376605575,44,5
1376606178,44,5
1376606782,44,5
1376607385,44,5
1376607943,43,6
1376608600,42,7
1376608779,43,6
1376608895,42,7
1376609497,41,8
1376610101,41,8
1376610289,40,9
1376610893,40,9
1376611497,40,9
1376612100,40,9
1376612703,40,9
1376613307,40,9
1376613911,40,9
1376614543,38,11
1376614588,38,11
1376615191,38,11
1376615795,38,11
1376616398,38,11
1376617002,38,11
1376617238,38,11
1376617270,38,11
1376617874,38,11
1376618477,38,11
1376618595,39,10
1376619199,39,10
1376619802,39,10
1376620406,39,10
1376621009,39,10
1376621613,39,10
1376622216,39,10
1376622820,39,10
1376623423,39,10
1376623646,39,10
1376623667,39,10
1376623748,40,9
1376624351,40,9
1376624955,40,9
1376625559,40,9
1376626162,40,9
1376626472,41,8
1376627075,41,8
1376627678,41,8
1376628282,41,8
1376628886,41,8
1376629489,41,8
1376629989,42,7
1376630127,43,6
1376630729,43,6
1376631325,44,5
1376631370,45,4
1376631763,46,3
1376632407,45,4
1376632827,46,3
1376632935,47,2
1376633126,46,3
1376633162,47,2
1376633765,47,2
1376633894,48,1
1376634055,49,0
1376634659,49,0
1376635263,49,0
1376635866,49,0
1376636214,48,1
1376636277,48,1
1376636881,48,1
1376637485,48,1
1376637848,49,0
1376638452,49,0
1376639055,49,0
1376639659,49,0
1376640262,49,0
1376640350,48,1
1376640881,48,1
1376640888,49,0
1376641412,48,1
1376641853,49,0
1376642457,49,0
1376643060,49,0
1376643664,49,0
1376644267,49,0
1376644692,49,0
1376645295,49,0
1376645898,49,0
1376646284,49,0
1376646287,48,1
1376646416,49,0
1376647019,49,0
1376647623,49,0
1376648227,49,0
1376648830,49,0
1376649433,49,0
1376650037,49,0
1376650641,49,0
1376651244,49,0
1376651848,49,0
1376652456,48,1
1376653060,48,1
1376653663,48,1
1376654037,49,0
1376654641,49,0
1376655245,49,0
1376655848,49,0
1376656302,49,0
1376656304,48,1
1376656469,48,1
1376656517,49,0
1376657006,48,1
1376657084,48,1
1376657086,49,0
1376657690,49,0
1376658293,49,0
1376658897,49,0
1376659500,49,0
1376659803,48,1
1376660192,49,0
1376660796,49,0
1376661400,49,0
1376662003,49,0
1376662218,48,1
1376662264,48,1
1376662349,48,1
1376662387,49,0
1376662566,49,0
1376663170,49,0
1376663773,49,0
1376664377,49,0
1376664980,49,0
1376665584,49,0
1376666187,49,0
1376666791,49,0
1376667035,48,1
1376667103,49,0
1376667706,49,0
1376668310,49,0
1376668841,49,0
1376668852,48,1
1376668922,49,0
1376669210,48,1
1376669325,48,1
1376669327,49,0
1376669417,48,1
1376670020,48,1
1376670624,48,1
1376671228,48,1
1376671361,48,1
1376671370,49,0
1376671719,48,1
1376672322,48,1
1376672349,46,3
1376672864,45,4
1376672880,45,4
1376672962,44,5
1376673566,44,5
1376673616,44,5
1376674220,44,5
1376674788,43,6
1376675174,42,7
1376675681,42,7
1376675689,43,6
1376676320,42,7
1376676763,41,8
1376676768,40,9
1376676986,41,8
1376677590,41,8
1376677693,42,7
1376678033,41,8
1376678227,42,7
1376678306,41,8
1376678803,40,9
1376678918,40,9
1376678928,41,8
1376679457,42,7
1376679855,42,7
1376680472,41,8
1376680500,41,8
1376680686,41,8
1376680908,41,8
1376680999,41,8
1376681049,41,8
1376681139,41,8
1376681177,43,6
1376681264,43,6
1376681273,41,8
1376681372,39,10
1376681975,39,10
1376682579,39,10
1376683183,39,10
1376683786,39,10
1376684115,38,11
1376684179,37,12
1376684530,36,13
1376685134,36,13
1376685737,36,13
1376686341,36,13
1376686944,36,13
1376687548,36,13
1376688151,36,13
1376688277,35,14
1376688881,35,14
1376689272,34,15
1376689766,33,16
1376690370,33,16
1376690633,33,16
1376690743,33,16
1376690762,34,15
1376690856,34,15
1376690882,35,14
1376691486,35,14
1376692089,35,14
1376692693,35,14
1376693296,35,14
1376693900,35,14
1376694503,35,14
1376695107,35,14
1376695361,34,15
1376695964,34,15
1376696568,34,15
1376697172,34,15
1376697775,34,15
1376698379,34,15
1376699006,36,13
1376699610,36,13
1376700213,36,13
1376700817,36,13
1376701088,38,11
1376701231,39,10
1376701835,39,10
1376702438,39,10
1376703042,39,10
1376703640,39,10
1376703750,39,10
1376704353,39,10
1376704957,39,10
1376705560,39,10
1376706164,39,10
1376706768,39,10
1376707372,39,10
1376707975,39,10
1376708579,39,10
1376709183,39,10
1376709623,38,11
1376710227,38,11
1376710830,38,11
1376711434,38,11
1376712038,38,11
1376712641,38,11
1376713245,38,11
1376713848,38,11
1376714452,38,11
1376715055,38,11
1376715659,38,11
1376716262,38,11
1376716481,38,11
1376716488,39,10
1376717092,39,10
1376717695,39,10
1376718299,39,10
1376718903,39,10
1376719506,39,10
1376720110,39,10
1376720713,39,10
1376721317,39,10
1376721876,38,11
1376721904,38,11
1376722094,39,10
1376722698,39,10
1376723301,39,10
1376723905,39,10
1376724508,39,10
1376724818,40,9
1376725393,41,8
1376725754,42,7
1376726358,42,7
1376726961,42,7
1376727276,41,8
1376727880,41,8
1376727984,42,7
1376728588,42,7
1376728959,42,7
1376728972,43,6
1376729380,43,6
1376729389,44,5
1376729992,44,5
1376730096,45,4
1376730700,45,4
1376731303,45,4
1376731907,45,4
1376732510,45,4
1376732641,44,5
1376733044,44,5
1376733046,45,4
1376733277,46,3
1376733881,46,3
1376734112,45,4
1376734212,46,3
1376734844,46,3
1376734853,47,2
1376735023,46,3
1376735085,45,4
1376735139,45,4
1376735181,45,4
1376735621,44,5
1376736225,44,5
1376736829,44,5
1376737440,45,4
1376737500,46,3
1376737663,45,4
1376737691,45,4
1376738024,44,5
1376738266,43,6
1376738269,42,7
1376738608,43,6
1376738644,44,5
1376738902,43,6
1376739044,42,7
1376739062,41,8
1376739163,42,7
1376739216,44,5
1376739253,43,6
1376739489,43,6
1376739563,43,6
1376739619,44,5
1376739765,45,4
1376739767,46,3
1376739873,46,3
1376739903,46,3
1376740002,46,3
1376740037,48,1
1376740186,48,1
1376740806,48,1
1376741342,47,2
1376741635,48,1
1376741858,49,0
1376742462,49,0
1376743065,49,0
1376743625,49,0
1376744228,49,0
1376744832,49,0
1376745166,48,1
1376745341,48,1
1376745355,49,0
1376745414,48,1
1376745877,47,2
1376745997,48,1
1376746410,49,0
1376746480,49,0
1376746875,48,1
1376747479,48,1
1376748083,48,1
1376748351,47,2
1376748432,47,2
1376748484,47,2
1376748533,47,2
1376748629,49,0
1376749233,49,0
1376749836,49,0
1376750440,49,0
1376750712,48,1
1376751045,48,1
1376751048,49,0
1376751652,49,0
1376752246,49,0
1376752249,48,1
1376752852,48,1
1376753456,48,1
1376753565,48,1
1376753567,49,0
1376754171,49,0
1376754706,49,0
1376754741,49,0
1376755345,49,0
1376755949,49,0
1376755970,48,1
1376756119,47,2
1376756379,48,1
1376756744,47,2
1376756763,45,4
1376757366,45,4
1376757585,45,4
1376757587,46,3
1376757929,47,2
1376758031,46,3
1376758535,45,4
1376758774,46,3
1376758842,46,3
1376758854,47,2
1376758966,46,3
1376759542,46,3
1376759966,47,2
1376760134,48,1
1376760705,48,1
1376760707,49,0
1376760985,48,1
1376761347,49,0
1376761951,49,0
1376762203,48,1
1376762807,48,1
1376763410,48,1
1376763779,47,2
1376764185,47,2
1376764192,48,1
1376764515,49,0
1376765118,49,0
1376765721,49,0
1376766325,49,0
1376766505,48,1
1376767109,48,1
1376767713,48,1
1376768078,48,1
1376768681,48,1
1376768878,49,0
1376769481,49,0
1376769540,48,1
1376770144,48,1
1376770346,47,2
1376770950,47,2
1376771554,47,2
1376772103,46,3
1376772110,45,4
1376772713,45,4
1376773317,45,4
1376773696,44,5
1376774300,44,5
1376774903,44,5
1376775507,44,5
1376776018,43,6
1376776622,43,6
1376777225,43,6
1376777829,43,6
1376778159,44,5
1376778188,45,4
1376778736,47,2
1376779073,46,3
1376779364,45,4
1376779367,44,5
1376779777,43,6
1376780381,43,6
1376780984,43,6
1376781588,43,6
1376781991,43,6
1376782066,45,4
1376782670,45,4
1376783273,45,4
1376783877,45,4
1376784480,45,4
1376785084,45,4
1376785687,45,4
1376785795,44,5
1376785904,45,4
1376785958,45,4
1376786019,45,4
1376786081,44,5
1376786685,44,5
1376786961,44,5
1376787036,46,3
1376787630,46,3
1376787703,46,3
1376787714,47,2
1376788318,47,2
1376788921,47,2
1376789525,47,2
1376790039,47,2
1376790465,47,2
1376790467,46,3
1376790688,46,3
1376790729,47,2
1376790908,47,2
1376791511,47,2
1376791893,48,1
1376792282,47,2
1376792885,47,2
1376793489,47,2
1376794093,47,2
1376794696,47,2
1376794758,48,1
1376795362,48,1
1376795966,48,1
1376796569,48,1
1376797173,48,1
1376797776,48,1
1376798380,48,1
1376798983,48,1
1376799587,48,1
1376800191,48,1
1376800794,48,1
1376801398,48,1
1376802001,48,1
1376802604,48,1
1376803208,48,1
1376803812,48,1
1376804415,48,1
1376805019,48,1
1376805572,49,0
1376806176,49,0
1376806274,49,0
1376806391,49,0
1376806995,49,0
1376807599,49,0
1376807801,49,0
1376808405,49,0
1376809009,49,0
1376809612,49,0
1376810216,49,0
1376810819,49,0
1376811229,48,1
1376811784,49,0
1376812031,48,1
1376812222,49,0
1376812825,49,0
1376813429,49,0
1376814032,49,0
1376814636,49,0
1376815239,49,0
1376815843,49,0
1376816446,49,0
1376817050,49,0
1376817656,49,0
1376818260,49,0
1376818864,49,0
1376819257,49,0
1376819860,49,0
1376819998,49,0
1376820602,49,0
1376821205,49,0
1376821771,49,0
1376822374,49,0
1376822781,48,1
1376823384,48,1
1376823988,48,1
1376824031,49,0
1376824536,48,1
1376825140,48,1
1376825744,48,1
1376826103,48,1
1376826111,49,0
1376826715,49,0
1376827318,49,0
1376827922,49,0
1376828413,48,1
1376828458,49,0
1376829062,49,0
1376829453,48,1
1376829520,48,1
1376829563,48,1
1376829620,48,1
1376829662,49,0
1376830266,49,0
1376830870,49,0
1376831473,49,0
1376832077,49,0
1376832637,48,1
