1376208557,18,9
1376209161,18,9
1376209301,18,9
1376209309,19,8
1376209913,19,8
1376210261,19,8
1376210395,20,7
1376210539,19,8
1376210669,19,8
1376210818,20,7
1376210911,20,7
1376211026,22,5
1376211635,23,4
1376211917,23,4
1376212339,21,6
1376212517,20,7
1376212833,21,6
1376213070,22,5
1376213340,22,5
1376213434,23,4
1376213534,24,3
1376213574,23,4
1376213844,24,3
1376213913,25,2
1376214212,26,1
1376214233,25,2
1376214284,25,2
1376214871,24,3
1376214889,23,4
1376215302,24,3
1376215363,25,2
1376215366,24,3
1376215679,24,3
1376215756,24,3
1376215803,25,2
1376216378,26,1
1376216428,25,2
1376217032,25,2
1376217636,25,2
1376218198,24,3
1376218802,24,3
1376219203,25,2
1376219223,24,3
1376219312,26,1
1376219915,26,1
1376220519,26,1
1376221123,26,1
1376221727,26,1
1376222331,26,1
1376222555,26,1
1376222580,26,1
1376223074,25,2
1376223204,24,3
1376223367,25,2
1376223582,26,1
1376223942,25,2
1376224048,24,3
1376224117,24,3
1376224181,25,2
1376224813,26,1
1376225416,26,1
1376226020,26,1
1376226638,25,2
1376226823,25,2
1376226826,26,1
1376227431,25,2
1376227560,26,1
1376228164,26,1
1376228475,25,2
1376228564,25,2
1376228567,26,1
1376229171,26,1
1376229506,25,2
1376229575,25,2
1376229608,25,2
1376229698,25,2
1376229706,25,2
1376230026,25,2
1376230262,26,1
1376230866,26,1
1376231122,26,1
1376231173,26,1
1376231364,25,2
1376231560,25,2
1376231569,26,1
1376231697,26,1
1376231803,26,1
1376232407,26,1
1376232865,26,1
1376233470,26,1
1376233976,25,2
1376234579,25,2
1376234724,25,2
1376234754,25,2
1376234842,25,2
1376234874,26,1
1376235384,25,2
1376235802,24,3
1376236319,25,2
1376236400,26,1
1376237004,26,1
1376237608,26,1
1376238212,26,1
1376238817,26,1
1376238972,24,3
1376239514,25,2
1376239555,26,1
1376240159,26,1
1376240764,26,1
1376241368,26,1
1376241493,25,2
1376241558,26,1
1376241700,26,1
1376242304,26,1
1376242590,25,2
1376243080,26,1
1376243112,26,1
1376243305,24,3
1376243909,24,3
1376244380,24,3
1376244554,23,4
1376245158,23,4
1376245761,23,4
1376245963,24,3
1376246181,25,2
1376246777,26,1
1376247381,26,1
1376247985,26,1
1376248589,26,1
1376248724,26,1
1376248866,24,3
1376248964,24,3
1376248966,25,2
1376249570,25,2
1376250174,25,2
1376250242,24,3
1376250519,25,2
1376250663,26,1
1376251155,25,2
1376251759,25,2
1376251941,26,1
1376252551,26,1
1376252941,25,2
1376253162,24,3
1376253209,24,3
1376253414,23,4
1376253759,22,5
1376254363,22,5
1376254595,22,5
1376254660,22,5
1376254668,23,4
1376254978,22,5
1376255418,20,7
1376256023,20,7
1376256364,21,6
1376256969,21,6
1376257240,21,6
1376257264,21,6
1376257361,21,6
1376257512,21,6
1376257601,21,6
1376257660,21,6
1376257712,22,5
1376258287,21,6
1376258891,21,6
1376259495,21,6
1376259643,21,6
1376260247,20,7
1376260850,20,7
1376261436,19,8
1376262040,19,8
1376262644,19,8
1376263248,19,8
1376263852,19,8
1376264010,17,10
1376264614,17,10
1376265218,17,10
1376265823,17,10
1376266427,17,10
1376267031,17,10
1376267635,17,10
1376268239,17,10
1376268843,17,10
1376269446,17,10
1376270050,17,10
1376270654,17,10
1376271258,17,10
1376271861,17,10
1376272122,17,10
1376272127,17,10
1376272493,16,11
1376273097,16,11
1376273605,15,12
1376274209,15,12
1376274813,15,12
1376274882,16,11
1376275487,16,11
1376276091,16,11
1376276609,16,11
1376276634,16,11
1376277238,16,11
1376277842,16,11
1376278447,16,11
1376279050,16,11
1376279654,16,11
1376280258,16,11
1376280862,16,11
1376280899,15,12
1376281388,16,11
1376281567,17,10
1376282172,17,10
1376282775,17,10
1376282981,17,10
1376282993,18,9
1376283597,18,9
1376283964,19,8
1376284446,20,7
1376285051,20,7
1376285382,21,6
1376286032,22,5
1376286092,23,4
1376286129,24,3
1376286342,25,2
1376286370,25,2
1376286776,26,1
1376287381,26,1
1376287984,26,1
1376288588,26,1
1376288823,25,2
1376289427,25,2
1376289866,24,3
1376289985,23,4
1376290181,25,2
1376290785,25,2
1376290870,24,3
1376291068,25,2
1376291319,25,2
1376291330,26,1
1376291934,26,1
1376292538,26,1
1376293141,26,1
1376293745,26,1
1376293872,25,2
1376294476,25,2
1376294773,26,1
1376295378,26,1
1376295982,26,1
1376296590,26,1
1376296676,25,2
1376296873,26,1
1376297477,26,1
1376298081,26,1
1376298445,26,1
1376299049,26,1
1376299654,26,1
1376300259,26,1
1376300863,26,1
1376300869,25,2
1376301473,25,2
1376301711,24,3
1376301869,25,2
1376302235,26,1
1376302839,26,1
1376303125,25,2
1376303624,25,2
1376303627,26,1
1376304231,26,1
1376304836,26,1
1376305440,26,1
1376306043,26,1
1376306647,26,1
1376307252,26,1
1376307857,26,1
1376308460,26,1
1376309064,26,1
1376309668,26,1
1376310273,26,1
1376310877,26,1
1376310890,25,2
1376311031,26,1
1376311636,26,1
1376311688,25,2
1376312163,26,1
1376312768,26,1
1376312890,25,2
1376313494,25,2
1376313653,26,1
1376314258,26,1
1376314862,26,1
1376315384,26,1
1376315708,24,3
1376315965,25,2
1376316450,26,1
1376317054,26,1
1376317484,26,1
1376317542,25,2
1376317551,25,2
1376317773,26,1
1376318000,25,2
1376318261,26,1
1376318297,25,2
1376318902,25,2
1376319113,24,3
1376319434,24,3
1376319522,25,2
1376319524,24,3
1376319932,25,2
1376320324,24,3
1376320475,24,3
1376320488,24,3
1376320572,24,3
1376320710,24,3
1376321313,24,3
1376321917,24,3
1376322521,24,3
1376322814,23,4
1376323153,22,5
1376323754,23,4
1376324083,23,4
1376324194,22,5
1376324288,21,6
1376324592,22,5
1376324677,23,4
1376324804,23,4
1376325313,23,4
1376325580,22,5
1376325940,22,5
1376325950,23,4
1376326070,22,5
1376326198,21,6
1376326283,20,7
1376326361,19,8
1376326629,18,9
1376326835,19,8
1376326857,18,9
1376327064,17,10
1376327668,17,10
1376327875,16,11
1376328073,15,12
1376328197,14,13
1376328301,15,12
1376328430,14,13
1376328484,13,14
1376328637,12,15
1376328753,11,16
1376329302,11,16
1376329361,11,16
1376329369,12,15
1376329555,12,15
1376329646,13,14
1376329889,12,15
1376329940,12,15
1376330008,13,14
1376330057,12,15
1376330087,11,16
1376330275,10,17
1376330543,9,18
1376330856,8,19
1376330867,9,18
1376330979,8,19
1376331437,7,20
1376331641,6,21
1376331938,7,20
1376332291,7,20
1376332509,8,19
1376332875,7,20
1376333485,7,20
1376334099,6,21
1376334579,6,21
1376334605,7,20
1376335209,7,20
1376335813,7,20
1376335902,7,20
1376335905,8,19
1376336510,8,19
1376337113,8,19
1376337717,8,19
1376338032,7,20
1376338240,8,19
1376338792,7,20
1376339396,7,20
1376340000,7,20
1376340606,7,20
1376341210,7,20
1376341813,7,20
1376342417,7,20
1376342515,6,21
1376343119,6,21
1376343515,5,22
1376343963,4,23
1376344302,4,23
1376344305,3,24
1376344909,3,24
1376345069,4,23
1376345419,3,24
1376346024,3,24
1376346403,3,24
1376346406,2,25
1376346523,1,26
1376346906,1,26
1376347510,1,26
1376348114,1,26
1376348324,1,26
1376348327,0,27
1376348931,0,27
1376349535,0,27
1376350139,0,27
1376350743,0,27
1376351347,0,27
1376351950,0,27
1376352554,0,27
1376353158,0,27
1376353762,0,27
1376354366,0,27
1376354970,0,27
1376355574,0,27
1376356178,0,27
1376356782,0,27
1376357386,0,27
1376357991,0,27
1376358519,0,27
1376358526,0,27
1376359129,0,27
1376359733,0,27
1376360337,0,27
1376360727,1,26
1376361331,1,26
1376361860,2,25
1376362465,2,25
1376363069,2,25
1376363672,2,25
1376364276,2,25
1376364880,2,25
1376365368,1,26
1376365973,1,26
1376366576,1,26
1376366648,0,27
1376366722,0,27
1376367326,0,27
1376367560,1,26
1376368002,1,26
1376368013,2,25
1376368617,2,25
1376369221,2,25
1376369642,1,26
1376370246,1,26
1376370850,1,26
1376371454,1,26
1376371955,2,25
1376372068,1,26
1376372099,2,25
1376372443,3,24
1376372455,5,22
1376372564,5,22
1376372579,7,20
1376372663,8,19
1376373220,9,18
1376373339,9,18
1376373350,10,17
1376373984,11,16
1376374079,12,15
1376374416,13,14
1376375021,13,14
1376375199,14,13
1376375612,14,13
1376376101,14,13
1376376110,15,12
1376376400,16,11
1376376424,17,10
1376376522,19,8
1376377003,20,7
1376377031,21,6
1376377231,22,5
1376377284,22,5
1376377361,23,4
1376377369,24,3
1376377778,23,4
1376377810,24,3
1376378249,25,2
1376378809,24,3
1376379036,25,2
1376379395,25,2
1376379413,25,2
1376380018,25,2
1376380119,26,1
1376380146,26,1
1376380391,26,1
1376380996,26,1
1376381199,25,2
1376381444,25,2
1376381453,26,1
1376382022,25,2
1376382254,24,3
1376382830,23,4
1376383264,24,3
1376383355,25,2
1376383518,24,3
1376383558,25,2
1376383997,26,1
1376384607,25,2
1376384756,26,1
1376385360,26,1
1376385965,26,1
1376386568,26,1
1376387147,25,2
1376387424,26,1
1376388028,26,1
1376388231,25,2
1376388835,25,2
1376388935,26,1
1376389294,24,3
1376389542,24,3
1376389613,25,2
1376390024,25,2
1376390026,26,1
1376390630,26,1
1376391235,26,1
1376391839,26,1
1376392264,25,2
1376392868,25,2
1376393167,26,1
1376393772,26,1
1376394158,25,2
1376394260,26,1
1376394844,26,1
1376395132,25,2
1376395737,25,2
1376395861,26,1
1376396465,26,1
1376397051,25,2
1376397339,26,1
1376397417,25,2
1376397876,26,1
1376398480,26,1
1376399084,26,1
1376399384,26,1
1376399982,25,2
1376400017,25,2
1376400538,26,1
1376400759,25,1
1376400772,25,1
1376401064,25,1
1376401113,25,1
1376401128,25,2
1376401514,26,1
1376402010,25,2
1376402319,25,2
1376402329,26,1
1376402934,26,1
1376403093,25,2
1376403175,26,1
1376403779,26,1
1376403933,25,2
1376404201,26,1
1376404252,25,2
1376404856,25,2
1376405010,26,1
1376405081,25,2
1376405686,25,2
1376405945,26,1
1376406380,25,2
1376406474,26,1
1376406635,25,2
1376407240,25,2
1376407844,25,2
1376408053,26,1
1376408154,25,2
1376408499,24,3
1376408509,25,2
1376408646,26,1
1376409124,25,2
1376409266,26,1
1376409764,26,1
1376409802,24,3
1376409880,25,2
1376409892,24,3
1376409956,23,4
1376410115,22,5
1376410469,24,3
1376410506,23,4
1376410642,24,3
1376410831,23,4
1376410894,23,4
1376410949,23,4
1376410990,24,3
1376411276,23,4
1376411379,23,4
1376411430,23,4
1376412022,24,3
1376412450,25,2
1376412506,26,1
1376413110,26,1
1376413714,26,1
1376413778,25,2
1376413945,24,3
1376414095,23,4
1376414562,22,4
1376414579,22,4
1376414923,23,3
1376414938,23,3
1376415279,23,3
1376415302,23,3
1376415641,22,4
1376415664,22,4
1376415777,23,3
1376416003,23,3
1376416061,23,3
1376416070,23,3
1376416249,22,4
1376416364,23,3
1376416388,23,3
1376416590,22,4
1376416656,23,3
1376416724,23,3
1376416750,23,3
1376416803,22,4
1376416892,23,3
1376417084,22,4
1376417112,22,4
1376417334,23,3
1376417431,23,3
1376417475,23,3
1376417792,23,3
1376417833,23,3
1376418104,23,3
1376418165,22,4
1376418193,22,4
1376418524,22,4
1376418551,22,4
1376418884,22,4
1376418940,23,3
1376419166,23,3
1376419243,24,2
1376419270,24,2
1376419544,24,2
1376419602,25,1
1376419628,25,1
1376419861,24,2
1376419965,24,2
1376419988,24,2
1376420324,24,2
1376420347,24,2
1376420685,23,3
1376420706,23,3
1376421043,22,4
1376421065,22,4
1376421117,20,6
1376421402,20,6
1376421424,20,6
1376421575,20,6
1376421629,21,5
1376421762,22,4
1376421783,22,4
1376421940,22,4
1376421987,22,4
1376422065,23,3
1376422121,24,2
1376422142,24,2
1376422480,24,2
1376422502,24,2
1376422580,23,3
1376422661,23,3
1376422670,24,2
1376422845,24,2
1376422860,24,2
1376423204,24,2
1376423219,24,2
1376423563,24,2
1376423579,24,2
1376423677,23,3
1376423922,23,3
1376423938,23,3
1376424282,23,3
1376424297,23,3
1376424640,23,3
1376424665,24,2
1376425000,24,2
1376425015,24,2
1376425358,24,2
1376425375,24,2
1376425665,24,2
1376425719,24,2
1376425774,23,3
1376426078,23,3
1376426114,22,4
1376426385,22,4
1376426437,22,4
1376426453,22,4
1376426744,22,4
1376426796,22,4
1376426811,22,4
1376427102,22,4
1376427154,22,4
1376427171,22,4
1376427461,22,4
1376427513,22,4
1376427529,22,4
1376427623,23,3
1376427820,23,3
1376427872,23,3
1376427889,23,3
1376428180,23,3
1376428231,23,3
1376428247,23,3
1376428539,23,3
1376428591,23,3
1376428606,23,3
1376428723,23,3
1376428726,22,4
1376428898,23,3
1376428965,23,3
1376428966,23,3
1376429257,23,3
1376429324,23,3
1376429615,23,3
1376429684,23,3
1376429844,24,2
1376429974,24,2
1376430042,24,2
1376430334,24,2
1376430401,24,2
1376430692,24,2
1376430760,24,2
1376431052,24,2
1376431120,23,3
1376431411,22,4
1376431479,22,4
1376431785,22,4
1376431838,22,4
1376432046,21,5
1376432143,21,5
1376432197,21,5
1376432502,21,5
1376432556,21,5
1376432866,21,5
1376432914,21,5
1376433225,21,5
1376433274,21,5
1376433480,19,7
1376433585,19,7
1376433633,19,7
1376433992,19,7
1376434055,18,8
1376434303,18,8
1376434351,18,8
1376434662,18,8
1376434710,18,8
1376434946,19,7
1376435021,19,7
1376435070,19,7
1376435255,17,9
1376435386,17,9
1376435427,17,9
1376435745,17,9
1376435786,17,9
1376436145,18,8
1376436463,18,8
1376436504,18,8
1376436822,18,8
1376436863,18,8
1376437180,18,8
1376437222,18,8
1376437541,18,8
1376437582,18,8
1376437900,18,8
1376437941,18,8
1376438259,18,8
1376438300,18,8
1376438617,18,8
1376438659,18,8
1376438976,18,8
1376439018,18,8
1376439335,18,8
1376439377,18,8
1376439693,18,8
1376439735,18,8
1376440052,18,8
1376440094,18,8
1376440425,18,8
1376440453,18,8
1376440785,18,8
1376440811,18,8
1376441144,18,8
1376441170,18,8
1376441381,18,8
1376441389,19,7
1376441503,19,7
1376441528,19,7
1376441624,18,8
1376441865,18,8
1376441887,18,8
1376442224,18,8
1376442246,18,8
1376442583,18,8
1376442604,18,8
1376442943,18,8
1376442965,18,8
1376443302,18,8
1376443324,18,8
1376443661,18,8
1376443682,18,8
1376444020,18,8
1376444041,18,8
1376444384,18,8
1376444400,18,8
1376444717,18,8
1376444925,18,8
1376444929,18,8
1376445104,18,8
1376445131,18,8
1376445464,18,8
1376445490,18,8
1376445826,18,8
1376445849,18,8
1376446185,18,8
1376446208,18,8
1376446551,18,8
1376446566,18,8
1376446904,18,8
1376446925,18,8
1376447262,18,8
1376447284,18,8
1376447626,18,8
1376447642,18,8
1376447985,18,8
1376448001,18,8
1376448267,18,8
1376448344,19,7
1376448365,20,6
1376448702,20,6
1376448718,20,6
1376449062,20,6
1376449077,20,6
1376449368,20,6
1376449420,20,6
1376449435,20,6
1376449778,20,6
1376449794,20,6
1376450085,20,6
1376450137,20,6
1376450152,20,6
1376450444,20,6
1376450496,20,6
1376450511,20,6
1376450803,20,6
1376450855,20,6
1376450870,20,6
1376451162,20,6
1376451213,20,6
1376451229,20,6
1376451520,20,6
1376451572,20,6
1376451588,20,6
1376451662,19,7
1376451879,19,7
1376451945,19,7
1376451946,19,7
1376452237,19,7
1376452305,19,7
1376452336,20,6
1376452596,20,6
1376452663,20,6
1376452955,20,6
1376453022,20,6
1376453314,20,6
1376453381,20,6
1376453685,20,6
1376453739,20,6
1376454044,20,6
1376454097,20,6
1376454267,21,5
1376454403,21,5
1376454456,21,5
1376454766,21,5
1376454815,21,5
1376455125,21,5
1376455173,21,5
1376455485,21,5
1376455533,21,5
1376455691,22,4
1376455843,22,4
1376455891,22,4
1376456202,22,4
1376456250,22,4
1376456286,23,3
1376456561,23,3
1376456609,23,3
1376456926,23,3
1376456967,23,3
1376457285,23,3
1376457326,23,3
1376457643,23,3
1376457685,23,3
1376458002,23,3
1376458044,23,3
1376458362,24,2
1376458422,24,2
1376458430,25,1
1376458720,25,1
1376458761,25,1
1376459079,25,1
1376459121,25,1
1376459438,25,1
1376459479,25,1
1376459796,25,1
1376459838,25,1
1376460156,25,1
1376460198,25,1
1376460515,25,1
1376460557,25,1
1376460874,25,1
1376460915,25,1
1376461232,25,1
1376461275,25,1
1376461592,25,1
1376461633,25,1
1376461951,25,1
1376461994,25,1
1376462312,25,1
1376462356,25,1
1376462674,25,1
1376462717,25,1
1376463035,25,1
1376463078,25,1
1376463396,25,1
1376463439,25,1
1376463696,24,2
1376463757,24,2
1376463801,24,2
1376464118,24,2
1376464162,24,2
1376464243,23,3
1376464265,24,2
1376464336,25,1
1376464480,25,1
1376464524,25,1
1376464843,25,1
1376464886,25,1
1376465204,25,1
1376465247,25,1
1376465302,24,2
1376465357,25,1
1376465565,25,1
1376465608,25,1
1376465920,25,1
1376465969,25,1
1376466091,24,2
1376466121,25,1
1376466287,25,1
1376466330,25,1
1376466642,25,1
1376466691,25,1
1376467003,25,1
1376467051,25,1
1376467115,26,1
1376467183,27,1
1376467196,26,2
1376467405,25,3
1376467543,25,3
1376467552,26,2
1376467620,27,1
1376468223,27,1
1376468699,26,2
1376468765,27,1
1376469370,27,1
1376469861,26,2
1376470465,26,2
1376470604,26,2
1376470607,25,3
1376470807,27,1
1376471411,27,1
1376472015,27,1
1376472619,27,1
1376473223,27,1
1376473539,26,2
1376473834,26,2
1376473852,27,1
1376474456,27,1
1376475060,27,1
1376475664,27,1
1376476269,27,1
1376476872,27,1
1376477476,27,1
1376478080,27,1
1376478464,27,1
1376478466,26,2
1376479070,26,2
1376479332,27,1
1376479935,27,1
1376480539,27,1
1376481089,27,1
1376481693,27,1
1376482047,26,2
1376482152,27,1
1376482757,27,1
1376483366,27,1
1376483509,26,2
1376483817,27,1
1376484071,26,2
1376484700,27,1
1376484823,26,2
1376485237,27,1
1376485521,26,2
1376485736,27,1
1376486339,27,1
1376486944,27,1
1376487072,26,2
1376487676,26,2
1376487721,27,1
1376488325,27,1
1376488929,27,1
1376489533,27,1
1376490105,27,1
1376490107,26,2
1376490711,26,2
1376490860,25,3
1376491357,26,2
1376491368,27,1
1376491972,27,1
1376492577,27,1
1376493181,27,1
1376493592,26,2
1376493754,24,4
1376493824,24,4
1376493834,25,3
1376493936,24,4
1376494420,25,3
1376494469,24,4
1376494541,25,3
1376494585,24,4
1376494622,24,4
1376494708,25,3
1376494815,26,2
1376494983,27,1
1376495484,26,2
1376495527,27,1
1376496131,27,1
1376496736,27,1
1376497345,27,1
1376497766,26,2
1376497837,25,3
1376498025,25,3
1376498085,24,4
1376498215,24,4
1376498427,25,3
1376498619,23,5
1376498630,24,4
1376498796,26,2
1376498939,26,2
1376499133,24,4
1376499355,23,5
1376499576,24,4
1376499593,24,4
1376499665,25,3
1376499743,24,4
1376499865,24,4
1376499958,23,5
1376500398,22,6
1376500543,22,6
1376500545,23,5
1376501065,22,6
1376501135,22,6
1376501155,23,5
1376501338,22,6
1376501406,21,7
1376501858,21,7
1376501919,21,7
1376501930,22,6
1376502583,22,6
1376502593,23,5
1376502729,22,6
1376502942,22,6
1376502945,21,7
1376503336,22,6
1376503512,21,7
1376503621,22,6
1376503755,21,7
1376504359,21,7
1376504969,21,7
1376505206,22,6
1376505283,20,8
1376505437,22,6
1376505777,23,5
1376505878,24,4
1376506175,23,5
1376506313,22,6
1376506917,22,6
1376507119,23,5
1376507224,24,4
1376507324,24,4
1376507929,23,5
1376508532,23,5
1376509124,23,5
1376509728,24,4
1376509949,23,5
1376510215,24,4
1376510703,24,4
1376511073,25,3
1376511114,24,4
1376511441,25,3
1376512054,24,4
1376512657,24,4
1376513261,24,4
1376513865,24,4
1376514469,24,4
1376514802,25,3
1376515405,25,3
1376516010,25,3
1376516312,24,4
1376516660,23,5
1376516896,22,6
1376517461,21,7
1376517637,22,6
1376518240,22,6
1376518360,23,5
1376518964,23,5
1376519016,24,4
1376519586,24,4
1376520190,24,4
1376520390,25,3
1376520968,26,2
1376521572,26,2
1376521686,25,3
1376522290,25,3
1376522894,25,3
1376523217,24,4
1376523821,24,4
1376524396,23,5
1376524999,23,5
1376525065,22,6
1376525669,22,6
1376526040,23,5
1376526645,23,5
1376526768,22,6
1376527373,22,6
1376527977,22,6
1376528581,22,6
1376529217,19,9
1376529821,19,9
1376530070,18,10
1376530675,18,10
1376531320,18,10
1376531439,18,10
1376531445,18,10
1376532050,18,10
1376532654,18,10
1376533259,18,10
1376533862,18,10
1376534466,18,10
1376535070,18,10
1376535674,18,10
1376536277,18,10
1376536881,18,10
1376537146,17,11
1376537750,17,11
1376538354,17,11
1376538959,17,11
1376539563,17,11
1376539706,17,11
1376539748,18,10
1376540352,18,10
1376540428,17,11
1376541032,17,11
1376541284,17,11
1376541295,18,10
1376541381,18,10
1376541985,18,10
1376542589,18,10
1376542986,19,9
1376543590,19,9
1376544194,19,9
1376544566,20,8
1376544713,21,7
1376545317,21,7
1376545921,21,7
1376546526,21,7
1376546767,21,7
1376547371,21,7
1376547582,21,7
1376547585,22,6
1376548129,21,7
1376548733,21,7
1376548937,20,8
1376549541,20,8
1376550145,20,8
1376550209,19,9
1376550812,19,9
1376551417,19,9
1376552021,19,9
1376552625,19,9
1376553229,19,9
1376553832,19,9
1376554437,19,9
1376555040,19,9
1376555400,20,8
1376555727,21,7
1376556019,20,8
1376556174,19,9
1376556364,20,8
1376556910,19,9
1376557384,20,8
1376557988,20,8
1376558435,21,7
1376559040,21,7
1376559260,20,8
1376559865,20,8
1376559943,21,7
1376559952,22,6
1376560178,22,6
1376560187,23,5
1376560259,22,6
1376560863,22,6
1376561314,23,5
1376561919,23,5
1376561954,24,4
1376562207,25,3
1376562236,26,2
1376562445,25,3
1376563050,25,3
1376563591,25,3
1376563861,26,2
1376563914,25,3
1376564148,24,4
1376564753,24,4
1376565193,25,3
1376565411,24,4
1376566015,24,4
1376566619,24,4
1376566945,25,3
1376566984,27,1
1376567290,26,2
1376567518,27,1
1376567596,26,2
1376568044,27,1
1376568055,27,1
1376568659,27,1
1376569263,27,1
1376569396,26,2
1376570000,26,2
1376570455,27,1
1376571059,27,1
1376571442,26,2
1376571578,26,2
1376571628,26,2
1376571702,27,1
1376572306,27,1
1376572910,27,1
1376572990,26,2
1376573075,25,3
1376573623,25,3
1376573625,26,2
1376574036,25,3
1376574056,25,3
1376574150,25,3
1376574218,25,3
1376574335,24,4
1376574390,26,2
1376574643,26,2
1376575145,26,2
1376575275,27,1
1376575579,27,1
1376575835,27,1
1376576018,27,1
1376576081,27,1
1376576532,27,1
1376577137,27,1
1376577740,27,1
1376578344,27,1
1376578395,26,2
1376578438,27,1
1376578929,26,2
1376579162,27,1
1376579765,27,1
1376579863,26,2
1376579884,27,1
1376579984,27,1
1376580163,27,1
1376580203,27,1
1376580807,27,1
1376580883,28,0
1376580917,27,1
1376580970,26,2
1376581159,27,1
1376581214,25,3
1376581604,25,3
1376581614,26,2
1376582023,26,2
1376582026,27,1
1376582630,27,1
1376583234,27,1
1376583498,26,2
1376583643,25,2
1376583684,26,1
1376583936,25,2
1376583998,25,2
1376584101,26,1
1376584132,25,2
1376584220,26,1
1376584303,25,2
1376584351,26,2
1376584498,27,1
1376584715,28,0
1376584748,27,1
1376585352,27,1
1376585400,28,0
1376585683,28,0
1376585731,27,1
1376585779,27,1
1376585821,27,1
1376586003,26,2
1376586608,26,2
1376586816,25,3
1376586958,25,3
1376587214,25,3
1376587683,25,3
1376587981,26,2
1376588182,25,3
1376588787,25,3
1376588951,24,4
1376589089,22,6
1376589160,23,5
1376589220,21,7
1376589825,21,7
1376590331,20,8
1376590513,21,7
1376590978,22,6
1376591469,21,7
1376591709,22,6
1376592025,24,4
1376592387,22,6
1376592412,23,5
1376593016,23,5
1376593090,24,4
1376593710,23,5
1376594031,22,6
1376594635,22,6
1376594759,23,5
1376595363,23,5
1376595511,24,4
1376595996,24,4
1376596052,25,3
1376596078,26,2
1376596355,27,1
1376596959,27,1
1376597563,27,1
1376598166,27,1
1376598770,27,1
1376599374,27,1
1376599644,26,2
1376599842,26,2
1376599845,27,1
1376600105,28,0
1376600580,27,1
1376601184,27,1
1376601491,26,2
1376602095,26,2
1376602699,26,2
1376602895,25,3
1376603499,25,3
1376604104,25,3
1376604708,25,3
1376605312,25,3
1376605915,25,3
1376606268,24,4
1376606606,25,3
1376607210,25,3
1376607822,26,2
1376608427,26,2
1376609031,26,2
1376609634,26,2
1376610238,26,2
1376610842,26,2
1376611446,26,2
1376612050,26,2
1376612653,26,2
1376613257,26,2
1376613711,25,3
1376614315,25,3
1376614919,25,3
1376615524,25,3
1376616128,25,3
1376616732,25,3
1376617336,25,3
1376617716,25,3
1376617732,25,3
1376618336,25,3
1376618940,25,3
1376619544,25,3
1376620148,25,3
1376620751,25,3
1376621046,26,2
1376621649,26,2
1376622253,26,2
1376622857,26,2
1376623460,26,2
1376624064,26,2
1376624402,25,3
1376625006,25,3
1376625473,26,2
1376626077,26,2
1376626681,26,2
1376627286,26,2
1376627889,26,2
1376628493,26,2
1376629098,26,2
1376629702,26,2
1376630305,26,2
1376630909,26,2
1376630951,27,1
1376631162,27,1
1376631171,28,0
1376631775,28,0
1376631980,27,1
1376632452,26,2
1376632685,27,1
1376633289,27,1
1376633892,27,1
1376634496,27,1
1376635100,27,1
1376635158,27,1
1376635247,26,2
1376635850,26,2
1376636261,25,3
1376636565,25,3
1376636621,26,2
1376636630,27,1
1376637144,26,2
1376637579,27,1
1376638183,27,1
1376638224,25,3
1376638397,26,2
1376638483,26,2
1376638661,26,2
1376638721,27,1
1376639006,28,0
1376639413,27,1
1376640029,26,2
1376640575,24,4
1376641078,25,3
1376641180,26,2
1376641241,27,1
1376641283,28,0
1376641888,28,0
1376642491,28,0
1376642889,27,1
1376643212,28,0
1376643551,27,1
1376643618,28,0
1376644223,28,0
1376644827,28,0
1376645431,28,0
1376645897,27,1
1376646501,27,1
1376646643,27,1
1376646653,28,0
1376647257,28,0
1376647861,28,0
1376648255,28,0
1376648859,28,0
1376649284,28,0
1376649307,28,0
1376649911,28,0
1376650515,28,0
1376651118,28,0
1376651722,28,0
1376652326,28,0
1376652931,28,0
1376653541,28,0
1376654144,28,0
1376654249,27,1
1376654852,28,0
1376655456,28,0
1376656060,28,0
1376656664,28,0
1376657268,28,0
1376657867,27,1
1376658228,26,2
1376658717,27,1
1376658864,28,0
1376659467,28,0
1376660071,28,0
1376660676,28,0
1376661281,28,0
1376661884,28,0
1376662290,28,0
1376662375,28,0
1376662979,28,0
1376663196,27,1
1376663273,28,0
1376663461,27,1
1376663701,28,0
1376664305,28,0
1376664618,27,1
1376665181,26,2
1376665254,25,3
1376665370,24,4
1376665656,25,3
1376665963,25,3
1376665966,26,2
1376666570,26,2
1376666964,25,3
1376667136,24,4
1376667739,24,4
1376668290,25,3
1376668315,26,2
1376668720,25,3
1376669235,26,2
1376669303,27,1
1376669866,25,3
1376670486,26,2
1376670793,27,1
1376671223,27,1
1376671648,26,2
1376671878,25,3
1376672200,25,3
1376672245,25,3
1376672675,26,2
1376672738,25,3
1376673343,25,3
1376673786,26,2
1376673927,27,1
1376674532,27,1
1376675135,27,1
1376675739,27,1
1376676241,28,0
1376676845,28,0
1376677449,28,0
1376678025,27,1
1376678034,26,2
1376678267,27,1
1376678382,27,1
1376678392,28,0
1376678585,28,0
1376678658,28,0
1376679263,28,0
1376679867,28,0
1376680471,28,0
1376680701,27,1
1376680808,26,2
1376681413,26,2
1376681776,27,1
1376682370,28,0
1376682974,28,0
1376683578,28,0
1376684182,28,0
1376684787,28,0
1376685391,28,0
1376685423,26,2
1376685972,27,1
1376686576,27,1
1376687180,27,1
1376687789,27,1
1376687859,27,1
1376688463,27,1
1376689066,27,1
1376689344,27,1
1376689948,27,1
1376690252,28,0
1376690411,26,2
1376691015,26,2
1376691142,25,3
1376691674,24,4
1376691764,25,3
1376691832,24,4
1376692208,23,5
1376692813,23,5
1376693417,23,5
1376694021,23,5
1376694624,23,5
1376695228,23,5
1376695832,23,5
1376696437,23,5
1376697041,23,5
1376697644,23,5
1376697825,21,6
1376697844,21,7
1376697995,18,10
1376698599,18,10
1376699203,18,10
1376699486,17,11
1376700090,17,11
1376700420,18,10
1376701025,18,10
1376701628,18,10
1376702232,18,10
1376702836,18,10
1376703440,18,10
1376704237,18,10
1376704841,18,10
1376705446,18,10
1376706051,18,10
1376706655,18,10
1376707258,18,10
1376707863,18,10
1376708467,18,10
1376709071,18,10
1376709675,18,10
1376710278,18,10
1376710882,18,10
1376711486,18,10
1376712090,18,10
1376712693,18,10
1376712858,17,11
1376713462,17,11
1376714066,17,11
1376714383,18,10
1376714987,18,10
1376715591,18,10
1376716195,18,10
1376716799,18,10
1376717403,18,10
1376717755,19,9
1376718359,19,9
1376718963,19,9
1376719244,19,9
1376719247,20,8
1376719689,21,7
1376719966,22,6
1376720570,22,6
1376721174,22,6
1376721778,22,6
1376721952,21,7
1376722533,22,6
1376722845,22,6
1376722855,23,5
1376723459,23,5
1376724062,23,5
1376724666,23,5
1376725270,23,5
1376725414,24,4
1376725664,24,4
1376725667,23,5
1376726272,23,5
1376726539,22,6
1376726790,23,5
1376727134,24,4
1376727738,24,4
1376728341,24,4
1376728576,24,4
1376728614,25,3
1376729256,24,4
1376729268,24,4
1376729872,24,4
1376730230,25,3
1376730835,25,3
1376730933,26,2
1376731538,26,2
1376731785,26,2
1376731828,26,2
1376731901,27,1
1376732505,27,1
1376733109,27,1
1376733713,27,1
1376733790,26,2
1376734202,25,3
1376734819,24,4
1376734983,25,3
1376735091,24,4
1376735198,25,3
1376735490,24,4
1376735617,25,3
1376735684,25,3
1376735693,25,3
1376736285,25,3
1376736294,26,2
1376736899,26,2
1376737086,27,1
1376737366,27,1
1376737368,26,2
1376737972,26,2
1376738488,26,2
1376738537,27,1
1376738756,26,2
1376738955,27,1
1376739080,27,1
1376739684,27,1
1376739909,27,1
1376740513,27,1
1376741072,26,2
1376741676,26,2
1376742280,26,2
1376742294,25,3
1376742559,26,2
1376742625,25,3
1376742677,26,2
1376742748,27,1
1376742956,25,3
1376743405,26,2
1376743650,28,0
1376744254,28,0
1376744858,28,0
1376745461,28,0
1376746065,28,0
1376746604,28,0
1376747208,28,0
1376747812,28,0
1376748416,28,0
1376749019,28,0
1376749474,27,1
1376749522,25,3
1376750128,25,3
1376750194,26,2
1376750798,26,2
1376751402,26,2
1376751586,26,2
1376751589,25,3
1376751797,25,3
1376751870,26,2
1376751938,26,2
1376752065,26,2
1376752082,27,1
1376752226,28,0
1376752292,27,1
1376752385,28,0
1376752989,28,0
1376753593,28,0
1376754197,28,0
1376754778,27,1
1376755383,27,1
1376755515,26,2
1376755627,26,2
1376755704,27,1
1376755832,26,2
1376756326,26,2
1376756335,27,1
1376756939,27,1
1376757542,27,1
1376757938,24,4
1376757958,25,3
1376758163,24,4
1376758445,26,2
1376758544,26,2
1376758574,26,2
1376759179,26,2
1376759621,26,2
1376759794,25,3
1376760158,26,2
1376760175,26,2
1376760271,26,2
1376760345,26,2
1376760387,26,2
1376760422,27,1
1376761021,26,2
1376761625,26,2
1376761897,27,1
1376762501,27,1
1376762694,26,2
1376763299,26,2
1376763903,26,2
1376764125,25,3
1376764713,26,2
1376764737,27,1
1376765341,27,1
1376765600,26,2
1376765929,25,3
1376766025,24,4
1376766631,24,4
1376767212,25,3
1376767816,25,3
1376768420,25,3
1376768499,25,3
1376768509,26,2
1376768652,26,2
1376768771,26,2
1376769018,27,1
1376769623,27,1
1376769873,26,2
1376769964,25,3
1376770568,25,3
1376771074,24,4
1376771382,23,5
1376771446,23,5
1376771461,24,4
1376772065,24,4
1376772144,25,3
1376772378,24,4
1376772551,25,3
1376773155,25,3
1376773441,24,4
1376773905,23,5
1376773960,23,5
1376773987,24,4
1376774493,23,5
1376774855,22,6
1376775459,22,6
1376776063,22,6
1376776203,21,7
1376776301,21,7
1376776358,22,6
1376776711,21,7
1376776902,20,8
1376777500,21,7
1376777653,22,6
1376777794,21,7
1376778398,21,7
1376779002,21,7
1376779201,22,6
1376779804,22,6
1376780408,22,6
1376781012,22,6
1376781616,22,6
1376782219,22,6
1376782823,22,6
1376783427,22,6
1376783751,21,7
1376784355,21,7
1376784960,21,7
1376785564,21,7
1376786168,21,7
1376786358,20,8
1376786962,20,8
1376787566,20,8
1376788112,19,9
1376788716,19,9
1376789320,19,9
1376789617,18,10
1376790221,18,10
1376790524,18,10
1376790534,18,10
1376791138,18,10
1376791335,18,10
1376791377,19,9
1376791981,19,9
1376792196,20,8
1376792474,19,9
1376793078,19,9
1376793359,20,8
1376793964,20,8
1376794567,20,8
1376795171,20,8
1376795775,20,8
1376795963,21,7
1376796567,21,7
1376796954,20,8
1376797557,20,8
1376798161,20,8
1376798766,20,8
1376799370,20,8
1376799973,20,8
1376800098,21,7
1376800702,21,7
1376801306,21,7
1376801910,21,7
1376802515,21,7
1376802925,21,7
1376803004,21,7
1376803006,22,6
1376803118,23,5
1376803722,23,5
1376804326,23,5
1376804834,24,4
1376805283,24,4
1376805286,23,5
1376805758,24,4
1376805977,25,3
1376806292,26,2
1376806602,27,1
1376807206,27,1
1376807810,27,1
1376808414,27,1
1376809019,27,1
1376809623,27,1
1376810227,27,1
1376810830,27,1
1376811434,27,1
1376812038,27,1
1376812642,27,1
1376813246,27,1
1376813850,27,1
1376814164,27,1
1376814166,26,2
1376814770,26,2
1376815414,27,1
1376816018,27,1
1376816622,27,1
1376817226,27,1
1376817830,27,1
1376818434,27,1
1376819038,27,1
1376819528,26,2
1376819744,26,2
1376819787,26,2
1376820282,27,1
1376820886,27,1
1376821490,27,1
1376822094,27,1
1376822698,27,1
1376823340,26,2
1376823618,27,1
1376824222,27,1
1376824630,26,2
1376824961,27,1
1376825565,27,1
1376826057,27,1
1376826661,27,1
1376826756,27,1
1376827360,27,1
1376827964,27,1
1376827968,26,2
1376828542,26,2
1376828604,27,1
1376828635,28,0
1376829239,28,0
1376829844,28,0
1376830447,28,0
1376831051,28,0
1376831654,28,0
1376832258,28,0
1376832862,28,0
