1376208613,37,9
1376208944,37,9
1376208969,37,9
1376209078,38,8
1376209304,38,8
1376209323,38,8
1376209380,39,7
1376209559,40,6
1376209663,40,6
1376209678,40,6
1376210019,40,6
1376210033,40,6
1376210324,40,6
1376210373,40,6
1376210388,40,6
1376210496,41,5
1376210540,42,4
1376210679,42,4
1376210742,42,4
1376211033,42,4
1376211097,42,4
1376211402,42,4
1376211453,42,4
1376211465,42,4
1376211555,42,4
1376211763,42,4
1376211808,42,4
1376212123,42,4
1376212162,42,4
1376212240,42,4
1376212249,43,3
1376212321,42,4
1376212477,42,4
1376212544,42,4
1376212567,42,4
1376212832,42,4
1376212875,43,3
1376213202,43,3
1376213226,43,3
1376213307,44,2
1376213561,44,2
1376213581,44,2
1376213921,44,2
1376213936,44,2
1376214201,44,2
1376214277,45,1
1376214291,45,1
1376214584,45,1
1376214645,45,1
1376214702,44,2
1376214942,44,2
1376215000,43,3
1376215029,44,2
1376215305,44,2
1376215355,44,2
1376215461,45,1
1376215536,44,2
1376215665,45,1
1376215709,45,1
1376215737,45,1
1376215833,45,1
1376215923,46,0
1376216024,46,0
1376216063,46,0
1376216378,46,0
1376216417,46,0
1376216733,46,0
1376216771,46,0
1376217102,46,0
1376217126,46,0
1376217460,46,0
1376217480,46,0
1376217701,45,1
1376217756,45,1
1376217821,45,1
1376217835,45,1
1376218175,45,1
1376218189,45,1
1376218277,44,2
1376218394,45,1
1376218481,46,0
1376218544,46,0
1376218835,46,0
1376218898,46,0
1376219202,46,0
1376219253,46,0
1376219563,46,0
1376219607,46,0
1376219826,45,1
1376219923,45,1
1376219961,45,1
1376220225,45,1
1376220277,46,0
1376220315,46,0
1376220644,46,0
1376220670,46,0
1376221004,46,0
1376221024,46,0
1376221364,46,0
1376221378,46,0
1376221719,46,0
1376221733,46,0
1376222026,46,0
1376222074,45,1
1376222087,45,1
1376222378,45,1
1376222442,45,1
1376222511,44,2
1376222733,44,2
1376222795,44,2
1376223105,45,1
1376223149,45,1
1376223459,45,1
1376223503,45,1
1376223820,45,1
1376223858,45,1
1376223909,46,0
1376224174,46,0
1376224213,46,0
1376224545,46,0
1376224566,46,0
1376224901,46,0
1376224920,46,0
1376225261,46,0
1376225275,46,0
1376225376,45,1
1376225504,45,1
1376225547,45,1
1376225616,45,1
1376225631,45,1
1376225759,44,2
1376225921,44,2
1376225984,44,2
1376225996,45,1
1376226276,45,1
1376226340,43,3
1376226382,44,2
1376226448,46,0
1376226643,46,0
1376226699,46,0
1376227004,46,0
1376227048,46,0
1376227364,46,0
1376227403,46,0
1376227719,46,0
1376227758,46,0
1376228074,46,0
1376228113,46,0
1376228324,46,0
1376228352,44,2
1376228442,44,2
1376228467,44,2
1376228801,44,2
1376228822,44,2
1376229032,45,1
1376229162,45,1
1376229177,45,1
1376229384,46,0
1376229517,46,0
1376229531,46,0
1376229823,46,0
1376229885,46,0
1376229886,46,0
1376230178,46,0
1376230241,46,0
1376230545,46,0
1376230596,46,0
1376230904,46,0
1376230951,46,0
1376231262,46,0
1376231306,46,0
1376231621,46,0
1376231660,46,0
1376231976,46,0
1376232015,46,0
1376232345,46,0
1376232370,46,0
1376232704,46,0
1376232725,46,0
1376233065,46,0
1376233080,46,0
1376233421,46,0
1376233434,46,0
1376233775,46,0
1376233790,46,0
1376234083,46,0
1376234145,46,0
1376234436,46,0
1376234501,46,0
1376234601,45,1
1376234793,45,1
1376234858,45,1
1376234942,46,0
1376235162,46,0
1376235214,46,0
1376235524,46,0
1376235570,46,0
1376235880,46,0
1376235927,46,0
1376236242,46,0
1376236283,46,0
1376236325,45,1
1376236601,45,1
1376236640,45,1
1376236711,46,0
1376236957,46,0
1376236997,46,0
1376237313,46,0
1376237353,46,0
1376237557,46,0
1376237683,46,0
1376237707,46,0
1376237761,45,1
1376237884,44,2
1376238041,44,2
1376238062,44,2
1376238417,44,2
1376238503,43,3
1376238631,42,4
1376238814,43,3
1376238995,44,2
1376239062,44,2
1376239140,43,3
1376239278,44,2
1376239416,45,1
1376239479,45,1
1376239771,45,1
1376239835,45,1
1376240143,45,1
1376240190,45,1
1376240545,45,1
1376240859,45,1
1376240898,45,1
1376241153,45,1
1376241215,45,1
1376241253,45,1
1376241583,45,1
1376241607,45,1
1376241942,46,0
1376241967,45,1
1376242046,45,1
1376242302,45,1
1376242316,45,1
1376242656,45,1
1376242670,45,1
1376242802,43,3
1376242961,43,3
1376243025,43,3
1376243036,43,3
1376243140,43,3
1376243316,42,4
1376243383,43,3
1376243392,44,2
1376243536,43,3
1376243683,43,3
1376243740,44,2
1376244042,44,2
1376244087,44,2
1376244136,43,3
1376244200,42,3
1376244284,42,4
1376244402,43,3
1376244441,43,3
1376244583,41,5
1376244636,41,5
1376244687,41,5
1376244757,41,5
1376244796,41,5
1376244942,41,5
1376244998,41,5
1376245124,41,5
1376245149,41,5
1376245236,41,5
1376245267,42,4
1376245483,42,4
1376245503,42,4
1376245844,42,4
1376245857,42,4
1376245989,43,3
1376246133,44,2
1376246198,44,2
1376246212,44,2
1376246372,44,2
1376246503,44,2
1376246553,44,2
1376246589,43,3
1376246858,43,3
1376246921,43,3
1376247161,42,4
1376247212,42,4
1376247275,42,4
1376247332,43,3
1376247583,43,3
1376247629,43,3
1376247695,43,3
1376247727,44,2
1376247794,43,3
1376247883,44,2
1376247939,44,2
1376247983,44,2
1376248299,44,2
1376248339,44,2
1376248655,44,2
1376248695,44,2
1376248804,43,3
1376249010,43,3
1376249051,43,3
1376249382,43,3
1376249408,43,3
1376249743,44,2
1376249763,43,3
1376249838,44,2
1376250100,44,2
1376250133,44,2
1376250175,45,1
1376250262,44,2
1376250462,44,2
1376250477,44,2
1376250819,44,2
1376250833,44,2
1376251175,44,2
1376251194,43,3
1376251332,42,4
1376251481,42,4
1376251532,42,4
1376251546,42,4
1376251722,42,4
1376251763,42,4
1376251838,42,4
1376251903,42,4
1376252194,42,4
1376252259,42,4
1376252561,41,5
1376252617,42,4
1376252628,42,4
1376252733,43,3
1376252796,44,2
1376252864,41,5
1376252920,41,5
1376252972,41,5
1376252993,41,5
1376253103,42,4
1376253156,43,3
1376253211,43,3
1376253282,42,4
1376253334,42,4
1376253376,43,3
1376253535,44,2
1376253639,44,2
1376253685,44,2
1376254001,44,2
1376254042,44,2
1376254358,44,2
1376254407,43,3
1376254527,42,4
1376254715,42,4
1376254755,42,4
1376255071,42,4
1376255112,42,4
1376255260,43,3
1376255443,43,3
1376255469,43,3
1376255624,43,3
1376255627,42,4
1376255804,42,4
1376255826,42,4
1376256161,42,4
1376256183,42,4
1376256524,42,4
1376256540,42,4
1376256881,42,4
1376256896,42,4
1376257076,43,3
1376257238,41,5
1376257253,41,5
1376257594,41,5
1376257610,41,5
1376257679,40,6
1376257819,40,6
1376257901,40,6
1376257952,41,5
1376257967,41,5
1376258258,41,5
1376258323,41,5
1376258615,41,5
1376258680,41,5
1376258971,41,5
1376259037,41,5
1376259341,41,5
1376259393,41,5
1376259509,42,4
1376259606,41,5
1376259703,41,5
1376259750,41,5
1376260059,41,5
1376260106,41,5
1376260422,41,5
1376260463,41,5
1376260704,42,4
1376260779,42,4
1376260820,42,4
1376261136,42,4
1376261176,42,4
1376261263,40,6
1376261492,40,6
1376261533,40,6
1376261863,40,6
1376261890,40,6
1376262224,40,6
1376262247,40,6
1376262582,40,6
1376262603,40,6
1376262939,40,6
1376262960,40,6
1376263302,40,6
1376263323,39,7
1376263658,39,7
1376263673,39,7
1376264015,39,7
1376264030,39,7
1376264321,39,7
1376264372,39,7
1376264387,39,7
1376264678,39,7
1376264744,40,6
1376264746,41,5
1376265035,41,5
1376265101,41,5
1376265392,41,5
1376265457,41,5
1376265631,39,7
1376265700,34,11
1376265756,30,15
1376265821,26,19
1376265877,22,23
1376265929,19,26
1376266123,19,26
1376266170,19,26
1376266479,19,26
1376266526,19,26
1376266835,19,26
1376266883,19,26
1376267193,19,26
1376267240,19,26
1376267549,19,26
1376267596,19,26
1376267906,19,26
1376267953,19,26
1376268284,19,26
1376268310,19,26
1376268643,19,26
1376268666,19,26
1376269001,19,26
1376269022,19,26
1376269358,19,26
1376269379,19,26
1376269715,19,26
1376269736,19,26
1376270071,19,26
1376270092,19,26
1376270428,19,26
1376270449,19,26
1376270785,19,26
1376270806,19,26
1376271163,19,26
1376271519,19,26
1376271895,19,26
1376272234,19,26
1376272543,19,26
1376272589,19,26
1376272899,19,26
1376272944,19,26
1376273255,19,26
1376273300,19,26
1376273610,19,26
1376273655,19,26
1376273965,19,26
1376274010,19,26
1376274344,19,26
1376274364,19,26
1376274699,19,26
1376274720,19,26
1376275055,19,26
1376275075,19,26
1376275410,19,26
1376275430,19,26
1376275784,19,26
1376275785,19,26
1376276140,19,26
1376276495,19,26
1376276804,19,26
1376276850,19,26
1376276908,19,26
1376276956,20,25
1376277031,20,25
1376277071,21,24
1376277160,21,24
1376277222,21,24
1376277284,21,24
1376277515,22,23
1376277560,22,23
1376277869,22,23
1376277915,22,23
1376277985,21,24
1376278243,21,24
1376278269,21,24
1376278603,21,24
1376278624,21,24
1376278959,21,24
1376278979,21,24
1376279314,21,24
1376279334,21,24
1376279669,21,24
1376279689,21,24
1376280044,21,24
1376280399,21,24
1376280754,21,24
1376281063,21,24
1376281108,21,24
1376281419,21,24
1376281464,21,24
1376281773,21,24
1376281818,21,24
1376282128,21,24
1376282182,22,23
1376282502,22,23
1376282528,22,23
1376282863,22,23
1376282883,22,23
1376283218,22,23
1376283239,22,23
1376283573,22,23
1376283594,22,23
1376283702,21,24
1376283761,21,24
1376283819,21,24
1376283859,22,23
1376283929,22,23
1376284304,21,24
1376284658,21,24
1376284957,20,25
1376285013,20,25
1376285323,21,24
1376285368,21,24
1376285560,20,25
1376285678,20,25
1376285723,20,25
1376286033,20,25
1376286086,19,26
1376286181,20,25
1376286388,20,25
1376286436,19,26
1376286680,20,25
1376286763,20,25
1376286788,20,25
1376287123,20,25
1376287143,20,25
1376287359,20,25
1376287371,21,24
1376287478,21,24
1376287499,21,24
1376287570,20,25
1376287833,20,25
1376287853,20,25
1376287955,21,24
1376288188,22,23
1376288221,21,24
1376288321,21,24
1376288419,21,23
1376288463,22,22
1376288564,22,22
1376288676,22,22
1376288687,23,21
1376288855,24,20
1376288919,24,20
1376288936,25,19
1376289015,25,19
1376289095,26,19
1376289274,26,19
1376289583,27,18
1376289628,27,18
1376289752,28,17
1376289938,28,17
1376289983,28,17
1376290293,28,17
1376290338,28,17
1376290499,28,17
1376290598,28,17
1376290648,29,16
1376290693,29,16
1376290752,30,15
1376291023,31,14
1376291082,32,13
1376291117,31,14
1376291382,30,15
1376291439,30,15
1376291496,29,16
1376291737,30,15
1376291757,30,15
1376291968,31,14
1376292044,31,14
1376292103,33,12
1376292150,35,10
1376292224,35,10
1376292227,36,9
1376292446,36,9
1376292500,37,8
1376292760,38,7
1376292822,39,6
1376292869,39,6
1376292937,40,5
1376292999,40,5
1376293042,41,4
1376293095,41,4
1376293176,41,4
1376293531,41,4
1376293597,42,3
1376293608,43,2
1376293841,43,2
1376293886,43,2
1376294204,43,2
1376294261,43,2
1376294318,43,2
1376294558,43,2
1376294618,44,1
1376294644,43,2
1376294906,43,2
1376294951,43,2
1376295087,44,1
1376295142,44,1
1376295224,43,2
1376295283,43,2
1376295309,44,1
1376295347,43,2
1376295639,43,2
1376295659,43,2
1376295814,43,2
1376295993,43,2
1376296014,43,2
1376296348,43,2
1376296423,43,2
1376296476,43,2
1376296495,43,2
1376296723,43,2
1376297077,43,2
1376297433,43,2
1376297743,43,2
1376297787,42,3
1376297933,43,2
1376298098,43,2
1376298143,43,2
1376298453,43,2
1376298498,43,2
1376298808,43,2
1376298852,43,2
1376299183,43,2
1376299207,43,2
1376299541,43,2
1376299561,43,2
1376299663,43,2
1376299749,43,2
1376299896,43,2
1376299964,44,1
1376300001,42,3
1376300078,43,2
1376300129,42,2
1376300199,42,3
1376300250,43,2
1376300279,42,3
1376300624,42,3
1376300666,41,4
1376300741,41,4
1376300980,41,4
1376301335,42,3
1376301376,42,3
1376301644,42,3
1376301690,42,3
1376302001,42,3
1376302046,42,3
1376302115,41,4
1376302212,42,3
1376302356,42,3
1376302401,42,3
1376302636,43,2
1376302723,43,2
1376302756,42,3
1376303066,42,3
1376303111,42,3
1376303382,42,3
1376303443,42,3
1376303465,42,3
1376303735,40,5
1376303799,40,5
1376303819,40,5
1376303958,40,5
1376303990,40,5
1376304080,40,5
1376304153,41,4
1376304174,42,3
1376304508,42,3
1376304527,42,3
1376304780,42,3
1376304882,42,3
1376305236,42,3
1376305591,42,3
1376305901,42,3
1376305961,41,4
1376306255,41,4
1376306300,41,4
1376306610,41,4
1376306655,41,4
1376306985,41,4
1376307009,41,4
1376307343,41,4
1376307364,41,4
1376307698,41,4
1376307718,41,4
1376308053,41,4
1376308072,41,4
1376308225,42,3
1376308271,41,4
1376308324,42,3
1376308408,42,3
1376308427,42,3
1376308781,42,3
1376308902,42,3
1376308964,43,2
1376309136,42,3
1376309444,42,3
1376309489,42,3
1376309800,42,3
1376309844,42,3
1376310003,41,4
1376310163,41,4
1376310199,42,3
1376310393,41,4
1376310509,41,4
1376310583,41,4
1376310642,42,3
1376310702,43,2
1376310755,43,2
1376310799,42,3
1376310883,42,3
1376310937,42,3
1376311002,43,2
1376311052,43,2
1376311119,43,2
1376311145,42,3
1376311242,42,3
1376311263,42,3
1376311400,43,2
1376311474,44,1
1376311536,43,2
1376311600,43,2
1376311617,43,2
1376311688,42,3
1376311897,43,2
1376311957,42,3
1376311970,42,3
1376312323,42,3
1376312324,42,3
1376312515,43,2
1376312679,43,2
1376313033,43,2
1376313343,43,2
1376313387,43,2
1376313581,43,2
1376313697,43,2
1376313742,43,2
1376314052,43,2
1376314115,44,1
1376314406,44,1
1376314450,44,1
1376314783,44,1
1376314805,44,1
1376315139,44,1
1376315159,44,1
1376315493,44,1
1376315513,44,1
1376315847,44,1
1376315867,44,1
1376316152,43,2
1376316222,43,2
1376316576,43,2
1376316664,44,1
1376316730,44,1
1376316930,44,1
1376317240,44,1
1376317285,44,1
1376317595,44,1
1376317640,44,1
1376317950,44,1
1376317995,44,1
1376318324,44,1
1376318382,44,1
1376318684,44,1
1376318704,44,1
1376318858,44,1
1376318914,44,1
1376319038,44,1
1376319101,44,1
1376319145,43,2
1376319211,43,2
1376319279,43,2
1376319327,43,2
1376319401,41,4
1376319462,41,4
1376319521,42,3
1376319584,43,2
1376319599,43,2
1376319748,43,2
1376319768,43,2
1376319914,43,2
1376319972,42,3
1376320123,42,3
1376320400,41,4
1376320477,41,4
1376320784,41,4
1376320844,41,4
1376321020,39,6
1376321058,40,5
1376321140,40,5
1376321203,41,4
1376321301,41,4
1376321373,41,4
1376321424,41,4
1376321495,42,3
1376321539,42,3
1376321848,42,3
1376321893,42,3
1376322027,42,3
1376322083,43,2
1376322224,42,3
1376322277,42,3
1376322303,42,3
1376322464,42,3
1376322479,42,3
1376322581,42,3
1376322602,42,3
1376322688,43,2
1376322716,44,1
1376322844,44,1
1376322935,44,1
1376322955,44,1
1376323094,45,0
1376323228,44,1
1376323289,44,1
1376323309,44,1
1376323379,43,2
1376323591,44,1
1376323664,44,1
1376323899,45,0
1376323957,44,1
1376324018,44,1
1376324054,43,2
1376324372,43,2
1376324682,44,1
1376324726,44,1
1376324761,43,2
1376324905,44,1
1376325036,44,1
1376325101,45,0
1376325135,44,1
1376325187,43,2
1376325391,43,2
1376325436,43,2
1376325532,42,3
1376325692,41,4
1376325764,41,4
1376325790,41,4
1376326124,41,4
1376326145,41,4
1376326237,42,3
1376326416,41,4
1376326479,41,4
1376326543,40,5
1376326564,42,3
1376326692,42,3
1376326834,43,2
1376326853,43,2
1376326938,43,2
1376326995,44,1
1376327081,44,1
1376327188,44,1
1376327247,43,2
1376327414,44,1
1376327562,44,1
1376327676,44,1
1376327916,44,1
1376328129,45,0
1376328175,44,1
1376328271,42,3
1376328580,41,4
1376328624,41,4
1376328649,40,5
1376328809,39,6
1376328860,38,7
1376328935,38,7
1376328980,37,8
1376329288,37,8
1376329333,37,8
1376329541,36,9
1376329663,36,9
1376329687,36,9
1376330022,36,9
1376330042,36,9
1376330141,37,8
1376330376,38,7
1376330396,38,7
1376330458,39,6
1376330733,37,8
1376330786,35,10
1376331104,35,10
1376331162,35,10
1376331166,34,11
1376331461,34,11
1376331500,33,12
1376331815,33,12
1376331842,32,13
1376331953,31,14
1376332124,31,14
1376332168,31,14
1376332277,32,13
1376332327,31,14
1376332478,31,14
1376332522,31,14
1376332832,31,14
1376332876,31,14
1376333186,31,14
1376333229,31,14
1376333382,31,14
1376333418,33,12
1376333564,33,12
1376333585,32,13
1376333804,32,13
1376333918,31,14
1376333959,30,15
1376333998,29,16
1376334078,30,15
1376334273,30,15
1376334292,30,15
1376334637,31,14
1376335001,31,14
1376335355,31,14
1376335710,31,14
1376335903,30,15
1376335935,29,16
1376336020,29,16
1376336064,29,16
1376336281,30,15
1376336374,30,15
1376336419,30,15
1376336729,30,15
1376336774,30,15
1376337007,29,16
1376337103,29,16
1376337128,29,16
1376337462,29,16
1376337482,29,16
1376337610,28,17
1376337665,29,16
1376337816,29,16
1376337836,29,16
1376338170,29,16
1376338191,29,16
1376338544,29,16
1376338545,29,16
1376338899,29,16
1376339254,29,16
1376339498,29,16
1376339564,29,16
1376339608,29,16
1376339637,28,17
1376339917,28,17
1376339962,28,17
1376340271,28,17
1376340324,27,18
1376340626,27,18
1376340671,27,18
1376340924,28,17
1376341003,28,17
1376341025,28,17
1376341166,29,16
1376341188,28,17
1376341359,27,18
1376341379,27,18
1376341713,27,18
1376341734,27,18
1376342068,27,18
1376342089,27,18
1376342321,27,18
1376342330,28,17
1376342443,28,17
1376342797,28,17
1376343152,28,17
1376343223,27,18
1376343248,27,18
1376343304,27,18
1376343462,28,17
1376343506,28,17
1376343564,27,18
1376343692,26,19
1376343816,26,19
1376343861,26,19
1376344171,26,19
1376344215,26,19
1376344526,25,20
1376344902,25,20
1376344923,25,20
1376345258,25,20
1376345278,25,20
1376345612,25,20
1376345632,25,20
1376345711,23,22
1376345967,23,22
1376345986,23,22
1376346341,23,22
1376346348,22,23
1376346523,22,23
1376346525,23,22
1376346643,23,22
1376346696,22,23
1376346811,23,22
1376347049,23,22
1376347359,23,22
1376347403,23,22
1376347539,22,23
1376347713,22,23
1376347758,22,23
1376347888,21,24
1376348068,21,24
1376348140,20,25
1376348147,19,26
1376348442,19,26
1376348466,19,26
1376348801,19,26
1376348821,19,26
1376349156,19,26
1376349175,19,26
1376349510,19,26
1376349529,19,26
1376349884,19,26
1376349942,19,26
1376349945,18,27
1376350238,18,27
1376350594,18,27
1376350903,18,27
1376350947,18,27
1376351258,19,26
1376351302,19,26
1376351612,19,26
1376351657,19,26
1376351966,19,26
1376352010,19,26
1376352344,19,26
1376352364,19,26
1376352699,19,26
1376352719,19,26
1376353054,19,26
1376353074,19,26
1376353408,19,26
1376353427,19,26
1376353782,19,26
1376354137,19,26
1376354491,19,26
1376354801,19,26
1376354845,19,26
1376355155,19,26
1376355199,19,26
1376355509,19,26
1376355554,19,26
1376355702,19,26
1376355710,20,25
1376355884,20,25
1376355907,20,25
1376356243,20,25
1376356262,20,25
1376356597,20,25
1376356617,20,25
1376356952,20,25
1376356972,20,25
1376357306,20,25
1376357326,20,25
1376357681,20,25
1376358015,20,25
1376358282,20,25
1376358286,20,25
1376358750,20,25
1376359060,20,25
1376359104,20,25
1376359414,20,25
1376359458,20,25
1376359768,20,25
1376359813,20,25
1376360143,20,25
1376360167,20,25
1376360501,20,25
1376360522,20,25
1376360856,20,25
1376360876,20,25
1376361210,20,25
1376361231,20,25
1376361583,20,25
1376361585,20,25
1376361939,20,25
1376362293,20,25
1376362603,20,25
1376362648,20,25
1376362958,20,25
1376363002,20,25
1376363196,21,24
1376363312,21,24
1376363356,22,23
1376363666,22,23
1376363710,22,23
1376364044,22,23
1376364065,22,23
1376364399,22,23
1376364419,22,23
1376364753,22,23
1376364773,22,23
1376365108,22,23
1376365127,22,23
1376365482,22,23
1376365836,22,23
1376366191,22,23
1376366501,22,23
1376366545,22,23
1376366855,22,23
1376366899,22,23
1376367209,22,23
1376367253,22,23
1376367583,22,23
1376367608,22,23
1376367943,22,23
1376367962,22,23
1376368297,22,23
1376368317,22,23
1376368651,22,23
1376368671,22,23
1376369024,22,23
1376369025,22,23
1376369380,22,23
1376369734,22,23
1376370043,22,23
1376370088,22,23
1376370398,22,23
1376370442,22,23
1376370588,21,24
1376370753,21,24
1376370797,21,24
1376370838,22,23
1376371107,22,23
1376371152,22,23
1376371280,23,22
1376371482,23,22
1376371507,23,22
1376371840,23,22
1376371860,23,22
1376372195,23,22
1376372215,23,22
1376372335,24,21
1376372449,23,22
1376372549,23,22
1376372569,23,22
1376372923,23,22
1376372925,23,22
1376373049,22,23
1376373279,22,23
1376373633,22,23
1376373874,23,22
1376373943,23,22
1376373987,22,23
1376374297,22,23
1376374341,23,22
1376374652,23,22
1376374708,22,23
1376374818,23,22
1376374861,23,22
1376375022,23,22
1376375050,24,21
1376375319,25,20
1376375384,25,20
1376375404,25,20
1376375674,26,19
1376375738,26,19
1376375758,26,19
1376376092,26,19
1376376128,27,18
1376376191,28,17
1376376283,28,17
1376376292,29,16
1376376398,30,15
1376376447,30,15
1376376522,30,15
1376376554,31,14
1376376635,31,14
1376376658,32,13
1376376821,32,13
1376376848,31,14
1376376935,32,13
1376377176,33,12
1376377292,34,11
1376377313,34,11
1376377410,35,10
1376377533,37,8
1376377548,37,8
1376377719,37,8
1376377784,37,7
1376377843,36,8
1376377887,36,8
1376377985,37,7
1376378196,37,7
1376378240,37,7
1376378320,38,6
1376378498,40,5
1376378550,41,4
1376378623,41,4
1376378626,42,3
1376378736,42,3
1376378800,42,3
1376378809,43,2
1376378923,43,2
1376378949,43,2
1376379041,43,2
1376379283,43,2
1376379336,44,1
1376379386,44,1
1376379566,43,2
1376379638,43,2
1376379676,44,1
1376379992,44,1
1376380012,44,1
1376380176,44,1
1376380220,44,1
1376380346,44,1
1376380366,44,1
1376380631,44,1
1376380721,45,0
1376381076,45,0
1376381430,45,0
1376381485,45,0
1376381561,45,0
1376381586,45,1
1376381742,45,1
1376382113,44,2
1376382641,45,1
1376382644,46,0
1376382775,46,0
1376383378,46,0
1376383982,46,0
1376384586,46,0
1376385189,46,0
1376385794,46,0
1376386398,46,0
1376386660,46,0
1376387264,46,0
1376387869,46,0
1376388473,46,0
1376389077,46,0
1376389681,46,0
1376390284,46,0
1376390888,46,0
1376391149,45,1
1376391509,46,0
1376392113,46,0
1376392717,46,0
1376393322,46,0
1376393602,44,2
1376393898,44,2
1376393969,44,2
1376394574,44,2
1376395179,44,2
1376395202,43,3
1376395806,43,3
1376396003,44,2
1376396546,45,1
1376397043,45,1
1376397052,46,0
1376397656,46,0
1376398261,46,0
1376398315,45,1
1376398407,46,0
1376399011,46,0
1376399614,46,0
1376400219,46,0
1376400823,46,0
1376401428,46,0
1376401993,45,1
1376402105,46,0
1376402710,46,0
1376403314,46,0
1376403581,45,1
1376403882,43,3
1376403924,43,3
1376404019,44,2
1376404081,44,2
1376404301,44,2
1376404333,45,1
1376404695,44,2
1376404813,46,0
1376405417,46,0
1376406021,46,0
1376406625,46,0
1376407238,44,2
1376407262,44,2
1376407363,44,2
1376407366,45,1
1376407745,44,2
1376407913,43,3
1376408022,44,2
1376408302,45,1
1376408788,44,2
1376409022,43,3
1376409147,42,4
1376409186,43,3
1376409256,44,2
1376409307,45,1
1376409911,45,1
1376410330,44,2
1376410448,45,1
1376411052,45,1
1376411657,45,1
1376412048,44,2
1376412330,45,1
1376412641,44,2
1376412644,43,3
1376412837,42,4
1376413064,42,4
1376413147,42,4
1376413207,43,3
1376413421,44,2
1376414025,44,2
1376414249,44,2
1376414395,45,1
1376414628,44,2
1376414863,44,2
1376414874,45,1
1376415282,45,1
1376415284,44,2
1376415832,43,3
1376416143,44,2
1376416202,43,3
1376416336,43,3
1376416409,43,3
1376416501,42,4
1376416566,43,3
1376416722,43,3
1376416725,42,4
1376416828,42,4
1376416994,41,5
1376417277,40,6
1376417432,41,5
1376417569,40,6
1376417652,41,5
1376417700,42,4
1376417772,43,3
1376417968,43,3
1376417999,44,2
1376418315,45,1
1376418573,44,2
1376418764,45,1
1376418817,44,2
1376419421,44,2
1376419799,45,1
1376420262,44,2
1376420324,44,2
1376420327,43,3
1376420728,45,1
1376420822,44,2
1376420920,43,3
1376421102,42,4
1376421707,42,4
1376421859,43,3
1376422321,44,2
1376422925,44,2
1376423504,44,2
1376423520,42,4
1376424124,42,4
1376424728,42,4
1376425381,42,4
1376425592,43,3
1376425662,43,3
1376425665,42,4
1376426088,41,5
1376426603,40,6
1376427208,40,6
1376427813,39,7
1376428418,39,7
1376428679,38,8
1376428958,38,8
1376429006,39,7
1376429237,40,6
1376429842,40,6
1376430204,38,8
1376430400,39,7
1376430656,40,6
1376431259,40,6
1376431350,39,7
1376431955,39,7
1376432501,39,7
1376432504,38,8
1376432795,37,9
1376433399,37,9
1376433492,36,10
1376433641,34,11
1376433698,34,12
1376433760,29,17
1376433815,25,21
1376433881,21,25
1376433939,17,29
1376433988,15,31
1376434591,15,31
1376435024,16,30
1376435305,18,28
1376435910,18,28
1376436339,17,29
1376436943,17,29
1376437411,15,31
1376438015,15,31
1376438620,15,31
1376439224,15,31
1376439828,15,31
1376440431,15,31
1376441035,15,31
1376441139,14,32
1376441744,14,32
1376442347,14,32
1376442606,13,33
1376443211,13,33
1376443814,13,33
1376444418,13,33
1376444681,13,33
1376444685,13,33
1376445289,13,33
1376445894,13,33
1376446498,13,33
1376447102,13,33
1376447705,13,33
1376448309,13,33
1376448913,13,33
1376449516,13,33
1376449693,13,33
1376449765,14,32
1376449793,15,31
1376450398,15,31
1376450881,14,32
1376451486,14,32
1376452089,14,32
1376452693,14,32
1376453297,14,32
1376453901,14,32
1376454504,14,32
1376455108,14,32
1376455713,14,32
1376456316,14,32
1376456920,14,32
1376457047,13,33
1376457341,13,33
1376457344,12,34
1376457523,12,34
1376457525,13,33
1376458111,14,32
1376458715,14,32
1376459008,13,33
1376459537,12,34
1376459615,13,33
1376459691,12,34
1376459754,11,35
1376460165,11,35
1376460222,11,35
1376460875,12,34
1376460915,12,34
1376461520,12,34
1376461811,14,32
1376462415,14,32
1376462574,15,31
1376462742,15,31
1376462745,16,30
1376462900,18,28
1376463504,18,28
1376463699,18,28
1376463708,19,27
1376463789,21,25
1376463931,23,23
1376464199,24,22
1376464544,24,22
1376465091,25,21
1376465372,26,20
1376465435,26,20
1376465497,27,19
1376465507,28,18
1376465675,28,18
1376465711,28,18
1376465859,30,16
1376465898,30,16
1376466024,30,16
1376466100,31,15
1376466221,31,15
1376466231,32,14
1376466863,32,14
1376466999,33,12
1376467052,35,10
1376467231,36,9
1376467835,36,10
1376468020,36,10
1376468066,36,10
1376468262,37,9
1376468378,38,8
1376468679,38,8
1376468743,40,6
1376468795,40,6
1376469264,39,7
1376469424,40,6
1376469521,40,6
1376469619,40,6
1376469758,40,5
1376469813,40,5
1376469855,40,5
1376469942,41,4
1376469980,41,5
1376470017,40,6
1376470400,41,5
1376470798,40,6
1376471436,41,5
1376471488,40,6
1376471582,41,5
1376471700,42,4
1376472304,42,4
1376472641,42,4
1376472699,41,4
1376472755,42,4
1376472820,41,4
1376472835,42,4
1376473221,43,3
1376473806,44,2
1376473942,45,1
1376474546,45,1
1376475043,45,1
1376475046,44,2
1376475650,44,2
1376475919,45,1
1376476524,45,1
1376476638,46,0
1376476679,45,1
1376476899,45,1
1376476942,44,2
1376477188,45,1
1376477791,45,1
1376477934,44,2
1376478023,45,1
1376478457,44,2
1376478506,44,2
1376478572,45,1
1376479177,45,1
1376479617,44,2
1376479843,44,2
1376479846,45,1
1376480383,44,2
1376480386,45,1
1376480607,44,2
1376481211,44,2
1376481639,43,3
1376481688,42,4
1376482015,43,3
1376482619,43,3
1376483259,43,3
1376483301,44,2
1376483905,44,2
1376484009,42,4
1376484411,41,5
1376485016,41,5
1376485293,42,4
1376485686,43,3
1376485779,43,3
1376485787,44,2
1376486349,45,1
1376486953,45,1
1376487345,45,1
1376487347,46,0
1376487952,46,0
1376488511,45,1
1376488694,44,2
1376488962,44,2
1376488972,45,1
1376489041,46,0
1376489471,46,0
1376489657,46,0
1376489937,45,1
1376490438,46,0
1376491042,46,0
1376491647,46,0
1376492250,46,0
1376492809,45,1
1376493257,46,0
1376493861,46,0
1376494162,45,1
1376494225,46,1
1376494293,45,1
1376494361,46,0
1376494414,46,0
1376495018,46,0
1376495061,45,1
1376495134,44,2
1376495291,43,3
1376495466,44,2
1376495920,43,3
1376496088,44,2
1376496124,45,1
1376496264,46,0
1376496686,45,1
1376496936,44,2
1376497108,42,4
1376497257,42,4
1376497345,41,5
1376497418,41,5
1376497662,41,5
1376497674,43,3
1376497826,44,2
1376497962,45,1
1376498061,46,0
1376498498,45,1
1376498564,45,1
1376498596,45,1
1376498638,44,2
1376498767,45,1
1376498899,46,0
1376499385,45,1
1376499429,46,0
1376499637,45,1
1376499890,44,2
1376500494,44,2
1376500755,43,3
1376501067,42,4
1376501189,41,5
1376501225,40,6
1376501321,40,6
1376501329,41,5
1376501933,41,5
1376502010,41,5
1376502096,40,6
1376502492,39,7
1376502669,40,6
1376502872,41,5
1376503476,41,5
1376503527,41,5
1376503596,41,5
1376503722,40,5
1376503749,40,5
1376503835,40,5
1376504526,39,7
1376504796,39,7
1376504837,40,6
1376504971,40,6
1376505000,41,5
1376505084,42,4
1376505368,43,3
1376505730,42,4
1376505945,43,3
1376505996,43,3
1376506155,42,4
1376506759,42,4
1376507080,42,4
1376507089,41,5
1376507359,42,4
1376507608,43,3
1376508044,43,3
1376508103,40,6
1376508161,40,6
1376508209,40,6
1376508245,42,4
1376508849,42,4
1376508931,43,3
1376509106,44,2
1376509184,45,1
1376509237,45,1
1376509298,44,2
1376509355,44,2
1376509421,45,1
1376509459,45,1
1376509491,46,0
1376510096,46,0
1376510699,46,0
1376511303,46,0
1376511907,46,0
1376512512,46,0
1376513019,44,2
1376513422,45,1
1376514026,45,1
1376514630,45,1
1376515233,45,1
1376515775,44,2
1376515992,45,1
1376516596,45,1
1376517200,45,1
1376517804,45,1
1376518297,44,2
1376518902,44,2
1376519138,45,1
1376519431,46,0
1376520035,46,0
1376520639,46,0
1376520671,45,1
1376521274,45,1
1376521527,45,1
1376521654,43,3
1376522144,43,3
1376522246,45,1
1376522859,46,0
1376523463,46,0
1376524067,46,0
1376524180,45,1
1376524687,44,2
1376525291,44,2
1376525895,44,2
1376526499,44,2
1376526528,43,3
1376527003,44,2
1376527607,44,2
1376528211,44,2
1376528815,44,2
1376528904,43,3
1376529163,42,4
1376529767,42,4
1376530371,42,4
1376530650,41,5
1376531097,41,5
1376531542,40,6
1376532146,40,6
1376532750,40,6
1376533354,40,6
1376533957,40,6
1376534561,40,6
1376535165,40,6
1376535769,40,6
1376536171,39,7
1376536222,39,7
1376536270,40,6
1376536459,41,5
1376537063,41,5
1376537142,41,5
1376537145,40,6
1376537750,40,6
1376538353,40,6
1376538957,40,6
1376539044,41,5
1376539428,40,6
1376540074,41,5
1376540678,41,5
1376540731,40,6
1376541320,41,5
1376541924,41,5
1376542528,41,5
1376543132,41,5
1376543441,42,4
1376544045,42,4
1376544648,42,4
1376545252,42,4
1376545512,43,3
1376546114,44,2
1376546717,44,2
1376547321,44,2
1376547925,44,2
1376548529,44,2
1376549132,44,2
1376549736,44,2
1376550128,43,3
1376550214,44,2
1376550485,45,1
1376551108,46,0
1376551712,46,0
1376552248,45,1
1376552853,45,1
1376553456,45,1
1376554060,45,1
1376554664,45,1
1376554958,44,2
1376555049,45,1
1376555227,46,0
1376555832,46,0
1376556436,46,0
1376556661,45,1
1376557265,45,1
1376557870,45,1
1376558224,44,2
1376558828,44,2
1376559214,43,3
1376559402,43,3
1376559405,44,2
1376560009,44,2
1376560613,44,2
1376560931,45,1
1376561534,45,1
1376562138,45,1
1376562742,45,1
1376562813,45,1
1376562862,46,0
1376563250,45,1
1376563802,46,0
1376564406,46,0
1376564450,45,1
1376564740,44,2
1376564919,45,1
1376565523,45,1
1376565679,46,0
1376566283,46,0
1376566396,45,1
1376566631,44,2
1376566886,43,3
1376567019,44,2
1376567623,44,2
1376567835,45,1
1376568384,44,2
1376568989,44,2
1376569119,43,3
1376569723,43,3
1376569859,43,3
1376570414,43,3
1376570464,43,3
1376570875,41,4
1376571010,42,3
1376571161,43,3
1376571183,43,3
1376571278,42,4
1376571366,41,5
1376571721,42,4
1376572356,41,5
1376572411,41,5
1376572468,41,5
1376572518,42,4
1376573059,43,3
1376573193,44,2
1376573295,43,3
1376573378,43,3
1376573407,43,3
1376573482,44,2
1376573752,43,3
1376574338,42,4
1376574474,43,3
1376574819,43,3
1376574849,44,2
1376574919,44,2
1376575523,44,2
1376575593,43,3
1376576197,43,3
1376576801,43,3
1376576982,44,2
1376577385,44,2
1376577421,45,1
1376577522,45,1
1376577550,45,1
1376577872,46,0
1376577990,45,1
1376578074,44,2
1376578558,43,3
1376578763,44,2
1376579169,45,1
1376579558,45,1
1376579567,46,0
1376580172,46,0
1376580775,46,0
1376580863,45,1
1376580999,46,0
1376581604,46,0
1376582207,46,0
1376582811,46,0
1376583209,46,0
1376583813,46,0
1376584417,46,0
1376584565,45,1
1376585168,45,1
1376585773,45,1
1376586066,44,2
1376586153,43,3
1376586469,42,4
1376586580,43,3
1376587184,43,3
1376587788,43,3
1376587865,43,3
1376587906,43,3
1376587981,43,3
1376588108,43,3
1376588187,43,3
1376588791,43,3
1376588901,45,1
1376589333,46,0
1376589937,46,0
1376590541,46,0
1376590646,45,1
1376591251,45,1
1376591855,45,1
1376592042,44,2
1376592402,44,2
1376592411,44,2
1376592510,45,1
1376592581,45,1
1376593186,45,1
1376593714,45,1
1376594319,45,1
1376594334,44,1
1376594399,44,1
1376594492,43,2
1376594560,42,3
1376594613,41,4
1376594657,41,4
1376595113,40,5
1376595498,41,4
1376596103,41,4
1376596157,41,4
1376596542,41,4
1376596545,39,6
1376597149,39,6
1376597295,38,7
1376597367,38,7
1376597411,39,6
1376597466,38,7
1376598036,37,8
1376598401,37,8
1376598410,36,9
1376599014,36,9
1376599492,37,8
1376600096,37,8
1376600366,36,9
1376600969,36,9
1376601041,36,9
1376601049,37,8
1376601303,37,8
1376601377,38,7
1376601452,37,8
1376601521,36,9
1376602125,36,9
1376602697,37,8
1376603081,37,9
1376603685,37,9
1376603964,38,8
1376604404,38,8
1376604407,37,9
1376605011,37,9
1376605615,37,9
1376606219,37,9
1376606823,37,9
1376607203,38,8
1376607807,38,8
1376608411,38,8
1376608542,39,7
1376608544,40,6
1376608778,38,8
1376609382,38,8
1376609441,40,6
1376610045,40,6
1376610649,40,6
1376611253,40,6
1376611856,40,6
1376612070,38,8
1376612674,38,8
1376613278,38,8
1376613882,38,8
1376614300,37,9
1376614905,37,9
1376615508,37,9
1376616112,37,9
1376616716,37,9
1376617484,37,9
1376617490,37,9
1376618094,37,9
1376618698,37,9
1376619103,37,9
1376619163,31,15
1376619208,27,19
1376619812,27,19
1376620416,27,19
1376620847,27,19
1376621074,28,18
1376621678,28,18
1376622282,28,18
1376622583,28,18
1376622585,29,17
1376622976,29,17
1376623580,29,17
1376623974,28,18
1376624578,28,18
1376625182,28,18
1376625786,28,18
1376626390,28,18
1376626993,28,18
1376627597,28,18
1376627779,27,19
1376628383,27,19
1376628987,27,19
1376629591,27,19
1376630195,27,19
1376630258,28,18
1376630301,27,19
1376630906,27,19
1376631375,26,20
1376631980,26,20
1376632243,26,20
1376632246,27,19
1376632513,28,18
1376632802,27,19
1376632885,27,19
1376632977,28,18
1376633582,28,18
1376633862,28,18
1376633865,27,19
1376634469,27,19
1376634612,28,18
1376634871,29,17
1376635121,29,17
1376635125,28,18
1376635339,28,18
1376635383,28,18
1376635453,28,18
1376635512,29,17
1376635628,29,17
1376636232,29,17
1376636795,30,16
1376637400,30,16
1376637624,31,15
1376637819,31,15
1376637828,32,14
1376637994,33,13
1376638063,34,12
1376638124,35,11
1376638156,36,10
1376638236,37,9
1376638336,36,10
1376638824,35,11
1376638959,37,9
1376639264,37,9
1376639352,39,7
1376639804,39,7
1376639812,40,6
1376640279,40,6
1376640296,41,5
1376640804,42,4
1376640876,41,5
1376640942,41,5
1376640944,42,4
1376641328,41,5
1376641568,40,6
1376641741,41,5
1376642350,40,6
1376642724,41,5
1376643327,41,5
1376643932,41,5
1376644536,41,5
1376645141,41,5
1376645372,40,6
1376645976,40,6
1376646091,39,7
1376646132,40,6
1376646675,41,5
1376646821,41,5
1376646830,42,4
1376647360,41,5
1376647541,41,5
1376647600,42,4
1376647609,43,3
1376647681,44,2
1376647889,43,3
1376647920,42,4
1376648068,41,5
1376648242,42,4
1376648603,41,5
1376648680,41,5
1376648700,41,5
1376648789,41,5
1376648852,43,3
1376648958,42,4
1376649051,41,5
1376649655,41,5
1376649777,42,4
1376649848,41,5
1376649909,41,5
1376649999,43,3
1376650036,44,2
1376650320,45,1
1376650710,44,2
1376651135,43,3
1376651673,44,2
1376651715,45,1
1376652319,45,1
1376652820,45,1
1376652834,45,1
1376653168,45,1
1376653301,45,1
1376653341,45,1
1376653824,44,2
1376654068,44,2
1376654177,44,2
1376654244,45,1
1376654305,45,1
1376654330,45,1
1376654767,45,1
1376655372,45,1
1376655975,45,1
1376656185,45,1
1376656283,45,1
1376656648,45,1
1376656768,43,3
1376656823,44,2
1376657069,45,1
1376657673,45,1
1376657789,45,1
1376657911,44,2
1376657976,43,3
1376658021,44,2
1376658573,43,3
1376658704,44,2
1376658706,43,3
1376658822,43,3
1376658880,44,2
1376658889,45,1
1376659424,45,1
1376659433,43,3
1376659714,43,3
1376659775,44,2
1376659832,45,1
1376659877,45,1
1376659950,45,1
1376660103,45,1
1376660176,45,1
1376660245,45,1
1376660849,45,1
1376661104,45,1
1376661123,45,1
1376661213,45,1
1376661321,45,1
1376661691,44,2
1376662003,44,2
1376662403,45,1
1376662955,45,1
1376663559,45,1
1376663964,44,2
1376664392,43,3
1376664701,44,2
1376665059,45,1
1376665664,45,1
1376666051,44,2
1376666265,45,1
1376666869,45,1
1376667474,45,1
1376667762,44,2
1376667932,45,1
1376668536,45,1
1376669141,45,1
1376669314,44,2
1376669446,44,2
1376669452,44,2
1376669836,43,3
1376669959,42,4
1376670250,41,5
1376670405,41,5
1376670413,42,4
1376670503,42,4
1376670566,42,4
1376670686,41,5
1376670718,42,4
1376670885,40,6
1376670888,39,7
1376671072,38,8
1376671272,37,9
1376671598,36,10
1376671845,37,9
1376671954,38,8
1376672558,38,8
1376672942,39,7
1376673325,38,8
1376673685,39,7
1376674003,39,7
1376674012,40,6
1376674483,40,6
1376674485,39,7
1376674646,38,8
1376675114,36,10
1376675186,35,11
1376675375,34,12
1376675462,35,11
1376676067,35,11
1376676169,34,12
1376676324,33,13
1376676515,34,12
1376677119,34,12
1376677275,35,11
1376677328,36,10
1376677439,35,11
1376677692,34,12
1376677909,33,13
1376678303,32,14
1376678804,32,14
1376678807,31,15
1376679163,32,14
1376679320,33,13
1376679404,35,11
1376679405,35,11
1376679568,34,12
1376680018,35,11
1376680154,34,12
1376680272,33,13
1376680391,32,14
1376680598,33,13
1376681041,34,12
1376681441,35,11
1376681451,36,10
1376681846,37,9
1376682450,37,9
1376682777,36,10
1376683326,37,9
1376683484,36,10
1376683616,37,9
1376683732,36,10
1376684323,35,11
1376684473,34,12
1376684589,33,13
1376685013,34,12
1376685617,34,12
1376685737,33,13
1376686341,33,13
1376686711,32,14
1376686880,33,13
1376687022,34,12
1376687626,34,12
1376688230,34,12
1376688871,35,11
1376689475,35,11
1376689505,34,12
1376689990,33,13
1376690594,33,13
1376690735,32,14
1376690804,32,14
1376691022,30,16
1376691240,31,15
1376691844,31,15
1376692448,31,15
1376693066,30,16
1376693670,30,16
1376694274,30,16
1376694878,30,16
1376695101,31,15
1376695364,32,14
1376695374,33,13
1376695978,33,13
1376696175,32,14
1376696779,32,14
1376697382,32,14
1376697986,32,14
1376698279,31,15
1376698766,30,16
1376699370,30,16
1376699974,30,16
1376700137,31,15
1376700388,30,16
1376700512,29,17
1376700753,29,17
1376700817,30,16
1376700829,31,15
1376701433,31,15
1376701823,30,16
1376702428,30,16
1376703032,30,16
1376703986,30,16
1376704234,29,17
1376704248,28,18
1376704851,28,18
1376705455,28,18
1376706059,28,18
1376706663,28,18
1376707267,28,18
1376707871,28,18
1376708474,28,18
1376708681,28,18
1376708690,29,17
1376709294,29,17
1376709500,28,18
1376709642,27,19
1376709650,28,18
1376710254,28,18
1376710858,28,18
1376711462,28,18
1376712065,28,18
1376712669,28,18
1376713273,28,18
1376713876,28,18
1376714480,28,18
1376715084,28,18
1376715688,28,18
1376716292,28,18
1376716895,28,18
1376717499,28,18
1376717855,29,17
1376717950,28,18
1376718555,28,18
1376718664,29,17
1376719037,30,16
1376719343,31,15
1376719948,31,15
1376720552,31,15
1376721155,31,15
1376721759,31,15
1376722363,31,15
1376722967,31,15
1376723570,31,15
1376724154,30,16
1376724735,31,15
1376725049,32,14
1376725601,32,14
1376725650,32,14
1376725747,33,13
1376725845,33,13
1376725952,32,14
1376725995,32,14
1376726139,32,14
1376726415,33,13
1376726688,32,14
1376727189,32,14
1376727308,32,14
1376727404,32,14
1376727453,33,13
1376727639,32,14
1376727663,33,13
1376728267,33,13
1376728594,35,11
1376728640,36,10
1376729243,36,10
1376729847,36,10
1376729949,36,10
1376730009,37,9
1376730099,37,9
1376730132,37,9
1376730172,37,9
1376730278,38,8
1376730295,37,9
1376730899,37,9
1376731158,38,8
1376731358,37,9
1376731842,37,9
1376731851,38,8
1376732201,39,7
1376732804,39,7
1376733212,38,8
1376733235,37,9
1376733398,37,9
1376733494,40,6
1376733721,41,5
1376734080,40,6
1376734245,40,6
1376734272,38,8
1376734877,38,8
1376735300,37,9
1376735331,38,8
1376735654,37,9
1376736258,37,9
1376736399,37,9
1376736823,38,8
1376736836,38,8
1376736994,37,9
1376737180,37,9
1376737190,38,8
1376737426,38,8
1376737428,39,7
1376737737,39,7
1376737841,41,5
1376737896,43,3
1376737932,44,2
1376738537,44,2
1376738804,44,2
1376738807,43,3
1376738983,42,4
1376739126,41,5
1376739307,42,4
1376739494,41,5
1376739682,42,4
1376739810,43,3
1376739866,44,2
1376740283,44,2
1376740365,44,2
1376740814,43,3
1376740900,43,3
1376740908,44,2
1376741139,43,3
1376741743,43,3
1376741802,43,3
1376741826,44,2
1376742205,44,2
1376742809,44,2
1376742885,44,2
1376742929,45,1
1376743543,44,2
1376743566,45,1
1376744170,45,1
1376744774,45,1
1376744925,45,1
1376744976,44,2
1376745033,44,2
1376745082,45,1
1376745216,44,2
1376745626,44,2
1376745659,45,1
1376746263,45,1
1376746413,45,1
1376746697,44,2
1376746776,44,2
1376746971,43,3
1376747527,44,2
1376747623,43,3
1376747671,44,2
1376747786,44,2
1376747936,45,1
1376748192,45,1
1376748796,45,1
1376749290,45,1
1376749464,43,3
1376749662,44,2
1376750174,44,2
1376750779,44,2
1376750865,45,1
1376750940,44,2
1376751163,44,2
1376751171,45,1
1376751776,45,1
1376752351,44,2
1376752482,42,4
1376752695,41,5
1376752874,40,6
1376752949,41,5
1376753080,42,4
1376753275,42,4
1376753487,43,3
1376753598,44,2
1376753939,45,1
1376754085,45,1
1376754262,44,2
1376754401,45,1
1376755005,45,1
1376755466,45,1
1376755900,45,1
1376755917,45,1
1376756202,44,2
1376756212,43,3
1376756501,44,2
1376756509,45,1
1376756729,44,2
1376756804,45,1
1376756820,43,3
1376756925,42,3
1376756935,42,4
1376757455,42,4
1376757513,44,2
1376757537,43,3
1376757802,44,2
1376757943,43,3
1376757955,44,2
1376758015,43,3
1376758301,45,1
1376758753,44,2
1376759299,44,2
1376759331,45,1
1376759596,44,2
1376759854,44,2
1376759923,44,2
1376759981,44,2
1376760011,43,3
1376760099,43,3
1376760275,43,3
1376760328,43,3
1376760364,44,2
1376760640,44,2
1376760672,45,1
1376761275,44,2
1376761514,45,1
1376761752,44,2
1376761853,43,3
1376761931,44,2
1376762199,45,1
1376762244,44,2
1376762849,44,2
1376762915,42,4
1376763262,41,5
1376763488,42,4
1376763683,41,5
1376764038,42,4
1376764451,43,3
1376764641,44,2
1376764751,45,1
1376764984,45,1
1376765265,45,1
1376765416,45,1
1376766021,45,1
1376766624,45,1
1376766802,44,2
1376767406,44,2
1376767535,42,4
1376767602,43,3
1376767611,44,2
1376767731,43,3
1376768296,44,2
1376768647,44,2
1376768720,44,2
1376768881,44,2
1376769267,44,2
1376769332,45,1
1376769936,45,1
1376770050,44,2
1376770654,44,2
1376771203,44,2
1376771245,44,2
1376771300,44,2
1376771371,45,1
1376771976,45,1
1376772580,45,1
1376773184,45,1
1376773572,44,2
1376774107,43,3
1376774382,42,4
1376774979,43,3
1376775216,43,3
1376775263,44,2
1376775867,44,2
1376776000,45,1
1376776604,45,1
1376776734,44,2
1376776840,44,2
1376776958,44,2
1376777003,45,1
1376777607,45,1
1376777820,44,2
1376778386,43,3
1376778502,44,2
1376778782,43,3
1376779386,43,3
1376779974,42,4
1376780244,42,4
1376780289,43,3
1376780739,43,3
1376780748,44,2
1376781353,44,2
1376781801,45,1
1376782406,45,1
1376783010,45,1
1376783500,44,2
1376784104,44,2
1376784708,44,2
1376785312,44,2
1376785375,43,3
1376785979,43,3
1376786080,43,3
1376786091,44,2
1376786695,44,2
1376786935,43,3
1376787540,43,3
1376788143,43,3
1376788747,43,3
1376789351,43,3
1376789955,43,3
1376790285,43,3
1376790318,43,3
1376790922,43,3
1376791526,43,3
1376792130,43,3
1376792340,42,4
1376792944,42,4
1376793585,41,5
1376793901,40,6
1376794002,39,7
1376794607,39,7
1376794769,36,10
1376795256,37,9
1376795521,36,10
1376795757,37,9
1376795909,36,10
1376795982,36,10
1376796037,37,9
1376796155,36,10
1376796733,35,11
1376796871,36,10
1376797476,36,10
1376798080,36,10
1376798683,36,10
1376799008,37,9
1376799612,37,9
1376800216,37,9
1376800820,37,9
1376801233,38,8
1376801836,38,8
1376801918,39,7
1376802522,39,7
1376803125,39,7
1376803729,39,7
1376804338,38,8
1376804911,39,7
1376805214,40,6
1376805818,40,6
1376806113,41,5
1376806718,41,5
1376807322,41,5
1376807925,41,5
1376808194,42,4
1376808799,42,4
1376809402,42,4
1376810006,42,4
1376810294,41,5
1376810427,42,4
1376810926,42,4
1376810928,43,3
1376811153,42,4
1376811239,43,3
1376811843,43,3
1376812447,43,3
1376812830,44,2
1376813221,45,1
1376813825,45,1
1376814429,45,1
1376815033,45,1
1376815636,45,1
1376816240,45,1
1376816683,44,2
1376817287,44,2
1376817890,44,2
1376818323,45,1
1376818506,45,1
1376819109,45,1
1376819384,44,2
1376819760,43,3
1376820070,43,2
1376820123,44,1
1376820727,44,2
1376821298,43,3
1376821596,44,2
1376821630,44,2
1376821710,44,1
1376821780,45,1
1376822384,45,1
1376822987,45,1
1376823597,44,2
1376823677,44,2
1376823725,45,1
1376823795,45,1
1376824398,45,1
1376825002,45,1
1376825308,45,1
1376825912,45,1
1376826363,45,1
1376826463,45,1
1376826481,45,1
1376826939,45,1
1376827155,45,1
1376827234,44,2
1376827289,44,2
1376827483,43,3
1376827530,43,3
1376827571,44,2
1376828175,44,2
1376828444,44,2
1376828447,45,1
1376828900,45,1
1376828970,44,2
1376829001,43,3
1376829605,43,3
1376830210,43,3
1376830340,44,2
1376830783,43,3
1376830786,44,2
1376831209,43,3
1376831409,44,2
1376831481,43,3
1376831546,43,2
1376831618,43,2
1376831647,43,2
1376831956,42,3
1376832560,42,4
1376832612,42,4
1376832683,42,4
1376832756,42,4
1376832822,42,4
1376832869,42,4
1376832911,43,3
