1376208570,42,11
1376208923,42,11
1376209299,41,12
1376209309,42,11
1376209649,42,11
1376209959,42,11
1376210003,42,11
1376210312,42,11
1376210336,42,11
1376210665,42,11
1376210688,42,11
1376211041,42,11
1376211062,42,11
1376211396,42,11
1376211748,42,11
1376212121,42,11
1376212454,42,11
1376212784,42,11
1376212808,42,11
1376213137,42,11
1376213161,42,11
1376213408,41,12
1376213494,42,11
1376213533,42,11
1376213862,42,11
1376213887,42,11
1376214220,42,11
1376214240,42,11
1376214569,42,11
1376214595,42,11
1376214927,42,11
1376214947,42,11
1376215301,42,11
1376215652,42,11
1376215963,42,11
1376216006,42,11
1376216317,42,11
1376216360,42,11
1376216669,42,11
1376216712,42,11
1376217042,42,11
1376217066,42,11
1376217401,42,11
1376217420,42,11
1376217753,42,11
1376217772,42,11
1376217910,41,12
1376218125,41,12
1376218126,41,12
1376218460,41,12
1376218832,41,12
1376219082,42,11
1376219141,40,13
1376219184,40,13
1376219495,40,13
1376219519,40,13
1376219848,40,13
1376219892,40,13
1376220225,40,13
1376220244,40,13
1376220578,40,13
1376220598,40,13
1376220931,40,13
1376220951,40,13
1376221303,40,13
1376221331,42,11
1376221658,42,11
1376222011,42,11
1376222320,42,11
1376222364,42,11
1376222673,42,11
1376222716,42,11
1376222851,42,11
1376223025,42,11
1376223069,42,11
1376223334,43,10
1376223404,43,10
1376223423,43,10
1376223757,43,10
1376223777,43,10
1376224111,43,10
1376224130,43,10
1376224483,43,10
1376224516,44,9
1376224836,44,9
1376225144,44,9
1376225189,44,9
1376225498,44,9
1376225541,44,9
1376225851,44,9
1376225895,44,9
1376226224,44,9
1376226248,44,9
1376226581,44,9
1376226601,44,9
1376226647,44,9
1376226759,44,9
1376226935,44,9
1376226954,44,9
1376227083,41,12
1376227288,41,12
1376227308,41,12
1376227661,41,12
1376227708,42,11
1376227834,41,12
1376228014,41,12
1376228323,41,12
1376228367,41,12
1376228444,41,12
1376228465,43,10
1376228676,43,10
1376228719,43,10
1376228850,43,10
1376228877,44,9
1376228979,43,10
1376229030,43,10
1376229073,43,10
1376229403,43,10
1376229428,43,10
1376229761,43,10
1376229781,43,10
1376230115,43,10
1376230134,43,10
1376230469,42,11
1376230488,42,11
1376230841,42,11
1376231195,42,11
1376231504,42,11
1376231548,42,11
1376231857,42,11
1376231901,42,11
1376232211,42,11
1376232254,42,11
1376232584,42,11
1376232608,42,11
1376232942,42,11
1376232961,42,11
1376233295,42,11
1376233315,42,11
1376233648,42,11
1376233668,42,11
1376233823,43,10
1376234022,43,10
1376234109,44,9
1376234375,44,9
1376234684,44,9
1376234728,44,9
1376235039,44,9
1376235082,44,9
1376235393,44,9
1376235435,44,9
1376235764,44,9
1376235790,44,9
1376236058,44,9
1376236122,45,8
1376236174,46,7
1376236242,46,7
1376236283,45,8
1376236363,46,7
1376236476,47,6
1376236495,47,6
1376236591,49,4
1376236830,49,4
1376236849,49,4
1376236986,50,3
1376237203,50,3
1376237299,49,4
1376237556,49,4
1376237944,50,3
1376238218,50,3
1376238263,50,3
1376238319,50,3
1376238572,50,3
1376238616,50,3
1376238844,49,4
1376238938,49,4
1376238987,50,3
1376239302,50,3
1376239323,50,3
1376239657,50,3
1376239677,50,3
1376240010,50,3
1376240030,50,3
1376240383,50,3
1376240384,50,3
1376240736,50,3
1376241090,50,3
1376241400,50,3
1376241443,50,3
1376241754,50,3
1376241798,50,3
1376242108,50,3
1376242151,50,3
1376242304,50,3
1376242307,49,4
1376242481,49,4
1376242505,49,4
1376242681,48,5
1376242839,48,5
1376242859,48,5
1376243193,48,5
1376243213,48,5
1376243547,48,5
1376243566,48,5
1376243839,48,5
1376243920,48,5
1376244127,48,5
1376244274,48,5
1376244582,48,5
1376244627,48,5
1376244936,48,5
1376244980,48,5
1376245290,48,5
1376245333,48,5
1376245663,48,5
1376245686,48,5
1376246020,48,5
1376246039,48,5
1376246374,48,5
1376246394,48,5
1376246727,48,5
1376246747,48,5
1376247101,48,5
1376247455,48,5
1376247764,48,5
1376247808,48,5
1376248117,48,5
1376248162,48,5
1376248471,48,5
1376248515,48,5
1376248844,48,5
1376248903,48,5
1376248913,49,4
1376249201,49,4
1376249222,49,4
1376249555,49,4
1376249626,49,4
1376249628,48,5
1376249909,48,5
1376249957,47,6
1376250282,47,6
1376250636,47,6
1376250944,47,6
1376250989,47,6
1376251299,47,6
1376251322,47,6
1376251652,47,6
1376251695,47,6
1376252024,47,6
1376252049,47,6
1376252382,47,6
1376252402,47,6
1376252735,47,6
1376252755,47,6
1376253089,47,6
1376253148,46,7
1376253463,46,7
1376253579,46,7
1376253590,47,6
1376253815,47,6
1376254056,48,5
1376254123,48,5
1376254169,48,5
1376254227,49,4
1376254477,49,4
1376254538,49,4
1376254832,49,4
1376254875,49,4
1376255204,48,5
1376255229,47,6
1376255563,47,6
1376255582,47,6
1376255916,47,6
1376255966,44,9
1376256269,44,9
1376256289,44,9
1376256643,44,9
1376256996,44,9
1376257350,44,9
1376257659,44,9
1376257703,44,9
1376258013,44,9
1376258037,44,9
1376258366,44,9
1376258410,44,9
1376258744,44,9
1376258763,44,9
1376259096,44,9
1376259117,44,9
1376259450,44,9
1376259471,44,9
1376259824,44,9
1376260178,44,9
1376260531,44,9
1376260840,43,10
1376260885,43,10
1376261194,43,10
1376261238,43,10
1376261548,43,10
1376261571,43,10
1376261921,43,10
1376261946,43,10
1376262278,43,10
1376262299,43,10
1376262632,43,10
1376262652,43,10
1376262987,43,10
1376263005,43,10
1376263359,43,10
1376263712,43,10
1376264022,43,10
1376264065,43,10
1376264375,43,10
1376264419,43,10
1376264729,43,10
1376264773,43,10
1376265082,43,10
1376265126,43,10
1376265461,43,10
1376265480,43,10
1376265813,43,10
1376265834,43,10
1376266168,43,10
1376266187,43,10
1376266540,43,10
1376266895,43,10
1376267203,43,10
1376267247,43,10
1376267556,43,10
1376267600,43,10
1376267910,43,10
1376267954,43,10
1376268284,43,10
1376268308,43,10
1376268641,43,10
1376268662,43,10
1376268994,43,10
1376269015,43,10
1376269349,43,10
1376269369,43,10
1376269873,43,10
1376270084,43,10
1376270438,43,10
1376270792,43,10
1376271100,43,10
1376271145,43,10
1376271453,43,10
1376271498,43,10
1376271807,43,10
1376271852,43,10
1376272184,43,10
1376272206,43,10
1376272539,43,10
1376272559,43,10
1376272892,43,10
1376273246,43,10
1376273266,43,10
1376273620,43,10
1376273974,43,10
1376274283,43,10
1376274327,43,10
1376274636,43,10
1376274681,43,10
1376274989,43,10
1376275034,43,10
1376275363,43,10
1376275388,43,10
1376275722,43,10
1376275741,43,10
1376276075,43,10
1376276095,43,10
1376276429,43,10
1376276448,43,10
1376276802,43,10
1376277157,43,10
1376277509,43,10
1376277819,43,10
1376277864,43,10
1376278172,43,10
1376278216,43,10
1376278526,43,10
1376278570,43,10
1376278923,43,10
1376279258,43,10
1376279277,43,10
1376279611,43,10
1376279631,43,10
1376279984,43,10
1376279985,43,10
1376280338,43,10
1376280692,43,10
1376281000,43,10
1376281045,43,10
1376281355,43,10
1376281399,43,10
1376281708,43,10
1376281753,43,10
1376282082,43,10
1376282106,43,10
1376282301,44,9
1376282440,44,9
1376282460,44,9
1376282794,44,9
1376282814,44,9
1376283147,44,9
1376283167,44,9
1376283521,44,9
1376283874,44,9
1376284183,44,9
1376284228,44,9
1376284538,44,9
1376284559,44,10
1376285164,44,10
1376285768,44,10
1376286372,44,10
1376286975,44,10
1376287579,44,10
1376288182,44,10
1376288786,44,10
1376288860,45,9
1376289464,45,9
1376290069,45,9
1376290503,44,10
1376290699,45,9
1376291303,45,9
1376291331,44,10
1376291416,44,10
1376291484,45,9
1376291956,46,8
1376292560,46,8
1376293164,46,8
1376293594,47,7
1376294199,47,7
1376294224,48,6
1376294604,47,7
1376295208,47,7
1376295811,47,7
1376296183,47,7
1376296208,48,6
1376296812,48,6
1376297172,47,7
1376297775,47,7
1376298277,47,6
1376298881,47,6
1376299280,48,5
1376299751,47,6
1376299902,47,6
1376300505,47,6
1376301109,47,6
1376301713,47,6
1376302316,47,6
1376302582,46,7
1376303186,46,7
1376303285,45,8
1376303889,45,8
1376304492,45,8
1376305096,45,8
1376305700,45,8
1376306303,45,8
1376306557,46,7
1376306581,45,8
1376307185,45,8
1376307788,45,8
1376308392,45,8
1376308479,45,8
1376308488,46,7
1376309096,47,6
1376309597,48,5
1376309648,50,5
1376309734,47,8
1376310251,47,8
1376310855,47,8
1376310996,48,7
1376311600,48,7
1376312204,48,7
1376312807,48,7
1376313444,47,8
1376314048,47,8
1376314651,47,8
1376315255,47,8
1376315618,46,9
1376315970,46,9
1376316054,46,9
1376316216,47,8
1376316820,47,8
1376317424,47,8
1376317589,49,6
1376317712,49,5
1376317750,49,5
1376317879,49,5
1376317943,49,5
1376318023,49,5
1376318057,49,6
1376318093,49,6
1376318163,49,6
1376318226,50,5
1376318550,51,4
1376318717,52,3
1376319320,52,3
1376319695,52,3
1376319747,51,4
1376320032,52,3
1376320636,52,3
1376321239,52,3
1376321803,51,3
1376321841,51,3
1376321917,52,3
1376321961,51,4
1376322041,51,4
1376322061,51,4
1376322121,51,4
1376322444,52,3
1376323048,52,3
1376323500,52,3
1376323872,52,3
1376323922,52,3
1376324308,51,4
1376324378,51,4
1376324387,52,3
1376324991,52,3
1376325459,52,3
1376326063,52,3
1376326666,52,3
1376327270,52,3
1376327366,51,4
1376327969,51,4
1376328322,51,4
1376328373,52,3
1376328976,52,3
1376329377,50,5
1376329981,50,5
1376330065,49,6
1376330669,49,6
1376331272,49,6
1376331356,48,7
1376331576,48,7
1376331610,48,7
1376331663,48,7
1376332174,48,7
1376332232,48,7
1376332350,48,7
1376332480,48,7
1376332499,48,7
1376332601,48,7
1376332648,49,6
1376332679,49,6
1376332802,49,6
1376332858,48,7
1376332961,47,8
1376333565,47,8
1376334168,47,8
1376334404,47,8
1376334940,47,8
1376334948,48,7
1376335552,48,7
1376335872,47,8
1376336376,46,9
1376336979,46,9
1376337523,46,9
1376338187,46,9
1376338791,46,9
1376339394,46,9
1376339622,47,8
1376340226,47,8
1376340829,47,8
1376341433,47,8
1376341602,47,8
1376342205,46,9
1376342809,46,9
1376343412,46,9
1376344015,46,9
1376344619,46,9
1376345223,46,9
1376345827,47,8
1376346431,47,8
1376347035,47,8
1376347638,47,8
1376348242,47,8
1376348846,47,8
1376349449,47,8
1376350053,47,8
1376350656,47,8
1376351260,47,8
1376351863,47,8
1376352467,47,8
1376353070,47,8
1376353673,47,8
1376354277,47,8
1376354880,47,8
1376355484,47,8
1376356274,47,8
1376356877,47,8
1376357480,47,8
1376358084,47,8
1376358688,47,8
1376359291,47,8
1376359894,47,8
1376360498,47,8
1376361101,47,8
1376361705,47,8
1376362308,47,8
1376362912,47,8
1376363516,47,8
1376364119,47,8
1376364723,47,8
1376365326,47,8
1376365930,47,8
1376366534,47,8
1376367137,47,8
1376367741,47,8
1376368344,47,8
1376368948,47,8
1376369552,47,8
1376370155,47,8
1376370759,47,8
1376371363,47,8
1376371967,47,8
1376372570,47,8
1376373174,47,8
1376373778,47,8
1376374382,47,8
1376374985,47,8
1376375589,47,8
1376376192,47,8
1376376491,46,9
1376376642,47,8
1376377245,47,8
1376377849,47,8
1376378452,47,8
1376379055,47,8
1376379659,47,8
1376380263,47,8
1376380687,48,7
1376381291,48,7
1376381895,48,7
1376382498,48,7
1376383102,48,7
1376383706,48,7
1376384309,48,7
1376384913,48,7
1376385516,48,7
1376386120,48,7
1376386481,48,7
1376386491,49,6
1376387094,49,6
1376387699,49,6
1376388302,49,6
1376388906,49,6
1376389509,49,6
1376390113,49,6
1376390716,49,6
1376390849,50,5
1376391453,50,5
1376392057,50,5
1376392660,50,5
1376393264,50,5
1376393868,50,5
1376394471,50,5
1376395075,50,5
1376395168,51,4
1376395771,51,4
1376396375,51,4
1376396802,51,4
1376397406,51,4
1376398009,51,4
1376398168,52,3
1376398772,52,3
1376399376,52,3
1376399979,52,3
1376400583,52,3
1376400694,53,2
1376401297,53,2
1376401901,53,2
1376402504,53,2
1376403108,53,2
1376403712,53,2
1376404315,53,2
1376404434,52,3
1376405037,52,3
1376405126,52,3
1376405156,53,2
1376405759,53,2
1376406363,53,2
1376406967,53,2
1376407570,53,2
1376408174,53,2
1376408777,53,2
1376409381,53,2
1376409984,53,2
1376410378,54,1
1376410448,53,2
1376411052,53,2
1376411655,53,2
1376411835,52,3
1376412196,50,5
1376412800,50,5
1376413119,48,7
1376413229,49,6
1376413833,49,6
1376414418,48,7
1376415000,49,6
1376415603,49,6
1376416207,49,6
1376416341,48,7
1376416530,47,8
1376417133,47,8
1376417737,47,8
1376418341,47,8
1376418953,47,8
1376419558,47,8
1376419885,46,9
1376420489,46,9
1376420983,47,8
1376421043,47,8
1376421481,46,9
1376422085,46,9
1376422164,45,10
1376422767,45,10
1376423371,45,10
1376423872,44,11
1376424476,44,11
1376425079,44,11
1376425683,44,11
1376426263,44,11
1376426680,46,9
1376427283,46,9
1376427539,45,10
1376428142,45,10
1376428746,45,10
1376429350,45,10
1376429953,45,10
1376430325,45,10
1376430929,45,10
1376431532,45,10
1376432136,45,10
1376432739,45,10
1376433343,45,10
1376433947,45,10
1376434550,45,10
1376435154,45,10
1376435758,45,10
1376436362,45,10
1376436965,45,10
1376437568,45,10
1376437872,44,11
1376438476,44,11
1376439080,44,11
1376439683,44,11
1376440287,44,11
1376440891,44,11
1376441494,44,11
1376442098,44,11
1376442671,44,11
1376443274,44,11
1376443878,44,11
1376444482,44,11
1376445085,44,11
1376445690,44,11
1376446293,44,11
1376446897,44,11
1376447500,44,11
1376448104,44,11
1376448708,44,11
1376449311,44,11
1376449915,44,11
1376450518,44,11
1376451122,44,11
1376451725,44,11
1376452329,44,11
1376452932,44,11
1376453536,44,11
1376454140,44,11
1376454743,44,11
1376455347,44,11
1376455951,44,11
1376456555,44,11
1376457159,44,11
1376457763,44,11
1376458366,44,11
1376458971,44,11
1376459574,44,11
1376460178,44,11
1376460783,44,11
1376461203,43,12
1376461807,43,12
1376462411,43,12
1376463043,43,12
1376463046,44,11
1376463649,44,11
1376463880,45,10
1376463890,46,9
1376464249,45,10
1376464352,45,10
1376464398,46,9
1376465001,46,9
1376465605,46,9
1376466208,46,9
1376466813,46,9
1376467417,46,9
1376468020,46,9
1376468625,46,9
1376469230,46,9
1376469834,46,9
1376470438,46,9
1376471042,46,9
1376471438,46,9
1376471449,47,8
1376472052,47,8
1376472656,47,8
1376472932,46,9
1376473081,46,9
1376473195,47,8
1376473798,47,8
1376474402,47,8
1376475006,47,8
1376475609,47,8
1376476212,47,8
1376476817,47,8
1376477420,47,8
1376478024,47,8
1376478628,47,8
1376479231,47,8
1376479836,47,8
1376480173,48,7
1376480777,48,7
1376481266,47,8
1376481703,47,8
1376481706,48,7
1376482122,47,8
1376482211,47,8
1376482298,46,9
1376482902,46,9
1376483505,46,9
1376484109,46,9
1376484712,46,9
1376485316,46,9
1376485850,46,9
1376485962,46,9
1376486566,46,9
1376487100,46,9
1376487109,47,8
1376487713,47,8
1376488317,47,8
1376488921,47,8
1376489083,47,8
1376489093,48,7
1376489696,48,7
1376490300,48,7
1376490904,48,7
1376490983,47,8
1376491587,47,8
1376492191,47,8
1376492795,47,8
1376493399,47,8
1376493428,46,9
1376494032,46,9
1376494573,45,10
1376494663,45,9
1376494719,46,8
1376495323,46,9
1376495648,47,8
1376496253,47,8
1376496399,46,9
1376497003,46,9
1376497043,44,11
1376497647,44,11
1376497697,44,11
1376498301,44,11
1376498580,43,12
1376498917,43,12
1376498943,44,11
1376499547,44,11
1376499994,45,10
1376500598,45,10
1376500865,46,9
1376501469,46,9
1376502068,47,8
1376502671,47,8
1376502999,48,7
1376503604,48,7
1376504208,48,7
1376504812,48,7
1376505384,49,6
1376505988,49,6
1376506592,49,6
1376507195,49,6
1376507306,48,7
1376507910,48,7
1376508513,48,7
1376509117,48,7
1376509720,48,7
1376510324,48,7
1376510928,48,7
1376511531,48,7
1376512135,48,7
1376512739,48,7
1376513344,48,7
1376513947,48,7
1376514551,48,7
1376515155,48,7
1376515460,47,8
1376516064,47,8
1376516667,47,8
1376517271,47,8
1376517875,47,8
1376518478,47,8
1376518734,46,9
1376519338,46,9
1376519863,45,9
1376519907,45,9
1376520077,45,9
1376520222,45,9
1376520266,45,9
1376520321,45,9
1376520404,45,9
1376520583,45,9
1376520625,45,9
1376520941,45,9
1376520985,45,9
1376521301,45,9
1376521344,45,9
1376521661,45,9
1376521705,45,9
1376522021,45,9
1376522064,45,9
1376522380,45,9
1376522424,45,9
1376522739,45,9
1376522783,45,9
1376523100,45,9
1376523142,45,9
1376523458,45,9
1376523502,45,9
1376523817,45,9
1376523861,45,9
1376524177,45,9
1376524220,45,9
1376524536,45,9
1376524581,45,9
1376524896,45,9
1376524939,45,9
1376525256,45,9
1376525299,45,9
1376525615,45,9
1376525659,45,9
1376525974,45,9
1376526017,45,9
1376526334,45,9
1376526378,45,9
1376526693,45,9
1376526736,45,9
1376527053,45,9
1376527096,45,9
1376527411,45,9
1376527455,45,9
1376527641,44,10
1376527770,44,10
1376527816,44,10
1376528130,44,10
1376528174,44,10
1376528489,44,10
1376528533,44,10
1376528848,44,10
1376528892,44,10
1376529160,44,10
1376529211,44,10
1376529260,44,10
1376529514,43,11
1376529576,42,12
1376529620,42,12
1376529934,42,12
1376529978,42,12
1376530294,42,12
1376530337,42,12
1376530653,42,12
1376530696,42,12
1376531013,42,12
1376531055,42,12
1376531371,42,12
1376531415,42,12
1376531730,42,12
1376531774,42,12
1376532089,42,12
1376532133,42,12
1376532449,42,12
1376532492,42,12
1376532807,42,12
1376532851,42,12
1376533183,42,12
1376533210,42,12
1376533542,42,12
1376533569,42,12
1376533901,42,12
1376533928,42,12
1376534263,42,12
1376534288,42,12
1376534623,42,12
1376534647,42,12
1376534982,42,12
1376535006,42,12
1376535342,42,12
1376535365,42,12
1376535700,42,12
1376535723,42,12
1376536060,42,12
1376536082,42,12
1376536418,42,12
1376536441,42,12
1376536777,42,12
1376536800,42,12
1376537142,42,12
1376537159,42,12
1376537501,42,12
1376537517,42,12
1376537860,42,12
1376537877,42,12
1376538217,42,12
1376538234,42,12
1376538576,42,12
1376538593,42,12
1376538935,42,12
1376538952,42,12
1376539294,42,12
1376539311,42,12
1376539602,42,12
1376539653,42,12
1376539670,42,12
1376539961,42,12
1376540013,42,12
1376540065,41,13
1376540320,41,13
1376540372,41,13
1376540388,41,13
1376540679,41,13
1376540731,41,13
1376540747,41,13
1376541038,41,13
1376541089,41,13
1376541106,41,13
1376541398,41,13
1376541448,41,13
1376541465,41,13
1376541756,41,13
1376541807,41,13
1376541824,41,13
1376542115,41,13
1376542183,41,13
1376542474,41,13
1376542543,41,13
1376542834,41,13
1376542902,41,13
1376543192,41,13
1376543261,41,13
1376543552,41,13
1376543620,41,13
1376543923,41,13
1376543978,41,13
1376544280,41,13
1376544338,41,13
1376544641,41,13
1376544697,41,13
1376545000,41,13
1376545056,41,13
1376545363,41,13
1376545415,41,13
1376545723,41,13
1376545774,41,13
1376546082,41,13
1376546134,41,13
1376546443,41,13
1376546492,41,13
1376546801,41,13
1376546852,41,13
1376547160,41,13
1376547210,41,13
1376547249,40,14
1376547519,40,14
1376547570,40,14
1376547878,40,14
1376547929,40,14
1376548237,40,14
1376548289,40,14
1376548602,40,14
1376548647,40,14
1376548961,40,14
1376549006,40,14
1376549321,40,14
1376549365,40,14
1376549680,40,14
1376549725,40,14
1376550040,40,14
1376550084,40,14
1376550398,40,14
1376550443,40,14
1376550758,40,14
1376550806,39,15
1376550865,39,15
1376551117,39,15
1376551162,39,15
1376551343,40,14
1376551476,40,14
1376551521,40,14
1376551835,40,14
1376551880,40,14
1376552195,40,14
1376552238,40,14
1376552553,40,14
1376552610,40,14
1376552681,41,13
1376552740,40,14
1376552751,41,13
1376552913,41,13
1376552958,41,13
1376553272,41,13
1376553343,41,13
1376553388,42,12
1376553440,43,11
1376553631,43,11
1376553675,43,11
1376553989,43,11
1376554059,42,12
1376554067,41,13
1376554349,41,13
1376554394,41,13
1376554708,41,13
1376554754,41,13
1376555068,41,13
1376555112,41,13
1376555428,41,13
1376555472,41,13
1376555786,41,13
1376555831,41,13
1376556164,41,13
1376556191,41,13
1376556507,41,13
1376556552,41,13
1376556866,41,13
1376556911,41,13
1376557243,41,13
1376557270,41,13
1376557603,41,13
1376557630,41,13
1376557945,41,13
1376557990,40,14
1376558323,40,14
1376558350,40,14
1376558682,40,14
1376558709,40,14
1376558869,39,15
1376559041,39,15
1376559069,39,15
1376559402,39,15
1376559429,39,15
1376559762,39,15
1376559788,39,15
1376559913,40,14
1376560123,41,13
1376560148,41,13
1376560483,41,13
1376560507,41,13
1376560842,41,13
1376560866,41,13
1376561202,41,13
1376561225,41,13
1376561562,41,13
1376561585,41,13
1376561921,41,13
1376561945,41,13
1376562100,42,12
1376562189,43,11
1376562281,43,11
1376562304,43,11
1376562641,43,11
1376562664,43,11
1376563001,43,11
1376563024,43,11
1376563361,43,11
1376563384,43,11
1376563722,43,11
1376563744,43,11
1376564081,43,11
1376564103,43,11
1376564194,42,12
1376564440,42,12
1376564464,42,12
1376564801,42,12
1376564824,42,12
1376565161,42,12
1376565184,42,12
1376565279,42,12
1376565288,43,11
1376565522,43,11
1376565544,43,11
1376565880,43,11
1376565904,43,11
1376566241,43,11
1376566264,43,11
1376566601,43,11
1376566626,43,11
1376566961,43,11
1376566985,43,11
1376567321,43,11
1376567344,43,11
1376567443,44,10
1376567615,43,11
1376567681,43,11
1376567704,43,11
1376567761,45,9
1376568042,45,9
1376568064,45,9
1376568402,45,9
1376568424,45,9
1376568696,46,8
1376568761,46,8
1376568784,46,8
1376569121,46,8
1376569144,46,8
1376569482,48,6
1376569504,49,5
1376569555,49,5
1376569641,50,4
1376569689,51,3
1376569841,51,3
1376569896,51,3
1376569942,51,3
1376570018,50,4
1376570201,51,3
1376570256,51,3
1376570318,51,3
1376570368,51,3
1376570438,50,4
1376570560,50,4
1376570582,51,3
1376570630,51,3
1376570710,51,3
1376570774,51,3
1376570813,51,3
1376570906,51,4
1376571061,50,5
1376571664,50,5
1376572267,50,5
1376572647,51,4
1376573251,51,4
1376573856,51,4
1376574102,51,4
1376574104,52,3
1376574426,53,2
1376575031,53,2
1376575118,54,1
1376575721,54,1
1376576325,54,1
1376576929,54,1
1376577534,54,1
1376577844,53,2
1376578448,53,2
1376579052,53,2
1376579656,53,2
1376580260,53,2
1376580865,53,2
1376581469,53,2
1376581918,54,1
1376582523,54,1
1376583128,54,1
1376583276,53,2
1376583324,53,2
1376583401,53,2
1376583409,54,1
1376583677,53,2
1376583723,52,3
1376584326,52,3
1376584766,53,2
1376585371,53,2
1376585975,53,2
1376586531,52,3
1376587134,52,3
1376587289,51,4
1376587894,50,5
1376587906,50,5
1376588510,50,5
1376589114,50,5
1376589719,50,5
1376590323,50,5
1376590928,50,5
1376591532,50,5
1376591795,51,4
1376592399,51,4
1376593002,51,4
1376593194,51,4
1376593663,51,4
1376593665,52,3
1376593957,52,3
1376594325,52,3
1376594618,51,4
1376594923,52,3
1376594962,51,4
1376595103,51,4
1376595707,51,4
1376596311,51,4
1376596914,52,3
1376597189,53,2
1376597557,52,3
1376598161,52,3
1376598765,52,3
1376599241,52,3
1376599250,53,2
1376599854,53,2
1376600457,53,2
1376600608,54,1
1376600914,53,2
1376601242,52,3
1376601846,52,3
1376602451,52,3
1376603059,52,3
1376603664,52,3
1376604158,52,3
1376604172,53,2
1376604775,53,2
1376605379,53,2
1376605724,53,2
1376605733,52,3
1376606337,52,3
1376606940,52,3
1376607471,51,4
1376608120,51,4
1376608130,52,3
1376608663,52,3
1376608666,51,4
1376609270,51,4
1376609875,51,4
1376610478,51,4
1376611087,51,4
1376611572,52,3
1376611956,51,4
1376612003,51,4
1376612062,53,2
1376612667,53,2
1376613197,52,3
1376613800,52,3
1376614405,52,3
1376615008,52,3
1376615475,52,3
1376616079,52,3
1376616588,51,4
1376617192,51,4
1376617796,51,4
1376618399,51,4
1376619004,51,4
1376619607,51,4
1376620211,51,4
1376620814,51,4
1376621419,51,4
1376622023,51,4
1376622632,51,4
1376623237,51,4
1376623840,51,4
1376624444,51,4
1376624469,52,3
1376625073,52,3
1376625676,52,3
1376626279,52,3
1376626884,52,3
1376627487,52,3
1376628091,52,3
1376628694,52,3
1376629298,52,3
1376629902,52,3
1376630505,52,3
1376631109,52,3
1376631712,52,3
1376632316,52,3
1376632919,52,3
1376633524,52,3
1376634128,52,3
1376634733,52,3
1376635338,52,3
1376635942,52,3
1376636239,52,3
1376636290,52,3
1376636895,52,3
1376637498,52,3
1376638101,52,3
1376638705,52,3
1376639309,52,3
1376639912,52,3
1376640517,52,3
1376641121,52,3
1376641726,52,3
1376642330,52,3
1376642934,52,3
1376643539,52,3
1376643641,53,2
1376644245,53,2
1376644431,52,3
1376644563,53,2
1376644964,53,2
1376644966,54,1
1376645570,54,1
1376645756,53,2
1376646123,52,3
1376646728,52,3
1376647262,51,4
1376647387,51,4
1376647650,51,4
1376647782,51,4
1376647815,52,3
1376647902,52,3
1376647944,53,2
1376648548,53,2
1376649152,53,2
1376649302,54,1
1376649456,53,2
1376649520,52,3
1376650124,52,3
1376650209,51,4
1376650813,51,4
1376651417,51,4
1376652021,51,4
1376652626,51,4
1376653124,51,4
1376653173,50,5
1376653190,50,5
1376653794,50,5
1376654193,49,6
1376654593,47,8
1376654739,46,9
1376654782,47,8
1376654919,48,7
1376655043,46,9
1376655647,46,9
1376655822,45,10
1376655881,45,10
1376655906,45,10
1376655972,45,10
1376656007,46,9
1376656414,46,8
1376656451,46,8
1376656519,47,7
1376656957,46,8
1376657080,46,8
1376657132,47,7
1376657736,47,8
1376657801,47,8
1376657811,48,7
1376658415,48,7
1376658678,48,6
1376658740,49,5
1376659343,49,6
1376659948,49,6
1376660323,49,6
1376660362,50,5
1376660966,50,5
1376661569,50,5
1376661874,50,5
1376661887,51,4
1376662490,51,4
1376663095,51,4
1376663700,51,4
1376663816,52,3
1376664008,53,2
1376664613,53,2
1376665218,53,2
1376665267,54,1
1376665872,54,1
1376666477,54,1
1376666580,53,2
1376666670,52,3
1376667273,52,3
1376667877,52,3
1376668124,51,4
1376668281,52,3
1376668885,52,3
1376669501,51,4
1376669599,52,3
1376669983,52,3
1376669987,51,4
1376670463,51,4
1376670475,49,6
1376670616,50,5
1376671220,50,5
1376671823,50,5
1376672427,50,5
1376673030,50,5
1376673634,50,5
1376674237,50,5
1376674308,49,6
1376674424,49,6
1376674427,48,7
1376674516,48,7
1376674573,49,6
1376675177,49,6
1376675781,49,6
1376676033,48,7
1376676190,48,7
1376676699,47,8
1376676709,47,8
1376677255,46,9
1376677859,46,9
1376678440,47,8
1376678599,46,9
1376678863,45,10
1376679038,46,9
1376679641,46,9
1376680041,47,8
1376680644,47,8
1376681072,46,9
1376681676,46,9
1376682279,46,9
1376682434,47,8
1376683037,47,8
1376683641,47,8
1376683700,47,8
1376683740,47,8
1376684066,46,9
1376684428,47,8
1376685032,47,8
1376685250,48,7
1376685309,47,8
1376685360,48,7
1376685991,47,8
1376686029,47,8
1376686089,47,8
1376686177,48,7
1376686339,47,8
1376686942,47,8
1376687546,47,8
1376687790,46,9
1376688393,46,9
1376688459,45,10
1376688760,44,11
1376689364,44,11
1376689968,44,11
1376690571,44,11
1376691165,44,11
1376691769,44,11
1376692373,44,11
1376692977,44,11
1376693582,44,11
1376694185,44,11
1376694757,45,10
1376695361,45,10
1376695966,45,10
1376696570,45,10
1376697174,45,10
1376697780,45,10
1376698384,45,10
1376698472,44,11
1376698603,45,10
1376698661,45,10
1376698671,46,9
1376699275,46,9
1376699879,46,9
1376700508,45,10
1376701112,45,10
1376701958,45,10
1376701965,44,11
1376702568,44,11
1376703172,44,11
1376703683,43,12
1376704287,43,12
1376704890,43,12
1376705494,43,12
1376705541,41,14
1376705581,40,15
1376706186,40,15
1376706789,40,15
1376707394,40,15
1376707997,40,15
1376708601,40,15
1376709205,40,15
1376709809,40,15
1376710179,39,16
1376710782,39,16
1376711201,39,16
1376711216,40,15
1376711820,40,15
1376712424,40,15
1376713028,40,15
1376713631,40,15
1376714235,40,15
1376714839,40,15
1376715441,40,15
1376716045,40,15
1376716601,41,14
1376717206,41,14
1376717809,41,14
1376718413,41,14
1376719017,41,14
1376719622,41,14
1376720228,41,14
1376720833,41,14
1376721163,42,13
1376721768,42,13
1376722372,42,13
1376722977,42,13
1376723580,42,13
1376724183,42,13
1376724759,42,13
1376724771,43,12
1376725375,43,12
1376725778,42,13
1376725790,42,13
1376726394,42,13
1376726998,42,13
1376727603,42,13
1376728097,42,13
1376728182,43,12
1376728787,43,12
1376729391,43,12
1376729998,43,12
1376730627,42,13
1376731230,42,13
1376731393,40,15
1376731997,40,15
1376732601,40,15
1376732743,41,14
1376733347,41,14
1376733951,41,14
1376734554,41,14
1376735159,41,14
1376735684,40,15
1376736288,40,15
1376736891,40,15
1376737534,39,16
1376737869,39,16
1376737908,39,16
1376737989,39,16
1376738050,40,15
1376738653,40,15
1376739257,40,15
1376739654,40,15
1376739746,41,14
1376739822,42,13
1376739869,42,13
1376739900,43,12
1376739998,44,11
1376740108,45,10
1376740712,45,10
1376740925,46,9
1376741077,47,8
1376741679,47,8
1376741732,48,7
1376741756,49,6
1376741840,49,6
1376741868,50,5
1376742117,49,6
1376742223,48,7
1376742247,48,7
1376742385,46,9
1376742635,48,7
1376743239,48,7
1376743842,48,7
1376744445,48,7
1376744861,48,7
1376744886,49,6
1376744984,49,6
1376745026,50,5
1376745148,50,5
1376745259,50,5
1376745862,50,5
1376745896,48,7
1376746499,48,7
1376746662,49,6
1376747265,49,6
1376747869,49,6
1376748473,49,6
1376748773,48,7
1376749377,48,7
1376749980,48,7
1376750537,50,5
1376750598,50,5
1376750680,51,4
1376750713,52,3
1376751317,52,3
1376751920,52,3
1376752474,51,4
1376752583,52,3
1376753186,52,3
1376753790,52,3
1376754393,52,3
1376754997,52,3
1376755601,52,3
1376756205,52,3
1376756809,52,3
1376757221,50,5
1376757232,49,6
1376757304,49,6
1376757524,48,7
1376758000,48,7
1376758010,49,6
1376758623,48,7
1376758940,47,8
1376759543,47,8
1376759973,48,7
1376760213,47,8
1376760236,46,9
1376760840,46,9
1376760977,46,9
1376761052,47,8
1376761107,47,7
1376761135,48,6
1376761650,48,6
1376761702,49,6
1376762118,49,6
1376762268,49,6
1376762432,49,6
1376762498,49,6
1376762544,49,6
1376762657,49,6
1376763261,49,6
1376763320,48,7
1376763643,48,6
1376763705,49,5
1376764294,49,5
1376764364,50,4
1376764416,50,4
1376764470,50,4
1376764504,51,3
1376764657,51,3
1376764689,51,3
1376765292,51,4
1376765578,50,5
1376765969,50,5
1376766016,50,5
1376766048,51,4
1376766345,51,4
1376766348,52,3
1376766951,52,3
1376767215,51,4
1376767708,49,6
1376768312,49,6
1376768916,49,6
1376769521,49,6
1376770125,49,6
1376770729,49,6
1376771333,49,6
1376771550,48,7
1376771584,48,7
1376771669,49,6
1376771720,49,6
1376771769,50,5
1376772373,50,5
1376772709,49,6
1376773313,49,6
1376773482,49,6
1376774087,49,6
1376774691,49,6
1376775295,49,6
1376775898,49,6
1376776502,49,6
1376777105,49,6
1376777710,49,6
1376778314,49,6
1376778544,48,7
1376779147,48,7
1376779751,48,7
1376780354,48,7
1376780958,48,7
1376781561,48,7
1376782165,48,7
1376782770,48,7
1376783374,48,7
1376783979,48,7
1376784582,48,7
1376784936,47,7
1376785540,47,7
1376786143,47,7
1376786747,47,7
1376787357,47,7
1376787961,47,7
1376788273,47,7
1376788877,47,7
1376789481,47,7
1376790085,47,7
1376790690,47,7
1376791294,47,7
1376791899,47,7
1376792113,46,8
1376792716,46,8
1376793320,46,8
1376793924,46,8
1376794527,46,8
1376795131,46,8
1376795735,46,8
1376796339,46,8
1376796946,46,8
1376797549,46,8
1376798153,46,8
1376798758,46,8
1376799362,46,8
1376799965,46,8
1376800569,46,8
1376801173,46,8
1376801777,46,8
1376802186,45,9
1376802794,45,9
1376803399,45,9
1376804003,45,9
1376804608,45,9
1376805213,45,9
1376805817,45,9
1376806421,45,9
1376807025,45,9
1376807488,46,8
1376808092,46,8
1376808695,46,8
1376809299,46,8
1376809903,46,8
1376810507,46,8
1376810768,45,9
1376811371,45,9
1376812003,45,9
1376812012,46,8
1376812615,46,8
1376813219,46,8
1376813822,46,8
1376814426,46,8
1376815030,46,8
1376815492,45,9
1376816096,45,9
1376816699,45,9
1376817304,45,9
1376817908,45,9
1376818057,43,11
1376819205,43,11
1376819241,43,11
1376819327,43,11
1376819370,44,10
1376819975,44,10
1376820578,44,10
1376821181,44,10
1376821272,43,11
1376821877,43,11
1376822375,43,11
1376822415,44,10
1376823020,44,10
1376823175,44,10
1376823305,45,10
1376823376,45,10
1376823446,45,10
1376823506,45,10
1376824006,44,10
1376824056,41,12
1376824366,41,12
1376824410,41,12
1376824725,41,12
1376824776,40,13
1376824995,39,14
1376825078,39,14
1376825117,39,14
1376825447,39,14
1376825470,39,14
1376825725,40,13
1376825801,40,14
1376825840,42,12
1376826161,42,12
1376826176,42,12
1376826283,43,11
1376826325,43,11
1376826374,43,11
1376826467,43,11
1376826516,43,11
1376826563,43,11
1376826661,44,10
1376826821,44,10
1376826876,44,11
1376827417,45,10
1376828022,45,10
1376828254,46,9
1376828859,46,9
1376829220,45,10
1376829823,45,10
1376830428,45,10
1376831033,45,10
1376831636,45,10
1376832285,45,10
1376832341,45,10
1376832396,45,10
1376832456,45,10
1376832516,45,10
1376832581,45,10
1376832621,45,10
1376832699,45,10
1376832733,46,9
