1376208410,18,2
1376209014,18,2
1376209618,18,2
1376209835,19,1
1376210438,19,1
1376211042,19,1
1376211646,19,1
1376212250,19,1
1376212630,18,2
1376212720,19,1
1376213324,19,1
1376213928,19,1
1376214212,17,3
1376214283,18,2
1376214321,18,2
1376214522,18,2
1376214541,20,0
1376214604,19,1
1376215208,19,1
1376215398,20,0
1376216003,20,0
1376216530,19,1
1376216659,19,1
1376216697,20,0
1376216806,20,0
1376216937,19,1
1376217189,20,0
1376217808,20,0
1376218103,18,2
1376218344,18,2
1376218419,18,2
1376218461,19,1
1376218902,20,0
1376219506,20,0
1376220026,18,2
1376220629,19,1
1376220881,19,1
1376220890,20,0
1376221494,20,0
1376221584,19,1
1376222187,19,1
1376222259,19,1
1376222436,19,1
1376222554,19,1
1376222601,20,0
1376223205,20,0
1376223310,18,2
1376223556,19,1
1376223634,19,1
1376223649,19,1
1376223812,19,0
1376223854,20,0
1376223999,19,1
1376224242,18,2
1376224250,17,3
1376224558,19,1
1376224901,20,0
1376225505,20,0
1376225917,19,1
1376225957,20,0
1376226186,19,1
1376226281,19,1
1376226404,18,2
1376226518,19,1
1376226840,19,1
1376227333,20,0
1376227447,18,2
1376227615,17,3
1376227964,16,4
1376227967,15,5
1376228303,13,7
1376228370,13,7
1376228425,12,8
1376228499,13,7
1376228545,14,6
1376228623,15,5
1376228662,17,3
1376228705,18,2
1376228797,18,2
1376228823,19,1
1376228991,19,1
1376229396,18,2
1376229512,18,2
1376229554,19,1
1376229611,19,1
1376229673,19,1
1376229781,19,1
1376230005,19,1
1376230095,20,0
1376230318,19,1
1376230602,20,0
1376230717,18,2
1376230732,18,2
1376230832,18,2
1376230881,20,0
1376231372,20,0
1376231435,20,0
1376231483,20,0
1376231563,19,1
1376232140,20,0
1376232663,18,2
1376232751,19,1
1376232922,18,2
1376233123,17,3
1376233140,16,4
1376233217,16,4
1376233311,18,2
1376233594,19,1
1376233761,20,0
1376234365,20,0
1376234798,20,0
1376235402,20,0
1376235628,20,0
1376235661,20,0
1376235744,19,1
1376235941,20,0
1376236148,18,2
1376236356,19,1
1376236469,18,2
1376236517,19,1
1376236724,20,0
1376236762,19,1
1376236886,20,0
1376237055,19,1
1376237199,20,0
1376237332,20,0
1376237935,20,0
1376238539,20,0
1376239143,20,0
1376239729,19,1
1376239846,17,3
1376240082,17,3
1376240126,18,2
1376240186,20,0
1376240446,19,1
1376240622,20,0
1376241227,20,0
1376241456,19,1
1376241542,17,3
1376241923,17,3
1376241991,19,1
1376242091,17,3
1376242472,18,2
1376242689,17,3
1376242840,16,4
1376242891,16,3
1376242906,16,3
1376243113,14,5
1376243502,13,6
1376243536,13,6
1376243591,11,8
1376243676,12,7
1376243736,13,6
1376243746,13,6
1376244402,12,8
1376244461,12,8
1376244878,10,10
1376244909,11,9
1376245241,9,11
1376245352,9,11
1376245406,10,9
1376245542,11,8
1376245556,11,8
1376245618,11,8
1376245714,12,7
1376245768,13,6
1376246106,13,6
1376246201,15,4
1376246707,14,5
1376247009,13,6
1376247371,12,7
1376247409,12,7
1376247521,11,7
1376247579,12,7
1376247611,11,8
1376247700,9,10
1376247819,9,10
1376247979,8,11
1376248054,7,12
1376248302,8,11
1376248508,7,12
1376248673,8,11
1376249011,7,12
1376249305,9,10
1376249482,8,11
1376249983,8,11
1376249988,6,13
1376250076,6,13
1376250107,7,12
1376250472,7,12
1376250551,7,12
1376250641,7,12
1376250682,7,12
1376250762,8,11
1376250811,8,11
1376251121,9,10
1376251123,10,9
1376251577,8,11
1376251663,9,10
1376251717,9,10
1376251753,9,10
1376251909,9,10
1376252022,9,10
1376252083,10,9
1376252138,10,9
1376252154,11,8
1376252286,11,8
1376252347,12,7
1376252421,12,7
1376252452,13,6
1376252553,13,6
1376252599,14,5
1376252739,15,4
1376252790,17,2
1376253154,16,3
1376253205,17,2
1376253810,17,3
1376254414,17,3
1376254917,17,3
1376255068,17,3
1376255120,18,2
1376255167,18,1
1376255225,18,1
1376255303,19,0
1376255388,18,1
1376255850,17,2
1376255924,16,2
1376255977,17,2
1376256580,17,3
1376256787,16,4
1376257257,17,3
1376257505,18,2
1376257699,18,2
1376257771,19,1
1376257800,20,0
1376258405,20,0
1376259008,20,0
1376259613,20,0
1376259998,20,0
1376260009,20,0
1376260497,19,1
1376260600,18,2
1376260659,18,2
1376261264,18,2
1376261560,19,1
1376261876,20,0
1376262268,18,2
1376262319,18,2
1376262379,19,1
1376262984,19,1
1376263196,18,2
1376263800,18,2
1376264404,18,2
1376264563,18,2
1376264842,18,2
1376264869,18,2
1376265266,17,3
1376265329,17,3
1376265437,18,2
1376265484,16,4
1376266088,16,4
1376266692,16,4
1376267296,16,4
1376267899,16,4
1376268210,16,4
1376268437,15,5
1376268509,15,5
1376268538,16,4
1376268637,16,4
1376268663,17,3
1376269267,17,3
1376269871,17,3
1376270228,17,3
1376270356,15,5
1376270500,15,5
1376270562,17,3
1376271165,17,3
1376271769,17,3
1376272420,18,2
1376273024,18,2
1376273628,18,2
1376273719,19,1
1376274322,19,1
1376274926,19,1
1376275530,19,1
1376275903,19,0
1376275904,19,0
1376276508,19,1
1376277112,19,1
1376277716,19,1
1376278319,19,1
1376278923,19,1
1376279527,19,1
1376280131,19,1
1376280734,19,1
1376281338,19,1
1376281942,19,1
1376282546,19,1
1376283150,19,1
1376283582,20,0
1376284186,20,0
1376284790,20,0
1376285395,20,0
1376285998,20,0
1376286602,20,0
1376287206,20,0
1376287810,20,0
1376288413,20,0
1376289017,20,0
1376289621,20,0
1376289940,19,1
1376289951,20,0
1376290554,20,0
1376290972,20,0
1376291576,20,0
1376292180,20,0
1376292783,20,0
1376293387,20,0
1376293991,20,0
1376294594,20,0
1376295012,19,1
1376295577,20,0
1376296059,20,0
1376296074,20,0
1376296677,20,0
1376296899,20,0
1376297047,19,1
1376297259,20,0
1376297864,20,0
1376298275,19,1
1376298291,19,1
1376298895,19,1
1376299498,19,1
1376300102,19,1
1376300706,19,1
1376300823,18,2
1376301342,18,2
1376301391,19,1
1376301463,18,2
1376301466,19,1
1376302070,19,1
1376302366,18,2
1376302574,17,3
1376302857,18,2
1376303461,18,2
1376304072,17,3
1376304427,16,4
1376304513,14,6
1376304638,13,7
1376304703,12,8
1376304712,13,7
1376304804,14,6
1376304867,15,5
1376304994,15,5
1376305047,16,4
1376305123,17,3
1376305133,18,2
1376305302,18,2
1376305339,18,2
1376305515,18,2
1376305586,18,2
1376305642,19,1
1376305963,18,2
1376306021,17,3
1376306024,18,2
1376306170,18,2
1376306623,17,3
1376306674,17,3
1376306792,16,4
1376307111,15,5
1376307675,17,3
1376307773,17,3
1376308120,18,2
1376308238,18,2
1376308333,19,1
1376308421,19,1
1376308501,18,2
1376308891,19,1
1376308952,19,1
1376309318,19,1
1376309370,18,2
1376309408,18,2
1376309493,19,1
1376309518,19,1
1376309583,18,2
1376309682,19,1
1376309741,20,0
1376309832,19,1
1376309927,18,2
1376310149,17,3
1376310218,17,3
1376310261,19,1
1376310403,19,1
1376310405,18,2
1376310514,16,4
1376310578,16,4
1376310630,16,4
1376310691,17,3
1376310738,19,1
1376310823,20,0
1376310880,18,2
1376311242,18,2
1376311244,17,3
1376311528,18,2
1376311894,17,3
1376311916,17,3
1376311987,16,4
1376312138,16,4
1376312181,17,3
1376312223,16,4
1376312318,17,3
1376312383,18,2
1376312393,19,1
1376312557,18,2
1376312782,18,2
1376312912,19,1
1376313188,18,2
1376313664,19,1
1376314267,19,1
1376314477,18,2
1376314537,17,2
1376314585,17,3
1376314974,18,2
1376315202,15,5
1376315483,16,4
1376315603,17,3
1376315791,17,3
1376315824,18,2
1376316295,17,3
1376316470,16,4
1376316758,16,4
1376316776,15,5
1376316881,14,6
1376316960,14,6
1376317176,13,7
1376317423,14,6
1376317602,14,6
1376317611,15,5
1376317707,13,7
1376317781,13,7
1376318420,14,6
1376318545,15,5
1376318843,16,4
1376318873,15,5
1376319482,12,8
1376319655,11,9
1376319936,9,11
1376320106,10,10
1376320312,9,11
1376320402,10,10
1376320484,10,10
1376320514,11,9
1376320686,12,8
1376320783,13,7
1376320832,13,7
1376320886,15,5
1376320922,17,3
1376321004,18,2
1376321034,19,1
1376321307,17,3
1376321373,16,4
1376321439,16,4
1376321498,17,3
1376321507,18,2
1376321609,18,2
1376321674,20,0
1376322277,20,0
1376322495,18,2
1376322614,16,4
1376322660,16,4
1376322758,16,3
1376322813,15,5
1376322881,16,4
1376322922,16,4
1376322988,17,3
1376323337,18,2
1376323475,19,1
1376323537,20,0
1376324019,20,0
1376324074,20,0
1376324125,20,0
1376324190,18,2
1376324407,17,3
1376324496,19,1
1376324708,18,2
1376325072,14,6
1376325142,13,7
1376325256,14,6
1376325334,13,7
1376325382,13,7
1376325754,12,8
1376325812,12,8
1376325873,13,7
1376325940,14,6
1376325988,16,4
1376326056,17,3
1376326122,17,2
1376326153,16,3
1376326241,17,2
1376326303,17,2
1376326305,18,1
1376326395,17,2
1376326436,18,2
1376326540,16,4
1376326659,15,5
1376326704,16,4
1376326749,17,3
1376326896,16,4
1376326956,17,3
1376327017,17,3
1376327029,18,2
1376327420,17,3
1376327735,17,3
1376327779,18,2
1376327856,19,1
1376328031,18,2
1376328438,15,5
1376328505,16,4
1376328623,16,4
1376328671,14,6
1376328763,15,5
1376328818,14,6
1376328878,14,6
1376328931,15,5
1376329222,15,5
1376329302,15,5
1376329356,15,5
1376329409,15,5
1376329460,16,4
1376329542,16,4
1376329583,15,5
1376329722,16,4
1376329784,15,4
1376329793,15,5
1376329896,15,5
1376329951,16,4
1376330107,17,3
1376330253,18,2
1376330294,17,3
1376330524,18,2
1376330855,17,3
1376330942,15,5
1376331003,14,6
1376331222,16,4
1376331280,16,4
1376331298,16,4
1376331643,16,4
1376331656,17,3
1376331709,16,4
1376332001,17,3
1376332061,15,5
1376332073,15,5
1376332172,13,7
1376332465,11,9
1376332520,12,8
1376332576,12,8
1376332812,12,8
1376332891,10,10
1376332923,11,9
1376333079,11,9
1376333092,11,9
1376333375,11,9
1376333979,11,9
1376334583,11,9
1376334866,12,8
1376335236,11,9
1376335419,12,8
1376335703,10,10
1376335903,9,11
1376336167,8,12
1376336286,9,11
1376336418,7,13
1376336541,6,14
1376336578,6,14
1376336655,7,13
1376336696,8,12
1376336935,8,12
1376337380,5,14
1376337449,5,14
1376337503,6,13
1376337580,6,13
1376337583,5,14
1376337699,4,15
1376337753,5,14
1376337820,5,14
1376337846,7,12
1376338058,5,14
1376338123,5,14
1376338126,6,13
1376338236,6,13
1376338295,6,13
1376338341,8,11
1376338415,8,11
1376338540,9,10
1376338589,10,9
1376338698,11,8
1376338893,12,7
1376338957,14,5
1376339004,15,4
1376339237,13,6
1376339348,13,6
1376339397,13,7
1376339479,14,6
1376339951,15,5
1376340041,15,5
1376340045,14,6
1376340163,13,7
1376340175,12,8
1376340513,12,8
1376340567,13,7
1376340606,14,6
1376341210,14,6
1376341288,15,5
1376341357,17,3
1376341524,16,4
1376342143,16,4
1376342185,14,6
1376342264,14,6
1376342366,14,6
1376342439,15,5
1376342501,18,2
1376342525,19,1
1376342785,18,2
1376342933,19,1
1376343198,19,1
1376343235,20,0
1376343704,20,0
1376343707,19,1
1376344162,20,0
1376344766,20,0
1376345120,19,1
1376345579,18,2
1376345864,18,2
1376345866,19,1
1376346005,20,0
1376346609,20,0
1376346756,19,1
1376346813,19,1
1376346841,18,2
1376346939,17,3
1376346997,16,4
1376347050,16,4
1376347115,16,4
1376347180,17,3
1376347188,18,2
1376347602,18,2
1376347655,18,2
1376347700,19,1
1376348186,19,1
1376348211,18,2
1376348438,18,2
1376348473,19,1
1376349077,19,1
1376349378,17,3
1376349623,18,2
1376349996,17,3
1376350034,18,2
1376350638,18,2
1376351242,18,2
1376351846,18,2
1376352084,19,1
1376352193,20,0
1376352798,20,0
1376353401,20,0
1376353456,19,1
1376354061,19,1
1376354664,19,1
1376355268,19,1
1376355872,19,1
1376356634,19,1
1376357237,19,1
1376357841,19,1
1376358445,19,1
1376359048,19,1
1376359652,19,1
1376360257,19,1
1376360424,19,1
1376360504,19,1
1376360530,20,0
1376360908,19,1
1376361511,19,1
1376362115,19,1
1376362719,19,1
1376363322,19,1
1376363563,19,1
1376363565,20,0
1376364169,20,0
1376364773,20,0
1376365362,19,1
1376365866,18,2
1376366470,18,2
1376367073,18,2
1376367677,18,2
1376368281,18,2
1376368885,18,2
1376368992,19,1
1376369595,19,1
1376370003,20,0
1376370607,20,0
1376371210,20,0
1376371542,20,0
1376371545,19,1
1376372148,19,1
1376372683,19,1
1376373287,19,1
1376373435,18,2
1376374039,18,2
1376374173,19,1
1376374777,19,1
1376374938,20,0
1376375542,20,0
1376376146,20,0
1376376750,20,0
1376377353,20,0
1376377690,20,0
1376378195,20,0
1376378800,20,0
1376379404,20,0
1376380007,20,0
1376380611,20,0
1376381215,20,0
1376381819,20,0
1376382422,20,0
1376383026,20,0
1376383637,19,1
1376383705,20,0
1376384309,20,0
1376384913,20,0
1376385059,19,1
1376385570,20,0
1376386174,20,0
1376386778,20,0
1376387002,18,2
1376387275,17,3
1376387464,18,2
1376387744,18,2
1376387752,19,1
1376388335,18,2
1376388380,18,2
1376388984,17,3
1376389137,17,3
1376389237,18,2
1376389302,18,2
1376389351,18,2
1376389424,18,2
1376389447,17,3
1376389488,17,3
1376389598,17,3
1376389818,17,3
1376389883,18,2
1376389920,19,1
1376390016,20,0
1376390094,19,1
1376390464,17,3
1376390584,16,3
1376390796,14,5
1376390823,15,4
1376391282,16,3
1376391290,17,2
1376391403,17,2
1376391432,19,0
1376391511,19,0
1376391533,19,0
1376391624,19,0
1376391691,19,0
1376391752,18,1
1376391769,17,2
1376392120,17,2
1376392129,18,1
1376392217,18,1
1376392821,17,2
1376392902,17,2
1376393004,17,2
1376393079,19,0
1376393141,20,0
1376393187,19,1
1376393803,18,2
1376394162,18,2
1376394170,19,1
1376394473,18,2
1376394793,19,1
1376395103,20,0
1376395677,19,1
1376396324,18,2
1376396472,19,1
1376396587,20,0
1376396810,19,1
1376396881,20,0
1376397164,20,0
1376397167,19,1
1376397698,18,2
1376397759,19,1
1376397791,19,1
1376397859,18,2
1376397942,16,4
1376397944,17,3
1376398409,17,3
1376398480,19,1
1376398543,20,0
1376399147,20,0
1376399424,19,1
1376399485,20,0
1376399682,20,0
1376399684,19,1
1376399747,18,2
1376399979,18,2
1376399989,19,1
1376400130,20,0
1376400734,20,0
1376401338,20,0
1376401646,19,1
1376401742,19,1
1376401796,20,0
1376402400,20,0
1376402880,19,1
1376403452,19,1
1376403498,19,1
1376403573,19,1
1376403618,18,2
1376403694,19,1
1376403745,20,0
1376403873,19,1
1376404240,19,1
1376404248,20,0
1376404634,20,0
1376404964,19,1
1376404966,20,0
1376405576,20,0
1376405653,19,1
1376405802,18,2
1376406463,19,1
1376406522,19,1
1376406531,20,0
1376407135,20,0
1376407285,19,1
1376407602,18,2
1376407865,18,2
1376407951,20,0
1376408082,20,0
1376408085,19,1
1376408185,20,0
1376408253,19,1
1376408318,19,1
1376408329,20,0
1376408414,18,2
1376408489,17,3
1376408559,17,3
1376408584,17,3
1376408677,17,3
1376408863,18,2
1376408923,19,1
1376408931,20,0
1376409297,19,1
1376409400,19,1
1376409423,20,0
1376410062,20,0
1376410064,19,1
1376410180,19,1
1376410276,18,2
1376410330,16,4
1376410411,16,4
1376410477,16,4
1376410529,18,2
1376410598,19,1
1376410618,20,0
1376410909,19,1
1376411023,19,1
1376411032,20,0
1376411133,18,2
1376411258,18,2
1376411358,18,2
1376411425,18,1
1376411448,19,0
1376411633,17,2
1376411728,18,1
1376411916,17,2
1376411975,17,2
1376412003,18,1
1376412223,17,2
1376412275,18,2
1376412385,19,1
1376412581,20,0
1376413186,20,0
1376413789,20,0
1376414006,20,0
1376414042,20,0
1376414230,20,0
1376414306,19,1
1376414366,20,0
1376414667,19,1
1376414776,20,0
1376414965,19,1
1376415038,18,2
1376415172,17,3
1376415581,17,3
1376415589,18,2
1376415702,18,2
1376415754,18,2
1376415922,18,2
1376415948,18,2
1376416053,19,1
1376416317,20,0
1376416576,19,1
1376416651,18,2
1376416781,17,3
1376416799,16,4
1376417210,15,5
1376417320,17,3
1376417563,17,3
1376417609,18,2
1376417673,20,0
1376417741,19,1
1376418066,18,2
1376418219,17,3
1376418261,18,2
1376418324,19,1
1376418584,19,1
1376418596,20,0
1376418715,19,1
1376419134,20,0
1376419738,20,0
1376420341,20,0
1376420683,19,1
1376420709,18,2
1376420850,19,1
1376421094,18,2
1376421266,19,1
1376421375,18,2
1376421450,19,1
1376421496,19,1
1376421762,19,1
1376421765,18,2
1376422096,19,1
1376422350,20,0
1376422954,20,0
1376423104,20,0
1376423437,18,2
1376423494,19,1
1376423628,18,2
1376423723,18,2
1376423762,19,1
1376423919,19,1
1376423928,20,0
1376424319,18,2
1376424421,17,3
1376424761,19,1
1376424764,20,0
1376425369,20,0
1376425557,19,1
1376425652,18,2
1376426256,18,2
1376426355,19,1
1376426635,18,2
1376426707,19,1
1376427258,20,0
1376427863,20,0
1376428070,20,0
1376428674,20,0
1376429277,20,0
1376429881,20,0
1376430485,20,0
1376431088,20,0
1376431692,20,0
1376432296,20,0
1376432563,20,0
1376432565,19,1
1376432779,20,0
1376433384,20,0
1376433803,18,2
1376434068,17,3
1376434172,18,2
1376434206,19,1
1376434254,20,0
1376434858,20,0
1376435463,20,0
1376436066,20,0
1376436670,20,0
1376437274,20,0
1376437878,20,0
1376438481,20,0
1376439085,20,0
1376439185,19,1
1376439464,20,0
1376439473,19,1
1376440077,19,1
1376440681,19,1
1376441202,19,1
1376441221,17,3
1376441825,17,3
1376442429,17,3
1376443027,17,3
1376443631,17,3
1376444234,17,3
1376444839,17,3
1376445443,17,3
1376446047,17,3
1376446292,17,3
1376446353,17,3
1376446364,17,3
1376446562,18,2
1376446636,18,1
1376446683,18,1
1376446807,17,2
1376447022,17,2
1376447072,19,0
1376447139,20,0
1376447324,19,1
1376447411,19,1
1376447488,18,2
1376447525,18,2
1376447568,18,2
1376447637,18,2
1376447729,18,1
1376447795,18,1
1376447853,19,1
1376448456,19,1
1376449060,19,1
1376449664,19,1
1376450268,19,1
1376450871,19,1
1376451475,19,1
1376452079,19,1
1376452683,19,1
1376453287,19,1
1376453890,19,1
1376454494,19,1
1376455098,19,1
1376455702,19,1
1376456306,19,1
1376456909,19,1
1376457513,19,1
1376458117,19,1
1376458721,19,1
1376459324,19,1
1376459750,19,1
1376459815,19,1
1376459914,19,1
1376459983,20,0
1376460021,19,1
1376460626,19,1
1376461229,19,1
1376461833,19,1
1376462382,20,0
1376462399,19,1
1376463003,19,1
1376463375,19,1
1376463405,19,0
1376464009,19,0
1376464657,18,1
1376464716,18,1
1376464759,18,1
1376464797,19,0
1376464904,18,1
1376464912,19,0
1376465516,19,0
1376465855,18,1
1376465922,18,1
1376465930,19,0
1376466534,19,0
1376467137,19,0
1376467741,19,0
1376467854,19,0
1376467937,18,1
1376468540,18,1
1376469144,18,1
1376469576,17,1
1376469634,17,2
1376470110,18,1
1376470148,19,0
1376470753,19,0
1376470936,18,1
1376471128,19,0
1376471488,19,0
1376471529,19,0
1376471679,18,1
1376471695,17,2
1376471756,16,3
1376471922,17,2
1376472014,16,3
1376472059,16,3
1376472160,16,3
1376472167,17,2
1376472507,18,1
1376472710,18,1
1376472932,17,2
1376472986,18,1
1376473180,19,0
1376473783,19,0
1376474387,19,0
1376474971,18,1
1376474993,17,2
1376475345,17,2
1376475373,18,1
1376475459,17,2
1376475635,18,1
1376476239,18,1
1376476327,18,1
1376476412,19,0
1376476436,18,1
1376476562,17,2
1376476618,18,1
1376476840,19,0
1376476994,18,1
1376477166,17,2
1376477498,16,3
1376477792,17,2
1376478163,17,2
1376478171,19,0
1376478444,19,0
1376478520,18,1
1376478656,19,0
1376479260,19,0
1376479479,19,0
1376480083,19,0
1376480687,19,0
1376481126,18,1
1376481379,18,1
1376481428,19,0
1376482032,19,0
1376482542,18,1
1376482658,19,0
1376482873,18,1
1376483365,19,0
1376483801,19,0
1376484154,18,1
1376484209,19,0
1376484813,19,0
1376485325,18,1
1376485603,17,2
1376485697,19,0
1376486302,19,0
1376486403,19,0
1376486900,19,0
1376487443,17,2
1376487575,18,1
1376487724,19,0
1376488128,18,1
1376488275,19,0
1376488481,18,1
1376488491,19,0
1376488706,19,0
1376489153,19,0
1376489253,19,0
1376489314,18,1
1376489383,16,3
1376489414,17,2
1376489481,16,3
1376489668,15,4
1376489694,16,3
1376489899,16,3
1376490101,16,3
1376490300,16,3
1376490464,18,1
1376490480,18,1
1376490530,19,0
1376490664,19,0
1376491142,18,1
1376491544,18,1
1376491587,18,1
1376491649,19,0
1376491840,19,0
1376492444,19,0
1376492893,17,2
1376493003,17,2
1376493056,17,2
1376493138,17,2
1376493210,17,1
1376493238,17,1
1376493313,18,0
1376493378,18,0
1376493449,17,1
1376493502,18,0
1376493931,17,1
1376494183,17,1
1376494185,18,0
1376494784,18,0
1376494826,18,0
1376494894,17,1
1376494937,18,0
1376495478,17,1
1376495624,17,1
1376495652,18,0
1376495729,18,0
1376495774,17,1
1376495864,17,0
1376495900,17,0
1376496018,19,0
1376496093,20,0
1376496697,20,0
1376496724,18,2
1376496882,18,2
1376496906,20,0
1376496996,20,0
1376497099,18,2
1376497235,17,3
1376497266,19,1
1376497357,17,3
1376497542,16,4
1376497563,16,4
1376497639,16,4
1376497724,18,2
1376497732,19,1
1376498287,17,3
1376498433,17,3
1376498496,17,3
1376498564,19,1
1376498611,18,2
1376498738,14,6
1376498794,12,8
1376498923,13,7
1376498931,14,6
1376499342,13,7
1376499413,12,8
1376499548,11,9
1376499703,12,8
1376499707,13,7
1376499881,13,7
1376499945,12,8
1376499997,13,7
1376500035,15,5
1376500180,15,5
1376500203,17,3
1376500294,16,4
1376500347,17,3
1376500425,17,3
1376500427,18,2
1376500871,18,2
1376500964,17,3
1376500983,16,4
1376501082,18,2
1376501141,19,1
1376501155,18,2
1376501352,19,1
1376501654,20,0
1376502278,19,1
1376502317,20,0
1376502482,19,1
1376502643,18,2
1376502715,19,1
1376502863,20,0
1376503102,18,2
1376503416,17,3
1376503549,17,3
1376503641,16,4
1376503703,15,5
1376503730,14,6
1376504379,14,6
1376504434,14,6
1376504554,15,5
1376504623,14,6
1376504683,15,5
1376504736,17,3
1376504803,17,3
1376504963,18,2
1376505018,19,1
1376505164,19,1
1376505222,19,1
1376505277,19,1
1376505289,20,0
1376505403,19,1
1376505535,19,1
1376505606,17,3
1376505684,16,4
1376505773,15,5
1376505894,14,6
1376505976,13,7
1376506121,13,7
1376506149,15,5
1376506326,16,4
1376506543,16,4
1376506901,17,3
1376507130,18,2
1376507734,18,2
1376507786,17,3
1376507848,16,4
1376507913,16,4
1376507981,17,3
1376508043,16,4
1376508093,16,3
1376508155,16,3
1376508224,18,1
1376508258,19,0
1376508307,19,0
1376508495,18,1
1376508583,17,2
1376508757,18,2
1376509181,16,4
1376509223,16,4
1376509385,15,5
1376509622,16,4
1376509724,16,4
1376509726,15,5
1376509897,13,7
1376509906,13,7
1376510080,12,8
1376510193,11,9
1376510264,12,8
1376510311,13,7
1376510368,12,8
1376510457,11,9
1376510743,11,9
1376510751,12,8
1376510833,12,8
1376510912,12,8
1376511516,12,8
1376511881,13,7
1376512179,14,6
1376512212,14,6
1376512531,16,4
1376512756,15,5
1376512946,14,6
1376513039,13,7
1376513248,13,7
1376513314,15,5
1376513918,15,5
1376514136,14,6
1376514618,15,5
1376515123,16,4
1376515182,18,2
1376515234,19,1
1376515278,20,0
1376515395,19,1
1376515543,19,1
1376515603,19,1
1376515664,19,1
1376515707,18,2
1376515958,20,0
1376516005,20,0
1376516402,20,0
1376516816,19,1
1376517075,18,2
1376517576,19,1
1376517643,20,0
1376517903,19,1
1376518091,20,0
1376518266,20,0
1376518306,20,0
1376518474,19,1
1376518526,18,2
1376518841,19,1
1376518889,20,0
1376519204,17,3
1376519206,16,4
1376519467,18,2
1376519678,17,3
1376519722,19,1
1376520208,18,2
1376520623,19,1
1376520864,20,0
1376521310,19,1
1376521599,20,0
1376522203,20,0
1376522806,20,0
1376523410,20,0
1376524013,20,0
1376524180,19,1
1376524201,19,1
1376524298,19,0
1376524322,20,0
1376524927,20,0
1376525530,20,0
1376526134,20,0
1376526738,20,0
1376527342,20,0
1376527945,20,0
1376528549,20,0
1376528798,18,2
1376529135,18,2
1376529506,18,2
1376529802,16,4
1376529874,16,4
1376529903,16,4
1376529962,17,3
1376530477,17,3
1376530527,20,0
1376531131,20,0
1376531735,20,0
1376532339,20,0
1376532942,20,0
1376533546,20,0
1376534149,20,0
1376534753,20,0
1376535357,20,0
1376535960,20,0
1376536564,20,0
1376537012,19,1
1376537616,19,1
1376537735,18,2
1376537745,18,2
1376538349,18,2
1376538953,18,2
1376539557,18,2
1376540161,18,2
1376540764,18,2
1376541368,18,2
1376541978,19,1
1376542581,19,1
1376543185,19,1
1376543789,19,1
1376544393,19,1
1376544976,18,2
1376545580,18,2
1376545630,19,1
1376546233,19,1
1376546837,19,1
1376547441,19,1
1376548045,19,1
1376548648,19,1
1376549252,19,1
1376549855,19,1
1376550205,19,1
1376550250,20,0
1376550854,20,0
1376551457,20,0
1376552061,20,0
1376552665,20,0
1376553270,19,1
1376553341,18,2
1376553365,18,2
1376553458,19,1
1376554062,19,1
1376554281,18,2
1376554786,17,3
1376555128,18,2
1376555275,19,1
1376555490,18,2
1376556095,18,2
1376556699,18,2
1376556705,19,1
1376557234,17,3
1376557837,17,3
1376557995,17,3
1376558027,17,3
1376558246,18,2
1376558433,18,2
1376558467,19,1
1376559071,19,1
1376559277,20,0
1376559881,20,0
1376560421,19,1
1376561025,19,1
1376561548,18,2
1376561673,19,1
1376561738,20,0
1376561920,20,0
1376562524,20,0
1376563055,20,0
1376563322,20,0
1376563461,19,1
1376563518,19,1
1376564023,18,2
1376564063,19,1
1376564110,19,1
1376564169,19,1
1376564260,20,0
1376564865,20,0
1376565468,20,0
1376565751,19,1
1376566139,17,2
1376566306,16,3
1376566602,17,2
1376566647,17,2
1376566715,18,2
1376566731,17,3
1376566828,14,6
1376566961,14,6
1376566974,14,6
1376567346,15,5
1376567683,14,6
1376567725,15,5
1376567763,17,3
1376568035,17,3
1376568063,18,2
1376568125,19,1
1376568377,18,2
1376568762,17,3
1376568821,17,3
1376568836,18,2
1376569163,19,1
1376569500,18,2
1376569706,18,2
1376569776,17,3
1376569839,16,4
1376569867,17,3
1376570106,16,4
1376570529,17,3
1376570771,16,4
1376570855,16,4
1376570899,16,4
1376570932,17,3
1376571037,18,2
1376571176,19,1
1376571355,19,1
1376571495,19,1
1376571561,19,1
1376571585,19,1
1376571695,19,1
1376571722,20,0
1376571808,20,0
1376571941,19,1
1376571951,20,0
1376572151,19,1
1376572289,20,0
1376572353,18,2
1376572376,19,1
1376572573,19,1
1376572614,19,1
1376572902,19,1
1376572960,19,1
1376572993,19,1
1376573079,19,1
1376573090,20,0
1376573439,18,2
1376573500,19,1
1376573617,19,1
1376573654,20,0
1376573922,20,0
1376573925,19,1
1376574080,20,0
1376574402,17,3
1376574495,18,2
1376574569,17,3
1376574658,18,2
1376574759,19,1
1376575078,20,0
1376575682,20,0
1376576029,20,0
1376576451,20,0
1376576782,19,1
1376576998,18,2
1376577391,17,3
1376577445,18,2
1376577505,17,3
1376577582,16,4
1376577620,18,2
1376577693,19,1
1376577719,20,0
1376578322,20,0
1376578923,20,0
1376579526,20,0
1376579730,19,1
1376579778,18,2
1376580257,18,2
1376580291,19,1
1376580447,20,0
1376580954,19,1
1376581181,20,0
1376581785,20,0
1376582262,18,2
1376582265,17,3
1376582465,17,3
1376582537,18,2
1376582603,20,0
1376582829,19,1
1376582921,19,1
1376582969,19,1
1376583271,18,2
1376583402,18,2
1376583405,19,1
1376583475,20,0
1376583570,18,2
1376584056,17,3
1376584118,18,2
1376584158,19,1
1376584762,19,1
1376585313,19,1
1376585383,18,2
1376585434,18,2
1376585503,16,4
1376585554,16,4
1376585802,12,8
1376585862,9,11
1376585908,7,13
1376586068,7,13
1376586264,7,13
1376586336,9,11
1376586386,10,10
1376586453,11,9
1376586501,11,9
1376586533,12,8
1376586621,13,7
1376586689,15,5
1376586760,16,4
1376587050,17,3
1376587218,16,4
1376587250,17,3
1376587351,17,3
1376587391,18,2
1376587619,19,1
1376587762,20,0
1376588255,20,0
1376588322,17,3
1376588342,15,5
1376588424,16,4
1376588759,15,5
1376588999,16,4
1376589087,17,3
1376589271,18,2
1376589308,20,0
1376589354,19,1
1376589483,17,3
1376589703,17,3
1376589707,16,4
1376590056,17,2
1376590117,17,2
1376590176,18,2
1376590214,20,0
1376590257,20,0
1376590475,17,2
1376590499,17,3
1376590601,18,2
1376590677,19,1
1376590981,18,2
1376591142,18,2
1376591355,17,3
1376591395,16,4
1376591538,15,5
1376591618,15,5
1376591661,16,4
1376591857,14,6
1376591922,12,8
1376591925,11,9
1376592309,9,11
1376592463,9,11
1376592821,9,11
1376592860,12,8
1376592998,12,8
1376593602,12,8
1376593663,12,8
1376593665,11,9
1376594018,9,11
1376594134,9,11
1376594166,10,10
1376594494,8,12
1376594563,8,12
1376594607,7,13
1376594672,7,13
1376594722,8,12
1376595094,10,10
1376595160,10,10
1376595205,12,8
1376595232,13,7
1376595836,13,7
1376596003,13,7
1376596015,14,6
1376596159,13,7
1376596520,11,9
1376596840,10,10
1376596897,10,10
1376596959,10,10
1376596971,11,9
1376597322,9,11
1376597333,8,12
1376597443,8,12
1376597480,9,11
1376597558,9,11
1376597621,9,11
1376597681,9,11
1376597740,10,10
1376598158,10,10
1376598213,10,10
1376598280,10,10
1376598341,11,9
1376598368,12,8
1376598729,11,9
1376599333,11,9
1376599540,10,10
1376599579,8,12
1376599706,8,12
1376599900,8,12
1376599957,9,11
1376600012,10,10
1376600169,10,10
1376600244,12,8
1376600621,12,8
1376600669,13,7
1376600741,13,7
1376600800,16,4
1376600861,16,4
1376600874,17,3
1376601478,17,3
1376601666,18,2
1376601762,18,2
1376601883,18,2
1376601919,19,1
1376602049,18,2
1376602107,19,1
1376602664,19,1
1376602667,20,0
1376603107,18,2
1376603167,17,3
1376603230,19,1
1376603294,18,2
1376603898,18,2
1376604162,17,3
1376604390,16,4
1376604523,14,6
1376604584,13,7
1376604644,8,12
1376604646,7,13
1376604763,8,12
1376605366,8,12
1376605899,4,16
1376606008,2,18
1376606042,4,16
1376606383,4,15
1376606391,5,14
1376606684,5,14
1376606686,6,13
1376606888,5,14
1376606964,4,15
1376607442,3,16
1376607521,3,16
1376607565,5,14
1376608000,4,15
1376608059,5,14
1376608084,5,14
1376608166,5,14
1376608237,5,14
1376608290,4,15
1376608342,4,15
1376608415,5,14
1376608467,6,13
1376608495,7,12
1376608662,6,13
1376608665,4,15
1376609269,4,16
1376609741,5,15
1376609750,6,14
1376609843,7,13
1376610100,7,13
1376610198,7,13
1376610251,8,12
1376610701,9,11
1376611101,10,10
1376611705,10,10
1376611900,12,8
1376612072,11,9
1376612676,11,9
1376612695,12,8
1376612910,12,8
1376612936,13,7
1376613506,14,6
1376613573,14,6
1376613636,16,4
1376613684,17,3
1376614209,18,2
1376614662,19,1
1376614675,20,0
1376614746,19,1
1376615350,19,1
1376615835,19,1
1376616440,19,1
1376616583,18,2
1376616593,17,3
1376617196,17,3
1376617316,16,4
1376617920,16,4
1376618524,16,4
1376619128,16,4
1376619731,16,4
1376620335,16,4
1376620939,16,4
1376621543,16,4
1376621744,16,4
1376621802,16,4
1376621843,17,3
1376622178,18,2
1376622260,19,1
1376622454,20,0
1376623058,20,0
1376623662,20,0
1376624266,20,0
1376624870,20,0
1376625395,19,1
1376625999,19,1
1376626603,19,1
1376627207,19,1
1376627811,19,1
1376628216,19,1
1376628248,19,1
1376628852,19,1
1376629456,19,1
1376630060,19,1
1376630663,19,1
1376631267,19,1
1376631882,19,1
1376631891,20,0
1376632495,20,0
1376633098,20,0
1376633702,20,0
1376634306,20,0
1376634910,20,0
1376635514,20,0
1376636118,20,0
1376636597,19,1
1376636780,20,0
1376636816,20,0
1376637420,20,0
1376638023,20,0
1376638627,20,0
1376639231,20,0
1376639781,19,1
1376640384,19,1
1376640691,18,2
1376640752,19,1
1376640840,20,0
1376641444,20,0
1376642047,20,0
1376642400,19,1
1376642623,20,0
1376643227,20,0
1376643290,19,1
1376643514,20,0
1376643702,19,1
1376643734,20,0
1376643867,19,1
1376644303,20,0
1376644953,20,0
1376645019,20,0
1376645052,20,0
1376645614,19,1
1376645771,20,0
1376646375,20,0
1376646979,20,0
1376647583,20,0
1376647609,19,1
1376647941,19,1
1376648009,19,1
1376648144,19,1
1376648190,20,0
1376648617,19,1
1376648723,20,0
1376648914,19,1
1376649134,18,2
1376649178,17,3
1376649305,16,4
1376649909,16,4
1376650470,16,4
1376650542,16,4
1376650589,17,3
1376650654,19,1
1376650839,18,2
1376650849,19,1
1376651323,19,1
1376651326,18,2
1376651420,19,1
1376652024,19,1
1376652215,19,1
1376652820,19,1
1376652852,19,1
1376652912,19,1
1376652964,19,1
1376653568,19,1
1376654075,19,1
1376654679,19,1
1376655190,18,2
1376655356,19,1
1376655572,18,2
1376655628,18,2
1376655687,19,1
1376655790,19,1
1376655861,18,2
1376655990,19,1
1376656410,19,1
1376657014,19,1
1376657102,19,1
1376657706,19,1
1376657778,17,3
1376657887,16,4
1376657965,16,4
1376658031,17,3
1376658217,17,3
1376658260,18,2
1376658302,19,1
1376658357,18,2
1376658640,19,1
1376658699,19,1
1376658709,20,0
1376659251,19,1
1376659510,18,2
1376659864,19,1
1376659942,18,2
1376659968,17,3
1376660058,16,4
1376660107,17,3
1376660608,16,4
1376660646,17,3
1376660733,18,2
1376660982,17,3
1376661273,18,2
1376661295,19,1
1376661358,20,0
1376661961,20,0
1376662092,18,2
1376662242,16,4
1376662294,16,4
1376662354,16,4
1376662473,16,4
1376662519,16,4
1376662594,18,2
1376662653,18,2
1376662668,18,2
1376662771,18,2
1376662842,18,2
1376662894,18,2
1376662954,17,3
1376662987,18,2
1376663072,17,3
1376663141,17,3
1376663160,17,3
1376663763,17,3
1376663839,19,1
1376663938,20,0
1376664023,19,1
1376664096,19,1
1376664162,19,1
1376664171,20,0
1376664269,19,1
1376664405,20,0
1376665008,20,0
1376665612,20,0
1376665808,19,1
1376665917,18,2
1376666084,18,2
1376666138,18,2
1376666191,19,1
1376666256,18,2
1376666324,18,2
1376666326,19,1
1376666930,19,1
1376667093,20,0
1376667232,19,1
1376667403,18,2
1376667458,17,3
1376667486,18,2
1376667575,18,2
1376667616,18,1
1376667691,17,2
1376667716,18,1
1376668064,18,1
1376668098,15,4
1376668296,15,4
1376668357,16,3
1376668420,18,2
1376668470,19,1
1376668658,19,1
1376668683,20,0
1376668754,19,1
1376668838,20,0
1376668963,20,0
1376669081,17,3
1376669088,16,4
1376669153,17,3
1376669716,18,2
1376669797,19,1
1376670401,19,1
1376670514,20,0
1376670685,19,1
1376670846,20,0
1376670908,19,1
1376670950,18,2
1376671116,19,1
1376671175,20,0
1376671251,19,1
1376671363,18,2
1376671472,17,3
1376671830,15,5
1376671892,17,3
1376672000,16,4
1376672072,15,5
1376672143,17,3
1376672198,16,4
1376672213,16,4
1376672287,15,5
1376672411,14,6
1376672504,15,5
1376672561,16,4
1376672623,16,4
1376672655,17,3
1376672741,17,3
1376672801,19,1
1376672912,18,2
1376672963,17,3
1376673034,17,3
1376673104,17,3
1376673161,18,2
1376673217,19,1
1376673274,20,0
1376673878,20,0
1376674078,19,1
1376674315,18,2
1376674410,18,2
1376674433,19,1
1376674558,19,1
1376674701,20,0
1376675092,20,0
1376675262,19,1
1376675865,19,1
1376675956,19,1
1376676013,19,1
1376676102,19,1
1376676131,20,0
1376676218,18,2
1376676303,19,1
1376676763,19,1
1376676777,17,3
1376677076,16,4
1376677182,16,4
1376677191,17,3
1376677358,18,2
1376677481,19,1
1376677493,18,2
1376677597,17,3
1376677646,16,4
1376677709,16,4
1376677780,16,4
1376677795,17,3
1376678240,19,1
1376678437,18,2
1376678558,17,3
1376678954,17,3
1376679040,17,3
1376679090,16,4
1376679162,15,5
1376679215,14,6
1376679284,14,6
1376679343,16,4
1376679352,15,5
1376679432,16,4
1376679512,15,5
1376679549,16,4
1376679819,16,4
1376679881,18,2
1376680180,18,2
1376680284,16,4
1376680323,17,3
1376680408,17,3
1376680433,18,2
1376680672,18,2
1376680782,19,1
1376680838,19,1
1376680888,20,0
1376681135,19,1
1376681261,19,1
1376681317,20,0
1376681366,20,0
1376681524,18,2
1376681918,18,2
1376681929,19,1
1376682103,20,0
1376682707,20,0
1376682833,19,1
1376683437,19,1
1376683535,20,0
1376683601,19,0
1376683628,19,1
1376683822,17,3
1376683893,17,3
1376683963,20,0
1376684243,19,1
1376684298,18,2
1376684682,19,1
1376684736,18,2
1376685340,18,2
1376685641,16,4
1376685684,15,5
1376685763,16,4
1376685785,16,4
1376685850,18,1
1376685992,18,2
1376686111,19,1
1376686176,20,0
1376686240,19,1
1376686276,19,0
1376686338,19,0
1376686724,16,2
1376686781,15,4
1376686810,14,5
1376686942,14,5
1376687024,16,3
1376687069,15,4
1376687325,13,6
1376687367,16,3
1376687619,15,4
1376688223,15,5
1376688328,14,6
1376688353,13,7
1376688957,13,7
1376689439,12,8
1376689842,13,7
1376689903,13,7
1376689923,13,7
1376690527,13,7
1376691028,12,8
1376691142,12,8
1376691223,14,6
1376691341,14,6
1376691351,15,5
1376691449,16,4
1376691712,15,5
1376691774,16,4
1376691884,15,5
1376691930,14,6
1376692001,15,5
1376692031,14,6
1376692537,13,7
1376692616,14,6
1376693076,14,6
1376693160,14,6
1376693258,16,4
1376693317,18,2
1376693379,18,1
1376693443,18,1
1376693454,18,1
1376693565,18,2
1376693595,18,2
1376694041,14,6
1376694234,14,6
1376694517,12,8
1376694528,12,8
1376694980,13,7
1376695094,13,7
1376695173,15,5
1376695235,15,5
1376695267,16,4
1376695359,16,4
1376695396,17,3
1376695489,17,3
1376695659,18,2
1376695681,18,1
1376696284,18,2
1376696617,17,3
1376696978,17,2
1376697022,17,2
1376697052,18,1
1376697339,18,1
1376697456,18,2
1376697512,18,1
1376697576,18,1
1376697602,18,2
1376698206,18,2
1376698467,18,2
1376698531,18,2
1376698602,18,2
1376698659,18,2
1376698667,19,1
1376699272,19,1
1376699736,19,1
1376699800,18,2
1376700461,19,1
1376700580,19,1
1376700624,20,0
1376701228,20,0
1376701843,20,0
1376701845,19,1
1376702306,19,1
1376702381,19,1
1376702537,20,0
1376702591,19,1
1376702668,18,2
1376702908,19,1
1376703070,19,1
1376703191,17,3
1376703261,16,4
1376703638,16,4
1376703700,16,4
1376703722,17,3
1376704086,18,2
1376704289,18,2
1376704334,19,1
1376704805,19,1
1376704860,20,0
1376705464,20,0
1376706067,20,0
1376706251,19,1
1376706855,19,1
1376707458,19,1
1376708062,19,1
1376708658,18,2
1376708912,18,2
1376708961,18,2
1376709100,18,2
1376709105,18,2
1376709201,20,0
1376709805,20,0
1376710409,20,0
1376711012,20,0
1376711616,20,0
1376712137,19,1
1376712584,19,1
1376712586,20,0
1376713191,20,0
1376713794,20,0
1376714398,20,0
1376715002,20,0
1376715606,20,0
1376716210,20,0
1376716813,20,0
1376717417,20,0
1376718021,20,0
1376718625,20,0
1376718891,19,1
1376719496,19,1
1376719604,18,2
1376719713,19,1
1376719737,20,0
1376720342,20,0
1376720946,20,0
1376721218,19,1
1376721564,20,0
1376722168,20,0
1376722772,20,0
1376723376,20,0
1376723980,20,0
1376724584,20,0
1376724845,19,0
1376725145,18,1
1376725378,19,0
1376725981,19,0
1376726402,17,2
1376726479,18,1
1376726718,19,1
1376726920,17,3
1376727524,17,3
1376727937,18,2
1376728541,18,2
1376728604,18,2
1376728646,19,1
1376728891,19,1
1376728946,20,0
1376729551,20,0
1376729910,18,2
1376730335,17,3
1376730616,17,3
1376730760,17,3
1376730901,16,4
1376730995,16,4
1376731064,16,4
1376731076,16,4
1376731153,18,2
1376731222,18,2
1376731263,19,1
1376731340,19,1
1376731424,19,1
1376731426,20,0
1376731590,19,1
1376732016,18,2
1376732127,20,0
1376732486,19,1
1376732584,20,0
1376732677,19,1
1376732712,19,1
1376732802,19,1
1376732913,19,1
1376732957,20,0
1376733006,19,1
1376733488,17,3
1376733653,17,3
1376733711,17,3
1376733848,17,3
1376733920,15,5
1376734117,15,5
1376734162,15,5
1376734240,14,6
1376734718,14,6
1376734782,16,4
1376734819,17,3
1376735375,16,4
1376735621,17,3
1376735630,18,2
1376735698,17,3
1376735782,18,2
1376735882,19,1
1376736016,19,1
1376736100,19,1
1376736112,20,0
1376736252,19,1
1376736471,18,2
1376736567,15,5
1376736811,14,6
1376736864,14,6
1376736938,12,8
1376736984,13,7
1376737050,12,8
1376737158,12,7
1376737233,13,6
1376737283,15,4
1376737562,16,3
1376737904,16,3
1376737915,18,1
1376738004,20,0
1376738323,20,0
1376738336,20,0
1376738619,13,7
1376738632,12,8
1376738913,12,8
1376738960,11,9
1376739022,8,12
1376739309,8,12
1376739390,8,12
1376739428,9,11
1376739568,8,12
1376739615,9,11
1376739699,9,11
1376739710,10,10
1376739966,11,9
1376740021,12,8
1376740180,12,8
1376740240,14,6
1376740283,15,5
1376740416,16,4
1376740484,15,5
1376740517,14,6
1376740581,14,6
1376740654,15,4
1376740694,15,4
1376740763,17,2
1376740837,19,0
1376741235,18,1
1376741323,17,2
1376741384,18,2
1376741725,18,2
1376741756,19,1
1376742360,19,1
1376742547,18,2
1376742717,18,2
1376742817,18,2
1376742926,18,2
1376743041,18,2
1376743083,19,1
1376743223,18,2
1376743400,16,4
1376743476,17,3
1376743508,18,2
1376743890,19,1
1376744161,19,1
1376744258,19,1
1376744331,19,1
1376744557,17,3
1376744658,18,2
1376744818,17,3
1376745007,18,2
1376745084,17,3
1376745305,16,4
1376745461,14,6
1376745474,15,5
1376745584,15,5
1376745586,16,4
1376745987,17,3
1376746061,17,3
1376746118,16,4
1376746169,16,4
1376746245,17,2
1376746285,19,1
1376746600,15,5
1376746703,16,4
1376746782,16,4
1376746955,17,3
1376747050,18,2
1376747116,19,1
1376747305,18,2
1376747367,19,1
1376747404,17,3
1376747742,19,1
1376748281,17,3
1376748344,16,4
1376748351,13,7
1376748516,15,5
1376748563,16,4
1376748626,17,3
1376748680,17,3
1376748727,17,3
1376748768,18,2
1376748844,17,3
1376748935,15,5
1376749065,15,5
1376749123,15,5
1376749180,17,3
1376749244,16,4
1376749289,16,4
1376749344,16,4
1376749424,16,4
1376749476,16,4
1376749545,18,2
1376749599,17,3
1376749622,19,1
1376750226,19,1
1376750830,19,1
1376751189,18,2
1376751334,18,2
1376751365,18,2
1376751524,19,1
1376751526,18,2
1376751673,19,1
1376752094,18,2
1376752531,19,1
1376753138,19,1
1376753176,19,1
1376753236,19,1
1376753566,19,1
1376754034,18,2
1376754094,17,3
1376754180,16,4
1376754320,15,5
1376754403,13,7
1376754486,13,7
1376754704,13,7
1376754715,14,6
1376754982,13,7
1376755078,14,6
1376755183,14,6
1376755204,15,5
1376755369,13,7
1376755657,12,8
1376755746,12,8
1376755803,13,7
1376755959,13,7
1376755985,11,9
1376756109,12,8
1376756323,12,8
1376756326,13,7
1376756419,13,7
1376756451,14,6
1376756835,13,7
1376756974,14,6
1376757043,15,5
1376757207,16,4
1376757285,15,5
1376757345,16,4
1376757398,16,4
1376757460,16,4
1376757492,17,3
1376757610,16,4
1376757703,16,4
1376757825,18,2
1376758104,17,3
1376758298,18,2
1376758425,17,3
1376758451,18,2
1376759055,18,2
1376759294,18,2
1376759383,18,2
1376759389,19,1
1376759485,18,2
1376759549,17,3
1376759875,17,3
1376759959,17,3
1376760043,18,2
1376760368,17,3
1376760408,18,2
1376760575,18,2
1376760699,18,2
1376760824,19,0
1376760850,19,0
1376760999,19,0
1376761050,20,0
1376761400,18,2
1376761458,18,2
1376761542,19,1
1376761597,18,2
1376761611,18,2
1376761755,19,1
1376761803,18,2
1376761941,16,4
1376762123,16,4
1376762416,15,4
1376762472,15,5
1376762521,14,6
1376762739,16,4
1376762768,17,3
1376762910,17,3
1376762975,19,1
1376762996,20,0
1376763187,19,1
1376763343,17,3
1376763359,16,4
1376763696,14,6
1376763710,14,6
1376763825,15,5
1376763980,18,2
1376764072,18,2
1376764178,18,2
1376764237,19,1
1376764286,20,0
1376764329,18,2
1376764649,18,2
1376764880,17,3
1376765162,16,4
1376765625,16,4
1376765628,15,5
1376765814,14,6
1376766089,12,8
1376766284,11,9
1376766703,10,10
1376766806,10,10
1376766886,11,9
1376766930,13,7
1376766980,14,6
1376767483,15,5
1376767708,14,6
1376767777,14,6
1376767841,14,6
1376767866,12,8
1376768193,11,9
1376768326,12,8
1376768361,10,10
1376768618,11,9
1376768640,12,8
1376768732,13,7
1376768793,14,6
1376769381,15,5
1376769461,16,4
1376769523,15,5
1376769646,16,4
1376769670,19,1
1376769728,17,3
1376769937,17,3
1376769953,18,2
1376770065,18,2
1376770115,20,0
1376770410,19,1
1376770667,19,1
1376770842,18,2
1376770886,18,2
1376770965,19,1
1376771122,17,3
1376771726,17,3
1376772216,19,1
1376772406,19,1
1376772409,17,3
1376773013,17,3
1376773186,17,3
1376773253,20,0
1376773437,19,1
1376774041,19,1
1376774118,20,0
1376774723,20,0
1376775057,19,1
1376775400,19,1
1376775412,20,0
1376775959,19,1
1376776563,19,1
1376777167,19,1
1376777290,19,1
1376777894,19,1
1376778119,18,2
1376778814,18,2
1376778869,18,2
1376778920,19,1
1376779523,19,1
1376779571,18,2
1376779657,18,2
1376779718,18,2
1376779905,19,1
1376779921,18,2
1376780396,19,1
1376780458,20,0
1376780784,19,1
1376780889,16,4
1376781405,16,4
1376781505,20,0
1376782109,20,0
1376782722,19,1
1376783021,20,0
1376783625,20,0
1376784038,19,1
1376784369,18,2
1376784473,19,1
1376784995,16,4
1376785123,14,6
1376785160,15,5
1376785725,17,3
1376785734,18,2
1376786242,20,0
1376786917,20,0
1376787521,20,0
1376787553,20,0
1376787645,19,1
1376787682,19,1
1376787793,17,3
1376788629,17,3
1376788983,14,6
1376789587,14,6
1376789741,13,7
1376790346,13,7
1376790816,14,6
1376791346,15,5
1376791523,15,5
1376791573,16,4
1376792075,16,4
1376792384,16,4
1376792393,17,3
1376792901,18,2
1376793272,17,3
1376793810,17,3
1376793877,18,2
1376793892,19,1
1376794496,19,1
1376794927,19,1
1376795534,19,1
1376795580,20,0
1376796183,20,0
1376796787,20,0
1376797391,20,0
1376798009,20,0
1376798081,19,1
1376798191,20,0
1376798795,20,0
1376799398,20,0
1376800002,20,0
1376800606,20,0
1376801210,20,0
1376801813,20,0
1376802417,20,0
1376803021,20,0
1376803625,20,0
1376804228,20,0
1376804832,20,0
1376805436,20,0
1376805635,19,1
1376806239,19,1
1376806842,19,1
1376807446,19,1
1376808050,19,1
1376808654,19,1
1376808728,20,0
1376809332,20,0
1376809936,20,0
1376810540,20,0
1376811143,20,0
1376812092,20,0
1376812696,20,0
1376813369,20,0
1376813403,20,0
1376813827,19,1
1376814431,19,1
1376814703,19,1
1376814711,20,0
1376815232,19,1
1376815836,19,1
1376815977,18,2
1376816581,18,2
1376817185,18,2
1376817460,17,2
1376817521,16,4
1376817530,17,3
1376817672,18,2
1376818276,18,2
1376818369,18,2
1376818469,18,2
1376818527,18,2
1376818662,18,2
1376818719,18,2
1376818780,18,2
1376818791,19,1
1376819395,19,1
1376819505,18,2
1376819552,18,2
1376819643,19,1
1376819863,19,1
1376819872,20,0
1376820476,20,0
1376821080,20,0
1376821220,19,1
1376821285,17,3
1376821354,17,3
1376821396,17,3
1376821496,17,3
1376821647,16,4
1376821675,16,4
1376821753,17,3
1376822237,18,2
1376822526,19,1
1376822745,17,2
1376822982,18,2
1376823043,17,3
1376823060,17,3
1376823215,17,3
1376823279,16,4
1376823346,17,3
1376823400,17,3
1376823506,17,3
1376823554,17,3
1376823710,17,3
1376823792,17,3
1376823867,17,3
1376823944,18,2
1376824099,20,0
1376824293,20,0
1376824897,20,0
1376825501,20,0
1376825804,20,0
1376825852,18,1
1376825914,18,2
1376826087,19,1
1376826586,19,1
1376826594,20,0
1376826664,20,0
1376827273,20,0
1376827770,18,2
1376828020,19,1
1376828046,20,0
1376828376,18,2
1376828554,17,3
1376828776,17,3
1376828854,19,1
1376828896,17,3
1376828981,17,3
1376829008,18,2
1376829629,19,1
1376829759,18,2
1376829818,18,2
1376829880,20,0
1376830484,20,0
1376830816,18,2
1376830960,18,2
1376831017,20,0
1376831208,19,1
1376831620,19,1
1376831724,19,1
1376831839,19,1
1376831909,20,0
1376831948,20,0
1376832031,20,0
1376832635,20,0
