1376208112,3,0
1376208715,3,0
1376209319,3,0
1376209923,3,0
1376210009,3,0
1376210613,3,0
1376211217,3,0
1376211820,3,0
1376212424,3,0
1376213028,3,0
1376213632,3,0
1376214235,3,0
1376214845,3,0
1376215449,3,0
1376216053,3,0
1376216656,3,0
1376217260,3,0
1376217864,3,0
1376218469,3,0
1376219072,3,0
1376219231,3,0
1376219289,3,0
1376219893,3,0
1376220497,3,0
1376221101,3,0
1376221705,3,0
1376222309,3,0
1376222912,3,0
1376223516,3,0
1376224120,3,0
1376224724,3,0
1376225328,3,0
1376225931,3,0
1376226535,3,0
1376226630,3,0
1376226662,3,0
1376227266,3,0
1376227870,3,0
1376228474,3,0
1376229077,3,0
1376229681,3,0
1376230285,3,0
1376230889,3,0
1376231493,3,0
1376232097,3,0
1376232701,3,0
1376233304,3,0
1376233908,3,0
1376234512,3,0
1376235116,3,0
1376235719,3,0
1376236323,3,0
1376236927,3,0
1376237532,3,0
1376238136,3,0
1376238740,3,0
1376239343,3,0
1376239947,3,0
1376240551,3,0
1376240868,3,0
1376241471,3,0
1376242075,3,0
1376242679,3,0
1376243283,3,0
1376243887,3,0
1376244491,3,0
1376245095,3,0
1376245698,3,0
1376246302,3,0
1376246906,3,0
1376247510,3,0
1376248113,3,0
1376248717,3,0
1376249321,3,0
1376249925,3,0
1376250529,3,0
1376251133,3,0
1376251736,3,0
1376252340,3,0
1376252944,3,0
1376253547,3,0
1376254151,3,0
1376254755,3,0
1376255359,3,0
1376255963,3,0
1376256567,3,0
1376257171,3,0
1376257781,3,0
1376258384,3,0
1376258988,3,0
1376259592,3,0
1376260195,3,0
1376260799,3,0
1376261403,3,0
1376262007,3,0
1376262611,3,0
1376263214,3,0
1376263818,3,0
1376264422,3,0
1376265025,3,0
1376265629,3,0
1376266233,3,0
1376266837,3,0
1376267441,3,0
1376268044,3,0
1376268649,3,0
1376269253,3,0
1376269857,3,0
1376270460,3,0
1376271064,3,0
1376271668,3,0
1376272122,3,0
1376272156,3,0
1376272760,3,0
1376273363,3,0
1376273967,3,0
1376274571,3,0
1376275175,3,0
1376275778,3,0
1376276382,3,0
1376276986,3,0
1376277590,3,0
1376278193,3,0
1376278797,3,0
1376279401,3,0
1376280005,3,0
1376280609,3,0
1376281214,3,0
1376281818,3,0
1376282422,3,0
1376283026,3,0
1376283629,3,0
1376284233,3,0
1376284837,3,0
1376285441,3,0
1376286044,3,0
1376286648,3,0
1376287252,3,0
1376287856,3,0
1376288143,3,0
1376288166,3,0
1376288770,3,0
1376289374,3,0
1376289978,3,0
1376290581,3,0
1376291185,3,0
1376291789,3,0
1376292393,3,0
1376292997,3,0
1376293601,3,0
1376294205,3,0
1376294810,3,0
1376295414,3,0
1376296018,3,0
1376296622,3,0
1376297226,3,0
1376297831,3,0
1376298435,3,0
1376299038,3,0
1376299642,3,0
1376300246,3,0
1376300850,3,0
1376301454,3,0
1376302057,3,0
1376302661,3,0
1376303265,3,0
1376303869,3,0
1376304472,3,0
1376305076,3,0
1376305680,3,0
1376306284,3,0
1376306794,3,0
1376307191,3,0
1376307795,3,0
1376308399,3,0
1376309002,3,0
1376309606,3,0
1376310210,3,0
1376310814,3,0
1376311417,3,0
1376312021,3,0
1376312631,3,0
1376313235,3,0
1376313838,3,0
1376314442,3,0
1376315046,3,0
1376315650,3,0
1376316254,3,0
1376316857,3,0
1376317461,3,0
1376318065,3,0
1376318669,3,0
1376319273,3,0
1376319878,3,0
1376320482,3,0
1376321086,3,0
1376321689,3,0
1376322293,3,0
1376322897,3,0
1376323501,3,0
1376324104,3,0
1376324708,3,0
1376325312,3,0
1376325916,3,0
1376326519,3,0
1376327123,3,0
1376327727,3,0
1376328331,3,0
1376328934,3,0
1376329538,3,0
1376330142,3,0
1376330752,3,0
1376331356,3,0
1376331960,3,0
1376332564,3,0
1376333168,3,0
1376333771,3,0
1376334375,3,0
1376334979,3,0
1376335583,3,0
1376336186,3,0
1376336790,3,0
1376337394,3,0
1376337998,3,0
1376338601,3,0
1376339205,3,0
1376339809,3,0
1376340413,3,0
1376341016,3,0
1376341620,3,0
1376342224,3,0
1376342828,3,0
1376343432,3,0
1376344036,3,0
1376344646,3,0
1376345250,3,0
1376345855,3,0
1376346458,3,0
1376347062,3,0
1376347666,3,0
1376348269,3,0
1376348873,3,0
1376349477,3,0
1376350081,3,0
1376350684,3,0
1376351288,3,0
1376351892,3,0
1376352496,3,0
1376353099,3,0
1376353703,3,0
1376354307,3,0
1376354911,3,0
1376355515,3,0
1376356119,3,0
1376356723,3,0
1376357327,3,0
1376357930,3,0
1376358525,3,0
1376358556,3,0
1376359160,3,0
1376359764,3,0
1376360368,3,0
1376360972,3,0
1376361576,3,0
1376362179,3,0
1376362783,3,0
1376363387,3,0
1376363990,3,0
1376364594,3,0
1376365198,3,0
1376365802,3,0
1376366406,3,0
1376367009,3,0
1376367613,3,0
1376368217,3,0
1376368821,3,0
1376369425,3,0
1376370029,3,0
1376370633,3,0
1376371237,3,0
1376371840,3,0
1376372444,3,0
1376373048,3,0
1376373652,3,0
1376374255,3,0
1376374859,3,0
1376375463,3,0
1376376067,3,0
1376376670,3,0
1376377274,3,0
1376377878,3,0
1376378482,3,0
1376379085,3,0
1376379689,3,0
1376380293,3,0
1376380897,3,0
1376381501,3,0
1376382105,3,0
1376382709,3,0
1376383342,3,0
1376383946,3,0
1376384550,3,0
1376385153,3,0
1376385758,3,0
1376386362,3,0
1376386966,3,0
1376387570,3,0
1376388173,3,0
1376388777,3,0
1376389381,3,0
1376389985,3,0
1376390588,3,0
1376391194,3,0
1376391798,3,0
1376392402,3,0
1376393006,3,0
1376393610,3,0
1376394214,3,0
1376394818,3,0
1376395422,3,0
1376396025,3,0
1376396629,3,0
1376397233,3,0
1376397837,3,0
1376398440,3,0
1376398814,3,0
1376399418,3,0
1376400022,3,0
1376400626,3,0
1376401230,3,0
1376401834,3,0
1376402437,3,0
1376403041,3,0
1376403645,3,0
1376404249,3,0
1376404852,3,0
1376405456,3,0
1376406060,3,0
1376406664,3,0
1376407268,3,0
1376407872,3,0
1376408476,3,0
1376409079,3,0
1376409683,3,0
1376410287,3,0
1376410891,3,0
1376411494,3,0
1376412099,3,0
1376412703,3,0
1376413307,3,0
1376413911,3,0
1376414516,3,0
1376415120,3,0
1376415723,3,0
1376416327,3,0
1376416931,3,0
1376417534,3,0
1376418139,3,0
1376418742,3,0
1376419346,3,0
1376419950,3,0
1376420554,3,0
1376421158,3,0
1376421762,3,0
1376422365,3,0
1376422969,3,0
1376423573,3,0
1376424177,3,0
1376424781,3,0
1376425385,3,0
1376425989,3,0
1376426593,3,0
1376427197,3,0
1376427801,3,0
1376428404,3,0
1376429008,3,0
1376429612,3,0
1376430221,3,0
1376430825,3,0
1376431430,3,0
1376432034,3,0
1376432637,3,0
1376433241,3,0
1376433845,3,0
1376434449,3,0
1376435052,3,0
1376435656,3,0
1376436260,3,0
1376436863,3,0
1376437467,3,0
1376438071,3,0
1376438675,3,0
1376439279,3,0
1376439882,3,0
1376440486,3,0
1376441090,3,0
1376441694,3,0
1376442297,3,0
1376442901,3,0
1376443505,3,0
1376444110,3,0
1376444713,3,0
1376444946,3,0
1376445043,3,0
1376445647,3,0
1376446250,3,0
1376446855,3,0
1376447459,3,0
1376448063,3,0
1376448667,3,0
1376449271,3,0
1376449874,3,0
1376450479,3,0
1376451083,3,0
1376451687,3,0
1376452290,3,0
1376452894,3,0
1376453498,3,0
1376454102,3,0
1376454706,3,0
1376455310,3,0
1376455914,3,0
1376456519,3,0
1376457122,3,0
1376457726,3,0
1376458330,3,0
1376458934,3,0
1376459537,3,0
1376460141,3,0
1376460745,3,0
1376461349,3,0
1376461953,3,0
1376462556,3,0
1376463160,3,0
1376463764,3,0
1376464374,3,0
1376464977,3,0
1376465581,3,0
1376466185,3,0
1376466789,3,0
1376467394,3,0
1376467512,3,0
1376467601,4,0
1376468206,4,0
1376468809,4,0
1376469414,4,0
1376469885,4,0
1376469997,4,0
1376470057,4,0
1376470114,0,0
1376470206,0,0
1376470810,0,0
1376471414,0,0
1376472018,0,0
1376472622,0,0
1376473226,0,0
1376473829,0,0
1376474434,0,0
1376475038,0,0
1376475642,0,0
1376476245,0,0
1376476850,0,0
1376477454,0,0
1376478058,0,0
1376478662,0,0
1376479266,0,0
1376479871,0,0
1376480474,0,0
1376481078,0,0
1376481683,0,0
1376482287,0,0
1376482890,0,0
1376483494,0,0
1376484098,0,0
1376484702,0,0
1376485305,0,0
1376485909,0,0
1376486513,0,0
1376487117,0,0
1376487720,0,0
1376488324,0,0
1376488928,0,0
1376489532,0,0
1376490135,0,0
1376490739,0,0
1376491343,0,0
1376491947,0,0
1376492551,0,0
1376493154,0,0
1376493758,0,0
1376494363,0,0
1376494770,0,0
1376494805,0,0
1376494958,0,0
1376495298,0,0
1376495902,0,0
1376496506,0,0
1376497110,0,0
1376497265,0,0
1376497869,0,0
1376498472,0,0
1376499076,0,0
1376499680,0,0
1376500284,0,0
1376500887,0,0
1376501491,0,0
1376502095,0,0
1376502640,0,0
1376503244,0,0
1376503851,0,0
1376504453,0,0
1376505057,0,0
1376505660,0,0
1376506264,0,0
1376506869,0,0
1376507472,0,0
1376508082,0,0
1376508686,0,0
1376509295,0,0
1376509899,0,0
1376510503,0,0
1376511107,0,0
1376511711,0,0
1376512314,0,0
1376512918,0,0
1376513522,0,0
1376514126,0,0
1376514729,0,0
1376515333,0,0
1376515937,0,0
1376516541,0,0
1376517145,0,0
1376517748,0,0
1376518352,0,0
1376518956,0,0
1376519560,0,0
1376520164,0,0
1376520768,0,0
1376521371,0,0
1376521976,0,0
1376522581,0,0
1376523185,0,0
1376523789,0,0
1376524393,0,0
1376524997,0,0
1376525600,0,0
1376526204,0,0
1376526808,0,0
1376526974,0,0
1376527578,0,0
1376528183,0,0
1376528786,0,0
1376529390,0,0
1376529994,0,0
1376530598,0,0
1376531335,0,0
1376531940,0,0
1376532544,0,0
1376533147,0,0
1376533751,0,0
1376534355,0,0
1376534959,0,0
1376535563,0,0
1376536166,0,0
1376536770,0,0
1376537374,0,0
1376537977,0,0
1376538581,0,0
1376539185,0,0
1376539789,0,0
1376540393,0,0
1376540996,0,0
1376541600,0,0
1376542204,0,0
1376542808,0,0
1376543411,0,0
1376544015,0,0
1376544620,0,0
1376545223,0,0
1376545827,0,0
1376546431,0,0
1376547035,0,0
1376547639,0,0
1376548242,0,0
1376548846,0,0
1376549450,0,0
1376550054,0,0
1376550657,0,0
1376551261,0,0
1376551865,0,0
1376552469,0,0
1376553073,0,0
1376553676,0,0
1376554280,0,0
1376554885,0,0
1376555490,0,0
1376556094,0,0
1376556698,0,0
1376557302,0,0
1376557906,0,0
1376558510,0,0
1376559113,0,0
1376559723,0,0
1376560327,0,0
1376560931,0,0
1376561534,0,0
1376562138,0,0
1376562742,0,0
1376563012,0,0
1376563616,0,0
1376564221,0,0
1376564825,0,0
1376565429,0,0
1376566033,0,0
1376566636,0,0
1376567240,0,0
1376567843,0,0
1376568447,0,0
1376569051,0,0
1376569655,0,0
1376570259,0,0
1376570863,0,0
1376571467,0,0
1376572070,0,0
1376572674,0,0
1376573278,0,0
1376573882,0,0
1376574486,0,0
1376575089,0,0
1376575693,0,0
1376576297,0,0
1376576901,0,0
1376577504,0,0
1376578114,0,0
1376578718,0,0
1376579321,0,0
1376579925,0,0
1376580529,0,0
1376581037,0,0
1376581641,0,0
1376582246,0,0
1376582850,0,0
1376583453,0,0
1376584057,0,0
1376584661,0,0
1376585265,0,0
1376585868,0,0
1376586472,0,0
1376587076,0,0
1376587680,0,0
1376588284,0,0
1376588887,0,0
1376589491,0,0
1376590095,0,0
1376590698,0,0
1376591302,0,0
1376591906,0,0
1376592510,0,0
1376593114,0,0
1376593718,0,0
1376594323,0,0
1376594927,0,0
1376595531,0,0
1376596134,0,0
1376596738,0,0
1376597342,0,0
1376597946,0,0
1376598549,0,0
1376599153,0,0
1376599757,0,0
1376600361,0,0
1376600964,0,0
1376601568,0,0
1376602172,0,0
1376602776,0,0
1376603386,0,0
1376603990,0,0
1376604593,0,0
1376605197,0,0
1376605802,0,0
1376606064,0,0
1376606120,0,0
1376606725,0,0
1376607329,0,0
1376607933,0,0
1376608537,0,0
1376609141,0,0
1376609745,0,0
1376610349,0,0
1376610953,0,0
1376611557,0,0
1376612161,0,0
1376612764,0,0
1376613368,0,0
1376613972,0,0
1376614576,0,0
1376615180,0,0
1376615783,0,0
1376616387,0,0
1376616991,0,0
1376617743,0,0
1376617862,0,0
1376618466,0,0
1376619069,0,0
1376619674,0,0
1376620278,0,0
1376620883,0,0
1376621486,0,0
1376622090,0,0
1376622694,0,0
1376623298,0,0
1376623902,0,0
1376624505,0,0
1376625109,0,0
1376625713,0,0
1376626317,0,0
1376626920,0,0
1376627524,0,0
1376628128,0,0
1376628731,0,0
1376629335,0,0
1376629939,0,0
1376630543,0,0
1376631148,0,0
1376631751,0,0
1376632356,0,0
1376632961,0,0
1376633565,0,0
1376634168,0,0
1376634772,0,0
1376635375,0,0
1376635979,0,0
1376636583,0,0
1376637187,0,0
1376637791,0,0
1376638394,0,0
1376638998,0,0
1376639318,0,0
1376639355,0,0
1376639408,0,0
1376640013,0,0
1376640617,0,0
1376641220,0,0
1376641824,0,0
1376642428,0,0
1376643032,0,0
1376643635,0,0
1376644239,0,0
1376644844,0,0
1376645447,0,0
1376646051,0,0
1376646655,0,0
1376647259,0,0
1376647862,0,0
1376648466,0,0
1376649086,0,0
1376649690,0,0
1376650294,0,0
1376650899,0,0
1376651503,0,0
1376652107,0,0
1376652710,0,0
1376653314,0,0
1376653918,0,0
1376654522,0,0
1376655125,0,0
1376655729,0,0
1376656333,0,0
1376656937,0,0
1376657541,0,0
1376658146,0,0
1376658750,0,0
1376659354,0,0
1376659957,0,0
1376660561,0,0
1376661165,0,0
1376661769,0,0
1376662372,0,0
1376662976,0,0
1376663468,0,0
1376663516,0,0
1376663593,0,0
1376664198,0,0
1376664802,0,0
1376665405,0,0
1376666009,0,0
1376666613,0,0
1376667217,0,0
1376667820,0,0
1376668424,0,0
1376669028,0,0
1376669633,0,0
1376670237,0,0
1376670841,0,0
1376671445,0,0
1376672050,0,0
1376672654,0,0
1376673257,0,0
1376673861,0,0
1376674465,0,0
1376675069,0,0
1376675672,0,0
1376676276,0,0
1376676880,0,0
1376677485,0,0
1376678089,0,0
1376678698,0,0
1376679302,0,0
1376679906,0,0
1376680510,0,0
1376681114,0,0
1376681717,0,0
1376682322,0,0
1376682925,0,0
1376683529,0,0
1376684133,0,0
1376684737,0,0
1376685341,0,0
1376685945,0,0
1376686548,0,0
1376687152,0,0
1376687757,0,0
1376688361,0,0
1376688964,0,0
1376689568,0,0
1376690178,0,0
1376690782,0,0
1376691385,0,0
1376691989,0,0
1376692593,0,0
1376693197,0,0
1376693801,0,0
1376694404,0,0
1376695009,0,0
1376695612,0,0
1376696216,0,0
1376696820,0,0
1376697424,0,0
1376698028,0,0
1376698631,0,0
1376699235,0,0
1376699839,0,0
1376700443,0,0
1376701046,0,0
1376701650,0,0
1376702254,0,0
1376702858,0,0
1376703461,0,0
1376704124,0,0
1376704225,0,0
1376704276,0,0
1376704880,0,0
1376705483,0,0
1376706087,0,0
1376706691,0,0
1376707295,0,0
1376707899,0,0
1376708503,0,0
1376709107,0,0
1376709711,0,0
1376710314,0,0
1376710918,0,0
1376711522,0,0
1376712126,0,0
1376712729,0,0
1376713333,0,0
1376713937,0,0
1376714541,0,0
1376715144,0,0
1376715748,0,0
1376716352,0,0
1376716956,0,0
1376717559,0,0
1376718163,0,0
1376718767,0,0
1376719371,0,0
1376719975,0,0
1376720579,0,0
1376721183,0,0
1376721787,0,0
1376722390,0,0
1376722994,0,0
1376723598,0,0
1376724202,0,0
1376724805,0,0
1376725409,0,0
1376726013,0,0
1376726617,0,0
1376727220,0,0
1376727824,0,0
1376728428,0,0
1376729032,0,0
1376729636,0,0
1376730239,0,0
1376730843,0,0
1376731447,0,0
1376732051,0,0
1376732655,0,0
1376733259,0,0
1376733863,0,0
1376734466,0,0
1376735070,0,0
1376735239,0,0
1376735844,0,0
1376736447,0,0
1376737051,0,0
1376737655,0,0
1376738259,0,0
1376738862,0,0
1376739466,0,0
1376740070,0,0
1376740674,0,0
1376741277,0,0
1376741881,0,0
1376742485,0,0
1376743089,0,0
1376743692,0,0
1376744296,0,0
1376744901,0,0
1376745505,0,0
1376746108,0,0
1376746712,0,0
1376747317,0,0
1376747922,0,0
1376748526,0,0
1376749130,0,0
1376749733,0,0
1376750337,0,0
1376750941,0,0
1376751545,0,0
1376752148,0,0
1376752695,0,0
1376753298,0,0
1376753902,0,0
1376754506,0,0
1376755109,0,0
1376755713,0,0
1376756317,0,0
1376756921,0,0
1376757525,0,0
1376758129,0,0
1376758734,0,0
1376759338,0,0
1376759941,0,0
1376760545,0,0
1376761155,0,0
1376761759,0,0
1376762362,0,0
1376762790,0,0
1376763281,0,0
1376763889,0,0
1376764492,0,0
1376765095,0,0
1376765699,0,0
1376766303,0,0
1376766906,0,0
1376767510,0,0
1376768114,0,0
1376768718,0,0
1376769322,0,0
1376769926,0,0
1376770530,0,0
1376771134,0,0
1376771737,0,0
1376772341,0,0
1376772945,0,0
1376773549,0,0
1376774153,0,0
1376774756,0,0
1376775361,0,0
1376775965,0,0
1376776569,0,0
1376777179,0,0
1376777782,0,0
1376778387,0,0
1376778991,0,0
1376779595,0,0
1376780199,0,0
1376780802,0,0
1376781406,0,0
1376782003,0,0
1376782013,0,0
1376782617,0,0
1376783220,0,0
1376783824,0,0
1376784428,0,0
1376785032,0,0
1376785635,0,0
1376786239,0,0
1376786843,0,0
1376787447,0,0
1376788051,0,0
1376788654,0,0
1376789258,0,0
1376789862,0,0
1376790526,0,0
1376790533,0,0
1376791138,0,0
1376791742,0,0
1376792346,0,0
1376792950,0,0
1376793554,0,0
1376794158,0,0
1376794761,0,0
1376795366,0,0
1376795970,0,0
1376796573,0,0
1376797177,0,0
1376797780,0,0
1376798384,0,0
1376798988,0,0
1376799591,0,0
1376800195,0,0
1376800799,0,0
1376801403,0,0
1376802006,0,0
1376802610,0,0
1376803214,0,0
1376803818,0,0
1376804421,0,0
1376805025,0,0
1376805629,0,0
1376806233,0,0
1376806837,0,0
1376807441,0,0
1376808045,0,0
1376808649,0,0
1376809253,0,0
1376809857,0,0
1376810461,0,0
1376811065,0,0
1376811669,0,0
1376812273,0,0
1376812877,0,0
1376813481,0,0
1376814085,0,0
1376814689,0,0
1376815292,0,0
1376815896,0,0
1376816500,0,0
1376817104,0,0
1376817708,0,0
1376818312,0,0
1376818916,0,0
1376819520,0,0
1376820124,0,0
1376820728,0,0
1376821332,0,0
1376821936,0,0
1376822539,0,0
1376823143,0,0
1376823747,0,0
1376824351,0,0
1376824955,0,0
1376825558,0,0
1376826162,0,0
1376826766,0,0
1376827370,0,0
1376827974,0,0
1376828577,0,0
1376829181,0,0
1376829785,0,0
1376830388,0,0
1376830992,0,0
1376831596,0,0
1376832199,0,0
1376832804,0,0
