1376208585,11,11
1376209189,11,11
1376209793,11,11
1376210397,11,11
1376211001,11,11
1376211605,11,11
1376212209,11,11
1376212254,10,12
1376212881,11,11
1376213227,10,12
1376213831,10,12
1376214150,11,11
1376214760,12,10
1376215364,12,10
1376215968,12,10
1376216572,12,10
1376217176,12,10
1376217779,12,10
1376218124,11,11
1376218134,12,10
1376218782,13,9
1376219386,13,9
1376220005,12,10
1376220461,13,9
1376220523,13,9
1376220563,12,10
1376221167,12,10
1376221363,13,9
1376221968,13,9
1376222077,14,8
1376222408,15,7
1376223012,15,7
1376223615,15,7
1376224035,16,6
1376224386,17,5
1376224990,17,5
1376225407,16,6
1376226016,16,6
1376226622,16,6
1376227226,16,6
1376227296,15,7
1376227784,16,6
1376227904,15,7
1376227981,16,6
1376228586,16,6
1376229190,16,6
1376229795,16,6
1376230399,16,6
1376230888,17,5
1376230998,17,5
1376231601,17,5
1376231973,16,6
1376232577,16,6
1376232725,17,5
1376233333,16,6
1376233938,16,6
1376234541,16,6
1376235145,16,6
1376235749,16,6
1376236352,15,7
1376236502,16,6
1376236548,15,7
1376237158,14,8
1376237622,15,7
1376238226,15,7
1376238830,15,7
1376239434,15,7
1376239807,16,6
1376240204,14,8
1376240807,14,8
1376241161,14,8
1376241170,15,7
1376241774,15,7
1376241981,16,6
1376242399,17,5
1376243003,17,5
1376243050,16,6
1376243654,16,6
1376244258,16,6
1376244615,16,6
1376244650,16,6
1376245225,17,5
1376245829,17,5
1376246433,17,5
1376246582,17,4
1376247186,17,5
1376247790,17,5
1376248166,15,7
1376248770,15,7
1376248892,15,7
1376249496,15,7
1376249536,14,8
1376250141,14,8
1376250745,14,8
1376251349,14,8
1376251861,15,7
1376252464,15,7
1376252620,14,8
1376253215,15,7
1376253242,16,6
1376253846,16,6
1376254450,16,6
1376254563,15,7
1376255167,15,7
1376255771,15,7
1376256277,14,8
1376256286,13,9
1376256890,13,9
1376257495,13,9
1376258099,13,9
1376258166,14,8
1376258770,14,8
1376259373,14,8
1376259977,14,8
1376260238,12,10
1376260662,11,11
1376260665,10,12
1376261268,10,12
1376261872,10,12
1376262014,11,11
1376262617,11,11
1376263221,11,11
1376263390,9,13
1376263994,9,13
1376264598,9,13
1376265202,9,13
1376265805,9,13
1376266409,9,13
1376267005,9,13
1376267033,10,12
1376267638,10,12
1376268242,10,12
1376268847,10,12
1376269451,10,12
1376270055,10,12
1376270658,10,12
1376271263,10,12
1376271978,10,12
1376272583,10,12
1376273186,10,12
1376273790,10,12
1376274394,10,12
1376274998,10,12
1376275602,10,12
1376276206,10,12
1376276810,10,12
1376277414,10,12
1376278018,10,12
1376278622,10,12
1376279225,10,12
1376279830,10,12
1376280434,10,12
1376281038,10,12
1376281642,10,12
1376282246,10,12
1376282850,10,12
1376283094,11,11
1376283697,11,11
1376284301,11,11
1376284895,11,11
1376284918,12,10
1376285523,12,10
1376286127,12,10
1376286730,12,10
1376286967,11,11
1376287572,11,11
1376287661,11,11
1376287664,12,10
1376287764,13,9
1376287954,14,8
1376288200,14,8
1376288211,15,7
1376288816,15,7
1376288918,14,8
1376289522,14,8
1376289578,16,6
1376289910,17,5
1376290514,17,5
1376290891,18,4
1376290944,19,3
1376291548,19,3
1376292152,19,3
1376292757,19,3
1376293189,18,4
1376293794,18,4
1376294134,19,3
1376294738,19,3
1376295342,19,3
1376295946,19,3
1376296550,19,3
1376297153,19,3
1376297757,19,3
1376298361,19,3
1376298965,19,3
1376299569,19,3
1376300172,19,3
1376300776,19,3
1376301380,19,3
1376301984,19,3
1376302537,19,3
1376303141,19,3
1376303366,19,3
1376303481,19,1
1376303531,19,0
1376303612,18,1
1376304216,18,1
1376304820,18,1
1376305300,18,1
1376305310,19,0
1376305914,19,0
1376306442,18,1
1376307046,18,1
1376307196,18,1
1376307800,18,1
1376307881,17,1
1376307925,17,1
1376308240,17,1
1376308279,17,1
1376308361,17,1
1376308364,18,0
1376308445,17,1
1376308595,17,1
1376308632,17,1
1376308962,17,1
1376308986,17,1
1376309320,17,1
1376309339,17,1
1376309679,17,1
1376309740,18,0
1376309790,17,1
1376309984,17,1
1376310033,17,1
1376310047,17,1
1376310338,17,1
1376310401,17,1
1376310691,17,1
1376310754,17,1
1376310869,18,0
1376310897,17,1
1376311063,17,1
1376311109,17,1
1376311423,17,1
1376311462,17,1
1376311777,17,1
1376311816,17,1
1376312143,17,1
1376312170,17,1
1376312210,16,2
1376312503,16,2
1376312523,16,2
1376312863,16,2
1376312877,16,2
1376313217,16,2
1376313231,16,2
1376313522,16,2
1376313583,16,2
1376313584,16,2
1376313876,16,2
1376313938,16,2
1376314243,16,2
1376314293,16,2
1376314602,16,2
1376314647,16,2
1376314962,16,2
1376315000,16,2
1376315315,16,2
1376315354,16,2
1376315530,17,1
1376315683,17,1
1376315707,17,1
1376316040,17,1
1376316061,17,1
1376316162,17,1
1376316165,18,0
1376316239,17,1
1376316401,17,1
1376316414,17,1
1376316755,17,1
1376316768,17,1
1376317059,17,1
1376317122,17,1
1376317413,17,1
1376317477,17,1
1376317600,17,1
1376317610,18,0
1376317782,18,0
1376317831,18,0
1376318132,18,1
1376318736,18,1
1376319340,18,1
1376319945,18,1
1376320550,18,1
1376320766,17,2
1376321133,17,2
1376321306,16,3
1376321861,16,3
1376321864,15,4
1376322034,16,3
1376322139,17,2
1376322449,18,1
1376323053,18,1
1376323261,17,2
1376323865,17,2
1376324091,16,3
1376324701,16,3
1376325304,16,3
1376325613,15,4
1376325989,16,3
1376326221,15,4
1376326825,15,4
1376326932,16,3
1376327019,15,4
1376327209,14,5
1376327396,13,6
1376327692,12,7
1376328306,13,6
1376328536,12,7
1376328703,11,8
1376328717,10,9
1376329169,10,9
1376329196,11,8
1376329801,11,8
1376330013,10,9
1376330201,10,9
1376330213,12,7
1376330801,12,7
1376330810,13,6
1376331340,13,6
1376331352,14,5
1376331408,13,6
1376331804,14,5
1376332408,14,5
1376332566,13,6
1376332783,13,6
1376332792,14,5
1376333036,13,6
1376333640,13,6
1376334025,13,6
1376334629,13,6
1376334961,13,6
1376335508,14,5
1376335985,13,6
1376336040,12,7
1376336495,13,6
1376336513,14,5
1376337117,14,5
1376337379,13,6
1376337983,13,6
1376338587,13,6
1376338685,14,5
1376338821,13,6
1376339425,13,6
1376340029,13,6
1376340125,12,7
1376340729,12,7
1376341333,12,7
1376341937,12,7
1376342373,11,8
1376342779,11,8
1376343383,11,8
1376343884,11,8
1376343942,11,8
1376344031,11,8
1376344093,12,7
1376344131,13,6
1376344339,12,7
1376344944,12,7
1376345548,12,7
1376346151,12,7
1376346755,12,7
1376347359,12,7
1376347963,12,7
1376348553,11,8
1376349157,11,8
1376349761,11,8
1376350421,12,7
1376351025,12,7
1376351629,12,7
1376352232,12,7
1376352836,12,7
1376353440,12,7
1376354044,12,7
1376354647,12,7
1376355252,12,7
1376355863,11,8
1376356466,11,8
1376356682,10,9
1376357286,10,9
1376357889,10,9
1376358393,10,9
1376358997,10,9
1376359601,10,9
1376360204,10,9
1376360808,10,9
1376361412,10,9
1376361918,11,8
1376362522,11,8
1376362939,10,9
1376363543,10,9
1376364147,10,9
1376364506,9,10
1376365111,9,10
1376365715,9,10
1376366319,9,10
1376366922,9,10
1376367527,9,10
1376368130,9,10
1376368734,9,10
1376369199,10,9
1376369803,10,9
1376369924,10,9
1376369932,11,8
1376370536,11,8
1376370942,12,7
1376371546,12,7
1376372150,12,7
1376372753,12,7
1376373359,12,7
1376373702,13,6
1376373725,14,5
1376373958,15,4
1376374562,15,4
1376374840,16,3
1376374995,17,2
1376375599,17,2
1376376012,18,1
1376376081,19,0
1376376686,19,0
1376377290,19,0
1376377539,20,0
1376377566,21,0
1376377620,22,0
1376377929,21,1
1376378075,22,0
1376378680,22,0
1376378799,21,1
1376379181,22,0
1376379784,22,0
1376380389,22,0
1376380994,22,0
1376381598,22,0
1376382202,22,0
1376382609,21,1
1376383214,21,1
1376383818,21,1
1376384423,21,1
1376385027,21,1
1376385631,21,1
1376386234,21,1
1376386839,21,1
1376387442,21,1
1376388046,21,1
1376388576,20,2
1376389180,20,2
1376389695,21,1
1376390300,21,1
1376390903,21,1
1376391507,21,1
1376392111,21,1
1376392236,20,2
1376392841,20,2
1376393446,20,2
1376394091,21,1
1376394332,22,0
1376394936,22,0
1376395540,22,0
1376396144,22,0
1376396748,22,0
1376397351,22,0
1376397955,22,0
1376398559,22,0
1376399062,21,1
1376399122,20,2
1376399199,21,1
1376399545,19,3
1376399803,18,4
1376399855,18,4
1376399901,18,4
1376399948,19,3
1376399993,20,2
1376400088,21,1
1376400693,21,1
1376401296,21,1
1376401468,22,0
1376401660,21,1
1376401882,22,0
1376402486,22,0
1376403090,22,0
1376403694,22,0
1376404299,22,0
1376404903,22,0
1376405507,22,0
1376405695,21,1
1376406286,20,2
1376406702,20,2
1376406705,19,3
1376406823,19,3
1376406831,20,2
1376407266,21,1
1376407870,21,1
1376408474,21,1
1376408666,20,2
1376409063,21,1
1376409702,21,1
1376409712,22,0
1376409905,21,1
1376410509,21,1
1376411096,20,2
1376411600,19,3
1376412223,18,4
1376412226,17,5
1376412627,15,7
1376413231,15,7
1376413404,14,8
1376413746,13,9
1376413841,14,8
1376414323,13,9
1376414481,12,10
1376414559,13,9
1376414591,14,8
1376415017,11,11
1376415075,10,12
1376415679,10,12
1376416193,9,13
1376416815,9,13
1376416895,9,13
1376416924,10,12
1376417051,9,13
1376417563,9,13
1376417623,9,13
1376417631,10,12
1376417734,8,14
1376417969,10,12
1376418019,10,12
1376418419,9,13
1376419024,9,13
1376419627,9,13
1376419847,8,14
1376420451,8,14
1376421055,8,14
1376421611,9,13
1376422215,9,13
1376422819,9,13
1376423197,9,13
1376423220,10,12
1376423824,10,12
1376424428,10,12
1376425032,10,12
1376425211,11,11
1376425815,11,11
1376425998,10,12
1376426602,10,12
1376427205,10,12
1376427409,9,13
1376428019,9,13
1376428622,9,13
1376429226,9,13
1376429604,8,14
1376430207,8,14
1376430811,8,14
1376431415,8,14
1376432019,8,14
1376432492,7,15
1376433095,7,15
1376433699,7,15
1376434303,7,15
1376434908,7,15
1376435021,7,15
1376435063,7,15
1376435667,7,15
1376436271,7,15
1376436875,7,15
1376437478,7,15
1376438082,7,15
1376438197,6,16
1376438801,6,16
1376439405,6,16
1376440009,6,16
1376440612,6,16
1376441216,6,16
1376441820,6,16
1376442319,5,17
1376442924,5,17
1376443527,5,17
1376444131,5,17
1376444779,5,17
1376445383,5,17
1376445987,5,17
1376446591,5,17
1376447195,5,17
1376447798,5,17
1376448402,5,17
1376449006,5,17
1376449611,5,17
1376450215,5,17
1376450818,5,17
1376451422,5,17
1376452026,5,17
1376452630,5,17
1376453233,5,17
1376453837,5,17
1376454441,5,17
1376455045,5,17
1376455649,5,17
1376456253,5,17
1376456858,5,17
1376457463,5,17
1376458068,5,17
1376458672,5,17
1376459216,6,16
1376459820,6,16
1376460302,7,15
1376460905,7,15
1376461272,8,14
1376461771,9,13
1376462375,9,13
1376462431,10,12
1376462934,9,13
1376463192,10,12
1376463376,11,11
1376463578,10,12
1376463635,10,12
1376463700,10,12
1376463715,11,11
1376463926,12,9
1376463968,13,8
1376464573,13,9
1376464783,13,9
1376464786,14,8
1376465389,14,8
1376466017,15,7
1376466622,15,7
1376467226,15,7
1376467287,16,6
1376467891,16,6
1376468495,16,6
1376469095,17,4
1376469117,18,3
1376469721,18,4
1376470325,18,4
1376470929,18,4
1376471492,19,3
1376471520,20,1
1376472125,20,2
1376472728,20,2
1376473332,20,2
1376473937,20,2
1376474541,20,2
1376475145,20,2
1376475749,20,2
1376475941,20,1
1376476545,20,2
1376477134,20,1
1376477149,20,1
1376477752,20,2
1376478356,20,2
1376478960,20,2
1376479067,20,2
1376479151,20,1
1376479232,20,1
1376479837,20,2
1376480441,20,2
1376480603,21,1
1376480665,21,0
1376480907,21,0
1376481511,21,1
1376482120,21,1
1376482159,20,2
1376482321,20,2
1376482476,21,1
1376482537,22,0
1376482856,21,1
1376483460,21,1
1376484064,21,1
1376484668,21,1
1376485271,21,1
1376485875,21,1
1376485919,22,0
1376486440,21,1
1376487045,21,1
1376487649,21,1
1376487975,22,0
1376488580,22,0
1376489184,22,0
1376489789,22,0
1376490393,22,0
1376490997,22,0
1376491601,22,0
1376491635,21,1
1376492239,21,1
1376492843,21,1
1376493205,20,2
1376493336,21,1
1376493942,21,1
1376493947,21,1
1376494551,21,1
1376494963,20,2
1376495567,20,2
1376495882,19,3
1376496045,20,2
1376496048,21,1
1376496652,21,1
1376497159,20,2
1376497557,21,1
1376498161,21,1
1376498704,20,2
1376499061,21,1
1376499149,22,0
1376499753,22,0
1376500219,21,1
1376500823,21,1
1376500926,19,3
1376501532,19,3
1376502155,20,2
1376502759,20,2
1376502931,21,1
1376503535,21,1
1376504743,21,1
1376504918,20,2
1376505481,19,3
1376505542,20,2
1376506135,19,3
1376506483,19,3
1376506486,18,4
1376506720,16,6
1376506730,17,5
1376507334,17,5
1376507938,17,5
1376508542,17,5
1376509145,17,5
1376509476,15,7
1376509759,14,8
1376509905,14,8
1376509907,15,7
1376510381,14,8
1376510426,14,8
1376510608,13,9
1376510773,12,10
1376511377,12,10
1376512005,12,10
1376512007,11,11
1376512140,10,12
1376512744,10,12
1376512799,9,13
1376513339,10,12
1376513944,10,12
1376514549,10,12
1376514665,9,13
1376515224,8,14
1376515461,7,15
1376515543,5,17
1376515593,5,17
1376515644,4,18
1376515718,4,18
1376515740,5,17
1376516093,4,18
1376516698,4,18
1376517301,4,18
1376517906,4,18
1376518510,4,18
1376519114,4,18
1376519717,4,18
1376520009,4,18
1376520054,5,17
1376520658,5,17
1376521261,5,17
1376521421,6,16
1376522025,6,16
1376522629,6,16
1376523233,6,16
1376523837,6,16
1376524440,6,16
1376525044,6,16
1376525648,6,16
1376525855,5,17
1376526460,5,17
1376527064,5,17
1376527644,5,17
1376527670,5,17
1376527763,4,18
1376527789,5,17
1376528394,5,17
1376528997,5,17
1376529601,5,17
1376530205,5,17
1376530709,4,18
1376531264,4,18
1376531275,4,18
1376531879,4,18
1376532483,4,18
1376533086,4,18
1376533690,4,18
1376534294,4,18
1376534898,4,18
1376535502,4,18
1376536106,4,18
1376536709,4,18
1376537313,4,18
1376537917,4,18
1376538521,4,18
1376539124,4,18
1376539728,4,18
1376540332,4,18
1376540936,4,18
1376541539,4,18
1376542143,4,18
1376542747,4,18
1376543351,4,18
1376543961,4,18
1376544565,4,18
1376545169,4,18
1376545773,4,18
1376546377,4,18
1376546981,4,18
1376547585,4,18
1376547882,4,18
1376547891,5,17
1376548232,6,16
1376548836,6,16
1376549440,6,16
1376549801,5,17
1376550405,5,17
1376551009,5,17
1376551613,5,17
1376552216,5,17
1376552298,6,16
1376552654,5,17
1376553258,5,17
1376553861,5,17
1376554465,5,17
1376555069,5,17
1376555673,5,17
1376556214,5,17
1376556280,5,16
1376556689,5,16
1376557294,5,17
1376557898,5,17
1376558130,4,18
1376558735,4,18
1376558846,5,17
1376559450,5,17
1376559682,5,17
1376559707,6,16
1376559798,6,16
1376559829,7,15
1376559943,8,14
1376560056,8,14
1376560078,9,13
1376560174,9,13
1376560190,10,12
1376560794,10,12
1376561398,10,12
1376561802,9,12
1376561820,9,13
1376561968,8,14
1376562573,8,14
1376563177,8,14
1376563781,8,14
1376564385,8,14
1376564989,8,14
1376565593,8,14
1376565674,7,15
1376565714,8,14
1376566319,8,14
1376566652,7,15
1376567256,7,15
1376567860,7,15
1376567881,8,14
1376568485,8,14
1376568639,7,15
1376568860,8,14
1376569483,8,14
1376569512,9,13
1376570116,9,13
1376570742,9,13
1376570751,10,12
1376571355,10,12
1376571780,10,12
1376571851,11,11
1376572356,11,11
1376572367,12,10
1376572750,13,9
1376572889,14,8
1376573018,15,7
1376573623,15,7
1376574020,15,7
1376574103,16,6
1376574707,16,6
1376574809,17,5
1376575116,18,4
1376575127,19,3
1376575733,19,3
1376575820,18,4
1376576425,18,4
1376576682,17,5
1376577286,17,5
1376577890,17,5
1376578495,17,5
1376578824,17,5
1376578869,18,4
1376579473,18,4
1376580077,18,4
1376580233,17,5
1376580853,17,5
1376580915,17,5
1376580988,17,5
1376581043,18,4
1376581112,18,4
1376581156,19,3
1376581711,18,4
1376581907,17,5
1376582135,16,6
1376582739,16,6
1376583342,16,6
1376583609,15,7
1376583797,14,8
1376584265,13,9
1376584448,12,10
1376584649,11,11
1376585255,11,11
1376585856,10,12
1376586460,10,12
1376586618,11,11
1376587223,11,11
1376587827,11,11
1376587855,10,12
1376588460,10,12
1376588962,11,11
1376589566,11,11
1376590110,9,13
1376590383,10,12
1376590988,10,12
1376591592,10,12
1376591861,11,11
1376591943,12,10
1376592042,11,11
1376592646,11,11
1376593251,11,11
1376593854,11,11
1376594355,11,11
1376594405,12,10
1376595008,12,10
1376595613,12,10
1376596017,13,9
1376596621,13,9
1376597225,13,9
1376597494,13,9
1376597531,13,9
1376597606,14,8
1376598210,14,8
1376598814,14,8
1376599395,14,8
1376599431,13,9
1376599534,13,9
1376599602,14,8
1376600134,15,7
1376600739,15,7
1376600773,13,9
1376601377,13,9
1376601981,13,9
1376602585,13,9
1376602661,14,8
1376602779,14,8
1376603383,14,8
1376603987,14,8
1376604590,14,8
1376604934,13,9
1376605538,13,9
1376606142,13,9
1376606746,13,9
1376607350,13,9
1376607954,13,9
1376608557,13,9
1376609161,13,9
1376609765,13,9
1376610361,14,8
1376610964,14,8
1376611568,14,8
1376612172,14,8
1376612776,14,8
1376613379,14,8
1376613983,14,8
1376614114,13,9
1376614395,12,10
1376615000,12,10
1376615041,11,11
1376615645,11,11
1376616258,10,12
1376616862,10,12
1376617588,10,12
1376617648,9,13
1376617770,9,13
1376618089,9,13
1376618693,9,13
1376619298,9,13
1376619901,9,13
1376620505,9,13
1376621109,9,13
1376621713,9,13
1376622316,9,13
1376622920,9,13
1376623524,9,13
1376624128,9,13
1376624732,9,13
1376625335,9,13
1376625939,9,13
1376626543,9,13
1376627147,9,13
1376627750,9,13
1376628354,9,13
1376628958,9,13
1376629562,9,13
1376630165,9,13
1376630770,9,13
1376631374,9,13
1376631977,9,13
1376632581,9,13
1376633083,10,12
1376633687,10,12
1376634291,10,12
1376634780,11,11
1376634903,12,10
1376635287,13,9
1376635323,12,10
1376635411,13,9
1376635532,14,8
1376636136,14,8
1376636258,14,8
1376636269,15,7
1376636744,15,7
1376636746,16,6
1376637351,16,6
1376637741,17,5
1376638346,17,5
1376638569,16,6
1376639174,16,6
1376639778,16,6
1376640034,17,5
1376640638,17,5
1376641215,17,5
1376641820,17,5
1376642424,17,5
1376643028,17,5
1376643632,17,5
1376643734,16,6
1376644221,16,6
1376644318,17,5
1376644691,17,5
1376645024,17,5
1376645628,17,5
1376646232,17,5
1376646835,17,5
1376647439,17,5
1376648044,17,5
1376648648,17,5
1376649252,17,5
1376649855,17,5
1376649901,17,5
1376650176,17,5
1376650435,17,5
1376651040,17,5
1376651649,17,5
1376652253,17,5
1376652859,17,5
1376652978,16,6
1376653242,16,6
1376653245,15,7
1376653849,15,7
1376654453,15,7
1376655058,15,7
1376655215,16,6
1376655262,16,6
1376655867,16,6
1376656110,15,7
1376656239,15,7
1376656405,15,7
1376656436,15,7
1376656811,15,7
1376656883,16,6
1376657487,16,6
1376657681,15,7
1376657742,15,7
1376657786,16,6
1376658390,16,6
1376658994,16,6
1376659598,16,6
1376659788,16,6
1376660130,16,6
1376660735,16,6
1376661338,16,6
1376661869,15,7
1376662251,14,8
1376662855,14,8
1376663459,14,8
1376664063,14,8
1376664478,13,9
1376664629,12,10
1376665233,12,10
1376665837,12,10
1376666315,13,9
1376666743,13,9
1376666783,15,7
1376667001,15,7
1376667062,16,6
1376667668,16,6
1376668271,16,6
1376668398,15,7
1376668561,16,6
1376669137,16,6
1376669147,17,5
1376669254,16,6
1376669265,16,6
1376669501,16,6
1376669513,17,5
1376669643,17,5
1376670247,17,5
1376670620,16,6
1376670704,16,6
1376670927,15,7
1376671064,15,7
1376671157,16,6
1376671387,17,5
1376671570,16,6
1376671688,14,8
1376672258,15,7
1376672623,17,5
1376672796,17,5
1376673400,17,5
1376673762,17,5
1376673791,17,5
1376674395,17,5
1376674999,17,5
1376675187,16,6
1376675425,17,5
1376676030,17,5
1376676582,15,7
1376676733,14,8
1376677337,14,8
1376677657,13,9
1376677918,12,10
1376678107,11,11
1376678203,11,11
1376678224,12,10
1376678564,11,11
1376678567,10,12
1376679171,10,12
1376679775,10,12
1376680136,11,11
1376680201,10,12
1376680287,11,11
1376680891,11,11
1376681495,11,11
1376681941,10,12
1376682056,11,11
1376682438,9,13
1376682506,8,14
1376682543,9,13
1376683147,9,13
1376683752,9,13
1376684252,11,11
1376684605,10,12
1376685210,10,12
1376685672,11,11
1376686275,11,11
1376686879,11,11
1376687484,11,11
1376688088,11,11
1376688493,9,13
1376688704,10,12
1376689308,10,12
1376689912,10,12
1376690383,11,11
1376690987,11,11
1376691632,10,12
1376691837,11,11
1376692440,11,11
1376693044,11,11
1376693647,11,11
1376694251,11,11
1376694742,10,12
1376695346,10,12
1376695949,10,12
1376696553,10,12
1376697157,10,12
1376697713,9,13
1376698317,9,13
1376698922,9,13
1376699526,9,13
1376700129,9,13
1376700733,9,13
1376701337,9,13
1376701941,9,13
1376702544,9,13
1376703148,9,13
1376703752,9,13
1376704082,9,13
1376704685,9,13
1376705289,9,13
1376705894,9,13
1376706497,9,13
1376707101,9,13
1376707554,8,14
1376708158,8,14
1376708762,8,14
1376708983,9,13
1376709216,8,14
1376709243,8,14
1376709848,8,14
1376709994,7,15
1376710599,7,15
1376710784,6,16
1376711388,6,16
1376711991,6,16
1376712595,6,16
1376713199,6,16
1376713803,6,16
1376714406,6,16
1376715010,6,16
1376715613,6,16
1376716218,6,16
1376716821,6,16
1376716870,5,17
1376717474,5,17
1376718077,5,17
1376718682,5,17
1376719285,5,17
1376719889,5,17
1376720493,5,17
1376721097,5,17
1376721369,6,16
1376721973,6,16
1376722577,6,16
1376723139,6,16
1376723165,8,14
1376723769,8,14
1376724051,7,15
1376724656,7,15
1376725259,7,15
1376725723,6,16
1376726327,6,16
1376726937,6,16
1376727540,6,16
1376728144,6,16
1376728391,7,15
1376728995,7,15
1376729586,6,16
1376730191,6,16
1376730489,7,15
1376731093,7,15
1376731698,7,15
1376731767,7,15
1376731843,8,14
1376731846,9,13
1376732312,10,12
1376732473,11,11
1376733077,11,11
1376733681,11,11
1376734285,11,11
1376734888,11,11
1376735025,11,11
1376735034,12,10
1376735135,11,11
1376735739,11,11
1376736221,10,12
1376736825,10,12
1376737429,10,12
1376738033,10,12
1376738621,9,13
1376739225,9,13
1376739829,9,13
1376740433,9,13
1376741036,9,13
1376741640,9,13
1376742244,9,13
1376742848,9,13
1376743452,9,13
1376743764,10,12
1376743913,9,13
1376744018,10,12
1376744620,10,12
1376744648,9,13
1376744815,8,14
1376745419,8,14
1376746023,8,14
1376746181,8,14
1376746205,9,13
1376746304,10,12
1376746305,10,12
1376746909,10,12
1376747513,10,12
1376747585,11,11
1376748013,12,10
1376748617,12,10
1376748949,11,11
1376749112,12,10
1376749716,12,10
1376750045,11,11
1376750565,12,10
1376750571,14,8
1376751174,12,10
1376751617,13,9
1376752220,13,9
1376752824,13,9
1376753428,13,9
1376753863,13,9
1376753872,14,8
1376754075,14,8
1376754185,15,7
1376754245,14,8
1376754645,14,8
1376754682,14,8
1376754761,13,9
1376754770,14,8
1376754905,14,8
1376755062,13,9
1376755666,13,9
1376756266,11,11
1376756324,11,11
1376756735,12,10
1376756925,12,10
1376757029,12,10
1376757117,12,10
1376757721,12,10
1376758178,11,11
1376758240,11,11
1376758361,11,11
1376758378,11,11
1376758484,11,11
1376758487,10,12
1376759091,10,12
1376759475,11,11
1376759624,11,11
1376759644,11,11
1376759824,12,10
1376760428,12,10
1376761032,12,10
1376761636,12,10
1376761684,12,10
1376761775,13,9
1376762372,12,10
1376762440,12,10
1376762483,13,9
1376763088,13,9
1376763340,13,9
1376763438,13,9
1376763482,13,9
1376764086,13,9
1376764689,13,9
1376765294,13,9
1376765374,12,10
1376765618,11,11
1376765646,11,11
1376766250,11,11
1376766854,11,11
1376767281,12,10
1376767339,13,9
1376767944,13,9
1376768548,13,9
1376768947,12,10
1376769441,10,12
1376770045,10,12
1376770649,10,12
1376771167,11,11
1376771234,9,13
1376771838,9,13
1376772441,9,13
1376773045,9,13
1376773649,9,13
1376773903,9,13
1376773906,10,12
1376774071,10,12
1376774675,10,12
1376775279,10,12
1376775480,9,13
1376776088,8,14
1376776691,8,14
1376777295,8,14
1376777621,7,15
1376778225,7,15
1376778829,7,15
1376779432,7,15
1376780036,7,15
1376780640,7,15
1376781033,7,15
1376781068,7,15
1376781201,7,15
1376781266,7,15
1376781333,8,14
1376781938,8,14
1376782541,8,14
1376783145,8,14
1376783279,7,15
1376783883,7,15
1376784487,7,15
1376785091,7,15
1376785694,7,15
1376786298,7,15
1376786902,7,15
1376787506,7,15
1376787877,6,16
1376788481,6,16
1376789085,6,16
1376789689,6,16
1376790318,6,16
1376790922,6,16
1376791526,6,16
1376792130,6,16
1376792429,5,17
1376793033,5,17
1376793637,5,17
1376794106,5,17
1376794177,6,16
1376794781,6,16
1376794845,5,17
1376794850,4,18
1376795454,4,18
1376796059,4,18
1376796663,4,18
1376797267,4,18
1376797870,4,18
1376798475,4,18
1376799079,4,18
1376799683,4,18
1376800286,4,18
1376800890,4,18
1376801494,4,18
1376802098,4,18
1376802703,4,18
1376803307,4,18
1376803912,4,18
1376804516,4,18
1376805120,4,18
1376805724,4,18
1376806328,4,18
1376806932,4,18
1376807536,4,18
1376808140,4,18
1376808743,4,18
1376809347,4,18
1376809951,4,18
1376810556,4,18
1376810723,5,17
1376811328,5,17
1376811932,5,17
1376812536,5,17
1376813139,5,17
1376813743,5,17
1376814175,4,18
1376814516,5,17
1376815120,5,17
1376815724,5,17
1376815817,6,16
1376816421,6,16
1376816803,6,16
1376816811,7,15
1376816973,6,16
1376817578,6,16
1376817645,6,16
1376817648,5,17
1376818251,5,17
1376818855,5,17
1376819136,6,16
1376819163,5,17
1376819227,5,17
1376819299,6,16
1376819715,5,17
1376820319,5,17
1376820923,5,17
1376821527,5,17
1376822132,5,17
1376822260,6,16
1376822865,6,16
1376823299,7,15
1376823903,7,15
1376824297,6,16
1376824901,6,16
1376825505,6,16
1376826108,6,16
1376826213,5,16
1376826344,6,15
1376826364,7,14
1376826749,8,13
1376826787,9,12
1376827351,8,13
1376827955,8,13
1376828180,7,14
1376828237,8,13
1376828586,7,14
1376829190,7,14
1376829774,6,15
1376830242,6,15
1376830245,7,14
1376830424,7,14
1376830427,8,13
1376831031,8,13
1376831322,8,13
1376831325,9,12
1376831929,9,12
1376832477,10,11
1376832874,10,11
1376832903,10,10
1376832968,10,10
