1376208241,0,0
1376208845,0,0
1376209449,0,0
1376210053,0,0
1376210657,0,0
1376211260,0,0
1376211864,0,0
1376212468,0,0
1376213071,0,0
1376213675,0,0
1376214279,0,0
1376214883,0,0
1376215487,0,0
1376216091,0,0
1376216695,0,0
1376217299,0,0
1376217932,0,0
1376217967,0,0
1376218571,0,0
1376219175,0,0
1376219778,0,0
1376220382,0,0
1376220986,0,0
1376221590,0,0
1376222193,0,0
1376222797,0,0
1376223401,0,0
1376224005,0,0
1376224608,0,0
1376225212,0,0
1376225816,0,0
1376226420,0,0
1376226546,0,0
1376226596,0,0
1376226703,0,0
1376227307,0,0
1376227912,0,0
1376228515,0,0
1376229119,0,0
1376229217,0,0
1376229821,0,0
1376230424,0,0
1376231028,0,0
1376231203,0,0
1376231225,0,0
1376231830,0,0
1376232433,0,0
1376233037,0,0
1376233641,0,0
1376234245,0,0
1376234848,0,0
1376235452,0,0
1376236056,0,0
1376236660,0,0
1376237264,0,0
1376237867,0,0
1376238471,0,0
1376239075,0,0
1376239679,0,0
1376240283,0,0
1376240887,0,0
1376241491,0,0
1376242094,0,0
1376242698,0,0
1376243302,0,0
1376243906,0,0
1376244065,0,0
1376244668,0,0
1376245272,0,0
1376245876,0,0
1376246479,0,0
1376247083,0,0
1376247687,0,0
1376248291,0,0
1376248895,0,0
1376249498,0,0
1376249588,0,0
1376250191,0,0
1376250685,0,0
1376251288,0,0
1376251892,0,0
1376252496,0,0
1376253099,0,0
1376253703,0,0
1376254307,0,0
1376254910,0,0
1376255514,0,0
1376256124,0,0
1376256728,0,0
1376257331,0,0
1376257935,0,0
1376258539,0,0
1376259143,0,0
1376259746,0,0
1376260350,0,0
1376260954,0,0
1376261558,0,0
1376262161,0,0
1376262765,0,0
1376263369,0,0
1376263973,0,0
1376264576,0,0
1376265180,0,0
1376265784,0,0
1376266387,0,0
1376266991,0,0
1376267595,0,0
1376268199,0,0
1376268802,0,0
1376269406,0,0
1376269784,0,0
1376269789,0,0
1376270007,0,0
1376270611,0,0
1376271215,0,0
1376271819,0,0
1376272423,0,0
1376273026,0,0
1376273630,0,0
1376274234,0,0
1376274837,0,0
1376275441,0,0
1376276045,0,0
1376276649,0,0
1376277253,0,0
1376277857,0,0
1376278461,0,0
1376279065,0,0
1376279668,0,0
1376280272,0,0
1376280876,0,0
1376281480,0,0
1376282083,0,0
1376282687,0,0
1376283291,0,0
1376283895,0,0
1376284498,0,0
1376285102,0,0
1376285706,0,0
1376286039,0,0
1376286644,0,0
1376287248,0,0
1376287851,0,0
1376288455,0,0
1376289059,0,0
1376289663,0,0
1376290267,0,0
1376290871,0,0
1376291475,0,0
1376292078,0,0
1376292682,0,0
1376293286,0,0
1376293890,0,0
1376294494,0,0
1376295097,0,0
1376295701,0,0
1376295798,0,0
1376296403,0,0
1376297006,0,0
1376297610,0,0
1376298214,0,0
1376298818,0,0
1376298958,0,0
1376299561,0,0
1376300165,0,0
1376300769,0,0
1376301373,0,0
1376301977,0,0
1376302257,0,0
1376302861,0,0
1376303465,0,0
1376304069,0,0
1376304672,0,0
1376305276,0,0
1376305880,0,0
1376306484,0,0
1376307087,0,0
1376307691,0,0
1376308296,0,0
1376308900,0,0
1376309504,0,0
1376310107,0,0
1376310711,0,0
1376311315,0,0
1376311919,0,0
1376312523,0,0
1376313127,0,0
1376313730,0,0
1376314334,0,0
1376314937,0,0
1376315542,0,0
1376316146,0,0
1376316749,0,0
1376317353,0,0
1376317957,0,0
1376318561,0,0
1376319206,0,0
1376319810,0,0
1376320414,0,0
1376321024,0,0
1376321628,0,0
1376322231,0,0
1376322835,0,0
1376323439,0,0
1376324043,0,0
1376324652,0,0
1376325256,0,0
1376325860,0,0
1376326234,0,0
1376326838,0,0
1376327442,0,0
1376328046,0,0
1376328650,0,0
1376329254,0,0
1376329863,0,0
1376330467,0,0
1376331071,0,0
1376331675,0,0
1376332279,0,0
1376332883,0,0
1376333486,0,0
1376334090,0,0
1376334694,0,0
1376335297,0,0
1376335901,0,0
1376336505,0,0
1376337109,0,0
1376337712,0,0
1376338316,0,0
1376338921,0,0
1376339512,0,0
1376340116,0,0
1376340720,0,0
1376341324,0,0
1376341934,0,0
1376342537,0,0
1376343141,0,0
1376343745,0,0
1376344349,0,0
1376344798,0,0
1376344866,0,0
1376344917,0,0
1376345521,0,0
1376346124,0,0
1376346728,0,0
1376346857,0,0
1376347460,0,0
1376348064,0,0
1376348668,0,0
1376349271,0,0
1376349875,0,0
1376350479,0,0
1376351083,0,0
1376351467,0,0
1376351530,0,0
1376352134,0,0
1376352738,0,0
1376353342,0,0
1376353946,0,0
1376354550,0,0
1376355153,0,0
1376355757,0,0
1376356181,0,0
1376356190,0,0
1376356269,0,0
1376356873,0,0
1376357477,0,0
1376358080,0,0
1376358684,0,0
1376359288,0,0
1376359892,0,0
1376360495,0,0
1376361099,0,0
1376361703,0,0
1376362307,0,0
1376362910,0,0
1376363514,0,0
1376364118,0,0
1376364722,0,0
1376365325,0,0
1376365930,0,0
1376366534,0,0
1376367137,0,0
1376367741,0,0
1376368345,0,0
1376368949,0,0
1376369553,0,0
1376370156,0,0
1376370760,0,0
1376371364,0,0
1376371968,0,0
1376372571,0,0
1376372893,0,0
1376372930,0,0
1376373007,0,0
1376373064,0,0
1376373668,0,0
1376374199,0,0
1376374803,0,0
1376375407,0,0
1376375536,1,0
1376375564,2,0
1376375673,2,0
1376375758,3,0
1376375842,4,0
1376375906,5,0
1376376157,5,0
1376376191,7,0
1376376461,8,0
1376376467,8,0
1376376556,8,0
1376376633,9,0
1376376763,9,0
1376376803,13,0
1376376942,16,0
1376377541,21,0
1376377549,22,0
1376378153,22,0
1376378328,21,1
1376378931,21,1
1376379162,21,1
1376379180,22,0
1376379783,22,0
1376380393,22,0
1376380959,21,1
1376381564,21,1
1376381969,22,0
1376382574,22,0
1376383177,22,0
1376383781,22,0
1376384018,21,1
1376384622,21,1
1376385225,21,1
1376385829,21,1
1376386433,21,1
1376386542,22,0
1376387146,22,0
1376387750,22,0
1376388353,22,0
1376388454,21,1
1376389040,22,0
1376389643,22,0
1376390247,22,0
1376390851,22,0
1376391454,22,0
1376391995,22,0
1376392152,21,1
1376392756,21,1
1376393054,20,2
1376393196,21,1
1376393800,21,1
1376393994,20,2
1376394156,21,1
1376394208,18,4
1376394736,18,4
1376395340,18,4
1376395944,18,4
1376396548,18,4
1376397152,18,4
1376397755,18,4
1376398109,17,5
1376398152,17,5
1376398194,17,5
1376398410,17,5
1376398462,17,5
1376398748,16,6
1376399351,16,6
1376399802,15,6
1376399863,15,7
1376399918,14,8
1376399978,15,7
1376400013,16,6
1376400132,17,5
1376400757,17,5
1376400824,17,5
1376400867,17,5
1376401471,17,5
1376402075,17,5
1376402487,16,6
1376403091,16,6
1376403695,16,6
1376404299,16,6
1376404633,15,7
1376404854,14,8
1376405458,14,8
1376406086,13,9
1376406690,13,9
1376406787,13,9
1376407390,13,9
1376407994,13,9
1376408074,14,8
1376408678,14,8
1376408695,13,9
1376409343,12,10
1376409821,13,9
1376410150,15,7
1376410424,16,6
1376410429,17,5
1376411033,17,5
1376411637,17,5
1376412103,17,5
1376412106,16,6
1376412339,17,5
1376412943,17,5
1376412967,16,6
1376413360,15,7
1376413768,16,6
1376413835,15,7
1376414092,14,8
1376414383,13,9
1376414523,14,8
1376414682,14,8
1376414692,12,10
1376414774,11,11
1376414830,10,12
1376415433,10,12
1376415539,10,12
1376415643,10,12
1376415694,12,10
1376415758,13,9
1376415815,11,11
1376416111,13,9
1376416585,14,8
1376416659,13,9
1376417096,12,10
1376417700,12,10
1376418304,12,10
1376418907,12,10
1376419517,12,10
1376420121,12,10
1376420554,13,9
1376421036,13,9
1376421152,14,8
1376421207,15,7
1376421227,15,7
1376421396,14,8
1376421464,14,8
1376421505,12,10
1376421572,14,8
1376421640,15,7
1376421694,15,7
1376422104,14,8
1376422708,14,8
1376423132,14,8
1376423736,14,8
1376424340,14,8
1376424944,14,8
1376425235,13,9
1376425718,12,10
1376426009,13,9
1376426095,12,10
1376426700,12,10
1376426893,12,10
1376427496,12,10
1376427699,9,13
1376427755,9,13
1376427781,9,13
1376428056,10,12
1376428660,10,12
1376428693,11,11
1376429297,11,11
1376429374,12,10
1376429977,12,10
1376430581,12,10
1376431184,12,10
1376431788,12,10
1376432131,11,11
1376432734,11,11
1376433338,11,11
1376433942,11,11
1376434604,11,11
1376434606,12,10
1376435211,12,10
1376435815,12,10
1376436418,12,10
1376437022,12,10
1376437626,12,10
1376438229,12,10
1376438833,12,10
1376439437,12,10
1376440041,12,10
1376440645,12,10
1376441249,12,10
1376441853,12,10
1376442583,12,10
1376442592,12,10
1376443196,12,10
1376443799,12,10
1376443954,11,11
1376444558,11,11
1376445162,11,11
1376445766,11,11
1376446370,11,11
1376446974,11,11
1376447400,10,12
1376448004,10,12
1376448608,10,12
1376449212,10,12
1376449531,10,12
1376449591,11,11
1376449663,10,12
1376449707,10,12
1376449955,10,12
1376450009,10,12
1376450044,11,11
1376450648,11,11
1376451252,11,11
1376451855,11,11
1376452459,11,11
1376453063,11,11
1376453668,11,11
1376454271,11,11
1376454875,11,11
1376455166,12,10
1376455771,12,10
1376456374,12,10
1376456978,12,10
1376457446,13,9
1376458050,13,9
1376458654,13,9
1376459258,13,9
1376459862,13,9
1376460144,14,8
1376460402,14,8
1376460753,14,7
1376460776,14,6
1376461380,14,6
1376461539,14,6
1376461587,15,4
1376461907,15,4
1376462094,16,4
1376462698,16,4
1376462858,17,3
1376462922,17,3
1376462930,18,2
1376463557,19,1
1376464161,19,1
1376464362,18,2
1376464966,18,2
1376465570,18,2
1376466174,18,2
1376466778,18,2
1376467004,18,2
1376467124,18,2
1376467727,18,2
1376468330,18,2
1376468934,18,2
1376469538,18,2
1376470081,17,3
1376470685,17,3
1376471289,17,3
1376471565,18,2
1376472168,18,2
1376472772,18,2
1376473376,18,2
1376473980,18,2
1376474279,18,2
1376474738,19,1
1376474907,20,0
1376474971,19,1
1376475518,19,1
1376475570,20,0
1376476173,20,0
1376476231,19,1
1376476835,19,1
1376477298,18,2
1376477901,18,2
1376478505,18,2
1376478987,17,3
1376479233,18,2
1376479837,18,2
1376480142,18,2
1376480175,20,0
1376480779,20,0
1376481383,20,0
1376481987,20,0
1376482590,20,0
1376483194,20,0
1376483798,20,0
1376483808,19,1
1376484256,19,1
1376484379,19,1
1376484419,20,0
1376485023,20,0
1376485627,20,0
1376486231,20,0
1376486355,19,1
1376486671,20,0
1376486864,19,1
1376487044,20,0
1376487553,19,1
1376487675,19,1
1376487719,20,0
1376487868,19,1
1376488472,19,1
1376489075,19,1
1376489679,19,1
1376490089,20,0
1376490360,19,1
1376490926,20,0
1376491150,20,0
1376491754,20,0
1376492357,20,0
1376492508,19,1
1376492900,18,2
1376493196,17,3
1376493580,16,4
1376493920,17,3
1376494274,16,4
1376494879,16,4
1376495007,17,3
1376495195,19,1
1376495800,19,1
1376496404,19,1
1376496700,19,1
1376496708,20,0
1376497312,20,0
1376497916,20,0
1376498520,20,0
1376498840,18,2
1376499006,17,3
1376499105,18,2
1376499708,18,2
1376500112,17,3
1376500392,18,2
1376500536,19,1
1376501140,19,1
1376501383,19,1
1376501430,19,1
1376501599,18,2
1376501924,18,2
1376501929,16,4
1376502243,15,5
1376502600,14,6
1376503113,15,5
1376503213,16,4
1376503417,15,5
1376503542,14,6
1376503586,13,7
1376503657,12,8
1376503780,12,8
1376503788,13,7
1376504405,13,7
1376504490,12,8
1376504516,11,9
1376505044,11,9
1376505078,11,9
1376505213,10,10
1376505243,9,11
1376505412,8,12
1376505519,6,14
1376505613,5,15
1376505838,2,18
1376506326,1,19
1376506721,0,20
1376507325,0,20
1376507929,0,20
1376508533,0,20
1376509060,0,20
1376509664,0,20
1376509917,0,20
1376509984,0,20
1376510440,1,19
1376510519,2,18
1376510606,0,20
1376511211,0,20
1376511815,0,20
1376512419,0,20
1376512783,0,20
1376512806,2,18
1376513120,1,18
1376513160,1,18
1376513242,1,19
1376513351,1,19
1376513955,1,19
1376514558,1,19
1376514642,0,20
1376515246,0,20
1376515850,0,20
1376516454,0,20
1376517085,0,20
1376517127,1,19
1376517764,1,19
1376517819,2,18
1376517885,3,17
1376517923,5,15
1376518110,6,14
1376518319,6,14
1376518466,6,14
1376518496,7,13
1376518664,8,12
1376518680,10,10
1376519284,10,10
1376519591,11,9
1376520212,11,9
1376520245,12,8
1376520326,13,7
1376520429,13,7
1376520563,14,6
1376520618,15,5
1376520704,15,5
1376520743,16,4
1376521346,16,4
1376521950,16,4
1376522516,15,5
1376523035,15,5
1376523409,14,6
1376523692,14,6
1376523726,15,5
1376523817,15,5
1376523879,16,4
1376523976,16,4
1376524033,18,2
1376524372,17,3
1376524976,17,3
1376525580,17,3
1376525741,16,4
1376526345,16,4
1376526949,16,4
1376527552,16,4
1376528156,16,4
1376528761,16,4
1376528983,16,4
1376529080,16,4
1376529295,15,5
1376529899,15,5
1376530502,15,5
1376531106,15,5
1376531710,15,5
1376532314,15,5
1376532918,15,5
1376533379,14,6
1376533983,14,6
1376534586,14,6
1376535190,14,6
1376535794,14,6
1376536398,14,6
1376537001,14,6
1376537605,14,6
1376538209,14,6
1376538813,14,6
1376539416,14,6
1376540020,14,6
1376540624,14,6
1376540963,15,5
1376541566,15,5
1376542170,15,5
1376542774,15,5
1376543378,15,5
1376543743,15,5
1376543753,16,4
1376544357,16,4
1376544496,15,5
1376544914,15,5
1376545001,16,5
1376545045,17,5
1376545649,17,5
1376546253,17,5
1376546856,17,5
1376547460,17,5
1376547756,19,3
1376548361,19,3
1376548965,19,3
1376549443,19,3
1376549491,20,2
1376549557,21,1
1376550161,21,1
1376550765,21,1
1376551328,21,1
1376551932,21,1
1376552535,21,1
1376552779,22,0
1376553383,22,0
1376553987,22,0
1376554202,21,1
1376554806,21,1
1376555069,20,2
1376555288,21,1
1376555834,22,0
1376556437,22,0
1376557041,22,0
1376557432,21,1
1376558036,21,1
1376558640,21,1
1376559101,22,0
1376559705,22,0
1376560308,22,0
1376560912,22,0
1376561516,22,0
1376562124,21,1
1376562391,21,1
1376562480,19,3
1376562869,20,2
1376563472,20,2
1376564076,20,2
1376564140,20,2
1376564148,21,1
1376564752,21,1
1376565356,21,1
1376565625,19,3
1376565682,20,2
1376565950,19,3
1376566481,18,4
1376566491,19,3
1376566578,18,4
1376567182,18,4
1376567226,17,5
1376567653,15,7
1376567982,15,6
1376567990,16,6
1376568593,16,6
1376569203,16,6
1376569474,16,6
1376569538,15,7
1376569642,15,7
1376569702,15,7
1376569775,15,7
1376569839,16,6
1376569849,17,5
1376570258,17,5
1376570267,18,4
1376570673,17,5
1376570741,17,5
1376570766,17,5
1376571370,17,5
1376571974,17,5
1376572588,15,7
1376572787,14,8
1376573078,12,10
1376573493,11,11
1376573521,10,12
1376574086,9,13
1376574564,7,14
1376574614,7,15
1376575074,6,16
1376575203,4,18
1376575825,3,19
1376575869,4,18
1376576203,4,18
1376576251,3,19
1376576311,3,19
1376576437,1,20
1376576474,2,20
1376576530,0,22
1376576602,0,22
1376576648,1,21
1376577252,1,21
1376577856,1,21
1376578003,0,22
1376578113,1,21
1376578584,1,21
1376578720,1,21
1376578753,1,21
1376578841,3,19
1376578863,4,18
1376579183,3,19
1376579787,3,19
1376580391,3,19
1376580994,3,19
1376581588,3,19
1376581646,4,18
1376581715,4,18
1376581773,4,18
1376581842,4,18
1376581899,6,16
1376582075,6,16
1376582143,6,16
1376582195,5,17
1376582254,5,17
1376582318,6,16
1376582340,6,16
1376582415,8,14
1376582776,6,16
1376583136,6,16
1376583182,7,15
1376583372,8,14
1376583811,7,15
1376584078,8,14
1376584302,7,15
1376584526,6,16
1376584700,7,15
1376585304,7,15
1376585684,9,13
1376586017,10,12
1376586349,9,13
1376586523,8,14
1376586539,5,17
1376586745,6,16
1376587350,6,16
1376587954,6,16
1376588243,5,17
1376588847,5,17
1376589457,5,17
1376590060,5,17
1376590145,4,18
1376590749,4,18
1376591023,4,18
1376591075,5,17
1376591154,4,18
1376591248,3,19
1376591528,2,20
1376591884,2,20
1376591983,2,20
1376592012,0,22
1376592494,1,21
1376592630,0,22
1376593234,0,22
1376593672,0,22
1376593787,0,22
1376593888,0,22
1376593946,0,22
1376594202,0,22
1376594438,0,22
1376594456,0,22
1376594993,0,22
1376595597,0,22
1376595933,1,21
1376596031,0,22
1376596107,1,21
1376596213,0,22
1376596282,0,22
1376596337,0,22
1376596459,0,22
1376596519,0,22
1376597122,0,22
1376597726,0,22
1376597908,1,21
1376598033,0,22
1376598079,0,22
1376598683,0,22
1376599287,0,22
1376599891,0,22
1376600494,0,22
1376601098,0,22
1376601702,0,22
1376601884,0,22
1376601887,1,21
1376602490,1,21
1376603018,3,19
1376603347,4,18
1376603583,2,20
1376603628,1,21
1376603786,2,20
1376603903,3,19
1376603983,5,17
1376604002,6,16
1376604282,6,16
1376604343,9,13
1376604400,10,12
1376604436,11,11
1376604523,13,9
1376604551,16,6
1376604605,17,5
1376604753,16,6
1376604814,16,6
1376604873,17,5
1376604925,17,5
1376604947,17,5
1376605024,17,5
1376605124,17,5
1376605170,17,5
1376605325,18,4
1376605929,18,4
1376606533,18,4
1376607136,18,4
1376607617,17,5
1376608221,17,5
1376608825,17,5
1376609429,17,5
1376610033,17,5
1376610358,18,4
1376610961,18,4
1376611565,18,4
1376612168,18,4
1376612772,18,4
1376613376,18,4
1376613980,18,4
1376614584,18,4
1376615384,18,4
1376615388,18,4
1376615992,18,4
1376616597,18,4
1376617201,18,4
1376617804,18,4
1376618408,18,4
1376619012,18,4
1376619616,18,4
1376620124,18,4
1376620126,17,5
1376620730,17,5
1376621072,16,6
1376621677,16,6
1376622280,16,6
1376622884,16,6
1376623488,16,6
1376624091,16,6
1376624695,16,6
1376625299,16,6
1376625764,15,7
1376626368,15,7
1376626972,15,7
1376627164,16,6
1376627767,16,6
1376628371,16,6
1376628975,16,6
1376629579,16,6
1376630183,16,6
1376630787,16,6
1376631390,16,6
1376631994,16,6
1376632598,16,6
1376633202,16,6
1376633361,17,5
1376633966,17,5
1376634103,18,4
1376634707,18,4
1376635311,18,4
1376635475,17,5
1376636079,17,5
1376636321,17,5
1376636328,18,4
1376636468,18,4
1376636676,18,4
1376636731,19,3
1376636773,20,2
1376636820,21,1
1376637269,22,0
1376637295,21,1
1376637460,21,0
1376637633,20,1
1376638237,20,1
1376638840,20,1
1376638991,21,0
1376639595,21,0
1376640199,21,0
1376640401,20,1
1376640411,20,1
1376640986,19,2
1376641590,19,2
1376641903,19,2
1376641906,20,1
1376642138,18,3
1376642188,18,3
1376642228,18,3
1376642286,19,2
1376642428,20,1
1376642786,21,0
1376642947,20,1
1376643284,20,1
1376643287,21,0
1376643890,21,0
1376644494,21,0
1376645098,21,0
1376645701,21,0
1376646305,21,0
1376646909,21,0
1376647061,20,1
1376647664,20,1
1376647822,19,2
1376647865,18,3
1376648469,18,3
1376648601,19,2
1376648668,18,3
1376648716,17,4
1376648879,18,3
1376649283,18,3
1376649293,19,2
1376649897,19,2
1376650501,19,2
1376651105,19,2
1376651646,17,4
1376652043,17,4
1376652065,19,2
1376652381,18,3
1376652985,18,3
1376653540,18,3
1376653557,18,3
1376654136,17,4
1376654538,17,4
1376654785,16,5
1376654807,15,6
1376655132,14,7
1376655736,14,7
1376655953,13,8
1376656557,13,8
1376656783,13,8
1376656809,15,6
1376657193,15,6
1376657749,14,7
1376657817,14,7
1376657924,16,5
1376657927,17,4
1376657998,18,3
1376658518,20,1
1376658626,18,3
1376658702,18,3
1376658714,18,3
1376658883,16,4
1376658937,16,5
1376658974,18,3
1376659333,17,4
1376659720,18,3
1376660054,16,5
1376660659,16,5
1376661262,16,5
1376661643,15,6
1376661694,14,7
1376661709,14,7
1376662313,14,7
1376662573,13,8
1376662709,13,8
1376662784,13,8
1376662820,14,7
1376663005,13,8
1376663250,12,9
1376663295,13,8
1376663883,14,7
1376664505,15,6
1376664690,14,7
1376664737,14,7
1376664819,14,7
1376664867,15,6
1376665471,15,6
1376665992,14,7
1376666259,14,7
1376666863,14,7
1376667378,15,6
1376667634,14,7
1376667669,13,8
1376668273,13,8
1376668524,12,9
1376668959,12,9
1376668969,13,8
1376669573,13,8
1376669834,11,10
1376670218,9,12
1376670822,9,12
1376670881,10,11
1376671486,10,11
1376672090,10,11
1376672681,9,12
1376672738,8,13
1376673010,9,12
1376673111,8,13
1376673197,9,12
1376673627,8,13
1376674046,7,14
1376674650,7,14
1376674850,6,15
1376674987,5,16
1376675257,4,17
1376675744,3,18
1376675753,4,17
1376676072,3,18
1376676278,2,19
1376676503,1,20
1376677108,1,20
1376677711,1,20
1376678248,0,21
1376678281,1,20
1376678378,0,21
1376678436,1,20
1376678561,1,20
1376678608,1,20
1376678671,1,20
1376678698,2,19
1376678838,2,19
1376678884,2,19
1376678963,3,18
1376679190,2,19
1376679794,2,19
1376679884,0,21
1376680336,0,21
1376680394,1,20
1376680784,1,20
1376680792,0,21
1376681396,0,21
1376681800,0,21
1376681818,0,21
1376682007,0,21
1376682147,0,21
1376682272,0,21
1376682881,1,20
1376682889,0,21
1376683027,0,21
1376683084,0,21
1376683688,0,21
1376684291,0,21
1376684623,0,21
1376684659,2,19
1376684754,1,20
1376684925,1,20
1376684928,0,21
1376685532,0,21
1376686136,0,21
1376686587,1,20
1376686866,0,21
1376687152,0,21
1376687220,0,21
1376687823,0,21
1376688427,0,21
1376689031,0,21
1376689635,0,21
1376690238,0,21
1376690842,0,21
1376691163,0,21
1376691220,0,20
1376691285,0,21
1376691319,0,21
1376691396,0,21
1376691433,1,20
1376691700,1,20
1376692259,2,19
1376692363,4,17
1376692422,4,17
1376692430,5,16
1376692904,6,15
1376692934,9,12
1376692982,10,11
1376693442,9,12
1376694045,9,12
1376694473,8,13
1376695077,8,13
1376695681,8,13
1376696098,9,12
1376696703,9,12
1376697039,8,13
1376697643,8,13
1376697989,7,14
1376698122,6,15
1376698726,6,15
1376698840,5,15
1376698857,4,17
1376699248,3,18
1376699851,3,18
1376700455,3,18
1376701058,3,18
1376701783,3,18
1376701878,3,18
1376702483,3,18
1376703086,3,18
1376703690,3,18
1376704294,3,18
1376704898,3,18
1376704938,4,17
1376705542,4,17
1376706109,3,18
1376706713,3,18
1376706784,2,19
1376707389,2,19
1376707992,2,19
1376708596,2,19
1376709200,2,19
1376709804,2,19
1376710407,2,19
1376710670,1,20
1376711274,1,20
1376711877,1,20
1376712481,1,20
1376713085,1,20
1376713663,1,20
1376713673,2,19
1376714277,2,19
1376714881,2,19
1376715485,2,19
1376716088,2,19
1376716692,2,19
1376716958,3,18
1376717009,3,18
1376717230,4,17
1376717835,4,17
1376718438,4,17
1376719042,4,17
1376719646,4,17
1376720249,4,17
1376720853,4,17
1376721296,5,16
1376721901,5,16
1376722300,6,15
1376722904,6,15
1376723350,6,15
1376723423,7,14
1376723552,8,13
1376723620,8,13
1376723680,8,13
1376723743,8,13
1376723805,10,11
1376724409,10,11
1376724694,10,11
1376724712,10,11
1376724822,10,11
1376724860,11,10
1376725222,12,9
1376725581,13,8
1376726185,13,8
1376726544,14,7
1376727147,14,7
1376727566,15,6
1376728170,15,6
1376728604,16,5
1376728843,15,6
1376728853,16,5
1376729040,15,6
1376729144,14,7
1376729748,14,7
1376730012,13,8
1376730616,13,8
1376730825,12,9
1376731429,12,9
1376732081,13,8
1376732685,13,8
1376732998,14,7
1376733223,14,7
1376733232,12,9
1376733398,13,8
1376733673,12,9
1376734277,12,9
1376734555,11,10
1376735159,10,11
1376735314,8,13
1376735381,9,12
1376735437,9,12
1376735498,10,11
1376736108,10,11
1376736421,11,10
1376737025,11,10
1376737299,10,11
1376737903,10,11
1376737961,12,9
1376738209,11,10
1376738356,12,9
1376738960,12,9
1376739564,12,9
1376740167,12,9
1376740408,13,8
1376740588,12,9
1376740964,12,9
1376740967,11,10
1376741571,11,10
1376742081,9,12
1376742684,9,12
1376743288,9,12
1376743511,8,13
1376744116,8,13
1376744719,8,13
1376745323,8,13
1376745927,8,13
1376746111,7,14
1376746715,7,14
1376746777,7,14
1376746799,7,14
1376746876,7,14
1376746930,8,13
1376747497,5,16
1376747781,6,15
1376747954,5,16
1376748127,2,19
1376748213,2,19
1376748278,2,19
1376748343,1,20
1376748395,1,20
1376748459,2,19
1376748629,3,18
1376748703,3,18
1376748724,4,17
1376748912,4,17
1376748996,5,16
1376749015,6,15
1376749265,6,15
1376749352,6,15
1376749383,7,14
1376749452,8,13
1376749602,8,13
1376749611,9,12
1376749904,10,11
1376750144,10,11
1376750152,8,13
1376750300,9,12
1376750554,7,14
1376750619,7,14
1376750634,7,14
1376750839,8,13
1376751328,8,13
1376751355,9,12
1376751646,8,12
1376751653,8,13
1376752283,8,13
1376752352,9,12
1376752441,9,12
1376752525,9,12
1376752557,10,11
1376752608,10,11
1376752686,10,11
1376753237,10,11
1376753304,13,8
1376753565,13,8
1376753618,14,7
1376753654,14,7
1376753703,15,6
1376754307,15,6
1376754917,14,7
1376755330,13,8
1376755481,11,10
1376755521,12,9
1376756000,11,10
1376756079,9,12
1376756683,9,12
1376756744,9,12
1376756779,7,14
1376756864,6,15
1376756916,5,16
1376756973,6,15
1376757034,6,15
1376757101,8,13
1376757355,9,12
1376757576,7,14
1376757745,6,15
1376757849,7,14
1376758298,8,13
1376758902,8,13
1376759190,7,14
1376759338,8,13
1376759487,7,14
1376759560,6,15
1376759681,5,16
1376759690,6,15
1376760256,7,14
1376760389,6,15
1376760411,6,15
1376760519,6,15
1376760530,7,14
1376760702,8,13
1376760742,7,14
1376760800,7,14
1376761404,7,14
1376761899,6,15
1376762080,5,16
1376762467,4,17
1376762604,6,15
1376762684,4,17
1376762727,1,20
1376762792,2,19
1376762820,1,20
1376762956,2,19
1376763019,1,20
1376763102,1,20
1376763109,0,21
1376763201,0,21
1376763400,0,21
1376763424,1,20
1376763642,0,21
1376764062,1,20
1376764166,0,21
1376764545,0,21
1376764547,1,20
1376764688,0,21
1376765200,0,21
1376765481,2,19
1376765525,1,20
1376765608,1,20
1376765643,2,19
1376765912,1,20
1376766435,0,21
1376766661,0,21
1376767043,1,20
1376767654,0,21
1376767874,0,21
1376767960,1,20
1376768018,1,20
1376768057,0,21
1376768373,1,20
1376768429,0,21
1376768495,0,21
1376768547,0,21
1376768585,0,21
1376768653,0,21
1376769256,0,21
1376769555,0,21
1376769682,0,21
1376769757,2,19
1376769819,0,21
1376769872,1,20
1376770477,1,20
1376770663,1,20
1376770902,0,21
1376771557,0,21
1376771588,0,21
1376772148,1,20
1376772751,1,20
1376772943,2,19
1376773064,3,18
1376773407,4,17
1376774011,4,17
1376774614,4,17
1376775062,3,18
1376775489,1,20
1376776093,1,20
1376776696,1,20
1376777300,1,20
1376777805,3,18
1376777844,4,17
1376777912,7,14
1376778039,7,14
1376778097,8,12
1376778160,8,12
1376778183,8,12
1376778230,9,11
1376778341,9,11
1376778355,10,10
1376778960,10,11
1376779413,9,12
1376779481,9,12
1376779520,9,12
1376779941,8,13
1376780548,10,11
1376781152,10,11
1376781755,10,11
1376782359,10,11
1376782963,10,11
1376783567,10,11
1376784170,10,11
1376784774,10,11
1376784960,11,10
1376785451,10,11
1376786055,10,11
1376786659,10,11
1376787262,10,11
1376787866,10,11
1376788184,10,11
1376788194,10,11
1376788831,10,11
1376788885,10,11
1376788961,11,10
1376788972,12,9
1376789200,13,8
1376789350,13,8
1376789441,13,8
1376789505,13,8
1376789556,13,8
1376789603,13,8
1376790207,13,8
1376790811,13,8
1376791414,13,8
1376792019,13,8
1376792623,13,8
1376793227,13,8
1376793306,12,9
1376793910,12,9
1376794329,10,11
1376794933,10,11
1376795537,10,11
1376796141,10,11
1376796744,10,11
1376797348,10,11
1376797952,10,11
1376798556,10,11
1376799159,10,11
1376799763,10,11
1376800125,10,11
1376800134,11,10
1376800738,11,10
1376801342,11,10
1376801945,11,10
1376802549,11,10
1376803153,11,10
1376803711,10,11
1376804315,10,11
1376804919,10,11
1376805523,10,11
1376806126,10,11
1376806730,10,11
1376806918,11,10
1376806979,12,9
1376807583,12,9
1376808187,12,9
1376808791,12,9
1376809394,12,9
1376809998,12,9
1376810602,12,9
1376810878,13,8
1376811107,12,9
1376811140,11,10
1376811477,10,11
1376812081,10,11
1376812162,9,12
1376812765,9,12
1376812843,8,12
1376812863,8,13
1376813081,8,13
1376813090,9,12
1376813694,9,12
1376814298,9,12
1376814901,9,12
1376815062,10,11
1376815666,10,11
1376816270,10,11
1376816875,10,11
1376817478,10,11
1376818082,10,11
1376818650,11,10
1376818936,12,9
1376819541,12,9
1376819745,12,9
1376819752,13,8
1376820224,12,9
1376820784,11,10
1376820906,12,9
1376821201,13,8
1376821347,14,7
1376821952,14,7
1376821996,13,8
1376822600,13,8
1376823204,13,8
1376823820,11,10
1376823832,12,9
1376824063,11,10
1376824210,9,12
1376824814,9,12
1376825092,8,13
1376825223,9,12
1376825828,9,12
1376826431,9,12
1376826690,9,12
1376826786,9,12
1376826872,10,11
1376826943,11,10
1376826966,12,9
1376827571,12,9
1376827931,13,8
1376828377,14,7
1376828621,13,8
1376828670,14,7
1376829273,14,7
1376829877,14,7
1376830177,13,8
1376830265,11,10
1376830746,10,11
1376831081,8,12
1376831088,8,13
1376831300,7,14
1376831480,6,15
1376831700,5,16
1376831873,4,17
1376831962,3,18
1376832034,1,20
1376832153,0,21
1376832757,0,21
1376832858,0,21
1376832972,0,21
