1376208376,0,0
1376208980,0,0
1376209584,0,0
1376210188,0,0
1376210792,0,0
1376211395,0,0
1376211999,0,0
1376212604,0,0
1376213209,0,0
1376213799,0,0
1376214403,0,0
1376215008,0,0
1376215612,0,0
1376216215,0,0
1376216819,0,0
1376217423,0,0
1376218028,0,0
1376218632,0,0
1376219235,0,0
1376219839,0,0
1376220443,0,0
1376221047,0,0
1376221136,0,0
1376221307,0,0
1376221910,0,0
1376222514,0,0
1376223118,0,0
1376223722,0,0
1376224326,0,0
1376224929,0,0
1376225533,0,0
1376226137,0,0
1376226741,0,0
1376227344,0,0
1376227949,0,0
1376228553,0,0
1376228860,0,0
1376229465,0,0
1376229617,0,0
1376229648,0,0
1376230252,0,0
1376230448,0,0
1376231051,0,0
1376231655,0,0
1376232259,0,0
1376232864,0,0
1376233467,0,0
1376233747,0,0
1376233818,0,0
1376234422,0,0
1376235026,0,0
1376235630,0,0
1376236042,0,0
1376236646,0,0
1376237250,0,0
1376237854,0,0
1376238458,0,0
1376239061,0,0
1376239665,0,0
1376240092,0,0
1376240355,0,0
1376240409,0,0
1376240962,0,0
1376241567,0,0
1376242170,0,0
1376242774,0,0
1376243378,0,0
1376243776,0,0
1376244194,0,0
1376244799,0,0
1376245402,0,0
1376245700,0,0
1376246305,0,0
1376246909,0,0
1376247513,0,0
1376247647,0,0
1376247959,0,0
1376248586,0,0
1376249190,0,0
1376249367,0,0
1376249641,0,0
1376250245,0,0
1376250460,0,0
1376251064,0,0
1376251668,0,0
1376252272,0,0
1376252877,0,0
1376253480,0,0
1376254084,0,0
1376254688,0,0
1376255292,0,0
1376255896,0,0
1376256500,0,0
1376257104,0,0
1376257708,0,0
1376258312,0,0
1376258916,0,0
1376259526,0,0
1376260130,0,0
1376260734,0,0
1376261337,0,0
1376261742,0,0
1376262346,0,0
1376262949,0,0
1376263559,0,0
1376264163,0,0
1376264767,0,0
1376265371,0,0
1376265975,0,0
1376266579,0,0
1376267182,0,0
1376267786,0,0
1376268390,0,0
1376268994,0,0
1376269597,0,0
1376270201,0,0
1376270805,0,0
1376271409,0,0
1376272012,0,0
1376272393,0,0
1376272435,0,0
1376273039,0,0
1376273642,0,0
1376274246,0,0
1376274850,0,0
1376275454,0,0
1376276057,0,0
1376276661,0,0
1376277265,0,0
1376277869,0,0
1376278474,0,0
1376279077,0,0
1376279681,0,0
1376280285,0,0
1376280890,0,0
1376281493,0,0
1376282097,0,0
1376282701,0,0
1376283305,0,0
1376283908,0,0
1376284512,0,0
1376285116,0,0
1376285720,0,0
1376286323,0,0
1376286927,0,0
1376287531,0,0
1376288135,0,0
1376288738,0,0
1376289342,0,0
1376289946,0,0
1376290550,0,0
1376291154,0,0
1376291758,0,0
1376292362,0,0
1376292965,0,0
1376293569,0,0
1376294173,0,0
1376294777,0,0
1376294995,0,0
1376295598,0,0
1376296202,0,0
1376296806,0,0
1376297411,0,0
1376298016,0,0
1376298621,0,0
1376299225,0,0
1376299828,0,0
1376300432,0,0
1376301036,0,0
1376301090,0,0
1376301694,0,0
1376302297,0,0
1376302902,0,0
1376303506,0,0
1376304110,0,0
1376304713,0,0
1376305317,0,0
1376305921,0,0
1376306280,0,0
1376306885,0,0
1376307488,0,0
1376308092,0,0
1376308696,0,0
1376309300,0,0
1376309904,0,0
1376310155,0,0
1376310759,0,0
1376311363,0,0
1376311967,0,0
1376312570,0,0
1376313174,0,0
1376313778,0,0
1376314382,0,0
1376314985,0,0
1376315588,0,0
1376316192,0,0
1376316796,0,0
1376317400,0,0
1376318004,0,0
1376318608,0,0
1376319211,0,0
1376319815,0,0
1376320419,0,0
1376321023,0,0
1376321626,0,0
1376322230,0,0
1376322834,0,0
1376323438,0,0
1376324042,0,0
1376324645,0,0
1376325249,0,0
1376325853,0,0
1376326457,0,0
1376326624,0,0
1376327228,0,0
1376327833,0,0
1376328437,0,0
1376329040,0,0
1376329644,0,0
1376330248,0,0
1376330852,0,0
1376331455,0,0
1376332059,0,0
1376332663,0,0
1376333267,0,0
1376333871,0,0
1376334475,0,0
1376335079,0,0
1376335683,0,0
1376336287,0,0
1376336891,0,0
1376337495,0,0
1376338099,0,0
1376338703,0,0
1376339308,0,0
1376339912,0,0
1376340517,0,0
1376341121,0,0
1376341725,0,0
1376342329,0,0
1376342932,0,0
1376343536,0,0
1376344140,0,0
1376344749,0,0
1376345354,0,0
1376345957,0,0
1376346561,0,0
1376347165,0,0
1376347770,0,0
1376348374,0,0
1376348977,0,0
1376349581,0,0
1376350229,0,0
1376350833,0,0
1376351437,0,0
1376352041,0,0
1376352644,0,0
1376353249,0,0
1376353853,0,0
1376354456,0,0
1376355060,0,0
1376355666,0,0
1376356270,0,0
1376356874,0,0
1376357477,0,0
1376358082,0,0
1376358790,0,0
1376358848,0,0
1376359452,0,0
1376360056,0,0
1376360659,0,0
1376361263,0,0
1376361867,0,0
1376362471,0,0
1376363074,0,0
1376363678,0,0
1376364282,0,0
1376364886,0,0
1376365490,0,0
1376366094,0,0
1376366698,0,0
1376367302,0,0
1376367905,0,0
1376368509,0,0
1376369113,0,0
1376369717,0,0
1376370321,0,0
1376370924,0,0
1376371528,0,0
1376372132,0,0
1376372736,0,0
1376373339,0,0
1376373943,0,0
1376374547,0,0
1376375151,0,0
1376375754,0,0
1376376358,0,0
1376376962,0,0
1376377566,0,0
1376378170,0,0
1376378776,0,0
1376379380,0,0
1376379884,0,0
1376380488,0,0
1376381097,0,0
1376381701,0,0
1376382305,0,0
1376382908,0,0
1376383512,0,0
1376384116,0,0
1376384720,0,0
1376385323,0,0
1376385927,0,0
1376386531,0,0
1376387135,0,0
1376387739,0,0
1376388342,0,0
1376388946,0,0
1376389550,0,0
1376390154,0,0
1376390758,0,0
1376391362,0,0
1376391966,0,0
1376392570,0,0
1376393173,0,0
1376393777,0,0
1376394381,0,0
1376394985,0,0
1376395588,0,0
1376396192,0,0
1376396796,0,0
1376397400,0,0
1376397701,0,0
1376398306,0,0
1376398915,0,0
1376399519,0,0
1376400123,0,0
1376400727,0,0
1376401337,0,0
1376401940,0,0
1376402544,0,0
1376403149,0,0
1376403753,0,0
1376404357,0,0
1376404961,0,0
1376405565,0,0
1376406168,0,0
1376406772,0,0
1376407376,0,0
1376407980,0,0
1376408583,0,0
1376409187,0,0
1376409791,0,0
1376410395,0,0
1376411000,0,0
1376411605,0,0
1376412209,0,0
1376412813,0,0
1376413424,0,0
1376414029,0,0
1376414633,0,0
1376415237,0,0
1376415841,0,0
1376416445,0,0
1376417056,0,0
1376417653,0,0
1376418256,0,0
1376418866,0,0
1376419469,0,0
1376420073,0,0
1376420677,0,0
1376421281,0,0
1376421885,0,0
1376422488,0,0
1376423092,0,0
1376423696,0,0
1376424300,0,0
1376424903,0,0
1376425507,0,0
1376426111,0,0
1376426714,0,0
1376427318,0,0
1376427922,0,0
1376428526,0,0
1376429130,0,0
1376429734,0,0
1376430337,0,0
1376430941,0,0
1376431545,0,0
1376432154,0,0
1376432758,0,0
1376433362,0,0
1376433966,0,0
1376434570,0,0
1376435173,0,0
1376435777,0,0
1376436381,0,0
1376436985,0,0
1376437588,0,0
1376438192,0,0
1376438796,0,0
1376439400,0,0
1376440004,0,0
1376440607,0,0
1376441212,0,0
1376441815,0,0
1376442419,0,0
1376443023,0,0
1376443627,0,0
1376444231,0,0
1376444834,0,0
1376445199,0,0
1376445803,0,0
1376446406,0,0
1376447010,0,0
1376447614,0,0
1376448218,0,0
1376448822,0,0
1376449426,0,0
1376450029,0,0
1376450633,0,0
1376451237,0,0
1376451840,0,0
1376452444,0,0
1376453048,0,0
1376453653,0,0
1376454256,0,0
1376454860,0,0
1376455464,0,0
1376456068,0,0
1376456671,0,0
1376457275,0,0
1376457879,0,0
1376458483,0,0
1376459086,0,0
1376459690,0,0
1376460294,0,0
1376460898,0,0
1376461501,0,0
1376461775,0,0
1376462377,0,0
1376462981,0,0
1376463585,0,0
1376464188,0,0
1376464792,0,0
1376465396,0,0
1376465841,0,0
1376466039,0,0
1376466062,0,0
1376466666,0,0
1376467270,0,0
1376467874,0,0
1376468478,0,0
1376469082,0,0
1376469685,0,0
1376470289,0,0
1376470893,0,0
1376471497,0,0
1376472100,0,0
1376472567,0,0
1376473171,0,0
1376473775,0,0
1376474379,0,0
1376474983,0,0
1376475586,0,0
1376476190,0,0
1376476794,0,0
1376477398,0,0
1376478001,0,0
1376478606,0,0
1376479210,0,0
1376479814,0,0
1376480417,0,0
1376481021,0,0
1376481626,0,0
1376482230,0,0
1376482834,0,0
1376483437,0,0
1376484041,0,0
1376484645,0,0
1376485248,0,0
1376485852,0,0
1376486456,0,0
1376487060,0,0
1376487664,0,0
1376488268,0,0
1376488871,0,0
1376489475,0,0
1376490079,0,0
1376490683,0,0
1376491287,0,0
1376491891,0,0
1376492494,0,0
1376493098,0,0
1376493702,0,0
1376494306,0,0
1376494909,0,0
1376495513,0,0
1376496117,0,0
1376496721,0,0
1376497325,0,0
1376497559,0,0
1376497608,0,0
1376498212,0,0
1376498816,0,0
1376499420,0,0
1376500023,0,0
1376500627,0,0
1376501194,0,0
1376501437,0,0
1376502042,0,0
1376502645,0,0
1376502879,0,0
1376502940,0,0
1376503062,0,0
1376503490,0,0
1376504094,0,0
1376504308,0,0
1376504913,0,0
1376505172,0,0
1376505552,0,0
1376505590,0,0
1376506194,0,0
1376506799,0,0
1376506874,0,0
1376507235,0,0
1376507839,0,0
1376508444,0,0
1376508759,0,0
1376509363,0,0
1376509967,0,0
1376510314,0,0
1376510340,0,0
1376510425,0,0
1376510475,0,0
1376511079,0,0
1376511682,0,0
1376512286,0,0
1376512386,0,0
1376512990,0,0
1376513594,0,0
1376514198,0,0
1376514803,0,0
1376515406,0,0
1376516011,0,0
1376516615,0,0
1376517218,0,0
1376517822,0,0
1376518426,0,0
1376519030,0,0
1376519633,0,0
1376520237,0,0
1376520847,0,0
1376521451,0,0
1376522054,0,0
1376522658,0,0
1376523262,0,0
1376523866,0,0
1376524469,0,0
1376525073,0,0
1376525677,0,0
1376526281,0,0
1376526885,0,0
1376527488,0,0
1376528092,0,0
1376528696,0,0
1376529300,0,0
1376529904,0,0
1376530379,0,0
1376530982,0,0
1376531593,0,0
1376531697,0,0
1376531763,0,0
1376532002,0,0
1376532606,0,0
1376533210,0,0
1376533814,0,0
1376534418,0,0
1376535021,0,0
1376535625,0,0
1376536229,0,0
1376536832,0,0
1376537436,0,0
1376538040,0,0
1376538644,0,0
1376539248,0,0
1376539851,0,0
1376540455,0,0
1376541060,0,0
1376541663,0,0
1376542267,0,0
1376542871,0,0
1376543475,0,0
1376544078,0,0
1376544682,0,0
1376545286,0,0
1376545890,0,0
1376546493,0,0
1376547097,0,0
1376547701,0,0
1376548305,0,0
1376548908,0,0
1376549411,0,0
1376550016,0,0
1376550620,0,0
1376550955,0,0
1376551560,0,0
1376552164,0,0
1376552768,0,0
1376553371,0,0
1376553976,0,0
1376554580,0,0
1376555183,0,0
1376555549,0,0
1376555738,0,0
1376556341,0,0
1376556945,0,0
1376557549,0,0
1376558153,0,0
1376558757,0,0
1376559360,0,0
1376559964,0,0
1376560568,0,0
1376561172,0,0
1376561776,0,0
1376561988,0,0
1376562592,0,0
1376563196,0,0
1376563800,0,0
1376564403,0,0
1376565007,0,0
1376565617,0,0
1376566221,0,0
1376566825,0,0
1376567429,0,0
1376568033,0,0
1376568636,0,0
1376569240,0,0
1376569844,0,0
1376570448,0,0
1376571051,0,0
1376571656,0,0
1376572260,0,0
1376572864,0,0
1376573468,0,0
1376574073,0,0
1376574676,0,0
1376575286,0,0
1376575890,0,0
1376576494,0,0
1376577097,0,0
1376577701,0,0
1376578305,0,0
1376578909,0,0
1376579513,0,0
1376579977,0,0
1376580581,0,0
1376581184,0,0
1376581788,0,0
1376582392,0,0
1376583011,0,0
1376583630,0,0
1376584234,0,0
1376584838,0,0
1376585441,0,0
1376585479,0,0
1376586083,0,0
1376586267,0,0
1376586316,0,0
1376586921,0,0
1376587525,0,0
1376588128,0,0
1376588732,0,0
1376589336,0,0
1376589942,0,0
1376590488,0,0
1376591097,0,0
1376591701,0,0
1376592305,0,0
1376592908,0,0
1376593512,0,0
1376594116,0,0
1376594720,0,0
1376595324,0,0
1376595929,0,0
1376596083,0,0
1376596687,0,0
1376597291,0,0
1376597895,0,0
1376598499,0,0
1376599103,0,0
1376599706,0,0
1376600311,0,0
1376600915,0,0
1376601519,0,0
1376602123,0,0
1376602726,0,0
1376603330,0,0
1376603935,0,0
1376604539,0,0
1376604947,0,0
1376605552,0,0
1376606156,0,0
1376606765,0,0
1376607369,0,0
1376607973,0,0
1376608576,0,0
1376609180,0,0
1376609784,0,0
1376610388,0,0
1376610992,0,0
1376611595,0,0
1376612199,0,0
1376612803,0,0
1376613407,0,0
1376614010,0,0
1376614614,0,0
1376615218,0,0
1376615822,0,0
1376616426,0,0
1376617030,0,0
1376617633,0,0
1376617995,0,0
1376618033,0,0
1376618637,0,0
1376619241,0,0
1376619845,0,0
1376620449,0,0
1376621052,0,0
1376621656,0,0
1376622260,0,0
1376622864,0,0
1376623468,0,0
1376624071,0,0
1376624676,0,0
1376625280,0,0
1376625884,0,0
1376626488,0,0
1376627091,0,0
1376627695,0,0
1376628299,0,0
1376628903,0,0
1376629507,0,0
1376630113,0,0
1376630717,0,0
1376631321,0,0
1376631925,0,0
1376632528,0,0
1376633132,0,0
1376633736,0,0
1376634340,0,0
1376634943,0,0
1376635547,0,0
1376636151,0,0
1376636755,0,0
1376637359,0,0
1376637962,0,0
1376638566,0,0
1376639170,0,0
1376639666,0,0
1376640270,0,0
1376640874,0,0
1376641478,0,0
1376642082,0,0
1376642686,0,0
1376643290,0,0
1376643893,0,0
1376644497,0,0
1376645101,0,0
1376645705,0,0
1376646309,0,0
1376646912,0,0
1376647516,0,0
1376648120,0,0
1376648724,0,0
1376649327,0,0
1376649931,0,0
1376650535,0,0
1376651139,0,0
1376651744,0,0
1376652347,0,0
1376652952,0,0
1376653556,0,0
1376654160,0,0
1376654763,0,0
1376655367,0,0
1376655971,0,0
1376656575,0,0
1376657178,0,0
1376657782,0,0
1376658386,0,0
1376658991,0,0
1376659563,0,0
1376660168,0,0
1376660771,0,0
1376661375,0,0
1376661979,0,0
1376662584,0,0
1376663188,0,0
1376663792,0,0
1376664396,0,0
1376664878,0,0
1376664886,0,0
1376665491,0,0
1376666099,0,0
1376666704,0,0
1376667308,0,0
1376667913,0,0
1376668518,0,0
1376669121,0,0
1376669649,0,0
1376670252,0,0
1376670856,0,0
1376671460,0,0
1376672064,0,0
1376672667,0,0
1376673271,0,0
1376673875,0,0
1376674479,0,0
1376675083,0,0
1376675562,0,0
1376675901,0,0
1376676505,0,0
1376677109,0,0
1376677713,0,0
1376678317,0,0
1376678921,0,0
1376679525,0,0
1376680130,0,0
1376680734,0,0
1376681338,0,0
1376681942,0,0
1376682546,0,0
1376683151,0,0
1376683755,0,0
1376684360,0,0
1376684963,0,0
1376685567,0,0
1376685911,0,0
1376686515,0,0
1376687118,0,0
1376687722,0,0
1376688326,0,0
1376688929,0,0
1376689533,0,0
1376690025,0,0
1376690628,0,0
1376691233,0,0
1376691837,0,0
1376692447,0,0
1376693050,0,0
1376693654,0,0
1376693706,0,0
1376693759,0,0
1376694363,0,0
1376694966,0,0
1376695570,0,0
1376696174,0,0
1376696778,0,0
1376697381,0,0
1376697985,0,0
1376698604,0,0
1376699220,0,0
1376699826,0,0
1376700571,0,0
1376700715,0,0
1376700774,0,0
1376700996,0,0
1376701599,0,0
1376702203,0,0
1376702807,0,0
1376703411,0,0
1376704015,0,0
1376704112,0,0
1376704147,0,0
1376704530,0,0
1376704602,0,0
1376705205,0,0
1376705809,0,0
1376706413,0,0
1376707016,0,0
1376707620,0,0
1376708224,0,0
1376708828,0,0
1376709432,0,0
1376710035,0,0
1376710639,0,0
1376711243,0,0
1376711847,0,0
1376712450,0,0
1376713054,0,0
1376713658,0,0
1376714262,0,0
1376714865,0,0
1376715469,0,0
1376716073,0,0
1376716677,0,0
1376717281,0,0
1376717885,0,0
1376718489,0,0
1376719092,0,0
1376719696,0,0
1376720301,0,0
1376720905,0,0
1376721508,0,0
1376722112,0,0
1376722716,0,0
1376723320,0,0
1376723924,0,0
1376724527,0,0
1376725131,0,0
1376725735,0,0
1376726339,0,0
1376726943,0,0
1376727548,0,0
1376728151,0,0
1376728755,0,0
1376729360,0,0
1376729964,0,0
1376730568,0,0
1376731172,0,0
1376731775,0,0
1376732379,0,0
1376732983,0,0
1376733587,0,0
1376734191,0,0
1376734795,0,0
1376735398,0,0
1376736002,0,0
1376736606,0,0
1376737209,0,0
1376737813,0,0
1376738417,0,0
1376739021,0,0
1376739625,0,0
1376740228,0,0
1376740812,0,0
1376741416,0,0
1376742020,0,0
1376742624,0,0
1376743228,0,0
1376743832,0,0
1376744435,0,0
1376744544,0,0
1376744961,0,0
1376745564,0,0
1376746168,0,0
1376746777,0,0
1376747381,0,0
1376747985,0,0
1376748589,0,0
1376749194,0,0
1376749799,0,0
1376750403,0,0
1376751006,0,0
1376751610,0,0
1376752214,0,0
1376752818,0,0
1376753421,0,0
1376754026,0,0
1376754629,0,0
1376755233,0,0
1376755837,0,0
1376756441,0,0
1376757045,0,0
1376757648,0,0
1376758252,0,0
1376758856,0,0
1376759460,0,0
1376760064,0,0
1376760668,0,0
1376761272,0,0
1376761876,0,0
1376762193,0,0
1376762395,0,0
1376762999,0,0
1376763604,0,0
1376764029,0,0
1376764634,0,0
1376765237,0,0
1376765841,0,0
1376766445,0,0
1376767050,0,0
1376767654,0,0
1376767850,0,0
1376768112,0,0
1376768716,0,0
1376769319,0,0
1376769923,0,0
1376770527,0,0
1376771132,0,0
1376771736,0,0
1376772339,0,0
1376772943,0,0
1376773547,0,0
1376774151,0,0
1376774755,0,0
1376775358,0,0
1376775850,0,0
1376776454,0,0
1376777058,0,0
1376777662,0,0
1376778265,0,0
1376778875,0,0
1376779479,0,0
1376780083,0,0
1376780687,0,0
1376781291,0,0
1376781895,0,0
1376782498,0,0
1376783102,0,0
1376783706,0,0
1376784309,0,0
1376784913,0,0
1376785517,0,0
1376786121,0,0
1376786725,0,0
1376787328,0,0
1376787932,0,0
1376788536,0,0
1376789140,0,0
1376789743,0,0
1376790347,0,0
1376790799,0,0
1376790841,0,0
1376791444,0,0
1376792049,0,0
1376792652,0,0
1376793256,0,0
1376793860,0,0
1376794464,0,0
1376795067,0,0
1376795671,0,0
1376796275,0,0
1376796879,0,0
1376797482,0,0
1376798086,0,0
1376798690,0,0
1376799294,0,0
1376799897,0,0
1376800501,0,0
1376801105,0,0
1376801709,0,0
1376802313,0,0
1376802917,0,0
1376803521,0,0
1376804126,0,0
1376804730,0,0
1376805333,0,0
1376805937,0,0
1376806541,0,0
1376807145,0,0
1376807749,0,0
1376808352,0,0
1376808956,0,0
1376809560,0,0
1376810164,0,0
1376810767,0,0
1376811371,0,0
1376811975,0,0
1376812578,0,0
1376813182,0,0
1376813786,0,0
1376814390,0,0
1376814994,0,0
1376815597,0,0
1376816201,0,0
1376816806,0,0
1376817409,0,0
1376818014,0,0
1376818618,0,0
1376819222,0,0
1376819826,0,0
1376820430,0,0
1376821033,0,0
1376821637,0,0
1376822241,0,0
1376822845,0,0
1376823448,0,0
1376824052,0,0
1376824238,0,0
1376824843,0,0
1376825447,0,0
1376826051,0,0
1376826654,0,0
1376827258,0,0
1376827868,0,0
1376828471,0,0
1376829075,0,0
1376829680,0,0
1376829890,0,0
1376830494,0,0
1376830555,0,0
1376830831,0,0
1376831436,0,0
1376832039,0,0
1376832649,0,0
