1376208703,11,21
1376208994,11,21
1376209060,11,21
1376209211,10,22
1376209351,10,22
1376209417,10,22
1376209580,11,21
1376209722,11,21
1376209774,11,21
1376209843,13,19
1376209872,14,18
1376210084,14,18
1376210133,13,19
1376210260,13,19
1376210446,13,19
1376210484,13,19
1376210562,12,20
1376210802,12,20
1376210840,12,20
1376211039,12,20
1376211084,12,20
1376211159,12,20
1376211197,12,20
1376211514,12,20
1376211553,11,21
1376211666,12,20
1376211884,12,20
1376211923,12,20
1376211987,11,21
1376212060,11,21
1376212122,11,21
1376212227,11,21
1376212298,14,18
1376212605,14,18
1376212624,14,18
1376212815,14,18
1376212877,13,18
1376212964,14,17
1376212998,13,18
1376213064,14,18
1376213139,14,18
1376213164,15,17
1376213323,15,17
1376213381,14,18
1376213411,14,18
1376213547,14,18
1376213576,15,17
1376213685,14,18
1376213697,14,18
1376213985,14,18
1376214035,14,18
1376214049,14,18
1376214136,14,18
1376214176,15,17
1376214283,15,17
1376214340,15,17
1376214393,15,17
1376214409,15,17
1376214696,15,17
1376214761,15,17
1376214972,16,16
1376215053,14,18
1376215118,13,19
1376215145,12,20
1376215244,12,20
1376215291,11,21
1376215351,11,21
1376215412,11,21
1376215480,12,20
1376215531,11,21
1376215602,11,21
1376215638,12,20
1376215785,12,20
1376215830,12,20
1376216143,12,20
1376216192,12,20
1376216264,11,21
1376216500,11,21
1376216545,11,21
1376216862,11,21
1376216900,11,21
1376217105,11,21
1376217116,9,23
1376217217,8,24
1376217258,7,25
1376217338,8,24
1376217404,7,25
1376217440,8,24
1376217574,8,24
1376217613,8,24
1376217944,8,24
1376217968,8,24
1376218207,8,24
1376218302,8,24
1376218363,11,21
1376218394,10,22
1376218481,10,22
1376218572,11,21
1376218660,11,21
1376218681,11,21
1376218916,10,22
1376219022,10,22
1376219037,10,22
1376219379,10,22
1376219392,10,22
1376219461,9,23
1376219580,10,22
1376219684,10,22
1376219735,10,22
1376219749,10,22
1376219944,10,22
1376220042,10,22
1376220068,10,22
1376220121,9,23
1376220395,9,23
1376220460,9,23
1376220514,8,24
1376220531,7,25
1376220752,7,25
1376220817,7,25
1376221123,7,25
1376221178,6,26
1376221224,4,28
1376221484,4,28
1376221528,5,27
1376221548,6,26
1376221841,6,26
1376221887,6,26
1376222139,5,27
1376222200,5,27
1376222244,5,27
1376222504,5,27
1376222561,5,27
1376222600,5,27
1376222917,6,26
1376222955,6,26
1376223000,6,26
1376223104,7,25
1376223185,7,25
1376223273,7,25
1376223339,6,26
1376223374,7,25
1376223646,7,25
1376223668,7,25
1376223839,6,26
1376224004,6,26
1376224063,5,27
1376224225,3,29
1376224360,3,29
1376224380,3,29
1376224508,3,29
1376224646,3,29
1376224719,3,29
1376224763,5,27
1376224876,3,29
1376224953,3,29
1376225007,3,29
1376225061,4,28
1376225104,4,28
1376225185,5,27
1376225323,4,28
1376225373,5,27
1376225439,5,27
1376225455,5,27
1376225745,4,28
1376225796,4,28
1376225810,4,28
1376225977,3,29
1376226006,2,30
1376226102,2,30
1376226152,2,30
1376226167,2,30
1376226458,2,30
1376226525,2,30
1376226816,2,30
1376226884,0,32
1376226939,0,32
1376226963,0,32
1376227173,0,32
1376227239,0,32
1376227462,1,31
1376227530,1,31
1376227596,0,32
1376227634,0,32
1376227903,0,32
1376227953,0,32
1376228262,0,32
1376228319,0,32
1376228623,0,32
1376228667,0,32
1376228772,1,31
1376228979,1,31
1376229024,1,31
1376229105,0,32
1376229143,0,32
1376229172,0,32
1376229318,0,32
1376229379,0,32
1376229506,0,32
1376229585,0,32
1376229619,0,32
1376229702,0,32
1376229741,0,32
1376229823,0,31
1376229884,1,30
1376229942,0,31
1376230053,0,31
1376230099,0,31
1376230129,1,30
1376230226,0,31
1376230246,0,31
1376230407,1,30
1376230483,2,29
1376230585,1,30
1376230767,1,30
1376230812,1,30
1376230853,0,31
1376231144,0,31
1376231203,0,31
1376231435,1,30
1376231504,1,30
1376231524,1,30
1376231862,1,30
1376231881,1,30
1376231977,1,30
1376232020,2,29
1376232094,2,29
1376232159,3,28
1376232218,3,28
1376232272,4,27
1376232436,5,26
1376232576,6,25
1376232595,6,25
1376232822,7,24
1376232942,7,24
1376232968,6,25
1376233058,8,23
1376233122,8,23
1376233128,8,23
1376233232,8,23
1376233296,7,24
1376233345,6,25
1376233409,7,24
1376233488,6,25
1376233559,5,26
1376233649,5,26
1376233670,5,26
1376234008,5,26
1376234028,5,26
1376234366,5,26
1376234396,4,27
1376234644,3,28
1376234744,3,28
1376234803,3,28
1376234858,3,28
1376234924,4,27
1376234928,5,26
1376235099,6,25
1376235163,6,25
1376235224,4,27
1376235279,4,28
1376235339,6,26
1376235405,7,25
1376235462,8,24
1376235762,9,23
1376235812,9,23
1376235866,8,24
1376235959,9,23
1376236124,9,23
1376236169,10,22
1376236485,10,22
1376236524,10,22
1376236585,10,22
1376236660,12,20
1376236700,13,19
1376236776,12,20
1376236844,12,20
1376236884,12,20
1376237011,12,20
1376237077,13,19
1376237144,13,19
1376237198,13,19
1376237259,13,19
1376237279,14,18
1376237356,13,19
1376237426,13,19
1376237561,14,18
1376237592,14,18
1376237741,15,17
1376237802,13,19
1376237863,13,19
1376238058,18,13
1376238283,16,14
1376238393,13,17
1376238644,13,17
1376238663,13,17
1376238869,14,16
1376238930,16,14
1376239356,16,14
1376239413,17,13
1376239528,16,14
1376239598,16,14
1376239628,16,14
1376239773,17,12
1376239786,18,12
1376240090,18,12
1376240253,18,12
1376240321,18,12
1376240374,18,12
1376240447,16,14
1376240611,16,14
1376240646,17,13
1376240791,15,15
1376240834,15,15
1376240881,16,14
1376240983,16,14
1376241031,18,12
1376241163,18,12
1376241519,18,12
1376241675,18,12
1376241762,20,10
1376241857,20,10
1376241988,19,11
1376242015,18,12
1376242112,18,12
1376242154,19,11
1376242243,19,11
1376242410,17,13
1376242476,19,11
1376242537,20,10
1376242649,18,12
1376242720,18,12
1376242735,17,13
1376242900,17,13
1376242945,17,13
1376242981,16,14
1376243136,15,15
1376243256,15,15
1376243301,15,15
1376243374,13,17
1376243563,12,18
1376243613,12,18
1376243658,12,18
1376243969,12,18
1376244014,12,18
1376244083,11,19
1376244222,10,20
1376244234,10,20
1376244339,11,19
1376244371,13,17
1376244453,11,19
1376244507,10,20
1376244703,9,21
1376244727,9,21
1376244861,8,22
1376244904,9,21
1376244982,8,22
1376245063,8,22
1376245083,8,22
1376245419,7,23
1376245439,7,23
1376245717,6,24
1376245783,6,24
1376245816,5,25
1376245898,5,25
1376245922,6,24
1376246069,3,27
1376246135,3,27
1376246197,3,27
1376246261,3,27
1376246328,4,26
1376246444,5,25
1376246477,6,24
1376246794,5,25
1376246842,5,25
1376246917,3,27
1376247070,2,28
1376247223,2,28
1376247523,3,27
1376247581,2,28
1376247937,2,28
1376248215,2,28
1376248293,2,28
1376248604,2,28
1376248652,0,30
1376248724,1,29
1376248777,0,30
1376248838,0,30
1376249202,0,29
1376249224,0,29
1376249322,0,29
1376249364,0,29
1376249475,0,29
1376249660,0,29
1376249731,0,29
1376250043,0,29
1376250086,0,29
1376250218,0,29
1376250403,0,29
1376250435,0,29
1376250690,0,29
1376250765,1,28
1376250824,0,29
1376250875,0,29
1376250936,1,28
1376250970,2,27
1376251062,0,29
1376251123,2,27
1376251153,1,28
1376251242,1,28
1376251273,2,27
1376251340,2,27
1376251377,3,26
1376251480,4,25
1376251516,4,25
1376251762,3,26
1376251843,3,26
1376251862,3,26
1376252199,3,26
1376252221,3,26
1376252283,2,27
1376252444,2,27
1376252464,0,29
1376252557,0,29
1376252576,0,29
1376252913,0,29
1376252933,0,29
1376253270,0,29
1376253292,0,29
1376253644,0,29
1376253652,0,29
1376254001,0,29
1376254012,0,29
1376254174,0,29
1376254186,0,29
1376254294,0,29
1376254357,0,29
1376254374,0,29
1376254713,0,29
1376254733,0,29
1376254841,1,28
1376254844,0,29
1376255023,0,29
1376255071,0,29
1376255094,0,29
1376255381,2,27
1376255432,2,27
1376255455,2,27
1376255738,2,27
1376255793,2,27
1376255815,2,27
1376256094,2,27
1376256160,2,27
1376256180,2,27
1376256450,2,27
1376256515,2,27
1376256537,2,27
1376256805,2,27
1376256875,2,27
1376256898,2,27
1376257064,2,27
1376257072,3,26
1376257182,3,26
1376257236,3,26
1376257259,3,26
1376257543,3,26
1376257601,3,26
1376257620,4,25
1376257693,5,24
1376257900,5,24
1376257958,5,24
1376257980,5,24
1376258142,2,27
1376258170,2,27
1376258256,2,27
1376258318,2,27
1376258341,2,27
1376258613,2,27
1376258679,2,27
1376258701,2,27
1376258969,2,27
1376259040,0,29
1376259062,0,29
1376259343,0,29
1376259400,0,29
1376259422,0,29
1376259701,0,29
1376259763,0,29
1376259821,1,28
1376259833,2,27
1376260058,2,27
1376260124,2,27
1376260160,2,27
1376260414,2,27
1376260481,2,27
1376260523,1,28
1376260642,0,29
1376260770,0,29
1376260842,0,29
1376260868,0,29
1376260961,2,27
1376261021,3,26
1376261082,1,28
1376261141,1,28
1376261198,3,26
1376261262,8,21
1376261322,10,19
1376261438,13,16
1376261493,14,15
1376261562,14,15
1376261619,18,11
1376261683,18,11
1376261719,21,8
1376261794,21,9
1376261859,22,8
1376261921,23,7
1376261976,23,6
1376262026,23,6
1376262086,23,6
1376262151,23,6
1376262195,23,6
1376262264,23,6
1376262314,23,6
1376262401,23,6
1376262456,24,5
1376262508,24,5
1376262551,24,5
1376262625,24,5
1376262674,24,5
1376262883,24,5
1376262908,24,5
1376262985,23,6
1376263057,24,5
1376263243,24,5
1376263264,24,5
1376263347,23,6
1376263418,24,5
1376263601,24,5
1376263620,24,5
1376263707,24,5
1376263755,24,5
1376263957,24,5
1376263977,24,5
1376264068,24,5
1376264121,24,6
1376264314,24,6
1376264334,24,6
1376264428,24,6
1376264478,24,6
1376264670,24,6
1376264690,24,6
1376264788,24,6
1376264838,24,6
1376265026,24,6
1376265046,24,6
1376265149,24,6
1376265198,24,6
1376265309,25,5
1376265403,25,5
1376265462,24,6
1376265510,25,5
1376265559,25,5
1376265761,25,5
1376265870,25,5
1376265920,25,5
1376266117,25,5
1376266232,25,5
1376266281,25,5
1376266473,25,5
1376266603,26,4
1376266641,26,4
1376266784,25,5
1376266829,25,5
1376266954,25,5
1376267003,25,5
1376267141,25,5
1376267186,25,5
1376267314,25,5
1376267362,25,5
1376267498,25,5
1376267543,25,5
1376267675,25,5
1376267724,25,5
1376267855,25,5
1376267899,25,5
1376268035,25,5
1376268084,25,5
1376268211,25,5
1376268256,25,5
1376268396,25,5
1376268445,25,5
1376268568,25,5
1376268613,25,5
1376268756,25,5
1376268806,25,5
1376268926,25,5
1376268970,25,5
1376269117,25,5
1376269167,25,5
1376269303,25,5
1376269328,25,5
1376269478,25,5
1376269527,25,5
1376269663,25,5
1376269685,25,5
1376269839,25,5
1376269887,25,5
1376270021,25,5
1376270042,25,5
1376270200,25,5
1376270249,25,5
1376270378,25,5
1376270398,25,5
1376270560,25,5
1376270609,25,5
1376270735,25,5
1376270754,25,5
1376270922,25,5
1376270971,25,5
1376271091,25,5
1376271112,25,5
1376271282,25,5
1376271331,25,5
1376271448,25,5
1376271468,25,5
1376271643,25,5
1376271692,25,5
1376271823,25,5
1376271825,25,5
1376272098,25,6
1376272182,25,6
1376272422,25,6
1376272538,25,6
1376272782,25,6
1376272895,25,6
1376273142,25,6
1376273252,25,6
1376273503,25,6
1376273563,25,6
1376273608,25,6
1376273864,25,6
1376273920,25,6
1376273964,25,6
1376274224,25,6
1376274276,25,6
1376274322,25,6
1376274563,25,6
1376274633,25,6
1376274678,25,6
1376274924,25,6
1376274989,25,6
1376275035,25,6
1376275285,25,6
1376275346,25,6
1376275391,25,6
1376275645,25,6
1376275722,25,6
1376275747,25,6
1376276006,25,6
1376276083,25,6
1376276104,25,6
1376276367,25,6
1376276440,25,6
1376276460,25,6
1376276727,25,6
1376276796,25,6
1376276816,25,6
1376277089,25,6
1376277153,25,6
1376277173,25,6
1376277464,25,6
1376277509,25,6
1376277530,25,6
1376277820,25,6
1376277867,25,6
1376277886,25,6
1376278177,25,6
1376278243,25,6
1376278537,25,6
1376278600,25,6
1376278898,25,6
1376278957,25,6
1376279262,25,6
1376279313,25,6
1376279623,25,6
1376279670,25,6
1376279982,25,6
1376280026,25,6
1376280343,25,6
1376280383,25,6
1376280703,25,6
1376280739,25,6
1376281063,25,6
1376281095,25,6
1376281417,25,6
1376281451,25,6
1376281783,25,6
1376281807,25,6
1376282143,25,6
1376282164,25,6
1376282208,24,7
1376282501,24,7
1376282522,24,7
1376282860,24,7
1376282882,24,7
1376283220,23,8
1376283243,23,8
1376283582,23,8
1376283604,23,8
1376283942,23,8
1376283964,23,8
1376284303,23,8
1376284325,23,8
1376284664,23,8
1376284687,23,8
1376285024,23,8
1376285047,23,8
1376285381,23,8
1376285408,23,8
1376285742,23,8
1376285769,23,8
1376286043,23,8
1376286104,22,9
1376286130,22,9
1376286400,22,9
1376286464,22,9
1376286490,22,9
1376286532,23,8
1376286755,23,8
1376286824,23,8
1376286851,23,8
1376287111,23,8
1376287184,23,8
1376287212,23,8
1376287410,22,9
1376287468,23,8
1376287523,23,8
1376287572,23,8
1376287719,23,7
1376287773,24,6
1376287844,24,6
1376287883,23,7
1376287933,23,7
1376288202,23,7
1376288245,23,7
1376288294,23,7
1376288563,23,7
1376288605,23,7
1376288655,23,7
1376288720,22,8
1376288919,22,8
1376288966,22,8
1376289014,22,8
1376289214,22,8
1376289277,23,7
1376289341,23,7
1376289375,24,6
1376289425,25,5
1376289633,25,5
1376289687,25,5
1376289736,25,5
1376289990,25,5
1376290048,25,5
1376290097,25,5
1376290285,25,5
1376290358,24,6
1376290408,24,6
1376290459,24,6
1376290488,25,5
1376290568,24,6
1376290651,25,5
1376290723,25,5
1376290768,25,5
1376290817,25,5
1376290963,26,4
1376291020,27,3
1376291080,28,3
1376291129,28,3
1376291178,28,3
1376291436,27,4
1376291489,27,4
1376291539,27,4
1376291791,27,4
1376291849,27,4
1376291898,27,4
1376292103,27,4
1376292148,27,4
1376292210,28,3
1376292259,28,3
1376292460,28,3
1376292505,28,3
1376292583,27,4
1376292619,28,3
1376292817,28,3
1376292862,28,3
1376292944,28,3
1376293020,28,3
1376293218,28,3
1376293290,27,4
1376293339,27,4
1376293531,27,4
1376293575,27,4
1376293650,27,4
1376293699,27,4
1376293888,27,4
1376293933,27,4
1376294010,27,4
1376294060,27,4
1376294153,28,3
1376294263,28,3
1376294289,28,3
1376294370,28,3
1376294419,28,3
1376294621,28,3
1376294731,28,3
1376294780,28,3
1376295001,27,4
1376295090,27,4
1376295139,27,4
1376295268,26,5
1376295338,26,5
1376295357,26,5
1376295450,26,5
1376295499,26,5
1376295694,24,7
1376295714,24,7
1376295810,24,7
1376295858,24,7
1376296050,24,7
1376296071,24,7
1376296219,25,6
1376296407,25,6
1376296528,25,6
1376296577,25,6
1376296783,25,6
1376296889,25,6
1376296938,25,6
1376297140,25,6
1376297249,25,6
1376297298,25,6
1376297497,25,6
1376297608,25,6
1376297657,25,6
1376297854,25,6
1376298018,25,6
1376298211,25,6
1376298328,25,6
1376298377,25,6
1376298523,25,6
1376298568,25,6
1376298698,26,5
1376298755,26,5
1376298794,27,4
1376298880,27,4
1376298924,27,4
1376299097,27,4
1376299235,27,4
1376299280,27,4
1376299409,27,4
1376299458,26,5
1376299636,25,6
1376299769,25,6
1376299818,25,6
1376299992,25,6
1376300129,25,6
1376300201,25,6
1376300283,28,5
1376300365,30,3
1376300499,30,3
1376300555,31,2
1376300886,29,4
1376300941,30,3
1376301545,30,3
1376302099,30,3
1376302446,29,4
1376302494,28,5
1376302836,28,5
1376302893,28,5
1376302936,28,5
1376303019,28,5
1376303067,28,5
1376303672,28,5
1376303841,29,4
1376303960,30,3
1376304523,30,3
1376304534,31,2
1376304697,31,2
1376305026,30,3
1376305630,30,3
1376306227,31,2
1376306509,30,3
1376307131,31,2
1376307502,30,3
1376307567,29,4
1376307664,28,5
1376307752,28,5
1376307822,28,5
1376307882,28,5
1376307944,30,3
1376307989,29,4
1376308016,30,3
1376308092,30,3
1376308139,31,2
1376308743,31,2
1376309347,31,2
1376309951,31,2
1376310151,30,3
1376310175,30,3
1376310606,31,2
1376311233,32,1
1376311302,32,0
1376311360,33,0
1376312015,31,2
1376312619,31,2
1376312849,32,1
1376313244,32,1
1376313344,31,2
1376313884,32,1
1376314319,31,2
1376314434,29,4
1376314664,29,4
1376314709,28,5
1376314764,28,5
1376314818,30,3
1376314860,31,2
1376315061,30,3
1376315357,29,4
1376315429,29,4
1376315538,29,4
1376315575,30,3
1376315845,30,3
1376316240,31,2
1376316721,31,2
1376316911,30,3
1376317109,29,4
1376317242,29,4
1376317272,30,3
1376317465,31,2
1376317566,32,1
1376317618,33,0
1376317801,31,2
1376318405,31,2
1376318674,30,3
1376319283,29,4
1376319526,29,4
1376319638,30,3
1376319763,31,2
1376319848,31,2
1376319918,32,1
1376320013,31,2
1376320194,30,3
1376320798,30,3
1376321025,30,3
1376321033,31,2
1376321436,30,3
1376321494,30,3
1376321580,33,0
1376322184,33,0
1376322389,32,1
1376322564,33,0
1376322916,32,1
1376323054,31,2
1376323152,30,3
1376323249,29,4
1376323663,29,4
1376323671,30,3
1376323842,30,3
1376323865,28,5
1376324076,28,5
1376324089,29,4
1376324176,30,3
1376324392,29,4
1376324599,30,3
1376324690,29,4
1376324924,28,5
1376324975,29,4
1376325014,30,3
1376325158,30,3
1376325179,30,3
1376325251,32,1
1376325371,31,2
1376325456,31,2
1376325532,32,1
1376325708,31,2
1376325810,30,3
1376325876,29,4
1376325981,28,5
1376326289,27,6
1376326320,29,4
1376326512,28,5
1376326603,27,6
1376326624,27,6
1376326901,27,5
1376326954,28,4
1376326988,27,5
1376327111,26,6
1376327160,25,7
1376327240,26,6
1376327844,26,7
1376328436,25,8
1376328536,24,9
1376328697,23,10
1376329106,24,9
1376329462,25,8
1376329534,26,7
1376329698,23,10
1376329782,23,10
1376330264,24,9
1376330382,25,8
1376330503,24,9
1376330551,23,10
1376330782,24,9
1376331224,23,10
1376331283,23,10
1376331368,22,11
1376331602,21,12
1376331761,22,11
1376332078,21,12
1376332275,19,14
1376332878,19,14
1376333203,19,14
1376333206,20,13
1376333799,19,14
1376334404,19,14
1376334626,18,15
1376335108,16,17
1376335453,17,16
1376335859,19,14
1376336018,19,14
1376336061,20,13
1376336130,21,12
1376336273,20,13
1376336383,21,12
1376336386,22,11
1376336519,23,10
1376336768,22,11
1376336839,22,11
1376336899,20,13
1376337504,20,13
1376338108,20,13
1376338179,20,13
1376338188,21,12
1376338304,20,13
1376338321,19,14
1376338925,19,14
1376339529,19,14
1376340133,19,14
1376340312,20,13
1376340516,19,14
1376340581,19,14
1376341164,18,15
1376341747,17,16
1376342336,16,17
1376342613,16,17
1376342668,17,16
1376342725,18,15
1376343329,18,15
1376343687,17,16
1376343994,18,15
1376344302,17,16
1376344305,16,17
1376344860,17,16
1376345212,16,17
1376345816,16,17
1376346153,16,16
1376346175,15,17
1376346780,15,17
1376347383,15,17
1376347987,15,17
1376348382,14,18
1376348985,14,18
1376349158,15,17
1376349762,15,17
1376350285,14,18
1376350888,14,18
1376351058,13,19
1376351663,13,19
1376352102,13,19
1376352105,12,20
1376352580,13,19
1376352588,14,18
1376352979,13,19
1376353397,12,20
1376354001,12,20
1376354605,12,20
1376355209,12,20
1376355812,12,20
1376356416,12,20
1376357020,12,20
1376357623,12,20
1376358227,12,20
1376358503,12,20
1376359108,12,20
1376359711,12,20
1376360315,12,20
1376360918,12,20
1376361522,12,20
1376362126,12,20
1376362730,12,20
1376363334,12,20
1376363937,12,20
1376364541,12,20
1376364732,11,21
1376365336,11,21
1376365941,11,21
1376366545,11,21
1376367149,11,21
1376367752,11,21
1376368356,11,21
1376368960,11,21
1376369564,11,21
1376369863,11,21
1376369866,12,20
1376370523,11,21
1376371127,11,21
1376371730,11,21
1376372334,11,21
1376372938,11,21
1376373542,11,21
1376373759,11,21
1376373768,12,20
1376373880,12,20
1376373887,13,19
1376373956,12,20
1376374285,13,19
1376374655,13,19
1376374690,14,18
1376374728,13,19
1376374982,13,19
1376375364,12,20
1376375439,11,21
1376375657,12,20
1376375861,12,20
1376375886,14,18
1376376200,14,18
1376376276,14,18
1376376488,13,19
1376376673,14,18
1376377060,15,17
1376377105,17,15
1376377421,16,16
1376378025,16,16
1376378643,15,17
1376379247,15,17
1376379680,14,18
1376380060,16,16
1376380664,16,16
1376380963,18,14
1376381509,17,15
1376381669,16,16
1376382024,17,15
1376382065,15,17
1376382669,15,17
1376382810,15,17
1376383122,14,18
1376383131,14,18
1376383336,14,18
1376383409,14,18
1376383451,15,17
1376383543,17,15
1376384146,17,15
1376384419,16,16
1376384562,17,15
1376384733,16,16
1376385203,16,16
1376385233,17,15
1376385292,18,14
1376385588,17,15
1376386192,17,15
1376386796,17,15
1376386984,16,16
1376387588,16,16
1376387716,17,15
1376387937,16,16
1376388284,15,17
1376388329,15,17
1376388398,14,17
1376388452,15,17
1376388581,14,18
1376388988,13,19
1376389054,12,20
1376389297,9,23
1376389361,9,23
1376389413,9,23
1376389476,7,25
1376389512,8,24
1376389659,7,25
1376389781,7,25
1376390179,6,26
1376390273,5,27
1376390426,6,26
1376390501,5,27
1376390820,6,26
1376391083,8,24
1376391338,8,24
1376391389,8,24
1376391462,7,25
1376391508,7,25
1376392113,7,25
1376392295,7,25
1376392359,6,26
1376392403,8,24
1376392768,7,25
1376392831,5,27
1376392898,6,26
1376393172,6,26
1376393291,6,26
1376393339,7,25
1376393943,7,25
1376394216,8,24
1376394303,8,24
1376394440,8,24
1376394515,7,25
1376394558,6,26
1376394617,6,26
1376394651,7,25
1376395029,7,25
1376395179,8,24
1376395413,8,24
1376395482,7,25
1376395494,7,25
1376395842,7,25
1376395860,8,24
1376395925,9,23
1376396531,9,23
1376396599,8,24
1376396643,9,23
1376396724,10,22
1376396785,10,22
1376396812,10,22
1376396908,10,22
1376397034,10,22
1376397088,10,22
1376397143,10,22
1376397209,10,22
1376397284,10,22
1376397324,10,22
1376397350,10,22
1376397439,11,21
1376397876,11,21
1376397940,12,20
1376398016,11,21
1376398303,10,22
1376398560,11,21
1376398624,12,20
1376398724,13,19
1376398777,11,21
1376398821,11,21
1376399024,12,20
1376399139,12,20
1376399148,13,19
1376399552,14,18
1376399584,15,17
1376399923,14,18
1376400159,14,18
1376400168,15,17
1376400463,15,17
1376400477,13,19
1376400767,12,20
1376400849,11,21
1376401227,10,22
1376401303,11,21
1376401949,10,22
1376402553,10,22
1376402743,10,22
1376402759,11,21
1376402982,11,21
1376403179,11,21
1376403229,12,20
1376403365,14,18
1376403820,14,18
1376403883,15,17
1376403927,14,17
1376404012,14,17
1376404116,14,18
1376404324,15,17
1376404394,16,16
1376404477,15,17
1376404510,15,17
1376404653,15,17
1376404678,15,17
1376404770,15,17
1376404839,13,19
1376404881,12,20
1376404957,12,20
1376405034,13,19
1376405614,14,18
1376405694,13,19
1376405841,12,20
1376405892,12,20
1376405960,12,20
1376406272,11,21
1376406457,11,21
1376406515,11,21
1376406567,12,20
1376406626,13,19
1376406698,14,18
1376406738,15,17
1376407063,15,17
1376407066,14,18
1376407670,14,18
1376408260,13,19
1376408487,12,20
1376408561,12,20
1376408569,13,19
1376409139,12,20
1376409457,12,20
1376409503,12,20
1376409641,11,21
1376409644,12,20
1376409720,12,20
1376409824,14,18
1376410097,15,17
1376410213,16,16
1376410400,17,15
1376410466,17,15
1376410741,17,15
1376410841,17,15
1376410903,19,13
1376410963,20,12
1376410965,19,13
1376411081,21,11
1376411263,22,10
1376411299,22,10
1376411332,23,9
1376411440,23,9
1376411452,24,8
1376411562,24,8
1376411564,25,7
1376411637,25,7
1376411717,25,7
1376411800,25,7
1376411862,25,7
1376411878,26,6
1376412005,24,8
1376412052,23,9
1376412152,23,9
1376412188,24,8
1376412280,23,9
1376412762,22,10
1376412908,21,11
1376413001,21,11
1376413013,22,10
1376413219,23,9
1376413448,24,8
1376413567,25,7
1376413685,26,6
1376414098,24,8
1376414586,23,9
1376414634,22,10
1376414740,21,11
1376414829,20,12
1376414974,21,11
1376415043,23,9
1376415060,24,8
1376415118,24,8
1376415221,23,9
1376415284,22,10
1376415310,23,9
1376415376,23,9
1376415430,23,8
1376415482,23,8
1376415557,24,7
1376415852,25,7
1376415942,25,7
1376415945,26,6
1376416171,25,7
1376416240,26,6
1376416291,28,4
1376416543,26,6
1376416656,27,5
1376416683,26,6
1376416782,26,6
1376416785,27,5
1376416934,28,4
1376417203,29,3
1376417562,28,4
1376418165,28,4
1376418234,27,5
1376418329,26,6
1376418419,25,7
1376418537,24,8
1376419107,24,8
1376419134,22,10
1376419196,21,11
1376419541,20,12
1376419640,21,11
1376419778,20,12
1376419899,19,13
1376419949,18,14
1376420372,19,13
1376420737,18,14
1376421002,19,13
1376421052,18,14
1376421644,17,15
1376421859,18,14
1376422260,17,15
1376422864,17,15
1376422993,18,14
1376423046,19,13
1376423650,19,13
1376423922,20,12
1376424103,18,14
1376424220,18,14
1376424328,20,12
1376424360,21,11
1376424881,20,12
1376424969,18,14
1376425062,17,15
1376425107,16,16
1376425151,16,16
1376425239,16,16
1376425305,19,13
1376425909,19,13
1376426035,20,12
1376426263,21,11
1376426557,19,13
1376426597,18,14
1376426739,18,14
1376426859,20,12
1376426886,21,11
1376426939,22,10
1376427543,22,10
1376428147,22,10
1376428751,22,10
1376429355,22,10
1376429958,22,10
1376430090,21,11
1376430694,21,11
1376430783,20,12
1376431386,20,12
1376431595,19,13
1376431607,18,14
1376432009,19,13
1376432144,20,12
1376432152,21,11
1376432756,21,11
1376433098,22,10
1376433702,22,10
1376434306,22,10
1376434910,22,10
1376435514,22,10
1376436042,22,10
1376436080,25,7
1376436685,25,7
1376436788,26,6
1376437294,24,8
1376437575,23,9
1376438179,23,9
1376438783,23,9
1376439387,23,9
1376439991,23,9
1376440594,23,9
1376441199,23,9
1376441803,23,9
1376442406,23,9
1376443010,23,9
1376443146,22,10
1376443751,22,10
1376443836,22,9
1376443851,23,8
1376444455,23,9
1376444893,23,9
1376445503,23,9
1376446107,23,9
1376446710,23,9
1376447314,23,9
1376447918,23,9
1376448522,23,9
1376449125,23,9
1376449729,23,9
1376450333,23,9
1376450982,23,9
1376450984,22,10
1376451264,22,10
1376451299,23,9
1376451903,23,9
1376452507,23,9
1376453110,23,9
1376453715,23,9
1376454319,23,9
1376454922,23,9
1376455526,23,9
1376456130,23,9
1376456734,23,9
1376457337,23,9
1376457571,24,7
1376458040,23,8
1376458455,22,9
1376459059,22,10
1376459172,20,12
1376459710,21,11
1376460314,21,11
1376460918,21,11
1376461328,20,12
1376461641,21,11
1376461890,20,12
1376462071,21,11
1376462315,21,11
1376462444,21,11
1376462477,22,10
1376462528,23,9
1376462727,24,8
1376463035,24,7
1376463094,25,6
1376463456,24,7
1376463807,23,8
1376463908,22,9
1376464512,22,10
1376465076,21,11
1376465149,21,11
1376465255,23,10
1376465359,22,11
1376465502,21,12
1376465534,21,12
1376465802,21,12
1376465805,22,11
1376466030,23,10
1376466152,24,9
1376466402,23,10
1376466404,22,11
1376466701,21,12
1376467306,21,12
1376467909,21,12
1376468513,21,12
1376469117,21,12
1376469721,21,12
1376469985,20,13
1376470156,21,12
1376470528,20,13
1376471020,19,14
1376471477,18,15
1376472081,18,15
1376472704,19,14
1376473308,19,14
1376473473,20,13
1376473865,21,12
1376474107,20,13
1376474323,20,13
1376474431,20,13
1376474463,21,12
1376474547,20,13
1376474578,21,12
1376474649,20,13
1376474924,19,14
1376474945,19,14
1376475037,20,13
1376475451,21,12
1376475637,22,11
1376475746,21,12
1376476108,22,11
1376476283,23,10
1376476776,22,11
1376476939,20,13
1376477134,20,12
1376477175,21,11
1376477221,20,12
1376477826,20,13
1376477960,19,14
1376478222,20,13
1376478247,21,12
1376478851,19,14
1376478968,20,13
1376479053,21,12
1376479657,21,12
1376479892,20,13
1376480129,21,12
1376480162,22,11
1376480668,23,10
1376480755,23,10
1376480960,24,9
1376481484,22,11
1376481553,22,11
1376481645,22,10
1376481692,22,11
1376481732,22,11
1376481817,22,11
1376481829,23,10
1376482432,23,10
1376482628,22,11
1376483083,22,11
1376483093,23,10
1376483191,21,12
1376483247,22,11
1376483293,22,11
1376483374,22,11
1376483403,23,10
1376483924,22,11
1376484125,21,12
1376484207,19,14
1376484238,18,15
1376484286,18,15
1376484386,19,14
1376484449,20,13
1376484760,21,12
1376485210,22,11
1376485300,23,10
1376485328,22,11
1376485932,22,11
1376486227,21,12
1376486410,22,11
1376486967,23,10
1376487032,22,11
1376487150,22,11
1376487262,22,11
1376487303,23,10
1376487566,25,8
1376487642,26,7
1376487906,24,9
1376488022,24,9
1376488118,24,9
1376488151,24,9
1376488243,24,9
1376488300,25,8
1376488324,24,9
1376488589,23,10
1376488653,23,10
1376488722,24,9
1376488776,25,8
1376488815,26,7
1376489419,26,7
1376489530,28,5
1376489914,29,4
1376489980,27,6
1376490010,27,6
1376490240,26,7
1376490412,25,8
1376490484,24,9
1376490769,23,10
1376491078,22,11
1376491243,21,12
1376491599,22,11
1376491616,23,10
1376492011,22,11
1376492287,21,12
1376492559,22,11
1376492582,23,10
1376492681,23,10
1376492800,23,10
1376492820,25,8
1376492931,25,8
1376493040,25,8
1376493080,25,8
1376493194,25,8
1376493233,26,7
1376493310,26,7
1376493457,27,6
1376493721,28,5
1376493883,29,4
1376493944,29,4
1376493966,28,5
1376494365,28,5
1376494466,28,5
1376494526,30,3
1376494660,31,2
1376494671,32,1
1376494976,31,2
1376495254,30,3
1376495277,29,4
1376495340,28,5
1376495829,29,4
1376495895,30,3
1376496092,31,2
1376496109,31,2
1376496219,31,2
1376496343,31,2
1376496441,30,3
1376496521,29,3
1376496559,30,2
1376496679,31,1
1376496760,30,2
1376496768,31,1
1376497002,30,2
1376497011,31,1
1376497615,31,2
1376497721,30,3
1376497752,31,2
1376497958,31,2
1376498250,30,3
1376498367,31,2
1376498581,30,3
1376498679,29,4
1376498861,29,4
1376498893,29,4
1376498940,29,4
1376499091,30,3
1376499695,30,3
1376499797,29,4
1376499884,28,5
1376499895,29,4
1376499988,27,6
1376500420,26,7
1376500594,27,6
1376500724,26,7
1376500747,23,10
1376500912,22,11
1376501202,23,10
1376501234,24,9
1376501333,23,10
1376501741,22,11
1376501856,22,11
1376501909,23,10
1376502517,25,8
1376502696,24,9
1376502717,24,9
1376502912,25,8
1376503036,26,7
1376503099,22,11
1376503174,20,13
1376503289,21,12
1376503321,20,13
1376503522,18,15
1376503862,17,16
1376504388,16,17
1376504536,15,18
1376504616,12,21
1376505158,11,22
1376505312,10,23
1376505393,9,24
1376505589,8,25
1376505694,6,27
1376505816,9,24
1376505943,9,24
1376505946,8,25
1376506326,7,26
1376506497,6,27
1376506594,5,28
1376506633,6,27
1376506891,7,26
1376506958,6,27
1376507010,5,28
1376507136,3,30
1376507209,2,31
1376507419,1,32
1376507501,1,32
1376507537,0,33
1376507607,1,32
1376507662,1,32
1376507708,0,33
1376507804,0,33
1376507829,2,31
1376507868,3,30
1376507975,0,32
1376508025,0,32
1376508046,0,32
1376508276,0,33
1376508390,3,30
1376508433,2,31
1376508598,1,32
1376508861,1,32
1376508941,0,33
1376508980,0,33
1376509124,0,33
1376509160,0,33
1376509611,0,33
1376509903,2,31
1376509955,0,33
1376509997,0,33
1376510078,1,32
1376510110,2,31
1376510212,1,32
1376510361,2,31
1376510602,2,31
1376510632,1,32
1376510697,1,32
1376510790,1,32
1376510846,1,32
1376510880,2,31
1376510985,3,30
1376511023,4,29
1376511251,3,30
1376511295,2,31
1376511520,3,30
1376511577,2,31
1376511734,3,30
1376511907,2,31
1376512496,0,33
1376513106,0,33
1376513635,0,33
1376513693,0,33
1376513922,0,33
1376513926,1,32
1376514121,0,33
1376514725,0,33
1376514810,1,32
1376515119,1,32
1376515131,2,31
1376515735,2,31
1376516311,3,30
1376516332,4,29
1376516936,4,29
1376517035,4,29
1376517064,5,28
1376517333,5,28
1376517350,5,28
1376517441,6,27
1376517505,8,25
1376517556,8,25
1376517631,9,24
1376517688,10,23
1376517764,11,22
1376517824,20,12
1376517883,22,10
1376517938,24,8
1376518039,26,6
1376518123,26,6
1376518182,26,6
1376518297,26,6
1376518355,27,5
1376518399,28,4
1376518478,30,2
1376518514,30,2
1376519118,31,1
1376519176,32,0
1376519443,32,0
1376519446,31,1
1376519684,32,0
1376520283,31,1
1376520887,31,2
1376521283,30,2
1376521355,30,3
1376521391,30,3
1376521534,30,3
1376521567,31,2
1376521902,31,2
1376522013,31,2
1376522617,31,2
1376523221,31,2
1376523296,32,1
1376523578,32,1
1376523689,32,1
1376524121,32,1
1376524156,32,1
1376524244,32,1
1376524261,32,1
1376524866,32,1
1376524955,32,1
1376525559,32,1
1376525857,32,1
1376525978,32,1
1376526582,32,1
1376527186,32,1
1376527303,28,5
1376527940,27,5
1376528544,27,5
1376529148,27,5
1376529752,27,5
1376530356,27,5
1376530955,27,5
1376530965,27,5
1376531052,27,5
1376531385,27,5
1376531988,27,5
1376532592,27,5
1376533196,27,5
1376533800,27,5
1376534403,27,5
1376535007,27,5
1376535611,27,5
1376536061,27,6
1376536321,26,7
1376536374,27,6
1376536626,27,6
1376536773,27,6
1376537083,27,6
1376537114,27,6
1376537200,27,6
1376537248,27,6
1376537320,27,6
1376537360,27,6
1376537456,27,6
1376537541,27,6
1376537715,27,6
1376537796,27,6
1376538400,27,6
1376538761,27,6
1376538822,27,6
1376538844,27,6
1376538942,27,6
1376538985,27,6
1376539029,27,6
1376539121,27,6
1376539236,27,6
1376539284,27,6
1376539888,27,6
1376540021,28,5
1376540373,29,4
1376540977,29,4
1376541581,29,4
1376542088,30,3
1376542692,30,3
1376543296,30,3
1376543900,30,3
1376544503,30,3
1376544728,29,4
1376545333,29,4
1376545937,29,4
1376546441,29,4
1376546450,30,3
1376547054,30,3
1376547657,30,3
1376548261,30,3
1376548865,30,3
1376549088,29,4
1376549691,29,4
1376550295,29,4
1376550762,29,4
1376550764,28,5
1376551368,28,5
1376551458,28,5
1376551541,29,4
1376552145,29,4
1376552749,29,4
1376553353,29,4
1376553880,30,3
1376554484,30,3
1376554579,31,2
1376554911,30,3
1376555010,31,2
1376555440,32,1
1376555741,32,1
1376555744,31,2
1376555809,30,3
1376555876,29,4
1376556088,29,4
1376556692,29,4
1376556953,28,5
1376557557,28,5
1376558166,28,5
1376558581,27,6
1376558683,27,6
1376558727,27,6
1376558861,28,5
1376558905,28,5
1376559042,29,4
1376559068,30,3
1376559280,30,3
1376559287,31,2
1376559565,30,3
1376560170,30,3
1376560774,30,3
1376561254,30,3
1376561319,30,3
1376561404,31,2
1376561531,31,2
1376561569,32,1
1376561908,31,2
1376562464,31,2
1376562469,30,3
1376562846,29,4
1376563450,29,4
1376563505,28,5
1376564109,28,5
1376564230,27,6
1376564834,27,6
1376564920,26,7
1376564954,27,6
1376565253,29,4
1376565857,29,4
1376565977,28,5
1376566050,27,6
1376566540,26,7
1376566660,25,8
1376566934,26,7
1376566970,25,8
1376567575,25,8
1376567724,24,9
1376567758,22,11
1376568160,20,13
1376568455,24,9
1376568471,23,10
1376568700,24,9
1376568749,24,9
1376568875,24,9
1376568908,25,8
1376569512,25,8
1376570078,25,8
1376570143,24,8
1376570195,23,10
1376570263,25,8
1376570305,24,9
1376570631,23,10
1376570740,22,11
1376570781,21,12
1376570860,20,13
1376570939,21,12
1376571414,22,11
1376571515,21,12
1376571937,19,14
1376572175,20,13
1376572278,21,12
1376572336,21,12
1376572372,22,11
1376572890,21,12
1376572955,18,15
1376573002,16,17
1376573053,16,17
1376573132,16,17
1376573181,17,16
1376573217,17,16
1376573302,18,15
1376573733,19,14
1376574337,19,14
1376574403,18,15
1376574635,19,14
1376574686,20,13
1376574755,20,13
1376574822,21,12
1376574860,22,11
1376574907,21,12
1376574994,21,12
1376575042,22,11
1376575098,23,10
1376575144,22,11
1376575747,22,11
1376576233,21,12
1376576440,20,13
1376576480,20,13
1376576511,21,12
1376576751,20,13
1376576863,19,14
1376576866,18,15
1376577160,19,14
1376577198,19,14
1376577240,20,13
1376577425,17,16
1376577558,16,17
1376577701,18,15
1376577760,20,13
1376577813,21,12
1376577989,20,13
1376578175,21,12
1376578375,22,11
1376578541,22,11
1376578595,24,9
1376578659,24,9
1376578714,24,9
1376578765,25,8
1376579370,25,8
1376579553,26,7
1376579665,25,8
1376579858,26,7
1376580151,25,8
1376580335,27,6
1376580461,27,6
1376581068,26,7
1376581147,27,6
1376581324,28,5
1376581928,28,5
1376582003,28,5
1376582084,28,5
1376582131,28,5
1376582188,28,5
1376582259,28,5
1376582279,29,4
1376582503,29,4
1376582505,28,5
1376582622,27,6
1376582660,28,5
1376582922,28,5
1376582975,27,6
1376583003,27,6
1376583162,28,5
1376583178,28,5
1376583258,28,5
1376583342,28,5
1376583463,28,5
1376583506,29,4
1376583553,29,4
1376583687,30,3
1376583733,29,4
1376584280,30,3
1376584346,29,4
1376584601,30,3
1376584610,31,2
1376584956,28,5
1376584993,27,6
1376585070,26,7
1376585156,25,8
1376585704,23,10
1376585847,24,9
1376586024,23,10
1376586060,24,9
1376586157,25,8
1376586198,26,7
1376586393,26,7
1376586426,25,8
1376586777,24,9
1376586932,25,8
1376586959,24,9
1376587110,25,8
1376587174,24,9
1376587234,24,9
1376587257,24,9
1376587361,24,9
1376587422,22,11
1376587636,21,12
1376587741,22,11
1376587839,22,11
1376587848,23,10
1376588372,25,8
1376588434,23,10
1376588608,23,10
1376588677,24,9
1376588716,23,10
1376588955,22,11
1376589041,22,11
1376589044,21,12
1376589128,19,14
1376589276,18,15
1376589600,16,17
1376589697,15,18
1376589819,14,19
1376590239,12,21
1376590401,13,20
1376590497,12,21
1376590663,11,21
1376590692,10,22
1376590767,10,22
1376590827,11,22
1376590881,10,23
1376591013,9,24
1376591047,8,25
1376591110,7,26
1376591204,7,26
1376591207,8,25
1376591356,8,25
1376591488,7,26
1376591582,8,25
1376591741,7,26
1376591767,5,28
1376591838,2,31
1376591883,2,31
1376591979,1,32
1376592020,2,31
1376592447,1,32
1376592874,1,32
1376592996,1,32
1376593063,1,32
1376593079,1,32
1376593181,1,32
1376593215,1,32
1376593818,1,32
1376594129,1,32
1376594258,1,32
1376594298,2,31
1376594397,1,32
1376594707,1,32
1376595101,1,32
1376595520,1,32
1376595576,1,32
1376595995,1,32
1376596063,2,31
1376596099,2,31
1376596267,1,32
1376596695,1,32
1376596963,1,32
1376597007,2,31
1376597174,2,31
1376597263,2,31
1376597312,1,32
1376597373,1,32
1376597395,1,32
1376597489,2,31
1376597590,3,30
1376598082,1,32
1376598343,2,31
1376598568,3,30
1376598681,4,29
1376598819,3,30
1376599062,4,29
1376599183,4,29
1376599198,2,31
1376599300,2,31
1376599363,2,31
1376599445,2,31
1376599581,2,31
1376599651,2,31
1376599719,4,28
1376599776,6,26
1376599845,4,27
1376599876,4,27
1376599941,4,27
1376600017,5,26
1376600080,6,25
1376600091,7,24
1376600695,9,24
1376600981,8,25
1376601053,7,26
1376601162,7,26
1376601224,8,25
1376601828,8,25
1376601944,8,25
1376602001,8,25
1376602044,8,25
1376602093,8,25
1376602179,8,25
1376602783,8,25
1376602932,7,26
1376603022,7,26
1376603055,8,25
1376603573,7,26
1376603923,8,25
1376603983,11,22
1376604038,14,19
1376604224,16,17
1376604262,17,16
1376604315,18,15
1376604396,18,15
1376604414,19,14
1376604502,20,13
1376604704,21,12
1376604732,22,11
1376604817,23,10
1376604996,24,9
1376605361,26,7
1376605543,26,7
1376605545,27,6
1376605817,28,5
1376606444,28,5
1376606502,30,3
1376606587,30,3
1376606648,31,2
1376607252,31,2
1376607464,31,2
1376607504,32,1
1376607774,32,1
1376607876,32,1
1376608112,33,0
1376608716,33,0
1376608844,33,0
1376608853,31,2
1376609128,32,1
1376609732,32,1
1376610043,32,1
1376610646,32,1
1376611250,32,1
1376611648,33,0
1376611797,32,1
1376612401,32,1
1376613005,32,1
1376613609,32,1
1376614213,32,1
1376614817,32,1
1376615420,32,1
1376616024,32,1
1376616628,32,1
1376617232,32,1
1376617715,31,2
1376618319,31,2
1376618922,31,2
1376619526,31,2
1376620130,31,2
1376620733,31,2
1376621337,31,2
1376621941,31,2
1376622545,31,2
1376623149,31,2
1376623735,31,2
1376624082,30,3
1376624327,30,3
1376624641,30,3
1376625282,30,3
1376625302,30,3
1376625906,30,3
1376626510,30,3
1376627114,30,3
1376627717,30,3
1376628321,30,3
1376628926,30,3
1376629529,30,3
1376630119,29,4
1376630723,29,4
1376631327,29,4
1376631930,29,4
1376632534,29,4
1376632913,30,3
1376633517,30,3
1376634121,30,3
1376634259,29,4
1376634478,29,4
1376634752,27,6
1376634846,28,5
1376635032,29,4
1376635121,29,4
1376635130,30,3
1376635319,29,4
1376635577,30,3
1376635635,29,4
1376636239,29,4
1376636473,30,3
1376636891,29,4
1376636959,30,3
1376637356,29,4
1376637422,28,5
1376637674,27,6
1376638171,28,5
1376638375,27,6
1376638979,27,6
1376639078,27,5
1376639101,27,6
1376639424,28,5
1376640028,28,5
1376640351,27,6
1376640501,26,7
1376641104,26,7
1376641709,26,7
1376642039,27,6
1376642643,27,6
1376643198,26,7
1376643801,26,7
1376644405,26,7
1376645009,26,7
1376645138,25,8
1376645268,23,10
1376645872,23,10
1376646042,24,9
1376646572,23,10
1376646755,22,11
1376647237,22,11
1376647288,23,10
1376647315,24,9
1376647658,24,9
1376647702,24,9
1376647777,24,9
1376647837,24,9
1376648325,23,10
1376648379,24,9
1376648984,24,9
1376649337,24,9
1376649351,25,8
1376649747,24,9
1376650107,24,8
1376650134,24,8
1376650237,25,7
1376650340,25,7
1376650411,25,8
1376650469,25,8
1376650485,25,8
1376650627,26,7
1376650957,26,7
1376651018,27,5
1376651061,27,5
1376651170,27,5
1376651253,27,5
1376651380,27,5
1376651443,27,6
1376651455,27,6
1376651564,26,7
1376651597,26,7
1376651640,27,6
1376651943,26,7
1376652547,26,7
1376653151,26,7
1376653618,27,6
1376653809,27,6
1376653894,27,6
1376653935,28,5
1376654079,29,4
1376654395,28,5
1376654621,28,5
1376654637,26,7
1376655034,25,8
1376655450,24,9
1376655516,24,9
1376655624,24,9
1376655703,24,9
1376655762,24,9
1376655821,24,9
1376655873,24,9
1376655930,24,9
1376655984,24,9
1376656058,23,10
1376656361,23,10
1376656370,24,9
1376656535,23,10
1376656547,23,10
1376657104,22,11
1376657459,21,12
1376657961,20,13
1376658086,21,12
1376658392,19,14
1376658436,19,14
1376658481,19,14
1376658691,18,15
1376658860,18,15
1376658929,18,15
1376658985,17,16
1376659076,19,14
1376659336,17,16
1376659488,16,17
1376659773,15,18
1376660133,16,17
1376660320,17,16
1376660613,16,17
1376661216,16,17
1376661381,17,16
1376661455,18,15
1376662059,18,15
1376662459,18,15
1376662510,17,16
1376662546,18,15
1376662626,17,16
1376663061,16,17
1376663664,16,17
1376663980,17,16
1376664483,16,17
1376664805,16,17
1376664859,17,16
1376664921,18,15
1376665231,18,15
1376665279,18,14
1376665361,19,14
1376665892,19,14
1376665931,20,13
1376666493,21,12
1376666560,21,12
1376666579,22,11
1376666705,21,12
1376667015,22,11
1376667453,23,10
1376667571,23,10
1376667593,23,10
1376667764,23,10
1376667809,23,10
1376667940,23,10
1376667949,24,9
1376668553,24,9
1376668675,23,10
1376668916,24,9
1376669017,25,8
1376669035,26,7
1376669094,27,6
1376669517,26,7
1376669849,27,6
1376669959,28,5
1376670039,27,6
1376670643,27,6
1376671102,27,6
1376671173,29,4
1376671713,28,5
1376672006,27,6
1376672080,26,7
1376672097,25,8
1376672176,24,8
1376672385,24,8
1376672466,22,10
1376672785,19,13
1376672862,18,14
1376672901,18,14
1376672970,19,13
1376673001,20,12
1376673084,18,14
1376673284,18,14
1376673287,19,13
1376673473,18,14
1376673572,18,14
1376673586,18,14
1376673700,16,16
1376673723,17,15
1376673849,16,16
1376673905,14,18
1376674030,15,17
1376674140,16,16
1376674243,17,16
1376674292,16,17
1376674450,15,18
1376674753,16,17
1376674882,14,19
1376675408,13,20
1376675549,14,19
1376675717,13,20
1376675840,12,21
1376676017,9,24
1376676621,9,24
1376676699,8,25
1376676747,7,26
1376676892,4,29
1376676977,4,29
1376677195,3,30
1376677338,2,31
1376677396,1,32
1376677464,1,32
1376677570,2,31
1376677692,1,32
1376677900,2,31
1376677930,0,33
1376678434,1,32
1376678825,0,33
1376679008,1,32
1376679362,1,32
1376679436,1,32
1376679974,0,33
1376680124,1,32
1376680141,0,33
1376680531,0,33
1376680555,0,33
1376680634,0,33
1376681239,0,33
1376681343,0,33
1376681900,1,32
1376681983,1,32
1376682039,1,32
1376682102,1,32
1376682147,1,32
1376682200,2,31
1376682271,2,31
1376682321,3,30
1376682392,2,31
1376682603,1,32
1376683031,0,33
1376683237,1,32
1376683304,1,32
1376683306,2,31
1376683457,0,32
1376683503,0,32
1376683582,1,32
1376683621,0,33
1376683722,0,33
1376683737,0,33
1376683787,0,33
1376683876,0,33
1376684200,0,33
1376684209,1,32
1376684457,2,31
1376684662,1,32
1376685266,1,32
1376685456,1,32
1376685495,1,32
1376685571,1,32
1376685612,0,33
1376685672,0,33
1376685722,0,33
1376686326,0,33
1376686544,1,32
1376686553,2,31
1376687157,2,31
1376687279,3,30
1376687492,2,31
1376687724,1,32
1376688153,2,31
1376688401,2,31
1376688405,3,30
1376688683,4,29
1376688713,5,28
1376689318,5,28
1376689480,6,27
1376690026,6,27
1376690028,7,26
1376690305,5,28
1376690909,5,28
1376691162,4,29
1376691255,5,28
1376691482,6,27
1376691736,6,27
1376691870,7,26
1376692160,6,27
1376692423,10,23
1376692544,10,23
1376692596,10,23
1376692615,10,23
1376692714,11,22
1376692764,12,21
1376692830,15,18
1376692885,16,17
1376692957,15,18
1376692988,14,18
1376693520,15,17
1376694043,14,18
1376694056,10,22
1376694224,9,23
1376694829,9,23
1376695180,8,24
1376695784,8,24
1376696430,9,23
1376696458,10,22
1376697062,10,22
1376697539,8,24
1376698143,8,24
1376698217,9,23
1376698821,9,23
1376699024,9,23
1376699047,10,22
1376699133,11,21
1376699396,11,21
1376699448,12,20
1376699975,10,22
1376700025,10,22
1376700265,11,21
1376700868,11,21
1376701472,11,21
1376701536,10,22
1376702140,10,22
1376702744,10,22
1376703347,10,22
1376704034,10,22
1376704136,10,22
1376704740,10,22
1376705344,10,22
1376705855,10,22
1376706460,10,22
1376707064,10,22
1376707667,10,22
1376708235,9,23
1376708840,9,23
1376708969,10,22
1376709574,10,22
1376709627,9,22
1376709683,10,22
1376709756,9,23
1376710166,8,24
1376710405,9,23
1376711010,9,23
1376711614,9,23
1376712217,9,23
1376712821,9,23
1376713425,9,23
1376714028,9,23
1376714632,9,23
1376715236,9,23
1376715840,9,23
1376716444,9,23
1376716912,10,22
1376717222,9,23
1376717826,9,23
1376718430,9,23
1376719033,9,23
1376719637,9,23
1376719998,10,22
1376720602,10,22
1376721206,10,22
1376721810,10,22
1376722414,10,22
1376723017,10,22
1376723494,9,23
1376724098,9,23
1376724627,8,24
1376724762,7,25
1376724775,7,25
1376724941,6,26
1376725084,5,27
1376725688,5,27
1376726292,5,27
1376726431,4,28
1376726538,4,28
1376726595,6,26
1376726693,5,27
1376726959,7,25
1376727079,8,24
1376727391,7,25
1376727459,9,23
1376727571,10,23
1376727651,11,22
1376727937,12,21
1376728053,11,22
1376728298,10,23
1376728364,10,23
1376728366,9,24
1376728691,8,25
1376728784,8,25
1376728787,9,24
1376728984,8,25
1376729589,8,25
1376730193,8,25
1376730796,8,25
1376731222,7,26
1376731410,5,28
1376731810,4,29
1376732056,5,28
1376732661,5,28
1376732902,4,29
1376733276,4,29
1376733345,4,29
1376733399,3,30
1376733728,3,30
1376733784,4,29
1376734326,5,28
1376734930,5,28
1376734987,4,29
1376735564,4,29
1376735594,5,28
1376735803,4,29
1376735986,3,30
1376736069,1,32
1376736521,0,33
1376736813,2,31
1376737381,1,32
1376737985,1,32
1376738077,1,32
1376738129,2,31
1376738474,0,33
1376739003,1,32
1376739608,1,32
1376739698,2,31
1376739734,1,32
1376739788,1,32
1376739872,2,31
1376739925,2,31
1376739990,2,31
1376740037,3,30
1376740141,3,30
1376740745,3,30
1376740880,4,29
1376741068,3,30
1376741672,3,30
1376742276,3,30
1376742309,4,29
1376742467,5,28
1376742529,6,27
1376742700,5,28
1376742808,7,26
1376742962,6,27
1376743424,6,27
1376743481,8,25
1376743620,6,27
1376743838,6,27
1376743888,7,26
1376743965,7,26
1376744024,7,26
1376744084,7,26
1376744131,7,26
1376744187,6,27
1376744286,5,28
1376744800,7,26
1376744809,8,25
1376745040,6,27
1376745118,5,28
1376745722,5,28
1376745876,6,27
1376746176,7,26
1376746539,7,26
1376746622,7,26
1376746680,8,25
1376747135,7,26
1376747436,6,27
1376747625,4,29
1376747637,2,31
1376747744,4,29
1376748235,3,30
1376748547,5,28
1376748648,4,29
1376749124,4,29
1376749126,3,30
1376749344,3,30
1376749399,4,29
1376749450,5,28
1376749774,5,28
1376750363,4,29
1376750411,2,31
1376750801,3,30
1376750810,4,29
1376750906,3,30
1376750941,4,29
1376751478,2,31
1376751610,0,33
1376751866,0,33
1376751996,1,32
1376752064,1,32
1376752072,2,31
1376752174,1,32
1376752538,1,32
1376752575,3,30
1376752665,4,29
1376752709,5,28
1376752771,6,27
1376752888,5,28
1376752919,5,28
1376753000,5,28
1376753085,5,28
1376753139,5,28
1376753204,7,25
1376753314,6,26
1376753369,7,26
1376753443,5,28
1376753591,6,27
1376753878,7,26
1376753953,8,25
1376754118,7,26
1376754259,6,27
1376754501,5,28
1376754690,4,29
1376754765,5,28
1376754852,4,29
1376755047,5,28
1376755364,3,30
1376755661,2,31
1376755722,2,31
1376755779,0,32
1376755838,2,31
1376755877,3,30
1376755964,2,31
1376756257,1,32
1376756274,0,33
1376756444,0,33
1376756501,0,33
1376756544,0,33
1376756608,0,33
1376756680,0,33
1376756800,0,33
1376757161,0,33
1376757190,0,33
1376757285,0,33
1376757460,0,33
1376757585,0,33
1376757627,0,33
1376758005,1,32
1376758008,0,33
1376758612,0,33
1376758804,1,32
1376759024,1,32
1376759027,2,31
1376759420,0,33
1376759544,0,33
1376759622,0,33
1376759685,0,33
1376759701,0,33
1376759800,3,30
1376759981,2,31
1376760042,3,30
1376760104,4,29
1376760708,4,29
1376761242,3,30
1376761259,2,31
1376761346,2,31
1376761724,3,30
1376761737,4,29
1376761868,3,30
1376762179,2,31
1376762501,1,32
1376762593,0,33
1376763206,0,33
1376763352,0,33
1376763585,1,31
1376763638,1,32
1376764062,1,32
1376764098,2,31
1376764185,3,30
1376764197,1,32
1376764541,1,32
1376764576,0,33
1376764719,2,31
1376764813,1,32
1376765004,0,33
1376765316,0,33
1376765349,1,32
1376765426,0,33
1376765864,0,33
1376765885,0,33
1376766490,0,33
1376766632,0,33
1376766973,1,32
1376767166,1,32
1376767299,2,31
1376767341,3,30
1376767408,1,32
1376767716,0,33
1376767945,0,33
1376768258,0,33
1376768686,0,33
1376768704,2,31
1376769338,1,32
1376769514,0,33
1376770120,0,33
1376770661,0,33
1376770703,0,33
1376770748,0,33
1376771244,1,32
1376771655,0,33
1376771795,0,33
1376771841,1,32
1376772006,2,31
1376772097,2,31
1376772140,4,29
1376772273,4,29
1376772765,3,30
1376773426,3,30
1376773429,4,29
1376773541,4,29
1376773552,5,28
1376773628,4,29
1376773784,3,30
1376773842,4,29
1376773871,5,28
1376773908,5,28
1376774023,6,27
1376774058,7,26
1376774181,8,25
1376774746,7,26
1376774786,6,27
1376774826,5,28
1376774964,6,27
1376775224,6,27
1376775249,6,27
1376775382,7,26
1376775563,8,25
1376775693,7,26
1376775754,7,26
1376775818,5,27
1376775831,5,27
1376776123,6,26
1376776181,6,26
1376776193,6,26
1376776407,7,25
1376776486,7,25
1376776544,7,25
1376776557,7,25
1376776905,7,25
1376776920,7,25
1376777259,7,25
1376777283,7,25
1376777622,7,25
1376777663,8,24
1376777764,9,23
1376777837,8,24
1376777985,11,21
1376778027,13,19
1376778104,13,19
1376778139,15,17
1376778226,15,17
1376778263,16,16
1376778344,17,15
1376778382,17,15
1376778427,18,14
1376778577,19,13
1376778645,19,13
1376778703,20,11
1376778763,20,11
1376778767,21,10
1376779060,22,9
1376779124,23,8
1376779188,23,8
1376779282,24,8
1376779422,24,8
1376779464,24,8
1376779785,24,8
1376779827,24,8
1376780137,24,8
1376780193,24,8
1376780386,25,7
1376780434,26,6
1376780503,26,6
1376780555,27,5
1376780865,27,5
1376780919,26,6
1376781223,26,6
1376781282,26,6
1376781405,26,6
1376781416,27,5
1376781586,27,5
1376781645,27,5
1376781937,27,5
1376781996,27,5
1376782029,26,6
1376782300,26,6
1376782359,26,6
1376782371,26,6
1376782581,27,5
1376782664,27,5
1376782722,27,5
1376782734,27,5
1376783027,27,5
1376783084,27,5
1376783099,27,5
1376783438,26,6
1376783462,26,6
1376783801,26,6
1376783836,24,8
1376784164,24,8
1376784190,24,8
1376784523,24,8
1376784552,24,8
1376784886,24,8
1376784916,25,7
1376784997,24,8
1376785237,23,9
1376785280,23,9
1376785601,23,9
1376785642,23,9
1376785964,23,9
1376786006,23,9
1376786324,23,9
1376786369,23,9
1376786679,23,9
1376786733,23,9
1376786776,22,10
1376787042,22,10
1376787096,22,10
1376787405,22,10
1376787459,22,10
1376787764,22,10
1376787822,22,10
1376788127,22,10
1376788186,22,10
1376788479,22,10
1376788536,22,10
1376788550,22,10
1376788841,22,10
1376788900,22,10
1376788913,22,10
1376789205,22,10
1376789263,22,10
1376789308,23,9
1376789627,23,9
1376789640,23,9
1376789978,23,9
1376790003,23,9
1376790207,22,10
1376790499,22,10
1376790704,22,10
1376790746,22,10
1376791065,22,10
1376791109,22,10
1376791420,22,10
1376791473,22,10
1376791784,22,10
1376791837,22,10
1376792146,22,10
1376792201,22,10
1376792505,22,10
1376792565,22,10
1376792856,22,10
1376792926,22,10
1376792928,22,10
1376793220,22,10
1376793278,22,10
1376793291,22,10
1376793583,22,10
1376793642,22,10
1376793654,22,10
1376793946,22,10
1376794005,22,10
1376794018,22,10
1376794366,22,10
1376794382,22,10
1376794720,22,10
1376794745,22,10
1376795083,22,10
1376795108,22,10
1376795446,22,10
1376795471,22,10
1376795806,22,10
1376795835,22,10
1376796156,22,10
1376796198,22,10
1376796520,22,10
1376796561,22,10
1376796883,22,10
1376796925,22,10
1376797244,22,10
1376797290,21,11
1376797365,21,11
1376797368,22,10
1376797599,22,10
1376797653,22,10
1376797962,22,10
1376798017,22,10
1376798326,22,10
1376798380,22,10
1376798684,22,10
1376798743,22,10
1376799035,22,10
1376799105,22,10
1376799106,22,10
1376799398,22,10
1376799457,22,10
1376799471,22,10
1376799762,22,10
1376799822,22,10
1376799835,22,10
1376800126,22,10
1376800186,22,10
1376800200,22,10
1376800547,22,10
1376800562,22,10
1376800901,22,10
1376800925,22,10
1376801264,22,10
1376801289,22,10
1376801627,22,10
1376801653,22,10
1376801986,22,10
1376802016,22,10
1376802098,22,10
1376802109,23,9
1376802338,23,9
1376802380,23,9
1376802702,23,9
1376802743,23,9
1376803065,23,9
1376803107,23,9
1376803425,23,9
1376803471,23,9
1376803779,23,9
1376803833,23,9
1376804143,23,9
1376804197,23,9
1376804507,23,9
1376804561,23,9
1376804864,23,9
1376804923,23,9
1376805215,23,9
1376805285,23,9
1376805287,23,9
1376805578,23,9
1376805637,23,9
1376805687,24,8
1376805941,24,8
1376806000,24,8
1376806014,24,8
1376806223,25,7
1376806305,26,6
1376806363,26,6
1376806377,26,6
1376806589,25,7
1376806725,25,7
1376806776,25,7
1376806846,25,7
1376806903,26,6
1376807087,26,6
1376807102,26,6
1376807441,26,6
1376807465,26,6
1376807804,26,6
1376807828,26,6
1376808166,26,6
1376808193,26,6
1376808526,26,6
1376808556,26,6
1376808706,25,7
1376808724,24,8
1376808782,23,9
1376808877,23,9
1376808920,23,9
1376809241,23,9
1376809283,23,9
1376809443,24,8
1376809606,24,8
1376809650,23,9
1376809958,23,9
1376810011,23,9
1376810321,23,9
1376810375,23,9
1376810684,23,9
1376810739,23,9
1376810806,23,9
1376810814,24,8
1376811047,24,8
1376811101,24,8
1376811406,24,8
1376811465,24,8
1376811757,24,8
1376811817,24,8
1376811830,24,8
1376812122,24,8
1376812180,24,8
1376812193,24,8
1376812486,24,8
1376812543,24,8
1376812556,24,8
1376812906,24,8
1376812919,24,8
1376813258,24,8
1376813283,24,8
1376813464,25,7
1376813621,25,7
1376813648,25,7
1376813793,25,7
1376813985,25,7
1376814010,25,7
1376814346,25,7
1376814372,25,7
1376814447,23,9
1376814534,23,9
1376814599,24,8
1376814706,24,8
1376814735,23,9
1376815057,23,9
1376815098,23,9
1376815420,21,11
1376815464,21,11
1376815606,21,11
1376815638,19,13
1376815784,19,13
1376815826,19,13
1376815961,20,12
1376815985,22,10
1376816145,21,11
1376816190,21,11
1376816500,21,11
1376816554,21,11
1376816865,21,11
1376816919,21,11
1376817223,21,11
1376817282,21,11
1376817586,20,12
1376817646,20,12
1376817648,19,13
1376817749,19,13
1376817793,20,12
1376817936,20,12
1376817995,20,12
1376818009,20,12
1376818300,20,12
1376818358,21,11
1376818372,21,11
1376818663,21,11
1376818723,21,11
1376818736,21,11
1376818881,22,10
1376818980,21,11
1376819086,21,11
1376819100,21,11
1376819288,19,13
1376819437,19,13
1376819462,19,13
1376819801,19,13
1376819826,19,13
1376820164,19,13
1376820189,19,13
1376820524,19,13
1376820552,19,13
1376820887,19,13
1376820916,19,13
1376821238,19,13
1376821279,19,13
1376821601,19,13
1376821642,19,13
1376821964,19,13
1376822011,17,15
1376822266,18,14
1376822326,19,13
1376822369,19,13
1376822678,19,13
1376822732,19,13
1376822865,19,13
1376822868,18,14
1376823044,18,14
1376823096,18,14
1376823130,19,13
1376823253,18,14
1376823323,19,13
1376823403,18,14
1376823463,18,14
1376823765,18,14
1376823824,18,14
1376823830,17,15
1376824116,17,15
1376824186,17,15
1376824191,16,16
1376824482,14,18
1376824545,14,18
1376824600,15,17
1376824640,16,16
1376824758,15,17
1376824844,15,17
1376824903,15,17
1376824916,15,17
1376825266,14,18
1376825279,14,18
1376825362,13,19
1376825619,14,18
1376825663,14,18
1376825733,15,17
1376825759,16,16
1376825982,16,16
1376826039,15,17
1376826345,15,17
1376826370,15,17
1376826646,15,17
1376826704,16,16
1376826733,16,16
1376827054,16,16
1376827096,16,16
1376827205,14,18
1376827299,15,17
1376827419,15,17
1376827460,15,17
1376827782,15,17
1376827824,15,17
1376827963,15,17
1376828025,15,17
1376828145,15,17
1376828187,15,17
1376828491,15,17
1376828565,15,17
1376828619,15,17
1376828924,15,17
1376828983,15,17
1376829274,15,17
1376829344,15,17
1376829346,15,17
1376829637,15,17
1376829697,15,17
1376829709,15,17
1376830001,15,17
1376830059,15,17
1376830072,15,17
1376830364,15,17
1376830422,15,17
1376830481,14,18
1376830783,14,18
1376830799,14,18
1376831085,13,19
1376831140,11,21
1376831167,12,20
1376831323,9,23
1376831333,8,24
1376831500,8,24
1376831560,9,23
1376831663,8,24
1376831776,7,25
1376831864,8,24
1376831924,8,24
1376831962,8,24
1376832086,9,23
1376832166,8,24
1376832216,9,23
1376832262,9,23
1376832337,6,26
1376832577,6,26
1376832619,6,26
1376832852,4,28
1376832940,4,28
1376832982,4,28
