1376208599,16,3
1376208869,17,2
1376208938,15,4
1376209110,16,3
1376209300,18,1
1376209903,18,1
1376210069,17,2
1376210259,18,1
1376210595,17,2
1376211135,16,3
1376211224,15,4
1376211280,16,3
1376211288,17,2
1376211361,18,1
1376211524,17,2
1376211526,16,3
1376212146,17,2
1376212446,15,4
1376213003,13,6
1376213051,14,5
1376213101,13,6
1376213191,12,7
1376213241,12,7
1376213309,13,6
1376213495,14,5
1376214098,14,5
1376214164,15,4
1376214767,15,4
1376215371,15,4
1376215857,13,6
1376216069,14,5
1376216518,15,4
1376216818,16,3
1376217161,17,2
1376217765,17,2
1376217861,17,2
1376217912,18,1
1376218110,17,2
1376218153,15,4
1376218232,16,3
1376218360,16,3
1376218368,17,2
1376218668,16,3
1376218741,14,5
1376219345,14,5
1376219465,15,4
1376219541,14,5
1376219826,12,7
1376220064,13,6
1376220318,12,7
1376220352,10,9
1376220956,10,9
1376221142,11,8
1376221473,11,8
1376221526,11,8
1376221562,12,7
1376221810,13,6
1376222428,13,6
1376222463,14,5
1376222583,15,4
1376222677,15,4
1376222755,16,3
1376222912,17,2
1376223145,18,1
1376223185,18,1
1376223789,18,1
1376223980,19,0
1376224584,19,0
1376225188,19,0
1376225792,19,0
1376226395,19,0
1376226998,19,0
1376227602,19,0
1376228206,19,0
1376228484,18,1
1376229087,18,1
1376229133,19,0
1376229421,18,1
1376230024,18,1
1376230220,16,3
1376230301,15,4
1376230650,15,4
1376230697,15,4
1376231024,16,3
1376231057,15,4
1376231385,15,4
1376231393,16,3
1376231996,16,3
1376232338,17,2
1376232942,17,2
1376233545,17,2
1376233782,18,1
1376233792,19,0
1376234053,18,1
1376234192,19,0
1376234796,19,0
1376235399,19,0
1376236003,19,0
1376236606,19,0
1376237210,19,0
1376237813,19,0
1376238417,19,0
1376239021,19,0
1376239624,19,0
1376240227,19,0
1376240831,19,0
1376241435,19,0
1376242038,19,0
1376242132,18,1
1376242735,18,1
1376243012,18,1
1376243075,18,1
1376243087,19,0
1376243691,19,0
1376244294,19,0
1376244898,19,0
1376245502,19,0
1376246105,19,0
1376246709,19,0
1376246979,18,1
1376247582,18,1
1376248093,19,0
1376248696,19,0
1376249300,19,0
1376249903,19,0
1376250507,19,0
1376251110,19,0
1376251714,19,0
1376252317,19,0
1376252921,19,0
1376253524,19,0
1376254128,19,0
1376254382,18,1
1376254470,18,1
1376254514,19,0
1376255117,19,0
1376255721,19,0
1376256325,19,0
1376256928,19,0
1376257532,19,0
1376258135,19,0
1376258739,19,0
1376259342,19,0
1376259573,18,1
1376259622,19,0
1376260225,19,0
1376260661,18,1
1376260714,15,4
1376260772,11,8
1376260801,9,10
1376261103,10,9
1376261706,10,9
1376262311,10,9
1376262914,10,9
1376263518,10,9
1376264121,10,9
1376264725,10,9
1376265040,10,9
1376265048,11,8
1376265652,11,8
1376266255,11,8
1376266859,11,8
1376267462,11,8
1376268066,11,8
1376268669,11,8
1376269273,11,8
1376269876,11,8
1376270480,11,8
1376271083,11,8
1376271687,11,8
1376272052,11,8
1376272656,11,8
1376273259,11,8
1376273863,11,8
1376274466,11,8
1376275070,11,8
1376275673,11,8
1376276277,11,8
1376276924,11,8
1376276932,12,7
1376277537,12,7
1376278140,12,7
1376278744,12,7
1376279347,12,7
1376279951,12,7
1376280554,12,7
1376281158,12,7
1376281761,12,7
1376282365,12,7
1376282969,12,7
1376283572,12,7
1376284176,12,7
1376284779,12,7
1376285383,12,7
1376285986,12,7
1376286590,12,7
1376287193,12,7
1376287259,13,6
1376287398,14,5
1376288001,14,5
1376288605,14,5
1376288731,14,5
1376288768,15,4
1376289372,15,4
1376289678,16,3
1376290282,16,3
1376290461,17,2
1376291064,17,2
1376291582,18,1
1376291722,19,0
1376291848,18,1
1376291957,18,1
1376292029,18,1
1376292078,19,0
1376292431,18,1
1376293034,18,1
1376293121,18,1
1376293128,19,0
1376293732,19,0
1376294335,19,0
1376294939,19,0
1376295542,19,0
1376295794,18,1
1376295918,18,1
1376296521,18,1
1376296578,17,2
1376296782,17,2
1376296789,18,1
1376297393,18,1
1376297996,18,1
1376298584,17,2
1376298797,17,2
1376299401,17,2
1376299543,16,3
1376299877,16,3
1376299964,16,3
1376299977,18,1
1376300127,19,0
1376300731,19,0
1376301334,19,0
1376301498,18,1
1376301883,18,1
1376301892,19,0
1376302495,19,0
1376303099,19,0
1376303157,19,0
1376303322,17,2
1376303925,17,2
1376304154,17,2
1376304758,17,2
1376305361,17,2
1376305537,18,1
1376306141,18,1
1376306413,19,0
1376306476,19,0
1376306607,18,1
1376306984,18,1
1376307001,19,0
1376307604,19,0
1376307646,19,0
1376308249,19,0
1376308853,19,0
1376309457,19,0
1376310060,19,0
1376310664,19,0
1376311267,19,0
1376311871,19,0
1376312475,19,0
1376313078,19,0
1376313516,18,1
1376314119,18,1
1376314476,17,2
1376314543,17,2
1376314576,17,2
1376314614,18,1
1376314812,17,2
1376314961,18,1
1376315282,17,2
1376315514,18,1
1376316117,18,1
1376316720,18,1
1376316916,18,1
1376317016,17,2
1376317594,18,1
1376318094,18,1
1376318631,17,2
1376318763,16,3
1376319079,17,2
1376319223,16,3
1376319484,15,4
1376319581,15,4
1376319590,16,3
1376319834,15,4
1376319975,14,5
1376320195,15,4
1376320706,16,3
1376321309,16,3
1376321913,16,3
1376322216,14,5
1376322231,13,6
1376322616,15,4
1376322879,16,3
1376323480,17,2
1376323903,19,0
1376323986,18,1
1376324108,19,0
1376324382,18,1
1376324393,18,1
1376324783,17,2
1376324832,17,2
1376324975,18,1
1376325144,16,3
1376325265,15,4
1376325868,15,4
1376326345,14,5
1376326784,14,5
1376326803,16,3
1376326940,16,3
1376327257,18,1
1376327315,18,1
1376327919,18,1
1376328356,17,2
1376328561,18,1
1376328700,17,2
1376328968,18,1
1376329027,17,2
1376329180,16,3
1376329235,16,3
1376329256,17,2
1376329508,18,1
1376329999,17,2
1376330031,17,2
1376330132,16,3
1376330170,17,2
1376330352,18,1
1376330763,18,1
1376330849,17,2
1376331453,17,2
1376331920,16,3
1376332110,14,5
1376332714,14,5
1376333264,13,6
1376333738,13,6
1376333841,13,6
1376334130,14,5
1376334342,14,5
1376334378,13,6
1376334616,12,7
1376334723,11,8
1376334775,12,7
1376334918,13,6
1376335316,12,7
1376335627,13,6
1376335689,12,7
1376335904,13,6
1376335907,14,5
1376335991,15,4
1376336482,16,3
1376336552,16,3
1376336584,17,2
1376337008,18,1
1376337271,18,1
1376337311,19,0
1376337915,19,0
1376338519,19,0
1376339122,19,0
1376339725,19,0
1376340329,19,0
1376340933,19,0
1376341536,19,0
1376341611,17,2
1376342215,17,2
1376342819,17,2
1376343422,17,2
1376344026,17,2
1376344629,17,2
1376345233,17,2
1376345836,17,2
1376346440,17,2
1376347043,17,2
1376347646,17,2
1376348250,17,2
1376348793,16,3
1376348862,12,7
1376348914,9,10
1376349400,11,8
1376349523,11,8
1376349546,13,6
1376350149,13,6
1376350753,13,6
1376351356,13,6
1376351960,13,6
1376352564,13,6
1376353167,13,6
1376353771,13,6
1376353993,12,7
1376354081,12,7
1376354142,12,7
1376354149,13,6
1376354752,13,6
1376355356,13,6
1376355960,13,6
1376356563,13,6
1376357167,13,6
1376357770,13,6
1376358458,13,6
1376359061,13,6
1376359665,13,6
1376360268,13,6
1376360872,13,6
1376361475,13,6
1376362079,13,6
1376362682,13,6
1376362876,12,7
1376363480,12,7
1376364083,12,7
1376364687,12,7
1376365290,12,7
1376365894,12,7
1376366497,12,7
1376367101,12,7
1376367704,12,7
1376368308,12,7
1376368911,12,7
1376369515,12,7
1376370119,12,7
1376370578,13,6
1376371181,13,6
1376371785,13,6
1376371919,12,7
1376372523,12,7
1376373126,12,7
1376373440,11,8
1376373832,12,7
1376374436,12,7
1376374995,11,8
1376375222,10,9
1376375837,11,8
1376375867,10,9
1376376391,9,10
1376376620,9,10
1376376660,10,9
1376376812,11,8
1376376852,12,7
1376377300,14,5
1376377514,14,5
1376377751,13,6
1376377854,12,7
1376378172,13,6
1376378341,12,7
1376378742,13,6
1376379036,12,7
1376379470,11,8
1376379679,10,9
1376379732,11,8
1376379808,11,8
1376379838,11,8
1376380437,10,9
1376380541,11,8
1376380555,12,7
1376381103,13,6
1376381707,13,6
1376382066,14,5
1376382401,15,4
1376382588,14,5
1376383192,14,5
1376383256,13,6
1376383390,15,4
1376383531,16,3
1376383996,14,5
1376384278,15,4
1376384667,14,5
1376385130,15,4
1376385461,15,4
1376385507,17,2
1376385719,16,3
1376386118,17,2
1376386722,17,2
1376386751,17,2
1376386958,16,3
1376387562,16,3
1376388166,16,3
1376388769,16,3
1376389373,16,3
1376389976,16,3
1376390522,16,3
1376390976,17,2
1376391579,17,2
1376392183,17,2
1376392336,18,1
1376392940,18,1
1376393543,18,1
1376394147,18,1
1376394260,18,1
1376394290,19,0
1376394894,19,0
1376395497,19,0
1376396130,18,1
1376396733,18,1
1376397337,18,1
1376397940,18,1
1376398544,18,1
1376399147,18,1
1376399751,18,1
1376400354,18,1
1376400958,18,1
1376401562,18,1
1376402165,18,1
1376402606,19,0
1376402988,18,1
1376403499,17,2
1376404103,17,2
1376404195,16,3
1376404438,17,2
1376405042,17,2
1376405141,16,3
1376405444,16,3
1376405461,17,2
1376405698,17,2
1376405807,18,1
1376406010,17,2
1376406614,17,2
1376406776,18,1
1376406942,18,1
1376406957,18,1
1376407561,18,1
1376408017,18,1
1376408083,17,2
1376408091,18,1
1376408345,19,0
1376408496,18,1
1376408719,19,0
1376408810,18,1
1376409256,17,2
1376409395,18,1
1376409998,18,1
1376410105,17,2
1376410709,17,2
1376411144,17,2
1376411151,18,1
1376411273,18,1
1376411344,18,1
1376411436,18,1
1376411555,19,0
1376412114,18,1
1376412189,19,0
1376412284,18,1
1376412520,19,0
1376412694,18,1
1376412789,17,2
1376413038,16,3
1376413104,14,5
1376413359,15,4
1376413815,16,3
1376413930,17,2
1376414119,18,1
1376414193,18,1
1376414243,19,0
1376414489,18,1
1376414704,17,2
1376415029,16,3
1376415047,15,4
1376415401,15,4
1376415411,17,2
1376415644,18,1
1376415835,17,2
1376415953,18,1
1376416414,19,0
1376416464,18,1
1376416488,17,2
1376416760,18,1
1376416912,17,2
1376417377,17,2
1376417484,16,3
1376417553,16,3
1376417658,17,2
1376417780,16,3
1376417934,15,4
1376418180,16,3
1376418784,16,3
1376418922,15,4
1376419019,15,4
1376419123,18,1
1376419342,18,1
1376419448,16,3
1376419583,17,2
1376419657,17,2
1376419691,17,2
1376419750,18,1
1376420255,18,1
1376420619,16,3
1376420741,17,2
1376420798,16,3
1376420863,15,4
1376420922,15,4
1376420984,14,5
1376421013,15,4
1376421399,15,4
1376421425,16,3
1376421580,18,1
1376421988,18,1
1376422056,19,0
1376422303,18,1
1376422780,17,2
1376422789,17,2
1376422898,16,3
1376422914,16,3
1376423050,17,2
1376423653,17,2
1376423795,17,2
1376423848,17,2
1376423882,18,1
1376424355,19,0
1376424958,19,0
1376425561,19,0
1376426165,19,0
1376426768,19,0
1376427372,19,0
1376427976,19,0
1376428579,19,0
1376429182,19,0
1376429786,19,0
1376430389,19,0
1376430993,19,0
1376431596,19,0
1376432200,19,0
1376432620,18,1
1376432682,15,4
1376432721,13,6
1376432785,9,10
1376433389,9,10
1376433992,9,10
1376434596,9,10
1376435199,9,10
1376435803,9,10
1376436343,9,10
1376436402,7,12
1376437006,7,12
1376437609,7,12
1376438213,7,12
1376438816,7,12
1376439420,7,12
1376439580,7,12
1376439602,7,12
1376439698,7,12
1376439719,7,12
1376439781,7,12
1376439879,7,12
1376439919,8,11
1376440523,8,11
1376441126,8,11
1376441730,8,11
1376442333,8,11
1376442937,8,11
1376443540,8,11
1376444144,8,11
1376444852,8,11
1376445455,8,11
1376446059,8,11
1376446662,8,11
1376447266,8,11
1376447869,8,11
1376448473,8,11
1376449076,8,11
1376449680,8,11
1376450284,8,11
1376450887,8,11
1376451490,8,11
1376452094,8,11
1376452697,8,11
1376453301,8,11
1376453904,8,11
1376454508,8,11
1376455111,8,11
1376455715,8,11
1376456319,8,11
1376456922,8,11
1376457526,8,11
1376458129,8,11
1376458742,9,10
1376459346,8,11
1376459949,8,11
1376459997,7,12
1376460552,6,13
1376461156,6,13
1376461759,6,13
1376462363,6,13
1376462779,5,14
1376462851,4,15
1376463455,4,15
1376463729,5,14
1376464122,5,14
1376464131,6,13
1376464445,7,12
1376464751,8,11
1376465081,9,10
1376465361,8,11
1376465413,9,10
1376465896,10,9
1376466017,11,8
1376466144,14,5
1376466219,13,6
1376466257,12,7
1376466296,13,6
1376466900,13,6
1376467503,13,6
1376467593,12,7
1376467647,13,6
1376467739,14,5
1376468342,14,5
1376468946,14,5
1376469550,14,5
1376470153,14,5
1376470220,15,4
1376470302,15,4
1376470304,16,3
1376470688,17,2
1376471291,17,2
1376471360,18,1
1376471963,18,1
1376472567,18,1
1376472606,17,2
1376472822,17,2
1376472824,18,1
1376473039,19,0
1376473581,18,1
1376473834,17,2
1376473978,18,1
1376474137,18,1
1376474479,17,2
1376475082,17,2
1376475685,17,2
1376476289,17,2
1376476483,17,2
1376476485,16,3
1376476964,16,3
1376476966,15,4
1376477134,16,3
1376477742,18,1
1376478345,18,1
1376478949,18,1
1376479552,18,1
1376480156,18,1
1376480780,19,0
1376481384,19,0
1376481988,19,0
1376482591,19,0
1376482737,18,1
1376483018,18,1
1376483072,19,0
1376483113,18,1
1376483496,19,0
1376484100,19,0
1376484410,19,0
1376485013,19,0
1376485617,19,0
1376486220,19,0
1376486345,18,1
1376486637,17,2
1376487096,17,2
1376487112,18,1
1376487716,18,1
1376488320,18,1
1376488923,18,1
1376489483,19,0
1376489742,19,0
1376490346,19,0
1376490477,18,1
1376490819,19,0
1376491422,19,0
1376492026,19,0
1376492545,18,1
1376492800,18,1
1376492809,19,0
1376493224,19,0
1376493226,18,1
1376493295,19,0
1376493898,19,0
1376494502,19,0
1376494558,19,0
1376494660,18,1
1376494722,19,0
1376495253,18,1
1376495720,19,0
1376495974,18,1
1376496086,17,2
1376496228,16,3
1376496335,16,3
1376496397,16,3
1376496407,17,2
1376496512,17,2
1376496539,18,1
1376496956,17,2
1376497117,18,1
1376497512,19,0
1376497625,18,1
1376498229,18,1
1376498834,18,1
1376499438,18,1
1376499901,19,0
1376500505,19,0
1376501108,19,0
1376501701,18,1
1376501855,17,2
1376502341,19,0
1376502944,19,0
1376503458,18,1
1376503595,17,2
1376503689,17,2
1376503751,18,1
1376503839,18,1
1376503886,17,2
1376503927,16,3
1376504023,16,3
1376504026,17,2
1376504193,18,1
1376504214,19,0
1376504414,18,1
1376504466,18,1
1376504558,18,1
1376504907,19,0
1376504955,18,1
1376505057,17,2
1376505524,16,3
1376505527,15,4
1376505663,16,3
1376505740,15,4
1376506110,14,5
1376506363,13,6
1376506365,12,7
1376506777,13,6
1376507117,14,5
1376507434,14,5
1376507453,14,5
1376507525,14,5
1376507638,15,4
1376507923,15,4
1376507932,16,3
1376508535,16,3
1376508641,17,2
1376508669,17,2
1376508762,18,1
1376508839,19,0
1376508905,19,0
1376509219,18,1
1376509592,19,0
1376510195,19,0
1376510799,19,0
1376511402,19,0
1376512006,19,0
1376512609,19,0
1376513213,19,0
1376513817,19,0
1376514420,19,0
1376515023,19,0
1376515627,19,0
1376516190,17,2
1376516794,17,2
1376517397,17,2
1376517868,15,4
1376517933,11,8
1376517992,7,12
1376518595,7,12
1376519062,6,13
1376519665,6,13
1376520269,6,13
1376520872,6,13
1376521480,6,13
1376522083,6,13
1376522687,6,13
1376523290,6,13
1376523894,6,13
1376524497,6,13
1376525101,6,13
1376525704,6,13
1376526308,6,13
1376526912,6,13
1376527515,6,13
1376528118,6,13
1376528722,6,13
1376529325,6,13
1376529929,6,13
1376530533,6,13
1376531255,6,13
1376531356,6,13
1376531959,6,13
1376532562,6,13
1376533166,6,13
1376533770,6,13
1376534374,6,13
1376534977,6,13
1376535583,7,12
1376536186,7,12
1376536790,7,12
1376537393,7,12
1376537997,7,12
1376538600,7,12
1376539204,7,12
1376539807,7,12
1376540411,7,12
1376541014,7,12
1376541618,7,12
1376542221,7,12
1376542825,7,12
1376543428,7,12
1376544032,7,12
1376544636,7,12
1376545239,7,12
1376545773,6,13
1376546376,6,13
1376546980,6,13
1376547162,6,13
1376547216,6,13
1376547770,5,14
1376548374,5,14
1376548720,4,15
1376548895,5,14
1376549334,4,15
1376549937,4,15
1376550098,3,15
1376550123,3,16
1376550726,3,16
1376551002,3,16
1376551004,2,17
1376551417,3,16
1376552021,3,16
1376552624,3,16
1376552708,2,17
1376553311,2,17
1376553631,3,16
1376553942,3,16
1376553944,4,15
1376554548,4,15
1376555152,4,15
1376555243,5,14
1376555442,4,15
1376555500,5,14
1376556159,5,14
1376556216,6,13
1376556292,5,14
1376556896,5,14
1376557499,5,14
1376557806,4,15
1376557980,3,16
1376558361,4,15
1376558964,4,15
1376559042,3,16
1376559088,4,15
1376559692,4,15
1376560205,3,16
1376560280,2,17
1376560318,2,17
1376560407,2,17
1376560440,2,17
1376560890,3,16
1376561004,3,16
1376561083,2,17
1376561129,3,16
1376561421,2,17
1376562025,2,17
1376562137,3,16
1376562275,3,16
1376562332,3,16
1376562386,4,15
1376562990,4,15
1376563092,5,14
1376563396,5,14
1376563453,4,15
1376563546,4,15
1376564058,5,14
1376564681,5,14
1376564725,6,13
1376564862,5,14
1376565466,5,14
1376565933,4,15
1376565962,3,16
1376566025,2,17
1376566123,3,16
1376566164,3,16
1376566284,4,15
1376566328,5,14
1376566372,6,13
1376566934,7,12
1376567548,6,13
1376567675,6,13
1376567975,7,12
1376568036,8,11
1376568639,8,11
1376568690,9,10
1376569001,8,11
1376569484,10,9
1376569737,11,8
1376570115,12,7
1376570235,12,7
1376570311,12,7
1376570347,13,6
1376570974,14,5
1376571541,15,4
1376571596,14,5
1376571825,13,6
1376571833,12,7
1376572013,13,6
1376572176,14,5
1376572364,13,6
1376572588,12,7
1376572788,11,8
1376572901,12,7
1376573140,11,8
1376573151,11,8
1376573253,12,7
1376573836,11,8
1376574149,10,9
1376574192,9,10
1376574716,8,11
1376574918,9,10
1376575002,10,9
1376575044,11,8
1376575241,11,8
1376575294,12,7
1376575360,10,9
1376575964,10,9
1376576185,9,10
1376576381,9,10
1376576419,11,8
1376576681,10,9
1376576715,10,9
1376576864,11,8
1376577037,11,8
1376577050,12,7
1376577355,11,8
1376577658,10,9
1376577746,9,10
1376577935,10,9
1376578251,9,10
1376578367,8,11
1376578970,8,11
1376579574,8,11
1376580098,9,10
1376580569,8,11
1376580773,8,11
1376580860,9,10
1376581108,9,10
1376581134,10,9
1376581259,11,8
1376581333,12,7
1376581702,13,6
1376581832,13,6
1376581902,15,4
1376581911,14,5
1376582011,14,5
1376582036,15,4
1376582193,16,3
1376582281,17,2
1376582906,19,0
1376583510,19,0
1376584113,19,0
1376584711,17,2
1376584932,18,1
1376585535,18,1
1376585802,18,1
1376585804,17,2
1376586408,17,2
1376586630,18,1
1376586663,19,0
1376587266,19,0
1376587870,19,0
1376588021,19,0
1376588071,18,1
1376588133,18,1
1376588174,18,1
1376588243,18,1
1376588304,18,1
1376588377,18,1
1376588410,18,1
1376589013,18,1
1376589617,18,1
1376589992,18,1
1376590007,18,1
1376590611,18,1
1376591214,18,1
1376591818,18,1
1376592421,18,1
1376593025,18,1
1376593444,19,0
1376594048,19,0
1376594651,19,0
1376595255,19,0
1376595858,19,0
1376596462,19,0
1376597025,18,1
1376597101,18,1
1376597189,17,2
1376597379,16,3
1376597601,16,3
1376597718,17,2
1376598321,17,2
1376598541,18,1
1376599144,18,1
1376599748,18,1
1376600351,18,1
1376600955,18,1
1376601558,18,1
1376602162,18,1
1376602765,18,1
1376603369,18,1
1376603444,17,2
1376603496,17,2
1376603553,17,2
1376603615,17,2
1376603660,18,1
1376604263,18,1
1376604799,16,3
1376605402,16,3
1376605723,13,6
1376605769,11,8
1376605841,8,11
1376605866,6,13
1376606296,5,14
1376606899,5,14
1376607503,5,14
1376608106,5,14
1376608710,5,14
1376608961,6,13
1376609019,7,12
1376609052,8,11
1376609494,7,12
1376610098,7,12
1376610701,7,12
1376611305,7,12
1376611908,7,12
1376612512,7,12
1376613116,7,12
1376613719,7,12
1376614322,7,12
1376614926,7,12
1376615529,7,12
1376616133,7,12
1376616736,7,12
1376617340,7,12
1376617658,7,12
1376618262,7,12
1376618865,7,12
1376619468,7,12
1376620072,7,12
1376620676,7,12
1376621280,7,12
1376621356,8,11
1376621959,8,11
1376622563,8,11
1376622937,9,10
1376623541,9,10
1376624144,9,10
1376624748,9,10
1376625351,9,10
1376625955,9,10
1376626558,9,10
1376627162,9,10
1376627765,9,10
1376628369,9,10
1376628972,9,10
1376629576,9,10
1376630179,9,10
1376630783,9,10
1376631100,8,11
1376631704,8,11
1376632307,8,11
1376632619,7,12
1376632707,6,13
1376633311,6,13
1376633857,6,13
1376633867,7,12
1376634471,7,12
1376635074,7,12
1376635172,6,13
1376635361,7,12
1376635792,6,13
1376636395,6,13
1376636624,6,13
1376636626,5,14
1376636923,5,14
1376636925,6,13
1376637030,6,13
1376637064,7,12
1376637545,6,13
1376637960,5,14
1376638165,3,16
1376638573,4,15
1376639009,5,14
1376639185,4,15
1376639624,4,15
1376639633,5,14
1376639757,4,15
1376639901,5,14
1376640505,5,14
1376641064,5,14
1376641084,3,16
1376641169,4,15
1376641315,3,16
1376641585,2,17
1376641616,3,16
1376641723,2,17
1376641896,3,16
1376642121,2,17
1376642201,3,16
1376642261,4,15
1376642435,5,14
1376642521,4,15
1376642729,3,16
1376643333,3,16
1376643667,2,17
1376644270,2,17
1376644898,2,17
1376645494,2,17
1376645520,3,16
1376645634,2,17
1376646286,2,17
1376646299,2,17
1376646632,3,16
1376646704,3,16
1376646706,4,15
1376646776,5,14
1376646914,6,13
1376646992,5,14
1376647037,5,14
1376647641,5,14
1376647816,6,13
1376648237,7,12
1376648304,5,14
1376648585,5,14
1376648706,6,13
1376648919,7,12
1376649346,7,12
1376649447,8,11
1376649645,10,9
1376649655,11,8
1376650258,11,8
1376650424,11,8
1376650433,12,7
1376650904,11,8
1376651564,11,7
1376651578,12,7
1376652182,12,7
1376652689,11,8
1376652761,11,7
1376652823,10,9
1376652881,10,9
1376652943,12,7
1376653546,12,7
1376654150,12,7
1376654753,12,7
1376654816,11,8
1376655420,11,8
1376655843,10,9
1376655949,9,10
1376656219,8,11
1376656822,8,11
1376656903,8,11
1376656940,9,10
1376657177,10,9
1376657498,9,10
1376657606,8,11
1376657987,7,12
1376658102,8,11
1376658111,9,10
1376658417,9,10
1376658495,9,10
1376658570,9,10
1376658622,9,10
1376658702,11,8
1376659003,10,9
1376659606,10,9
1376659780,9,10
1376660310,9,10
1376660329,10,9
1376660903,11,8
1376661330,12,7
1376661516,13,6
1376662034,14,5
1376662153,13,6
1376662203,12,7
1376662359,12,7
1376662415,13,6
1376662470,14,5
1376662539,14,5
1376662584,14,5
1376662706,14,5
1376662739,15,4
1376662844,15,4
1376663019,16,3
1376663168,17,2
1376663296,17,2
1376663330,18,1
1376663793,19,0
1376664269,18,1
1376664403,18,1
1376664406,17,2
1376664498,17,2
1376664553,19,0
1376665157,19,0
1376665542,18,1
1376665878,19,0
1376666188,18,1
1376666472,17,2
1376666772,18,1
1376667072,17,2
1376667278,17,2
1376667309,17,2
1376667381,17,2
1376667410,18,1
1376668014,18,1
1376668504,17,2
1376668826,16,3
1376669021,15,4
1376669215,14,5
1376669489,13,6
1376669701,14,5
1376669913,14,5
1376669960,15,4
1376670424,15,4
1376670502,15,4
1376670584,16,3
1376670587,17,2
1376670752,18,1
1376670797,19,0
1376671419,17,2
1376671604,18,1
1376671719,18,1
1376671751,18,1
1376671849,18,1
1376671957,18,1
1376671968,19,0
1376672572,19,0
1376672743,19,0
1376672774,19,0
1376673377,19,0
1376673464,18,1
1376673628,17,2
1376673972,16,3
1376674248,15,3
1376674352,15,4
1376674691,16,3
1376674952,15,4
1376675153,16,3
1376675757,16,3
1376675945,17,2
1376676008,18,1
1376676611,18,1
1376677215,18,1
1376677297,17,2
1376677900,17,2
1376677936,18,1
1376678249,19,0
1376678853,19,0
1376678976,17,2
1376679569,16,3
1376680173,16,3
1376680526,15,4
1376681129,15,4
1376681733,15,4
1376682085,16,3
1376682135,17,2
1376682172,18,1
1376682281,18,1
1376682318,19,0
1376682365,18,1
1376682983,18,1
1376683046,18,1
1376683156,17,2
1376683767,16,3
1376684371,16,3
1376684462,15,4
1376685066,15,4
1376685380,16,3
1376685865,17,2
1376686469,17,2
1376686542,18,1
1376686704,19,0
1376687281,18,1
1376687587,19,0
1376688191,19,0
1376688795,19,0
1376689398,19,0
1376690002,19,0
1376690605,19,0
1376691209,19,0
1376691812,19,0
1376692416,19,0
1376693019,19,0
1376693623,19,0
1376693646,18,1
1376693728,17,2
1376694332,17,2
1376694935,17,2
1376695539,17,2
1376696142,17,2
1376696358,15,4
1376696962,15,4
1376697565,15,4
1376698169,15,4
1376698772,15,4
1376699376,15,4
1376699980,15,4
1376700256,16,3
1376700384,15,4
1376700988,15,4
1376701591,15,4
1376702195,15,4
1376702443,14,5
1376702445,13,6
1376703049,13,6
1376703652,13,6
1376704054,13,6
1376704140,13,6
1376704744,13,6
1376705347,13,6
1376705951,13,6
1376706554,13,6
1376707158,13,6
1376707761,13,6
1376708235,14,5
1376708838,14,5
1376709442,14,5
1376710045,14,5
1376710649,14,5
1376710982,15,4
1376711279,16,3
1376711882,16,3
1376712486,16,3
1376713089,16,3
1376713693,16,3
1376714296,16,3
1376714900,16,3
1376715503,16,3
1376716107,16,3
1376716710,16,3
1376717314,16,3
1376717917,16,3
1376718459,15,4
1376718629,14,5
1376719233,14,5
1376719837,14,5
1376720441,14,5
1376721045,14,5
1376721648,14,5
1376722252,14,5
1376722719,12,7
1376723026,11,8
1376723085,11,8
1376723087,12,7
1376723323,12,7
1376723333,13,6
1376723936,13,6
1376724540,13,6
1376725143,13,6
1376725746,13,6
1376726350,13,6
1376726504,13,6
1376726542,15,4
1376727146,15,4
1376727338,16,3
1376727941,16,3
1376728121,17,2
1376728605,17,2
1376728613,18,1
1376728783,17,2
1376729386,17,2
1376729449,16,3
1376729712,17,2
1376730315,17,2
1376730919,17,2
1376731276,15,4
1376731752,16,3
1376732355,16,3
1376732959,16,3
1376733248,15,4
1376733656,14,5
1376734239,14,5
1376734266,16,3
1376734412,17,2
1376734438,17,2
1376734534,18,1
1376734706,19,0
1376735310,19,0
1376735673,18,1
1376736020,19,0
1376736157,18,1
1376736694,17,2
1376737297,17,2
1376737564,18,1
1376737961,17,2
1376738203,16,3
1376738343,17,2
1376738499,18,1
1376739102,18,1
1376739706,18,1
1376740161,18,1
1376740765,18,1
1376741320,19,0
1376741923,19,0
1376742208,18,1
1376742813,19,0
1376743374,18,1
1376743462,17,2
1376744066,17,2
1376744670,17,2
1376745273,17,2
1376745644,18,1
1376746231,17,2
1376746459,16,3
1376746564,17,2
1376747083,18,1
1376747686,18,1
1376748289,18,1
1376748829,17,2
1376749298,16,3
1376749429,15,4
1376749490,14,5
1376749934,15,4
1376750204,15,4
1376750214,16,3
1376750521,17,2
1376751079,18,1
1376751156,19,0
1376751760,19,0
1376752363,19,0
1376752967,19,0
1376753570,19,0
1376754043,17,2
1376754515,16,3
1376755119,17,2
1376755186,18,1
1376755271,18,1
1376755532,17,2
1376756010,18,1
1376756153,18,1
1376756266,18,1
1376756269,17,2
1376756624,18,1
1376756715,18,1
1376756757,19,0
1376757361,19,0
1376757809,18,1
1376758087,18,1
1376758132,19,0
1376758545,18,1
1376758747,19,0
1376758925,18,1
1376759203,17,2
1376759806,17,2
1376760037,18,1
1376760403,18,1
1376760414,19,0
1376761018,19,0
1376761621,19,0
1376762225,19,0
1376762767,18,1
1376762886,19,0
1376763489,19,0
1376764093,19,0
1376764241,18,1
1376764845,18,1
1376765449,18,1
1376765755,17,2
1376766359,17,2
1376766729,16,3
1376766941,15,4
1376767545,15,4
1376767677,14,5
1376768019,15,4
1376768380,15,4
1376768423,16,3
1376769027,16,3
1376769218,15,4
1376769247,14,5
1376769509,13,6
1376770103,13,6
1376770159,14,5
1376770762,14,5
1376770901,15,4
1376770912,16,3
1376771515,16,3
1376771917,15,4
1376771937,15,4
1376772037,16,3
1376772074,17,2
1376772345,18,1
1376772393,18,1
1376772411,18,1
1376772496,18,1
1376772586,19,0
1376773189,19,0
1376773631,19,0
1376774235,19,0
1376774839,19,0
1376775442,19,0
1376776045,19,0
1376776649,19,0
1376777253,19,0
1376777857,19,0
1376778460,19,0
1376779064,19,0
1376779667,19,0
1376779954,18,1
1376780558,18,1
1376780804,18,0
1376781407,18,1
1376782011,18,1
1376782614,18,1
1376783218,18,1
1376783821,18,1
1376784425,18,1
1376785028,18,1
1376785632,18,1
1376786235,18,1
1376786402,17,2
1376787006,17,2
1376787609,17,2
1376788213,17,2
1376788816,17,2
1376789420,17,2
1376790023,17,2
1376790458,17,2
1376791061,17,2
1376791665,17,2
1376792268,17,2
1376792872,17,2
1376793475,17,2
1376794079,17,2
1376794683,17,2
1376795232,18,1
1376795836,18,1
1376796440,18,1
1376797043,18,1
1376797646,18,1
1376798250,18,1
1376798854,18,1
1376799457,18,1
1376800061,18,1
1376800665,18,1
1376801268,18,1
1376801871,18,1
1376802475,18,1
1376803078,18,1
1376803682,18,1
1376804285,18,1
1376804889,18,1
1376805492,18,1
1376806096,18,1
1376806700,18,1
1376807303,18,1
1376807907,18,1
1376808510,18,1
1376808646,17,2
1376809199,16,3
1376809802,16,3
1376810184,15,4
1376810788,15,4
1376811117,14,5
1376811720,14,5
1376812187,13,6
1376812790,13,6
1376813205,12,7
1376813806,12,7
1376813809,13,6
1376813992,12,7
1376814595,12,7
1376814724,10,9
1376814821,11,8
1376815424,11,8
1376815492,10,9
1376816096,10,9
1376816407,11,8
1376817010,11,8
1376817371,12,7
1376817916,13,6
1376818519,13,6
1376818659,14,5
1376819262,14,5
1376819446,14,5
1376819453,15,4
1376820057,15,4
1376820680,16,3
1376821124,16,3
1376821131,17,2
1376821581,18,1
1376821901,18,1
1376822176,19,0
1376822779,19,0
1376823383,19,0
1376823986,19,0
1376824590,19,0
1376825193,19,0
1376825261,18,1
1376825864,18,1
1376826516,19,0
1376826978,18,1
1376827242,19,0
1376827845,19,0
1376828257,16,3
1376828480,17,2
1376829084,17,2
1376829594,18,1
1376830198,18,1
1376830801,18,1
1376831109,19,0
1376831169,18,1
1376831773,18,1
1376832376,18,1
1376832614,19,0
