1376208425,23,0
1376209029,23,0
1376209632,23,0
1376210236,23,0
1376210839,23,0
1376211443,23,0
1376211698,23,0
1376212301,23,0
1376212905,23,0
1376213509,23,0
1376214023,22,1
1376214179,23,0
1376214655,22,1
1376215169,23,0
1376215223,22,1
1376215271,23,0
1376215874,23,0
1376216478,23,0
1376216694,22,1
1376217031,23,0
1376217206,22,1
1376217524,22,1
1376217531,23,0
1376218135,23,0
1376218738,23,0
1376219342,23,0
1376219945,23,0
1376220549,23,0
1376221152,23,0
1376221756,23,0
1376222359,23,0
1376222963,23,0
1376223215,22,1
1376223263,23,0
1376223303,22,1
1376223525,22,1
1376223582,22,1
1376223677,22,1
1376223752,22,1
1376223822,22,1
1376223845,23,0
1376224449,23,0
1376225053,23,0
1376225133,21,2
1376225434,22,1
1376225466,21,2
1376225539,22,1
1376225725,23,0
1376225910,22,1
1376226007,23,0
1376226415,22,1
1376226504,23,0
1376227108,23,0
1376227484,22,1
1376228088,22,1
1376228277,21,2
1376228500,21,2
1376228508,22,1
1376228863,22,1
1376228881,23,0
1376229484,23,0
1376230088,23,0
1376230157,22,1
1376230415,21,2
1376230685,20,3
1376230753,21,2
1376230893,22,1
1376231496,22,1
1376231593,21,2
1376231891,21,2
1376232162,21,2
1376232170,22,1
1376232351,22,1
1376232743,23,0
1376233347,23,0
1376233517,17,6
1376234121,17,6
1376234484,18,5
1376234588,17,6
1376234715,18,5
1376235280,18,5
1376235289,19,4
1376235497,20,3
1376235968,19,4
1376236303,19,4
1376236306,20,3
1376236919,21,2
1376237158,22,1
1376237762,22,1
1376238054,23,0
1376238656,23,0
1376238748,22,1
1376238801,23,0
1376239405,23,0
1376239843,18,5
1376239858,17,6
1376240320,17,6
1376240328,18,5
1376240501,19,4
1376240688,18,5
1376240802,18,5
1376240825,19,4
1376240979,18,5
1376240992,18,5
1376241078,18,5
1376241138,19,4
1376241742,19,4
1376242052,18,5
1376242177,18,5
1376242231,18,4
1376242263,19,3
1376242541,20,2
1376243077,20,2
1376243127,20,2
1376243195,20,2
1376243251,19,3
1376243271,19,3
1376243365,20,2
1376243425,21,1
1376243451,22,0
1376243942,21,1
1376244214,21,1
1376244234,22,0
1376244294,21,1
1376244920,20,3
1376245116,20,3
1376245127,21,2
1376245237,20,3
1376245477,19,4
1376245517,20,3
1376245941,21,2
1376246079,21,2
1376246107,22,1
1376246710,22,1
1376246973,21,2
1376247029,21,2
1376247044,21,2
1376247198,22,1
1376247702,23,0
1376248305,23,0
1376248409,20,3
1376248795,21,2
1376249056,22,1
1376249660,22,1
1376249905,23,0
1376250508,23,0
1376251112,23,0
1376251716,23,0
1376252319,23,0
1376252923,23,0
1376253526,23,0
1376254130,23,0
1376254734,23,0
1376255337,23,0
1376255941,23,0
1376256544,23,0
1376257148,23,0
1376257708,22,1
1376258311,22,1
1376258552,23,0
1376259155,23,0
1376259759,23,0
1376260362,23,0
1376260967,23,0
1376261570,23,0
1376262174,23,0
1376262611,21,2
1376262866,19,4
1376263111,18,5
1376263497,19,4
1376263783,19,4
1376263785,20,3
1376264260,21,2
1376264864,21,2
1376265467,21,2
1376266071,21,2
1376266674,21,2
1376267279,21,2
1376267883,21,2
1376268487,21,2
1376269091,21,2
1376269694,21,2
1376269763,18,5
1376270063,18,5
1376270139,19,4
1376270743,19,4
1376271074,19,4
1376271677,19,4
1376271735,18,5
1376272339,18,5
1376272942,18,5
1376273545,18,5
1376274150,18,5
1376274754,18,5
1376275358,18,5
1376275962,18,5
1376276566,18,5
1376277169,18,5
1376277774,18,5
1376278378,18,5
1376278982,18,5
1376279586,18,5
1376280191,18,5
1376280795,18,5
1376281399,18,5
1376282002,18,5
1376282083,18,5
1376282090,19,4
1376282694,19,4
1376283297,19,4
1376283900,19,4
1376284504,19,4
1376285107,19,4
1376285291,20,3
1376285888,21,2
1376286491,21,2
1376287095,21,2
1376287183,22,1
1376287794,22,1
1376288398,22,1
1376288463,23,0
1376289066,23,0
1376289670,23,0
1376290274,23,0
1376290877,23,0
1376291480,23,0
1376292084,23,0
1376292687,23,0
1376292936,22,1
1376293281,23,0
1376293534,21,2
1376293583,21,2
1376293654,21,2
1376293874,22,1
1376294478,22,1
1376295081,22,1
1376295580,23,0
1376295603,22,1
1376296207,22,1
1376296765,23,0
1376296832,22,1
1376297276,21,2
1376297880,21,2
1376298483,21,2
1376299087,21,2
1376299580,22,1
1376300184,22,1
1376300788,22,1
1376301391,22,1
1376301420,21,2
1376301642,21,2
1376301644,20,3
1376302248,20,3
1376302851,20,3
1376303454,20,3
1376303623,21,2
1376303731,22,1
1376304335,22,1
1376304940,22,1
1376305102,23,1
1376305706,23,1
1376306190,23,1
1376306794,23,1
1376307397,23,1
1376308001,23,1
1376308605,23,1
1376309208,23,1
1376309812,23,1
1376310416,23,1
1376310841,23,1
1376311405,22,2
1376312009,22,2
1376312296,23,1
1376312484,22,2
1376312587,23,1
1376313190,23,1
1376313440,24,0
1376313468,23,1
1376313924,22,2
1376314538,23,1
1376315141,23,1
1376315442,22,2
1376315579,23,1
1376316059,24,0
1376316209,23,1
1376316255,20,4
1376316370,21,3
1376316973,21,3
1376317283,20,4
1376317664,20,4
1376317673,21,3
1376318276,21,3
1376318922,22,2
1376319526,22,2
1376320129,22,2
1376320389,21,3
1376320429,20,4
1376320902,20,4
1376320904,21,3
1376321011,22,2
1376321075,23,1
1376321317,24,0
1376321836,23,1
1376322440,23,1
1376322623,24,0
1376323226,24,0
1376323409,22,2
1376323471,22,2
1376323517,22,2
1376323617,23,1
1376323821,24,0
1376324425,24,0
1376325028,24,0
1376325441,23,1
1376325878,22,2
1376326062,19,5
1376326113,21,3
1376326174,21,3
1376326243,21,3
1376326298,22,2
1376326528,23,1
1376326579,24,0
1376326933,23,1
1376327049,23,1
1376327115,24,0
1376327699,23,1
1376328150,22,2
1376328753,22,2
1376328883,21,3
1376329206,22,2
1376329758,20,4
1376329803,21,3
1376329875,21,3
1376329962,22,2
1376329970,23,1
1376330449,23,1
1376330606,24,0
1376331209,24,0
1376331813,24,0
1376332417,24,0
1376332564,23,1
1376333022,22,2
1376333031,23,1
1376333550,22,2
1376333763,21,3
1376334367,21,3
1376334970,21,3
1376335100,20,4
1376335363,20,4
1376335365,21,3
1376335447,23,1
1376336051,23,1
1376336293,24,0
1376336725,22,2
1376337328,22,2
1376337693,21,3
1376337941,22,2
1376338508,23,1
1376339112,23,1
1376339511,24,0
1376340114,24,0
1376340300,23,1
1376340904,23,1
1376341507,23,1
1376341553,24,0
1376341791,23,1
1376342112,24,0
1376342785,24,0
1376343389,24,0
1376343992,24,0
1376344596,24,0
1376345200,24,0
1376345797,23,1
1376346400,23,1
1376347004,23,1
1376347608,23,1
1376347681,22,2
1376348324,22,2
1376348326,21,3
1376348929,21,3
1376349533,21,3
1376350060,18,6
1376350274,16,8
1376350877,16,8
1376351097,15,9
1376351263,15,9
1376351265,16,8
1376351868,16,8
1376352473,16,8
1376353077,16,8
1376353680,16,8
1376354284,16,8
1376354888,16,8
1376355492,16,8
1376356095,16,8
1376356664,16,8
1376356666,17,7
1376357485,17,7
1376358089,17,7
1376358693,17,7
1376359297,17,7
1376359900,17,7
1376360045,18,6
1376360648,18,6
1376361101,18,6
1376361108,19,5
1376361692,18,6
1376362295,18,6
1376362900,18,6
1376363503,18,6
1376364107,18,6
1376364711,18,6
1376365314,18,6
1376365918,18,6
1376366521,18,6
1376367125,18,6
1376367729,18,6
1376368332,18,6
1376368936,18,6
1376369540,18,6
1376370143,18,6
1376370748,18,6
1376371352,18,6
1376371527,17,7
1376372130,17,7
1376372734,17,7
1376372894,18,6
1376373223,17,7
1376373389,18,6
1376373698,18,6
1376373718,18,6
1376373781,19,5
1376374264,18,6
1376374893,19,5
1376375081,19,5
1376375112,20,4
1376375280,21,3
1376375530,22,2
1376375711,23,1
1376375751,22,2
1376376110,22,2
1376376301,21,3
1376376372,19,5
1376376839,18,6
1376377030,19,5
1376377307,19,5
1376377432,20,4
1376378036,20,4
1376378639,20,4
1376378773,21,3
1376379263,22,2
1376379642,22,2
1376379645,23,1
1376380249,23,1
1376380853,23,1
1376381457,23,1
1376382389,23,1
1376382944,23,1
1376382947,22,2
1376383550,22,2
1376384154,22,2
1376385096,21,3
1376385699,21,3
1376386303,21,3
1376386397,22,2
1376387001,22,2
1376387323,22,2
1376387332,22,2
1376387935,22,2
1376388244,22,2
1376388336,23,1
1376388901,22,2
1376388958,23,1
1376389006,22,2
1376389610,22,2
1376389676,21,3
1376389869,20,4
1376390021,21,3
1376390029,22,2
1376390320,22,2
1376390327,23,1
1376390930,23,1
1376391534,23,1
1376392011,24,0
1376392521,23,1
1376392637,24,0
1376392867,23,1
1376393471,23,1
1376394074,23,1
1376394698,22,2
1376394722,23,1
1376395326,23,1
1376395475,21,3
1376395532,21,3
1376395588,21,3
1376396112,21,2
1376396717,21,3
1376397161,21,3
1376397217,21,3
1376397283,22,2
1376397285,23,1
1376397890,23,1
1376398264,24,0
1376398869,24,0
1376399472,24,0
1376400076,24,0
1376400381,23,1
1376400408,22,2
1376400637,21,3
1376400818,22,2
1376401422,22,2
1376401470,22,2
1376401521,23,1
1376401581,24,0
1376401832,23,1
1376402265,24,0
1376402869,24,0
1376403472,24,0
1376404075,24,0
1376404603,24,0
1376404605,23,1
1376404952,23,1
1376404977,23,1
1376405032,23,1
1376405129,23,1
1376405198,24,0
1376405802,24,0
1376406405,24,0
1376407009,24,0
1376407612,24,0
1376408217,24,0
1376408306,23,1
1376408621,24,0
1376408856,22,2
1376408886,20,4
1376409020,20,4
1376409103,20,4
1376409153,21,3
1376409571,21,3
1376409638,22,2
1376409682,21,3
1376409870,22,2
1376409915,23,1
1376410519,23,1
1376410769,24,0
1376410821,23,1
1376411035,24,0
1376411638,24,0
1376411803,23,1
1376411854,23,1
1376411893,22,2
1376412018,23,1
1376412622,23,1
1376413225,23,1
1376413828,23,1
1376413945,22,2
1376414547,21,3
1376414620,21,3
1376414683,22,2
1376415287,22,2
1376415871,22,2
1376416133,21,3
1376416499,22,2
1376416577,20,4
1376416900,21,3
1376417111,20,4
1376417714,20,4
1376417777,21,3
1376417837,20,4
1376417983,21,3
1376418523,21,3
1376418541,19,5
1376418881,18,6
1376419146,19,5
1376419741,20,4
1376420247,19,5
1376420654,20,4
1376420930,19,5
1376421284,20,4
1376421286,21,3
1376421494,23,1
1376422097,23,1
1376422701,23,1
1376423304,23,1
1376423444,24,0
1376424048,24,0
1376424651,24,0
1376425255,24,0
1376425858,24,0
1376426461,24,0
1376427065,24,0
1376427669,24,0
1376427883,23,1
1376428283,22,2
1376428662,23,1
1376429266,23,1
1376429629,22,2
1376430155,23,1
1376430733,24,0
1376431337,24,0
1376431940,24,0
1376432544,24,0
1376432624,23,1
1376432659,23,1
1376432729,24,0
1376433332,24,0
1376433936,24,0
1376434540,24,0
1376434772,23,1
1376435377,23,1
1376435980,23,1
1376436583,23,1
1376436883,23,1
1376436891,22,2
1376437183,22,2
1376437212,23,1
1376437329,22,2
1376437903,19,5
1376437955,16,8
1376437992,13,11
1376438595,13,11
1376438856,12,12
1376438924,12,12
1376438926,11,13
1376439530,11,13
1376440134,11,13
1376440737,11,13
1376441341,11,13
1376441944,11,13
1376442548,11,13
1376443151,11,13
1376443870,11,13
1376444474,11,13
1376445077,11,13
1376445681,11,13
1376446284,11,13
1376446888,11,13
1376447491,11,13
1376448095,11,13
1376448698,11,13
1376449302,11,13
1376449906,11,13
1376450509,11,13
1376451112,11,13
1376451716,11,13
1376452319,11,13
1376452923,11,13
1376453527,11,13
1376454130,11,13
1376454639,11,13
1376454645,12,12
1376455248,12,12
1376455852,12,12
1376456455,12,12
1376457059,12,12
1376457662,12,12
1376458266,12,12
1376458869,12,12
1376459481,13,11
1376460085,13,11
1376460688,13,11
1376461234,12,12
1376461838,12,12
1376462441,12,12
1376462533,13,11
1376462586,12,12
1376462703,13,11
1376462796,13,11
1376462902,14,10
1376463249,13,11
1376463684,12,12
1376463725,13,11
1376463988,12,12
1376464156,13,11
1376464360,13,11
1376464390,14,10
1376464601,14,10
1376464614,14,10
1376464800,15,9
1376465068,16,8
1376465359,17,7
1376465399,18,6
1376466003,18,6
1376466060,19,5
1376466175,20,4
1376466778,20,4
1376466893,21,3
1376466967,20,4
1376467178,21,3
1376467224,22,2
1376467540,23,1
1376467656,23,1
1376467679,23,0
1376467767,23,0
1376467899,23,0
1376467928,23,0
1376468204,24,0
1376468207,23,1
1376468374,22,2
1376468821,22,2
1376469002,23,1
1376469081,22,2
1376469112,22,1
1376469669,23,0
1376470272,23,0
1376470876,23,0
1376471479,23,0
1376472083,23,0
1376472686,23,0
1376473203,22,1
1376473806,22,1
1376473933,21,2
1376474480,20,3
1376474703,19,4
1376474997,20,3
1376475637,21,2
1376476240,21,2
1376476644,21,2
1376476711,22,1
1376476736,23,0
1376476823,22,1
1376477426,22,1
1376478030,22,1
1376478633,22,1
1376479236,22,1
1376479840,22,1
1376480053,23,0
1376480657,23,0
1376481260,23,0
1376481864,23,0
1376482101,22,1
1376482148,23,0
1376482344,22,1
1376482948,22,1
1376483197,23,0
1376483804,22,1
1376484311,23,0
1376484915,23,0
1376485518,23,0
1376486122,23,0
1376486644,22,1
1376487272,21,2
1376487675,22,1
1376488279,22,1
1376488882,22,1
1376488915,21,2
1376489533,22,1
1376489600,22,1
1376490203,22,1
1376490807,22,1
1376491410,22,1
1376492014,22,1
1376492344,21,2
1376492948,21,2
1376493549,20,3
1376494152,20,3
1376494662,16,7
1376494709,13,10
1376495205,13,10
1376495207,12,11
1376495622,12,11
1376495632,13,10
1376495847,12,11
1376496098,13,10
1376496313,12,11
1376496450,13,10
1376497054,13,10
1376497415,12,11
1376497659,12,11
1376497667,13,10
1376497961,14,9
1376498117,16,7
1376498202,17,6
1376498252,17,6
1376498287,18,5
1376498431,19,4
1376498493,19,4
1376498515,20,3
1376498582,19,4
1376498889,18,5
1376499132,19,4
1376499323,18,5
1376499509,20,3
1376499703,20,3
1376499706,19,4
1376499965,18,5
1376500118,18,5
1376500128,19,4
1376500732,19,4
1376500930,18,5
1376501427,18,5
1376501502,18,5
1376501561,17,5
1376501574,17,6
1376501820,16,7
1376501984,16,7
1376501986,17,6
1376502590,17,6
1376502749,18,5
1376502876,19,4
1376503285,19,4
1376503342,20,3
1376503472,19,4
1376503536,20,3
1376504744,20,3
1376504904,21,2
1376505335,22,1
1376505386,22,1
1376505989,22,1
1376506481,22,1
1376506491,23,0
1376506618,22,1
1376506901,22,0
1376506921,22,0
1376507260,22,0
1376507274,22,0
1376507615,22,0
1376507628,22,0
1376507920,22,0
1376507982,22,0
1376508183,21,1
1376508336,21,1
1376508402,21,1
1376508409,22,0
1376508644,22,0
1376508689,22,0
1376509043,22,0
1376509360,22,0
1376509398,22,0
1376509714,22,0
1376509752,22,0
1376509889,22,0
1376510105,22,0
1376510334,21,1
1376510403,21,2
1376511007,21,2
1376511610,21,2
1376512214,21,2
1376512776,22,1
1376513379,22,1
1376513896,23,0
1376514500,23,0
1376515104,23,0
1376515707,23,0
1376515857,22,1
1376516002,22,1
1376516055,23,0
1376516658,23,0
1376517262,23,0
1376517508,22,1
1376518111,22,1
1376518201,23,0
1376518804,23,0
1376519408,23,0
1376520011,23,0
1376520615,23,0
1376521218,23,0
1376521683,22,1
1376522286,22,1
1376522890,22,1
1376523494,22,1
1376523744,21,2
1376524347,21,2
1376524951,21,2
1376525554,21,2
1376525981,22,1
1376526585,22,1
1376527188,22,1
1376527806,21,2
1376528410,21,2
1376529013,21,2
1376529394,22,1
1376529409,21,2
1376530012,21,2
1376530357,21,2
1376530403,22,1
1376530556,23,0
1376531160,23,0
1376531763,23,0
1376532366,23,0
1376532970,23,0
1376533413,21,2
1376533453,19,4
1376533535,15,8
1376533555,14,9
1376533841,15,8
1376533932,16,7
1376534536,16,7
1376535162,16,7
1376535170,17,6
1376535774,17,6
1376536378,17,6
1376536981,17,6
1376537585,17,6
1376538188,17,6
1376538791,17,6
1376539395,17,6
1376539877,16,7
1376540480,16,7
1376541084,16,7
1376541687,16,7
1376542291,16,7
1376542895,16,7
1376543498,16,7
1376544101,16,7
1376544705,16,7
1376545309,16,7
1376545912,16,7
1376546516,16,7
1376547120,16,7
1376547724,16,7
1376548328,16,7
1376548801,17,6
1376548952,16,7
1376549555,17,6
1376550159,17,6
1376550762,17,6
1376551366,17,6
1376551969,17,6
1376552572,17,6
1376553176,17,6
1376553780,17,6
1376553962,18,5
1376554356,17,6
1376554959,17,6
1376555089,16,7
1376555576,17,6
1376555779,18,5
1376555952,17,6
1376556222,17,6
1376556230,18,5
1376556435,20,3
1376557039,20,3
1376557643,20,3
1376557790,19,4
1376558394,19,4
1376558548,20,3
1376559152,20,3
1376559755,20,3
1376559931,19,4
1376560535,19,4
1376560683,19,4
1376561286,19,4
1376561890,19,4
1376562493,19,4
1376563097,19,4
1376563700,19,4
1376564304,19,4
1376564907,19,4
1376565048,18,5
1376565652,18,5
1376566241,19,4
1376566845,19,4
1376567449,19,4
1376568052,19,4
1376568656,19,4
1376569259,19,4
1376569722,18,5
1376569732,17,6
1376569998,17,6
1376570058,17,6
1376570097,18,5
1376570224,17,6
1376570441,17,6
1376570480,20,3
1376571084,20,3
1376571599,21,2
1376572203,21,2
1376572442,21,2
1376572530,21,2
1376572879,22,1
1376573482,22,1
1376573649,21,2
1376574252,21,2
1376574856,21,2
1376575459,21,2
1376576063,21,2
1376576666,21,2
1376577007,22,1
1376577610,22,1
1376578055,22,1
1376578065,22,1
1376578553,23,0
1376579157,23,0
1376579622,23,0
1376579625,22,1
1376580035,23,0
1376580080,22,1
1376580216,23,0
1376580442,22,1
1376581045,22,1
1376581660,23,0
1376582263,23,0
1376582867,23,0
1376582982,23,0
1376583005,23,0
1376583608,23,0
1376583694,22,1
1376584002,21,2
1376584004,22,1
1376584652,22,1
1376585256,22,1
1376585425,23,0
1376585836,21,2
1376586410,20,3
1376586823,20,3
1376586825,19,4
1376586904,19,4
1376587292,18,5
1376587663,19,4
1376588013,20,3
1376588616,20,3
1376588897,21,2
1376589163,22,1
1376589444,21,2
1376589523,21,2
1376589525,22,1
1376589657,21,2
1376590261,21,2
1376590386,22,1
1376590471,22,1
1376590497,23,0
1376591100,23,0
1376591309,22,1
1376591430,23,0
1376592034,23,0
1376592223,23,0
1376592225,22,1
1376592316,23,0
1376592920,23,0
1376593524,23,0
1376593583,22,1
1376594187,22,1
1376594424,22,1
1376594909,23,0
1376595512,23,0
1376596115,23,0
1376596719,23,0
1376597323,23,0
1376597926,23,0
1376598529,23,0
1376599133,23,0
1376599399,22,1
1376600002,22,1
1376600606,22,1
1376600770,23,0
1376601374,23,0
1376601977,23,0
1376602581,23,0
1376603184,23,0
1376603473,21,2
1376604077,21,2
1376604272,22,1
1376604875,22,1
1376605280,23,0
1376605884,23,0
1376606487,23,0
1376607091,23,0
1376607694,23,0
1376608098,22,1
1376608701,22,1
1376609128,23,0
1376609732,23,0
1376610335,23,0
1376610939,23,0
1376611542,23,0
1376612146,23,0
1376612750,23,0
1376613353,23,0
1376613956,23,0
1376614560,23,0
1376615164,23,0
1376615779,22,1
1376616382,22,1
1376616667,22,1
1376617271,22,1
1376617874,22,1
1376618478,22,1
1376619081,22,1
1376619283,22,1
1376619292,23,0
1376619373,22,1
1376619607,22,1
1376620211,22,1
1376620814,22,1
1376621418,22,1
1376622021,22,1
1376622625,22,1
1376623228,22,1
1376623832,22,1
1376624436,22,1
1376625039,22,1
1376625643,22,1
1376626246,22,1
1376626850,22,1
1376627453,22,1
1376628056,22,1
1376628660,22,1
1376629263,22,1
1376629867,22,1
1376630471,22,1
1376631074,22,1
1376631677,22,1
1376632281,22,1
1376632884,22,1
1376633488,22,1
1376634091,22,1
1376634695,22,1
1376635298,22,1
1376635902,22,1
1376636186,20,3
1376636258,20,3
1376636286,21,2
1376636889,21,2
1376637280,21,2
1376637288,22,1
1376637824,22,1
1376637835,23,0
1376638238,20,3
1376638842,20,3
1376639348,18,5
1376639408,17,6
1376640012,17,6
1376640163,17,6
1376640206,19,4
1376640233,18,5
1376640442,19,4
1376640490,20,3
1376640955,21,2
1376641091,22,1
1376641388,23,0
1376641903,23,0
1376641907,21,2
1376642558,21,2
1376642567,22,1
1376643170,22,1
1376643774,22,1
1376644378,22,1
1376644981,22,1
1376645277,22,1
1376645518,22,1
1376646122,22,1
1376646283,22,0
1376646336,23,0
1376646910,22,1
1376647106,23,0
1376647692,22,1
1376648296,22,1
1376648883,21,2
1376649487,21,2
1376649833,22,1
1376650290,21,2
1376650844,21,2
1376650852,22,1
1376651455,22,1
1376652059,22,1
1376652159,22,1
1376652174,23,0
1376652778,23,0
1376653381,23,0
1376653985,23,0
1376654305,22,1
1376654882,23,0
1376655485,23,0
1376656089,23,0
1376656692,23,0
1376657296,23,0
1376657900,23,0
1376658503,23,0
1376659107,23,0
1376659710,23,0
1376660314,23,0
1376660918,23,0
1376661529,23,0
1376661763,23,0
1376661766,23,0
1376662116,22,1
1376662185,22,1
1376662187,23,0
1376662385,22,1
1376662754,21,2
1376662982,22,1
1376663586,22,1
1376663637,23,0
1376664240,23,0
1376664762,23,0
1376664819,23,0
1376665422,23,0
1376665870,21,2
1376666002,20,3
1376666055,21,2
1376666256,20,2
1376666275,20,3
1376666414,21,2
1376666726,22,1
1376667342,23,0
1376667946,23,0
1376668100,23,0
1376668177,23,0
1376668287,23,0
1376668891,23,0
1376669080,22,1
1376669089,23,0
1376669503,23,0
1376669506,21,2
1376669959,22,1
1376670042,22,1
1376670053,23,0
1376670337,22,1
1376670351,21,2
1376670444,23,0
1376670891,22,1
1376670959,21,2
1376671484,21,2
1376671486,22,1
1376671664,23,0
1376672268,23,0
1376672871,23,0
1376673144,22,1
1376673224,22,1
1376673241,20,3
1376673307,21,2
1376673762,21,2
1376673764,20,3
1376674074,21,2
1376674277,20,3
1376674421,21,2
1376674915,22,1
1376674985,21,2
1376675226,23,0
1376675831,23,0
1376676435,23,0
1376677032,22,1
1376677093,21,2
1376677433,22,1
1376678036,22,1
1376678204,23,0
1376678807,23,0
1376679411,23,0
1376680014,23,0
1376680619,23,0
1376681168,22,1
1376681800,23,0
1376682404,23,0
1376683008,23,0
1376683434,22,1
1376683725,22,1
1376683728,23,0
1376684331,23,0
1376684934,23,0
1376685538,23,0
1376686142,23,0
1376686569,22,1
1376687172,22,1
1376687530,21,2
1376688134,21,2
1376688183,22,1
1376688787,22,1
1376689391,22,1
1376689582,22,1
1376689611,23,0
1376690215,23,0
1376690382,23,0
1376690987,23,0
1376691594,23,0
1376692197,23,0
1376692801,23,0
1376693404,23,0
1376694008,23,0
1376694334,22,1
1376694938,22,1
1376695541,22,1
1376696063,21,2
1376696666,21,2
1376696863,22,1
1376697467,22,1
1376698048,22,1
1376698065,22,1
1376698669,22,1
1376698963,22,1
1376698965,21,2
1376699569,21,2
1376699910,20,3
1376700514,20,3
1376701118,20,3
1376701721,20,3
1376702325,20,3
1376702736,20,3
1376702753,20,3
1376703158,20,3
1376703762,20,3
1376704425,19,4
1376704428,18,5
1376705031,18,5
1376705127,19,4
1376705730,19,4
1376706334,19,4
1376706913,20,3
1376707518,20,3
1376708122,20,3
1376708725,20,3
1376709043,20,3
1376709045,21,2
1376709343,21,2
1376709345,22,1
1376709491,23,0
1376710095,23,0
1376710698,23,0
1376711302,23,0
1376711369,22,1
1376711861,22,1
1376711914,22,1
1376711979,23,0
1376712006,23,0
1376712609,23,0
1376713213,23,0
1376713816,23,0
1376714420,23,0
1376715024,23,0
1376715628,23,0
1376716231,23,0
1376716835,23,0
1376717439,23,0
1376718042,23,0
1376718646,23,0
1376719249,23,0
1376719574,22,1
1376719619,22,1
1376719709,23,0
1376720313,23,0
1376720392,22,1
1376720502,23,0
1376721105,23,0
1376721214,23,0
1376721248,23,0
1376721852,23,0
1376722455,23,0
1376723059,23,0
1376723663,23,0
1376724266,23,0
1376724455,22,1
1376725029,23,0
1376725197,22,1
1376725423,22,1
1376725425,23,0
1376726029,23,0
1376726632,23,0
1376726820,21,2
1376727099,21,2
1376727141,23,0
1376727264,22,1
1376727317,22,1
1376727403,22,1
1376727405,23,0
1376728009,23,0
1376728612,23,0
1376728683,22,1
1376728775,23,0
1376729379,23,0
1376729982,23,0
1376730586,23,0
1376731190,23,0
1376731639,22,1
1376732242,22,1
1376732846,22,1
1376733376,23,0
1376733979,23,0
1376734583,23,0
1376735186,23,0
1376735607,21,2
1376735744,21,2
1376735746,22,1
1376736350,22,1
1376736849,23,0
1376737453,23,0
1376738056,23,0
1376738660,23,0
1376739263,23,0
1376739866,23,0
1376740470,23,0
1376741074,23,0
1376741678,23,0
1376742025,22,1
1376742191,23,0
1376742795,23,0
1376743399,23,0
1376743431,22,1
1376743627,20,3
1376743901,20,3
1376743908,21,2
1376743982,22,1
1376744188,23,0
1376744791,23,0
1376745395,23,0
1376745859,22,1
1376746122,23,0
1376746725,23,0
1376747139,21,2
1376747489,22,1
1376747923,21,2
1376748527,21,2
1376749115,22,1
1376749245,21,2
1376749282,18,5
1376749466,19,4
1376750067,21,2
1376750130,22,1
1376750180,23,0
1376750783,23,0
1376751378,22,1
1376751661,23,0
1376752104,22,1
1376752633,23,0
1376752783,23,0
1376752820,23,0
1376752863,23,0
1376752944,23,0
1376752966,23,0
1376753569,23,0
1376754173,23,0
1376754776,23,0
1376755380,23,0
1376755983,23,0
1376756587,23,0
1376757190,23,0
1376757793,23,0
1376757851,22,1
1376758454,22,1
1376758641,23,0
1376758766,23,0
1376759380,23,0
1376759984,23,0
1376760587,23,0
1376760737,23,0
1376760850,23,0
1376761279,20,3
1376761348,19,4
1376761476,20,3
1376762079,20,3
1376762690,20,3
1376763105,22,1
1376763129,22,1
1376763216,22,1
1376763307,22,1
1376763358,22,1
1376763645,23,0
1376764249,23,0
1376764423,21,2
1376764667,20,3
1376765271,20,3
1376765370,19,4
1376765408,18,5
1376765759,20,3
1376765825,21,2
1376766135,20,3
1376766738,20,3
1376766786,18,5
1376766943,17,6
1376767006,19,4
1376767030,20,3
1376767262,21,2
1376767866,21,2
1376768216,22,1
1376768471,21,2
1376768962,20,3
1376769204,20,3
1376769259,20,3
1376769304,21,2
1376769472,21,2
1376769550,20,2
1376770154,20,2
1376770442,21,1
1376770739,20,2
1376771343,20,2
1376771907,19,3
1376772155,20,2
1376772188,21,1
1376772791,21,1
1376773395,21,1
1376773998,21,1
1376774602,21,1
1376775205,21,1
1376775279,22,0
1376775350,21,1
1376775953,21,1
1376776556,21,1
1376777160,21,1
1376777763,21,1
1376778367,21,1
1376778971,21,1
1376779574,21,1
1376780178,21,1
1376780517,20,2
1376781105,21,1
1376781158,21,1
1376781762,21,1
1376782365,21,1
1376782969,21,1
1376783572,21,1
1376783982,21,1
1376784585,21,1
1376784600,21,1
1376785203,21,1
1376785807,21,1
1376786410,21,1
1376787014,21,1
1376787617,21,1
1376788221,21,1
1376788598,19,3
1376788685,20,2
1376788730,19,3
1376789001,18,4
1376789041,19,3
1376789471,19,3
1376790074,19,3
1376790517,20,2
1376791004,20,2
1376791607,20,2
1376792210,20,2
1376792814,20,2
1376793418,20,2
1376794023,20,2
1376794164,20,2
1376794206,21,1
1376794810,21,1
1376795413,21,1
1376796017,21,1
1376796279,22,1
1376796882,22,1
1376797486,22,1
1376798090,22,1
1376798693,22,1
1376799296,22,1
1376799900,22,1
1376800504,22,1
1376801107,22,1
1376801744,22,1
1376801802,22,1
1376802406,22,1
1376803009,22,1
1376803613,22,1
1376803830,21,2
1376804434,21,2
1376804565,21,2
1376804649,22,1
1376805252,22,1
1376805856,22,1
1376806460,22,1
1376807063,22,1
1376807667,22,1
1376807806,22,1
1376808409,22,1
1376809013,22,1
1376809616,22,1
1376810220,22,1
1376810823,22,1
1376811427,22,1
1376812030,22,1
1376812393,22,1
1376812997,22,1
1376813600,22,1
1376814203,22,1
1376814807,22,1
1376815411,22,1
1376816014,22,1
1376816499,22,1
1376816529,23,0
1376817132,23,0
1376817736,23,0
1376818339,23,0
1376818943,23,0
1376819279,23,0
1376819883,23,0
1376820486,23,0
1376821090,23,0
1376821694,23,0
1376822130,23,0
1376822542,23,0
1376823134,22,1
1376823601,23,0
1376824204,23,0
1376824808,23,0
1376825572,23,0
1376826175,23,0
1376826779,23,0
1376826933,22,1
1376827537,22,1
1376827572,23,0
1376828175,23,0
1376828617,21,2
1376828848,20,3
1376829069,21,2
1376829447,23,0
1376830050,23,0
1376830653,23,0
1376831257,23,0
1376831859,23,0
1376832463,23,0
