1376208538,28,1
1376209142,28,1
1376209747,28,1
1376210351,28,1
1376210954,28,1
1376211099,28,1
1376211703,28,1
1376212307,28,1
1376212910,28,1
1376213514,28,1
1376214119,28,1
1376214750,27,2
1376215063,28,1
1376215470,28,1
1376215506,28,1
1376216110,28,1
1376216714,28,1
1376217318,28,1
1376217921,28,1
1376218525,28,1
1376218810,27,2
1376219218,26,3
1376219382,27,2
1376219391,28,1
1376219995,28,1
1376220224,27,2
1376220240,25,4
1376220450,26,3
1376220701,26,2
1376220724,26,3
1376220823,28,1
1376220883,27,2
1376220896,28,1
1376221500,28,1
1376222104,28,1
1376222348,27,2
1376222672,27,2
1376222694,28,1
1376223345,27,2
1376223819,25,4
1376223827,25,4
1376224238,28,1
1376224843,28,1
1376225447,28,1
1376225662,27,2
1376225794,28,1
1376226398,28,1
1376227002,28,1
1376227431,27,2
1376227505,26,3
1376227734,25,4
1376228339,25,4
1376228443,25,4
1376228460,26,3
1376229064,26,3
1376229668,26,3
1376229993,26,3
1376230060,26,3
1376230093,27,2
1376230173,27,2
1376230293,28,1
1376230321,27,2
1376230925,27,2
1376231528,27,2
1376232132,27,2
1376232642,28,1
1376232871,27,2
1376232945,26,3
1376233003,21,8
1376233065,18,11
1376233086,19,10
1376233421,18,11
1376233699,19,10
1376233903,19,10
1376233906,18,11
1376234080,18,11
1376234135,20,9
1376234203,21,8
1376234213,22,7
1376234316,22,7
1376234384,24,5
1376234435,27,2
1376234484,28,1
1376235089,28,1
1376235692,28,1
1376235893,27,2
1376236496,27,2
1376237106,27,2
1376237184,26,3
1376237674,27,2
1376237734,25,4
1376237781,27,2
1376238385,27,2
1376238789,27,2
1376238995,27,2
1376239600,27,2
1376239963,26,3
1376240053,21,8
1376240657,21,8
1376240922,20,9
1376240924,19,10
1376241159,20,9
1376241569,21,8
1376241822,22,7
1376241936,23,6
1376241983,23,6
1376242104,23,6
1376242154,23,6
1376242303,23,5
1376242343,25,4
1376242948,25,4
1376243304,26,3
1376243638,25,4
1376244242,25,4
1376244846,25,4
1376245166,24,5
1376245770,24,5
1376245817,24,5
1376245896,24,5
1376245951,25,4
1376246051,24,5
1376246252,23,6
1376246466,25,4
1376246994,26,3
1376247387,25,4
1376247899,26,3
1376247995,27,2
1376248198,27,2
1376248297,27,2
1376248343,27,2
1376248948,27,2
1376249489,25,4
1376249525,26,3
1376250000,27,2
1376250604,27,2
1376251157,28,1
1376251377,28,1
1376251986,28,1
1376252178,27,2
1376252374,26,3
1376252913,27,2
1376252956,27,2
1376253503,26,3
1376254050,27,2
1376254442,27,2
1376254500,28,1
1376254776,29,0
1376255380,29,0
1376255984,29,0
1376256588,29,0
1376257192,29,0
1376257795,29,0
1376258399,29,0
1376259003,29,0
1376259063,28,1
1376259668,28,1
1376260101,29,0
1376260148,28,1
1376260784,28,1
1376260794,29,0
1376261398,29,0
1376262001,29,0
1376262605,29,0
1376263209,29,0
1376263813,29,0
1376264417,29,0
1376265021,29,0
1376265625,29,0
1376266228,29,0
1376266832,29,0
1376267204,28,1
1376267808,28,1
1376268412,28,1
1376269015,28,1
1376269283,28,1
1376269312,29,0
1376269917,29,0
1376270520,29,0
1376271024,29,0
1376271101,24,5
1376271150,20,9
1376271181,20,9
1376271786,20,9
1376272049,20,9
1376272086,21,8
1376272691,21,8
1376273295,21,8
1376273898,21,8
1376274502,21,8
1376275106,21,8
1376275710,21,8
1376275809,22,7
1376275884,23,6
1376276488,23,6
1376277092,23,6
1376277696,23,6
1376278299,23,6
1376278903,23,6
1376279507,23,6
1376280111,23,6
1376280715,23,6
1376281318,23,6
1376281922,23,6
1376282526,23,6
1376282773,24,5
1376283151,25,4
1376283207,25,4
1376283811,25,4
1376284415,25,4
1376284782,26,3
1376284791,27,2
1376285320,26,3
1376285925,26,3
1376286522,26,3
1376286531,27,2
1376287135,27,2
1376287193,26,3
1376287478,25,4
1376287536,25,4
1376287587,26,3
1376287712,27,2
1376287816,28,1
1376288058,27,2
1376288381,28,1
1376288437,25,4
1376288502,22,7
1376288561,18,11
1376288612,16,13
1376288684,13,16
1376288731,10,19
1376288770,8,21
1376289221,8,21
1376289264,8,21
1376289522,10,19
1376289753,11,18
1376290062,13,16
1376290071,14,15
1376290140,15,14
1376290211,16,13
1376290421,16,13
1376290452,18,11
1376290507,19,10
1376290894,20,9
1376291204,20,9
1376291206,21,8
1376291282,22,7
1376291359,24,5
1376291780,25,4
1376291846,25,4
1376291906,25,4
1376291976,26,3
1376291988,27,2
1376292097,28,1
1376292666,29,0
1376293104,27,2
1376293174,24,5
1376293227,22,7
1376293254,21,8
1376293357,19,10
1376293368,20,9
1376293441,21,8
1376293747,22,7
1376293956,23,6
1376294001,24,5
1376294606,24,5
1376294983,24,5
1376294986,25,4
1376295589,25,4
1376295696,26,3
1376296299,26,3
1376296361,27,2
1376296405,27,2
1376296518,26,3
1376297123,26,3
1376297578,27,2
1376298193,27,2
1376298286,28,1
1376298296,29,0
1376298900,29,0
1376299504,29,0
1376300108,29,0
1376300717,29,0
1376301322,29,0
1376301925,29,0
1376302529,29,0
1376303133,29,0
1376303339,28,1
1376303729,27,2
1376304332,27,2
1376304936,27,2
1376305113,27,2
1376305158,28,1
1376305654,28,1
1376306259,28,1
1376306863,28,1
1376307466,28,1
1376307978,29,0
1376308032,28,1
1376308362,28,1
1376308370,29,0
1376308974,29,0
1376309578,29,0
1376310182,29,0
1376310786,29,0
1376311389,29,0
1376311722,29,0
1376311725,28,1
1376312084,28,1
1376312095,29,0
1376312699,29,0
1376313303,29,0
1376313908,29,0
1376314511,29,0
1376315115,29,0
1376315374,27,2
1376315442,24,5
1376315495,23,6
1376315550,21,8
1376315622,20,9
1376315626,19,10
1376315696,18,11
1376315802,18,11
1376315846,20,9
1376315980,21,8
1376316160,20,9
1376316198,21,8
1376316280,23,6
1376316661,22,7
1376316820,23,6
1376316843,24,5
1376317477,24,5
1376317531,23,6
1376317566,24,5
1376318175,24,5
1376318779,24,5
1376319584,24,5
1376319626,25,4
1376319680,25,4
1376319812,27,2
1376319880,26,3
1376319917,27,2
1376320485,27,1
1376320506,28,1
1376321107,27,2
1376321254,27,2
1376321489,27,2
1376321788,28,1
1376321826,27,2
1376322267,28,1
1376322834,28,1
1376322938,28,1
1376322973,28,1
1376323577,28,1
1376323896,29,0
1376324501,29,0
1376325106,29,0
1376325460,29,0
1376325579,28,1
1376325642,28,1
1376325646,27,2
1376325860,26,3
1376326122,27,2
1376326205,26,3
1376326357,26,3
1376326399,29,0
1376327003,29,0
1376327606,29,0
1376327909,29,0
1376328513,29,0
1376329116,29,0
1376329242,28,1
1376329252,29,0
1376329856,29,0
1376330461,29,0
1376331065,29,0
1376331561,28,1
1376332139,29,0
1376332250,28,1
1376332624,27,2
1376333229,27,2
1376333832,27,2
1376334436,27,2
1376334672,28,1
1376334800,29,0
1376335241,29,0
1376335261,28,1
1376335746,28,1
1376336350,28,1
1376336639,29,0
1376337243,29,0
1376337628,28,1
1376337968,27,2
1376338081,26,3
1376338170,28,1
1376338380,29,0
1376338974,28,1
1376339577,28,1
1376339709,27,2
1376340313,27,2
1376340917,27,2
1376341520,27,2
1376342124,27,2
1376342444,28,1
1376343047,28,1
1376343651,28,1
1376344255,28,1
1376344858,28,1
1376344961,29,0
1376345566,29,0
1376346040,27,2
1376346644,27,2
1376347362,27,2
1376347370,28,1
1376347974,28,1
1376348578,28,1
1376349137,27,2
1376349741,27,2
1376350345,27,2
1376350949,27,2
1376351553,27,2
1376351612,26,3
1376352216,26,3
1376352820,26,3
1376353424,26,3
1376354027,26,3
1376354631,26,3
1376354837,27,2
1376355441,27,2
1376356120,25,4
1376356182,22,7
1376356232,19,10
1376356260,18,11
1376356864,18,11
1376357422,18,11
1376358025,18,11
1376358629,18,11
1376359233,18,11
1376359420,17,12
1376360025,17,12
1376360628,17,12
1376361232,17,12
1376361836,17,12
1376362439,17,12
1376363043,17,12
1376363647,17,12
1376364252,17,12
1376364855,17,12
1376365459,17,12
1376366063,17,12
1376366667,17,12
1376367270,17,12
1376367874,17,12
1376368478,17,12
1376368901,17,12
1376368904,18,11
1376369508,18,11
1376369893,19,10
1376370316,20,9
1376370702,20,9
1376370726,19,10
1376370820,19,10
1376370845,20,9
1376371080,21,8
1376371684,21,8
1376372139,22,7
1376372743,22,7
1376373347,22,7
1376373821,22,7
1376373879,19,10
1376373937,16,13
1376373998,13,16
1376374050,11,18
1376374099,9,20
1376374184,6,23
1376374243,3,26
1376374265,2,27
1376374323,3,26
1376374423,5,24
1376374810,6,23
1376375413,6,23
1376375515,7,22
1376375647,6,23
1376375798,7,22
1376375862,7,22
1376375873,8,21
1376375981,9,20
1376376009,10,19
1376376098,11,18
1376376553,10,19
1376376809,11,18
1376377300,12,17
1376377381,11,18
1376377656,12,17
1376377841,12,17
1376377854,13,16
1376378290,14,15
1376378563,14,15
1376378566,15,14
1376378844,16,13
1376379102,16,13
1376379111,17,12
1376379715,17,12
1376379870,18,11
1376379885,18,11
1376380489,18,11
1376380591,17,12
1376380945,18,11
1376380990,19,10
1376381082,19,10
1376381140,20,9
1376381197,21,8
1376381209,21,8
1376381813,21,8
1376382417,21,8
1376382509,20,9
1376383123,20,9
1376383132,21,8
1376383737,21,8
1376383991,22,7
1376384618,23,6
1376384643,24,5
1376385247,24,5
1376385477,25,4
1376385998,26,3
1376386038,27,2
1376386111,27,2
1376386715,27,2
1376387319,27,2
1376387347,28,1
1376387407,29,0
1376388011,29,0
1376388113,28,1
1376388462,27,2
1376388465,27,2
1376388782,28,1
1376389386,28,1
1376389891,26,3
1376389956,22,7
1376390024,19,10
1376390072,15,14
1376390092,14,15
1376390668,15,14
1376390846,16,13
1376391049,15,14
1376391384,15,14
1376391446,15,14
1376391516,17,12
1376392120,17,12
1376392724,17,12
1376393328,17,12
1376393404,18,11
1376393905,19,10
1376393979,18,11
1376394100,19,10
1376394565,20,9
1376394695,21,8
1376395298,21,8
1376395475,22,7
1376395928,23,6
1376396303,24,5
1376396907,24,5
1376397252,25,4
1376397701,25,4
1376397711,26,3
1376398342,27,2
1376398475,26,3
1376398565,27,2
1376399169,27,2
1376399359,28,1
1376399821,29,0
1376400426,29,0
1376401030,29,0
1376401634,29,0
1376402238,29,0
1376402842,29,0
1376403445,29,0
1376403793,28,1
1376404398,28,1
1376404603,27,2
1376404606,26,3
1376404865,27,2
1376405442,28,1
1376405456,27,2
1376405782,26,3
1376406090,27,2
1376406160,28,1
1376406208,28,1
1376406243,28,1
1376406328,28,1
1376406402,28,1
1376406460,29,0
1376407063,29,0
1376407667,29,0
1376408018,28,1
1376408061,26,3
1376408120,24,5
1376408190,21,8
1376408223,19,10
1376408731,20,9
1376409218,20,9
1376409230,21,8
1376409834,21,8
1376410403,22,7
1376410544,22,7
1376410583,23,6
1376410622,24,5
1376410760,25,4
1376411238,24,5
1376411842,24,5
1376412294,23,6
1376412696,24,5
1376412817,23,6
1376413063,23,6
1376413072,24,5
1376413303,23,6
1376413497,24,5
1376413706,25,4
1376414310,25,4
1376414713,26,3
1376414796,26,3
1376414807,27,2
1376415081,26,3
1376415211,27,2
1376415367,26,3
1376415607,27,2
1376416211,27,2
1376416815,27,2
1376416897,26,3
1376416931,26,3
1376417535,26,3
1376417799,26,3
1376418404,26,3
1376418720,27,2
1376419324,27,2
1376419928,27,2
1376420532,27,2
1376421135,27,2
1376421265,28,1
1376421869,28,1
1376422472,28,1
1376422538,26,3
1376422598,26,3
1376422659,26,3
1376422669,27,2
1376422783,27,2
1376422786,28,1
1376423262,27,2
1376423267,26,3
1376423633,25,4
1376424238,25,4
1376424380,23,6
1376424497,23,6
1376424628,24,5
1376424727,24,5
1376424807,24,5
1376424883,25,4
1376425280,26,3
1376425885,26,3
1376426488,26,3
1376426669,26,3
1376426698,27,2
1376427303,27,2
1376427906,27,2
1376428345,26,3
1376428877,27,2
1376428963,28,1
1376428995,28,1
1376429599,28,1
1376430202,28,1
1376430806,28,1
1376431310,28,1
1376431914,28,1
1376432517,28,1
1376432802,27,2
1376432863,23,6
1376432921,17,12
1376432924,16,13
1376433169,15,14
1376433324,16,13
1376433583,17,12
1376434227,18,11
1376434831,18,11
1376435435,18,11
1376436039,18,11
1376436452,16,13
1376436514,12,17
1376436583,10,19
1376436586,9,20
1376437190,9,20
1376437794,9,20
1376438399,9,20
1376439002,9,20
1376439607,9,20
1376440211,9,20
1376440814,9,20
1376441418,9,20
1376442022,9,20
1376442626,9,20
1376442755,10,19
1376443359,10,19
1376443827,10,19
1376443903,10,19
1376443925,11,18
1376444529,11,18
1376445133,11,18
1376445736,11,18
1376446340,11,18
1376446944,11,18
1376447548,11,18
1376448151,11,18
1376448755,11,18
1376449359,11,18
1376449600,11,18
1376449608,12,17
1376450212,12,17
1376450816,12,17
1376451420,12,17
1376452024,12,17
1376452628,12,17
1376452908,12,17
1376452986,13,16
1376453072,13,16
1376453103,14,15
1376453233,15,14
1376453286,16,13
1376453498,16,13
1376453507,17,12
1376454112,17,12
1376454716,17,12
1376455320,17,12
1376455722,17,12
1376455724,18,11
1376456328,18,11
1376456932,18,11
1376457536,18,11
1376458139,18,11
1376458743,18,11
1376459378,18,11
1376459388,19,10
1376459992,19,10
1376460596,19,10
1376461200,19,10
1376461803,19,10
1376461957,18,11
1376462255,19,10
1376462589,20,9
1376462682,20,9
1376462729,22,7
1376462803,21,7
1376462909,22,6
1376462983,22,6
1376463019,23,5
1376463093,23,5
1376463143,24,5
1376463195,25,4
1376463509,25,4
1376463547,26,3
1376464151,26,3
1376464304,26,3
1376464313,27,2
1376464663,27,2
1376464762,27,2
1376464821,27,2
1376464881,27,2
1376464932,26,3
1376465141,25,4
1376465247,26,3
1376465440,26,3
1376465500,26,3
1376466104,26,3
1376466463,25,4
1376466522,21,8
1376466583,17,12
1376466642,14,15
1376466701,11,18
1376466740,9,20
1376466820,7,22
1376466863,5,24
1376466937,6,23
1376467541,7,22
1376467980,8,21
1376468079,8,21
1376468089,9,20
1376468306,10,19
1376468367,10,19
1376468969,11,18
1376469573,11,18
1376469674,12,17
1376470278,12,17
1376470686,10,19
1376471179,11,18
1376471783,11,18
1376472387,11,18
1376472552,12,17
1376472763,12,17
1376472776,13,16
1376473424,13,16
1376473458,14,15
1376474062,14,15
1376474555,15,14
1376474988,14,15
1376475073,13,16
1376475395,14,15
1376475446,15,14
1376476051,15,14
1376476362,15,14
1376476371,16,13
1376476647,15,14
1376476762,16,13
1376477366,16,13
1376477970,16,13
1376478573,16,13
1376479177,16,13
1376479660,16,13
1376479670,17,12
1376480069,16,13
1376480317,16,13
1376480328,17,12
1376480826,18,11
1376481088,19,10
1376481164,19,10
1376481171,20,9
1376481260,21,8
1376481704,21,8
1376481712,22,7
1376482239,23,6
1376482423,23,6
1376482425,24,5
1376483035,24,5
1376483487,25,4
1376484091,25,4
1376484695,25,4
1376485298,24,5
1376485385,25,4
1376485897,26,3
1376486093,26,3
1376486166,26,2
1376486243,26,2
1376486347,26,2
1376486443,26,2
1376486668,25,3
1376486716,25,3
1376487320,25,4
1376487433,26,3
1376488037,26,3
1376488289,25,4
1376488571,26,3
1376489175,26,3
1376489780,26,3
1376490395,27,2
1376490643,27,1
1376490663,27,1
1376491108,27,1
1376491148,27,1
1376491600,27,1
1376491623,27,1
1376492142,26,2
1376492190,24,4
1376492251,21,7
1376492322,18,10
1376492325,17,11
1376492888,16,12
1376493492,16,13
1376493629,15,14
1376494135,14,15
1376494235,13,16
1376494664,13,16
1376494692,15,14
1376494727,15,14
1376494830,16,13
1376494903,11,18
1376494916,9,20
1376495198,10,19
1376495660,11,18
1376496264,11,18
1376496868,11,18
1376497352,10,19
1376497956,10,19
1376498481,9,20
1376499086,9,20
1376499246,9,20
1376499328,9,20
1376499378,10,19
1376499965,9,20
1376500287,10,19
1376500350,11,18
1376500649,12,17
1376501254,12,17
1376501858,12,17
1376502061,14,15
1376502665,14,15
1376502731,13,16
1376502959,12,17
1376503182,12,17
1376503196,13,16
1376503294,13,16
1376503326,14,15
1376503424,15,14
1376503468,15,14
1376503504,15,14
1376503579,16,13
1376503715,16,13
1376503764,16,13
1376503838,16,13
1376503884,18,11
1376504071,19,10
1376504159,20,9
1376504282,21,8
1376504886,21,8
1376505285,22,7
1376505343,22,7
1376505353,23,6
1376505563,24,5
1376505626,25,4
1376505939,23,6
1376505978,24,5
1376506173,23,6
1376506572,24,5
1376506879,25,4
1376507119,27,2
1376507359,26,3
1376507547,27,2
1376508151,27,2
1376508584,28,1
1376508846,28,1
1376508932,29,0
1376509537,29,0
1376510143,28,1
1376510384,28,1
1376510387,29,0
1376510782,27,2
1376510871,26,3
1376511475,26,3
1376511943,26,2
1376511945,27,1
1376512549,27,2
1376512728,26,3
1376513332,26,3
1376513844,27,2
1376514394,26,3
1376514443,25,4
1376514584,26,3
1376514627,24,5
1376515231,24,5
1376515683,23,6
1376516113,24,5
1376516202,25,4
1376516434,26,3
1376517038,26,3
1376517214,28,1
1376517818,28,1
1376518422,28,1
1376519025,28,1
1376519334,28,1
1376519608,29,0
1376520212,29,0
1376520815,29,0
1376521419,29,0
1376521952,28,1
1376522023,27,2
1376522061,26,3
1376522664,26,3
1376523268,26,3
1376523872,26,3
1376524476,26,3
1376524722,25,4
1376524778,20,9
1376524837,16,13
1376525442,16,13
1376526046,16,13
1376526371,15,14
1376526975,15,14
1376527579,15,14
1376528183,15,14
1376528786,15,14
1376529139,16,13
1376529372,15,14
1376530225,15,14
1376530328,15,14
1376530388,15,14
1376530591,15,14
1376530724,17,12
1376530735,18,11
1376531019,19,10
1376531624,19,10
1376532228,19,10
1376532687,18,11
1376533292,18,11
1376533524,19,10
1376534127,19,10
1376534731,19,10
1376535335,19,10
1376535939,19,10
1376536542,19,10
1376537146,19,10
1376537750,19,10
1376538354,19,10
1376538957,19,10
1376539562,19,10
1376540166,19,10
1376540769,19,10
1376541373,19,10
1376541977,19,10
1376542581,19,10
1376543185,19,10
1376543788,19,10
1376544392,19,10
1376544611,20,9
1376545215,20,9
1376545818,20,9
1376546422,20,9
1376547026,20,9
1376547403,21,8
1376547577,19,10
1376547637,16,13
1376547696,12,17
1376547759,9,20
1376547822,7,22
1376547871,4,25
1376547940,1,28
1376548544,1,28
1376548658,2,27
1376548715,4,25
1376549303,3,26
1376549499,4,25
1376549573,3,26
1376550178,3,26
1376550782,3,26
1376551031,2,27
1376551635,2,27
1376551739,3,26
1376552230,4,25
1376552834,4,25
1376553437,4,25
1376553720,3,26
1376553996,2,27
1376554600,2,27
1376555204,2,27
1376555543,0,29
1376556147,0,29
1376556638,1,28
1376557057,1,28
1376557152,1,28
1376557205,2,27
1376557469,4,25
1376557523,3,26
1376557579,4,25
1376557961,4,25
1376557970,5,24
1376558378,5,24
1376558544,5,24
1376558619,6,23
1376558680,7,22
1376559284,7,22
1376559438,8,21
1376559497,8,21
1376559537,9,20
1376559727,8,21
1376560332,8,21
1376560472,10,19
1376560534,11,18
1376560820,12,17
1376560888,13,16
1376561091,13,16
1376561173,13,16
1376561213,14,15
1376561518,14,15
1376561583,15,14
1376561735,15,14
1376561791,16,13
1376561863,16,13
1376561871,17,12
1376562475,17,12
1376562736,18,11
1376563291,19,10
1376563527,20,9
1376563773,21,8
1376563896,22,7
1376564500,22,7
1376565105,22,7
1376565709,22,7
1376566313,22,7
1376566940,21,8
1376567433,20,9
1376568038,20,9
1376568642,20,9
1376568798,21,8
1376568917,19,10
1376569135,20,9
1376569543,21,8
1376569602,21,8
1376569606,20,9
1376569810,21,8
1376570382,21,8
1376570443,20,9
1376570493,21,8
1376570549,21,8
1376570659,21,8
1376570716,21,8
1376571035,21,8
1376571082,22,7
1376571137,23,6
1376571281,23,6
1376571340,22,7
1376571454,23,6
1376571694,22,7
1376572200,23,6
1376572321,22,7
1376572926,22,7
1376573502,20,9
1376573556,19,10
1376573835,19,10
1376573908,19,10
1376573928,19,10
1376574381,20,9
1376574902,19,10
1376575396,20,9
1376575443,20,9
1376575564,19,10
1376576168,19,10
1376576372,18,11
1376576441,19,10
1376576623,20,9
1376576683,22,7
1376576735,23,6
1376576766,24,5
1376577370,24,5
1376577974,24,5
1376578081,26,3
1376578164,28,1
1376578199,29,0
1376578804,29,0
1376579370,27,2
1376579537,26,3
1376580013,24,5
1376580124,26,3
1376580728,26,3
1376580882,26,3
1376580884,27,2
1376581268,26,3
1376581759,27,2
1376581864,26,3
1376581924,26,3
1376582001,27,2
1376582128,28,1
1376582257,29,0
1376582459,29,0
1376583063,29,0
1376583667,29,0
1376584271,29,0
1376584874,29,0
1376585478,29,0
1376585808,28,1
1376586339,29,0
1376586419,28,1
1376587060,27,2
1376587091,28,1
1376587536,29,0
1376588055,28,1
1376588660,28,1
1376589060,29,0
1376589664,29,0
1376590269,29,0
1376590370,28,1
1376590974,28,1
1376591578,28,1
1376591680,27,2
1376591973,29,0
1376592577,29,0
1376593167,29,0
1376593772,29,0
1376594375,29,0
1376594979,29,0
1376595583,29,0
1376596187,29,0
1376596288,28,1
1376596602,28,1
1376596611,29,0
1376596719,28,1
1376597323,28,1
1376597444,28,1
1376597447,27,2
1376597797,28,1
1376597905,29,0
1376598509,29,0
1376599112,29,0
1376599716,29,0
1376600320,29,0
1376600924,29,0
1376601528,29,0
1376602132,29,0
1376602736,29,0
1376603340,29,0
1376603690,28,1
1376604016,29,0
1376604479,27,2
1376604762,26,3
1376604819,21,8
1376604864,17,12
1376605060,17,12
1376605172,18,11
1376605214,19,10
1376605818,19,10
1376606240,18,11
1376606285,19,10
1376606655,18,11
1376607026,19,10
1376607630,19,10
1376608174,20,9
1376608673,19,10
1376609277,19,10
1376609881,19,10
1376610485,19,10
1376611088,19,10
1376611179,19,10
1376611784,19,10
1376611873,18,11
1376612477,18,11
1376613081,18,11
1376613156,17,12
1376613182,16,13
1376613786,16,13
1376614390,16,13
1376614994,16,13
1376615598,16,13
1376615907,17,12
1376616625,17,12
1376617229,17,12
1376617833,17,12
1376618437,17,12
1376619040,17,12
1376619644,17,12
1376620248,17,12
1376620852,17,12
1376621455,17,12
1376622059,17,12
1376622663,17,12
1376623267,17,12
1376623871,17,12
1376624474,17,12
1376625078,17,12
1376625682,17,12
1376626286,17,12
1376626889,17,12
1376627494,17,12
1376628098,17,12
1376628701,17,12
1376629305,17,12
1376629909,17,12
1376630122,18,11
1376630726,18,11
1376631329,18,11
1376631938,19,10
1376632542,19,10
1376633145,19,10
1376633749,19,10
1376633821,20,9
1376634194,20,9
1376634295,20,9
1376634378,22,7
1376634475,23,6
1376634956,24,5
1376635171,21,8
1376635238,17,12
1376635299,13,16
1376635362,10,19
1376635407,8,21
1376635482,5,24
1376635501,4,25
1376635745,5,24
1376636284,4,25
1376636638,5,24
1376637242,5,24
1376637582,5,24
1376637593,6,23
1376637821,6,23
1376637856,6,22
1376637927,6,22
1376637981,7,21
1376638038,7,21
1376638084,8,20
1376638689,8,21
1376639293,8,21
1376639376,9,20
1376639388,10,19
1376639991,10,19
1376640595,10,19
1376641199,10,19
1376641599,10,19
1376641608,11,18
1376641827,9,20
1376642431,9,20
1376642675,9,20
1376642695,8,21
1376643299,8,21
1376643902,8,21
1376644236,9,20
1376644422,9,20
1376644431,10,19
1376644535,9,20
1376645102,8,21
1376645191,7,22
1376645682,7,22
1376645741,8,21
1376645799,9,20
1376645843,11,18
1376646220,12,17
1376646258,11,18
1376646301,12,17
1376646944,12,17
1376646955,13,16
1376647237,14,15
1376647303,15,14
1376647360,14,14
1376647393,13,16
1376647447,13,16
1376647511,13,16
1376647561,13,16
1376647642,14,15
1376647699,16,13
1376647945,17,12
1376648007,17,12
1376648143,18,11
1376648248,17,12
1376648351,18,11
1376648445,18,11
1376648454,19,10
1376648624,21,8
1376648646,20,9
1376648835,21,8
1376649440,21,8
1376650043,21,8
1376650647,21,8
1376650702,22,7
1376651306,22,7
1376651666,21,8
1376651801,21,8
1376651810,22,7
1376652344,22,7
1376652372,23,6
1376652454,23,6
1376652496,24,5
1376652530,25,4
1376652690,25,4
1376652749,26,3
1376653111,27,2
1376653154,28,1
1376653297,27,2
1376653328,27,2
1376653555,26,3
1376653721,26,3
1376654324,26,3
1376654547,25,4
1376654622,25,4
1376654661,25,4
1376654743,25,4
1376654752,25,4
1376654914,25,4
1376654936,26,3
1376655223,25,4
1376655283,24,5
1376655292,25,4
1376655448,25,4
1376655494,27,2
1376655632,28,1
1376655697,28,1
1376655709,29,0
1376655784,28,1
1376656057,28,1
1376656091,29,0
1376656392,28,1
1376656463,27,2
1376656627,28,1
1376656826,29,0
1376657430,29,0
1376658033,29,0
1376658637,29,0
1376658882,29,0
1376659487,29,0
1376660090,29,0
1376660694,29,0
1376661298,29,0
1376661902,29,0
1376662505,29,0
1376663109,29,0
1376663713,29,0
1376664317,29,0
1376664921,29,0
1376665524,29,0
1376666128,29,0
1376666732,29,0
1376666832,28,1
1376667436,28,1
1376667823,28,1
1376667832,29,0
1376668453,29,0
1376668563,28,1
1376669161,29,0
1376669383,29,0
1376669984,28,1
1376670264,29,0
1376670868,29,0
1376671472,29,0
1376672077,29,0
1376672129,28,1
1376672499,28,1
1376672534,29,0
1376673137,29,0
1376673757,28,1
1376674366,28,1
1376675023,29,0
1376675627,29,0
1376676230,29,0
1376676834,29,0
1376677439,29,0
1376677834,28,1
1376678438,28,1
1376678780,29,0
1376679384,29,0
1376679794,28,1
1376680399,28,1
1376680476,29,0
1376680852,28,1
1376680973,27,2
1376681118,29,0
1376681723,29,0
1376682237,28,1
1376682868,29,0
1376683472,29,0
1376684075,29,0
1376684679,29,0
1376685283,29,0
1376685344,28,1
1376685494,29,0
1376686098,29,0
1376686159,28,1
1376686339,29,0
1376686944,29,0
1376687548,29,0
1376688152,29,0
1376688607,28,1
1376688877,29,0
1376688994,29,0
1376689598,29,0
1376690203,29,0
1376690816,29,0
1376690980,27,2
1376691306,26,3
1376691910,26,3
1376692514,26,3
1376692703,25,4
1376693053,25,4
1376693425,26,3
1376694029,26,3
1376694633,26,3
1376694807,27,2
1376695411,27,2
1376695980,28,1
1376696584,28,1
1376697188,28,1
1376697791,28,1
1376698395,28,1
1376698999,28,1
1376699603,28,1
1376700206,28,1
1376700810,28,1
1376701414,28,1
1376702018,28,1
1376702438,29,0
1376703023,29,0
1376703135,29,0
1376703739,29,0
1376704343,29,0
1376704947,29,0
1376705550,29,0
1376706154,29,0
1376706758,29,0
1376707362,29,0
1376707965,29,0
1376708569,29,0
1376709173,29,0
1376709777,29,0
1376710381,29,0
1376710984,29,0
1376711588,29,0
1376712192,29,0
1376712796,29,0
1376713399,29,0
1376714003,29,0
1376714607,29,0
1376714749,28,1
1376715353,28,1
1376715956,28,1
1376716560,28,1
1376717164,28,1
1376717768,28,1
1376717864,28,1
1376718468,28,1
1376719072,28,1
1376719676,28,1
1376720280,28,1
1376720916,28,1
1376720965,28,1
1376721151,28,1
1376721177,28,1
1376721257,29,0
1376721862,29,0
1376722466,29,0
1376723070,29,0
1376723673,29,0
1376724277,29,0
1376724881,29,0
1376725486,29,0
1376726128,28,1
1376726732,28,1
1376727330,29,0
1376727898,28,1
1376728502,28,1
1376729106,28,1
1376729282,27,2
1376729907,28,1
1376730154,29,0
1376730758,29,0
1376731362,29,0
1376731965,29,0
1376732569,29,0
1376733173,29,0
1376733322,28,1
1376733731,29,0
1376734335,29,0
1376734939,29,0
1376735542,29,0
1376735802,28,1
1376736406,28,1
1376737010,28,1
1376737614,28,1
1376737799,29,0
1376737952,28,1
1376738011,28,1
1376738105,29,0
1376738709,29,0
1376739313,29,0
1376739841,28,1
1376740061,26,3
1376740166,27,2
1376740396,27,2
1376740461,27,2
1376740551,27,2
1376740842,28,1
1376740963,29,0
1376741106,29,0
1376741710,29,0
1376742314,29,0
1376742918,29,0
1376743191,28,1
1376743524,29,0
1376744129,29,0
1376744733,29,0
1376745336,29,0
1376745732,28,1
1376745769,29,0
1376746373,29,0
1376746977,29,0
1376747581,29,0
1376748185,29,0
1376748578,26,3
1376748637,23,6
1376748699,21,8
1376748742,18,11
1376748850,19,10
1376748942,20,9
1376748952,21,8
1376749304,21,8
1376749436,21,8
1376749603,21,8
1376749637,23,6
1376749764,22,7
1376750012,22,7
1376750066,22,7
1376750115,22,7
1376750264,22,7
1376750363,25,4
1376750406,26,3
1376750502,27,2
1376751106,27,2
1376751373,26,3
1376751525,27,2
1376751995,27,2
1376752417,27,2
1376752479,28,1
1376753083,28,1
1376753486,27,2
1376754090,27,2
1376754471,28,1
1376755075,28,1
1376755573,29,0
1376755673,28,1
1376756276,28,1
1376756529,27,2
1376757038,27,2
1376757643,27,2
1376758014,26,3
1376758561,27,2
1376758660,27,2
1376758681,27,2
1376758786,27,2
1376758788,28,1
1376758965,28,1
1376759001,28,1
1376759086,27,2
1376759604,27,2
1376759713,28,1
1376759956,27,2
1376760007,28,1
1376760088,26,3
1376760693,26,3
1376760929,28,1
1376761533,28,1
1376762136,28,1
1376762485,27,2
1376763088,27,2
1376763276,28,1
1376763316,28,1
1376763530,28,1
1376763839,26,3
1376764060,25,4
1376764663,25,4
1376765024,26,3
1376765628,26,3
1376765909,27,2
1376766040,28,1
1376766404,27,2
1376766670,26,3
1376766738,27,2
1376766814,28,1
1376766858,27,2
1376767463,27,2
1376767780,27,2
1376767841,27,2
1376767896,28,1
1376768067,29,0
1376768127,28,1
1376768733,28,1
1376769336,28,1
1376769940,28,1
1376770544,28,1
1376771148,28,1
1376771711,28,1
1376772315,28,1
1376772919,28,1
1376773523,28,1
1376774126,28,1
1376774730,28,1
1376775334,28,1
1376775938,28,1
1376776542,28,1
1376777145,28,1
1376777540,29,0
1376777592,28,1
1376778196,28,1
1376778440,27,2
1376779044,27,2
1376779648,27,2
1376780252,27,2
1376780586,28,1
1376781190,28,1
1376781794,28,1
1376782042,27,2
1376782646,27,2
1376783250,27,2
1376783911,28,1
1376784515,28,1
1376785119,28,1
1376785722,28,1
1376786326,28,1
1376786930,28,1
1376787534,28,1
1376788137,28,1
1376788741,28,1
1376789425,28,1
1376790029,28,1
1376790633,28,1
1376791237,28,1
1376791709,27,2
1376792313,27,2
1376792916,27,2
1376793520,27,2
1376794124,27,2
1376794728,27,2
1376794952,28,1
1376795556,28,1
1376796160,28,1
1376796764,28,1
1376797368,28,1
1376797971,28,1
1376798575,28,1
1376799179,28,1
1376799783,28,1
1376800387,28,1
1376800990,28,1
1376801594,28,1
1376802198,28,1
1376802802,28,1
1376803406,28,1
1376804010,28,1
1376804613,28,1
1376805217,28,1
1376805821,28,1
1376806425,28,1
1376807029,28,1
1376807596,28,1
1376807661,28,1
1376808266,28,1
1376808869,28,1
1376809473,28,1
1376810077,28,1
1376810681,28,1
1376811284,28,1
1376811888,28,1
1376812492,28,1
1376812713,26,3
1376813009,27,2
1376813613,27,2
1376814217,27,2
1376814853,28,1
1376815457,28,1
1376816061,28,1
1376816665,28,1
1376817269,28,1
1376817791,27,2
1376818395,27,2
1376818999,27,2
1376819446,28,1
1376819504,27,2
1376819864,27,2
1376819873,28,1
1376820477,28,1
1376821081,28,1
1376821685,28,1
1376822288,28,1
1376822892,28,1
1376823031,28,1
1376823065,29,0
1376823669,29,0
1376824272,29,0
1376824454,28,1
1376824694,29,0
1376825298,29,0
1376825902,29,0
1376826505,29,0
1376827109,29,0
1376827713,29,0
1376828317,29,0
1376828921,29,0
1376829225,29,0
1376829268,29,0
1376829340,29,0
1376829729,28,1
1376830109,27,2
1376830158,27,2
1376830235,27,2
1376830269,28,1
1376830603,28,1
1376830612,29,0
1376831163,29,0
1376831767,29,0
1376832371,29,0
1376832670,28,1
1376832871,28,1
1376832922,29,0
1376832999,29,0
