1376208737,27,4
1376209342,27,4
1376209945,27,4
1376210549,27,4
1376211153,27,4
1376211194,27,4
1376211799,27,4
1376212403,27,4
1376212476,27,4
1376212508,27,4
1376212566,28,3
1376212740,28,3
1376212789,29,2
1376213394,29,2
1376213997,29,2
1376214601,29,2
1376215141,28,3
1376215647,29,2
1376215683,28,3
1376216287,28,3
1376216886,27,4
1376217511,28,3
1376217632,29,2
1376217763,28,3
1376217808,29,2
1376218412,29,2
1376218903,28,3
1376219353,29,2
1376219957,29,2
1376220562,29,2
1376221166,29,2
1376221474,29,2
1376222079,29,2
1376222683,29,2
1376222731,29,2
1376222804,29,2
1376222909,29,2
1376223091,29,2
1376223160,29,2
1376223764,29,2
1376224380,28,3
1376224450,29,2
1376224894,30,1
1376225384,29,2
1376225665,29,2
1376226101,29,2
1376226109,30,1
1376226461,29,2
1376226583,29,2
1376226586,28,3
1376227190,28,3
1376227515,27,4
1376227771,27,4
1376227800,28,3
1376228404,28,3
1376228494,29,2
1376228520,30,1
1376228807,29,2
1376229027,30,1
1376229631,30,1
1376230235,30,1
1376230839,30,1
1376231442,30,1
1376232046,30,1
1376232650,30,1
1376233254,30,1
1376233858,30,1
1376234504,30,1
1376234513,31,0
1376234587,30,1
1376235161,28,3
1376235766,28,3
1376236341,29,2
1376236945,29,2
1376237324,30,1
1376237600,30,1
1376238018,29,2
1376238184,30,1
1376238788,30,1
1376239392,30,1
1376239996,30,1
1376240307,29,2
1376240911,29,2
1376241515,29,2
1376241880,29,2
1376241941,29,2
1376241950,28,3
1376242108,30,1
1376242712,30,1
1376243196,30,1
1376243501,29,2
1376243504,28,3
1376243992,27,4
1376244138,28,3
1376244742,28,3
1376245346,28,3
1376245638,27,4
1376245705,26,5
1376246310,26,5
1376246434,25,6
1376246606,26,5
1376246798,25,6
1376247155,25,6
1376247218,26,5
1376247227,27,4
1376247650,26,5
1376247755,25,6
1376248360,25,6
1376248963,25,6
1376249567,25,6
1376250171,25,6
1376250775,25,6
1376251369,24,7
1376251973,24,7
1376252077,22,9
1376252674,23,8
1376253052,22,9
1376253656,22,9
1376254210,22,9
1376254300,22,9
1376254308,23,8
1376254912,23,8
1376255515,23,8
1376256000,23,8
1376256142,24,7
1376256600,23,8
1376256697,22,9
1376257301,22,9
1376257783,23,8
1376258388,23,8
1376258991,23,8
1376259093,22,9
1376259283,23,8
1376259285,24,7
1376259889,24,7
1376260493,24,7
1376260822,23,8
1376260911,22,9
1376261515,22,9
1376262119,22,9
1376262190,21,10
1376262341,20,10
1376262385,20,11
1376262567,21,10
1376263171,21,10
1376263381,20,11
1376263482,20,11
1376263506,21,10
1376264116,21,10
1376264720,21,10
1376265323,21,10
1376265927,21,10
1376266531,21,10
1376267135,21,10
1376267738,21,10
1376268342,21,10
1376268946,21,10
1376269550,21,10
1376270153,21,10
1376270758,21,10
1376271559,21,10
1376272163,21,10
1376272767,21,10
1376273371,21,10
1376273974,21,10
1376274578,21,10
1376275182,21,10
1376275695,22,9
1376276299,22,9
1376276903,22,9
1376277263,21,10
1376277866,21,10
1376278470,21,10
1376279074,21,10
1376279678,21,10
1376280281,21,10
1376280885,21,10
1376281489,21,10
1376282093,21,10
1376282308,22,9
1376282912,22,9
1376283516,22,9
1376284120,22,9
1376284724,22,9
1376285328,22,9
1376285833,23,8
1376286437,23,8
1376287041,23,8
1376287354,24,7
1376287710,25,6
1376288230,26,5
1376288558,27,4
1376288732,28,3
1376288801,28,3
1376288810,29,2
1376289094,30,1
1376289110,30,1
1376289714,30,1
1376290318,30,1
1376290922,30,1
1376291525,30,1
1376292129,30,1
1376292733,30,1
1376293337,30,1
1376293940,30,1
1376294544,30,1
1376294621,30,1
1376294650,30,1
1376295255,30,1
1376295858,30,1
1376296462,30,1
1376297066,30,1
1376297670,30,1
1376297692,29,2
1376297845,30,1
1376298082,29,2
1376298685,29,2
1376299289,29,2
1376299722,29,2
1376299724,30,1
1376299836,27,4
1376299894,24,7
1376299961,20,11
1376300565,20,11
1376300861,21,10
1376301464,21,10
1376302068,21,10
1376302672,21,10
1376303138,22,9
1376303741,22,9
1376304345,22,9
1376304949,22,9
1376305468,23,8
1376305718,24,7
1376306321,24,7
1376306712,25,6
1376307316,25,6
1376307456,25,6
1376307550,25,6
1376307628,25,5
1376307703,26,5
1376307706,25,5
1376307799,25,6
1376307865,26,5
1376307932,26,5
1376307972,27,4
1376308577,27,4
1376308979,28,3
1376309323,29,2
1376309927,29,2
1376310335,30,1
1376310461,29,2
1376310700,28,3
1376311305,28,3
1376311909,28,3
1376312512,28,3
1376313116,28,3
1376313720,28,3
1376314113,28,3
1376314170,28,3
1376314190,28,3
1376314793,28,3
1376315046,29,2
1376315369,28,3
1376315974,28,3
1376316150,27,4
1376316332,28,3
1376316461,29,2
1376316669,30,1
1376317273,30,1
1376317755,29,2
1376318359,29,2
1376318500,29,2
1376318507,30,1
1376319112,30,1
1376319715,30,1
1376319769,29,2
1376320224,29,2
1376320285,29,2
1376320355,30,1
1376320761,29,2
1376321009,28,3
1376321220,28,3
1376321622,28,3
1376321625,29,2
1376322140,28,3
1376322202,25,6
1376322811,25,6
1376322971,24,7
1376323535,23,8
1376323589,22,9
1376323650,20,11
1376323869,21,10
1376324474,21,10
1376324697,22,9
1376325122,21,10
1376325203,22,9
1376325808,22,9
1376325932,21,10
1376326001,21,10
1376326044,21,10
1376326077,20,11
1376326167,21,10
1376326191,20,11
1376326421,18,13
1376326598,19,12
1376326659,20,11
1376326882,19,12
1376327492,19,12
1376327585,18,13
1376327736,17,14
1376327755,15,16
1376327846,16,15
1376327919,16,15
1376327929,16,15
1376328119,15,16
1376328280,14,17
1376328394,14,17
1376328463,14,17
1376328466,13,18
1376328568,12,19
1376328928,11,20
1376329285,10,21
1376329561,8,23
1376329657,7,24
1376329962,7,24
1376329989,8,23
1376330101,6,25
1376330400,5,26
1376330465,4,27
1376330513,3,28
1376330943,2,29
1376331100,1,30
1376331634,0,31
1376331754,0,31
1376332412,0,31
1376333016,0,31
1376333620,0,31
1376334224,0,31
1376334828,0,31
1376334940,0,31
1376335544,0,31
1376335840,0,31
1376335873,1,30
1376335928,0,31
1376336533,0,31
1376337137,0,31
1376337741,0,31
1376338285,1,30
1376338889,1,30
1376339403,0,31
1376340007,0,31
1376340611,0,31
1376341003,1,30
1376341061,1,30
1376341071,2,29
1376341282,1,30
1376341886,1,30
1376342490,1,30
1376342782,1,30
1376342970,0,31
1376343552,1,30
1376344157,1,30
1376344760,1,30
1376345365,1,30
1376345968,1,30
1376346572,1,30
1376347176,1,30
1376347716,2,29
1376347753,2,29
1376348356,2,29
1376348960,2,29
1376349564,2,29
1376349882,2,29
1376349885,1,30
1376350489,1,30
1376351093,1,30
1376351696,1,30
1376352300,1,30
1376352904,1,30
1376353508,1,30
1376354111,1,30
1376354715,1,30
1376355319,1,30
1376355923,1,30
1376356526,1,30
1376357130,1,30
1376357965,1,30
1376358569,1,30
1376359173,1,30
1376359777,1,30
1376359876,0,31
1376360479,0,31
1376361083,0,31
1376361163,1,30
1376361663,2,29
1376362267,2,29
1376362871,2,29
1376363475,2,29
1376364079,2,29
1376364682,2,29
1376365286,2,29
1376365890,2,29
1376366495,2,29
1376367099,2,29
1376367702,2,29
1376368306,2,29
1376368910,2,29
1376369513,2,29
1376370117,2,29
1376370702,3,28
1376370750,3,28
1376371354,3,28
1376371957,3,28
1376372106,4,27
1376372255,5,26
1376372306,6,25
1376372910,6,25
1376373513,6,25
1376373736,7,24
1376374059,8,23
1376374334,9,22
1376374933,8,23
1376375060,9,22
1376375617,11,20
1376375793,12,19
1376376219,13,18
1376376481,14,17
1376376654,15,16
1376376761,17,14
1376376789,18,13
1376377221,19,12
1376377514,22,9
1376377828,23,8
1376378034,22,9
1376378118,23,8
1376378161,25,6
1376378287,24,7
1376378381,24,7
1376378985,24,7
1376379072,25,6
1376379114,26,5
1376379656,27,4
1376380142,28,3
1376380598,28,3
1376380629,29,2
1376381099,28,3
1376381703,28,3
1376381895,27,4
1376382258,28,3
1376382494,29,2
1376383087,29,2
1376383173,30,1
1376383724,28,3
1376383835,21,10
1376383860,20,11
1376383974,21,10
1376384578,21,10
1376385188,21,10
1376385809,22,9
1376386041,21,10
1376386645,21,10
1376387143,22,9
1376387145,23,8
1376387714,22,9
1376388339,21,10
1376388442,20,11
1376388583,20,11
1376388585,19,12
1376389209,20,11
1376389813,20,11
1376389891,19,12
1376389940,18,13
1376390141,18,13
1376390184,20,11
1376390479,21,10
1376391083,21,10
1376391687,21,10
1376391755,21,10
1376392359,21,10
1376392963,21,10
1376393566,21,10
1376394018,22,9
1376394622,22,9
1376394906,23,8
1376395510,23,8
1376396114,23,8
1376396718,23,8
1376396804,23,8
1376396920,25,6
1376397235,24,7
1376397672,25,6
1376397956,26,5
1376398561,26,5
1376398942,26,5
1376398997,26,5
1376399082,27,4
1376399140,27,4
1376399153,28,3
1376399710,28,3
1376399867,29,2
1376400471,29,2
1376401075,29,2
1376401223,30,1
1376401828,30,1
1376402060,30,1
1376402126,30,1
1376402202,31,0
1376402205,30,1
1376402650,29,2
1376402737,30,1
1376403130,29,2
1376403733,29,2
1376403913,30,1
1376404102,29,2
1376404194,28,3
1376404575,27,4
1376405178,27,4
1376405782,27,4
1376406187,28,3
1376406791,28,3
1376407030,28,3
1376407102,29,2
1376407453,28,3
1376408057,27,4
1376408183,26,5
1376408241,26,5
1376408276,27,4
1376408720,26,5
1376409325,26,5
1376409495,26,5
1376409552,26,5
1376409637,27,3
1376409654,28,2
1376409860,27,3
1376409932,27,3
1376410003,28,2
1376410061,28,1
1376410101,28,1
1376410526,28,1
1376410595,28,1
1376410657,28,1
1376410782,28,1
1376410785,29,1
1376410902,29,1
1376411019,29,1
1376411225,30,1
1376411556,29,2
1376411578,30,1
1376411651,29,2
1376411784,28,3
1376411890,27,4
1376412044,27,4
1376412077,28,3
1376412409,27,4
1376412614,26,5
1376413154,25,6
1376413758,25,6
1376413842,24,6
1376413941,24,7
1376414204,24,7
1376414230,21,10
1376414360,20,11
1376414416,20,11
1376414500,21,10
1376415103,21,10
1376415206,22,9
1376415253,23,8
1376415858,23,8
1376415917,22,9
1376416081,21,10
1376416147,20,11
1376416233,18,13
1376416391,17,14
1376416444,16,15
1376416528,17,14
1376417132,17,14
1376417155,17,14
1376417420,18,13
1376418025,18,13
1376418169,17,14
1376418392,16,15
1376418534,15,16
1376419054,14,17
1376419122,13,18
1376419183,12,19
1376419787,12,19
1376420229,13,18
1376420429,12,19
1376420503,11,20
1376420627,10,21
1376420887,9,22
1376420961,8,23
1376421565,8,23
1376422141,7,24
1376422187,6,25
1376422792,6,25
1376422873,4,27
1376423478,4,27
1376423798,5,26
1376424402,5,26
1376424659,4,27
1376425263,4,27
1376425434,3,28
1376425836,5,26
1376426164,5,26
1376426215,6,25
1376426779,7,24
1376427384,7,24
1376427990,7,24
1376428398,8,23
1376428473,9,22
1376429076,9,22
1376429680,9,22
1376430284,9,22
1376430742,10,21
1376430835,9,22
1376431440,9,22
1376431847,8,23
1376431935,7,24
1376432539,7,24
1376432674,6,25
1376433097,5,26
1376433277,4,27
1376433881,4,27
1376434485,4,27
1376434561,5,26
1376435165,5,26
1376435769,5,26
1376436304,4,27
1376436434,3,28
1376437038,3,28
1376437565,2,29
1376438169,2,29
1376438249,1,30
1376438853,1,30
1376439457,1,30
1376440060,1,30
1376440664,1,30
1376441268,1,30
1376441871,1,30
1376442475,1,30
1376442854,0,31
1376443459,0,31
1376444063,0,31
1376444383,0,31
1376444987,0,31
1376445591,0,31
1376446195,0,31
1376446798,0,31
1376447402,0,31
1376447593,1,30
1376448197,1,30
1376448801,1,30
1376449404,1,30
1376450008,1,30
1376450194,2,29
1376450798,2,29
1376451402,2,29
1376452006,2,29
1376452609,2,29
1376453213,2,29
1376453818,2,29
1376454422,2,29
1376455025,2,29
1376455629,2,29
1376456233,2,29
1376456837,2,29
1376457198,3,28
1376457803,3,28
1376458407,3,28
1376458903,3,28
1376458912,4,27
1376459178,5,26
1376459226,6,25
1376459575,7,24
1376460179,7,24
1376460782,7,24
1376460884,7,24
1376460887,8,23
1376461240,7,24
1376461590,7,24
1376461626,8,23
1376461723,9,22
1376461737,10,21
1376461821,11,20
1376462023,11,20
1376462031,12,19
1376462254,13,18
1376462646,14,17
1376462892,15,16
1376462973,15,16
1376463010,16,15
1376463163,16,15
1376463166,17,14
1376463339,18,13
1376463919,19,12
1376464064,21,10
1376464424,21,10
1376464470,24,7
1376464511,25,6
1376465012,26,5
1376465341,27,4
1376465775,28,3
1376466153,29,2
1376466182,30,1
1376466786,30,1
1376467390,29,2
1376468014,28,2
1376468251,27,3
1376468315,26,4
1376468920,26,4
1376469283,25,5
1376469386,24,6
1376469989,24,6
1376470593,24,6
1376470723,25,5
1376471327,25,5
1376471665,25,3
1376471707,25,2
1376471769,26,2
1376471944,25,3
1376472266,26,2
1376472341,26,2
1376472368,27,1
1376472973,27,1
1376473281,28,0
1376473773,28,0
1376473959,27,1
1376474122,28,0
1376474181,28,0
1376474315,27,1
1376474919,27,1
1376475483,28,0
1376476087,28,0
1376476690,28,0
1376476833,27,1
1376477436,27,1
1376477800,25,3
1376477832,24,4
1376477899,22,6
1376477969,20,8
1376478040,15,13
1376478057,13,15
1376478193,13,15
1376478282,13,15
1376478578,12,16
1376479183,12,16
1376479424,13,15
1376479454,12,16
1376479722,13,15
1376480326,13,15
1376480929,13,15
1376481153,14,14
1376481187,15,13
1376481275,16,12
1376481878,16,12
1376482299,16,12
1376482349,17,11
1376482420,18,10
1376482434,19,9
1376483038,19,9
1376483642,19,9
1376483699,20,8
1376484303,20,8
1376484614,20,8
1376484673,21,7
1376484745,22,6
1376485001,22,6
1376485028,22,6
1376485225,22,6
1376485259,23,5
1376485863,23,5
1376486022,22,6
1376486626,22,6
1376486863,21,7
1376487467,21,7
1376487644,21,7
1376487652,22,6
1376488257,22,6
1376488860,22,6
1376489464,22,6
1376489915,20,8
1376489961,20,8
1376490358,20,8
1376490616,20,8
1376490763,20,8
1376490819,21,6
1376490929,22,6
1376490958,23,5
1376491068,22,6
1376491469,22,6
1376491536,21,7
1376491636,22,6
1376491902,22,6
1376491930,23,5
1376492021,23,5
1376492029,24,4
1376492234,23,5
1376492312,23,5
1376492354,24,4
1376492436,26,2
1376492462,23,5
1376492702,24,4
1376492999,23,5
1376493239,23,5
1376493391,22,6
1376493522,22,6
1376493530,24,4
1376493591,23,5
1376494100,24,4
1376494297,23,5
1376494570,22,6
1376494635,21,7
1376495238,21,7
1376495535,20,8
1376496139,20,8
1376496461,19,9
1376496751,18,10
1376496917,19,9
1376497122,20,8
1376497341,19,9
1376497945,19,9
1376498297,20,8
1376498683,19,9
1376498694,20,8
1376498802,19,9
1376498835,21,7
1376499137,19,9
1376499741,19,9
1376499822,19,9
1376499830,20,8
1376500244,20,8
1376500253,21,7
1376500447,22,6
1376500635,20,8
1376500766,21,7
1376500841,19,9
1376501188,20,8
1376501431,21,7
1376501803,21,7
1376501840,20,8
1376502013,19,9
1376502087,18,10
1376502235,19,9
1376502753,18,10
1376502879,17,11
1376503241,18,10
1376503271,18,10
1376503423,18,10
1376503439,19,9
1376503644,18,10
1376503757,15,13
1376503921,16,12
1376504443,16,12
1376504560,12,16
1376504588,11,17
1376504671,9,19
1376505035,10,18
1376505054,11,17
1376505119,10,18
1376505272,9,19
1376505324,8,20
1376505439,7,21
1376505488,6,22
1376505560,5,23
1376505815,4,24
1376506419,4,24
1376506748,3,25
1376506844,2,26
1376507212,1,27
1376507320,1,27
1376507924,1,27
1376508529,1,27
1376508738,2,26
1376509342,2,26
1376509542,1,27
1376509555,1,27
1376509763,1,27
1376509889,1,27
1376509964,1,27
1376509988,0,28
1376510064,1,27
1376510263,0,28
1376510867,0,28
1376511471,0,28
1376511629,0,28
1376511658,0,28
1376511707,0,28
1376512311,0,28
1376512914,0,28
1376513158,1,27
1376513762,1,27
1376514365,1,27
1376514816,0,28
1376515421,0,28
1376516025,0,28
1376516629,0,28
1376517232,0,28
1376517836,0,28
1376518000,0,28
1376518019,0,28
1376518162,0,28
1376518195,1,27
1376518773,2,26
1376518823,2,26
1376518869,3,25
1376518946,3,25
1376518991,5,23
1376519596,5,23
1376519736,6,22
1376519899,5,23
1376520009,4,24
1376520283,3,25
1376520490,2,26
1376521095,2,26
1376521201,1,27
1376521805,1,27
1376522409,1,27
1376523013,1,27
1376523617,1,27
1376524221,1,27
1376524663,2,26
1376524671,3,25
1376525275,3,25
1376525879,3,25
1376526483,3,25
1376527086,3,25
1376527664,3,25
1376527702,4,24
1376528306,4,24
1376528909,4,24
1376529021,5,23
1376529625,5,23
1376530229,5,23
1376530763,5,23
1376531367,5,23
1376531971,5,23
1376532575,5,23
1376533178,5,23
1376533782,5,23
1376534385,5,23
1376534989,5,23
1376535593,5,23
1376536160,6,22
1376536764,6,22
1376537368,6,22
1376537972,6,22
1376538575,6,22
1376539179,6,22
1376539783,6,22
1376540387,6,22
1376540673,7,21
1376541276,7,21
1376541881,7,21
1376542485,7,21
1376543089,7,21
1376543693,7,21
1376544296,7,21
1376544742,8,20
1376544941,9,19
1376545061,9,19
1376545070,10,18
1376545674,10,18
1376546278,10,18
1376546882,10,18
1376546977,11,17
1376547365,12,16
1376547969,12,16
1376548573,12,16
1376548662,13,15
1376549266,13,15
1376549870,13,15
1376550474,13,15
1376550701,13,15
1376550740,14,14
1376551345,14,14
1376551772,14,14
1376551842,14,14
1376551858,15,13
1376552200,15,13
1376552203,16,12
1376552612,16,12
1376552729,17,11
1376553320,16,12
1376553923,16,12
1376554527,16,12
1376554647,15,13
1376555111,15,13
1376555202,15,13
1376555218,16,13
1376555609,13,16
1376556100,12,17
1376556114,13,17
1376556222,13,17
1376556280,13,18
1376556290,12,19
1376556894,12,19
1376557498,12,19
1376558102,12,19
1376558706,12,19
1376558773,11,20
1376559378,11,20
1376559982,11,20
1376560472,11,20
1376560543,12,19
1376560601,12,19
1376560652,13,18
1376560788,12,19
1376561392,12,19
1376561995,12,19
1376562599,12,19
1376562953,13,18
1376563597,12,19
1376563935,13,18
1376564021,13,18
1376564081,11,20
1376564095,11,20
1376564189,11,20
1376564318,11,20
1376564381,11,20
1376564384,12,19
1376564467,13,18
1376565071,13,18
1376565487,12,19
1376565544,12,19
1376565919,11,20
1376566540,12,19
1376566629,12,19
1376566777,13,18
1376567218,15,16
1376567305,16,15
1376567918,16,15
1376567927,17,14
1376568277,15,16
1376568881,15,16
1376568991,16,15
1376569173,17,14
1376569453,18,13
1376569704,18,13
1376569781,19,12
1376569812,21,10
1376570282,22,9
1376570368,22,9
1376570436,22,9
1376570494,22,9
1376570561,23,7
1376570576,24,6
1376571180,24,7
1376571372,23,8
1376571655,22,9
1376572259,22,9
1376572527,21,10
1376573131,21,10
1376573322,21,10
1376573325,22,9
1376573622,23,8
1376573714,23,8
1376573769,24,7
1376573848,24,7
1376573983,25,6
1376574038,26,5
1376574059,26,5
1376574112,27,4
1376574189,28,3
1376574702,28,3
1376574705,29,2
1376575343,30,1
1376575821,30,1
1376575853,31,0
1376576457,31,0
1376577061,31,0
1376577303,29,2
1376577463,29,2
1376577489,30,1
1376578093,30,1
1376578140,29,2
1376578744,29,2
1376579048,30,1
1376579653,30,1
1376579808,29,2
1376580413,29,2
1376580747,30,1
1376581351,30,1
1376581955,30,1
1376582063,30,1
1376582125,30,1
1376582729,30,1
1376583333,30,1
1376583415,31,0
1376583819,31,0
1376584424,31,0
1376584810,30,1
1376585308,29,2
1376585486,30,1
1376585733,29,2
1376586337,29,2
1376586509,28,3
1376586886,27,4
1376587490,27,4
1376587859,26,5
1376587962,26,5
1376587965,27,4
1376588569,27,4
1376589172,27,4
1376589267,28,3
1376589696,27,4
1376589864,27,4
1376589900,28,3
1376590117,28,3
1376590222,30,1
1376590633,29,2
1376590921,28,3
1376591022,28,3
1376591025,27,4
1376591629,27,4
1376591913,28,3
1376592363,27,3
1376592967,27,3
1376593171,28,2
1376593775,28,2
1376594379,28,2
1376594983,28,2
1376595587,28,2
1376595699,26,4
1376595722,24,6
1376596325,24,6
1376596557,23,7
1376597161,23,7
1376597765,23,7
1376598369,23,7
1376598483,22,8
1376598696,21,9
1376599256,20,10
1376599533,19,11
1376600138,19,11
1376600741,19,11
1376601126,17,13
1376601432,16,14
1376601518,15,15
1376602122,15,15
1376602417,14,16
1376603021,14,16
1376603625,14,16
1376604228,14,16
1376604509,12,18
1376604655,11,19
1376605260,11,19
1376605863,11,19
1376606218,12,18
1376606469,13,17
1376607072,13,17
1376607676,13,17
1376607749,15,15
1376607952,16,14
1376608592,16,14
1376608963,16,14
1376608966,15,15
1376609570,15,15
1376610174,15,15
1376610363,16,14
1376610966,16,14
1376611570,16,14
1376612174,16,14
1376612777,16,14
1376613381,16,14
1376613985,16,14
1376614590,16,14
1376614640,15,15
1376615244,15,15
1376615848,15,15
1376616452,15,15
1376617165,15,15
1376617770,15,15
1376618374,15,15
1376618977,15,15
1376619581,15,15
1376620240,16,14
1376620844,16,14
1376621449,16,14
1376622052,16,14
1376622656,16,14
1376623115,17,13
1376623719,17,13
1376624322,17,13
1376624926,17,13
1376625530,17,13
1376626134,17,13
1376626738,17,13
1376627341,17,13
1376628273,17,13
1376628877,17,13
1376629481,17,13
1376630085,17,13
1376630689,17,13
1376630924,17,13
1376630927,18,12
1376631530,18,12
1376631932,19,11
1376632536,19,11
1376633113,20,10
1376633717,20,10
1376633765,21,9
1376633883,22,8
1376634487,22,8
1376635091,22,8
1376635521,23,7
1376636051,24,6
1376636100,25,6
1376636310,26,5
1376636914,26,5
1376637163,26,5
1376637172,27,4
1376637462,28,3
1376638066,28,3
1376638133,27,4
1376638737,27,4
1376639307,26,5
1376639720,27,4
1376640008,28,3
1376640558,29,2
1376640749,30,1
1376640893,29,2
1376641497,29,2
1376642102,29,2
1376642199,30,1
1376642264,29,2
1376642316,26,5
1376642368,22,9
1376642444,19,12
1376642446,18,13
1376643050,18,13
1376643654,18,13
1376644258,18,13
1376644862,18,13
1376645174,19,12
1376645777,19,12
1376646396,20,11
1376647000,20,11
1376647603,20,11
1376648207,20,11
1376648811,20,11
1376649188,19,12
1376649331,20,11
1376649935,20,11
1376650539,20,11
1376651142,20,11
1376651605,21,10
1376651778,20,11
1376651848,21,10
1376651870,21,10
1376651970,22,9
1376651990,23,8
1376652218,24,7
1376652402,25,6
1376653007,25,6
1376653072,24,7
1376653213,25,6
1376653818,25,6
1376654382,25,6
1376654427,26,5
1376654558,25,6
1376655162,25,6
1376655766,25,6
1376656375,25,6
1376656603,25,6
1376656658,25,6
1376656724,25,6
1376656740,25,6
1376657141,25,6
1376657148,26,5
1376657433,25,6
1376658037,25,6
1376658642,25,6
1376659245,25,6
1376659849,25,6
1376659962,25,6
1376659993,26,5
1376660134,27,4
1376660623,27,4
1376660646,29,2
1376661136,26,5
1376661420,25,6
1376661664,26,5
1376661806,27,4
1376662177,27,4
1376662224,28,3
1376662297,30,1
1376662805,29,2
1376662982,28,3
1376663607,27,4
1376663710,28,3
1376663863,27,4
1376664200,28,3
1376664803,28,3
1376665406,28,3
1376665596,27,4
1376665990,26,5
1376666134,27,4
1376666417,28,3
1376667021,28,3
1376667102,30,1
1376667141,31,0
1376667340,30,1
1376667448,31,0
1376667874,30,1
1376668478,30,1
1376668543,29,2
1376668587,30,1
1376668810,31,0
1376669414,31,0
1376669580,30,1
1376669918,30,1
1376669952,31,0
1376670298,30,1
1376670602,29,2
1376670702,29,2
1376670733,30,1
1376670954,29,2
1376671078,28,3
1376671360,27,4
1376671964,27,4
1376672568,27,4
1376672765,27,4
1376672942,28,3
1376673547,28,3
1376674151,28,3
1376674354,27,4
1376674958,27,4
1376675562,27,4
1376676074,28,3
1376676462,28,3
1376676465,27,4
1376677124,27,4
1376677126,28,3
1376677731,28,3
1376677816,29,2
1376677964,28,3
1376677977,30,1
1376678581,30,1
1376679184,30,1
1376679696,29,2
1376679833,27,4
1376680437,27,4
1376681009,28,3
1376681349,29,2
1376681970,29,2
1376682010,30,1
1376682451,29,2
1376682575,27,4
1376682917,26,5
1376683080,25,6
1376683684,25,6
1376684300,25,6
1376684371,26,5
1376684408,26,5
1376684495,26,5
1376684527,27,4
1376685131,27,4
1376685403,27,4
1376685439,28,3
1376686043,28,3
1376686647,28,3
1376687251,28,3
1376687847,27,4
1376688217,27,4
1376688260,29,2
1376688864,29,2
1376689468,29,2
1376690072,29,2
1376690257,30,1
1376690568,29,2
1376690761,28,3
1376691365,28,3
1376691642,27,4
1376691885,29,2
1376691886,29,2
1376692490,29,2
1376692599,31,0
1376693203,31,0
1376693807,31,0
1376694158,30,1
1376694762,30,1
1376695366,30,1
1376695519,29,2
1376696123,29,2
1376696580,27,4
1376696642,27,4
1376697246,27,4
1376697849,27,4
1376698416,25,6
1376699020,25,6
1376699624,25,6
1376700228,25,6
1376700831,25,6
1376701435,25,6
1376702039,25,6
1376702643,25,6
1376703247,25,6
1376703560,25,6
1376703679,25,6
1376704284,25,6
1376704887,25,6
1376705072,27,4
1376705676,27,4
1376705791,27,4
1376705837,27,4
1376705909,27,4
1376705967,27,4
1376705986,27,4
1376706350,26,5
1376706658,27,4
1376707262,27,4
1376707866,27,4
1376708470,27,4
1376709074,27,4
1376709678,27,4
1376710282,27,4
1376710885,27,4
1376711489,27,4
1376712093,27,4
1376712697,27,4
1376713039,26,5
1376713643,26,5
1376714247,26,5
1376714851,26,5
1376715454,26,5
1376715843,27,4
1376716446,27,4
1376717050,27,4
1376717618,28,3
1376718221,28,3
1376718404,29,2
1376718464,28,3
1376718466,29,2
1376718989,30,1
1376719357,31,0
1376719961,31,0
1376720565,31,0
1376721168,31,0
1376721773,31,0
1376722377,31,0
1376722980,31,0
1376723584,31,0
1376724188,31,0
1376724792,31,0
1376725395,31,0
1376725999,31,0
1376726293,30,1
1376726897,30,1
1376727370,30,1
1376727583,30,1
1376728187,30,1
1376728791,29,2
1376728861,30,1
1376728928,31,0
1376729532,31,0
1376730093,30,1
1376730162,30,1
1376730397,29,2
1376731001,29,2
1376731183,30,1
1376731787,30,1
1376732172,31,0
1376732775,31,0
1376733379,31,0
1376733984,31,0
1376734588,31,0
1376735191,31,0
1376735795,31,0
1376736285,31,0
1376736296,31,0
1376736900,31,0
1376737504,31,0
1376737633,30,1
1376737953,31,0
1376738557,31,0
1376738770,30,1
1376739374,30,1
1376739958,29,2
1376740237,28,3
1376740716,29,2
1376741064,28,3
1376741490,27,4
1376741678,28,3
1376741745,29,2
1376741860,30,1
1376741891,31,0
1376742495,31,0
1376742998,30,1
1376743510,31,0
1376743663,30,1
1376743719,29,2
1376743755,28,3
1376743962,28,3
1376743969,29,2
1376744142,29,2
1376744181,28,3
1376744785,28,3
1376745388,28,3
1376745683,29,2
1376746288,30,1
1376746375,31,0
1376746979,31,0
1376747583,31,0
1376748186,31,0
1376748790,31,0
1376749394,31,0
1376749998,31,0
1376750602,31,0
1376751125,30,1
1376751594,30,1
1376751705,30,1
1376751736,31,0
1376752340,31,0
1376752944,31,0
1376753311,29,2
1376753915,29,2
1376754429,30,1
1376755033,30,1
1376755344,31,0
1376755391,30,1
1376755638,31,0
1376756243,31,0
1376756344,30,1
1376756503,30,1
1376756513,31,0
1376757117,31,0
1376757297,31,0
1376757510,30,1
1376758115,30,1
1376758286,29,2
1376758345,28,3
1376758949,28,3
1376759144,28,3
1376759203,29,2
1376759256,28,3
1376759860,28,3
1376760146,27,4
1376760604,25,6
1376761208,25,6
1376761811,25,6
1376762289,26,5
1376762501,26,5
1376762511,27,4
1376763114,27,4
1376763718,27,4
1376763922,27,4
1376764526,27,4
1376764842,25,6
1376764851,25,6
1376765138,23,8
1376765742,22,9
1376765770,20,11
1376766217,21,10
1376766278,21,10
1376766517,24,7
1376766578,24,7
1376766675,24,7
1376766758,25,6
1376767189,24,7
1376767350,25,6
1376767418,25,6
1376767465,25,6
1376767497,26,5
1376767906,26,5
1376767935,26,5
1376768014,25,6
1376768033,25,6
1376768152,25,6
1376768224,25,6
1376768359,26,5
1376768963,26,5
1376769033,26,5
1376769065,26,5
1376769670,26,5
1376770273,26,5
1376770877,26,5
1376771214,25,6
1376771818,25,6
1376772334,22,9
1376772570,23,8
1376772944,22,9
1376772963,20,11
1376773567,20,11
1376774171,20,11
1376774564,20,11
1376774566,19,12
1376775206,17,14
1376775455,17,14
1376775469,18,13
1376775648,17,14
1376776252,17,14
1376776855,17,14
1376777186,16,15
1376777556,14,17
1376777568,14,17
1376777832,15,16
1376778159,15,16
1376778190,16,15
1376778272,17,14
1376778289,18,13
1376778800,17,14
1376779338,16,15
1376779941,16,15
1376780545,16,15
1376781157,15,16
1376781761,15,16
1376782365,15,16
1376782442,14,17
1376783046,14,17
1376783650,14,17
1376784208,13,18
1376784812,13,18
1376785416,13,18
1376785943,12,19
1376786547,12,19
1376787151,12,19
1376787184,13,18
1376787757,14,17
1376787783,14,17
1376787883,14,17
1376787946,14,17
1376787949,15,16
1376788554,15,16
1376789157,15,16
1376789581,16,15
1376789960,16,15
1376790564,16,15
1376791168,16,15
1376791771,16,15
1376792375,16,15
1376792979,16,15
1376793583,16,15
1376793659,16,15
1376793945,15,16
1376794549,15,16
1376794715,16,15
1376795319,16,15
1376795922,16,15
1376796527,16,15
1376797131,16,15
1376797734,16,15
1376798338,16,15
1376798942,16,15
1376799546,16,15
1376800149,16,15
1376800252,15,16
1376800857,15,16
1376801461,15,16
1376802064,15,16
1376802668,15,16
1376803272,15,16
1376803440,16,15
1376804044,16,15
1376804648,16,15
1376805251,16,15
1376805855,16,15
1376806459,16,15
1376807063,16,15
1376807667,16,15
1376808270,16,15
1376808343,16,15
1376808424,17,14
1376808690,18,13
1376808764,17,14
1376808777,19,12
1376808958,20,11
1376809562,20,11
1376810086,21,10
1376810232,22,9
1376810837,22,9
1376811440,22,9
1376812044,22,9
1376812648,22,9
1376813252,22,9
1376813856,22,9
1376814459,22,9
1376814495,23,8
1376814540,22,9
1376814780,21,10
1376815384,21,10
1376815820,22,9
1376815893,22,9
1376815934,23,8
1376816013,24,7
1376816618,24,7
1376817222,24,7
1376817810,26,5
1376818414,26,5
1376818780,26,5
1376818791,27,4
1376819204,27,4
1376819241,28,3
1376819423,28,3
1376819483,28,3
1376819560,29,2
1376819598,28,3
1376819629,28,3
1376819724,29,2
1376820329,29,2
1376820603,28,3
1376821207,28,3
1376821593,29,2
1376822197,29,2
1376822686,29,2
1376822689,28,3
1376823293,28,3
1376823525,28,3
1376823528,29,2
1376824132,29,2
1376824294,28,3
1376824898,28,3
1376825502,28,3
1376825866,28,3
1376825869,29,2
1376825985,29,2
1376825988,30,1
1376826592,30,1
1376826864,31,0
1376827469,31,0
1376828072,31,0
1376828676,31,0
1376829279,31,0
1376829883,31,0
1376830429,30,1
1376831033,30,1
1376831531,31,0
1376831665,29,2
1376831793,30,1
1376831856,30,1
1376832017,31,0
1376832620,31,0
1376832986,30,1
