1376208751,26,0
1376209355,26,0
1376209959,26,0
1376210563,26,0
1376211167,26,0
1376211771,26,0
1376212375,26,0
1376212589,25,1
1376213194,25,1
1376213406,25,1
1376213861,26,0
1376214449,25,1
1376214683,26,0
1376215287,26,0
1376215891,26,0
1376216494,26,0
1376217098,26,0
1376217702,26,0
1376218305,26,0
1376218909,26,0
1376219513,26,0
1376220117,26,0
1376220721,26,0
1376221324,26,0
1376221928,26,0
1376222532,26,0
1376223136,26,0
1376223739,26,0
1376224344,26,0
1376224805,25,1
1376225183,26,0
1376225788,26,0
1376226392,26,0
1376226995,26,0
1376227599,26,0
1376228203,26,0
1376228800,21,5
1376228823,19,7
1376228984,19,7
1376228996,21,5
1376229600,21,5
1376229921,22,4
1376230002,21,5
1376230051,21,5
1376230096,22,4
1376230415,23,3
1376231019,23,3
1376231261,23,3
1376231271,24,2
1376231865,24,2
1376231872,25,1
1376232477,25,1
1376233080,25,1
1376233684,25,1
1376233843,26,0
1376234447,26,0
1376234918,26,0
1376234936,26,0
1376235034,26,0
1376235400,25,1
1376235581,23,3
1376235637,21,5
1376235657,20,6
1376235749,18,8
1376235802,15,11
1376235829,14,12
1376236433,14,12
1376237023,14,12
1376237050,15,11
1376237655,15,11
1376237894,15,11
1376238056,18,8
1376238614,20,6
1376238693,20,6
1376238896,21,5
1376239027,22,4
1376239632,22,4
1376240007,24,2
1376240126,24,2
1376240598,25,1
1376240920,26,0
1376240951,25,1
1376241088,26,0
1376241111,25,1
1376241278,26,0
1376241342,26,0
1376241345,25,1
1376241948,25,1
1376242288,26,0
1376242892,26,0
1376243188,25,1
1376243437,25,1
1376244041,25,1
1376244184,26,0
1376244788,26,0
1376245118,25,1
1376245231,25,1
1376245247,25,1
1376245402,26,0
1376246006,26,0
1376246610,26,0
1376246673,25,1
1376246743,25,1
1376246789,26,0
1376247270,25,1
1376247874,25,1
1376248214,26,0
1376248818,26,0
1376249423,26,0
1376250026,26,0
1376250630,26,0
1376251234,26,0
1376251837,26,0
1376252441,26,0
1376253045,26,0
1376253649,26,0
1376254253,26,0
1376254856,26,0
1376255407,25,1
1376255792,26,0
1376256397,26,0
1376257001,26,0
1376257604,26,0
1376258208,26,0
1376258812,26,0
1376259416,26,0
1376260020,26,0
1376260623,26,0
1376261227,26,0
1376261832,26,0
1376262435,26,0
1376263039,26,0
1376263643,26,0
1376264247,26,0
1376264411,25,1
1376265015,25,1
1376265619,25,1
1376266223,25,1
1376266827,25,1
1376267430,25,1
1376268034,25,1
1376268638,25,1
1376268966,24,2
1376269060,23,3
1376269111,23,3
1376269715,23,3
1376270318,23,3
1376270922,23,3
1376271682,23,3
1376272286,23,3
1376272890,23,3
1376273198,21,5
1376273264,18,8
1376273274,17,9
1376273878,17,9
1376274483,17,9
1376275087,17,9
1376275239,17,9
1376275249,18,8
1376275853,18,8
1376276456,18,8
1376277060,18,8
1376277305,19,7
1376277909,19,7
1376278513,19,7
1376279116,19,7
1376279720,19,7
1376280017,20,5
1376280622,20,6
1376281226,20,6
1376281829,20,6
1376282398,21,5
1376283001,21,5
1376283605,21,5
1376284209,21,5
1376284813,21,5
1376285308,22,4
1376285912,22,4
1376286516,22,4
1376287120,22,4
1376287481,22,4
1376287492,23,3
1376287602,24,2
1376287934,25,1
1376288015,26,0
1376288619,26,0
1376289222,26,0
1376289826,26,0
1376290430,26,0
1376291034,26,0
1376291638,26,0
1376292242,26,0
1376292846,26,0
1376293450,26,0
1376293537,25,1
1376294141,25,1
1376294746,25,1
1376295350,25,1
1376295664,26,0
1376296250,25,1
1376296855,25,1
1376297322,22,4
1376297385,19,7
1376297441,17,9
1376297456,16,10
1376298060,16,10
1376298401,15,11
1376298529,14,12
1376299133,14,12
1376299516,15,11
1376300085,16,10
1376300294,17,9
1376300802,17,9
1376300805,18,8
1376301065,19,7
1376301669,19,7
1376302273,19,7
1376302877,19,7
1376303139,20,6
1376303421,21,5
1376303672,21,4
1376303743,21,4
1376303746,22,3
1376304327,23,2
1376304563,22,3
1376305167,22,4
1376305406,21,5
1376305897,21,5
1376305961,21,5
1376306005,22,4
1376306055,22,4
1376306143,22,4
1376306195,23,3
1376306799,23,3
1376306812,22,4
1376307417,22,4
1376308061,23,3
1376308096,22,4
1376308138,23,3
1376308742,23,3
1376309345,23,3
1376309661,24,2
1376309998,23,3
1376310603,23,3
1376311233,24,2
1376311341,25,1
1376311954,26,0
1376312558,26,0
1376313043,25,1
1376313558,25,1
1376313668,26,0
1376314272,26,0
1376314875,26,0
1376315376,25,1
1376315495,24,2
1376315542,25,1
1376316145,25,1
1376316749,25,1
1376317353,25,1
1376317400,26,0
1376317509,25,1
1376317611,24,2
1376318106,25,1
1376318596,26,0
1376319199,26,0
1376319644,24,2
1376319703,22,4
1376319754,18,8
1376320359,18,8
1376320963,18,8
1376321034,17,9
1376321300,17,9
1376321361,18,8
1376321503,17,9
1376321612,18,8
1376321706,19,7
1376321804,18,8
1376322144,17,9
1376322281,18,8
1376322324,19,7
1376322348,20,6
1376322640,20,6
1376322675,22,4
1376322991,23,3
1376323178,22,4
1376323377,23,3
1376323840,24,2
1376323975,25,1
1376324580,25,1
1376324912,26,0
1376325184,25,1
1376325234,26,0
1376325838,26,0
1376326442,26,0
1376327046,26,0
1376327396,25,1
1376328012,26,0
1376328616,26,0
1376329220,26,0
1376329823,26,0
1376330427,26,0
1376330581,25,1
1376330875,25,1
1376330966,26,0
1376331570,26,0
1376332174,26,0
1376332777,26,0
1376333038,25,1
1376333672,26,0
1376334277,26,0
1376334880,26,0
1376335484,26,0
1376336088,26,0
1376336692,26,0
1376337296,26,0
1376337900,26,0
1376338504,26,0
1376339108,26,0
1376339711,26,0
1376340315,26,0
1376340641,25,1
1376341053,26,0
1376341657,26,0
1376342159,25,1
1376342763,25,1
1376343158,24,2
1376343762,24,2
1376344366,24,2
1376344970,24,2
1376345574,24,2
1376346177,24,2
1376346781,24,2
1376346924,24,2
1376347529,24,2
1376347824,24,2
1376347959,25,1
1376348314,23,3
1376348369,20,6
1376348438,16,10
1376348494,13,13
1376348550,10,16
1376348610,7,19
1376348664,5,21
1376349268,5,21
1376349873,5,21
1376350476,5,21
1376351080,5,21
1376351552,6,20
1376351672,5,21
1376351742,5,21
1376351744,6,20
1376352349,6,20
1376352953,6,20
1376353556,6,20
1376354160,6,20
1376354764,6,20
1376355368,6,20
1376355972,6,20
1376356575,6,20
1376357179,6,20
1376357783,6,20
1376358119,6,20
1376358723,6,20
1376359327,6,20
1376359931,6,20
1376360535,6,20
1376361138,6,20
1376361742,6,20
1376362181,6,20
1376362191,7,19
1376362796,7,19
1376363400,7,19
1376364004,7,19
1376364446,8,18
1376365050,8,18
1376365654,8,18
1376366257,8,18
1376366294,9,17
1376366898,9,17
1376367502,9,17
1376368105,9,17
1376368709,9,17
1376368821,10,16
1376369425,10,16
1376370028,10,16
1376370632,10,16
1376371002,11,15
1376371182,11,15
1376371185,10,16
1376371418,12,14
1376371703,13,13
1376372307,13,13
1376372911,13,13
1376373077,14,12
1376373639,14,12
1376373648,15,11
1376374251,15,11
1376374382,18,8
1376374480,19,7
1376375084,19,7
1376375246,20,6
1376375442,22,4
1376376047,22,4
1376376138,23,3
1376376275,24,2
1376376662,25,1
1376377063,23,3
1376377122,20,6
1376377176,16,10
1376377660,17,9
1376377742,18,8
1376377839,19,7
1376377928,20,6
1376378026,21,5
1376378630,21,5
1376379032,21,5
1376379060,22,4
1376379162,22,4
1376379283,22,4
1376379286,23,3
1376379926,23,3
1376379964,25,1
1376380199,26,0
1376380803,26,0
1376381408,26,0
1376381785,25,1
1376381862,25,1
1376381865,26,0
1376382469,26,0
1376383073,26,0
1376383420,24,2
1376383473,22,4
1376383524,20,6
1376383603,18,8
1376383622,16,10
1376384225,16,10
1376384859,15,11
1376385401,15,11
1376385409,16,10
1376386013,16,10
1376386188,15,11
1376386286,15,11
1376386320,16,10
1376386586,15,11
1376387191,15,11
1376387229,16,10
1376387738,15,11
1376388342,15,11
1376388718,16,10
1376388814,17,9
1376389115,18,8
1376389168,17,9
1376389230,19,7
1376389767,20,6
1376390371,20,6
1376390725,21,5
1376390800,21,5
1376390810,22,4
1376391414,22,4
1376392017,22,4
1376392295,23,3
1376392407,24,2
1376392884,23,3
1376393000,23,3
1376393038,24,2
1376393323,24,2
1376393326,25,1
1376393931,25,1
1376394535,25,1
1376394822,25,1
1376394853,26,0
1376395457,26,0
1376396061,26,0
1376396665,26,0
1376397269,26,0
1376397852,26,0
1376398002,24,2
1376398051,24,2
1376398622,23,3
1376399226,23,3
1376399480,23,3
1376399563,23,3
1376399566,24,2
1376399726,23,3
1376399848,22,4
1376400040,22,4
1376400071,23,3
1376400440,25,1
1376400511,26,0
1376401114,26,0
1376401718,26,0
1376402322,26,0
1376402926,26,0
1376403530,26,0
1376404133,26,0
1376404737,26,0
1376405341,26,0
1376405945,26,0
1376406549,26,0
1376407152,26,0
1376407756,26,0
1376408360,26,0
1376408964,26,0
1376409567,26,0
1376409814,25,1
1376409880,24,2
1376409927,24,2
1376410003,23,3
1376410056,23,3
1376410080,24,2
1376410402,25,1
1376410463,24,2
1376410651,25,1
1376410811,25,1
1376411056,24,2
1376411232,25,1
1376411440,26,0
1376411606,25,1
1376411772,26,0
1376412376,26,0
1376412980,26,0
1376413077,24,2
1376413219,25,1
1376413362,25,1
1376413370,26,0
1376413852,25,1
1376414082,25,1
1376414091,26,0
1376414695,26,0
1376415299,26,0
1376415902,26,0
1376416506,26,0
1376416956,25,1
1376417060,24,2
1376417664,24,2
1376417980,23,3
1376418284,23,3
1376418287,24,2
1376418585,24,2
1376418587,23,3
1376418993,22,4
1376419086,21,5
1376419211,22,4
1376419344,21,5
1376419396,21,5
1376419483,22,4
1376419889,23,3
1376420494,23,3
1376420541,24,2
1376421145,24,2
1376421250,25,1
1376421336,24,2
1376421584,24,2
1376421592,25,1
1376421729,26,0
1376422333,26,0
1376422937,26,0
1376423541,26,0
1376424144,26,0
1376424749,26,0
1376425353,26,0
1376425956,26,0
1376426560,26,0
1376427164,26,0
1376427768,26,0
1376428371,26,0
1376428975,26,0
1376429579,26,0
1376429904,25,1
1376430508,25,1
1376430667,26,0
1376431272,26,0
1376431875,26,0
1376432479,26,0
1376433083,26,0
1376433687,26,0
1376433724,25,1
1376434328,25,1
1376434598,22,4
1376434665,18,8
1376434725,13,13
1376434784,8,18
1376434833,5,21
1376434977,5,21
1376435478,4,22
1376436082,4,22
1376436686,4,22
1376437290,4,22
1376437761,7,19
1376438366,7,19
1376438969,7,19
1376439573,7,19
1376440177,7,19
1376440781,7,19
1376441000,8,18
1376441605,8,18
1376442208,8,18
1376442812,8,18
1376443416,8,18
1376444020,8,18
1376444479,8,18
1376445084,8,18
1376445687,8,18
1376446291,8,18
1376446895,8,18
1376447384,7,19
1376447988,7,19
1376448570,8,18
1376449175,8,18
1376449779,8,18
1376450383,8,18
1376450987,8,18
1376451590,8,18
1376452194,8,18
1376452420,8,18
1376452480,8,18
1376452526,8,17
1376452561,10,16
1376452624,11,15
1376453228,11,15
1376453831,11,15
1376454435,11,15
1376455039,11,15
1376455643,11,15
1376456246,11,15
1376456850,11,15
1376457454,11,15
1376458056,12,14
1376458660,12,14
1376459264,12,14
1376459868,12,14
1376460090,12,14
1376460129,14,12
1376460733,14,12
1376461337,14,12
1376461810,15,11
1376462128,16,10
1376462255,16,10
1376462323,17,9
1376462334,18,8
1376462479,19,7
1376462542,20,6
1376463146,20,6
1376463750,20,6
1376464354,20,6
1376464937,21,5
1376465074,21,4
1376465097,22,3
1376465667,22,3
1376465705,23,2
1376466340,23,3
1376466349,24,2
1376466646,24,2
1376466705,25,1
1376466749,25,1
1376467072,24,2
1376467676,24,2
1376467890,25,1
1376468241,26,0
1376468845,26,0
1376469448,26,0
1376470051,26,0
1376470655,26,0
1376471258,26,0
1376471862,26,0
1376472338,25,1
1376472403,21,5
1376472456,18,8
1376472498,16,10
1376473103,16,10
1376473343,14,12
1376473586,15,11
1376473643,16,10
1376473798,17,9
1376474359,18,8
1376474402,19,7
1376474502,18,8
1376474525,19,7
1376475129,19,7
1376475733,19,7
1376476336,19,7
1376476650,18,8
1376476894,19,7
1376477083,19,7
1376477085,20,6
1376477525,21,5
1376478129,21,5
1376478733,21,5
1376478871,23,3
1376479096,24,2
1376479158,25,1
1376479763,25,1
1376480006,25,1
1376480610,25,1
1376481214,25,1
1376481817,25,1
1376482051,24,2
1376482654,24,2
1376482796,25,1
1376483410,25,1
1376484014,25,1
1376484601,24,2
1376485206,24,2
1376485391,25,1
1376485995,25,1
1376486503,25,1
1376486512,26,0
1376487116,26,0
1376487720,26,0
1376488324,26,0
1376488421,25,1
1376488482,22,4
1376488531,18,8
1376488605,16,10
1376488683,18,8
1376489287,18,8
1376489409,19,7
1376490013,19,7
1376490617,19,7
1376490794,20,6
1376490915,19,7
1376491528,20,6
1376491778,21,5
1376491789,22,4
1376492083,22,4
1376492149,24,2
1376492326,25,1
1376492441,26,0
1376493045,26,0
1376493649,26,0
1376494252,26,0
1376494856,26,0
1376495460,26,0
1376496061,25,1
1376496558,26,0
1376496735,25,1
1376497122,25,1
1376497134,26,0
1376497739,26,0
1376498342,26,0
1376498946,26,0
1376499103,23,3
1376499136,19,7
1376499755,20,6
1376500019,21,5
1376500079,22,4
1376500683,22,4
1376501250,24,2
1376501821,25,1
1376502426,25,1
1376502488,26,0
1376503091,26,0
1376503695,26,0
1376503843,26,0
1376503845,25,1
1376504020,24,2
1376504263,25,1
1376504675,26,0
1376504889,26,0
1376505492,26,0
1376506096,26,0
1376506145,25,1
1376506749,25,1
1376506976,26,0
1376507580,26,0
1376508184,26,0
1376508788,26,0
1376509391,26,0
1376509674,25,1
1376509774,24,2
1376509831,25,1
1376510380,26,0
1376510984,26,0
1376511588,26,0
1376511832,25,1
1376512437,25,1
1376513041,25,1
1376513644,25,1
1376514248,25,1
1376514659,24,2
1376515032,25,1
1376515636,25,1
1376516240,25,1
1376516843,25,1
1376517447,25,1
1376518051,25,1
1376518655,25,1
1376518995,23,3
1376519495,24,2
1376520099,24,2
1376520690,23,3
1376521295,23,3
1376521843,22,4
1376521896,18,8
1376521958,13,13
1376522023,11,15
1376522085,8,18
1376522135,4,22
1376522151,3,23
1376522319,3,23
1376522361,3,23
1376522534,3,23
1376522620,3,23
1376522673,4,22
1376522743,4,22
1376522800,4,22
1376522846,5,21
1376522869,6,20
1376523473,6,20
1376523538,6,20
1376523628,8,18
1376524232,8,18
1376524836,8,18
1376525310,9,17
1376525368,9,17
1376525405,10,16
1376525845,9,17
1376526304,8,18
1376526908,8,18
1376527512,8,18
1376528116,8,18
1376528607,10,16
1376529211,10,16
1376529815,10,16
1376530305,11,15
1376530963,11,15
1376531568,11,15
1376532171,11,15
1376532775,11,15
1376533379,11,15
1376533983,11,15
1376534586,11,15
1376535190,11,15
1376535794,11,15
1376536398,11,15
1376537001,11,15
1376537606,11,15
1376538120,10,16
1376538724,10,16
1376539328,10,16
1376539933,10,16
1376540536,10,16
1376541140,10,16
1376541744,10,16
1376541792,11,15
1376542396,11,15
1376542961,11,15
1376543004,12,14
1376543083,12,14
1376543110,13,13
1376543555,13,13
1376543613,14,12
1376543672,13,13
1376543687,14,12
1376544291,14,12
1376544895,14,12
1376545498,14,12
1376546102,14,12
1376546706,14,12
1376547310,14,12
1376547913,14,12
1376547960,13,13
1376548564,13,13
1376549168,13,13
1376549772,13,13
1376550376,13,13
1376550980,13,13
1376551584,13,13
1376552188,13,13
1376552791,13,13
1376552832,14,12
1376553436,14,12
1376553834,15,11
1376553998,16,10
1376554603,16,10
1376555206,16,10
1376555781,16,10
1376555818,17,9
1376556422,17,9
1376557026,17,9
1376557509,18,8
1376557717,19,7
1376558321,19,7
1376558925,19,7
1376559312,20,6
1376559524,20,6
1376559584,22,4
1376559587,23,3
1376560191,23,3
1376560795,23,3
1376561177,24,2
1376561248,24,2
1376561298,25,1
1376561902,25,1
1376562161,25,1
1376562173,25,1
1376562283,25,1
1376562285,26,0
1376562724,25,1
1376562829,24,2
1376563060,26,0
1376563664,26,0
1376564269,26,0
1376564872,26,0
1376565524,25,1
1376565538,25,1
1376566142,25,1
1376566766,26,0
1376567219,24,2
1376567823,24,2
1376567895,25,1
1376568499,25,1
1376568600,26,0
1376568812,25,1
1376569416,25,1
1376570020,25,1
1376570357,26,0
1376570961,26,0
1376571565,26,0
1376572169,26,0
1376572773,26,0
1376573003,25,1
1376573426,23,3
1376573923,24,2
1376573972,23,3
1376573994,24,2
1376574435,25,1
1376574598,24,2
1376574942,25,1
1376575546,25,1
1376575608,24,2
1376576136,25,1
1376576293,26,0
1376576897,26,0
1376577501,26,0
1376578105,26,0
1376578709,26,0
1376579312,26,0
1376579600,25,1
1376580204,25,1
1376580284,25,1
1376580291,26,0
1376580437,25,1
1376580673,26,0
1376581277,26,0
1376581880,26,0
1376582484,26,0
1376583088,26,0
1376583692,26,0
1376584012,25,1
1376584616,25,1
1376585219,25,1
1376585457,26,0
1376586003,24,2
1376586607,24,2
1376587211,24,2
1376587815,24,2
1376588258,23,3
1376588336,24,2
1376588471,25,1
1376589076,25,1
1376589544,26,0
1376590149,26,0
1376590753,26,0
1376591200,25,1
1376591437,26,0
1376592042,26,0
1376592645,26,0
1376593060,24,2
1376593100,25,1
1376593717,25,1
1376593727,26,0
1376594173,25,1
1376594752,25,1
1376594980,26,0
1376595584,26,0
1376596188,26,0
1376596792,26,0
1376597395,26,0
1376597999,26,0
1376598603,26,0
1376599207,26,0
1376599811,26,0
1376600415,26,0
1376601018,26,0
1376601622,26,0
1376602226,26,0
1376602829,26,0
1376603433,26,0
1376604037,26,0
1376604613,25,1
1376604879,26,0
1376605482,26,0
1376606086,26,0
1376606690,26,0
1376607294,26,0
1376607897,26,0
1376607992,22,4
1376608061,19,7
1376608123,15,11
1376608180,11,15
1376608229,8,18
1376608298,7,19
1376608330,5,21
1376608934,5,21
1376609056,6,20
1376609682,5,21
1376609694,5,21
1376610298,5,21
1376610736,4,22
1376610776,5,21
1376611053,5,21
1376611090,6,20
1376611694,6,20
1376612298,6,20
1376612902,6,20
1376613506,6,20
1376614110,6,20
1376614714,6,20
1376615318,6,20
1376615887,6,20
1376615927,6,20
1376615998,7,19
1376616064,7,19
1376616144,7,19
1376616204,7,19
1376616229,8,18
1376616832,8,18
1376617295,8,18
1376617898,8,18
1376618502,8,18
1376619106,8,18
1376619672,9,17
1376620276,9,17
1376620880,9,17
1376621484,9,17
1376622087,9,17
1376622691,9,17
1376623295,9,17
1376623899,9,17
1376623989,9,17
1376624593,9,17
1376625199,9,17
1376625802,9,17
1376626406,9,17
1376627010,9,17
1376627614,9,17
1376628217,9,17
1376628423,10,16
1376629027,10,16
1376629631,10,16
1376630235,10,16
1376630839,10,16
1376631442,10,16
1376632046,10,16
1376632209,10,16
1376632278,11,15
1376632883,11,15
1376633195,12,14
1376633275,13,13
1376633563,13,13
1376634166,13,13
1376634770,13,13
1376635347,14,12
1376635951,14,12
1376636554,14,12
1376637158,14,12
1376637763,14,12
1376638239,14,12
1376638264,15,11
1376638579,16,10
1376638703,17,9
1376639307,17,9
1376639911,17,9
1376639957,17,9
1376639989,18,8
1376640088,19,7
1376640246,20,6
1376640850,20,6
1376641301,19,7
1376641905,19,7
1376642509,19,7
1376643113,19,7
1376643460,18,8
1376644064,18,8
1376644668,18,8
1376645272,18,8
1376645875,18,8
1376645975,19,7
1376646579,19,7
1376646677,21,5
1376646768,21,5
1376646866,21,5
1376646908,22,4
1376646987,22,3
1376647039,23,3
1376647579,24,2
1376647673,25,1
1376648312,26,0
1376648916,26,0
1376649520,26,0
1376650124,26,0
1376650729,26,0
1376651332,26,0
1376651936,26,0
1376652204,26,0
1376652233,26,0
1376652838,26,0
1376653441,26,0
1376654045,26,0
1376654649,26,0
1376655253,26,0
1376655856,26,0
1376656460,26,0
1376656994,26,0
1376657598,26,0
1376658202,26,0
1376658806,26,0
1376659410,26,0
1376660013,26,0
1376660617,26,0
1376661221,26,0
1376661831,26,0
1376662434,26,0
1376663039,26,0
1376663642,26,0
1376663737,25,1
1376664193,26,0
1376664797,26,0
1376665236,25,1
1376665329,26,0
1376665933,26,0
1376666228,25,1
1376666656,26,0
1376667259,26,0
1376667863,26,0
1376668467,26,0
1376669071,26,0
1376669589,25,1
1376670193,25,1
1376670390,24,2
1376670508,25,1
1376670566,26,0
1376671170,26,0
1376671774,26,0
1376672378,26,0
1376672981,26,0
1376673255,25,1
1376673858,25,1
1376674462,25,1
1376674785,25,1
1376674787,26,0
1376675391,26,0
1376675995,26,0
1376676601,26,0
1376677205,26,0
1376677809,26,0
1376678413,26,0
1376679016,26,0
1376679284,26,0
1376679287,25,1
1376679937,24,2
1376680154,25,1
1376680758,25,1
1376680833,24,2
1376680848,23,3
1376680918,24,2
1376681283,23,3
1376681384,23,3
1376681387,24,2
1376681488,25,1
1376682092,25,1
1376682696,25,1
1376683299,25,1
1376683340,26,0
1376683944,26,0
1376683991,25,1
1376684595,25,1
1376685199,25,1
1376685803,25,1
1376686406,25,1
1376687010,25,1
1376687614,25,1
1376687876,24,2
1376688480,24,2
1376688839,25,1
1376689444,25,1
1376690047,25,1
1376690504,25,1
1376690512,26,0
1376691116,26,0
1376691720,26,0
1376691910,25,1
1376692514,25,1
1376693118,25,1
1376693722,25,1
1376694280,25,1
1376694288,26,0
1376694565,24,2
1376694664,23,3
1376694825,23,3
1376694837,25,1
1376695063,25,1
1376695084,26,0
1376695688,26,0
1376695817,25,1
1376696420,25,1
1376696897,26,0
1376697501,26,0
1376698105,26,0
1376698708,26,0
1376699312,26,0
1376699916,26,0
1376700520,26,0
1376701124,26,0
1376701728,26,0
1376702332,26,0
1376702936,26,0
1376703760,26,0
1376704364,26,0
1376704968,26,0
1376705572,26,0
1376706176,26,0
1376706779,26,0
1376707383,26,0
1376707987,26,0
1376708591,26,0
1376709195,26,0
1376709798,26,0
1376710402,26,0
1376711007,26,0
1376711611,26,0
1376712215,26,0
1376712818,26,0
1376713423,26,0
1376714026,26,0
1376714630,26,0
1376715234,26,0
1376715838,26,0
1376716442,26,0
1376717045,26,0
1376717649,26,0
1376718253,26,0
1376718857,26,0
1376719460,26,0
1376720064,26,0
1376720435,25,1
1376721039,25,1
1376721643,25,1
1376721704,25,1
1376721707,26,0
1376722311,26,0
1376722915,26,0
1376723518,26,0
1376724122,26,0
1376724726,26,0
1376725330,26,0
1376725934,26,0
1376726538,26,0
1376726994,26,0
1376727597,26,0
1376728201,26,0
1376728393,25,1
1376728486,26,0
1376729090,26,0
1376729667,25,1
1376730271,25,1
1376730579,23,3
1376731065,23,3
1376731108,24,2
1376731140,25,1
1376731360,25,1
1376731370,26,0
1376731974,26,0
1376732144,26,0
1376732147,25,1
1376732358,26,0
1376732925,25,1
1376732962,24,2
1376733285,25,1
1376733296,26,0
1376733900,26,0
1376734504,26,0
1376735107,26,0
1376735711,26,0
1376736315,26,0
1376736919,26,0
1376737522,26,0
1376738127,26,0
1376738287,25,1
1376738624,26,0
1376739228,26,0
1376739832,26,0
1376740436,26,0
1376741040,26,0
1376741644,26,0
1376742247,26,0
1376742851,26,0
1376743455,26,0
1376744059,26,0
1376744662,26,0
1376745266,26,0
1376745870,26,0
1376746474,26,0
1376747078,26,0
1376747681,26,0
1376748285,26,0
1376748479,25,1
1376748644,26,0
1376749248,26,0
1376749712,25,1
1376749821,26,0
1376750425,26,0
1376751029,26,0
1376751633,26,0
1376752237,26,0
1376752367,26,0
1376752423,21,5
1376752482,19,7
1376752534,16,10
1376752844,17,9
1376753050,18,8
1376753654,18,8
1376753708,19,7
1376753902,21,5
1376754010,20,6
1376754614,20,6
1376754873,21,5
1376755477,21,5
1376755719,20,6
1376756323,20,6
1376756927,20,6
1376757586,20,6
1376757588,20,6
1376757690,20,6
1376757814,21,5
1376757844,22,4
1376758220,22,4
1376758267,23,3
1376758322,24,2
1376758477,24,2
1376758511,25,1
1376758889,26,0
1376759493,26,0
1376760096,26,0
1376760700,26,0
1376761304,26,0
1376761908,26,0
1376762511,26,0
1376763116,26,0
1376763721,26,0
1376764324,26,0
1376764662,25,1
1376764825,26,0
1376765430,26,0
1376766039,26,0
1376766643,26,0
1376767247,26,0
1376767852,26,0
1376768456,26,0
1376768977,25,1
1376769478,26,0
1376770082,26,0
1376770686,26,0
1376770869,25,1
1376771473,25,1
1376772077,25,1
1376772276,26,0
1376772770,26,0
1376773374,26,0
1376773978,26,0
1376774581,26,0
1376775185,26,0
1376775790,26,0
1376776394,26,0
1376776997,26,0
1376777601,26,0
1376778205,26,0
1376778809,26,0
1376779412,26,0
1376780016,26,0
1376780559,25,1
1376781164,25,1
1376781767,25,1
1376781909,26,0
1376782514,26,0
1376783117,26,0
1376783721,26,0
1376784325,26,0
1376784929,26,0
1376785532,26,0
1376786136,26,0
1376786746,26,0
1376787350,26,0
1376787953,26,0
1376788558,26,0
1376789162,26,0
1376789765,26,0
1376790076,26,0
1376790680,26,0
1376791284,26,0
1376791887,26,0
1376792491,26,0
1376793095,26,0
1376793699,26,0
1376794303,26,0
1376794906,26,0
1376795510,26,0
1376796114,26,0
1376796718,26,0
1376797321,26,0
1376797924,26,0
1376798528,26,0
1376799132,26,0
1376799736,26,0
1376800339,26,0
1376800944,26,0
1376801548,26,0
1376802151,26,0
1376802755,26,0
1376803359,26,0
1376803963,26,0
1376804566,26,0
1376805170,26,0
1376805774,26,0
1376806378,26,0
1376806982,26,0
1376807585,26,0
1376808189,26,0
1376808691,26,0
1376809294,26,0
1376809898,26,0
1376810502,26,0
1376811106,26,0
1376811709,26,0
1376812313,26,0
1376812917,26,0
1376813521,26,0
1376814125,26,0
1376814729,26,0
1376815333,26,0
1376815936,26,0
1376816540,26,0
1376817144,26,0
1376817559,25,1
1376817742,26,0
1376818347,26,0
1376818951,26,0
1376819554,26,0
1376820158,26,0
1376820626,25,1
1376820764,25,1
1376820772,26,0
1376821376,26,0
1376821980,26,0
1376822584,26,0
1376823187,26,0
1376823791,26,0
1376824395,26,0
1376824999,26,0
1376825603,26,0
1376826207,26,0
1376826811,26,0
1376827415,26,0
1376828018,26,0
1376828131,25,1
1376828735,25,1
1376829074,26,0
1376829678,26,0
1376830281,26,0
1376830885,26,0
1376831488,26,0
1376832092,26,0
1376832696,26,0
