1376147568,25,5
1376294617,25,5
1376294734,1,29
1376295102,1,29
1376295207,1,29
1376295273,0,30
1376295397,0,30
1376295523,0,30
1376295600,0,30
1376295673,0,30
1376295808,0,30
1376296003,0,25
1376296087,0,25
1376296158,0,25
1376296329,0,25
1376296577,0,24
1376296826,0,30
1376297430,0,30
1376298034,0,30
1376298200,0,30
1376298237,0,30
1376298841,0,30
1376299404,0,30
1376299428,1,29
1376300032,1,29
1376300227,0,30
1376300831,0,30
1376301454,0,30
1376301495,1,29
1376301875,1,29
1376301911,2,28
1376302516,2,28
1376302761,2,28
1376302788,3,27
1376303342,2,28
1376303534,1,29
1376303742,2,28
1376304346,2,28
1376304633,3,27
1376305238,3,27
1376305589,3,27
1376305648,4,26
1376305667,5,25
1376306174,4,26
1376306314,4,26
1376306353,4,26
1376306442,3,27
1376306491,4,26
1376306611,4,26
1376306628,5,25
1376307233,5,25
1376307333,6,24
1376307517,7,23
1376307614,7,23
1376307940,7,23
1376308122,6,24
1376308271,4,26
1376308580,5,25
1376308825,4,26
1376309429,4,26
1376310033,4,26
1376310093,5,25
1376310222,4,26
1376310259,5,25
1376310458,5,25
1376310504,5,25
1376311114,5,25
1376311718,5,25
1376312032,4,26
1376312636,4,26
1376312915,5,25
1376312984,3,27
1376312987,3,27
1376313630,4,26
1376314166,2,28
1376314771,2,28
1376315289,1,29
1376315894,1,29
1376316497,1,29
1376316633,1,29
1376316695,3,27
1376316823,3,27
1376316843,4,26
1376316944,5,25
1376317172,4,26
1376317338,3,27
1376317778,2,28
1376318195,3,27
1376318604,4,26
1376318709,3,27
1376319313,3,27
1376319677,3,27
1376319727,3,27
1376319877,3,27
1376319904,4,26
1376320184,4,26
1376320187,3,27
1376320362,2,28
1376320418,2,28
1376320439,3,27
1376320719,4,26
1376320751,5,25
1376320940,4,26
1376321007,6,24
1376321307,7,23
1376321403,6,24
1376321541,6,24
1376321793,7,23
1376322045,6,24
1376322335,6,24
1376322400,7,23
1376322415,8,22
1376322557,7,23
1376322627,6,24
1376322693,5,25
1376322751,5,25
1376322782,6,24
1376322878,6,24
1376322937,8,22
1376323541,8,22
1376323816,9,21
1376323874,10,20
1376324478,10,20
1376324617,10,20
1376324674,13,17
1376324735,14,16
1376324976,13,17
1376325036,13,17
1376325047,14,16
1376325159,14,16
1376325212,15,15
1376325256,16,14
1376325344,16,14
1376325395,17,13
1376325413,18,12
1376325578,19,11
1376325633,20,10
1376326019,21,9
1376326113,20,10
1376326214,19,11
1376326261,20,10
1376326477,20,10
1376326500,21,9
1376326586,22,8
1376326860,21,9
1376327157,20,10
1376327383,22,8
1376327461,23,7
1376327561,23,7
1376327571,24,6
1376327904,25,5
1376328274,26,4
1376328340,27,3
1376328385,28,2
1376328438,27,3
1376328505,27,3
1376328567,26,4
1376328594,26,4
1376328779,27,3
1376328878,28,2
1376329382,29,1
1376329986,29,1
1376330082,29,1
1376330119,29,1
1376330196,29,1
1376330800,29,1
1376331404,29,1
1376332008,29,1
1376332612,29,1
1376333215,29,1
1376333819,29,1
1376334423,29,1
1376335026,29,1
1376335630,29,1
1376336235,29,1
1376336838,29,1
1376337442,29,1
1376338046,29,1
1376338650,29,1
1376339254,29,1
1376339857,29,1
1376340461,29,1
1376341065,29,1
1376341668,29,1
1376342273,29,1
1376342877,29,1
1376343481,29,1
1376344085,29,1
1376344689,29,1
1376345292,29,1
1376345896,29,1
1376346500,29,1
1376347104,29,1
1376347707,29,1
1376348311,29,1
1376348916,29,1
1376349519,29,1
1376350123,29,1
1376350727,29,1
1376351331,29,1
1376351934,29,1
1376352538,29,1
1376353142,29,1
1376353746,29,1
1376354349,29,1
1376354953,29,1
1376355557,29,1
1376356112,29,1
1376356716,29,1
1376357320,29,1
1376357924,29,1
1376358528,29,1
1376359131,29,1
1376359735,29,1
1376360338,29,1
1376360942,29,1
1376361547,29,1
1376362150,29,1
1376362754,29,1
1376363358,29,1
1376363962,29,1
1376364566,29,1
1376365169,29,1
1376365773,29,1
1376366377,29,1
1376366981,29,1
1376367584,29,1
1376368188,29,1
1376368792,29,1
1376369395,29,1
1376369999,29,1
1376370603,29,1
1376371207,29,1
1376371811,29,1
1376372061,28,2
1376372665,28,2
1376373269,28,2
1376373873,28,2
1376374263,27,3
1376374867,27,3
1376375071,26,4
1376375491,25,5
1376375574,24,6
1376375962,23,7
1376376192,22,8
1376376386,21,9
1376376535,20,10
1376376590,19,11
1376376658,18,12
1376376762,17,13
1376376765,16,14
1376376835,15,15
1376377348,12,18
1376377952,12,18
1376378114,11,19
1376378262,10,20
1376378612,10,20
1376378637,11,19
1376379242,11,19
1376379462,9,21
1376379520,8,22
1376380123,8,22
1376380659,7,23
1376380703,5,25
1376381248,4,26
1376381616,3,27
1376381851,2,28
1376382138,1,29
1376382516,1,29
1376382573,3,27
1376383177,3,27
1376383781,3,27
1376384385,3,27
1376384562,2,28
1376384794,0,30
1376385327,0,30
1376385351,1,29
1376385955,1,29
1376386558,1,29
1376386822,2,28
1376387427,2,28
1376387800,2,28
1376387833,4,26
1376388277,4,26
1376388318,4,26
1376388374,4,26
1376388409,6,23
1376388856,7,22
1376389147,6,23
1376389588,7,22
1376389746,6,23
1376389838,6,23
1376389902,6,23
1376389935,6,23
1376389987,8,21
1376390591,8,22
1376391040,7,23
1376391159,8,22
1376391186,9,21
1376391518,8,22
1376392069,7,23
1376392395,8,22
1376392999,8,22
1376393104,7,23
1376393254,7,23
1376393294,7,23
1376393346,6,24
1376393538,7,23
1376393683,8,22
1376393685,7,23
1376394335,6,24
1376394368,7,23
1376394673,8,22
1376395276,8,22
1376395473,8,22
1376395541,8,22
1376395601,9,21
1376395616,9,21
1376395823,8,22
1376396427,8,22
1376397031,8,22
1376397491,7,23
1376397777,6,24
1376398381,6,24
1376398472,6,24
1376398515,7,23
1376399076,7,23
1376399106,8,22
1376399710,8,22
1376400314,8,22
1376400918,8,22
1376401522,8,22
1376402126,8,22
1376402606,7,23
1376403082,8,22
1376403581,8,22
1376403608,9,21
1376403763,10,20
1376404151,9,21
1376404241,9,21
1376404244,8,22
1376404840,9,21
1376404922,8,22
1376405254,8,22
1376405281,9,21
1376405884,9,21
1376406214,9,21
1376406247,10,20
1376406563,9,21
1376407038,8,22
1376407115,8,22
1376407155,8,22
1376407355,8,22
1376407368,9,21
1376407950,9,21
1376407976,10,20
1376408071,8,22
1376408130,9,21
1376408376,10,20
1376408553,11,19
1376409157,11,19
1376409342,11,19
1376409366,12,18
1376409517,12,18
1376409530,14,16
1376409691,15,15
1376410056,16,14
1376410229,18,12
1376410342,17,13
1376410527,16,14
1376410691,15,15
1376410951,14,16
1376411081,14,16
1376411087,15,15
1376411237,15,15
1376411309,15,15
1376411556,15,15
1376411576,16,14
1376411681,16,14
1376411725,17,13
1376411903,18,12
1376412034,19,11
1376412322,20,10
1376412400,19,11
1376412461,17,13
1376412515,17,13
1376412583,18,12
1376412624,19,11
1376412922,19,11
1376412970,20,10
1376413162,21,9
1376413240,21,9
1376413295,22,8
1376413539,21,9
1376413586,22,8
1376413650,23,7
1376413893,22,8
1376413933,21,9
1376414129,22,8
1376414264,22,8
1376414284,25,5
1376414564,25,5
1376414566,26,4
1376414681,25,5
1376414963,26,4
1376415464,27,3
1376415479,28,2
1376415742,27,3
1376416041,27,3
1376416470,28,2
1376417024,28,2
1376417061,28,2
1376417300,27,3
1376417369,28,2
1376417973,28,2
1376418577,28,2
1376419181,28,2
1376419784,28,2
1376420389,28,2
1376420992,28,2
1376421325,29,1
1376421929,29,1
1376422533,29,1
1376423137,29,1
1376423740,29,1
1376424344,29,1
1376424949,29,1
1376425552,29,1
1376426156,29,1
1376426760,29,1
1376427363,29,1
1376427967,29,1
1376428572,29,1
1376429175,29,1
1376429779,29,1
1376430383,29,1
1376430987,29,1
1376431591,29,1
1376432194,29,1
1376432798,29,1
1376433402,29,1
1376434005,29,1
1376434609,29,1
1376435213,29,1
1376435817,29,1
1376436421,29,1
1376437024,29,1
1376437628,29,1
1376438232,29,1
1376438836,29,1
1376439439,29,1
1376440043,29,1
1376440648,29,1
1376441251,29,1
1376441855,29,1
1376442507,29,1
1376443111,29,1
1376443715,29,1
1376444318,29,1
1376444922,29,1
1376445526,29,1
1376446130,29,1
1376446733,29,1
1376447337,29,1
1376447941,29,1
1376448545,29,1
1376449149,29,1
1376449752,29,1
1376450356,29,1
1376450960,29,1
1376451563,29,1
1376452168,29,1
1376452771,29,1
1376453376,29,1
1376453979,29,1
1376454583,29,1
1376455187,29,1
1376455791,29,1
1376456394,29,1
1376456694,28,2
1376457298,28,2
1376457725,29,1
1376458329,29,1
1376458662,29,1
1376458665,28,2
1376459268,28,2
1376459872,28,2
1376460307,27,3
1376460451,26,4
1376460610,25,5
1376460959,24,6
1376461333,23,7
1376461866,21,9
1376462000,20,10
1376462247,19,11
1376462440,17,13
1376462616,16,14
1376462852,15,15
1376463042,13,17
1376463342,12,18
1376463574,12,18
1376463606,12,18
1376464204,11,19
1376464294,10,20
1376464447,9,21
1376464755,9,21
1376464816,10,20
1376465420,10,20
1376465826,8,22
1376466313,7,23
1376466803,6,24
1376467408,6,24
1376467601,4,26
1376467655,4,26
1376468260,4,26
1376468864,4,26
1376469102,3,27
1376469335,3,27
1376469378,4,26
1376469982,4,26
1376470586,4,26
1376470760,3,27
1376471364,3,27
1376471813,2,28
1376471920,2,28
1376471941,3,27
1376472545,3,27
1376473173,2,28
1376473304,2,28
1376473306,1,29
1376473405,1,29
1376473472,2,28
1376473507,3,27
1376474047,3,27
1376474090,3,27
1376474260,3,27
1376474324,3,27
1376474358,2,28
1376474431,3,27
1376474647,3,27
1376474738,3,27
1376474793,3,27
1376474811,4,26
1376475416,4,26
1376476019,4,26
1376476533,4,26
1376476566,5,25
1376476708,6,24
1376477044,5,25
1376477136,5,25
1376477153,6,24
1376477756,6,24
1376478373,5,25
1376478509,3,27
1376478637,4,26
1376478688,3,27
1376478879,3,27
1376478898,4,26
1376479220,5,25
1376479355,5,25
1376479387,6,24
1376479991,6,24
1376480072,5,25
1376480561,5,25
1376480593,6,24
1376480744,5,25
1376481056,4,26
1376481571,3,27
1376482175,3,27
1376482304,3,27
1376482329,3,27
1376482424,4,26
1376482460,4,26
1376482538,7,23
1376482602,6,24
1376482618,7,23
1376483222,7,23
1376483827,7,23
1376484430,7,23
1376484579,8,22
1376484634,8,22
1376484646,9,21
1376485250,9,21
1376485854,9,21
1376485929,8,22
1376486534,8,22
1376487144,7,23
1376487748,7,23
1376488352,7,23
1376488482,7,23
1376488485,6,24
1376489090,6,24
1376489693,6,24
1376489971,6,24
1376490001,7,23
1376490628,6,24
1376491232,6,24
1376491714,6,24
1376491730,7,23
1376492083,7,23
1376492113,8,22
1376492724,9,21
1376493015,8,22
1376493247,7,23
1376493851,7,23
1376494227,6,24
1376494295,7,23
1376494360,7,23
1376494389,8,22
1376494461,9,21
1376494594,8,22
1376494654,8,22
1376494682,9,21
1376494819,10,20
1376495126,11,19
1376495261,11,19
1376495270,12,18
1376495378,12,18
1376495400,13,17
1376495453,12,18
1376495624,11,19
1376495664,12,18
1376495713,13,17
1376496218,14,16
1376496329,14,16
1376496345,17,13
1376496521,20,10
1376496811,19,11
1376496937,19,11
1376496951,20,10
1376497077,19,11
1376497535,20,10
1376497714,20,10
1376497727,21,9
1376498063,22,8
1376498307,22,8
1376498383,24,6
1376498440,24,6
1376498503,24,6
1376498521,26,4
1376498601,27,3
1376498950,27,3
1376499149,27,3
1376499225,26,4
1376499228,25,5
1376499558,26,4
1376499748,28,2
1376500123,27,3
1376500174,27,3
1376500236,27,3
1376500247,28,2
1376500449,27,3
1376500495,28,2
1376500759,29,1
1376501279,28,2
1376501366,29,1
1376501438,28,2
1376501592,29,1
1376502195,29,1
1376502499,30,0
1376502538,29,1
1376502726,28,2
1376502941,29,1
1376503527,30,0
1376503558,29,1
1376504089,28,2
1376504203,29,1
1376504808,29,1
1376505411,29,1
1376505583,28,2
1376505630,28,2
1376505646,28,2
1376505967,29,1
1376506572,29,1
1376507176,29,1
1376507781,29,1
1376508385,29,1
1376508988,29,1
1376509592,29,1
1376510196,29,1
1376510800,29,1
1376511403,29,1
1376512007,29,1
1376512611,29,1
1376513215,29,1
1376513818,29,1
1376514422,29,1
1376515032,29,1
1376515636,29,1
1376516240,29,1
1376516864,30,0
1376516987,29,1
1376517591,29,1
1376518195,29,1
1376518798,29,1
1376519403,29,1
1376520007,29,1
1376520616,29,1
1376521221,29,1
1376521824,29,1
1376522429,29,1
1376523033,29,1
1376523637,29,1
1376524241,29,1
1376524844,29,1
1376525381,28,2
1376525985,28,2
1376526589,28,2
1376527193,28,2
1376527797,28,2
1376528401,28,2
1376528888,28,2
1376529013,28,2
1376529617,28,2
1376530220,28,2
1376530824,28,2
1376531428,28,2
1376532032,28,2
1376532636,28,2
1376533240,28,2
1376533844,28,2
1376534447,28,2
1376535051,28,2
1376535655,28,2
1376536259,28,2
1376536862,28,2
1376537472,28,2
1376538076,28,2
1376538680,28,2
1376539285,28,2
1376539889,28,2
1376540494,28,2
1376541098,28,2
1376541702,28,2
1376542306,28,2
1376542910,28,2
1376543513,28,2
1376544117,28,2
1376544721,28,2
1376545211,27,3
1376545815,27,3
1376546081,27,3
1376546084,26,4
1376546688,26,4
1376547292,26,4
1376547896,26,4
1376548499,26,4
1376549132,25,5
1376549737,25,5
1376549793,24,6
1376550210,23,7
1376550816,23,7
1376550895,22,8
1376551498,22,8
1376552049,23,7
1376552654,23,7
1376553258,23,7
1376553863,23,7
1376554267,22,8
1376554870,22,8
1376555408,23,7
1376556042,22,8
1376556424,21,9
1376557028,21,9
1376557634,21,9
1376557703,20,10
1376558071,19,11
1376558246,18,12
1376558730,17,13
1376559333,17,13
1376559482,18,12
1376560034,20,10
1376560123,21,9
1376560124,21,9
1376560728,21,9
1376561332,21,9
1376561936,21,9
1376562081,20,10
1376562308,19,11
1376562912,19,11
1376563520,20,10
1376564123,20,10
1376564727,20,10
1376565331,20,10
1376565935,20,10
1376566539,20,10
1376567143,20,10
1376567748,20,10
1376567816,19,11
1376568243,18,12
1376568473,17,13
1376568871,18,12
1376568900,17,13
1376569206,18,12
1376569783,18,12
1376569835,19,11
1376569899,19,11
1376569910,19,11
1376570034,18,12
1376570322,19,11
1376570625,19,11
1376570648,18,12
1376571163,18,12
1376571167,16,14
1376571759,16,13
1376571816,16,13
1376571830,17,13
1376571899,16,14
1376572503,16,14
1376572630,17,13
1376572945,19,11
1376573183,20,10
1376573603,21,9
1376573644,22,8
1376574040,22,8
1376574050,23,7
1376574704,23,7
1376574706,24,6
1376575311,24,6
1376575419,24,6
1376576023,24,6
1376576627,24,6
1376577230,24,6
1376577776,23,7
1376578244,23,7
1376578255,24,6
1376578523,25,5
1376579127,25,5
1376579731,25,5
1376579900,26,4
1376580274,25,5
1376580382,24,6
1376580519,23,7
1376581020,22,8
1376581629,22,8
1376582128,22,8
1376582298,23,7
1376582654,24,6
1376582984,24,6
1376582995,25,5
1376583397,23,7
1376584001,23,7
1376584529,22,8
1376585139,22,8
1376585299,23,7
1376585334,24,6
1376585938,24,6
1376586175,23,7
1376586262,21,9
1376586866,21,9
1376587121,22,8
1376587155,21,9
1376587216,22,8
1376587352,21,9
1376587685,22,8
1376587900,22,8
1376587935,22,8
1376588013,22,8
1376588126,22,8
1376588344,23,7
1376588656,24,6
1376589260,24,6
1376589864,24,6
1376590468,24,6
1376590682,25,5
1376591287,25,5
1376591892,25,5
1376592509,25,5
1376593101,25,5
1376593709,25,5
1376594313,25,5
1376594464,26,4
1376595068,26,4
1376595673,26,4
1376596277,26,4
1376596882,26,4
1376597486,26,4
1376598090,26,4
1376598694,26,4
1376599298,26,4
1376599904,26,4
1376600508,26,4
1376601113,26,4
1376601719,26,4
1376602325,26,4
1376602929,26,4
1376603533,26,4
1376604137,26,4
1376604742,26,4
1376605346,26,4
1376605950,26,4
1376606554,26,4
1376607159,26,4
1376607680,25,5
1376608285,25,5
1376608889,25,5
1376609494,25,5
1376610098,25,5
1376610702,25,5
1376611309,25,5
1376611912,25,5
1376612516,25,5
1376613123,25,5
1376613727,25,5
1376614331,25,5
1376614935,25,5
1376615309,25,5
1376615913,25,5
1376616517,25,5
1376617121,25,5
1376617725,25,5
1376618329,25,5
1376618932,25,5
1376619536,25,5
1376620140,25,5
1376620744,25,5
1376621348,25,5
1376621951,25,5
1376622555,25,5
1376623159,25,5
1376623763,25,5
1376624368,25,5
1376624971,25,5
1376625575,25,5
1376626179,25,5
1376626785,25,5
1376627389,25,5
1376627992,25,5
1376628596,25,5
1376629201,25,5
1376629804,25,5
1376630408,25,5
1376631016,25,5
1376631631,24,6
1376632235,24,6
1376632840,24,6
1376633443,24,6
1376634048,24,6
1376634652,24,6
1376635083,23,7
1376635687,23,7
1376635908,22,8
1376636051,21,9
1376636655,21,9
1376636750,20,10
1376637386,19,11
1376637990,19,11
1376638594,19,11
1376639197,19,11
1376639421,18,12
1376639908,19,11
1376640010,18,12
1376640276,17,13
1376640329,17,13
1376640593,16,14
1376640930,16,14
1376640947,17,13
1376641551,17,13
1376641737,18,12
1376642342,18,12
1376642945,18,12
1376643340,19,11
1376643425,20,10
1376643504,18,12
1376644108,18,12
1376644344,17,13
1376644769,18,12
1376645070,17,13
1376645518,16,14
1376645615,17,13
1376646080,16,14
1376646580,16,13
1376646594,17,13
1376646697,16,14
1376647301,16,14
1376647820,15,15
1376648246,15,15
1376648318,18,12
1376648922,18,12
1376649506,19,11
1376649678,18,12
1376650281,18,12
1376650885,18,12
1376651066,17,13
1376651670,17,13
1376651740,17,13
1376651746,16,14
1376651973,17,13
1376652206,18,12
1376652822,19,11
1376652908,18,12
1376653034,19,11
1376653417,20,10
1376653475,20,10
1376653488,21,9
1376654072,20,10
1376654323,20,10
1376654326,19,11
1376654462,18,12
1376654615,17,13
1376654733,18,12
1376655122,17,13
1376655487,16,14
1376655708,15,15
1376656236,16,14
1376656840,16,14
1376656904,15,14
1376656939,15,14
1376656970,15,14
1376657261,15,14
1376657315,15,14
1376657490,14,15
1376657618,14,15
1376657673,14,15
1376657890,15,14
1376657985,15,14
1376658027,15,14
1376658341,15,14
1376658381,15,14
1376658696,15,14
1376658737,15,14
1376659004,15,14
1376659051,16,13
1376659092,16,13
1376659295,15,14
1376659407,15,14
1376659449,15,14
1376659751,15,14
1376659804,15,14
1376659958,15,14
1376660018,15,14
1376660138,16,13
1376660163,16,13
1376660499,15,14
1376660524,15,14
1376660576,14,15
1376660863,14,15
1376660880,14,15
1376661220,14,15
1376661238,14,15
1376661579,13,16
1376661596,13,16
1376661761,14,15
1376661884,14,15
1376661934,14,15
1376661950,14,15
1376662239,14,15
1376662295,15,15
1376662586,14,16
1376662664,14,16
1376662672,14,16
1376662761,15,15
1376662958,15,15
1376662976,16,14
1376663088,15,15
1376663693,15,15
1376664006,16,14
1376664083,17,13
1376664688,17,13
1376664932,18,12
1376664998,18,12
1376665013,19,11
1376665617,19,11
1376665834,19,11
1376666377,21,9
1376666442,23,7
1376667046,23,7
1376667098,23,7
1376667112,24,6
1376667343,24,6
1376667352,25,5
1376667424,24,6
1376667877,24,6
1376667889,25,5
1376668398,26,4
1376668820,27,3
1376668999,27,3
1376669113,26,4
1376669685,26,4
1376669695,27,3
1376670101,27,3
1376670111,28,2
1376670273,27,3
1376670493,28,2
1376670583,27,3
1376670586,26,4
1376670685,26,4
1376670798,26,4
1376670868,26,4
1376671354,27,3
1376671558,26,4
1376671959,26,4
1376671969,27,3
1376672119,28,2
1376672723,28,2
1376672950,29,1
1376673554,29,1
1376674159,29,1
1376674763,29,1
1376675367,29,1
1376675971,29,1
1376676344,30,0
1376676375,29,1
1376676979,29,1
1376677583,29,1
1376677737,28,2
1376678342,28,2
1376678985,30,0
1376679589,30,0
1376680192,30,0
1376680796,30,0
1376681400,30,0
1376682004,30,0
1376682607,30,0
1376683211,30,0
1376683815,30,0
1376684419,30,0
1376684791,29,1
1376685394,29,1
1376685584,29,1
1376685593,30,0
1376686197,30,0
1376686801,30,0
1376687405,30,0
1376687876,29,1
1376688479,29,1
1376689083,29,1
1376689687,29,1
1376690291,29,1
1376690894,29,1
1376691499,29,1
1376692102,29,1
1376692706,29,1
1376693310,29,1
1376693914,29,1
1376694518,29,1
1376695121,29,1
1376695725,29,1
1376696329,29,1
1376696394,30,0
1376696998,30,0
1376697602,30,0
1376698206,30,0
1376698810,30,0
1376699414,30,0
1376700017,30,0
1376700621,30,0
1376701225,30,0
1376701693,30,0
1376701817,30,0
1376702420,30,0
1376703025,30,0
1376703628,30,0
1376704232,30,0
1376704836,30,0
1376705440,30,0
1376706044,30,0
1376706648,30,0
1376707251,30,0
1376707855,30,0
1376708459,30,0
1376709063,30,0
1376709666,30,0
1376710270,30,0
1376710874,30,0
1376711478,30,0
1376712081,30,0
1376712685,30,0
1376713289,30,0
1376713893,30,0
1376714496,30,0
1376715100,30,0
1376715704,30,0
1376716308,30,0
1376716913,30,0
1376717517,30,0
1376717951,29,1
1376718555,29,1
1376719159,29,1
1376719763,29,1
1376720367,29,1
1376720970,29,1
1376721574,29,1
1376722178,29,1
1376722781,29,1
1376723583,28,2
1376724187,28,2
1376724791,28,2
1376725051,29,1
1376725654,29,1
1376726258,29,1
1376726799,28,2
1376727147,26,4
1376727751,26,4
1376728354,26,4
1376728477,26,4
1376729033,25,5
1376729559,25,5
1376729568,26,4
1376730172,26,4
1376730777,26,4
1376730922,25,5
1376731421,26,4
1376731850,25,5
1376732455,25,5
1376732653,26,4
1376732836,24,6
1376733405,24,6
1376733408,23,7
1376733638,23,7
1376733652,25,5
1376734304,25,5
1376734306,26,4
1376734528,25,5
1376735133,25,5
1376735174,26,4
1376735454,25,5
1376735932,24,6
1376736012,23,7
1376736156,24,6
1376736760,24,6
1376737366,24,6
1376737970,24,6
1376738574,24,6
1376739157,24,6
1376739169,25,5
1376739274,23,7
1376739879,23,7
1376740119,22,8
1376740225,23,7
1376740300,24,6
1376740309,25,5
1376740710,24,6
1376740776,23,7
1376740953,22,8
1376741350,24,6
1376741742,24,6
1376741916,25,5
1376741966,24,6
1376742017,25,5
1376742156,24,6
1376742225,25,5
1376742278,26,4
1376742882,26,4
1376743486,26,4
1376743863,25,5
1376744245,24,6
1376744849,24,6
1376745124,23,7
1376745635,23,7
1376745664,24,6
1376746105,23,7
1376746265,24,6
1376746545,24,6
1376746564,24,6
1376746843,24,6
1376746846,25,5
1376747401,26,4
1376748004,26,4
1376748283,26,4
1376748295,24,6
1376748899,24,6
1376749026,23,7
1376749237,23,7
1376749263,24,6
1376749868,24,6
1376750078,25,5
1376750247,24,6
1376750850,24,6
1376750931,24,6
1376751099,25,5
1376751223,25,5
1376751230,26,4
1376751367,26,4
1376751816,26,4
1376751854,26,4
1376752107,25,5
1376752711,25,5
1376753099,26,4
1376753703,26,4
1376754308,26,4
1376754912,26,4
1376755177,26,4
1376755781,26,4
1376755832,24,6
1376756029,23,7
1376756114,24,6
1376756718,24,6
1376757322,24,6
1376757837,23,7
1376758051,24,6
1376758274,23,7
1376758879,23,7
1376759140,23,7
1376759189,25,5
1376759425,26,4
1376760029,26,4
1376760632,26,4
1376761026,25,5
1376761631,25,5
1376762235,25,5
1376762779,26,4
1376763384,26,4
1376763988,26,4
1376764567,25,5
1376765171,25,5
1376765774,25,5
1376765908,25,5
1376766513,25,5
1376767117,25,5
1376767409,26,4
1376767473,25,5
1376767508,26,4
1376767868,27,3
1376767965,27,3
1376768569,27,3
1376769174,27,3
1376769355,26,4
1376769809,25,5
1376770412,25,5
1376771016,25,5
1376771620,25,5
1376772223,25,5
1376772827,25,5
1376773431,25,5
1376774036,25,5
1376774640,25,5
1376775243,25,5
1376775847,25,5
1376776451,25,5
1376777055,25,5
1376777658,25,5
1376778262,25,5
1376778866,25,5
1376779470,25,5
1376779934,24,6
1376780538,24,6
1376781142,24,6
1376781747,24,6
1376782350,24,6
1376782954,24,6
1376783558,24,6
1376784162,24,6
1376784766,24,6
1376785369,24,6
1376785973,24,6
1376786577,24,6
1376787180,24,6
1376787784,24,6
1376788107,24,6
1376788710,24,6
1376789314,24,6
1376789918,24,6
1376790522,24,6
1376791125,24,6
1376791730,24,6
1376792334,24,6
1376792937,24,6
1376793541,24,6
1376794145,24,6
1376794749,24,6
1376795352,24,6
1376795956,24,6
1376796560,24,6
1376797164,24,6
1376797768,24,6
1376798372,24,6
1376798976,24,6
1376799580,24,6
1376800184,24,6
1376800788,24,6
1376801392,24,6
1376801995,24,6
1376802600,24,6
1376803204,24,6
1376803807,24,6
1376804445,24,6
1376804447,23,7
1376805051,23,7
1376805655,23,7
1376806258,23,7
1376806862,23,7
1376807466,23,7
1376808070,23,7
1376808674,23,7
1376809277,23,7
1376809904,23,7
1376809907,22,8
1376810511,22,8
1376811114,22,8
1376811718,22,8
1376811986,22,8
1376812027,23,7
1376812246,23,7
1376812256,24,6
1376812860,24,6
1376813464,24,6
1376814067,24,6
1376814671,24,6
1376815177,23,7
1376815781,23,7
1376815999,22,8
1376816385,21,9
1376816388,20,10
1376816665,21,9
1376817269,21,9
1376817873,21,9
1376818477,21,9
1376818666,22,8
1376819188,21,9
1376819367,22,8
1376819971,22,8
1376820014,21,9
1376820347,22,8
1376820375,21,9
1376820631,22,8
1376821235,22,8
1376821743,21,9
1376821903,22,8
1376822507,22,8
1376823111,22,8
1376823714,22,8
1376824112,22,8
1376824129,23,7
1376824733,23,7
1376825337,23,7
1376825803,23,7
1376825813,24,6
1376826418,24,6
1376826995,25,5
1376827599,25,5
1376828203,25,5
1376828807,25,5
1376829411,25,5
1376830021,25,5
1376830626,25,5
1376831230,25,5
1376831833,25,5
1376832437,25,5
1376832963,24,6
