1376208237,21,4
1376208840,21,4
1376209031,22,3
1376209634,22,3
1376210237,22,3
1376210679,21,4
1376210708,21,4
1376211312,21,4
1376211916,21,4
1376212060,22,3
1376212580,23,2
1376213184,23,2
1376213787,23,2
1376214391,23,2
1376214994,23,2
1376215048,22,3
1376215649,22,3
1376215715,24,1
1376215738,23,2
1376216341,23,2
1376216945,23,2
1376217056,22,3
1376217162,23,2
1376217765,23,2
1376218369,23,2
1376218972,23,2
1376219442,24,1
1376219789,23,2
1376220340,22,3
1376220944,22,3
1376221548,22,3
1376221743,21,4
1376222052,20,5
1376222360,21,4
1376222964,21,4
1376223404,21,4
1376223406,22,3
1376223611,23,2
1376224215,23,2
1376224446,23,2
1376224490,24,1
1376225093,24,1
1376225189,24,1
1376225793,24,1
1376226396,24,1
1376226801,23,2
1376227405,23,2
1376227725,21,4
1376228282,21,4
1376228362,22,3
1376228505,22,3
1376228671,23,2
1376228727,22,3
1376228795,22,3
1376228885,23,2
1376229489,23,2
1376230092,23,2
1376230154,22,3
1376230389,21,4
1376230724,21,4
1376230726,22,3
1376231330,22,3
1376231935,22,3
1376232241,21,4
1376232498,22,3
1376232622,21,4
1376232913,21,4
1376233061,22,3
1376233185,23,2
1376233227,23,2
1376233298,23,2
1376233328,24,1
1376233420,23,2
1376233487,22,3
1376233707,21,4
1376234175,22,3
1376234305,22,3
1376234339,23,2
1376234442,23,2
1376234469,24,1
1376235073,24,1
1376235676,24,1
1376236279,24,1
1376236389,23,2
1376236993,23,2
1376237275,23,2
1376237379,23,2
1376237441,23,2
1376237495,24,1
1376237860,22,3
1376238327,23,2
1376238432,24,1
1376239036,24,1
1376239636,23,2
1376240240,23,2
1376240843,23,2
1376240937,24,1
1376241042,24,1
1376241422,24,1
1376241480,25,0
1376241545,24,1
1376241772,23,2
1376241942,22,3
1376241994,22,3
1376242094,23,2
1376242348,24,1
1376242652,23,2
1376243258,23,2
1376243267,24,1
1376243679,23,2
1376243724,23,2
1376243797,24,1
1376243821,25,0
1376243928,24,1
1376244531,24,1
1376245136,24,1
1376245740,24,1
1376246345,24,1
1376246949,24,1
1376247523,23,2
1376248127,23,2
1376248731,23,2
1376249336,23,2
1376249939,23,2
1376250543,23,2
1376250598,22,3
1376250729,23,2
1376250850,22,3
1376251182,23,2
1376251786,23,2
1376252389,23,2
1376252833,22,3
1376253032,21,4
1376253403,22,3
1376253417,22,3
1376254020,22,3
1376254623,22,3
1376254865,21,4
1376255111,20,5
1376255715,20,5
1376256318,20,5
1376256479,19,6
1376257083,19,6
1376257384,20,5
1376257639,21,4
1376258242,21,4
1376258846,21,4
1376259449,21,4
1376260053,21,4
1376260656,21,4
1376260983,22,3
1376261586,22,3
1376262190,22,3
1376262628,22,3
1376262688,23,2
1376262729,24,1
1376262792,23,2
1376262870,24,1
1376263474,24,1
1376264078,24,1
1376264681,24,1
1376265285,24,1
1376265888,24,1
1376266492,24,1
1376267095,24,1
1376267699,24,1
1376268302,24,1
1376268906,24,1
1376269509,24,1
1376270113,24,1
1376270836,24,1
1376271440,24,1
1376271898,23,2
1376272501,23,2
1376273105,23,2
1376273708,23,2
1376274312,23,2
1376274915,23,2
1376275519,23,2
1376276122,23,2
1376276726,23,2
1376277329,23,2
1376277933,23,2
1376278536,23,2
1376279140,23,2
1376279743,23,2
1376280347,23,2
1376280918,24,1
1376281522,24,1
1376282125,24,1
1376282729,24,1
1376283333,24,1
1376283936,24,1
1376284540,24,1
1376285143,24,1
1376285747,24,1
1376286350,24,1
1376286954,24,1
1376287557,24,1
1376288161,24,1
1376288764,24,1
1376289368,24,1
1376289903,24,1
1376290506,24,1
1376290569,23,2
1376290962,23,2
1376290964,22,3
1376291568,22,3
1376291697,23,2
1376291945,22,3
1376292549,22,3
1376292701,23,2
1376293319,24,1
1376293922,24,1
1376294525,24,1
1376295129,24,1
1376295732,24,1
1376295782,23,2
1376296317,23,2
1376296563,24,1
1376297167,24,1
1376297770,24,1
1376298375,24,1
1376298978,24,1
1376299582,24,1
1376300186,24,1
1376300377,22,3
1376300433,14,11
1376301036,14,11
1376301089,13,12
1376301342,14,11
1376301397,15,10
1376301856,16,9
1376302484,17,8
1376302520,17,8
1376302944,18,7
1376303257,17,8
1376303442,18,7
1376304090,19,6
1376304156,19,6
1376304202,21,4
1376304275,19,6
1376304342,19,5
1376304390,19,5
1376304442,19,5
1376304493,19,5
1376304580,19,6
1376304593,19,6
1376304667,19,6
1376304756,19,6
1376304797,21,4
1376305400,21,4
1376305916,21,4
1376305971,22,3
1376306058,22,3
1376306661,22,3
1376307265,22,3
1376307762,23,2
1376307791,22,3
1376307836,23,2
1376308178,24,1
1376308781,24,1
1376308823,23,2
1376309427,23,2
1376309469,24,1
1376309807,23,2
1376310103,23,2
1376310105,22,3
1376310192,23,2
1376310270,23,2
1376310324,24,1
1376310697,23,2
1376311301,23,2
1376311362,21,4
1376311967,21,4
1376312202,21,4
1376312205,22,3
1376312808,22,3
1376313412,22,3
1376313942,23,2
1376314521,24,1
1376315125,24,1
1376315743,24,1
1376315752,23,2
1376316355,23,2
1376316959,23,2
1376317562,23,2
1376318167,23,2
1376318549,24,1
1376319153,24,1
1376319756,24,1
1376320114,23,1
1376320169,24,1
1376320773,24,1
1376321376,24,1
1376321980,24,1
1376322427,23,2
1376323031,23,2
1376323113,22,3
1376323274,21,4
1376323406,20,5
1376323639,21,4
1376323721,22,3
1376324058,21,4
1376324143,22,3
1376324491,21,4
1376325094,21,4
1376325615,20,5
1376325773,21,4
1376326283,21,4
1376326569,22,3
1376327051,23,2
1376327322,23,2
1376327372,21,4
1376327439,21,4
1376327449,22,3
1376327605,23,2
1376327680,23,2
1376327709,23,2
1376328259,24,1
1376328863,24,1
1376329466,24,1
1376329957,23,2
1376330001,22,3
1376330139,23,2
1376330743,23,2
1376331366,22,3
1376331695,21,4
1376331849,20,5
1376332105,21,4
1376332228,21,4
1376332261,22,3
1376332507,21,4
1376332825,22,3
1376333430,22,3
1376334033,22,3
1376334637,22,3
1376335240,22,3
1376335844,22,3
1376336183,21,4
1376336323,21,4
1376336326,20,5
1376336931,20,5
1376337534,20,5
1376337932,19,6
1376338402,20,5
1376338483,18,7
1376339087,18,7
1376339690,18,7
1376339779,17,8
1376340107,16,9
1376340711,16,9
1376341215,15,10
1376341818,15,10
1376342245,14,11
1376342778,14,11
1376343381,14,11
1376343985,14,11
1376344588,14,11
1376345192,14,11
1376345796,14,11
1376346399,14,11
1376346572,15,10
1376347176,15,10
1376347779,15,10
1376348382,15,10
1376348986,15,10
1376349590,15,10
1376350193,15,10
1376350797,15,10
1376351400,15,10
1376352004,15,10
1376352608,15,10
1376353211,15,10
1376353815,15,10
1376354418,15,10
1376355022,15,10
1376355625,15,10
1376356229,15,10
1376356832,15,10
1376357236,15,10
1376357840,15,10
1376358443,15,10
1376359046,15,10
1376359650,15,10
1376360253,15,10
1376360857,15,10
1376361461,15,10
1376362064,15,10
1376362668,15,10
1376363271,15,10
1376363892,14,11
1376364496,14,11
1376365099,14,11
1376365703,14,11
1376366306,14,11
1376366916,14,10
1376366931,14,10
1376367535,14,11
1376368138,14,11
1376368742,14,11
1376369345,14,11
1376369949,14,11
1376370343,14,11
1376370352,15,10
1376370956,15,10
1376371559,15,10
1376372162,15,10
1376372766,15,10
1376373370,15,10
1376373973,15,10
1376374114,16,9
1376374333,17,8
1376374751,17,8
1376374836,17,8
1376375301,18,7
1376375905,18,7
1376375970,18,6
1376376017,19,5
1376376445,19,5
1376376477,20,4
1376376582,20,4
1376376584,21,3
1376376671,22,2
1376376763,22,2
1376376791,23,1
1376377075,22,2
1376377392,21,3
1376377887,23,2
1376378490,23,2
1376378563,24,1
1376378565,23,2
1376379169,23,2
1376379772,23,2
1376379922,24,1
1376379994,24,1
1376380071,23,2
1376380674,23,2
1376380918,24,1
1376381522,24,1
1376382126,24,1
1376382729,24,1
1376383332,24,1
1376383937,24,1
1376384541,24,1
1376385144,24,1
1376385747,24,1
1376385795,23,2
1376385907,24,1
1376386301,24,1
1376386310,25,0
1376386913,25,0
1376387323,25,0
1376387326,24,1
1376387929,24,1
1376388533,24,1
1376388909,25,0
1376389364,24,0
1376389379,24,1
1376389983,24,1
1376390586,24,1
1376390636,25,0
1376391239,25,0
1376391843,25,0
1376392446,25,0
1376393050,25,0
1376393653,25,0
1376393989,24,1
1376394341,25,0
1376394944,25,0
1376395098,24,1
1376395702,24,1
1376396305,24,1
1376396493,25,0
1376397096,25,0
1376397278,24,1
1376397391,23,2
1376397994,23,2
1376398598,23,2
1376399201,23,2
1376399441,24,1
1376400045,24,1
1376400371,23,2
1376400975,23,2
1376401042,24,1
1376401114,23,2
1376401429,22,3
1376401636,23,2
1376401720,23,2
1376401729,24,1
1376402099,23,2
1376402300,23,1
1376402384,24,0
1376402387,24,0
1376402529,24,0
1376402599,24,0
1376402662,24,0
1376402743,23,1
1376402798,24,1
1376402839,25,0
1376403443,25,0
1376404046,25,0
1376404650,25,0
1376405252,25,0
1376405647,24,1
1376405857,24,1
1376405869,25,0
1376406107,24,1
1376406710,24,1
1376406962,24,1
1376407058,24,1
1376407100,25,0
1376407704,25,0
1376408309,25,0
1376408597,24,0
1376408743,23,1
1376408764,23,1
1376408839,23,1
1376409087,22,2
1376409691,22,2
1376410283,23,1
1376410314,24,0
1376410640,24,0
1376411244,24,0
1376411847,24,0
1376412231,23,1
1376412533,22,2
1376412818,22,2
1376412830,23,1
1376413051,24,0
1376413655,24,0
1376414258,24,0
1376414862,24,0
1376415465,24,0
1376415780,23,1
1376416203,22,2
1376416322,21,3
1376416844,21,3
1376417448,21,3
1376417825,22,2
1376417897,21,3
1376418501,21,3
1376418554,20,4
1376418638,21,3
1376418955,20,4
1376419559,20,4
1376420162,20,4
1376420726,19,5
1376421044,19,5
1376421055,17,7
1376421196,17,7
1376421281,17,7
1376421297,18,6
1376421469,17,7
1376422073,17,7
1376422677,17,7
1376423281,17,7
1376423885,17,7
1376424304,16,8
1376424908,16,8
1376424988,16,8
1376425024,17,7
1376425628,17,7
1376426231,17,7
1376426750,16,8
1376427353,16,8
1376427455,15,9
1376427541,16,8
1376428145,16,8
1376428748,16,8
1376429352,16,8
1376429955,16,8
1376430091,15,9
1376430124,14,10
1376430727,14,10
1376431331,14,10
1376431934,14,10
1376432539,14,10
1376432892,13,11
1376433497,13,11
1376433884,13,11
1376433887,12,12
1376434400,13,11
1376435004,13,11
1376435476,12,12
1376436079,12,12
1376436132,11,13
1376436395,11,13
1376436999,11,13
1376437602,11,13
1376438261,11,13
1376438270,12,12
1376438873,12,12
1376439477,12,12
1376440081,12,12
1376440685,12,12
1376441288,12,12
1376441891,12,12
1376442495,12,12
1376443099,12,12
1376443642,12,12
1376444246,12,12
1376444849,12,12
1376445452,12,12
1376446056,12,12
1376446498,11,13
1376447101,11,13
1376447705,11,13
1376448309,11,13
1376448912,11,13
1376449516,11,13
1376450119,11,13
1376450723,11,13
1376451327,11,13
1376451931,11,13
1376452535,11,13
1376453138,11,13
1376453742,11,13
1376454345,11,13
1376454949,11,13
1376455552,11,13
1376456156,11,13
1376456760,11,13
1376456979,12,12
1376457583,12,12
1376458186,12,12
1376458790,12,12
1376459416,13,11
1376460020,13,11
1376460459,13,11
1376460468,14,10
1376461072,14,10
1376461675,14,10
1376461963,15,9
1376462047,16,8
1376462364,17,7
1376462604,18,6
1376463207,18,6
1376463247,17,7
1376463369,17,7
1376463452,17,7
1376464055,17,7
1376464106,17,7
1376464138,18,6
1376464286,17,7
1376464774,18,6
1376465355,17,7
1376465461,18,6
1376466064,18,6
1376466548,19,5
1376467151,19,5
1376467200,18,6
1376467281,17,7
1376467884,17,7
1376468488,17,7
1376469091,17,7
1376469695,17,7
1376470299,17,7
1376470602,17,7
1376470725,17,7
1376471329,17,7
1376471908,18,6
1376472163,19,5
1376472219,20,4
1376472822,20,4
1376473426,20,4
1376473440,21,3
1376474044,21,3
1376474648,21,3
1376475252,21,3
1376475855,21,3
1376476000,22,2
1376476116,23,1
1376476604,18,6
1376476624,13,11
1376477079,12,12
1376477408,11,13
1376478012,11,13
1376478311,10,14
1376478608,9,15
1376479211,9,15
1376479729,8,16
1376480112,9,15
1376480711,10,14
1376481314,10,14
1376481398,10,14
1376481866,9,15
1376482483,9,15
1376482486,8,16
1376482597,9,15
1376482657,10,14
1376482766,9,15
1376482844,9,15
1376482847,8,16
1376483409,6,18
1376483602,7,17
1376484206,7,17
1376484809,7,17
1376485083,8,16
1376485357,9,15
1376485961,9,15
1376486434,10,14
1376486883,10,14
1376486979,11,13
1376487583,11,13
1376488186,11,13
1376488790,11,13
1376489394,11,13
1376489997,11,13
1376490600,11,13
1376491204,11,13
1376491774,12,12
1376492023,10,14
1376492038,9,15
1376492200,10,14
1376492406,9,15
1376493009,9,15
1376493613,9,15
1376494216,9,15
1376494820,9,15
1376494930,10,14
1376495533,10,14
1376495770,9,15
1376495929,8,16
1376496215,8,16
1376496250,9,15
1376496338,9,15
1376496348,10,14
1376496500,9,15
1376497103,9,15
1376497163,10,14
1376497766,10,14
1376498370,10,14
1376498745,9,15
1376498766,9,15
1376498922,8,16
1376499518,8,16
1376499581,10,14
1376499713,11,13
1376500043,10,14
1376500646,10,14
1376500899,10,14
1376500908,11,13
1376501083,12,12
1376501615,11,13
1376502226,11,13
1376502228,12,12
1376502440,12,12
1376502882,13,11
1376503057,13,11
1376503121,13,11
1376503185,14,10
1376503213,15,9
1376503418,14,10
1376503716,15,9
1376504389,15,9
1376504498,14,10
1376505098,14,10
1376505701,14,10
1376506040,13,11
1376506258,14,10
1376506664,14,10
1376506672,15,9
1376507275,15,9
1376507896,14,10
1376507959,14,10
1376508221,13,11
1376508825,13,11
1376509428,13,11
1376510032,13,11
1376510434,14,10
1376510661,15,9
1376511265,15,9
1376511524,15,9
1376511526,16,8
1376512131,16,8
1376512734,16,8
1376513338,16,8
1376513941,16,8
1376514545,16,8
1376514945,16,8
1376514972,15,9
1376515575,15,9
1376516179,15,9
1376516279,16,8
1376516657,15,9
1376517260,15,9
1376517864,15,9
1376518467,15,9
1376518544,15,9
1376518553,16,8
1376519157,16,8
1376519540,15,9
1376519612,14,10
1376519683,15,9
1376520287,15,9
1376520890,15,9
1376521498,15,9
1376522102,15,9
1376522706,15,9
1376523344,14,10
1376523948,14,10
1376524551,14,10
1376524927,15,9
1376525531,15,9
1376526135,15,9
1376526738,15,9
1376527024,14,10
1376527628,14,10
1376528231,14,10
1376528706,13,11
1376529342,12,12
1376530035,12,12
1376530120,12,12
1376530125,12,12
1376530728,12,12
1376531332,12,12
1376531936,12,12
1376532540,12,12
1376533143,12,12
1376533746,12,12
1376534349,12,12
1376534418,11,13
1376535022,11,13
1376535087,10,14
1376535690,10,14
1376536294,10,14
1376536897,10,14
1376537501,10,14
1376538104,10,14
1376538708,10,14
1376539311,10,14
1376539915,10,14
1376540519,10,14
1376541122,10,14
1376541726,10,14
1376542330,10,14
1376542933,10,14
1376543536,10,14
1376544140,10,14
1376544745,10,14
1376545349,10,14
1376545953,10,14
1376546557,10,14
1376547160,10,14
1376547764,10,14
1376548367,10,14
1376548972,10,14
1376549576,10,14
1376549980,10,14
1376550024,9,15
1376550627,9,15
1376551231,9,15
1376551834,9,15
1376552438,9,15
1376553042,9,15
1376553251,8,16
1376553856,8,16
1376554460,8,16
1376555064,8,16
1376555449,7,17
1376556053,7,17
1376556311,9,15
1376556915,9,15
1376557007,8,16
1376557610,8,16
1376558015,9,15
1376558382,10,14
1376558987,10,14
1376559153,10,14
1376559181,11,13
1376559785,11,13
1376560280,10,14
1376560884,10,14
1376561488,10,14
1376561951,11,13
1376562554,11,13
1376563159,11,13
1376563420,13,11
1376564023,13,11
1376564475,14,10
1376565079,14,10
1376565683,14,10
1376566287,14,10
1376566891,14,10
1376567495,14,10
1376568098,14,10
1376568390,13,11
1376568994,13,11
1376569598,13,11
1376569781,14,10
1376569808,15,9
1376570098,14,10
1376570503,12,12
1376571107,12,12
1376571343,12,12
1376571453,13,11
1376571917,12,12
1376572520,12,12
1376573123,12,12
1376573156,13,11
1376573760,13,11
1376574364,13,11
1376574967,13,11
1376575215,14,10
1376575769,15,9
1376575960,16,8
1376576564,16,8
1376577168,16,8
1376577771,16,8
1376578220,15,9
1376578824,15,9
1376579427,15,9
1376580031,15,9
1376580204,15,9
1376580243,15,9
1376580310,15,9
1376580352,16,8
1376580643,16,8
1376580646,17,7
1376581113,16,8
1376581717,16,8
1376582321,16,8
1376582925,16,8
1376583453,16,8
1376584018,15,9
1376584622,15,9
1376585262,14,10
1376585270,15,9
1376585873,15,9
1376586477,15,9
1376586575,14,10
1376586639,15,9
1376587242,15,9
1376587847,15,9
1376588451,15,9
1376588713,16,8
1376589317,16,8
1376589920,16,8
1376590524,16,8
1376591128,16,8
1376591418,17,7
1376592022,17,7
1376592313,18,6
1376592738,17,7
1376592941,17,7
1376593032,17,7
1376593109,17,7
1376593166,17,7
1376593242,17,7
1376593302,19,5
1376593347,19,5
1376593441,19,5
1376593529,20,4
1376594133,20,4
1376594681,20,4
1376595285,20,4
1376595889,20,4
1376596493,20,4
1376597097,20,4
1376597701,20,4
1376598305,20,4
1376598684,18,6
1376599291,18,6
1376599894,18,6
1376600498,18,6
1376601102,18,6
1376601146,17,7
1376601378,18,6
1376601981,18,6
1376602081,17,7
1376602685,17,7
1376603288,17,7
1376603892,17,7
1376604395,16,8
1376604492,15,9
1376605096,15,9
1376605700,15,9
1376606303,15,9
1376606907,15,9
1376607510,15,9
1376608122,16,8
1376608725,16,8
1376609329,16,8
1376609932,16,8
1376610154,15,9
1376610170,14,10
1376610774,14,10
1376611378,14,10
1376611981,14,10
1376612585,14,10
1376613188,14,10
1376613792,14,10
1376614087,13,11
1376614691,13,11
1376615294,13,11
1376615898,13,11
1376616438,13,11
1376617042,13,11
1376617645,13,11
1376618249,13,11
1376618852,13,11
1376619456,13,11
1376620059,13,11
1376620663,13,11
1376621143,13,11
1376621145,12,12
1376621749,12,12
1376622352,12,12
1376622956,12,12
1376623560,12,12
1376624163,12,12
1376624767,12,12
1376625370,12,12
1376625974,12,12
1376626577,12,12
1376627181,12,12
1376627784,12,12
1376628388,12,12
1376628992,12,12
1376629595,12,12
1376630199,12,12
1376630554,13,11
1376631157,13,11
1376631761,13,11
1376632364,13,11
1376632968,13,11
1376633571,13,11
1376634175,13,11
1376634778,13,11
1376635348,14,10
1376635951,14,10
1376636252,16,8
1376636533,15,9
1376636605,16,8
1376637208,16,8
1376637812,16,8
1376638415,16,8
1376638665,15,8
1376638677,15,8
1376638752,15,8
1376638831,15,8
1376638884,15,8
1376638959,15,8
1376639021,16,8
1376639625,16,8
1376639973,17,7
1376640577,17,7
1376641184,17,7
1376641186,16,8
1376641317,16,8
1376641419,16,8
1376641436,17,7
1376642039,17,7
1376642643,17,7
1376643246,17,7
1376643296,18,6
1376643584,19,5
1376644187,19,5
1376644791,19,5
1376644856,19,5
1376644963,19,5
1376645076,19,5
1376645139,20,4
1376645415,21,3
1376645879,21,3
1376646078,22,2
1376646681,22,2
1376647285,22,2
1376647525,20,4
1376648129,20,4
1376648732,20,4
1376648788,20,4
1376648825,21,3
1376649040,21,3
1376649098,21,3
1376649125,22,2
1376649282,19,5
1376649336,12,12
1376649456,13,11
1376649992,14,10
1376650203,13,11
1376650502,14,10
1376651106,14,10
1376651709,14,10
1376652313,14,10
1376652727,15,9
1376653331,15,9
1376653934,15,9
1376654284,14,10
1376654888,14,10
1376655492,14,10
1376655818,15,9
1376655883,15,9
1376655892,16,8
1376656495,16,8
1376657101,16,8
1376657705,16,8
1376657825,17,7
1376658428,17,7
1376658570,16,8
1376658667,15,9
1376659271,15,9
1376659874,16,8
1376660263,16,8
1376660272,17,7
1376660381,18,6
1376660985,18,6
1376661589,18,6
1376661997,19,5
1376662600,19,5
1376662942,17,7
1376663256,17,7
1376663527,18,6
1376663592,19,5
1376664131,20,4
1376664734,20,4
1376665338,20,4
1376665534,21,3
1376666067,22,2
1376666442,23,1
1376666542,22,2
1376666660,23,1
1376667223,23,1
1376667226,24,0
1376667296,23,1
1376667397,22,2
1376667639,23,1
1376668058,23,1
1376668109,24,0
1376668388,23,1
1376668731,22,2
1376669335,22,2
1376669939,22,2
1376670542,22,2
1376671146,22,2
1376671404,21,3
1376671672,20,4
1376671957,20,4
1376671996,20,4
1376672284,21,3
1376672887,21,3
1376673164,21,3
1376673166,22,2
1376673770,22,2
1376673834,21,3
1376674171,20,4
1376674244,20,4
1376674246,19,5
1376674850,19,5
1376675453,19,5
1376675795,18,6
1376675983,18,6
1376675986,17,7
1376676589,17,7
1376676835,16,8
1376677438,16,8
1376678042,16,8
1376678646,16,8
1376679014,17,7
1376679542,18,6
1376679644,18,6
1376679654,17,7
1376679793,18,6
1376680085,17,7
1376680699,16,8
1376681302,16,8
1376681906,16,8
1376682040,16,8
1376682103,16,8
1376682136,17,7
1376682473,18,6
1376683077,18,6
1376683681,18,6
1376684285,18,6
1376684888,18,6
1376685042,20,4
1376685646,20,4
1376685713,19,5
1376686317,19,5
1376686922,19,5
1376687261,20,4
1376687864,20,4
1376688468,20,4
1376689072,20,4
1376689676,20,4
1376690280,20,4
1376690882,22,2
1376691486,22,2
1376692089,22,2
1376692693,22,2
1376693102,23,1
1376693705,23,1
1376694309,23,1
1376694913,23,1
1376695517,23,1
1376696121,23,1
1376696725,23,1
1376697245,22,2
1376697848,22,2
1376698451,22,2
1376699055,22,2
1376699659,22,2
1376700262,22,2
1376700866,22,2
1376701469,22,2
1376702072,22,2
1376702839,22,2
1376702921,22,2
1376703525,22,2
1376704128,22,2
1376704732,22,2
1376705335,22,2
1376705939,22,2
1376706542,22,2
1376707146,22,2
1376707749,22,2
1376708353,22,2
1376708956,22,2
1376708998,21,3
1376709602,21,3
1376710205,21,3
1376710809,21,3
1376711412,21,3
1376712016,21,3
1376712620,21,3
1376713223,21,3
1376713827,21,3
1376714011,21,3
1376714614,21,3
1376715218,21,3
1376715821,21,3
1376716425,21,3
1376716891,20,4
1376717144,20,4
1376717152,21,3
1376717756,21,3
1376718359,21,3
1376718963,21,3
1376719566,21,3
1376719615,22,2
1376720219,22,2
1376720823,22,2
1376721203,21,3
1376721806,21,3
1376722411,21,3
1376722544,21,3
1376722546,22,2
1376723044,23,1
1376723647,23,1
1376724251,23,1
1376724854,23,1
1376725458,23,1
1376726061,23,1
1376726666,23,1
1376727270,23,1
1376727874,23,1
1376728085,23,1
1376728688,23,1
1376728752,22,2
1376728901,23,1
1376729504,23,1
1376729730,24,0
1376730336,24,0
1376730940,24,0
1376731545,24,0
1376732148,24,0
1376732753,24,0
1376733356,24,0
1376733960,24,0
1376734174,23,1
1376734779,23,1
1376734795,24,0
1376735399,24,0
1376736002,24,0
1376736494,23,1
1376737098,23,1
1376737701,23,1
1376738103,24,0
1376738707,24,0
1376739089,23,1
1376739693,23,1
1376740296,23,1
1376740900,23,1
1376741503,23,1
1376741622,23,1
1376741632,24,0
1376742236,24,0
1376742839,24,0
1376743443,24,0
1376744046,24,0
1376744650,24,0
1376745256,24,0
1376745383,23,1
1376745605,22,2
1376745705,22,2
1376745707,23,1
1376746311,23,1
1376746585,23,1
1376746637,23,1
1376746717,23,1
1376747321,23,1
1376747706,22,2
1376747801,22,2
1376747832,22,2
1376747905,23,1
1376748168,22,2
1376748477,23,1
1376749080,23,1
1376749684,23,1
1376750287,23,1
1376750804,23,1
1376750806,22,2
1376750972,23,1
1376751576,23,1
1376752179,23,1
1376752783,23,1
1376753386,23,1
1376753802,23,1
1376753810,24,0
1376753925,23,1
1376754529,23,1
1376754720,22,2
1376755323,22,2
1376755713,24,0
1376756153,23,1
1376756757,23,1
1376757360,23,1
1376757451,22,2
1376757542,23,1
1376758146,23,1
1376758750,23,1
1376759354,23,1
1376759958,23,1
1376760264,22,2
1376760769,21,3
1376761320,20,4
1376761923,20,4
1376762241,21,3
1376762845,21,3
1376762895,22,2
1376763180,21,3
1376763284,20,4
1376763887,20,4
1376764444,19,5
1376764814,20,4
1376765417,20,4
1376766021,20,4
1376766625,20,4
1376767229,20,4
1376767398,21,3
1376768002,21,3
1376768392,20,4
1376768996,20,4
1376769600,20,4
1376770204,20,4
1376770689,21,3
1376771292,21,3
1376771458,20,4
1376771793,19,5
1376771865,19,5
1376771902,19,5
1376771959,20,4
1376772563,20,4
1376772732,21,3
1376773337,21,3
1376773598,20,4
1376773649,22,2
1376773681,21,3
1376774008,21,3
1376774503,21,3
1376774525,23,1
1376775129,23,1
1376775732,23,1
1376776336,23,1
1376776939,23,1
1376777543,23,1
1376778146,23,1
1376778565,22,2
1376779066,21,3
1376779669,21,3
1376780273,21,3
1376780876,21,3
1376781480,21,3
1376781841,22,2
1376782265,21,3
1376782697,20,4
1376782854,21,3
1376783458,21,3
1376784062,21,3
1376784665,21,3
1376785268,21,3
1376785872,21,3
1376786476,21,3
1376787079,21,3
1376787683,21,3
1376787853,19,5
1376787930,16,8
1376788160,17,7
1376788764,17,7
1376789240,17,7
1376789844,17,7
1376790447,17,7
1376791051,17,7
1376791654,17,7
1376792257,17,7
1376792861,17,7
1376793465,17,7
1376794068,17,7
1376794672,17,7
1376795276,17,7
1376795879,17,7
1376796483,17,7
1376797086,17,7
1376797690,17,7
1376798293,17,7
1376798502,17,7
1376798512,18,6
1376799115,18,6
1376799646,17,7
1376800250,17,7
1376800853,17,7
1376801457,17,7
1376802060,17,7
1376802664,17,7
1376803267,17,7
1376803871,17,7
1376804475,17,7
1376805078,17,7
1376805682,17,7
1376806285,17,7
1376806889,17,7
1376807492,17,7
1376808096,17,7
1376808144,19,5
1376808747,19,5
1376809351,19,5
1376809954,19,5
1376810558,19,5
1376811162,19,5
1376811270,18,6
1376811874,18,6
1376812477,18,6
1376813081,18,6
1376813684,18,6
1376813919,19,5
1376814414,18,6
1376814742,19,5
1376815346,19,5
1376815949,19,5
1376816553,19,5
1376817156,19,5
1376817759,19,5
1376817877,18,6
1376818480,18,6
1376819085,18,6
1376819558,18,6
1376819591,19,4
1376820195,19,5
1376820629,20,4
1376821233,20,4
1376821836,20,4
1376822339,21,3
1376822484,21,3
1376822560,21,2
1376822614,21,2
1376822646,22,2
1376823250,22,2
1376823853,22,2
1376824457,22,2
1376824630,21,3
1376825233,21,3
1376825837,21,3
1376826369,21,3
1376826645,21,2
1376826653,22,1
1376826899,21,2
1376827503,21,3
1376828106,21,3
1376828436,22,2
1376828481,23,1
1376828545,22,2
1376829020,21,3
1376829624,21,3
1376829792,22,2
1376830396,22,2
1376831000,22,2
1376831604,22,2
1376832119,21,3
1376832723,21,3
