1376208404,26,4
1376209008,26,4
1376209611,26,4
1376209941,26,4
1376209979,26,4
1376210083,27,3
1376210105,27,3
1376210176,28,2
1376210226,27,3
1376210829,27,3
1376211433,27,3
1376211938,26,4
1376212542,26,4
1376213145,26,4
1376213749,26,4
1376214352,26,4
1376214756,26,4
1376214822,27,3
1376214825,28,2
1376215428,28,2
1376215695,27,3
1376215745,27,3
1376216349,27,3
1376216595,26,4
1376216948,25,5
1376217551,25,5
1376218042,26,4
1376218091,27,3
1376218264,27,3
1376218353,26,4
1376218388,27,3
1376218991,27,3
1376219139,25,5
1376219500,26,4
1376219519,27,3
1376220122,27,3
1376220459,28,2
1376220501,29,1
1376220947,28,2
1376221552,26,4
1376222072,25,5
1376222246,24,6
1376222487,21,9
1376222743,21,9
1376222745,19,11
1376223095,18,12
1376223246,17,13
1376223634,17,12
1376224237,17,12
1376224341,18,11
1376224483,15,14
1376224524,17,12
1376224664,19,10
1376224690,19,10
1376224745,20,9
1376224793,19,10
1376224943,18,11
1376225019,18,11
1376225140,17,12
1376225153,18,11
1376225377,16,13
1376225557,17,12
1376225576,18,11
1376225743,18,11
1376225785,19,10
1376225814,20,9
1376225988,20,9
1376226084,20,9
1376226156,21,8
1376226210,22,7
1376226385,23,6
1376226446,24,5
1376226504,23,6
1376226578,24,5
1376226621,25,4
1376226697,26,3
1376226712,26,3
1376226812,26,2
1376226859,27,1
1376227463,27,2
1376227649,26,3
1376228028,26,3
1376228098,28,1
1376228183,26,3
1376228227,25,4
1376228317,26,3
1376228724,26,3
1376228798,26,3
1376228856,26,3
1376228912,26,3
1376228957,28,1
1376229388,26,3
1376229581,27,2
1376229592,28,1
1376229759,28,1
1376230225,28,1
1376230266,29,0
1376230870,29,0
1376231473,29,0
1376231767,27,2
1376232030,25,4
1376232095,25,4
1376232162,25,4
1376232219,24,5
1376232301,23,6
1376232457,22,7
1376232522,21,8
1376232576,23,6
1376232635,23,6
1376232699,23,6
1376232747,25,4
1376233121,25,4
1376233124,24,5
1376233221,24,5
1376233303,24,5
1376233312,25,4
1376233661,26,3
1376233693,28,1
1376233867,28,1
1376234160,27,2
1376234763,27,2
1376234918,27,2
1376234932,28,1
1376235022,29,0
1376235439,28,1
1376235514,28,1
1376235574,29,0
1376235875,28,1
1376235979,27,2
1376236106,26,3
1376236278,25,4
1376236402,24,5
1376236474,24,5
1376236531,23,6
1376236592,23,6
1376236610,23,6
1376236826,21,8
1376237078,21,8
1376237141,23,6
1376237295,25,4
1376237374,24,5
1376237388,23,6
1376237534,24,5
1376237613,23,6
1376237681,21,8
1376237683,20,9
1376237980,22,7
1376238220,23,6
1376238269,24,5
1376238308,25,4
1376238484,28,1
1376238581,29,0
1376238989,28,1
1376239301,28,1
1376239312,28,1
1376239415,28,1
1376239447,29,0
1376240011,27,2
1376240377,26,3
1376240488,25,4
1376240675,26,3
1376240779,26,3
1376240834,27,2
1376241437,27,2
1376241514,25,4
1376241536,25,4
1376241638,24,5
1376241690,25,4
1376241725,26,3
1376241820,27,2
1376241829,28,1
1376242157,27,2
1376242346,26,3
1376242390,26,3
1376242483,26,3
1376242542,24,5
1376242567,23,6
1376242632,24,5
1376242706,25,4
1376242749,26,3
1376243055,25,4
1376243261,23,6
1376243264,22,7
1376243367,22,7
1376243441,23,6
1376243497,23,6
1376243770,21,8
1376244089,19,10
1376244151,20,9
1376244200,20,9
1376244244,21,8
1376244297,22,7
1376244434,21,8
1376244480,21,8
1376244526,22,7
1376244702,22,7
1376244742,21,8
1376244782,19,10
1376244870,19,10
1376244903,20,9
1376244951,19,10
1376245059,19,10
1376245068,20,9
1376245374,21,8
1376245661,21,8
1376245676,19,10
1376245803,17,12
1376245958,16,13
1376246418,17,12
1376246552,18,11
1376247160,19,10
1376247169,20,9
1376247269,20,9
1376247301,21,8
1376247403,21,8
1376247463,22,7
1376247521,22,7
1376247566,22,7
1376247587,22,7
1376247853,21,8
1376248276,22,7
1376248556,23,6
1376248771,22,7
1376249155,20,9
1376249208,19,10
1376249484,17,12
1376249545,16,13
1376249694,17,12
1376249757,18,11
1376250279,18,11
1376250342,18,11
1376250402,18,11
1376250435,19,10
1376250505,20,9
1376250541,21,8
1376250935,23,6
1376250980,24,5
1376251469,25,4
1376251755,24,5
1376251946,26,3
1376252008,25,4
1376252375,26,3
1376252415,27,2
1376253019,27,2
1376253377,26,3
1376253757,23,6
1376253772,23,6
1376253872,24,5
1376254361,24,5
1376254370,25,4
1376254974,25,4
1376255577,25,4
1376255736,26,3
1376255998,27,2
1376256580,27,2
1376256583,28,1
1376256661,27,2
1376256983,28,1
1376257037,27,2
1376257121,25,4
1376257358,26,3
1376257594,27,2
1376257616,26,3
1376257683,27,2
1376257778,27,2
1376257813,27,2
1376258416,27,2
1376259020,27,2
1376259506,28,1
1376259544,27,2
1376260147,27,2
1376260751,27,2
1376261022,27,2
1376261057,27,2
1376261660,27,2
1376262264,27,2
1376262746,27,2
1376263350,27,2
1376263509,26,3
1376264113,26,3
1376264717,26,3
1376265203,27,2
1376265342,28,1
1376265945,28,1
1376266549,28,1
1376267153,28,1
1376267294,27,2
1376267897,27,2
1376268500,27,2
1376269104,27,2
1376269708,27,2
1376270311,27,2
1376270915,27,2
1376271374,27,2
1376271977,27,2
1376272581,27,2
1376273184,27,2
1376273578,28,1
1376274181,28,1
1376274784,28,1
1376275388,28,1
1376275991,28,1
1376276595,28,1
1376277198,28,1
1376277802,28,1
1376278406,28,1
1376279009,28,1
1376279613,28,1
1376280216,28,1
1376280667,27,2
1376281271,27,2
1376281874,27,2
1376282478,27,2
1376283081,27,2
1376283685,27,2
1376284288,27,2
1376284717,28,1
1376285321,28,1
1376285924,28,1
1376286088,27,2
1376286542,26,3
1376287146,26,3
1376287749,26,3
1376288378,25,4
1376288981,25,4
1376289641,23,6
1376290158,22,7
1376290420,20,9
1376290535,21,8
1376290601,21,8
1376290619,20,10
1376290702,19,11
1376290771,18,12
1376290793,18,12
1376291018,18,12
1376291081,18,12
1376291096,19,11
1376291551,18,12
1376291702,17,13
1376291908,16,14
1376292216,14,16
1376292274,13,17
1376292384,13,17
1376292449,14,16
1376292498,13,17
1376292563,13,17
1376292634,12,18
1376292684,11,19
1376292708,10,20
1376292920,9,21
1376292977,6,24
1376293044,6,24
1376293462,5,25
1376293913,4,26
1376294035,3,27
1376294161,2,28
1376294764,2,28
1376295341,2,28
1376295378,3,27
1376295919,2,28
1376296251,1,29
1376296841,1,29
1376296844,2,28
1376297116,1,29
1376297720,1,29
1376297848,2,28
1376298078,1,29
1376298160,1,29
1376298217,1,30
1376298368,1,30
1376298972,1,30
1376299226,1,30
1376299259,1,30
1376299343,0,31
1376299602,1,30
1376299610,0,31
1376299962,0,31
1376299971,1,30
1376300036,0,31
1376300439,0,31
1376301042,0,31
1376301389,1,30
1376301737,0,31
1376301818,0,31
1376301855,1,30
1376302060,1,30
1376302069,2,29
1376302246,1,30
1376302410,0,31
1376302655,0,31
1376302715,1,30
1376302728,0,31
1376302993,0,31
1376303596,0,31
1376303962,0,31
1376304041,1,30
1376304124,0,31
1376304273,0,31
1376304877,0,31
1376305173,0,31
1376305285,0,31
1376305889,0,31
1376306137,1,30
1376306271,0,31
1376306791,1,30
1376307394,1,30
1376307962,0,31
1376308422,0,31
1376308480,2,29
1376308512,1,30
1376308808,2,29
1376309021,1,30
1376309029,0,31
1376309243,0,31
1376309277,0,31
1376309380,1,30
1376309442,2,29
1376309481,4,27
1376309559,6,25
1376309681,6,25
1376309741,7,24
1376309861,6,25
1376309894,7,24
1376309949,9,22
1376310101,10,21
1376310124,9,22
1376310217,10,21
1376310673,9,22
1376310750,10,21
1376310854,9,22
1376310976,10,21
1376311358,9,22
1376311456,9,22
1376311535,9,22
1376311602,9,22
1376311646,10,21
1376311948,11,20
1376312362,10,21
1376312967,10,21
1376313338,9,22
1376313908,10,21
1376313952,11,20
1376314117,10,21
1376314720,10,21
1376315324,10,21
1376315598,9,22
1376316101,10,21
1376316321,9,22
1376316450,8,23
1376316490,7,24
1376316583,6,25
1376316600,4,27
1376316679,2,29
1376316760,2,29
1376316775,2,29
1376316854,1,30
1376316930,3,28
1376316983,4,27
1376317039,4,27
1376317088,3,28
1376317422,3,28
1376317454,4,27
1376317516,5,26
1376317559,6,25
1376317903,6,25
1376317906,5,26
1376318441,6,25
1376318922,7,24
1376318982,7,24
1376318985,6,25
1376319124,6,25
1376319173,7,24
1376319782,8,23
1376319926,7,24
1376319999,6,25
1376320009,7,24
1376320613,7,24
1376320721,6,25
1376320892,5,26
1376321177,4,27
1376321422,5,26
1376321588,4,27
1376321736,4,27
1376321748,5,26
1376321910,4,27
1376322159,4,27
1376322167,5,26
1376322360,6,25
1376322514,5,26
1376322719,5,26
1376322942,6,25
1376322984,7,24
1376323164,6,25
1376323236,8,23
1376323286,9,22
1376323357,8,23
1376323425,9,22
1376323457,10,21
1376323519,9,22
1376323583,10,21
1376323778,8,23
1376323788,9,22
1376323931,9,22
1376323992,10,21
1376324076,11,20
1376324192,9,22
1376324235,10,21
1376324366,12,19
1376324671,12,19
1376324723,13,18
1376324745,13,18
1376324836,14,17
1376325060,11,20
1376325265,12,19
1376325313,11,20
1376325442,10,21
1376325479,11,20
1376325562,14,17
1376325702,15,16
1376325714,16,15
1376325822,16,15
1376325872,16,15
1376325941,16,15
1376326100,16,15
1376326182,17,14
1376326242,17,14
1376326295,17,13
1376326335,18,12
1376326391,18,12
1376326480,18,12
1376326515,20,10
1376326558,21,9
1376326720,21,9
1376326777,21,9
1376326811,22,9
1376326892,23,8
1376326959,22,9
1376327010,22,9
1376327058,23,8
1376327125,23,8
1376327177,22,8
1376327248,23,7
1376327405,23,7
1376327562,22,8
1376327581,21,9
1376327632,19,11
1376327734,21,9
1376327759,20,10
1376327829,20,10
1376327890,21,10
1376327959,21,10
1376328034,22,9
1376328098,23,8
1376328201,24,7
1376328263,24,7
1376328297,25,6
1376328364,24,7
1376328566,24,7
1376328591,23,8
1376328652,22,9
1376328880,22,9
1376328889,23,8
1376328958,22,9
1376329041,21,10
1376329181,21,10
1376329447,20,11
1376329496,19,12
1376329697,20,11
1376329742,19,12
1376329795,17,14
1376329950,18,13
1376330024,19,12
1376330031,21,10
1376330298,21,10
1376330358,21,10
1376330437,24,7
1376330504,25,6
1376330563,28,3
1376330681,28,3
1376330737,27,4
1376330803,29,2
1376330835,28,3
1376330900,28,3
1376330998,27,4
1376331250,28,3
1376331573,28,3
1376331608,27,4
1376332183,29,2
1376332787,29,2
1376333399,28,3
1376333533,28,3
1376334028,29,2
1376334250,28,3
1376334380,28,3
1376334508,29,2
1376334542,28,3
1376335140,29,2
1376335299,28,3
1376335357,27,4
1376335400,27,4
1376335482,28,3
1376335497,28,3
1376335552,28,3
1376335662,29,2
1376335939,26,5
1376336013,26,5
1376336619,27,4
1376336777,25,6
1376336843,25,6
1376336908,23,8
1376336932,23,8
1376337011,24,7
1376337208,24,7
1376337235,25,6
1376337448,26,5
1376337582,25,6
1376337593,26,5
1376337677,26,5
1376338043,27,4
1376338647,27,4
1376339103,26,5
1376339548,28,3
1376340152,28,3
1376340755,28,3
1376341359,28,3
1376341962,28,3
1376342299,28,3
1376342903,28,3
1376343506,28,3
1376343580,28,3
1376343607,29,2
1376343751,28,3
1376344354,28,3
1376344957,28,3
1376345561,28,3
1376346164,28,3
1376346768,28,3
1376347181,28,3
1376347184,27,4
1376347542,26,5
1376348146,26,5
1376348585,25,6
1376349188,25,6
1376349506,24,7
1376350109,24,7
1376350712,24,7
1376351181,24,7
1376351354,24,7
1376351494,24,7
1376351524,24,7
1376351616,25,6
1376351681,25,6
1376351683,26,5
1376352287,26,5
1376352891,26,5
1376353494,26,5
1376354098,26,5
1376354701,26,5
1376355305,26,5
1376355908,26,5
1376356511,26,5
1376357115,26,5
1376357773,26,5
1376358378,26,5
1376358418,27,4
1376359022,27,4
1376359626,27,4
1376360229,27,4
1376360833,27,4
1376361436,27,4
1376362039,27,4
1376362643,27,4
1376363247,27,4
1376363850,27,4
1376364454,27,4
1376365057,27,4
1376365661,27,4
1376365905,27,4
1376366509,27,4
1376366922,27,4
1376366925,26,5
1376367528,26,5
1376368131,26,5
1376368453,25,6
1376369057,25,6
1376369660,25,6
1376370263,25,6
1376370867,25,6
1376371470,25,6
1376371998,26,5
1376372601,26,5
1376373113,25,6
1376373682,26,5
1376373941,26,5
1376373944,25,6
1376374547,25,6
1376374732,24,7
1376375358,25,6
1376375600,24,7
1376376204,24,7
1376376412,23,8
1376376672,22,9
1376376760,22,9
1376376763,21,10
1376376850,20,11
1376377040,19,12
1376377104,18,13
1376377559,17,14
1376377768,16,15
1376377894,15,16
1376378013,14,17
1376378196,13,18
1376378242,12,19
1376378418,11,20
1376379021,11,20
1376379247,10,21
1376379296,9,22
1376379394,7,24
1376379520,6,25
1376379562,5,26
1376379643,6,25
1376379675,7,24
1376379781,6,25
1376380000,6,25
1376380062,5,26
1376380065,4,27
1376380231,4,27
1376380567,3,28
1376380657,2,29
1376380774,1,30
1376381377,1,30
1376381693,0,31
1376382297,0,31
1376382900,0,31
1376383535,1,30
1376383624,0,31
1376383921,0,31
1376383974,0,31
1376384053,0,31
1376384657,0,31
1376385271,0,31
1376385450,1,30
1376385580,0,31
1376385937,0,31
1376385976,0,31
1376386108,0,31
1376386171,0,31
1376386292,0,31
1376386495,0,31
1376386559,0,31
1376386659,1,30
1376386685,1,30
1376386781,1,30
1376386816,1,30
1376386879,1,30
1376386928,1,30
1376387003,2,29
1376387082,1,30
1376387164,1,30
1376387207,1,30
1376387298,0,31
1376387901,0,31
1376387952,1,30
1376388157,0,31
1376388635,1,30
1376388762,1,30
1376388818,3,28
1376389422,3,28
1376389542,3,28
1376389545,2,29
1376389862,1,30
1376390252,2,29
1376390856,2,29
1376391283,1,30
1376391725,2,29
1376391781,3,28
1376392025,4,27
1376392068,3,28
1376392326,4,27
1376392372,5,26
1376392525,6,25
1376392918,6,25
1376393011,6,25
1376393051,7,24
1376393133,7,24
1376393171,9,22
1376393361,8,23
1376393403,7,24
1376393822,6,25
1376394156,6,25
1376394201,7,24
1376394549,8,23
1376394740,7,24
1376395002,6,24
1376395047,6,25
1376395255,5,26
1376395705,3,28
1376396041,4,27
1376396176,5,26
1376396380,4,27
1376396434,3,28
1376396494,3,28
1376396606,3,28
1376396676,5,26
1376397042,6,25
1376397094,8,23
1376397163,8,23
1376397193,7,24
1376397267,8,23
1376397306,8,23
1376397460,7,23
1376397482,6,25
1376397979,7,24
1376398142,8,23
1376398319,7,24
1376398800,6,25
1376398951,5,26
1376399016,5,26
1376399079,5,26
1376399104,6,25
1376399186,6,25
1376399263,7,24
1376399487,7,24
1376399549,8,23
1376399609,8,23
1376399649,8,23
1376399723,8,23
1376399793,8,23
1376399861,8,23
1376399912,6,25
1376399966,6,25
1376400156,6,25
1376400195,5,26
1376400282,5,26
1376400342,6,25
1376400388,8,23
1376400617,9,22
1376400821,9,22
1376400865,11,20
1376401243,11,20
1376401246,10,21
1376401406,9,22
1376401840,8,23
1376402263,8,23
1376402421,7,24
1376402474,6,25
1376402524,7,24
1376402566,8,23
1376402888,9,22
1376403167,8,23
1376403458,8,23
1376403467,9,22
1376403989,9,22
1376404049,10,21
1376404083,12,19
1376404168,11,20
1376404229,12,19
1376404290,11,20
1376404356,13,18
1376404422,14,17
1376404444,14,17
1376404492,14,17
1376404594,14,17
1376404788,14,17
1376405014,14,17
1376405050,15,15
1376405140,17,14
1376405161,17,14
1376405250,17,14
1376405380,15,16
1376405390,14,17
1376405981,14,17
1376405984,15,16
1376406264,15,16
1376406377,15,16
1376406414,16,15
1376406690,15,16
1376406791,16,15
1376406897,15,16
1376407024,16,15
1376407479,16,15
1376407520,16,15
1376407603,16,15
1376407811,14,17
1376408005,14,17
1376408074,15,16
1376408313,15,16
1376408479,14,17
1376408740,13,18
1376408775,11,20
1376409094,12,19
1376409222,13,18
1376409249,12,19
1376409540,13,18
1376409761,14,17
1376409765,13,18
1376410240,14,17
1376410300,14,17
1376410321,14,17
1376410410,13,18
1376410474,13,18
1376410518,14,17
1376410641,15,16
1376410820,16,15
1376410899,15,16
1376410915,16,15
1376411007,15,16
1376411108,16,15
1376411161,15,16
1376411247,15,16
1376411306,16,15
1376411377,17,14
1376411420,17,14
1376411622,18,13
1376411642,17,14
1376411980,17,14
1376412002,17,14
1376412155,19,12
1376412215,18,13
1376412265,18,13
1376412317,17,14
1376412581,18,13
1376412640,20,11
1376412651,21,10
1376412774,20,11
1376412896,19,12
1376412964,20,11
1376413099,19,12
1376413283,18,13
1376413484,16,15
1376413536,11,20
1376413689,13,18
1376413928,12,19
1376414020,12,19
1376414029,13,18
1376414107,13,18
1376414245,12,19
1376414381,13,18
1376414441,14,17
1376414502,14,17
1376414505,15,16
1376414659,16,15
1376414715,15,16
1376414976,16,15
1376415072,15,16
1376415213,15,16
1376415320,15,16
1376415433,14,17
1376415642,15,16
1376415648,14,17
1376415760,15,16
1376415817,18,13
1376415832,17,14
1376415941,17,14
1376416001,20,11
1376416183,20,11
1376416192,21,10
1376416533,22,9
1376416644,22,9
1376416696,23,8
1376416842,24,7
1376416866,24,7
1376416961,24,7
1376417018,24,7
1376417069,26,5
1376417136,25,5
1376417160,25,6
1376417310,26,5
1376417423,28,3
1376417500,28,3
1376417510,27,4
1376417847,27,4
1376417900,28,3
1376417953,28,3
1376418100,28,3
1376418104,27,4
1376418707,27,4
1376419311,27,4
1376419481,26,5
1376419918,24,7
1376420132,26,5
1376420258,25,6
1376420272,24,7
1376420354,25,6
1376420503,25,6
1376420540,26,5
1376420589,25,6
1376420788,26,5
1376420843,27,4
1376421459,26,5
1376421612,25,6
1376421702,24,7
1376421719,24,7
1376421992,25,6
1376422357,26,5
1376422380,28,3
1376422836,26,5
1376423318,27,4
1376423369,27,4
1376423972,27,4
1376424528,26,5
1376424814,27,4
1376425417,27,4
1376425475,26,5
1376426078,26,5
1376426682,26,5
1376426841,27,4
1376426876,27,4
1376426949,27,4
1376427553,27,4
1376428157,27,4
1376428467,28,3
1376428519,29,2
1376429122,29,2
1376429561,29,2
1376429617,29,2
1376429718,28,3
1376430006,29,2
1376430609,29,2
1376431180,27,4
1376431280,28,3
1376431418,28,3
1376431426,29,2
1376432030,29,2
1376432633,29,2
1376433171,29,2
1376433269,29,2
1376433325,29,2
1376433384,29,2
1376433432,30,1
1376434035,30,1
1376434639,30,1
1376435242,30,1
1376435846,30,1
1376436449,30,1
1376437053,30,1
1376437656,30,1
1376438260,30,1
1376438863,30,1
1376439467,30,1
1376440070,30,1
1376440700,30,1
1376440782,30,1
1376440830,31,0
1376441433,31,0
1376441590,30,1
1376442193,30,1
1376442797,30,1
1376443400,30,1
1376444116,30,1
1376444721,30,1
1376445324,30,1
1376445928,30,1
1376446235,30,1
1376446247,31,0
1376446850,31,0
1376447430,29,2
1376447483,29,2
1376448087,29,2
1376448690,29,2
1376449294,29,2
1376449897,29,2
1376450500,29,2
1376451104,29,2
1376451707,29,2
1376452311,29,2
1376452914,29,2
1376453518,29,2
1376453960,28,3
1376454008,28,3
1376454611,28,3
1376455022,27,4
1376455181,28,3
1376455784,28,3
1376456225,27,4
1376456774,26,5
1376457378,26,5
1376457981,26,5
1376458529,25,6
1376458826,26,5
1376459430,26,5
1376460033,26,5
1376460095,25,6
1376460223,24,7
1376460301,23,8
1376460760,24,7
1376461363,24,7
1376461654,23,8
1376461671,23,8
1376462275,23,8
1376462429,21,10
1376462740,21,10
1376462752,22,9
1376462946,21,10
1376463218,20,11
1376463324,19,12
1376463392,18,13
1376463701,18,13
1376463724,16,15
1376463870,16,14
1376463971,15,15
1376464346,14,16
1376464376,13,17
1376464476,12,18
1376464818,12,18
1376464852,13,17
1376464926,12,18
1376465135,11,19
1376465261,10,20
1376465289,9,21
1376465358,7,23
1376465562,5,25
1376465652,2,28
1376465754,1,29
1376466034,0,30
1376466638,0,30
1376466672,0,31
1376466819,1,30
1376466908,0,31
1376466961,1,30
1376467060,1,30
1376467240,0,31
1376467484,1,30
1376467487,0,31
1376468090,0,31
1376468694,0,31
1376468872,1,30
1376469476,1,30
1376470079,1,30
1376470162,1,30
1376470236,2,29
1376470659,1,30
1376471140,0,31
1376471744,0,31
1376472102,0,31
1376472145,0,31
1376472248,0,31
1376472863,1,30
1376473467,1,30
1376473957,1,30
1376474014,2,29
1376474620,2,29
1376474629,3,28
1376474822,2,29
1376474921,2,29
1376474946,1,30
1376474999,0,31
1376475094,0,31
1376475143,2,29
1376475279,2,29
1376475308,2,29
1376475573,4,27
1376475750,5,26
1376475816,3,28
1376475929,2,29
1376476019,1,30
1376476326,2,29
1376476681,1,30
1376477023,1,30
1376477026,2,29
1376477232,3,28
1376477692,2,29
1376478187,3,28
1376478442,4,27
1376478743,4,27
1376478993,4,27
1376479060,3,28
1376479222,2,29
1376479355,1,30
1376479391,0,31
1376480004,1,30
1376480184,0,31
1376480658,0,31
1376481014,0,31
1376481618,0,31
1376481804,0,31
1376481845,1,30
1376481926,1,30
1376481987,2,29
1376482048,2,29
1376482081,4,27
1376482363,4,27
1376482372,5,26
1376482699,4,27
1376482747,3,28
1376482956,1,30
1376482996,0,31
1376483044,1,30
1376483141,0,31
1376483200,1,30
1376483241,1,30
1376483306,1,30
1376483324,1,30
1376483493,0,31
1376484096,0,31
1376484583,1,30
1376484643,0,31
1376484688,1,30
1376484761,1,30
1376485017,0,31
1376485433,0,31
1376485524,0,31
1376485578,2,29
1376485674,2,29
1376485739,2,29
1376485823,2,29
1376485884,3,28
1376486354,4,27
1376486422,3,28
1376486470,4,27
1376486624,3,28
1376486627,2,29
1376486919,2,29
1376486977,2,29
1376487036,2,29
1376487070,3,28
1376487616,2,29
1376487647,1,30
1376488111,0,31
1376488715,0,31
1376489224,0,31
1376489370,1,30
1376489513,0,31
1376490117,0,31
1376490277,0,31
1376490286,1,30
1376490380,2,29
1376490577,0,31
1376490587,1,30
1376490858,2,29
1376491462,2,29
1376491527,1,30
1376491903,1,30
1376491952,1,30
1376492016,1,30
1376492028,2,29
1376492262,2,29
1376492265,3,28
1376492868,3,28
1376493272,4,27
1376493342,4,27
1376493397,5,26
1376493444,6,25
1376493876,5,26
1376493897,5,26
1376494140,6,25
1376494316,5,26
1376494387,4,27
1376494597,4,27
1376494605,5,26
1376494686,3,28
1376494880,4,27
1376494957,3,28
1376494969,4,27
1376495042,5,26
1376495197,6,25
1376495439,5,26
1376495838,6,25
1376495981,6,25
1376495989,7,24
1376496100,6,25
1376496149,7,24
1376496165,7,24
1376496332,8,23
1376496401,6,25
1376496450,8,23
1376496494,8,23
1376496719,9,22
1376496806,8,23
1376497173,8,23
1376497238,8,23
1376497287,9,22
1376497452,8,23
1376497543,5,26
1376497545,6,25
1376497713,4,27
1376497778,4,27
1376497790,5,26
1376497902,5,26
1376497913,7,24
1376498015,8,23
1376498226,7,24
1376498346,8,23
1376498596,9,22
1376498670,8,23
1376498730,7,24
1376498767,9,22
1376498921,9,22
1376498924,7,24
1376499014,5,26
1376499069,4,27
1376499140,4,27
1376499432,3,28
1376499618,1,30
1376499762,1,30
1376499804,1,30
1376499898,2,29
1376499998,2,28
1376500058,2,28
1376500091,2,28
1376500182,4,27
1376500186,3,28
1376500308,2,29
1376500602,3,28
1376500719,1,30
1376500841,1,30
1376500863,0,31
1376500959,1,30
1376501079,2,29
1376501127,2,29
1376501198,4,27
1376501583,6,25
1376501638,4,27
1376501699,5,26
1376502097,6,25
1376502155,4,27
1376502195,6,25
1376502282,6,25
1376502285,7,24
1376502396,6,25
1376502583,6,25
1376502633,5,26
1376502671,6,25
1376502777,6,25
1376502881,6,25
1376502935,8,23
1376503017,8,23
1376503168,8,23
1376503195,9,22
1376503540,10,21
1376503550,11,20
1376504175,11,20
1376504528,10,21
1376504602,11,20
1376504643,10,21
1376504976,11,20
1376505030,12,19
1376505077,13,18
1376505152,15,16
1376505752,15,16
1376505780,16,15
1376505943,16,15
1376506041,16,15
1376506103,16,15
1376506150,16,15
1376506227,17,14
1376506282,18,13
1376506347,17,14
1376506520,17,14
1376506546,17,14
1376506964,17,14
1376506966,16,15
1376507084,17,14
1376507117,18,13
1376507198,18,13
1376507236,19,12
1376507381,19,12
1376507384,20,11
1376507653,19,12
1376507713,20,11
1376507783,20,11
1376507835,21,10
1376507920,21,10
1376507965,21,10
1376508069,21,10
1376508108,22,9
1376508283,22,9
1376508314,23,8
1376508400,24,7
1376508459,25,6
1376508468,26,5
1376508583,25,6
1376508638,25,6
1376508674,26,5
1376508707,27,4
1376509310,27,4
1376509465,27,4
1376509514,28,3
1376509660,28,3
1376509780,29,2
1376509831,27,4
1376510435,27,4
1376510623,27,4
1376510635,25,6
1376510964,24,7
1376511341,23,8
1376511389,22,9
1376511623,23,8
1376511787,22,9
1376512391,22,9
1376512433,23,8
1376512497,24,7
1376513101,24,7
1376513666,24,7
1376513734,24,7
1376513768,25,6
1376513837,25,6
1376514006,25,6
1376514094,25,6
1376514145,25,6
1376514215,26,5
1376514268,26,5
1376514463,26,5
1376514518,26,5
1376514581,26,5
1376514638,27,4
1376514698,27,4
1376514759,27,4
1376514816,27,4
1376514881,27,4
1376514939,27,4
1376515042,26,5
1376515116,26,5
1376515182,26,5
1376515207,27,4
1376515283,28,3
1376515416,27,4
1376515455,27,4
1376515504,28,3
1376515594,28,3
1376515620,29,2
1376515778,29,2
1376515788,30,1
1376516391,30,1
1376516995,30,1
1376517598,30,1
1376518202,30,1
1376518805,30,1
1376519409,30,1
1376520012,30,1
1376520616,30,1
1376521219,30,1
1376521823,30,1
1376522426,30,1
1376523030,30,1
1376523634,30,1
1376524063,30,1
1376524667,30,1
1376525270,30,1
1376525874,30,1
1376526477,30,1
1376527081,30,1
1376527685,30,1
1376527839,28,3
1376528438,29,2
1376528452,30,1
1376529056,30,1
1376529659,30,1
1376530263,30,1
1376530574,30,1
1376531178,30,1
1376531781,30,1
1376532385,30,1
1376532989,30,1
1376533592,30,1
1376534195,30,1
1376534799,30,1
1376535403,30,1
1376536006,30,1
1376536610,30,1
1376537213,30,1
1376537817,30,1
1376538421,30,1
1376539024,30,1
1376539627,30,1
1376540231,30,1
1376540834,30,1
1376541438,30,1
1376542041,30,1
1376542261,29,2
1376542865,29,2
1376543050,28,3
1376543653,28,3
1376544256,28,3
1376544860,28,3
1376545046,27,4
1376545649,27,4
1376545902,27,4
1376545905,26,5
1376546447,25,6
1376546740,25,6
1376546743,26,5
1376546814,26,5
1376546898,27,4
1376547502,26,5
1376548106,26,5
1376548710,26,5
1376549313,26,5
1376549916,26,5
1376550520,26,5
1376551123,26,5
1376551727,26,5
1376552141,26,5
1376552150,27,4
1376552539,26,5
1376553143,26,5
1376553746,26,5
1376553873,25,6
1376554400,24,7
1376554622,23,8
1376554693,23,8
1376555296,23,8
1376555584,22,9
1376555663,21,10
1376555963,20,11
1376556461,19,12
1376556516,22,9
1376557082,23,8
1376557590,22,9
1376557641,20,11
1376558016,19,12
1376558248,20,11
1376558852,20,11
1376559321,19,12
1376559925,19,12
1376560294,18,13
1376560643,17,14
1376560760,17,14
1376560819,19,12
1376561423,19,12
1376561800,19,12
1376561813,20,11
1376561874,19,12
1376562068,20,11
1376562209,21,10
1376562271,20,11
1376562481,19,12
1376562577,18,13
1376562589,19,12
1376562877,20,11
1376562937,21,10
1376563541,21,10
1376563586,22,9
1376563699,23,8
1376563843,22,9
1376563892,22,9
1376563952,23,8
1376563995,24,7
1376564371,22,9
1376564974,22,9
1376565190,21,10
1376565461,22,9
1376565473,24,7
1376565681,23,8
1376566294,24,7
1376566897,24,7
1376567461,22,9
1376567670,23,8
1376567854,22,9
1376567937,23,8
1376568232,22,9
1376568319,23,8
1376568718,21,10
1376568868,22,9
1376569253,21,10
1376569419,18,12
1376569454,18,12
1376569723,18,12
1376569783,18,13
1376569901,17,14
1376569958,19,12
1376570021,20,11
1376570320,18,13
1376570379,19,12
1376570441,20,10
1376570494,20,11
1376570551,21,10
1376570606,22,9
1376570669,21,10
1376571025,22,9
1376571067,22,9
1376571210,23,8
1376571507,24,7
1376571938,25,6
1376572231,26,5
1376572301,26,5
1376572361,23,8
1376572475,22,9
1376572521,19,12
1376572639,19,12
1376572704,19,12
1376572727,19,12
1376573309,20,11
1376573337,21,10
1376573851,21,10
1376573961,19,12
1376574446,20,11
1376574484,21,10
1376574694,22,9
1376574734,23,8
1376574855,21,10
1376574937,21,10
1376575058,24,7
1376575114,24,7
1376575152,25,6
1376575243,25,6
1376575290,22,9
1376575351,22,9
1376575434,24,7
1376576038,24,7
1376576313,22,9
1376576398,19,12
1376576623,20,11
1376576644,21,10
1376576855,19,12
1376576964,18,13
1376577215,17,14
1376577267,18,13
1376577308,15,16
1376577619,16,15
1376577833,15,16
1376578037,16,15
1376578144,15,16
1376578357,15,16
1376578392,16,15
1376578630,15,16
1376578690,17,14
1376578808,17,14
1376578897,18,12
1376578914,18,13
1376579344,16,15
1376579763,17,14
1376579829,17,14
1376580016,16,15
1376580223,14,17
1376580281,15,16
1376580321,12,19
1376580426,12,19
1376580477,13,18
1376580582,14,17
1376580583,14,17
1376580695,15,16
1376580801,18,13
1376580840,18,13
1376581123,17,14
1376581153,16,15
1376581349,19,12
1376581382,20,11
1376581536,20,11
1376581573,21,10
1376581717,20,11
1376581754,20,11
1376582200,19,12
1376582221,18,13
1376582921,21,10
1376583221,22,9
1376583342,23,8
1376583628,23,8
1376583669,24,7
1376583757,24,7
1376583871,25,5
1376583938,25,5
1376584058,27,4
1376584092,28,3
1376584173,28,3
1376584301,27,4
1376584331,25,6
1376584901,25,6
1376584912,27,4
1376585284,25,6
1376585364,26,5
1376585501,25,6
1376585611,23,8
1376585651,24,7
1376585927,23,8
1376586349,22,9
1376586426,23,8
1376586494,24,7
1376586800,23,8
1376587062,24,7
1376587106,25,6
1376587267,23,8
1376587387,25,6
1376587475,23,8
1376587613,22,9
1376587875,21,10
1376587957,19,12
1376588022,20,11
1376588434,20,11
1376588469,19,12
1376588621,18,13
1376588655,20,11
1376588729,21,10
1376588801,21,10
1376588813,22,9
1376588916,21,10
1376588952,21,10
1376589025,20,11
1376589103,22,9
1376589210,23,8
1376589637,23,8
1376589693,25,6
1376589821,25,6
1376589862,26,5
1376590090,27,4
1376590239,25,6
1376590319,24,7
1376590414,25,6
1376590468,27,4
1376591072,27,4
1376591263,25,6
1376591568,24,7
1376591756,25,6
1376591816,26,5
1376592100,25,6
1376592113,24,7
1376592484,24,7
1376592558,25,6
1376592638,25,6
1376592822,26,5
1376592910,25,6
1376593072,24,7
1376593450,23,8
1376593710,23,8
1376593938,24,7
1376594004,20,10
1376594051,20,11
1376594654,20,11
1376594802,20,11
1376594805,19,12
1376595449,21,10
1376595642,21,10
1376595696,21,10
1376595758,23,8
1376595941,23,8
1376595950,24,7
1376596172,23,8
1376596300,23,8
1376596581,21,10
1376596697,19,12
1376597214,17,14
1376597480,18,13
1376597604,19,12
1376597679,19,12
1376597741,19,12
1376597783,20,10
1376597926,19,11
1376598040,19,11
1376598050,20,10
1376598388,21,9
1376598786,20,10
1376598976,19,11
1376599120,20,10
1376599133,21,9
1376599737,21,10
1376599994,22,9
1376600175,23,8
1376600578,24,7
1376600824,25,6
1376601427,25,6
1376601582,25,6
1376601606,23,8
1376601718,24,7
1376601999,25,6
1376602603,25,6
1376602944,25,6
1376603011,25,6
1376603057,26,5
1376603199,27,4
1376603263,26,4
1376603286,27,4
1376603364,28,3
1376603968,28,3
1376604571,28,3
1376605175,28,3
1376605779,28,3
1376606382,28,3
1376606986,28,3
1376607516,28,3
1376608119,28,3
1376608654,27,4
1376609258,27,4
1376609861,27,4
1376610465,27,4
1376611068,27,4
1376611672,27,4
1376612275,27,4
1376612922,27,4
1376612953,28,3
1376613557,28,3
1376614161,28,3
1376614764,28,3
1376615367,28,3
1376615971,28,3
1376616574,28,3
1376616977,28,3
1376617580,28,3
1376618184,28,3
1376618788,28,3
1376619391,28,3
1376619995,28,3
1376620598,28,3
1376621202,28,3
1376621805,28,3
1376622409,28,3
1376623012,28,3
1376623616,28,3
1376624219,28,3
1376624823,28,3
1376625426,28,3
1376626030,28,3
1376626633,28,3
1376627237,28,3
1376627831,27,4
1376628435,27,4
1376628482,26,5
1376629086,26,5
1376629550,25,6
1376629812,26,5
1376630416,26,5
1376631023,25,6
1376631626,25,6
1376631680,24,7
1376632284,24,7
1376632712,24,7
1376632756,24,7
1376632891,24,7
1376632929,24,7
1376633056,23,8
1376633104,23,8
1376633196,23,8
1376633251,24,7
1376633318,24,7
1376633370,23,8
1376633417,23,8
1376633450,24,7
1376634053,24,7
1376634197,25,6
1376634800,25,6
1376635318,24,7
1376635761,23,8
1376636364,23,8
1376636861,22,9
1376637037,21,10
1376637087,22,9
1376637249,21,10
1376637421,20,11
1376637643,19,12
1376637842,18,13
1376637954,17,14
1376638279,16,15
1376638324,15,16
1376638406,14,17
1376638482,14,17
1376638513,12,19
1376638832,11,20
1376638869,10,21
1376639090,9,22
1376639321,10,21
1376639339,11,20
1376639942,11,20
1376640499,11,20
1376640543,12,19
1376641147,12,19
1376641237,11,20
1376641506,10,21
1376641603,7,24
1376641711,9,22
1376641798,8,23
1376641951,9,22
1376642380,8,23
1376642436,8,23
1376642498,8,23
1376642538,9,22
1376642776,8,23
1376643089,7,24
1376643252,5,26
1376643490,4,27
1376644093,4,27
1376644644,4,27
1376644720,5,26
1376644778,6,25
1376644946,5,26
1376645194,6,25
1376645317,6,25
1376645379,7,24
1376645390,8,23
1376645557,6,24
1376645617,6,25
1376645660,6,25
1376645730,7,24
1376645792,8,23
1376645841,7,24
1376645934,6,25
1376646357,7,24
1376646663,6,25
1376647266,6,25
1376647524,7,24
1376647840,7,24
1376647848,8,23
1376648153,9,22
1376648354,10,21
1376648525,9,22
1376648644,10,21
1376648790,9,22
1376649393,9,22
1376649461,8,23
1376650065,8,23
1376650182,8,23
1376650184,7,24
1376650788,7,24
1376650977,8,23
1376651035,9,22
1376651260,7,24
1376651275,6,25
1376651498,6,25
1376651507,7,24
1376651577,8,23
1376651673,7,24
1376651741,6,25
1376651792,3,28
1376651849,3,28
1376652312,3,28
1376652391,5,26
1376652693,6,25
1376652823,5,26
1376652868,5,26
1376653418,6,25
1376653473,3,28
1376653651,2,29
1376653759,2,29
1376653820,2,29
1376653867,4,27
1376654111,3,28
1376654682,3,28
1376654726,3,28
1376654782,3,28
1376654920,3,28
1376654971,4,27
1376655026,5,25
1376655102,6,25
1376655146,7,24
1376655675,9,22
1376656291,10,21
1376656335,11,20
1376656537,10,21
1376656843,10,21
1376656845,11,20
1376656923,10,21
1376657263,12,19
1376657308,10,21
1376657911,10,21
1376658042,10,21
1376658082,5,26
1376658196,6,25
1376658264,7,24
1376658344,7,24
1376658394,6,25
1376658424,6,25
1376658511,7,24
1376658637,8,23
1376658678,9,22
1376658822,8,23
1376658830,7,24
1376659002,8,23
1376659476,9,22
1376660008,9,22
1376660069,10,21
1376660094,9,22
1376660181,8,23
1376660366,5,26
1376660474,4,27
1376660556,3,28
1376660583,0,31
1376661089,2,29
1376661587,1,30
1376661917,2,29
1376661946,1,30
1376662153,0,31
1376662199,0,31
1376662293,1,30
1376662317,0,31
1376662421,0,31
1376662483,0,31
1376662541,0,31
1376662594,0,31
1376662622,0,31
1376662973,0,31
1376663029,1,30
1376663410,0,31
1376663549,1,30
1376663617,0,31
1376663636,1,30
1376663736,1,30
1376663783,2,29
1376663850,3,28
1376663903,3,28
1376664026,1,30
1376664154,1,30
1376664190,2,29
1376664398,0,31
1376664459,0,31
1376664519,0,31
1376664571,0,31
1376664594,0,31
1376664821,0,31
1376664894,1,30
1376665422,1,30
1376665431,0,31
1376665734,1,30
1376666110,2,29
1376666399,3,28
1376666496,2,29
1376666620,2,29
1376666664,4,27
1376666983,3,28
1376666986,4,27
1376667110,3,28
1376667218,5,26
1376667701,5,26
1376667763,4,27
1376667765,3,28
1376667883,3,28
1376667940,3,28
1376667956,4,27
1376668022,5,26
1376668177,7,24
1376668238,6,25
1376668284,5,26
1376668305,5,26
1376668405,5,26
1376668481,4,27
1376668540,6,25
1376668549,7,24
1376668776,8,23
1376668863,9,22
1376669068,10,21
1376669104,9,22
1376669432,11,20
1376669655,9,22
1376669727,10,21
1376669757,9,22
1376669906,9,22
1376669977,10,21
1376670016,11,20
1376670103,11,20
1376670106,12,19
1376670311,11,20
1376670699,11,20
1376670758,11,20
1376670789,13,18
1376670897,14,17
1376671053,12,19
1376671539,11,20
1376671656,11,20
1376671714,12,19
1376672318,12,19
1376672436,11,20
1376672729,10,21
1376673332,10,21
1376673385,10,21
1376673418,11,20
1376673510,11,20
1376673583,12,19
1376673642,13,18
1376673694,14,17
1376673712,15,16
1376674301,15,16
1376674512,16,15
1376674596,15,16
1376674661,14,17
1376674721,14,17
1376674724,13,18
1376675083,13,18
1376675125,14,17
1376675164,15,16
1376675316,14,17
1376675602,15,16
1376675957,16,15
1376676383,17,14
1376676986,17,14
1376677027,18,13
1376677196,17,14
1376677248,16,15
1376677657,17,14
1376677826,18,13
1376678430,18,13
1376678448,17,14
1376679096,17,14
1376679153,18,13
1376679283,15,16
1376679456,14,17
1376680060,14,17
1376680081,15,16
1376680169,13,18
1376680204,14,17
1376680737,13,18
1376680901,12,19
1376681200,12,19
1376681254,13,18
1376681303,13,18
1376681356,13,18
1376681534,12,19
1376681623,11,20
1376681734,12,19
1376681796,12,19
1376681858,14,17
1376681921,17,14
1376682013,18,13
1376682095,17,14
1376682123,17,14
1376682296,15,16
1376682358,15,16
1376682417,14,17
1376682470,13,18
1376683045,12,19
1376683604,11,20
1376683710,9,22
1376683956,10,21
1376684060,11,20
1376684430,11,20
1376684502,10,21
1376684559,10,21
1376684596,11,20
1376685028,11,20
1376685098,12,19
1376685702,12,19
1376686302,12,19
1376686353,12,18
1376686390,13,17
1376686830,13,17
1376686900,14,16
1376687144,12,18
1376687204,12,18
1376687322,11,19
1376687325,10,20
1376687929,10,21
1376688128,11,20
1376688481,12,19
1376688603,13,18
1376689238,13,18
1376689251,12,19
1376689357,13,18
1376689841,13,18
1376689903,15,16
1376690188,13,18
1376690257,13,18
1376690322,13,18
1376690384,14,17
1376690426,17,14
1376690468,17,14
1376690538,19,12
1376690675,20,11
1376690737,22,9
1376690774,24,7
1376691378,24,7
1376691958,25,6
1376692561,25,6
1376693165,25,6
1376693768,25,6
1376694372,25,6
1376694668,26,5
1376695272,26,5
1376695876,26,5
1376696063,23,8
1376696256,22,9
1376696281,21,10
1376696884,21,10
1376697381,19,12
1376697984,19,12
1376698296,21,10
1376698899,21,10
1376699503,21,10
1376700107,21,10
1376700710,21,10
1376701314,21,10
1376701917,21,10
1376702002,22,9
1376702605,22,9
1376702944,23,8
1376703126,22,9
1376703213,22,9
1376703636,24,7
1376703736,24,7
1376703797,25,6
1376704180,25,6
1376704243,25,6
1376704246,24,7
1376704850,24,7
1376705453,24,7
1376706056,24,7
1376706660,24,7
1376707263,24,7
1376707866,24,7
1376708470,24,7
1376709074,24,7
1376709677,24,7
1376710281,24,7
1376710884,24,7
1376711488,24,7
1376712091,24,7
1376712695,24,7
1376713298,24,7
1376713902,24,7
1376714505,24,7
1376715109,24,7
1376715712,24,7
1376716316,24,7
1376716920,24,7
1376717523,24,7
1376718127,24,7
1376718730,24,7
1376719334,24,7
1376719838,25,6
1376720442,25,6
1376721045,25,6
1376721649,25,6
1376722014,24,7
1376722617,24,7
1376723221,24,7
1376723824,24,7
1376724428,24,7
1376724742,23,8
1376725345,23,8
1376725948,23,8
1376726019,24,7
1376726362,23,8
1376726602,22,9
1376726702,21,10
1376726963,20,11
1376727567,20,11
1376728170,20,11
1376728773,20,11
1376729040,19,12
1376729644,19,12
1376730153,20,11
1376730227,20,11
1376730266,21,10
1376730341,21,10
1376730455,22,9
1376730522,23,8
1376730738,23,8
1376731342,23,8
1376731464,24,7
1376731915,25,6
1376731996,24,7
1376732599,24,7
1376732767,22,9
1376733216,21,10
1376733327,20,11
1376733377,18,13
1376733980,18,13
1376734537,18,13
1376734633,19,12
1376734679,20,11
1376734781,21,10
1376735074,22,9
1376735430,22,9
1376735547,22,9
1376735667,21,10
1376735694,22,9
1376735884,21,10
1376735929,20,11
1376736034,19,12
1376736147,21,10
1376736699,22,9
1376737122,21,10
1376737164,17,14
1376737363,16,15
1376737366,15,16
1376737599,14,17
1376738203,14,17
1376738806,14,17
1376738981,14,17
1376738990,15,16
1376739317,16,15
1376739522,15,16
1376739562,17,14
1376739612,18,13
1376739676,19,12
1376739758,20,11
1376739808,21,10
1376739861,21,10
1376739919,22,9
1376740240,23,8
1376740283,24,7
1376740332,25,6
1376740423,24,7
1376740425,25,6
1376740524,23,8
1376740603,22,9
1376740647,19,12
1376740705,18,13
1376740834,19,12
1376740895,19,12
1376740908,19,12
1376741511,19,12
1376741683,19,12
1376741716,18,13
1376741919,18,13
1376741929,19,12
1376742348,18,13
1376742519,17,14
1376742529,18,13
1376743132,18,13
1376743218,17,14
1376743425,17,14
1376743459,17,14
1376743721,16,15
1376743732,17,14
1376743944,16,15
1376744079,15,16
1376744125,15,16
1376744541,16,15
1376744886,15,16
1376744970,17,14
1376745123,18,13
1376745281,16,15
1376745479,15,16
1376745725,14,17
1376745822,12,19
1376745841,11,20
1376746054,10,21
1376746150,9,22
1376746215,11,20
1376746662,11,20
1376746671,12,19
1376747274,12,19
1376747710,11,20
1376747789,11,20
1376747852,11,20
1376747907,11,20
1376748004,11,20
1376748054,12,19
1376748397,13,18
1376748849,11,20
1376748939,12,19
1376748948,13,18
1376749062,13,18
1376749109,16,15
1376749151,16,15
1376749237,18,13
1376749298,19,12
1376749348,20,11
1376749452,21,10
1376749541,20,11
1376749598,20,11
1376749663,20,11
1376749704,18,13
1376749782,19,12
1376749844,19,12
1376749896,20,11
1376749956,20,11
1376750005,21,10
1376750390,21,10
1376750461,22,9
1376750557,21,10
1376750599,22,9
1376750669,23,8
1376750788,24,7
1376750850,23,8
1376750911,24,7
1376750940,25,6
1376751036,24,7
1376751400,25,6
1376751564,23,8
1376751733,23,8
1376752118,24,7
1376752195,23,8
1376752350,23,8
1376752384,23,8
1376752444,22,9
1376752500,23,8
1376752773,21,10
1376752842,22,9
1376752845,23,8
1376752956,26,5
1376753559,26,5
1376753613,27,4
1376753653,26,5
1376753740,25,6
1376753749,24,7
1376753828,24,7
1376754194,25,6
1376754516,26,5
1376754807,25,6
1376754858,22,9
1376754916,21,10
1376755235,23,8
1376755303,22,9
1376755505,20,11
1376755602,20,11
1376755614,21,10
1376755711,22,9
1376755782,22,9
1376755840,23,8
1376756256,24,7
1376756305,24,7
1376756374,26,5
1376756519,27,4
1376756670,26,5
1376756794,26,5
1376756857,27,4
1376757186,26,5
1376757271,24,7
1376757302,24,7
1376757459,23,8
1376757504,21,10
1376757665,20,11
1376757745,21,10
1376758060,20,11
1376758304,20,11
1376758347,19,12
1376758413,17,14
1376758534,15,16
1376758582,16,15
1376758688,17,14
1376758841,17,14
1376758850,18,13
1376759311,17,14
1376759328,17,14
1376759427,15,16
1376759620,14,17
1376759782,15,16
1376759831,15,16
1376759909,14,17
1376760085,15,16
1376760142,14,17
1376760201,15,16
1376760363,13,18
1376760421,12,19
1376760524,12,19
1376760577,12,19
1376760590,11,20
1376760920,10,21
1376761094,10,21
1376761163,11,20
1376761196,12,19
1376761796,11,20
1376761899,12,19
1376762256,12,19
1376762485,13,18
1376763089,13,18
1376763311,14,17
1376763576,15,16
1376763605,16,15
1376764208,16,15
1376764257,16,15
1376764318,16,15
1376764396,16,15
1376764462,17,14
1376764709,16,15
1376764891,16,15
1376764932,17,14
1376765360,16,15
1376765503,16,15
1376765506,15,16
1376765607,16,15
1376766211,16,15
1376766487,15,16
1376766884,15,16
1376766944,17,13
1376766977,19,11
1376767178,20,10
1376767230,18,12
1376767380,19,11
1376767476,18,12
1376767493,17,13
1376767566,15,15
1376767624,15,15
1376767706,17,13
1376767945,16,14
1376768134,15,15
1376768158,14,16
1376768213,13,17
1376768324,13,17
1376768326,12,18
1376768731,10,20
1376768917,8,22
1376769520,8,23
1376769676,9,22
1376769830,8,23
1376769931,8,23
1376770002,10,21
1376770054,10,21
1376770120,10,21
1376770227,10,21
1376770289,10,21
1376770363,9,22
1376770421,9,22
1376770459,11,20
1376770595,12,19
1376770689,11,20
1376771143,12,19
1376771564,12,19
1376771575,13,18
1376771674,12,19
1376772276,10,21
1376772310,11,20
1376772760,10,20
1376772809,11,20
1376772836,10,21
1376773413,11,20
1376773440,12,19
1376773777,12,19
1376773817,13,18
1376773899,13,18
1376773926,14,17
1376774002,15,16
1376774035,17,14
1376774538,17,14
1376774642,17,14
1376774736,16,15
1376774788,16,15
1376774807,17,14
1376774872,17,14
1376775009,17,14
1376775104,18,13
1376775707,18,13
1376776311,18,13
1376776462,19,12
1376776602,20,11
1376776640,21,10
1376776711,22,9
1376776892,23,8
1376776964,24,7
1376777004,24,7
1376777057,25,6
1376777168,26,5
1376777359,26,5
1376777443,27,4
1376777498,27,4
1376778102,27,4
1376778148,26,5
1376778703,27,4
1376778723,27,4
1376779327,27,4
1376779930,27,4
1376780489,26,5
1376780677,27,4
1376780740,26,5
1376780749,27,4
1376781352,27,4
1376781956,27,4
1376782470,25,6
1376783073,25,6
1376783677,25,6
1376784280,25,6
1376784884,25,6
1376785487,25,6
1376785806,26,5
1376786410,26,5
1376787013,26,5
1376787617,26,5
1376787882,25,6
1376787886,24,7
1376788489,24,7
1376788565,25,6
1376789169,25,6
1376789773,26,5
1376789865,26,5
1376789874,27,4
1376790478,27,4
1376791082,27,4
1376791685,27,4
1376791767,27,4
1376791829,27,4
1376791894,27,4
1376791945,28,3
1376792098,27,4
1376792702,27,4
1376793305,27,4
1376793909,27,4
1376794512,27,4
1376795115,27,4
1376795719,27,4
1376796323,27,4
1376796926,27,4
1376797530,27,4
1376797901,26,5
1376798122,27,4
1376798726,27,4
1376799329,27,4
1376799933,27,4
1376800536,27,4
1376801140,27,4
1376801743,27,4
1376802347,27,4
1376802950,27,4
1376803554,27,4
1376804157,27,4
1376804511,26,5
1376805115,26,5
1376805596,25,6
1376806200,25,6
1376806803,25,6
1376807407,25,6
1376808010,25,6
1376808614,25,6
1376809217,25,6
1376809821,25,6
1376810425,25,6
1376811028,25,6
1376811632,25,6
1376811882,25,6
1376811885,24,7
1376812488,24,7
1376813092,24,7
1376813696,24,7
1376814299,23,8
1376814902,23,8
1376814994,23,8
1376815101,23,8
1376815169,23,8
1376815297,23,8
1376815350,24,7
1376815419,25,6
1376815466,25,6
1376815538,26,5
1376815576,27,4
1376816007,26,5
1376816610,26,5
1376817214,26,5
1376817818,26,5
1376818319,26,5
1376818400,27,4
1376819004,27,4
1376819608,27,4
1376820210,27,4
1376820270,28,3
1376820639,27,4
1376821243,27,4
1376821295,28,3
1376821322,27,4
1376821823,26,5
1376822197,25,6
1376822569,24,7
1376823172,24,7
1376823269,23,8
1376823751,22,9
1376823782,21,10
1376824018,22,9
1376824587,22,9
1376824629,22,9
1376824707,23,8
1376824753,21,10
1376824803,19,12
1376825291,18,13
1376825442,16,15
1376826045,16,15
1376826256,15,16
1376826859,15,16
1376827045,14,17
1376827258,12,19
1376827862,12,19
1376827938,12,19
1376827978,13,18
1376828042,12,19
1376828126,13,18
1376828261,13,18
1376828264,12,19
1376828619,12,19
1376828645,14,17
1376828742,14,17
1376828747,12,19
1376828923,11,20
1376828925,10,21
1376829581,8,23
1376829849,7,24
1376830338,6,25
1376830418,4,27
1376830810,3,28
1376831140,0,30
1376831470,0,30
1376832073,0,30
1376832677,0,30
1376832731,1,29
1376832880,1,29
1376832904,2,28
1376832979,1,29
