1376208215,0,23
1376208987,0,23
1376209591,0,23
1376210195,0,23
1376210799,0,23
1376211402,0,23
1376211784,1,22
1376211993,2,21
1376212572,3,20
1376212963,2,20
1376213022,1,21
1376213068,1,22
1376213671,1,22
1376214102,0,23
1376214149,0,23
1376214194,0,23
1376214798,0,23
1376215402,0,23
1376215517,1,22
1376215697,0,23
1376215783,0,23
1376215870,0,23
1376215933,1,22
1376215966,1,22
1376216082,1,22
1376216088,2,21
1376216198,3,20
1376216428,4,19
1376217032,4,19
1376217192,3,20
1376217576,2,21
1376217616,1,22
1376217691,1,22
1376217718,2,21
1376218322,2,21
1376218926,2,21
1376219529,2,21
1376219832,3,20
1376220414,3,20
1376221018,3,20
1376221621,3,20
1376222136,4,19
1376222739,4,19
1376223200,1,22
1376223714,2,21
1376224318,2,21
1376224921,2,21
1376225525,2,21
1376226129,2,21
1376226463,2,21
1376226499,3,20
1376226566,2,21
1376226620,2,21
1376226660,3,20
1376227263,3,20
1376227867,3,20
1376228471,3,20
1376228666,3,20
1376228777,3,20
1376228856,5,18
1376229460,5,18
1376229942,6,17
1376230103,7,16
1376230175,7,16
1376230197,8,15
1376230800,8,15
1376231128,9,14
1376231732,9,14
1376232336,9,14
1376232749,9,14
1376232823,10,13
1376232882,10,13
1376232919,9,14
1376233239,8,15
1376233298,7,16
1376233340,7,16
1376233382,7,16
1376233986,7,16
1376234590,7,16
1376234919,9,14
1376235523,9,14
1376236127,9,14
1376236683,10,13
1376237287,10,13
1376237878,11,12
1376238490,12,11
1376238940,12,11
1376238998,12,11
1376239058,13,10
1376239662,13,10
1376239721,13,10
1376239764,13,10
1376239903,12,11
1376239912,13,10
1376240555,13,10
1376240623,13,10
1376240665,13,10
1376240791,13,10
1376240866,13,10
1376240912,12,11
1376240984,12,11
1376241033,14,9
1376241046,14,9
1376241112,14,9
1376241205,16,7
1376241809,16,7
1376242124,15,8
1376242126,14,9
1376242414,14,9
1376242469,16,7
1376243073,16,7
1376243677,16,7
1376244093,16,7
1376244128,17,6
1376244567,17,6
1376244629,18,5
1376245233,18,5
1376245353,17,6
1376245417,17,6
1376245446,17,6
1376245629,16,7
1376246232,16,7
1376246361,17,6
1376246965,17,6
1376247568,17,6
1376248172,17,6
1376248776,17,6
1376249208,16,7
1376249278,16,7
1376249625,15,8
1376249628,14,9
1376250218,13,10
1376250283,13,10
1376250340,13,10
1376250420,13,10
1376250500,13,10
1376250577,13,10
1376250615,14,9
1376251219,14,9
1376251829,14,9
1376252433,14,9
1376253037,14,9
1376253640,14,9
1376254244,14,9
1376254701,13,10
1376255305,13,10
1376255908,13,10
1376256512,13,10
1376257116,13,10
1376257720,13,10
1376258323,13,10
1376258927,13,10
1376259530,13,10
1376260134,13,10
1376260738,13,10
1376261342,13,10
1376261475,12,11
1376262078,12,11
1376262682,12,11
1376263286,12,11
1376263890,12,11
1376264494,12,11
1376265098,12,11
1376265701,12,11
1376266306,12,11
1376266909,12,11
1376267512,12,11
1376268116,12,11
1376268720,12,11
1376269324,12,11
1376269815,12,11
1376269871,11,12
1376270475,11,12
1376270687,11,12
1376270784,11,12
1376270823,12,11
1376271427,12,11
1376272030,12,11
1376272634,12,11
1376273238,12,11
1376273841,12,11
1376274445,12,11
1376275049,12,11
1376275652,12,11
1376275872,11,12
1376276475,11,12
1376277079,11,12
1376277683,11,12
1376277795,12,11
1376278398,12,11
1376279002,12,11
1376279606,12,11
1376280209,12,11
1376280813,12,11
1376281417,12,11
1376282021,12,11
1376282625,12,11
1376283228,12,11
1376283832,12,11
1376284435,12,11
1376284835,13,10
1376285439,13,10
1376286043,13,10
1376286263,14,9
1376286386,15,8
1376286990,15,8
1376287593,15,8
1376287684,16,7
1376288288,16,7
1376288840,15,8
1376289443,15,8
1376289523,15,8
1376289526,16,7
1376289820,17,6
1376289831,18,5
1376289983,19,4
1376290043,19,4
1376290102,17,6
1376290364,18,5
1376290976,19,4
1376291373,18,5
1376291976,18,5
1376292580,18,5
1376292605,17,6
1376293208,17,6
1376293349,18,5
1376293374,19,4
1376293977,19,4
1376294599,18,5
1376294645,19,4
1376295249,19,4
1376295595,18,5
1376296199,18,5
1376296802,18,5
1376297406,18,5
1376297615,17,6
1376298025,18,5
1376298629,18,5
1376299233,18,5
1376299936,18,5
1376299995,19,4
1376300198,20,3
1376300803,20,3
1376301103,21,2
1376301117,20,3
1376301168,19,4
1376301771,19,4
1376302381,19,4
1376302985,19,4
1376303302,18,5
1376303613,17,6
1376303720,17,6
1376304247,18,5
1376304344,17,6
1376304710,16,7
1376305314,16,7
1376305917,16,7
1376306076,15,8
1376306503,15,8
1376306561,17,6
1376307164,17,6
1376307768,17,6
1376307975,16,7
1376308064,16,7
1376308103,17,6
1376308707,17,6
1376309311,17,6
1376309914,17,6
1376310703,17,6
1376310711,18,5
1376311183,19,4
1376311303,19,4
1376311314,20,3
1376311540,21,2
1376312144,21,2
1376312256,20,3
1376312368,21,2
1376312972,21,2
1376313576,21,2
1376314180,21,2
1376314789,21,2
1376315393,21,2
1376315616,20,3
1376316221,20,3
1376316824,20,3
1376317428,20,3
1376318032,20,3
1376318636,20,3
1376318911,19,4
1376319059,20,3
1376319663,20,3
1376320267,20,3
1376320434,21,2
1376321038,21,2
1376321641,21,2
1376322245,21,2
1376322848,21,2
1376323313,20,3
1376323656,18,5
1376323962,18,5
1376323965,17,6
1376324260,18,5
1376324384,17,6
1376324425,18,5
1376324557,17,6
1376325161,17,6
1376325206,16,7
1376325267,15,8
1376325871,15,8
1376325896,14,9
1376326155,13,10
1376326292,13,10
1376326355,14,9
1376326958,14,9
1376327191,13,10
1376327795,13,10
1376328044,13,10
1376328047,12,11
1376328537,11,12
1376328975,12,11
1376329506,10,13
1376330000,9,14
1376330356,8,15
1376330682,8,15
1376330690,9,14
1376331102,8,15
1376331317,7,16
1376331418,6,17
1376331474,5,18
1376331647,4,19
1376331751,5,18
1376332355,5,18
1376332959,5,18
1376333247,4,19
1376333851,4,19
1376334455,4,19
1376335059,4,19
1376335080,4,19
1376335247,4,19
1376335333,3,20
1376335937,3,20
1376336541,3,20
1376337144,3,20
1376337748,3,20
1376338352,3,20
1376338956,3,20
1376339559,3,20
1376340163,2,21
1376340490,1,22
1376341094,1,22
1376341698,1,22
1376342113,2,21
1376342185,1,22
1376342789,1,22
1376343393,1,22
1376343562,0,23
1376344166,0,23
1376344770,0,23
1376345373,0,23
1376345977,0,23
1376346581,0,23
1376347184,0,23
1376347788,0,23
1376348392,0,23
1376348997,0,23
1376349600,0,23
1376350233,0,23
1376350274,1,22
1376350879,1,22
1376351482,1,22
1376352086,1,22
1376352690,1,22
1376353001,2,21
1376353604,2,21
1376354208,2,21
1376354813,2,21
1376355416,2,21
1376356019,2,21
1376356257,2,21
1376356860,2,21
1376357464,2,21
1376358067,2,21
1376358671,2,21
1376359275,2,21
1376359879,2,21
1376360483,2,21
1376361087,2,21
1376361691,2,21
1376362294,2,21
1376362898,2,21
1376363502,2,21
1376364106,2,21
1376364710,2,21
1376365314,2,21
1376365917,2,21
1376366521,2,21
1376367125,2,21
1376367728,2,21
1376368332,2,21
1376368936,2,21
1376369540,2,21
1376370144,2,21
1376370747,2,21
1376371351,2,21
1376371954,2,21
1376372125,3,20
1376372729,3,20
1376372954,4,19
1376373559,4,19
1376374162,4,19
1376374766,4,19
1376375141,3,20
1376375802,3,20
1376375805,2,21
1376375908,3,20
1376376141,4,19
1376376224,4,19
1376376226,5,18
1376376583,5,18
1376376598,6,17
1376377202,6,17
1376377283,5,18
1376377441,6,17
1376377905,7,16
1376378132,8,15
1376378478,9,14
1376378801,8,15
1376378994,9,14
1376379190,10,13
1376379249,11,12
1376379579,12,11
1376379719,13,10
1376380322,13,10
1376380927,13,10
1376381082,13,10
1376381091,14,9
1376381234,15,8
1376381402,16,7
1376381556,15,7
1376381582,15,8
1376381734,14,9
1376382090,15,8
1376382694,15,8
1376383298,15,8
1376383837,16,7
1376383864,17,6
1376383951,17,6
1376383974,18,5
1376384028,17,6
1376384632,17,6
1376384842,16,7
1376385446,16,7
1376386050,16,7
1376386283,15,8
1376386331,15,8
1376386935,15,8
1376387203,15,8
1376387238,16,7
1376387323,16,7
1376387382,17,6
1376387987,17,6
1376388590,17,6
1376389194,17,6
1376389798,17,6
1376390401,17,6
1376391024,18,5
1376391391,17,6
1376391790,16,7
1376392394,16,7
1376392683,16,7
1376392733,17,6
1376393338,17,6
1376393414,16,7
1376393459,15,8
1376393975,16,7
1376394307,14,9
1376394761,15,8
1376394769,16,7
1376395373,16,7
1376395976,16,7
1376396564,17,6
1376396573,18,5
1376397178,18,5
1376397782,18,5
1376398386,18,5
1376398990,18,5
1376399172,18,5
1376399212,19,4
1376399816,19,4
1376400380,18,5
1376400984,18,5
1376401588,18,5
1376401920,17,6
1376402020,17,6
1376402463,18,5
1376403078,18,5
1376403401,17,6
1376403450,17,6
1376404054,17,6
1376404124,16,7
1376404276,15,8
1376404879,15,8
1376405532,15,8
1376405655,16,7
1376406258,16,7
1376406510,17,6
1376407114,17,6
1376407419,18,5
1376407438,19,4
1376407593,17,6
1376407660,17,6
1376408264,17,6
1376408324,16,7
1376408717,15,8
1376409669,15,8
1376410064,15,8
1376410098,16,7
1376410701,16,7
1376410840,17,6
1376411182,16,7
1376411557,17,6
1376411800,17,6
1376411838,17,6
1376412193,16,7
1376412229,15,8
1376412435,14,9
1376412549,13,10
1376413153,13,10
1376413309,12,11
1376413393,12,11
1376413485,13,10
1376413489,14,9
1376413754,13,10
1376413911,12,11
1376414193,11,12
1376414624,11,12
1376414632,12,11
1376414936,11,12
1376415163,10,13
1376415166,9,14
1376415769,9,14
1376416373,9,14
1376417004,8,15
1376417290,7,16
1376417356,6,17
1376417554,6,17
1376417673,5,18
1376417745,6,17
1376417764,7,16
1376417851,6,17
1376418455,6,17
1376418736,5,18
1376419340,5,18
1376419944,5,18
1376420548,5,18
1376421151,5,18
1376421755,5,18
1376421928,4,19
1376422031,2,21
1376422634,2,21
1376422834,1,22
1376422873,1,22
1376423476,1,22
1376423657,1,22
1376424260,1,22
1376424864,1,22
1376425468,1,22
1376426072,1,22
1376426675,1,22
1376427165,1,22
1376427210,2,21
1376427645,2,21
1376427647,1,22
1376428251,1,22
1376428855,1,22
1376429459,1,22
1376430063,1,22
1376430666,1,22
1376431270,1,22
1376431711,1,22
1376431766,2,21
1376431945,1,22
1376432549,1,22
1376433153,1,22
1376433757,1,22
1376434361,1,22
1376434965,1,22
1376435569,1,22
1376436172,1,22
1376436776,1,22
1376437380,1,22
1376437984,1,22
1376438588,1,22
1376439191,1,22
1376439795,1,22
1376440399,1,22
1376441003,1,22
1376441606,1,22
1376442210,1,22
1376442617,1,22
1376443220,1,22
1376443824,1,22
1376444426,0,23
1376445029,0,23
1376445633,0,23
1376446237,0,23
1376446841,0,23
1376447444,0,23
1376448048,0,23
1376448652,0,23
1376449255,0,23
1376449859,0,23
1376450433,1,22
1376451037,1,22
1376451641,1,22
1376452245,1,22
1376452848,1,22
1376453452,1,22
1376454056,1,22
1376454660,1,22
1376455264,1,22
1376455867,1,22
1376456471,1,22
1376457075,1,22
1376457679,1,22
1376458211,2,21
1376458814,2,21
1376459372,3,20
1376459457,4,19
1376460062,4,19
1376460666,4,19
1376461271,4,19
1376461874,4,19
1376461999,3,20
1376462133,4,19
1376462737,4,19
1376462782,5,18
1376462941,6,17
1376463317,7,16
1376463486,8,15
1376463550,7,16
1376463611,6,17
1376464216,6,17
1376464803,7,16
1376465266,9,14
1376465316,10,13
1376465532,9,14
1376465779,10,13
1376465860,10,13
1376465921,12,11
1376466165,12,11
1376466173,13,10
1376466777,13,10
1376466902,14,9
1376467507,14,9
1376467840,15,8
1376468448,15,8
1376469044,16,7
1376469461,15,8
1376470065,15,8
1376470330,14,9
1376470934,14,9
1376471192,15,8
1376471797,15,8
1376472089,16,7
1376473060,16,7
1376473153,16,7
1376474106,16,7
1376474710,16,7
1376475319,16,7
1376475939,16,7
1376476164,16,7
1376476244,17,6
1376476247,18,5
1376477204,18,5
1376477222,18,5
1376477322,18,5
1376477368,18,5
1376477800,18,5
1376477863,18,5
1376477875,18,5
1376478478,18,5
1376479089,18,5
1376479697,18,5
1376480163,20,3
1376480213,20,3
1376480312,20,3
1376480366,20,3
1376480970,20,3
1376481374,19,4
1376481812,17,6
1376481874,17,6
1376481893,17,6
1376481984,17,6
1376482083,16,7
1376482376,15,8
1376482482,17,6
1376483255,17,6
1376483297,18,5
1376483434,17,5
1376483463,17,6
1376483789,17,6
1376483809,18,5
1376484036,18,5
1376484056,17,6
1376484122,16,7
1376484760,15,8
1376485120,15,8
1376485129,16,7
1376485733,16,7
1376486338,16,7
1376486797,17,6
1376487400,17,6
1376487994,18,5
1376488563,17,6
1376489167,17,6
1376489771,17,6
1376490375,17,6
1376490730,15,8
1376490967,16,7
1376491024,15,8
1376491184,15,8
1376491243,16,7
1376491245,17,6
1376491849,17,6
1376492453,17,6
1376493080,16,7
1376493117,17,6
1376493305,17,6
1376493523,17,6
1376493532,18,5
1376493630,17,6
1376494235,17,6
1376494838,17,6
1376495273,16,7
1376495597,15,8
1376496200,15,8
1376496566,16,7
1376497152,17,6
1376497236,18,5
1376497845,19,4
1376498235,18,5
1376498473,20,3
1376498977,19,4
1376499098,20,3
1376499532,19,4
1376499696,18,5
1376499823,18,5
1376499881,18,5
1376499890,19,4
1376500244,20,3
1376500482,19,4
1376500549,18,5
1376500655,18,5
1376500708,18,5
1376500746,19,4
1376500883,18,5
1376501081,17,6
1376501245,16,7
1376501299,15,8
1376501902,15,8
1376502300,14,9
1376502743,13,10
1376503062,12,11
1376503358,11,12
1376503382,11,12
1376503543,10,13
1376504053,9,14
1376504657,9,14
1376504950,8,15
1376505271,5,18
1376505350,4,19
1376505954,4,19
1376506180,2,21
1376506301,2,21
1376506326,2,21
1376506384,2,21
1376506457,2,21
1376506590,2,21
1376506613,2,21
1376506746,2,21
1376506812,2,21
1376506876,2,21
1376507432,3,20
1376508036,3,20
1376508640,3,20
1376509243,3,20
1376509846,3,20
1376510450,3,20
1376511010,3,20
1376511093,2,21
1376511149,4,19
1376511753,4,19
1376512357,4,19
1376512960,4,19
1376513564,4,19
1376514102,4,19
1376514110,5,18
1376514713,5,18
1376514807,4,19
1376514999,3,20
1376515260,2,21
1376515864,2,21
1376516468,2,21
1376517072,2,21
1376517613,2,21
1376518217,2,21
1376518820,2,21
1376519430,2,21
1376520034,2,21
1376520638,2,21
1376521242,2,21
1376521583,3,20
1376522187,3,20
1376522791,3,20
1376523395,3,20
1376523998,3,20
1376524603,3,20
1376525207,3,20
1376525810,3,20
1376526414,3,20
1376527017,3,20
1376527621,3,20
1376528225,3,20
1376528829,3,20
1376529012,3,20
1376529118,2,21
1376529722,2,21
1376529943,0,23
1376530547,0,23
1376531151,0,23
1376531755,0,23
1376532358,0,23
1376532962,0,23
1376533566,0,23
1376534170,0,23
1376534774,0,23
1376535378,0,23
1376535983,0,23
1376536586,0,23
1376537190,0,23
1376537794,0,23
1376538398,0,23
1376539002,0,23
1376539605,0,23
1376540209,0,23
1376540813,0,23
1376540997,0,23
1376541602,0,23
1376542205,0,23
1376542809,0,23
1376543413,0,23
1376544017,0,23
1376544620,0,23
1376545230,0,23
1376545834,0,23
1376546438,0,23
1376547041,0,23
1376547646,0,23
1376548249,0,23
1376548853,0,23
1376549457,0,23
1376550061,0,23
1376550665,0,23
1376551268,0,23
1376551542,0,23
1376551544,1,22
1376551941,0,23
1376552525,1,22
1376553129,1,22
1376553733,1,22
1376554337,1,22
1376554940,1,22
1376555544,1,22
1376555977,1,22
1376556014,1,22
1376556093,1,22
1376556443,1,22
1376556489,1,22
1376556573,1,22
1376556643,2,21
1376557247,2,21
1376557851,2,21
1376558319,1,22
1376558651,0,23
1376559034,0,23
1376559071,1,22
1376559178,2,21
1376559277,1,22
1376559881,1,22
1376560485,1,22
1376561088,1,22
1376561335,2,21
1376561524,3,20
1376561708,4,19
1376561791,3,20
1376561849,6,17
1376562452,6,17
1376562614,5,18
1376563217,5,18
1376563404,4,19
1376563928,5,18
1376564480,5,18
1376564539,6,17
1376565155,5,18
1376565760,5,18
1376565823,5,18
1376565831,6,17
1376566048,7,16
1376566652,7,16
1376567255,7,16
1376567418,6,17
1376568021,6,17
1376568455,6,17
1376569058,7,16
1376569722,6,17
1376569780,6,17
1376570035,5,18
1376570085,5,18
1376570154,5,18
1376570435,6,17
1376570678,7,16
1376571043,8,15
1376571647,8,15
1376572251,8,15
1376572853,9,14
1376573195,8,15
1376573503,8,15
1376573616,8,15
1376573644,9,14
1376573774,8,15
1376574378,8,15
1376574877,9,14
1376574943,9,14
1376574995,7,16
1376575023,8,15
1376575505,9,14
1376575650,7,16
1376575941,6,17
1376576000,7,16
1376576081,5,18
1376576685,5,18
1376576908,7,16
1376576986,7,16
1376577132,9,14
1376577197,9,14
1376577311,9,14
1376577367,10,13
1376577453,10,13
1376577501,11,12
1376577627,11,12
1376577698,10,13
1376578301,10,13
1376578722,10,13
1376578731,11,12
1376578933,12,11
1376579537,12,11
1376580141,12,11
1376580517,10,13
1376580573,8,15
1376581177,8,15
1376581780,8,15
1376581899,7,16
1376582024,7,16
1376582071,7,16
1376582119,8,15
1376582204,8,15
1376582368,9,14
1376582563,9,14
1376582607,9,14
1376583210,9,14
1376583635,8,15
1376583731,7,16
1376584359,7,16
1376584420,9,14
1376584854,8,15
1376585263,8,15
1376585284,8,15
1376585349,8,15
1376585392,9,14
1376585997,9,14
1376586205,11,12
1376586669,10,13
1376586874,10,13
1376587402,10,13
1376587472,10,13
1376587517,11,12
1376587595,12,11
1376588199,12,11
1376588370,13,10
1376588947,12,11
1376589282,12,11
1376589285,11,12
1376589889,11,12
1376590493,11,12
1376591011,9,14
1376591616,9,14
1376592219,9,14
1376592823,9,14
1376593427,9,14
1376593856,8,15
1376594460,8,15
1376595064,8,15
1376595668,8,15
1376596271,8,15
1376596875,8,15
1376597261,7,16
1376597268,6,17
1376597492,7,16
1376598095,7,16
1376598699,7,16
1376599303,7,16
1376599797,6,17
1376600401,6,17
1376601004,6,17
1376601287,5,18
1376601891,5,18
1376602495,5,18
1376603099,5,18
1376603703,5,18
1376604306,5,18
1376604449,4,19
1376605053,4,19
1376605656,4,19
1376606260,4,19
1376606798,1,22
1376607402,1,22
1376608006,1,22
1376608609,1,22
1376609213,1,22
1376609372,0,23
1376609976,0,23
1376610579,0,23
1376611183,0,23
1376611787,0,23
1376612390,0,23
1376612783,0,23
1376613387,0,23
1376613991,0,23
1376614595,0,23
1376615199,0,23
1376615412,0,23
1376616017,0,23
1376616380,0,23
1376616434,1,22
1376617038,1,22
1376617642,1,22
1376618246,1,22
1376618849,1,22
1376619453,1,22
1376620057,1,22
1376620661,1,22
1376621264,1,22
1376621868,1,22
1376622472,1,22
1376623019,2,21
1376623623,2,21
1376624226,2,21
1376624830,2,21
1376625434,2,21
1376626039,2,21
1376626643,2,21
1376627246,2,21
1376627850,2,21
1376628454,2,21
1376629058,2,21
1376629661,2,21
1376630265,2,21
1376630423,3,20
1376631027,3,20
1376631549,4,19
1376632153,4,19
1376632757,4,19
1376633360,4,19
1376633964,4,19
1376634041,3,20
1376634645,3,20
1376635249,3,20
1376635705,4,19
1376636101,5,18
1376636213,4,19
1376636679,5,18
1376636973,6,17
1376637576,6,17
1376637819,5,18
1376638106,6,17
1376638423,7,16
1376638437,7,16
1376639041,7,16
1376639411,8,15
1376639478,7,16
1376640082,7,16
1376640686,7,16
1376640762,7,16
1376640779,8,15
1376641383,8,15
1376641987,8,15
1376642590,8,15
1376643194,8,15
1376643342,7,16
1376643379,8,15
1376643566,8,15
1376643592,9,14
1376643679,8,15
1376643743,8,15
1376643807,8,15
1376643878,8,15
1376643914,9,14
1376644518,9,14
1376645122,9,14
1376645438,10,13
1376646041,10,13
1376646087,8,15
1376646691,8,15
1376647296,8,15
1376647900,8,15
1376648084,8,15
1376648087,9,14
1376648354,8,15
1376648958,8,15
1376649562,8,15
1376649941,8,15
1376649951,9,14
1376650542,10,13
1376650772,8,15
1376651376,8,15
1376651979,8,15
1376652583,8,15
1376652778,7,16
1376652909,6,17
1376653513,6,17
1376653797,5,18
1376654402,5,18
1376654521,6,17
1376654603,7,16
1376655207,7,16
1376655436,6,17
1376655759,6,17
1376655824,7,16
1376655873,7,16
1376656318,8,15
1376656923,8,15
1376657527,8,15
1376657995,7,16
1376658599,7,16
1376658703,8,15
1376658705,9,14
1376659309,9,14
1376659772,9,14
1376659829,9,14
1376660159,10,13
1376660763,10,13
1376661053,9,14
1376661595,8,15
1376662072,7,16
1376662591,8,15
1376662951,8,15
1376662982,9,14
1376663083,10,13
1376663687,10,13
1376663852,11,12
1376664027,10,13
1376664148,9,14
1376664240,8,15
1376664844,8,15
1376665463,7,16
1376665691,6,17
1376666194,6,17
1376666214,7,16
1376666818,7,16
1376666907,6,17
1376667422,7,16
1376667824,6,17
1376668048,7,16
1376668234,9,14
1376668448,8,15
1376669052,8,15
1376669656,8,15
1376670043,8,15
1376670046,9,14
1376670439,8,15
1376670529,7,16
1376670623,6,17
1376670928,8,15
1376671098,9,14
1376671696,8,15
1376671852,7,16
1376672140,7,16
1376672151,8,15
1376672587,7,16
1376673191,7,16
1376673483,8,15
1376673868,9,14
1376673929,9,14
1376673961,10,13
1376674008,10,13
1376674513,9,14
1376674588,8,15
1376675191,8,15
1376675666,7,16
1376676097,8,15
1376676649,7,16
1376676997,6,17
1376677020,6,17
1376677624,6,17
1376677689,7,16
1376678082,6,17
1376678686,6,17
1376678875,5,18
1376679270,6,17
1376679874,6,17
1376680478,6,17
1376680542,7,16
1376680654,7,16
1376681063,6,17
1376681667,6,17
1376682271,6,17
1376682424,5,18
1376683029,5,18
1376683632,5,18
1376684236,5,18
1376684840,5,18
1376685443,5,18
1376686047,5,18
1376686651,5,18
1376687254,5,18
1376687858,5,18
1376688462,5,18
1376689066,5,18
1376689361,4,19
1376689479,4,19
1376689490,5,18
1376690093,5,18
1376690681,6,17
1376691284,6,17
1376691888,6,17
1376692492,6,17
1376693095,6,17
1376693699,6,17
1376694303,6,17
1376694907,6,17
1376695511,6,17
1376695636,6,17
1376695710,7,16
1376696314,7,16
1376696918,7,16
1376697522,7,16
1376698125,7,16
1376698729,7,16
1376699140,7,16
1376699150,8,15
1376699753,8,15
1376700101,7,16
1376700705,7,16
1376701309,7,16
1376701892,7,16
1376702495,7,16
1376703099,7,16
1376703703,7,16
1376704307,7,16
1376704910,7,16
1376705514,7,16
1376706118,7,16
1376706585,6,17
1376706614,6,17
1376707217,6,17
1376707692,6,17
1376707905,5,18
1376708509,5,18
1376709113,5,18
1376709418,6,17
1376710022,6,17
1376710625,6,17
1376711229,6,17
1376711833,6,17
1376712436,6,17
1376713040,6,17
1376713644,6,17
1376714248,6,17
1376714851,6,17
1376715455,6,17
1376716059,6,17
1376716663,6,17
1376717267,6,17
1376717870,6,17
1376718474,6,17
1376719078,6,17
1376719682,6,17
1376720285,6,17
1376720889,6,17
1376721493,6,17
1376721796,5,18
1376722400,5,18
1376722820,6,17
1376723424,6,17
1376723677,7,16
1376724281,7,16
1376724884,7,16
1376725001,7,16
1376725009,8,15
1376725613,8,15
1376726217,8,15
1376726622,10,13
1376727024,11,12
1376727628,11,12
1376728124,10,13
1376728175,10,13
1376728216,10,13
1376728272,11,12
1376728808,12,11
1376729412,12,11
1376729722,13,10
1376730240,13,10
1376730250,14,9
1376730854,14,9
1376731231,13,10
1376731586,12,11
1376731640,12,11
1376731730,12,11
1376731961,13,10
1376732291,14,9
1376732332,13,10
1376732609,15,8
1376733213,15,8
1376733311,14,9
1376733563,13,10
1376733699,13,10
1376733752,14,9
1376734356,14,9
1376734419,13,10
1376734737,14,9
1376735341,14,9
1376735945,14,9
1376736344,13,10
1376736351,12,11
1376736578,12,11
1376736638,14,9
1376737111,15,8
1376737615,16,7
1376738219,16,7
1376738298,14,9
1376738847,15,8
1376738895,16,7
1376739402,15,8
1376739989,16,7
1376740102,17,6
1376740173,17,6
1376740216,19,4
1376740820,19,4
1376741434,20,3
1376741606,19,4
1376741671,16,7
1376742045,16,7
1376742225,16,7
1376742247,16,7
1376742851,16,7
1376742933,15,8
1376743537,15,8
1376743978,14,9
1376744582,14,9
1376744743,12,11
1376744774,13,10
1376745285,13,10
1376745288,12,11
1376745612,13,10
1376745699,12,11
1376745730,10,13
1376746125,9,14
1376746132,7,16
1376746223,5,18
1376746578,4,19
1376746775,4,19
1376746821,5,18
1376747425,5,18
1376747856,6,17
1376747903,7,16
1376748384,8,15
1376748449,8,15
1376748514,9,14
1376748599,10,13
1376748694,11,12
1376749298,11,12
1376749801,10,13
1376750057,11,12
1376750661,11,12
1376750715,10,13
1376750837,10,13
1376750923,11,12
1376750937,12,11
1376751505,11,12
1376751904,12,11
1376752395,11,12
1376753000,11,12
1376753298,12,11
1376753902,12,11
1376754506,12,11
1376755110,12,11
1376755454,10,13
1376755522,9,14
1376755906,9,14
1376755918,11,12
1376756206,11,12
1376756209,12,11
1376756655,12,11
1376756734,11,12
1376756917,13,10
1376757100,13,10
1376757129,13,10
1376757215,13,10
1376757340,13,10
1376757395,13,10
1376757457,13,10
1376757521,13,10
1376757555,13,10
1376757635,12,11
1376757666,12,11
1376757811,13,10
1376757878,13,10
1376757890,14,9
1376758493,14,9
1376759097,14,9
1376759357,15,8
1376759961,15,8
1376760002,16,7
1376760279,15,8
1376760407,16,7
1376761011,16,7
1376761293,17,6
1376761689,16,7
1376762293,16,7
1376762925,17,6
1376762927,16,7
1376763402,15,8
1376764006,15,8
1376764053,13,10
1376764656,13,10
1376764762,14,9
1376764888,15,8
1376765018,15,8
1376765621,15,8
1376766226,15,8
1376766829,15,8
1376767380,14,9
1376767984,14,9
1376768591,14,9
1376769195,14,9
1376769421,15,8
1376770025,15,8
1376770628,15,8
1376771232,15,8
1376771836,15,8
1376772152,13,10
1376772756,13,10
1376773359,13,10
1376773963,13,10
1376774567,13,10
1376774960,14,9
1376775564,14,9
1376775813,13,10
1376776416,13,10
1376777019,13,10
1376777623,13,10
1376778227,13,10
1376778419,12,11
1376779023,12,11
1376779626,12,11
1376779897,11,12
1376780501,11,12
1376781105,11,12
1376781708,11,12
1376782312,11,12
1376782917,11,12
1376783520,11,12
1376784124,11,12
1376784727,11,12
1376785331,11,12
1376785387,12,11
1376785991,12,11
1376786356,10,13
1376786414,10,13
1376786455,10,13
1376786746,10,13
1376786788,11,12
1376786849,11,12
1376786894,11,12
1376787499,11,12
1376788214,11,12
1376788818,11,12
1376789422,11,12
1376790025,11,12
1376790629,11,12
1376791233,11,12
1376791837,11,12
1376792440,11,12
1376793044,11,12
1376793648,11,12
1376794252,11,12
1376794856,11,12
1376795459,11,12
1376796063,11,12
1376796667,11,12
1376797270,11,12
1376797585,10,13
1376798189,10,13
1376798792,10,13
1376799396,10,13
1376800000,10,13
1376800604,10,13
1376801207,10,13
1376801811,10,13
1376802415,10,13
1376803019,10,13
1376803622,10,13
1376804226,10,13
1376804742,10,13
1376804776,13,10
1376805044,13,10
1376805051,10,13
1376805654,10,13
1376806258,10,13
1376806861,10,13
1376807235,11,12
1376807840,11,12
1376808443,11,12
1376808491,12,11
1376809095,12,11
1376809699,12,11
1376810303,12,11
1376810907,12,11
1376811511,12,11
1376811863,11,12
1376812467,11,12
1376812801,12,11
1376813405,12,11
1376813732,12,11
1376813793,14,9
1376813862,13,10
1376813891,14,9
1376814494,14,9
1376815098,14,9
1376815702,14,9
1376816153,13,10
1376816547,12,11
1376816960,13,10
1376817577,14,9
1376818181,14,9
1376818785,14,9
1376818998,13,10
1376819553,12,11
1376819666,13,10
1376820270,13,10
1376820320,13,10
1376820385,14,9
1376820514,15,8
1376821118,15,8
1376821723,15,8
1376821731,16,7
1376822335,16,7
1376822766,17,6
1376823371,17,6
1376823482,18,5
1376824086,18,5
1376824690,18,5
1376825294,18,5
1376825572,17,6
1376826176,17,6
1376826713,16,7
1376827317,16,7
1376827921,16,7
1376827997,16,7
1376828149,16,7
1376828290,16,7
1376828336,17,6
1376828940,17,6
1376829544,17,6
1376830147,17,6
1376830750,17,6
1376831354,17,6
1376831958,17,6
1376832069,18,5
1376832679,18,5
