1376208219,23,23
1376208823,23,23
1376208932,24,22
1376209536,24,22
1376210140,24,22
1376210745,24,22
1376211349,24,22
1376211766,24,22
1376211768,25,21
1376212372,25,21
1376212977,25,21
1376213581,25,21
1376214185,25,21
1376214790,25,21
1376215395,25,21
1376215540,25,21
1376215589,26,20
1376216194,26,20
1376216569,25,21
1376217173,25,21
1376217777,25,21
1376218380,25,21
1376218984,25,21
1376219588,25,21
1376220192,25,21
1376220377,24,22
1376220871,23,23
1376221338,24,22
1376221942,24,22
1376222545,24,22
1376222704,25,21
1376222899,27,19
1376223503,27,19
1376224107,27,19
1376224181,27,19
1376224216,28,18
1376224768,28,18
1376224828,28,18
1376224958,29,17
1376225562,29,17
1376226222,29,17
1376226254,28,18
1376226328,28,18
1376226400,27,19
1376227004,27,19
1376227398,28,18
1376227646,27,19
1376228251,27,19
1376228854,27,19
1376228920,27,19
1376229038,28,18
1376229045,28,18
1376229112,28,18
1376229220,28,18
1376229270,29,17
1376229875,29,17
1376230478,29,17
1376230568,27,19
1376231196,25,21
1376231740,25,21
1376231791,26,20
1376232180,27,19
1376232370,26,20
1376232975,26,20
1376233340,25,21
1376233717,24,22
1376234321,24,22
1376234925,24,22
1376235098,23,23
1376235703,23,23
1376236307,23,23
1376236896,24,22
1376237034,25,21
1376237297,24,22
1376237835,25,21
1376237881,23,23
1376238485,23,23
1376239089,23,23
1376239366,23,23
1376239368,22,24
1376239972,22,24
1376240200,22,24
1376240804,22,24
1376241030,19,27
1376241217,19,27
1376241284,18,28
1376241301,17,29
1376241905,17,29
1376242422,17,29
1376242434,15,31
1376242839,14,32
1376243443,14,32
1376243668,13,33
1376244272,13,33
1376244876,13,33
1376245480,13,33
1376246084,13,33
1376246688,13,33
1376247064,14,32
1376247668,14,32
1376247743,13,33
1376248344,14,32
1376248421,16,30
1376248650,16,30
1376248961,15,31
1376249012,14,32
1376249303,12,34
1376249729,13,33
1376249786,12,34
1376249832,13,33
1376249904,14,32
1376249944,15,31
1376250310,15,31
1376250446,15,31
1376251050,15,31
1376251654,15,31
1376251863,16,30
1376252045,14,32
1376252649,14,32
1376253252,14,32
1376253856,14,32
1376254460,14,32
1376255065,14,32
1376255668,14,32
1376256272,14,32
1376256876,14,32
1376257480,14,32
1376258084,14,32
1376258687,14,32
1376259214,16,30
1376259416,17,29
1376259546,18,28
1376260150,18,28
1376260754,18,28
1376261358,18,28
1376261961,18,28
1376262565,18,28
1376263098,17,29
1376263703,17,29
1376264307,17,29
1376264846,18,28
1376265450,18,28
1376266054,18,28
1376266658,18,28
1376267262,18,28
1376267865,18,28
1376268469,18,28
1376269073,18,28
1376269677,18,28
1376270188,18,28
1376270214,18,28
1376270818,18,28
1376271422,18,28
1376272025,18,28
1376272629,18,28
1376273233,18,28
1376273837,18,28
1376274440,18,28
1376275044,18,28
1376275648,18,28
1376276252,18,28
1376276856,18,28
1376277460,18,28
1376278064,18,28
1376278667,18,28
1376279271,18,28
1376279875,18,28
1376280479,18,28
1376281082,18,28
1376281686,18,28
1376282290,18,28
1376282843,19,27
1376283447,19,27
1376283693,20,26
1376284298,20,26
1376284902,20,26
1376285505,20,26
1376286110,20,26
1376286714,20,26
1376286822,20,26
1376286825,19,27
1376287428,19,27
1376288032,19,27
1376288179,18,28
1376288535,17,29
1376288583,16,30
1376288841,15,31
1376288950,16,30
1376289553,16,30
1376289993,17,29
1376290417,17,29
1376290430,18,28
1376290652,18,28
1376290840,16,30
1376290889,16,30
1376290939,16,30
1376291020,16,30
1376291028,17,29
1376291262,17,29
1376291301,19,27
1376291905,19,27
1376292115,20,26
1376292720,20,26
1376293324,20,26
1376293696,19,27
1376294216,20,26
1376294477,21,25
1376294553,19,27
1376295158,19,27
1376295762,19,27
1376296366,19,27
1376296971,19,27
1376297064,18,28
1376297596,19,27
1376298080,18,28
1376298684,18,28
1376299288,18,28
1376299893,18,28
1376300187,17,29
1376300304,16,30
1376300579,17,29
1376300828,18,28
1376301154,16,30
1376301378,17,29
1376301691,15,31
1376302295,15,31
1376302899,15,31
1376302961,16,30
1376303062,17,29
1376303412,18,28
1376303622,18,28
1376303659,19,27
1376304152,20,26
1376304234,19,27
1376304336,20,26
1376304369,19,27
1376304523,19,27
1376304526,18,28
1376305040,17,29
1376305340,18,28
1376305477,18,28
1376305489,19,27
1376305655,18,28
1376305723,18,28
1376305780,19,27
1376305835,18,28
1376306358,19,27
1376306724,18,28
1376306924,18,28
1376306926,17,29
1376307079,16,30
1376307498,16,30
1376307728,17,29
1376308060,18,28
1376308291,19,27
1376308895,19,27
1376309261,20,26
1376309324,20,25
1376309420,20,25
1376310025,20,26
1376310629,20,26
1376311232,20,26
1376311836,20,26
1376312243,21,25
1376312570,20,26
1376312682,20,26
1376312713,21,25
1376312785,21,25
1376312862,21,25
1376312897,22,24
1376313083,23,23
1376313157,22,24
1376313183,23,23
1376313773,22,24
1376314377,22,24
1376314589,23,23
1376314889,22,24
1376314956,21,25
1376314977,21,25
1376315260,21,25
1376315302,22,24
1376315535,21,25
1376315671,22,24
1376315742,22,24
1376315849,22,24
1376315878,22,24
1376316043,21,25
1376316135,22,24
1376316391,21,25
1376316806,22,24
1376316995,21,25
1376317599,21,25
1376318203,21,25
1376318388,20,26
1376318845,21,25
1376319016,22,24
1376319473,21,25
1376319812,20,26
1376319923,19,27
1376320110,18,28
1376320184,19,27
1376320186,18,28
1376320651,17,29
1376320937,18,28
1376321024,18,28
1376321229,19,27
1376321358,20,26
1376321962,20,26
1376322114,21,25
1376322395,22,24
1376322556,24,22
1376322639,23,23
1376322691,23,23
1376322782,22,24
1376322916,21,25
1376323334,20,26
1376323937,20,26
1376324053,19,27
1376324202,18,28
1376324302,17,29
1376324412,16,30
1376324486,17,29
1376324772,18,28
1376324828,17,29
1376325099,18,28
1376325148,20,26
1376325275,21,25
1376325550,22,24
1376325760,22,24
1376325769,23,23
1376326062,22,24
1376326539,21,25
1376326613,20,26
1376327068,20,26
1376327099,21,25
1376327702,21,25
1376328159,21,25
1376328223,21,25
1376328477,22,24
1376328702,21,25
1376328717,21,25
1376328939,22,24
1376329086,20,26
1376329690,20,26
1376329986,19,27
1376330143,20,26
1376330669,21,25
1376330710,20,26
1376331315,20,26
1376331641,20,26
1376331688,18,28
1376332292,18,28
1376332338,18,28
1376332422,18,28
1376332425,20,26
1376333029,20,26
1376333633,20,26
1376334236,20,26
1376334776,20,26
1376334870,21,25
1376334908,22,24
1376335512,22,24
1376336068,22,24
1376336142,23,23
1376336177,24,22
1376336209,24,22
1376336426,25,21
1376337035,25,21
1376337639,25,21
1376338243,25,21
1376338847,25,21
1376339451,25,21
1376339561,25,21
1376339564,26,20
1376340168,26,20
1376340772,26,20
1376341376,26,20
1376341980,26,20
1376342583,26,20
1376342778,26,20
1376342893,27,19
1376343497,27,19
1376344100,27,19
1376344704,27,19
1376345308,27,19
1376345912,27,19
1376346515,27,19
1376347119,27,19
1376347723,27,19
1376348327,27,19
1376348930,27,19
1376349534,27,19
1376350138,27,19
1376350742,27,19
1376351346,27,19
1376351950,27,19
1376352554,27,19
1376353158,27,19
1376353761,27,19
1376354318,26,20
1376354368,24,22
1376354972,24,22
1376355576,24,22
1376356180,24,22
1376356588,24,22
1376357192,24,22
1376357796,24,22
1376358399,24,22
1376359003,24,22
1376359607,24,22
1376360211,24,22
1376360814,24,22
1376361418,24,22
1376362022,24,22
1376362626,24,22
1376363230,24,22
1376363834,24,22
1376364438,24,22
1376365042,24,22
1376365645,24,22
1376366249,24,22
1376366853,24,22
1376367457,24,22
1376368060,24,22
1376368664,24,22
1376369268,24,22
1376369559,25,21
1376370164,25,21
1376370767,25,21
1376371371,25,21
1376371975,25,21
1376372579,25,21
1376372770,24,22
1376373374,24,22
1376373978,24,22
1376374344,24,22
1376374386,25,21
1376374588,24,22
1376374661,25,21
1376375222,24,22
1376375826,24,22
1376376430,24,22
1376376820,23,23
1376376899,24,22
1376377004,24,22
1376377054,25,21
1376377075,25,21
1376377296,25,21
1376377311,26,20
1376377525,25,21
1376377548,24,22
1376377832,23,23
1376378436,23,23
1376378533,24,22
1376378719,23,23
1376378916,24,22
1376379520,24,22
1376379744,23,23
1376379863,24,22
1376380042,23,23
1376380647,23,23
1376380731,22,24
1376381215,21,25
1376381322,20,26
1376381546,21,25
1376382150,21,25
1376382614,22,24
1376382737,20,26
1376383327,19,27
1376383931,19,27
1376384138,18,28
1376384147,18,28
1376384418,17,29
1376384501,17,29
1376384509,18,28
1376385113,18,28
1376385717,18,28
1376386021,19,27
1376386094,19,27
1376386150,20,26
1376386754,20,26
1376386843,19,27
1376386957,18,28
1376387560,18,28
1376387590,17,29
1376387788,18,28
1376388392,18,28
1376388700,17,29
1376388736,18,28
1376388881,18,28
1376388884,19,27
1376389488,19,27
1376389579,18,28
1376390005,17,29
1376390435,18,28
1376390682,17,28
1376390735,16,29
1376390802,14,31
1376391041,14,31
1376391055,14,31
1376391258,13,32
1376391394,13,32
1376391408,13,32
1376391492,14,31
1376391700,14,31
1376391761,14,31
1376392053,14,31
1376392114,14,31
1376392135,15,30
1376392423,16,29
1376392468,16,29
1376392783,16,29
1376392837,17,28
1376392997,18,27
1376393050,17,28
1376393137,17,28
1376393175,17,28
1376393504,17,28
1376393528,17,28
1376393620,17,28
1376393628,18,27
1376393861,18,27
1376393881,18,27
1376394220,18,27
1376394237,17,28
1376394574,17,28
1376394588,17,28
1376394879,17,28
1376394942,17,28
1376394994,16,29
1376395033,17,28
1376395233,17,28
1376395295,17,28
1376395603,16,29
1376395649,16,29
1376395835,17,28
1376395884,17,28
1376395954,18,27
1376396005,18,27
1376396062,19,26
1376396145,19,26
1376396260,20,25
1376396318,21,24
1376396358,21,24
1376396684,21,24
1376396708,21,24
1376397043,22,23
1376397103,21,24
1376397400,21,24
1376397414,21,24
1376397754,21,24
1376397768,21,24
1376398059,21,24
1376398121,21,24
1376398275,22,23
1376398412,22,23
1376398474,22,23
1376398783,22,23
1376398828,22,23
1376399000,22,23
1376399143,22,23
1376399181,22,23
1376399496,22,23
1376399534,22,23
1376399776,21,24
1376399863,21,24
1376399906,22,23
1376399978,21,24
1376400221,21,24
1376400241,21,24
1376400440,20,25
1376400580,20,25
1376400594,20,25
1376400731,21,24
1376400933,21,24
1376400947,21,24
1376401095,22,23
1376401238,22,23
1376401300,22,23
1376401604,22,23
1376401653,22,23
1376401690,23,22
1376401963,23,22
1376402006,23,22
1376402256,21,24
1376402322,21,24
1376402360,21,24
1376402675,21,24
1376402713,21,24
1376402796,23,22
1376402842,24,21
1376402909,24,21
1376403043,24,21
1376403067,24,21
1376403400,24,21
1376403421,24,21
1376403760,24,21
1376403774,24,21
1376403924,25,20
1376404113,25,20
1376404154,27,18
1376404418,27,18
1376404481,27,18
1376404772,27,18
1376404835,27,18
1376405144,27,18
1376405188,26,19
1376405217,25,20
1376405286,25,20
1376405503,25,20
1376405541,25,20
1376405856,25,20
1376405894,25,20
1376406159,23,22
1376406224,23,22
1376406248,23,22
1376406402,24,21
1376406417,23,22
1376406582,23,22
1376406601,23,22
1376406940,23,22
1376406954,23,22
1376407174,22,23
1376407294,23,22
1376407308,23,22
1376407453,24,21
1376407489,23,22
1376407599,23,22
1376407661,23,22
1376407952,23,22
1376408015,23,22
1376408102,24,21
1376408324,24,21
1376408367,24,21
1376408599,24,21
1376408684,24,21
1376408721,24,21
1376408749,25,20
1376408981,24,21
1376409036,25,20
1376409075,25,20
1376409403,25,20
1376409460,25,20
1376409524,25,19
1376409638,25,20
1376409703,25,20
1376409760,26,19
1376409784,26,19
1376409869,27,18
1376409926,27,18
1376410120,27,18
1376410134,27,18
1376410289,28,17
1376410415,27,18
1376410473,27,18
1376410487,27,18
1376410634,27,18
1376410779,27,18
1376410841,27,18
1376410875,28,17
1376411004,29,16
1376411139,30,15
1376411204,31,14
1376411360,30,15
1376411503,29,16
1376411548,29,16
1376411753,28,17
1376411863,28,17
1376411901,29,16
1376411960,29,16
1376412048,28,17
1376412217,28,17
1376412269,27,18
1376412385,26,19
1376412584,25,20
1376412608,25,20
1376412941,25,20
1376412961,25,20
1376413157,26,19
1376413301,26,19
1376413315,26,19
1376413374,27,18
1376413655,27,18
1376413668,27,18
1376413960,27,18
1376414021,27,18
1376414313,27,18
1376414375,27,18
1376414684,27,18
1376414730,27,18
1376415044,28,17
1376415095,28,17
1376415162,28,17
1376415189,29,16
1376415281,29,16
1376415399,29,16
1376415437,29,16
1376415764,29,16
1376415789,29,16
1376415920,28,17
1376416122,28,17
1376416141,28,17
1376416368,27,18
1376416480,27,18
1376416495,27,18
1376416834,27,18
1376416848,27,18
1376417139,27,18
1376417202,27,18
1376417313,28,17
1376417504,28,17
1376417554,27,18
1376417864,27,18
1376417908,27,18
1376418027,26,19
1376418097,26,19
1376418129,26,19
1376418224,26,19
1376418266,26,19
1376418486,25,20
1376418577,25,20
1376418614,25,20
1376418944,25,20
1376418969,25,20
1376419163,24,21
1376419237,23,22
1376419302,23,22
1376419347,24,21
1376419484,23,22
1376419661,23,22
1376419675,23,22
1376420014,23,22
1376420028,23,22
1376420245,22,23
1376420320,22,23
1376420381,22,23
1376420673,22,23
1376420735,22,23
1376421043,22,23
1376421088,22,23
1376421403,22,23
1376421442,22,23
1376421757,22,23
1376421798,23,22
1376422124,23,22
1376422148,23,22
1376422482,23,22
1376422501,23,22
1376422598,23,22
1376422607,24,21
1376422688,23,22
1376422841,23,22
1376422855,23,22
1376423194,23,22
1376423208,23,22
1376423346,22,23
1376423500,22,23
1376423561,22,23
1376423853,22,23
1376423915,22,23
1376424225,22,23
1376424268,22,23
1376424583,22,23
1376424621,22,23
1376424936,22,23
1376424974,22,23
1376425308,21,24
1376425366,21,24
1376425661,21,24
1376425681,21,24
1376426020,21,24
1376426034,21,24
1376426374,21,24
1376426388,21,24
1376426680,21,24
1376426741,21,24
1376427032,21,24
1376427095,21,24
1376427404,21,24
1376427448,21,24
1376427763,21,24
1376427801,21,24
1376428117,21,24
1376428154,21,24
1376428483,21,24
1376428507,21,24
1376428840,21,24
1376428861,21,24
1376429200,21,24
1376429215,21,24
1376429554,21,24
1376429568,21,24
1376429859,21,24
1376429921,21,24
1376430226,21,24
1376430275,21,24
1376430339,20,25
1376430584,20,25
1376430629,20,25
1376430944,20,25
1376430982,20,25
1376431297,20,25
1376431336,20,25
1376431663,20,25
1376431688,20,25
1376431893,21,24
1376431930,23,22
1376432022,23,22
1376432042,23,22
1376432381,22,23
1376432395,22,23
1376432734,22,23
1376432748,22,23
1376433040,22,23
1376433102,22,23
1376433393,22,23
1376433455,22,23
1376433763,22,23
1376433809,22,23
1376434124,22,23
1376434162,22,23
1376434477,22,23
1376434515,22,23
1376434844,22,23
1376434869,22,23
1376435202,22,23
1376435222,22,23
1376435562,22,23
1376435576,22,23
1376435915,22,23
1376435929,22,23
1376436220,22,23
1376436283,22,23
1376436574,22,23
1376436636,22,23
1376436944,22,23
1376436990,22,23
1376437299,22,23
1376437343,22,23
1376437659,22,23
1376437697,22,23
1376438024,22,23
1376438050,22,23
1376438384,22,23
1376438403,22,23
1376438743,22,23
1376438756,22,23
1376439095,22,23
1376439109,22,23
1376439401,22,23
1376439463,22,23
1376439755,22,23
1376439816,22,23
1376440124,22,23
1376440170,22,23
1376440479,22,23
1376440523,22,23
1376440838,22,23
1376440877,22,23
1376441192,22,23
1376441230,22,23
1376441563,22,23
1376441584,22,23
1376441923,22,23
1376441937,21,24
1376442277,21,24
1376442291,21,24
1376442582,21,24
1376442644,21,24
1376442998,21,24
1376443114,21,24
1376443301,21,24
1376443351,21,24
1376443661,21,24
1376443704,21,24
1376444019,21,24
1376444058,21,24
1376444143,21,24
1376444151,22,23
1376444373,22,23
1376444411,22,23
1376444744,22,23
1376444765,22,23
1376445104,22,23
1376445118,22,23
1376445458,22,23
1376445472,22,23
1376445763,22,23
1376445824,22,23
1376445826,22,23
1376446117,22,23
1376446179,22,23
1376446483,22,23
1376446532,22,23
1376446842,22,23
1376446885,22,23
1376447201,22,23
1376447238,22,23
1376447553,22,23
1376447592,22,23
1376447924,22,23
1376447945,22,23
1376448284,22,23
1376448298,22,23
1376448638,22,23
1376448652,22,23
1376448943,22,23
1376449004,22,23
1376449005,22,23
1376449297,22,23
1376449358,22,23
1376449662,22,23
1376449712,22,23
1376450021,22,23
1376450065,22,23
1376450380,22,23
1376450419,22,23
1376450499,22,23
1376450549,22,23
1376450578,23,22
1376450734,23,22
1376450772,23,22
1376451015,23,22
1376451103,23,22
1376451129,23,22
1376451341,23,22
1376451458,23,22
1376451509,23,22
1376451570,23,22
1376451621,23,22
1376451677,24,21
1376451819,24,21
1376451832,24,21
1376451934,23,22
1376451983,23,22
1376452124,23,22
1376452172,23,22
1376452186,23,22
1376452478,23,22
1376452539,23,22
1376452843,23,22
1376452892,23,22
1376453202,23,22
1376453246,23,22
1376453561,23,22
1376453600,23,22
1376453915,23,22
1376453953,23,22
1376454283,23,22
1376454307,23,22
1376454640,23,22
1376454660,23,22
1376455000,23,22
1376455014,23,22
1376455353,23,22
1376455367,23,22
1376455658,23,22
1376455720,23,22
1376455954,24,21
1376456024,24,21
1376456073,24,21
1376456232,23,22
1376456382,23,22
1376456427,23,22
1376456742,23,22
1376456780,23,22
1376457095,23,22
1376457134,23,22
1376457463,23,22
1376457488,23,22
1376457821,23,22
1376457841,23,22
1376458180,23,22
1376458194,23,22
1376458485,23,22
1376458534,23,22
1376458548,23,22
1376458839,23,22
1376458901,23,22
1376458963,22,23
1376459205,22,23
1376459254,22,23
1376459563,22,23
1376459607,22,23
1376459923,22,23
1376459960,22,23
1376460039,21,24
1376460276,21,24
1376460314,20,25
1376460643,20,25
1376460667,20,25
1376460758,21,24
1376461001,21,24
1376461021,21,24
1376461360,21,24
1376461378,20,25
1376461713,21,24
1376461727,21,24
1376462019,21,24
1376462081,21,24
1376462373,21,24
1376462433,21,24
1376462743,21,24
1376462786,21,24
1376463103,21,24
1376463140,22,23
1376463456,22,23
1376463493,22,23
1376463645,22,23
1376463699,22,23
1376463734,22,23
1376463823,23,22
1376463847,23,22
1376464054,25,21
1376464120,23,22
1376464424,23,22
1376464473,24,21
1376464518,26,19
1376464682,25,20
1376464782,25,20
1376464826,25,20
1376465141,25,20
1376465179,25,20
1376465431,24,21
1376465504,25,21
1376465584,24,22
1376465647,25,21
1376465739,24,22
1376466224,24,22
1376466259,24,22
1376466318,24,22
1376466922,24,22
1376467002,23,23
1376467606,23,23
1376467757,22,24
1376468023,22,24
1376468050,22,24
1376468525,21,25
1376469130,21,25
1376469734,21,25
1376470363,20,26
1376470423,20,26
1376470425,19,27
1376470707,17,29
1376470835,16,30
1376471439,16,30
1376472042,16,30
1376472646,16,30
1376472877,15,31
1376473481,15,31
1376473740,14,32
1376474345,14,32
1376474431,15,31
1376475035,15,31
1376475240,14,32
1376475577,13,33
1376476044,12,34
1376476242,11,35
1376476302,9,37
1376476618,8,38
1376476968,7,39
1376477036,6,40
1376477367,6,40
1376477651,6,40
1376477777,5,41
1376478381,5,41
1376478645,5,41
1376478668,7,39
1376479235,9,37
1376479302,8,38
1376479305,9,37
1376479573,10,36
1376479976,9,37
1376480082,8,38
1376480252,6,40
1376480299,7,39
1376480363,6,40
1376480499,6,40
1376480544,7,39
1376480584,7,39
1376480852,8,38
1376481464,8,38
1376481735,8,38
1376482197,9,37
1376482356,9,37
1376482960,9,37
1376483036,10,36
1376483684,10,36
1376483692,11,35
1376484253,10,36
1376484857,10,36
1376484981,11,35
1376485585,11,35
1376485761,12,34
1376486020,12,34
1376486032,13,33
1376486312,14,32
1376486557,13,33
1376487152,12,34
1376487621,13,33
1376487913,14,32
1376488297,13,33
1376488900,13,33
1376489504,13,33
1376489922,13,33
1376489938,15,31
1376490262,15,31
1376490309,16,30
1376490520,15,31
1376490729,16,30
1376491227,15,31
1376491281,16,30
1376491455,17,29
1376491560,16,30
1376491635,15,31
1376492240,15,31
1376492505,15,31
1376492507,16,30
1376493014,17,29
1376493327,18,28
1376493383,18,28
1376493532,18,28
1376493895,18,28
1376493970,19,27
1376494044,20,26
1376494147,20,26
1376494191,21,25
1376494796,21,25
1376495013,21,25
1376495080,24,22
1376495183,25,21
1376495314,24,22
1376495409,23,23
1376495680,23,23
1376495738,24,22
1376495803,23,23
1376495836,24,22
1376495915,25,20
1376496254,24,21
1376496314,22,23
1376496396,21,24
1376496882,20,25
1376496904,20,25
1376496996,21,24
1376497028,20,25
1376497179,19,26
1376497355,18,27
1376497377,17,28
1376497458,16,29
1376497492,15,30
1376497639,16,29
1376498074,17,28
1376498678,17,29
1376498881,16,30
1376499081,16,30
1376499157,16,30
1376499271,17,29
1376499376,17,29
1376499577,18,28
1376499675,18,28
1376499799,17,29
1376499872,17,28
1376499945,17,28
1376499992,18,27
1376500020,19,26
1376500096,20,25
1376500508,21,24
1376501112,21,25
1376501717,21,25
1376501799,21,25
1376501857,23,23
1376501876,22,24
1376501977,22,24
1376502029,24,22
1376502344,24,22
1376502423,22,24
1376502641,22,24
1376502650,23,23
1376503122,23,23
1376503158,23,23
1376503239,23,23
1376503256,23,23
1376503531,22,24
1376503630,22,24
1376503704,22,23
1376503757,22,23
1376503819,22,23
1376503880,23,22
1376504487,23,23
1376504550,22,24
1376504786,23,23
1376505390,23,23
1376505410,22,24
1376506014,22,24
1376506618,22,24
1376507222,22,24
1376507549,22,24
1376507590,24,22
1376507742,23,22
1376507753,23,22
1376508035,22,23
1376508098,22,23
1376508341,21,24
1376508405,21,24
1376508449,21,24
1376508524,19,26
1376508764,19,26
1376508802,19,26
1376509118,19,26
1376509164,19,26
1376509299,19,25
1376509357,19,25
1376509405,20,25
1376509473,20,25
1376509513,20,25
1376509723,20,25
1376509735,21,24
1376509843,21,24
1376509863,21,24
1376510132,20,25
1376510216,20,25
1376510556,20,25
1376510569,20,25
1376510861,21,24
1376510923,21,24
1376511215,21,24
1376511276,21,24
1376511584,21,24
1376511630,21,24
1376511983,21,24
1376512299,21,24
1376512337,21,24
1376512690,20,25
1376513024,20,25
1376513044,20,25
1376513384,20,25
1376513397,20,25
1376513637,21,24
1376513737,21,24
1376513750,21,24
1376514042,21,24
1376514104,21,24
1376514396,21,24
1376514459,21,24
1376514762,21,24
1376514811,21,24
1376514908,21,24
1376515121,20,25
1376515165,20,25
1376515481,20,25
1376515521,20,25
1376515836,20,25
1376515874,20,25
1376516203,20,25
1376516227,20,25
1376516580,20,25
1376516920,20,25
1376516934,20,25
1376517274,20,25
1376517288,20,25
1376517582,20,25
1376517641,20,25
1376517861,20,25
1376517934,22,23
1376517997,22,23
1376518304,22,23
1376518348,22,23
1376518664,21,24
1376518714,22,23
1376518748,23,22
1376519017,23,22
1376519055,23,22
1376519385,23,22
1376519409,23,22
1376519625,23,22
1376519742,24,21
1376519762,24,21
1376520115,24,21
1376520454,24,21
1376520468,24,21
1376520759,24,21
1376520822,24,21
1376521113,24,21
1376521174,24,21
1376521484,24,21
1376521529,24,21
1376521882,24,21
1376522198,24,21
1376522236,24,21
1376522564,24,21
1376522589,24,21
1376522923,24,21
1376522943,24,21
1376523282,24,21
1376523296,24,21
1376523649,24,21
1376523940,24,21
1376524003,24,21
1376524294,24,21
1376524356,24,21
1376524710,24,21
1376525025,24,21
1376525064,24,21
1376525379,23,22
1376525417,23,22
1376525733,23,22
1376525770,23,22
1376526105,23,22
1376526124,23,22
1376526464,23,22
1376526477,23,22
1376526817,23,22
1376526830,23,22
1376527122,23,22
1376527184,23,22
1376527476,23,22
1376527537,23,22
1376527841,23,22
1376527891,23,22
1376528200,23,22
1376528244,23,22
1376528560,23,22
1376528598,23,22
1376528914,23,22
1376528952,23,22
1376529389,23,22
1376529674,23,22
1376530003,23,22
1376530027,23,22
1376530361,23,22
1376530381,23,22
1376530720,23,22
1376530734,23,22
1376531073,23,22
1376531087,23,22
1376531379,23,22
1376531441,23,22
1376531733,23,22
1376531794,23,22
1376532103,23,22
1376532148,23,22
1376532457,23,22
1376532502,23,22
1376532817,23,22
1376532855,23,22
1376533170,23,22
1376533209,23,22
1376533542,23,22
1376533562,23,22
1376533901,23,22
1376533915,23,22
1376534255,23,22
1376534269,23,22
1376534560,23,22
1376534622,23,22
1376534976,23,22
1376535280,23,22
1376535329,23,22
1376535638,23,22
1376535683,23,22
1376536036,23,22
1376536352,23,22
1376536390,23,22
1376536722,23,22
1376536743,23,22
1376536916,24,21
1376537083,24,21
1376537097,24,21
1376537437,24,21
1376537451,24,21
1376537742,24,21
1376537802,24,21
1376537804,24,21
1376538095,24,21
1376538157,24,21
1376538461,24,21
1376538511,24,21
1376538820,24,21
1376538864,24,21
1376539180,24,21
1376539218,24,21
1376539533,24,21
1376539571,24,21
1376539901,24,21
1376539925,24,21
1376540258,24,21
1376540278,24,21
1376540618,24,21
1376540633,24,21
1376540972,24,21
1376540986,24,21
1376541277,24,21
1376541338,24,21
1376541642,24,21
1376541692,24,21
1376542002,24,21
1376542045,24,21
1376542362,24,21
1376542399,24,21
1376542714,24,21
1376542752,24,21
1376543082,24,21
1376543106,24,21
1376543439,24,21
1376543459,24,21
1376543799,24,21
1376543813,24,21
1376544152,24,21
1376544166,24,21
1376544457,24,21
1376544520,24,21
1376544811,24,21
1376544874,24,21
1376545182,24,21
1376545228,24,21
1376545543,24,21
1376545581,24,21
1376545896,24,21
1376545934,24,21
1376546263,24,21
1376546287,24,21
1376546621,24,21
1376546640,24,21
1376546979,24,21
1376546993,24,21
1376547333,24,21
1376547347,24,21
1376547433,23,22
1376547557,24,21
1376547639,24,21
1376547700,24,21
1376547992,24,21
1376548054,24,21
1376548362,24,21
1376548407,24,21
1376548722,24,21
1376548760,24,21
1376549075,24,21
1376549114,24,21
1376549442,24,21
1376549467,24,21
1376549801,24,21
1376549821,24,21
1376550160,24,21
1376550174,24,21
1376550513,24,21
1376550570,25,20
1376550819,25,20
1376550881,25,20
1376551172,25,20
1376551234,25,20
1376551542,25,20
1376551588,25,20
1376551901,24,21
1376551943,24,21
1376552257,24,21
1376552294,24,21
1376552610,24,21
1376552648,24,21
1376552982,24,21
1376553001,24,21
1376553341,24,21
1376553355,24,21
1376553695,24,21
1376553709,24,21
1376554000,24,21
1376554062,24,21
1376554354,24,21
1376554417,24,21
1376554721,24,21
1376554771,24,21
1376555080,24,21
1376555124,24,21
1376555439,24,21
1376555478,24,21
1376555793,24,21
1376555832,24,21
1376556162,24,21
1376556186,24,21
1376556328,24,21
1376556400,23,21
1376556415,24,20
1376556518,24,20
1376556540,24,20
1376556879,24,20
1376556915,25,19
1376557232,25,19
1376557247,25,19
1376557538,25,19
1376557600,25,19
1376557891,25,19
1376557954,25,19
1376558263,25,19
1376558307,25,19
1376558623,25,19
1376558660,25,19
1376558719,25,19
1376558760,26,18
1376558976,26,18
1376559014,26,18
1376559329,26,18
1376559368,26,18
1376559445,25,19
1376559575,25,19
1376559587,26,18
1376559702,26,18
1376559722,26,18
1376559986,25,19
1376560061,25,19
1376560075,25,19
1376560415,25,19
1376560429,25,19
1376560720,25,19
1376560783,25,19
1376560790,24,20
1376561073,24,20
1376561136,24,20
1376561440,23,21
1376561491,23,21
1376561528,23,21
1376561703,24,20
1376561800,24,20
1376561844,24,20
1376561872,23,21
1376562159,23,21
1376562197,23,21
1376562513,23,21
1376562551,23,21
1376562883,23,21
1376562904,23,21
1376563238,23,21
1376563258,23,21
1376563466,21,23
1376563599,20,24
1376563662,21,23
1376563713,22,22
1376563760,22,22
1376563798,24,20
1376563902,24,20
1376563951,24,20
1376563965,24,20
1376564125,24,20
1376564201,23,21
1376564257,24,20
1376564322,24,20
1376564517,25,19
1376564611,25,19
1376564672,25,19
1376564797,27,17
1376564831,28,16
1376564982,28,16
1376565026,28,16
1376565341,28,16
1376565379,28,16
1376565460,29,15
1376565694,29,15
1376565733,29,15
1376565873,28,16
1376566063,28,16
1376566086,28,16
1376566320,27,17
1376566439,27,17
1376566590,27,17
1376566628,28,16
1376566701,27,17
1376566780,28,16
1376566795,28,16
1376567084,28,16
1376567133,28,16
1376567147,28,16
1376567438,28,16
1376567500,28,16
1376567791,28,16
1376567853,28,16
1376568163,28,16
1376568207,28,16
1376568436,28,16
1376568520,28,16
1376568583,28,16
1376568748,29,15
1376568877,29,15
1376568942,29,15
1376568959,30,14
1376569088,30,14
1376569242,30,14
1376569268,30,14
1376569601,30,14
1376569621,30,14
1376569961,30,14
1376569976,30,14
1376570314,30,14
1376570328,30,14
1376570546,30,14
1376570620,30,14
1376570682,30,14
1376570701,31,13
1376570862,31,13
1376570884,30,14
1376570980,30,14
1376571040,31,13
1376571339,31,13
1376571389,31,13
1376571704,31,13
1376571743,31,13
1376572059,31,13
1376572097,31,13
1376572201,30,14
1376572412,31,13
1376572450,31,13
1376572598,31,13
1376572782,31,13
1376572803,31,13
1376573082,31,13
1376573142,30,14
1376573156,30,14
1376573496,30,14
1376573556,31,13
1376573601,32,12
1376573662,32,12
1376573711,33,11
1376573801,33,11
1376573862,33,11
1376573869,34,11
1376574024,35,10
1376574154,35,10
1376574217,35,10
1376574300,35,10
1376574377,36,9
1376574520,36,9
1376574570,36,9
1376574880,36,9
1376574924,37,8
1376575035,37,8
1376575107,38,7
1376575239,38,7
1376575293,37,8
1376575592,37,8
1376575630,37,8
1376575686,38,7
1376575963,38,7
1376576013,39,6
1376576318,39,6
1376576363,40,5
1376576677,40,5
1376576691,40,5
1376576982,40,5
1376577043,41,4
1376577044,41,4
1376577335,41,4
1376577398,41,4
1376577702,41,4
1376577752,40,5
1376577982,38,7
1376578061,38,7
1376578105,38,7
1376578294,39,6
1376578349,40,5
1376578421,40,5
1376578459,40,5
1376578556,39,6
1376578775,38,7
1376578814,38,7
1376578971,39,6
1376579142,39,6
1376579166,39,6
1376579322,39,6
1376579499,40,5
1376579519,40,5
1376579859,40,5
1376579873,40,5
1376580164,40,5
1376580213,40,5
1376580227,40,5
1376580518,40,5
1376580581,40,5
1376580788,39,6
1376580872,39,6
1376580934,39,6
1376581244,38,7
1376581288,38,7
1376581339,38,7
1376581412,38,7
1376581481,38,7
1376581497,38,7
1376581604,38,7
1376581641,38,7
1376581957,38,7
1376581995,38,7
1376582311,38,7
1376582350,38,7
1376582683,38,7
1376582702,38,7
1376583042,38,7
1376583056,38,7
1376583396,38,7
1376583410,38,7
1376583701,38,7
1376583755,38,7
1376583770,38,7
1376583923,39,6
1376584061,39,6
1376584123,39,6
1376584414,39,6
1376584476,39,6
1376584780,39,6
1376584830,39,6
1376585139,38,7
1376585184,38,7
1376585499,38,7
1376585538,38,7
1376585635,37,8
1376585853,37,8
1376585914,38,7
1376586221,38,7
1376586245,38,7
1376586579,38,7
1376586599,38,7
1376586728,37,8
1376586939,37,8
1376586997,35,10
1376587293,35,10
1376587307,35,10
1376587598,35,10
1376587661,35,10
1376587798,34,11
1376587952,34,11
1376588015,34,11
1376588177,34,11
1376588210,35,10
1376588320,35,10
1376588368,35,10
1376588484,35,10
1376588512,35,10
1376588617,35,9
1376588684,37,7
1376588723,37,7
1376589037,37,7
1376589075,37,7
1376589392,37,7
1376589429,37,7
1376589763,37,7
1376589783,37,7
1376590123,37,7
1376590137,37,7
1376590478,36,8
1376590492,36,8
1376590580,37,7
1376590782,37,7
1376590843,37,7
1376590844,37,7
1376591067,38,6
1376591136,38,6
1376591197,38,6
1376591501,38,6
1376591551,38,6
1376591855,38,6
1376591905,38,6
1376592220,38,6
1376592259,38,6
1376592575,38,6
1376592613,38,6
1376592807,36,8
1376592942,36,8
1376592966,36,8
1376593145,34,10
1376593300,34,10
1376593319,34,10
1376593660,34,10
1376593673,34,10
1376594013,34,10
1376594026,34,10
1376594172,33,11
1376594318,33,11
1376594380,33,11
1376594672,33,11
1376594734,33,11
1376595043,33,11
1376595088,33,11
1376595397,33,11
1376595441,33,11
1376595698,32,12
1376595757,33,11
1376595795,33,11
1376595850,32,12
1376596111,32,12
1376596149,32,12
1376596484,32,12
1376596502,33,11
1376596842,33,11
1376596856,33,11
1376597196,33,11
1376597210,33,11
1376597502,33,11
1376597563,33,11
1376597564,33,11
1376597856,33,11
1376597918,33,11
1376598222,33,11
1376598272,33,11
1376598581,33,11
1376598626,33,11
1376598941,33,11
1376598979,33,11
1376599295,33,11
1376599332,33,11
1376599663,33,11
1376599686,33,11
1376600019,33,11
1376600039,33,11
1376600379,33,11
1376600393,33,11
1376600684,33,11
1376600733,33,11
1376600747,33,11
1376601038,33,11
1376601100,33,11
1376601404,33,11
1376601454,33,11
1376601763,33,11
1376601807,33,11
1376602123,33,11
1376602160,33,11
1376602241,33,11
1376602249,34,10
1376602476,34,10
1376602514,34,10
1376602843,34,10
1376602897,33,11
1376602908,33,11
1376603202,33,11
1376603222,33,11
1376603384,34,10
1376603416,35,9
1376603562,35,9
1376603576,35,9
1376603915,35,9
1376603929,35,9
1376604220,35,9
1376604282,35,9
1376604509,36,8
1376604573,36,8
1376604636,36,8
1376604851,36,8
1376604944,36,8
1376604989,37,7
1376605136,37,7
1376605300,37,7
1376605343,37,7
1376605417,37,6
1376605451,37,6
1376605487,38,6
1376605600,38,6
1376605659,38,6
1376605697,38,6
1376605782,38,5
1376605829,38,5
1376605903,39,5
1376606012,39,5
1376606051,39,5
1376606384,39,5
1376606405,39,5
1376606743,39,5
1376606757,39,5
1376607097,39,5
1376607111,39,5
1376607403,39,5
1376607464,39,5
1376607465,39,5
1376607757,39,5
1376607818,39,5
1376608122,39,5
1376608172,39,5
1376608481,39,5
1376608526,39,5
1376608841,39,5
1376608880,39,5
1376609195,39,5
1376609234,39,5
1376609564,39,5
1376609588,39,5
1376609921,39,5
1376609940,39,5
1376610280,39,5
1376610295,39,5
1376610634,39,5
1376610647,39,5
1376610939,39,5
1376611001,39,5
1376611293,39,5
1376611354,39,5
1376611663,39,5
1376611708,39,5
1376612023,39,5
1376612062,39,5
1376612377,39,5
1376612425,38,6
1376612743,38,6
1376612769,38,6
1376613103,38,6
1376613122,38,6
1376613461,38,6
1376613476,38,6
1376613815,38,6
1376613829,38,6
1376614121,38,6
1376614183,38,6
1376614475,38,6
1376614536,38,6
1376614840,38,6
1376614890,38,6
1376615199,38,6
1376615243,38,6
1376615559,38,6
1376615794,38,7
1376615912,38,7
1376615950,38,7
1376616283,38,7
1376616304,38,7
1376616643,38,7
1376616657,38,7
1376616997,38,7
1376617011,38,7
1376617302,38,7
1376617363,38,7
1376617655,38,7
1376617717,38,7
1376618021,38,7
1376618071,38,7
1376618381,38,7
1376618426,38,7
1376618743,38,7
1376618780,38,7
1376619095,38,7
1376619134,38,7
1376619463,38,7
1376619488,38,7
1376619821,38,7
1376619841,38,7
1376620181,38,7
1376620195,38,7
1376620534,38,7
1376620548,38,7
1376620839,38,7
1376620902,38,7
1376621193,38,7
1376621256,38,7
1376621565,38,7
1376621610,38,7
1376621919,38,7
1376621964,38,7
1376622043,39,6
1376622280,39,6
1376622317,39,6
1376622632,39,6
1376622671,39,6
1376623003,38,7
1376623025,38,7
1376623364,38,7
1376623378,38,7
1376623719,38,7
1376623733,38,7
1376624024,38,7
1376624073,38,7
1376624086,38,7
1376624378,38,7
1376624439,38,7
1376624743,38,7
1376624794,38,7
1376625102,38,7
1376625147,38,7
1376625463,38,7
1376625500,38,7
1376625816,38,7
1376625854,38,7
1376626183,38,7
1376626209,38,7
1376626541,38,7
1376626563,38,7
1376626900,38,7
1376626914,38,7
1376627253,38,7
1376627267,38,7
1376627558,38,7
1376627621,38,7
1376627912,38,7
1376627975,38,7
1376628284,38,7
1376628328,38,7
1376628510,38,7
1376628559,39,6
1376628643,39,6
1376628682,39,6
1376628996,39,6
1376629036,39,6
1376629364,39,6
1376629389,39,6
1376629722,39,6
1376629743,39,6
1376630082,39,6
1376630096,39,6
1376630436,39,6
1376630450,39,6
1376630741,39,6
1376630803,39,6
1376631094,39,6
1376631157,39,6
1376631465,39,6
1376631510,39,6
1376631819,39,6
1376631863,39,6
1376632179,39,6
1376632217,39,6
1376632532,39,6
1376632602,39,6
1376632605,38,7
1376632903,38,7
1376632924,38,7
1376633264,38,7
1376633278,38,7
1376633617,38,7
1376633631,38,7
1376633923,38,7
1376633984,38,7
1376634275,38,7
1376634338,38,7
1376634642,38,7
1376634692,38,7
1376635001,38,7
1376635046,37,8
1376635361,37,8
1376635398,37,8
1376635715,37,8
1376635753,38,7
1376636086,38,7
1376636106,38,7
1376636440,38,7
1376636460,38,7
1376636799,38,7
1376636813,38,7
1376637102,39,7
1376637148,38,8
1376637165,38,8
1376637769,38,8
1376638401,39,7
1376639005,39,7
1376639142,40,6
1376639170,39,7
1376639214,40,6
1376639818,40,6
1376640422,40,6
1376641026,40,6
1376641630,40,6
1376641789,39,7
1376641947,39,7
1376641983,39,7
1376642264,39,7
1376642295,41,5
1376642802,41,5
1376642911,41,5
1376642943,42,4
1376643300,41,5
1376643882,40,6
1376644470,41,5
1376644544,41,5
1376644546,40,6
1376644722,39,7
1376645326,39,7
1376645862,39,7
1376645865,40,6
1376646469,40,6
1376646540,39,7
1376646935,37,9
1376647236,38,8
1376647840,38,8
1376648138,38,8
1376648197,40,6
1376648604,41,5
1376648690,40,6
1376649066,39,7
1376649645,39,7
1376649653,40,6
1376650035,41,5
1376650387,40,6
1376650474,40,6
1376650530,40,6
1376650684,39,7
1376651288,39,7
1376651893,39,7
1376652044,39,7
1376652381,39,7
1376652985,39,7
1376653112,38,8
1376653138,38,8
1376653219,38,8
1376653253,39,7
1376653354,38,8
1376653542,38,8
1376653545,39,7
1376654149,39,7
1376654353,40,6
1376654930,39,7
1376655163,40,6
1376655696,41,5
1376656300,41,5
1376656904,41,5
1376657059,42,4
1376657469,42,4
1376657719,43,3
1376658323,43,3
1376658914,42,4
1376658973,41,5
1376659138,42,4
1376659743,42,4
1376660013,41,5
1376660054,41,5
1376660106,41,5
1376660165,42,4
1376660769,42,4
1376661359,41,5
1376661962,41,5
1376662120,41,5
1376662129,42,4
1376662373,41,5
1376662670,40,6
1376663274,40,6
1376663877,40,6
1376664482,40,6
1376664979,38,8
1376665122,38,8
1376665131,39,7
1376665438,37,9
1376665778,37,9
1376665830,37,9
1376665899,38,8
1376665933,39,7
1376666007,39,7
1376666080,39,7
1376666374,40,6
1376666589,41,5
1376667193,41,5
1376667797,41,5
1376668003,41,5
1376668006,42,4
1376668265,40,6
1376668452,39,7
1376668598,37,9
1376668794,36,10
1376669256,34,12
1376669289,34,12
1376669442,33,13
1376669683,35,11
1376670250,34,12
1376670854,34,12
1376671349,34,12
1376671423,37,8
1376671466,36,9
1376672070,36,10
1376672410,35,11
1376673014,35,11
1376673617,35,11
1376673942,35,11
1376673950,36,10
1376674297,37,9
1376674352,37,9
1376674386,38,8
1376674711,38,8
1376674757,39,7
1376675319,37,9
1376675360,37,9
1376675964,37,9
1376676448,36,10
1376676516,36,10
1376676541,36,10
1376676600,37,9
1376676748,38,8
1376677301,37,9
1376677905,37,9
1376677978,36,10
1376678582,36,10
1376678863,36,10
1376678883,38,8
1376679486,38,8
1376680090,38,8
1376680694,38,8
1376681297,38,8
1376681901,38,8
1376681996,37,9
1376682103,37,9
1376682115,38,8
1376682223,38,8
1376682226,39,7
1376682830,39,7
1376682969,39,7
1376683011,40,6
1376683615,40,6
1376684219,40,6
1376684414,41,5
1376685018,41,5
1376685621,41,5
1376686225,41,5
1376686829,41,5
1376687018,41,5
1376687081,41,5
1376687091,41,5
1376687695,41,5
1376688299,41,5
1376688733,40,6
1376689337,40,6
1376689942,40,6
1376690545,40,6
1376691149,40,6
1376691524,41,5
1376691530,42,4
1376692134,42,4
1376692738,42,4
1376692997,41,5
1376693601,41,5
1376694204,41,5
1376694687,40,6
1376695291,40,6
1376695894,40,6
1376696328,40,6
1376696393,41,5
1376696997,41,5
1376697602,41,5
1376698205,41,5
1376698809,41,5
1376699414,41,5
1376700018,41,5
1376700622,41,5
1376701225,41,5
1376701830,41,5
1376702192,41,5
1376702403,41,5
1376703007,41,5
1376703611,41,5
1376704214,41,5
1376704818,41,5
1376705422,41,5
1376706026,41,5
1376706630,41,5
1376707233,41,5
1376707662,41,5
1376708271,41,5
1376708875,41,5
1376709479,41,5
1376710083,41,5
1376710414,40,6
1376711017,40,6
1376711621,40,6
1376712225,40,6
1376712828,40,6
1376713122,39,7
1376713177,39,7
1376713232,40,6
1376713836,40,6
1376714440,40,6
1376715044,40,6
1376715648,40,6
1376716252,40,6
1376716855,40,6
1376717459,40,6
1376718064,40,6
1376718669,40,6
1376719273,40,6
1376719876,40,6
1376720480,40,6
1376721084,40,6
1376721688,40,6
1376722292,40,6
1376722749,39,7
1376723353,39,7
1376723957,39,7
1376724224,40,6
1376724828,40,6
1376725269,39,7
1376725873,39,7
1376726477,39,7
1376727081,39,7
1376727685,39,7
1376728289,39,7
1376728892,39,7
1376729489,40,6
1376729624,40,5
1376729684,40,5
1376729691,41,5
1376729908,40,6
1376730109,39,7
1376730714,39,7
1376731063,41,5
1376731598,41,5
1376731643,41,5
1376731800,41,5
1376731960,38,8
1376732000,38,8
1376732291,39,7
1376732896,39,7
1376733501,39,7
1376733939,38,8
1376733952,38,8
1376734228,37,9
1376734832,37,9
1376734890,38,8
1376735100,37,9
1376735172,38,8
1376735475,37,9
1376735541,38,8
1376735580,38,8
1376735718,38,8
1376735788,38,8
1376735849,38,7
1376736162,39,6
1376736766,39,7
1376737108,39,7
1376737143,40,6
1376737354,38,8
1376737624,39,7
1376738094,38,8
1376738556,39,7
1376738858,38,8
1376738911,37,9
1376738929,36,10
1376739098,37,9
1376739429,38,8
1376740034,38,8
1376740360,37,9
1376740396,36,10
1376740624,35,11
1376741229,35,11
1376741833,35,11
1376742437,35,11
1376743041,35,11
1376743645,35,11
1376744248,35,11
1376744282,35,11
1376744369,36,10
1376744430,36,10
1376744497,35,11
1376744547,36,10
1376745151,36,10
1376745694,37,9
1376746064,37,9
1376746093,37,9
1376746313,36,10
1376746615,37,9
1376747134,38,8
1376747204,38,8
1376747229,38,8
1376747833,38,8
1376748145,37,9
1376748207,36,10
1376748285,36,10
1376748889,37,9
1376749493,37,9
1376749570,38,8
1376749617,39,7
1376750265,38,8
1376750268,37,9
1376750395,38,8
1376750739,37,9
1376751190,36,10
1376751573,34,12
1376752177,34,12
1376752211,36,10
1376752287,35,11
1376752737,36,10
1376752844,36,10
1376752853,37,9
1376753150,36,10
1376753625,35,11
1376753639,34,12
1376754243,34,12
1376754520,33,13
1376754759,34,12
1376754860,35,11
1376754988,36,10
1376755113,37,9
1376755206,38,8
1376755475,35,11
1376755877,34,12
1376756058,35,11
1376756662,35,11
1376757266,35,11
1376757693,36,10
1376757720,37,9
1376757838,35,11
1376758018,33,13
1376758296,32,14
1376758689,31,15
1376758871,30,16
1376759129,31,15
1376759664,30,16
1376760105,30,16
1376760710,31,15
1376760893,30,16
1376761277,31,15
1376761882,31,15
1376762204,31,15
1376762216,32,14
1376762852,33,13
1376763455,33,13
1376764059,33,13
1376764154,32,14
1376764758,32,14
1376765181,31,15
1376765771,32,14
1376766376,32,14
1376766980,32,14
1376767583,32,14
1376768187,32,14
1376768384,34,12
1376768988,34,12
1376769591,34,12
1376770196,34,12
1376770800,34,12
1376771404,34,12
1376772008,34,12
1376772611,34,12
1376773215,34,12
1376773819,34,12
1376774423,34,12
1376775026,34,12
1376775630,34,12
1376776234,34,12
1376776838,34,12
1376777442,34,12
1376778030,35,11
1376778634,35,11
1376779238,35,11
1376779842,35,11
1376780446,35,11
1376781049,35,11
1376781653,35,11
1376782257,35,11
1376782861,35,11
1376783464,35,11
1376784068,35,11
1376784672,35,11
1376784990,33,13
1376785054,33,13
1376785658,33,13
1376786262,33,13
1376786866,33,13
1376787470,33,13
1376788073,33,13
1376788621,33,13
1376789225,33,13
1376789830,33,13
1376789944,32,14
1376790548,32,14
1376791152,32,14
1376791755,32,14
1376792359,32,14
1376792963,32,14
1376793567,32,14
1376794171,32,14
1376794774,32,14
1376795378,32,14
1376795982,32,14
1376796585,32,14
1376797189,32,14
1376797793,32,14
1376798397,32,14
1376799001,32,14
1376799604,32,14
1376800208,32,14
1376800812,32,14
1376801415,32,14
1376802020,32,14
1376802624,32,14
1376803227,32,14
1376803831,32,14
1376803928,31,15
1376804532,31,15
1376805136,31,15
1376805500,32,14
1376806105,32,14
1376806709,32,14
1376807313,32,14
1376807916,32,14
1376808520,32,14
1376809124,32,14
1376809728,32,14
1376810332,32,14
1376810937,32,14
1376811540,32,14
1376812144,32,14
1376812321,31,15
1376812926,31,15
1376813529,31,15
1376814133,31,15
1376814709,31,15
1376815313,31,15
1376815917,31,15
1376816396,32,14
1376816749,31,15
1376817354,31,15
1376817958,31,15
1376818561,31,15
1376819165,31,15
1376819769,31,15
1376820373,31,15
1376820976,31,15
1376821580,31,15
1376822046,30,16
1376822353,31,15
1376822957,31,15
1376823223,30,16
1376823827,30,16
1376824431,30,16
1376824761,31,15
1376825162,29,17
1376825767,29,17
1376826371,29,17
1376826975,29,17
1376827579,29,17
1376828003,31,15
1376828607,31,15
1376829211,31,15
1376829338,31,15
1376829349,32,14
1376829808,33,13
1376830413,33,13
1376831017,33,13
1376831621,33,13
1376832225,33,13
1376832829,33,13
