1376208499,11,11
1376208770,10,12
1376209374,10,12
1376209724,11,11
1376210328,11,11
1376210931,11,11
1376211136,12,10
1376211519,11,11
1376212123,11,11
1376212451,13,9
1376213011,15,7
1376213128,17,5
1376213460,15,7
1376214041,15,7
1376214044,14,8
1376214648,14,8
1376215196,13,9
1376215800,13,9
1376216404,13,9
1376216556,14,8
1376216579,15,7
1376217157,16,6
1376217761,16,6
1376217792,17,5
1376218414,15,7
1376218897,14,8
1376218950,13,9
1376219554,13,9
1376220158,13,9
1376220761,13,9
1376220811,12,10
1376220993,13,9
1376221286,12,10
1376221890,12,10
1376222161,13,9
1376222766,13,9
1376223232,14,8
1376223633,14,8
1376223670,14,8
1376223753,14,8
1376223774,14,8
1376223836,15,7
1376223933,15,7
1376223966,16,6
1376224169,17,5
1376224773,17,5
1376224843,17,5
1376224876,19,3
1376224953,22,0
1376225522,21,1
1376225863,21,1
1376225883,20,2
1376225983,20,2
1376226098,21,1
1376226276,22,0
1376226876,21,1
1376227480,21,1
1376228084,21,1
1376228197,19,3
1376228738,19,3
1376228758,18,4
1376229361,18,4
1376229738,16,6
1376230052,16,6
1376230109,19,3
1376230356,20,2
1376230477,19,3
1376231081,19,3
1376231685,19,3
1376231807,18,4
1376231907,19,3
1376232040,18,4
1376232143,19,3
1376232291,18,4
1376232895,18,4
1376233499,18,4
1376233760,17,5
1376233831,15,7
1376233947,16,6
1376234082,18,4
1376234136,17,5
1376234739,17,5
1376234922,16,6
1376234924,15,7
1376235220,15,7
1376235247,14,8
1376235342,15,7
1376235402,15,7
1376235449,14,8
1376235509,14,8
1376235577,15,7
1376235588,16,6
1376235691,16,6
1376235745,16,6
1376235808,17,5
1376236412,17,5
1376237015,17,5
1376237313,15,7
1376237498,15,7
1376237529,17,5
1376237658,16,6
1376237723,16,6
1376237765,15,7
1376237901,17,5
1376237933,18,4
1376238537,18,4
1376238785,17,5
1376239170,18,4
1376239233,19,3
1376239259,19,3
1376239862,19,3
1376240466,19,3
1376240621,20,2
1376240623,21,1
1376240883,19,3
1376240936,18,4
1376241101,18,4
1376241160,20,2
1376241635,19,3
1376241649,19,3
1376241936,20,2
1376242081,21,1
1376242409,22,0
1376242814,21,1
1376243158,22,0
1376243509,21,1
1376243765,20,2
1376244368,20,2
1376244972,20,2
1376245576,20,2
1376245932,18,4
1376246005,17,5
1376246043,17,5
1376246123,17,5
1376246181,17,5
1376246243,18,4
1376246408,17,5
1376246502,16,6
1376246504,15,7
1376246956,14,8
1376247100,14,8
1376247103,15,7
1376247376,14,8
1376247882,13,9
1376247884,12,10
1376248489,12,10
1376249093,12,10
1376249696,12,10
1376250300,12,10
1376250871,13,9
1376251475,13,9
1376251661,13,9
1376251664,14,8
1376252268,14,8
1376252872,14,8
1376253475,14,8
1376253941,13,8
1376253953,13,9
1376254557,13,9
1376255161,13,9
1376255765,13,9
1376256369,13,9
1376256973,13,9
1376257577,13,9
1376258180,13,9
1376258676,13,9
1376258701,14,8
1376259306,14,8
1376259909,14,8
1376260060,14,8
1376260071,15,7
1376260601,15,7
1376260644,15,7
1376261247,15,7
1376261657,13,9
1376262260,13,9
1376262864,13,9
1376263468,13,9
1376264072,13,9
1376264675,13,9
1376265279,13,9
1376265851,12,10
1376266455,12,10
1376267059,12,10
1376267662,12,10
1376268266,12,10
1376268870,12,10
1376269473,12,10
1376270077,12,10
1376270681,12,10
1376271285,12,10
1376271744,12,10
1376272348,12,10
1376272952,12,10
1376273365,12,10
1376273436,12,10
1376274040,12,10
1376274645,12,10
1376275248,12,10
1376275852,12,10
1376276456,12,10
1376277060,12,10
1376277664,12,10
1376278267,12,10
1376278871,12,10
1376279475,12,10
1376280079,12,10
1376280682,12,10
1376281286,12,10
1376281890,12,10
1376282494,12,10
1376282842,13,9
1376283446,13,9
1376284050,13,9
1376284653,13,9
1376285257,13,9
1376285861,13,9
1376285940,12,10
1376286545,12,10
1376286728,11,11
1376287332,11,11
1376287577,11,11
1376287630,12,10
1376287823,11,11
1376288096,12,10
1376288591,13,9
1376289195,13,9
1376289261,12,10
1376289612,13,9
1376290098,15,7
1376290294,16,6
1376290481,16,6
1376290483,17,5
1376290805,16,6
1376291007,15,7
1376291168,16,6
1376291381,17,5
1376291384,16,6
1376291701,17,5
1376292075,18,4
1376292176,16,6
1376292278,15,6
1376292286,15,7
1376292493,14,8
1376292861,13,9
1376293116,14,8
1376293432,13,9
1376293660,12,10
1376293688,13,9
1376293838,14,8
1376294443,14,8
1376294781,15,6
1376295379,14,7
1376295503,13,8
1376295990,12,9
1376296116,13,8
1376296508,11,10
1376296583,10,11
1376296619,10,10
1376296693,12,8
1376297297,12,9
1376297401,11,10
1376297941,10,11
1376298049,9,12
1376298654,9,12
1376298738,10,11
1376299160,9,12
1376299346,10,11
1376299470,9,12
1376299513,9,12
1376300117,9,12
1376300721,9,12
1376300800,9,12
1376300809,10,11
1376301199,9,12
1376301632,9,12
1376301676,11,10
1376301797,10,11
1376302332,11,10
1376302936,11,10
1376303558,10,11
1376304161,10,11
1376304320,11,10
1376304610,10,11
1376305219,10,11
1376305555,9,12
1376306083,9,12
1376306086,8,13
1376306260,8,13
1376306267,9,12
1376306375,9,12
1376306434,10,11
1376306675,11,10
1376307280,11,10
1376307418,10,11
1376308022,10,11
1376308532,9,12
1376309136,9,12
1376309739,9,12
1376309799,8,13
1376309835,8,13
1376310208,9,12
1376310331,8,13
1376310879,6,15
1376311483,6,15
1376311675,7,14
1376312070,8,13
1376312497,9,12
1376313101,9,12
1376313511,8,13
1376313880,9,12
1376314178,8,13
1376314781,8,13
1376314893,7,14
1376315009,6,15
1376315613,6,15
1376316217,6,15
1376316476,7,14
1376316788,8,13
1376316904,9,12
1376317208,9,12
1376317276,9,12
1376317359,12,9
1376317475,13,8
1376318079,13,8
1376318683,13,8
1376318909,14,7
1376319329,13,8
1376319506,12,9
1376320110,12,9
1376320592,11,10
1376320952,12,9
1376321556,12,9
1376321622,12,9
1376321630,13,8
1376322027,14,7
1376322260,14,7
1376322295,15,6
1376322898,15,6
1376323502,15,6
1376323644,15,6
1376323694,14,7
1376323787,13,8
1376323892,11,10
1376324359,9,12
1376324577,10,11
1376325004,11,10
1376325052,10,11
1376325215,11,10
1376325505,10,11
1376325670,9,12
1376325995,10,11
1376326169,9,12
1376326301,10,11
1376326327,11,10
1376326371,12,9
1376326912,11,10
1376327315,11,10
1376327378,12,9
1376327413,11,10
1376327458,12,9
1376327675,11,10
1376327734,10,11
1376327917,11,10
1376328042,11,10
1376328083,13,8
1376328407,12,9
1376328499,11,10
1376328554,10,11
1376328718,11,10
1376328781,12,9
1376329224,11,10
1376329286,12,9
1376329340,11,10
1376329717,10,11
1376330068,11,10
1376330442,11,10
1376330494,12,9
1376331098,12,9
1376331208,11,10
1376331582,11,9
1376331629,12,9
1376331795,11,10
1376331873,12,9
1376331900,13,8
1376332504,13,8
1376333107,13,8
1376333174,11,10
1376333435,10,11
1376333682,9,12
1376333698,8,13
1376333974,9,12
1376334096,10,11
1376334134,11,10
1376334327,12,9
1376334470,11,10
1376334605,10,11
1376335146,8,13
1376335281,8,13
1376335316,7,14
1376335493,8,13
1376336097,8,13
1376336701,8,13
1376337304,8,13
1376337908,8,13
1376338388,7,14
1376338662,7,14
1376338665,6,15
1376339269,6,15
1376339433,5,16
1376340037,5,16
1376340512,6,15
1376340532,6,15
1376340639,6,15
1376340651,7,14
1376340820,8,13
1376341424,8,13
1376342027,8,13
1376342631,8,13
1376343173,9,12
1376343777,9,12
1376344381,9,12
1376344984,9,12
1376345588,9,12
1376345800,9,12
1376345828,10,11
1376345914,10,11
1376345944,11,10
1376346456,10,11
1376346477,9,12
1376346697,10,10
1376347301,10,11
1376347904,10,11
1376348508,10,11
1376348896,11,10
1376349500,11,10
1376350104,11,10
1376350708,11,10
1376351076,12,9
1376351088,13,8
1376351692,13,8
1376352296,13,8
1376352899,13,8
1376353503,13,8
1376354107,13,8
1376354470,12,9
1376355074,12,9
1376355628,11,10
1376355672,11,10
1376355759,11,10
1376355804,11,10
1376355875,12,9
1376356485,12,9
1376357089,12,9
1376357692,12,9
1376358144,12,9
1376358748,12,9
1376359351,12,9
1376359954,12,9
1376360558,12,9
1376361162,12,9
1376361766,12,9
1376362370,12,9
1376362974,12,9
1376363578,12,9
1376364182,12,9
1376364785,12,9
1376365389,12,9
1376365993,12,9
1376366597,12,9
1376367200,12,9
1376367804,12,9
1376368408,12,9
1376368657,13,8
1376369261,13,8
1376369865,13,8
1376370469,13,8
1376371072,13,8
1376371676,13,8
1376372280,13,8
1376372348,12,9
1376372952,12,9
1376373556,12,9
1376373686,13,8
1376374290,13,8
1376374895,13,8
1376374924,13,8
1376375293,12,9
1376375358,13,8
1376375620,14,8
1376375678,13,9
1376375689,14,8
1376376099,15,7
1376376219,15,7
1376376267,15,7
1376376460,15,7
1376376463,14,8
1376376617,15,7
1376376659,15,7
1376376819,14,8
1376376880,14,8
1376376890,15,7
1376376954,16,6
1376377117,15,7
1376377271,15,7
1376377420,15,7
1376377462,16,6
1376377707,15,7
1376377773,18,4
1376377900,18,4
1376377952,20,2
1376378069,20,2
1376378105,21,1
1376378202,18,4
1376378262,18,4
1376378322,19,3
1376378370,21,1
1376378412,20,2
1376379016,20,2
1376379541,19,3
1376379625,18,4
1376379839,19,3
1376379969,20,2
1376380299,21,1
1376380310,20,2
1376380379,20,2
1376380642,20,2
1376380683,20,2
1376380741,21,1
1376381346,21,1
1376381407,20,2
1376382010,20,2
1376382053,19,3
1376382205,17,5
1376382797,16,6
1376383168,17,5
1376383335,16,6
1376383938,16,6
1376384542,16,6
1376384683,16,6
1376384781,16,6
1376384816,17,5
1376384921,16,6
1376385329,17,5
1376385790,16,6
1376386067,15,7
1376386539,16,6
1376386874,16,5
1376387389,15,6
1376387543,14,7
1376387995,13,8
1376388600,13,8
1376389203,13,8
1376389594,12,9
1376390198,12,9
1376390226,11,10
1376390830,11,10
1376390878,10,11
1376391016,11,10
1376391137,12,9
1376391375,13,8
1376391516,12,9
1376391661,11,10
1376392076,9,12
1376392137,8,13
1376392237,6,15
1376392841,6,15
1376393285,7,14
1376393378,8,13
1376393642,7,14
1376394173,5,16
1376394778,5,16
1376394935,4,17
1376394983,5,16
1376395044,5,16
1376395123,6,15
1376395124,6,15
1376395217,7,14
1376395652,7,14
1376396257,7,14
1376396671,8,13
1376396825,9,12
1376397039,8,13
1376397643,8,13
1376397858,6,15
1376397967,5,16
1376398029,5,16
1376398081,7,14
1376398685,7,14
1376399288,7,14
1376399893,7,14
1376400501,6,15
1376400969,5,16
1376401080,6,15
1376401422,6,15
1376401425,7,14
1376402029,7,14
1376402408,8,13
1376402860,7,14
1376403464,7,14
1376404067,7,14
1376404234,6,15
1376404837,6,15
1376405095,5,16
1376405452,5,16
1376405550,5,16
1376405586,6,15
1376405803,7,14
1376405933,8,13
1376406247,8,13
1376406361,8,13
1376406438,8,13
1376406486,8,13
1376406541,8,13
1376406619,9,12
1376406822,10,11
1376406992,10,11
1376407015,11,10
1376407619,11,10
1376407695,10,11
1376407945,9,12
1376408247,10,11
1376408493,11,10
1376408674,11,10
1376408688,12,9
1376408817,11,10
1376409102,11,10
1376409105,12,9
1376409548,13,8
1376409823,13,8
1376409826,12,9
1376410430,12,9
1376410603,12,9
1376410605,11,10
1376410734,10,11
1376410842,10,11
1376410914,10,11
1376411021,10,11
1376411057,12,9
1376411532,11,10
1376411797,12,9
1376411861,11,10
1376411899,10,11
1376412074,11,10
1376412401,10,11
1376412456,8,13
1376412494,7,14
1376412700,9,12
1376412761,8,13
1376412793,9,12
1376413042,8,13
1376413317,7,14
1376413527,8,13
1376413589,9,12
1376414048,8,13
1376414087,7,14
1376414691,7,14
1376414982,5,16
1376414984,4,17
1376415301,5,16
1376415373,3,18
1376415558,1,20
1376415699,2,19
1376415743,3,18
1376415954,2,19
1376416101,1,20
1376416264,0,21
1376416778,1,20
1376417097,2,19
1376417190,4,17
1376417235,2,19
1376417352,1,20
1376417537,2,19
1376417678,3,18
1376418155,4,17
1376418395,3,18
1376418851,4,17
1376418908,4,17
1376419003,4,17
1376419009,6,15
1376419613,6,15
1376420125,5,16
1376420286,6,15
1376420630,5,16
1376420737,6,15
1376421224,6,15
1376421226,5,16
1376421748,5,16
1376421813,6,15
1376421877,7,14
1376421933,8,13
1376422000,8,13
1376422039,9,12
1376422290,10,11
1376422895,10,11
1376423485,10,11
1376423520,11,10
1376424123,11,10
1376424727,11,10
1376425361,11,10
1376425405,10,11
1376425600,11,10
1376426204,11,10
1376426741,11,10
1376426744,12,9
1376427106,11,10
1376427198,12,9
1376427802,12,9
1376427996,13,8
1376428038,16,5
1376428643,16,5
1376429247,16,5
1376429467,15,6
1376429678,13,8
1376429696,12,9
1376430198,11,10
1376430802,11,10
1376431406,11,10
1376431721,11,10
1376431724,12,9
1376432328,12,9
1376432931,12,9
1376433535,12,9
1376434139,12,9
1376434743,12,9
1376435113,13,8
1376435717,13,8
1376436321,13,8
1376436823,13,8
1376436831,14,7
1376437435,14,7
1376438039,14,7
1376438642,14,7
1376439246,14,7
1376439850,14,7
1376440422,13,7
1376440435,12,9
1376440991,13,8
1376441595,13,8
1376442199,13,8
1376442803,13,8
1376443407,13,8
1376444010,13,8
1376444546,13,8
1376445150,13,8
1376445753,13,8
1376446357,13,8
1376446961,13,8
1376447565,13,8
1376448169,13,8
1376448772,13,8
1376449376,13,8
1376449981,13,8
1376450584,13,8
1376451188,13,8
1376451792,13,8
1376452396,13,8
1376452999,13,8
1376453603,13,8
1376454207,13,8
1376454811,13,8
1376455414,13,8
1376456018,13,8
1376456622,13,8
1376457226,13,8
1376457829,13,8
1376458433,13,8
1376458648,14,7
1376458712,14,7
1376459316,14,7
1376459920,14,7
1376460068,15,6
1376460673,15,6
1376460723,16,5
1376461327,16,5
1376461931,16,5
1376462305,17,4
1376462529,18,3
1376462658,19,2
1376462884,20,1
1376463033,19,2
1376463085,18,3
1376463129,18,3
1376463200,19,3
1376463359,17,5
1376463963,17,5
1376464117,18,4
1376464159,19,3
1376464299,19,3
1376464307,20,2
1376464653,18,4
1376464674,18,4
1376464983,17,5
1376465371,16,6
1376465495,15,7
1376465519,16,6
1376465723,15,7
1376466011,14,8
1376466198,13,9
1376466480,12,10
1376466870,11,11
1376467106,10,12
1376467656,11,11
1376467716,10,12
1376467727,11,11
1376468202,10,12
1376468327,9,13
1376468430,8,14
1376468517,9,13
1376468784,8,14
1376469134,9,13
1376469310,8,14
1376469914,8,14
1376470517,8,14
1376471121,8,14
1376471725,8,14
1376472247,7,15
1376472840,8,14
1376473407,7,15
1376473562,8,14
1376473744,8,14
1376473790,5,14
1376474126,6,13
1376474308,4,15
1376474382,5,17
1376474434,3,19
1376474532,4,18
1376475135,4,18
1376475208,5,17
1376475278,6,16
1376475339,5,17
1376475347,6,16
1376475632,5,17
1376475670,4,18
1376475964,5,17
1376476119,4,18
1376476127,5,17
1376476482,5,17
1376476485,4,18
1376477089,4,18
1376477365,5,17
1376477969,5,17
1376478007,4,18
1376478067,3,19
1376478671,3,19
1376478848,4,18
1376479091,5,17
1376479322,4,18
1376479427,3,19
1376479532,2,20
1376479649,0,22
1376479829,1,21
1376480433,1,21
1376480482,0,22
1376481087,0,22
1376481691,0,22
1376481731,0,22
1376481796,0,22
1376481863,0,22
1376481939,1,21
1376482001,3,19
1376482111,4,18
1376482266,3,19
1376482696,4,18
1376482900,3,19
1376483217,2,20
1376483550,3,19
1376483736,3,19
1376483769,4,18
1376484215,4,18
1376484263,5,17
1376484867,5,17
1376484912,4,18
1376485516,4,18
1376485603,4,18
1376485606,5,17
1376486210,5,17
1376486814,5,17
1376487418,5,17
1376488022,5,17
1376488573,6,16
1376488616,5,17
1376488842,5,17
1376488850,6,16
1376489453,6,16
1376490057,6,16
1376490381,5,17
1376490986,5,17
1376491589,5,17
1376492079,3,19
1376492140,4,18
1376492441,4,18
1376492443,3,19
1376492916,3,19
1376492928,4,18
1376493317,3,19
1376493426,2,20
1376493521,3,19
1376493531,3,19
1376493698,4,18
1376494207,5,17
1376494463,6,16
1376495067,6,16
1376495098,5,17
1376495702,5,17
1376495796,7,15
1376495909,5,17
1376496023,5,17
1376496088,4,18
1376496128,5,17
1376496213,4,18
1376496263,3,19
1376496333,3,19
1376496618,2,20
1376496665,0,22
1376496802,1,21
1376496940,1,21
1376496949,2,20
1376497157,1,21
1376497761,1,21
1376498321,1,21
1376498329,2,20
1376498933,2,20
1376499057,3,19
1376499521,4,17
1376499524,5,17
1376499893,6,16
1376500181,7,15
1376500233,7,15
1376500841,8,14
1376500933,7,15
1376500994,6,16
1376501093,5,17
1376501182,4,18
1376501415,2,20
1376501682,1,21
1376502024,0,22
1376502628,0,22
1376503117,1,21
1376503322,0,22
1376503501,1,21
1376503959,2,20
1376504112,4,18
1376504716,4,18
1376505320,4,18
1376505924,4,18
1376506056,3,19
1376506122,2,20
1376506272,2,20
1376506311,3,19
1376506856,2,20
1376507077,1,21
1376507609,2,20
1376507677,3,19
1376507733,4,18
1376508338,4,18
1376508942,4,18
1376509545,4,18
1376509982,3,19
1376510586,3,19
1376511193,2,20
1376511623,1,21
1376511821,1,21
1376511880,1,21
1376511932,1,21
1376512036,1,21
1376512122,2,20
1376512300,1,21
1376512904,1,21
1376513508,1,21
1376514111,1,21
1376514463,1,21
1376514466,0,22
1376514789,0,22
1376514830,1,21
1376515197,0,22
1376515801,0,22
1376516071,1,21
1376516197,2,20
1376516240,2,20
1376516307,3,19
1376516921,3,19
1376516924,2,20
1376517429,2,20
1376517518,3,19
1376517547,4,18
1376517605,5,17
1376518209,5,17
1376518813,5,17
1376519106,4,18
1376519627,3,19
1376520231,3,19
1376520839,2,20
1376521442,2,20
1376522046,2,20
1376522650,2,20
1376523254,2,20
1376523857,2,20
1376524461,2,20
1376524721,2,20
1376524723,1,21
1376524813,0,22
1376525416,0,22
1376525503,1,21
1376526107,1,21
1376526711,1,21
1376527315,1,21
1376527662,1,20
1376528267,1,20
1376528871,1,20
1376529211,2,19
1376529816,2,19
1376530419,1,20
1376530944,1,20
1376531022,1,20
1376531033,1,20
1376531636,1,20
1376532240,1,20
1376532844,1,20
1376533448,1,20
1376534051,1,20
1376534655,1,20
1376535259,1,20
1376535863,1,20
1376536467,1,20
1376537070,1,20
1376537675,1,20
1376538278,1,20
1376538882,1,20
1376539486,1,20
1376540090,1,20
1376540694,1,20
1376541297,1,20
1376541901,1,20
1376542505,1,20
1376543109,1,20
1376543712,1,20
1376544316,1,20
1376544920,1,20
1376545524,1,20
1376546037,0,21
1376546640,0,21
1376547244,0,21
1376547848,0,21
1376548452,0,21
1376549080,1,20
1376549684,1,20
1376550289,1,20
1376550388,0,21
1376550992,0,21
1376551477,1,20
1376552081,1,20
1376552140,1,20
1376552173,3,18
1376552778,3,18
1376553249,2,19
1376553852,2,19
1376554456,2,19
1376554662,1,20
1376554895,2,19
1376554959,3,18
1376554968,4,17
1376555572,4,17
1376556176,4,17
1376556779,4,17
1376557383,4,17
1376557987,4,17
1376558591,4,17
1376559194,4,17
1376559798,4,17
1376559882,4,17
1376559891,5,16
1376560038,6,15
1376560642,6,15
1376560915,7,14
1376561015,6,15
1376561081,5,16
1376561201,6,15
1376561203,7,14
1376561417,5,16
1376561950,6,15
1376562253,4,17
1376562858,4,17
1376563027,4,17
1376563121,3,18
1376563154,4,17
1376563197,3,18
1376563802,3,18
1376564033,2,19
1376564637,2,19
1376564820,4,17
1376565423,4,17
1376565575,4,17
1376565596,6,15
1376566002,6,15
1376566004,7,14
1376566113,5,16
1376566482,4,17
1376566514,4,17
1376566596,4,17
1376566838,5,16
1376566891,7,13
1376566973,8,12
1376567262,8,12
1376567264,9,11
1376567820,10,11
1376568425,10,11
1376568870,9,12
1376569164,9,12
1376569198,10,11
1376569419,9,12
1376569455,9,12
1376569602,10,11
1376569645,10,11
1376569683,11,10
1376569961,11,10
1376570014,10,11
1376570032,11,10
1376570105,11,10
1376570193,11,10
1376570255,10,11
1376570320,10,11
1376570342,9,12
1376570442,9,11
1376570495,10,11
1376570556,9,12
1376570597,10,11
1376570655,10,10
1376570709,10,10
1376570793,11,9
1376570858,12,8
1376570919,13,7
1376570953,15,5
1376571556,15,6
1376571603,14,7
1376571881,15,6
1376571884,16,5
1376572302,17,4
1376572340,17,4
1376572417,16,5
1376572435,17,4
1376573050,16,5
1376573654,16,5
1376574257,16,5
1376574814,15,6
1376574905,14,7
1376575146,15,6
1376575418,15,6
1376575433,16,5
1376575600,16,5
1376575603,15,6
1376575718,15,6
1376575726,16,5
1376575833,15,6
1376576437,15,6
1376576618,15,6
1376576627,16,5
1376577043,17,4
1376577646,17,4
1376578133,18,3
1376578276,17,4
1376578413,18,3
1376578655,19,2
1376578894,19,2
1376578956,19,2
1376579042,20,1
1376579646,20,1
1376580250,20,1
1376580853,20,1
1376580937,19,2
1376581541,19,2
1376581838,20,1
1376582407,18,3
1376582555,17,4
1376582896,16,5
1376583500,16,5
1376583862,15,6
1376584420,13,8
1376584541,12,9
1376584919,13,8
1376585429,14,7
1376585817,13,8
1376586039,12,9
1376586644,12,9
1376587033,11,10
1376587637,11,10
1376587894,10,11
1376588029,9,12
1376588457,8,13
1376588768,7,14
1376589277,5,16
1376589722,4,17
1376589940,4,17
1376590001,4,17
1376590240,2,19
1376590611,1,20
1376591215,1,20
1376591280,0,21
1376591883,0,21
1376592487,0,21
1376593091,0,21
1376593695,0,21
1376594222,0,21
1376594826,0,21
1376595430,0,21
1376596034,0,21
1376596638,0,21
1376597241,0,21
1376597845,0,21
1376598021,0,21
1376598625,0,21
1376599229,0,21
1376599833,0,21
1376600437,0,21
1376601041,0,21
1376601644,0,21
1376602280,1,20
1376602320,2,19
1376602924,2,19
1376603527,2,19
1376604131,2,19
1376604740,2,19
1376604878,2,19
1376605217,1,20
1376605653,1,20
1376606257,1,20
1376606861,1,20
1376607465,1,20
1376608069,1,20
1376608672,1,20
1376609276,1,20
1376609880,1,20
1376610484,1,20
1376611088,1,20
1376611691,1,20
1376611884,2,19
1376612488,2,19
1376613092,2,19
1376613696,2,19
1376614299,2,19
1376614903,2,19
1376615507,2,19
1376616111,2,19
1376616714,2,19
1376617349,2,19
1376617954,2,19
1376618558,2,19
1376619161,2,19
1376619765,2,19
1376620369,2,19
1376620973,2,19
1376621576,2,19
1376622180,2,19
1376622784,2,19
1376623388,2,19
1376623991,2,19
1376624595,2,19
1376625200,2,19
1376625803,2,19
1376626407,2,19
1376627011,2,19
1376627615,2,19
1376627683,3,18
1376628287,3,18
1376628890,3,18
1376629494,3,18
1376630098,3,18
1376630404,2,19
1376631008,2,19
1376631575,1,20
1376632179,1,20
1376632783,1,20
1376633386,1,20
1376633990,1,20
1376634161,2,19
1376634401,2,19
1376634404,1,20
1376635008,1,20
1376635541,2,20
1376636145,2,20
1376636797,3,19
1376637287,2,20
1376637762,2,20
1376637802,2,20
1376638169,1,21
1376638742,2,20
1376638860,1,21
1376639464,1,21
1376640067,1,21
1376640141,2,20
1376640670,3,19
1376640761,2,20
1376640778,4,18
1376641382,4,18
1376641811,3,19
1376642010,2,20
1376642614,2,20
1376643218,2,20
1376643818,3,19
1376644118,4,18
1376644481,4,18
1376644518,6,16
1376644588,6,16
1376645138,6,16
1376645146,7,15
1376645413,8,14
1376646017,8,14
1376646620,8,14
1376646936,7,15
1376647164,8,14
1376647296,9,13
1376647323,8,14
1376647379,7,15
1376647532,8,14
1376648135,8,14
1376648406,7,15
1376648848,7,15
1376648910,7,15
1376648971,7,15
1376649034,5,17
1376649056,5,17
1376649154,4,18
1376649213,4,18
1376649283,4,18
1376649324,3,19
1376649375,3,19
1376649979,3,19
1376650354,2,20
1376650958,2,20
1376651081,2,20
1376651142,2,20
1376651182,3,19
1376651258,3,19
1376651288,4,18
1376651521,5,17
1376651667,6,16
1376652217,7,15
1376652269,5,17
1376652873,5,17
1376653022,4,18
1376653453,3,19
1376653510,1,21
1376653633,2,20
1376654243,3,19
1376654847,3,19
1376654873,2,20
1376655067,1,21
1376655189,1,21
1376655253,2,20
1376655434,3,19
1376655569,2,20
1376656173,2,20
1376656473,3,19
1376656757,2,20
1376657361,2,20
1376657965,2,20
1376658568,2,20
1376659121,1,21
1376659724,1,21
1376660142,1,21
1376660144,2,20
1376660365,1,21
1376660645,2,20
1376660928,1,21
1376660989,1,21
1376661593,1,21
1376662197,1,21
1376662685,2,20
1376663245,1,21
1376663718,1,21
1376663934,2,20
1376664557,1,21
1376664819,0,21
1376664879,0,21
1376664983,0,21
1376665040,0,21
1376665251,0,21
1376665771,0,21
1376665841,0,21
1376665892,1,20
1376665915,2,19
1376666554,1,20
1376666966,0,21
1376667200,1,20
1376667274,2,19
1376667336,6,15
1376667379,6,15
1376667442,6,15
1376667577,6,15
1376667626,8,13
1376667822,7,14
1376668248,6,15
1376668319,7,14
1376668924,7,14
1376668982,8,13
1376669127,7,14
1376669311,6,15
1376669337,7,14
1376669489,6,15
1376669836,5,16
1376669916,5,16
1376670027,5,16
1376670045,6,15
1376670260,7,14
1376670493,6,15
1376670782,7,14
1376670965,7,14
1376671046,6,15
1376671110,5,16
1376671181,4,17
1376671194,3,18
1376671609,2,19
1376671750,0,21
1376672354,0,21
1376672958,0,21
1376673562,0,21
1376673633,1,21
1376673688,1,21
1376674293,1,21
1376674422,0,21
1376674431,1,21
1376674658,1,21
1376674800,1,21
1376674855,2,20
1376675488,1,21
1376675796,1,21
1376675837,1,21
1376675876,2,20
1376675955,1,21
1376676559,1,21
1376677163,1,21
1376677481,1,21
1376677484,2,20
1376678088,2,20
1376678531,4,18
1376679135,4,18
1376679680,3,19
1376679982,4,18
1376680507,3,19
1376681110,3,19
1376681201,2,20
1376681380,3,19
1376681441,3,19
1376681488,4,18
1376681508,5,17
1376681841,4,18
1376681947,4,18
1376682215,5,17
1376682819,5,17
1376683351,6,16
1376683956,6,16
1376684560,6,16
1376685163,6,16
1376685391,6,16
1376685427,7,15
1376685537,5,17
1376685681,5,17
1376685722,6,16
1376686326,6,16
1376686461,5,17
1376686600,6,16
1376687203,6,16
1376687807,6,16
1376688411,6,16
1376688942,5,17
1376689547,5,17
1376690150,5,17
1376690754,5,17
1376690855,5,17
1376690887,6,16
1376691491,6,16
1376692095,6,16
1376692698,6,16
1376692932,7,15
1376693536,7,15
1376694140,7,15
1376694418,7,15
1376694685,8,14
1376695289,8,14
1376695893,8,14
1376696198,9,13
1376696802,9,13
1376697406,9,13
1376698010,9,13
1376698614,9,13
1376699217,9,13
1376699826,8,14
1376700429,8,14
1376701033,8,14
1376701637,8,14
1376702240,8,14
1376702420,8,14
1376702490,10,12
1376702550,10,12
1376702577,11,11
1376703181,11,11
1376703577,11,11
1376703870,11,11
1376703959,11,11
1376704563,11,11
1376705166,11,11
1376705770,11,11
1376706374,11,11
1376706978,11,11
1376707065,12,10
1376707669,12,10
1376708272,12,10
1376708876,12,10
1376709480,12,10
1376710084,12,10
1376710687,12,10
1376711291,12,10
1376711895,12,10
1376712499,12,10
1376713103,12,10
1376713707,12,10
1376714248,13,9
1376714852,13,9
1376715456,13,9
1376716060,13,9
1376716663,13,9
1376716871,12,10
1376717475,12,10
1376717975,11,11
1376718578,11,11
1376719182,11,11
1376719786,11,11
1376720390,11,11
1376720540,10,12
1376720911,11,11
1376721516,11,11
1376722119,11,11
1376722723,11,11
1376723327,11,11
1376723931,11,11
1376724003,12,10
1376724064,13,9
1376724550,14,8
1376725153,14,8
1376725195,15,7
1376725673,14,8
1376726317,15,7
1376726921,15,7
1376727022,14,8
1376727621,16,6
1376728225,16,6
1376728776,17,5
1376729195,18,4
1376729530,19,3
1376730134,19,3
1376730196,17,5
1376730298,16,6
1376730902,16,6
1376731506,16,6
1376732054,17,5
1376732370,16,6
1376732430,16,6
1376733034,16,6
1376733387,15,7
1376733683,15,7
1376733756,14,8
1376733800,14,8
1376733882,15,7
1376734183,15,7
1376734214,17,5
1376734255,18,4
1376734654,17,5
1376734903,16,6
1376734905,15,7
1376735083,17,5
1376735442,17,5
1376735445,15,7
1376735853,16,6
1376736457,16,6
1376736942,16,6
1376736945,15,7
1376737548,15,7
1376738174,13,9
1376738385,11,11
1376738387,10,12
1376738857,9,13
1376738921,9,13
1376738950,10,12
1376739025,10,12
1376739070,10,12
1376739130,11,11
1376739735,11,11
1376739899,12,10
1376740338,12,10
1376740373,13,9
1376740482,13,9
1376740486,14,8
1376741020,13,9
1376741107,13,9
1376741200,14,8
1376741249,14,8
1376741367,15,7
1376741402,16,6
1376742006,16,6
1376742164,17,5
1376742222,19,3
1376742257,18,4
1376742305,16,6
1376742376,17,5
1376742881,18,4
1376742911,19,3
1376743116,16,6
1376743236,15,7
1376743324,14,8
1376743927,14,8
1376744163,13,9
1376744767,13,9
1376744956,14,8
1376745006,14,8
1376745086,14,8
1376745148,14,8
1376745183,15,7
1376745380,16,6
1376745984,16,6
1376746588,16,6
1376747183,17,5
1376747769,16,6
1376747925,16,6
1376747932,17,5
1376748354,18,4
1376748774,17,5
1376749063,17,5
1376749095,16,6
1376749699,16,6
1376750080,14,8
1376750088,15,7
1376750693,15,7
1376751296,15,7
1376751374,14,8
1376751978,14,8
1376752480,13,9
1376752490,12,10
1376752565,11,11
1376752773,10,12
1376752793,9,13
1376753397,9,13
1376753834,8,14
1376753909,7,15
1376754043,6,16
1376754049,5,17
1376754294,5,17
1376754470,5,17
1376754576,6,16
1376754589,6,16
1376754699,6,16
1376754736,7,15
1376755340,7,15
1376755458,6,16
1376755793,5,16
1376755873,5,16
1376755953,5,16
1376756005,5,17
1376756076,4,18
1376756168,5,17
1376756412,6,16
1376756766,5,17
1376757317,4,18
1376757372,3,19
1376757917,2,20
1376757959,3,19
1376758085,4,18
1376758214,5,17
1376758518,4,18
1376758576,3,19
1376759190,1,21
1376759740,1,21
1376759774,2,20
1376760223,1,20
1376760239,2,20
1376760640,4,18
1376760796,5,17
1376760986,2,20
1376761137,1,21
1376761773,2,20
1376761800,3,19
1376762403,3,19
1376762696,2,20
1376762762,1,21
1376763193,1,21
1376763750,1,21
1376763940,3,19
1376764363,3,19
1376764370,4,18
1376764974,4,18
1376765263,4,18
1376765301,4,18
1376765370,4,18
1376765552,2,20
1376765629,1,21
1376765714,1,21
1376766322,2,20
1376766638,2,20
1376766680,1,21
1376766741,1,21
1376766809,1,21
1376766881,1,21
1376767419,2,20
1376767552,2,20
1376768156,2,20
1376768249,1,21
1376768853,1,21
1376769457,1,21
1376769869,2,20
1376770473,2,20
1376771077,2,20
1376771680,2,20
1376771917,3,19
1376771974,3,19
1376772042,4,18
1376772103,5,17
1376772707,5,17
1376773310,5,17
1376773724,4,18
1376773770,2,20
1376774374,2,20
1376774909,4,18
1376774978,5,17
1376775583,5,17
1376775702,3,19
1376775929,2,20
1376776534,2,20
1376777137,2,20
1376777501,2,20
1376777543,1,21
1376778147,1,21
1376778208,2,20
1376778812,2,20
1376779416,2,20
1376780020,2,20
1376780598,3,19
1376781202,3,19
1376781282,2,20
1376781886,2,20
1376782490,2,20
1376783094,2,20
1376783698,2,20
1376784301,2,20
1376784464,2,20
1376784467,3,19
1376785071,3,19
1376785478,3,19
1376785505,2,20
1376786109,2,20
1376786713,2,20
1376787317,2,20
1376787920,2,20
1376788038,1,21
1376788641,1,21
1376789184,2,20
1376789501,2,20
1376789526,1,21
1376789615,1,21
1376789647,1,21
1376790152,1,21
1376790755,1,21
1376791359,1,21
1376791963,1,21
1376792061,2,20
1376792664,2,20
1376793268,2,20
1376793872,2,20
1376794475,2,20
1376794544,2,20
1376794547,1,21
1376795151,1,21
1376795755,1,21
1376796359,1,21
1376796962,1,21
1376797566,1,21
1376798170,1,21
1376798774,1,21
1376799377,1,21
1376799981,1,21
1376800578,2,20
1376801182,2,20
1376801786,2,20
1376802390,2,20
1376802994,2,20
1376803597,2,20
1376804201,2,20
1376804455,1,21
1376805059,1,21
1376805663,1,21
1376806267,1,21
1376806870,1,21
1376807474,1,21
1376808078,1,21
1376808551,2,20
1376809155,2,20
1376809511,1,21
1376810115,1,21
1376810719,1,21
1376810763,2,20
1376811366,2,20
1376811970,2,20
1376812574,2,20
1376813178,2,20
1376813383,2,20
1376813386,3,19
1376813607,3,19
1376813639,2,20
1376814243,2,20
1376814614,3,19
1376815218,3,19
1376815820,4,18
1376816424,4,18
1376816576,3,19
1376816745,3,19
1376816753,4,18
1376817358,4,18
1376817961,4,18
1376818034,5,17
1376818199,4,18
1376818409,4,18
1376818432,3,19
1376819036,3,19
1376819640,3,19
1376820243,3,19
1376820739,4,18
1376820805,4,18
1376821166,5,17
1376821664,6,16
1376821724,6,16
1376822167,7,15
1376822740,8,14
1376822787,9,12
1376822846,9,12
1376823010,8,13
1376823590,7,14
1376823805,7,14
1376823876,7,14
1376824004,7,14
1376824065,7,14
1376824097,8,13
1376824701,8,14
1376825304,8,14
1376825434,9,13
1376825688,9,13
1376825805,9,13
1376825808,10,12
1376826417,10,12
1376827021,10,12
1376827295,11,11
1376827899,11,11
1376828405,12,10
1376829009,12,10
1376829613,12,10
1376829736,12,10
1376830340,12,10
1376830944,12,10
1376831547,12,10
1376831567,11,11
1376832210,9,13
1376832670,10,12
