1376208386,5,23
1376208989,5,23
1376209593,5,23
1376210197,5,23
1376210801,5,23
1376211404,5,23
1376212008,5,23
1376212612,5,23
1376213216,5,23
1376213819,5,23
1376214372,4,24
1376214975,4,24
1376215528,3,25
1376215604,3,25
1376215646,3,25
1376215716,3,25
1376215772,4,24
1376216376,4,24
1376216426,4,24
1376216453,5,23
1376217037,4,24
1376217641,4,24
1376218245,4,24
1376218375,3,25
1376218979,3,25
1376219584,3,25
1376220188,3,25
1376220491,3,25
1376220575,3,25
1376220643,2,26
1376220675,3,25
1376221281,3,25
1376221884,3,25
1376222488,3,25
1376223092,3,25
1376223695,3,25
1376223892,2,26
1376224496,2,26
1376225070,2,26
1376225089,1,27
1376225693,1,27
1376225792,1,27
1376225849,2,26
1376225871,2,26
1376226036,2,26
1376226078,2,26
1376226681,2,26
1376227285,2,26
1376227612,2,26
1376227747,2,26
1376228368,2,26
1376228400,3,25
1376228853,3,25
1376228894,5,23
1376229498,5,23
1376230102,5,23
1376230460,5,23
1376230541,5,23
1376230650,5,23
1376230731,5,23
1376230884,5,23
1376230911,6,22
1376231515,6,22
1376232118,6,22
1376232722,6,22
1376233325,6,22
1376233929,6,22
1376234292,7,21
1376234917,6,22
1376235163,6,22
1376235266,5,23
1376235762,5,23
1376235789,6,22
1376236392,6,22
1376236996,6,22
1376237592,7,21
1376237733,7,21
1376237756,8,20
1376238269,7,21
1376238872,7,21
1376239003,7,21
1376239027,8,20
1376239630,8,20
1376239691,9,19
1376239778,8,20
1376239799,9,19
1376239961,9,19
1376239988,10,18
1376240591,10,18
1376241195,10,18
1376241242,10,18
1376241284,9,19
1376241888,9,19
1376242251,7,21
1376242423,7,21
1376242466,5,23
1376242571,5,23
1376242654,5,23
1376242731,5,23
1376242962,4,24
1376243024,3,25
1376243628,3,25
1376244232,3,25
1376244835,3,25
1376244929,2,26
1376245533,2,26
1376245786,1,27
1376246018,1,27
1376246040,0,28
1376246643,0,28
1376247247,0,28
1376247850,0,28
1376248454,0,28
1376248760,0,28
1376248801,1,27
1376249405,1,27
1376250009,1,27
1376250613,1,27
1376251051,1,27
1376251095,2,26
1376251699,2,26
1376252303,2,26
1376252907,2,26
1376253262,3,25
1376253866,3,25
1376254469,3,25
1376255073,3,25
1376255676,3,25
1376256280,3,25
1376256883,3,25
1376257487,3,25
1376258091,3,25
1376258695,3,25
1376259299,3,25
1376259902,3,25
1376260518,2,26
1376261001,2,26
1376261032,3,25
1376261636,3,25
1376262239,3,25
1376262843,3,25
1376263447,3,25
1376264051,3,25
1376264654,3,25
1376265258,3,25
1376265862,3,25
1376265918,2,26
1376266521,2,26
1376267125,2,26
1376267729,2,26
1376268332,2,26
1376268935,2,26
1376269539,2,26
1376270143,2,26
1376270846,2,26
1376270894,2,26
1376271357,2,26
1376271960,2,26
1376272564,2,26
1376273167,2,26
1376273771,2,26
1376274374,2,26
1376274978,2,26
1376275582,2,26
1376276185,2,26
1376276789,2,26
1376277393,2,26
1376277997,2,26
1376278601,2,26
1376279205,2,26
1376279883,2,26
1376280486,2,26
1376281090,2,26
1376281693,2,26
1376282297,2,26
1376282901,2,26
1376283505,2,26
1376284108,2,26
1376284712,2,26
1376285316,2,26
1376285920,2,26
1376286523,2,26
1376286648,1,27
1376287252,1,27
1376287856,1,27
1376288460,1,27
1376288885,0,28
1376289489,0,28
1376289995,0,28
1376290041,1,27
1376290645,1,27
1376290955,0,28
1376291559,0,28
1376292174,0,28
1376292778,0,28
1376293381,0,28
1376293985,0,28
1376294588,0,28
1376295192,0,28
1376295463,0,28
1376296067,0,28
1376296678,0,28
1376297292,0,28
1376297896,0,28
1376298500,0,28
1376299104,0,28
1376299707,0,28
1376300311,0,28
1376300914,0,28
1376301518,0,28
1376301741,0,28
1376301787,0,27
1376302391,1,27
1376302524,1,27
1376302590,2,26
1376302949,3,25
1376302993,4,24
1376303480,3,25
1376303922,3,25
1376303951,4,24
1376304555,4,24
1376304820,3,25
1376305293,4,24
1376305896,4,24
1376306500,4,24
1376307104,4,24
1376307375,3,25
1376307745,2,26
1376307895,1,27
1376308347,1,27
1376308393,2,26
1376308643,1,27
1376308961,0,28
1376309565,0,28
1376310169,0,28
1376310772,0,28
1376311048,0,28
1376311109,0,28
1376311712,0,28
1376311755,0,28
1376311831,0,28
1376311897,0,28
1376312500,0,28
1376312903,1,27
1376313507,1,27
1376314047,1,27
1376314157,1,27
1376314761,1,27
1376314983,0,28
1376315586,0,28
1376316190,0,28
1376316794,0,28
1376317397,0,28
1376318001,0,28
1376318605,0,28
1376319209,0,28
1376319813,0,28
1376319861,1,27
1376319979,1,27
1376320004,2,26
1376320648,2,26
1376320701,2,26
1376320732,3,25
1376320871,3,25
1376320918,3,25
1376321126,3,25
1376321202,3,24
1376321204,4,23
1376321358,3,24
1376321962,3,25
1376322280,4,24
1376322696,5,23
1376323291,5,23
1376323327,6,22
1376323412,7,21
1376323758,8,20
1376323836,9,19
1376324440,9,19
1376324542,10,18
1376324567,11,17
1376324847,11,17
1376324896,12,16
1376324938,13,15
1376325314,14,14
1376325521,14,14
1376325579,13,15
1376325635,13,15
1376325703,15,12
1376325757,15,12
1376325811,15,12
1376325853,15,12
1376325925,15,12
1376326183,16,11
1376326498,15,12
1376326588,14,13
1376327141,15,12
1376327186,14,13
1376327791,14,14
1376328395,14,14
1376328843,15,13
1376329291,15,13
1376329332,16,12
1376329586,16,12
1376329663,17,11
1376329720,18,9
1376330324,18,10
1376330631,18,10
1376330712,18,10
1376330754,19,9
1376331209,19,8
1376331277,20,7
1376331301,20,7
1376331821,21,6
1376332424,21,7
1376332510,21,7
1376332600,21,6
1376332649,21,6
1376332693,22,5
1376333297,22,6
1376333901,22,6
1376334079,22,6
1376334144,20,7
1376334196,20,7
1376334280,21,6
1376334884,21,7
1376335343,20,8
1376335947,20,8
1376336323,20,8
1376336372,20,8
1376336430,20,7
1376336463,21,6
1376337067,21,7
1376337671,21,7
1376338274,21,7
1376338390,22,6
1376338930,21,7
1376339048,20,8
1376339120,20,8
1376339149,19,9
1376339752,19,9
1376340356,19,9
1376340959,19,9
1376341563,19,9
1376342166,19,9
1376342240,18,10
1376342857,18,10
1376343461,17,11
1376344065,17,11
1376344668,17,11
1376345272,17,11
1376345721,17,10
1376345798,17,10
1376345854,18,9
1376346458,18,10
1376347062,18,10
1376347665,18,10
1376347753,17,11
1376348356,17,11
1376348960,17,11
1376349300,16,12
1376349904,16,12
1376350507,16,12
1376351111,16,12
1376351714,16,12
1376352318,16,12
1376352922,16,12
1376353526,16,12
1376353549,15,13
1376354153,15,13
1376354756,15,13
1376355360,15,13
1376355963,15,13
1376356567,15,13
1376357250,15,13
1376357853,15,13
1376358457,15,13
1376358796,14,14
1376359399,14,14
1376360015,14,14
1376360619,14,14
1376361222,14,14
1376361826,14,14
1376362429,14,14
1376363033,14,14
1376363636,14,14
1376364240,14,14
1376364843,14,14
1376365447,14,14
1376366051,14,14
1376366654,14,14
1376367258,14,14
1376367861,14,14
1376368465,14,14
1376369068,14,14
1376369147,13,15
1376369751,13,15
1376370355,13,15
1376370754,13,15
1376370779,14,14
1376371402,15,13
1376372006,15,13
1376372610,15,13
1376372765,14,14
1376373369,14,14
1376373972,14,14
1376374095,15,13
1376374599,13,15
1376374935,12,16
1376375539,12,16
1376375982,11,17
1376376023,11,17
1376376080,11,17
1376376136,12,16
1376376184,13,15
1376376787,13,15
1376377161,12,16
1376377227,12,16
1376377255,12,16
1376377748,13,15
1376377829,11,17
1376377938,10,18
1376378005,9,19
1376378473,8,20
1376378972,7,21
1376379002,6,22
1376379298,5,23
1376379358,4,24
1376379962,4,24
1376380566,4,24
1376380928,3,25
1376381159,2,26
1376381660,3,25
1376382263,3,25
1376382867,3,25
1376383210,2,26
1376383341,2,26
1376383398,2,26
1376383443,3,25
1376383833,2,26
1376384437,2,26
1376384924,1,27
1376384969,1,27
1376385574,1,27
1376386177,1,27
1376386781,1,27
1376386843,1,27
1376386881,1,27
1376386958,3,24
1376387182,3,24
1376387212,4,23
1376387613,3,24
1376388217,3,25
1376388352,2,26
1376388956,2,26
1376389559,2,26
1376389881,2,26
1376389942,3,25
1376389966,3,25
1376390067,4,24
1376390214,3,25
1376390444,3,25
1376390449,4,24
1376390945,3,25
1376391548,3,25
1376392152,3,25
1376392240,2,26
1376392843,2,26
1376393447,2,26
1376393774,1,26
1376393817,0,28
1376394420,0,28
1376395024,0,28
1376395627,0,28
1376396231,0,28
1376396660,0,28
1376396697,1,27
1376397076,0,28
1376397276,0,28
1376397323,0,28
1376397367,0,28
1376397970,0,28
1376398573,0,28
1376399177,0,28
1376399780,0,28
1376400384,0,28
1376400453,0,28
1376400845,0,28
1376401450,0,28
1376402054,0,28
1376402658,0,28
1376403262,0,28
1376403866,0,28
1376404469,0,28
1376405073,0,28
1376405676,0,28
1376406280,0,28
1376406501,0,28
1376406535,1,27
1376406620,1,27
1376406684,2,26
1376407288,2,26
1376407483,2,26
1376407514,3,25
1376407774,2,26
1376407827,2,26
1376407900,2,26
1376407944,2,26
1376408072,3,25
1376408140,3,25
1376408185,3,25
1376408216,5,23
1376408819,5,23
1376409423,5,23
1376409489,6,22
1376409632,6,22
1376409674,7,21
1376409942,8,20
1376410104,8,20
1376410184,9,19
1376410185,9,19
1376410591,8,20
1376410720,9,19
1376410741,10,18
1376410888,10,18
1376410913,10,17
1376411139,11,16
1376411195,11,16
1376411255,11,15
1376411297,12,14
1376411511,12,14
1376411619,13,13
1376411648,14,12
1376411790,15,11
1376412393,15,13
1376412474,14,14
1376412870,14,14
1376412913,15,13
1376413045,16,12
1376413148,16,12
1376413189,17,11
1376413358,17,10
1376413416,16,10
1376413446,17,9
1376413894,17,9
1376413962,17,9
1376414003,18,8
1376414383,19,7
1376414905,18,8
1376415450,18,8
1376415468,18,8
1376415629,17,9
1376416004,18,8
1376416005,18,8
1376416245,18,8
1376416298,19,7
1376416363,20,6
1376416414,19,7
1376416457,20,6
1376416693,21,5
1376417024,21,5
1376417082,21,5
1376417126,20,6
1376417177,21,5
1376417309,21,5
1376417382,22,4
1376417385,21,4
1376417988,21,6
1376418161,21,6
1376418219,21,4
1376418261,22,3
1376418308,22,4
1376418366,22,4
1376418562,22,4
1376418637,22,4
1376419241,22,6
1376419424,22,6
1376419427,21,7
1376419713,21,7
1376419798,21,7
1376419860,21,7
1376420464,21,7
1376420698,20,8
1376421175,19,9
1376421337,18,10
1376421396,16,12
1376421453,16,12
1376421520,17,10
1376421554,19,7
1376422157,19,9
1376422761,19,9
1376423365,19,9
1376423968,19,9
1376424105,19,9
1376424109,18,10
1376424712,18,10
1376425445,16,12
1376426048,16,12
1376426134,15,13
1376426738,15,13
1376427342,15,13
1376427454,15,13
1376427469,16,12
1376428059,17,10
1376428182,16,11
1376428231,16,11
1376428273,17,10
1376428877,17,11
1376429481,17,11
1376430084,17,11
1376430145,17,11
1376430166,17,11
1376430769,17,11
1376431374,17,11
1376431978,17,11
1376432582,17,11
1376432972,16,12
1376433007,16,12
1376433104,17,11
1376433105,17,11
1376433709,17,11
1376434312,17,11
1376434916,17,11
1376435520,17,11
1376436123,17,11
1376436727,17,11
1376437330,17,11
1376437934,17,11
1376438537,17,11
1376439142,17,11
1376439745,17,11
1376440349,17,11
1376440952,17,11
1376441556,17,11
1376442160,17,11
1376442764,17,11
1376443368,17,11
1376443641,17,11
1376444245,17,11
1376444848,17,11
1376445452,17,11
1376446055,17,11
1376446659,17,11
1376447262,17,11
1376447606,17,11
1376447679,18,10
1376447737,18,9
1376448340,18,10
1376448944,18,10
1376449547,18,10
1376450151,18,10
1376450754,18,10
1376451358,18,10
1376451961,18,10
1376452565,18,10
1376453169,18,10
1376453772,18,10
1376454376,18,10
1376454980,18,10
1376455583,18,10
1376456187,18,10
1376456791,18,10
1376457394,18,10
1376457998,18,10
1376458601,18,10
1376459205,18,10
1376459808,18,10
1376460412,18,10
1376461016,18,10
1376461403,18,10
1376461448,18,10
1376461491,19,9
1376462094,19,9
1376462185,17,11
1376462500,16,12
1376462545,15,13
1376462936,14,14
1376463567,12,16
1376463816,12,16
1376463834,13,15
1376464064,12,16
1376464088,11,17
1376464415,11,17
1376464429,9,19
1376464557,8,20
1376464650,7,21
1376465253,7,21
1376465623,7,21
1376465647,8,20
1376465779,7,21
1376465822,6,22
1376466426,6,22
1376466822,6,22
1376466866,5,23
1376466910,6,22
1376467514,6,22
1376467889,4,24
1376468164,3,25
1376468321,3,25
1376468369,3,25
1376468631,2,26
1376469001,1,27
1376469377,0,28
1376469927,0,28
1376469991,0,28
1376470132,0,28
1376470237,1,27
1376470281,0,28
1376470885,0,28
1376471489,0,28
1376472093,0,28
1376472696,0,28
1376473300,0,28
1376473904,0,28
1376474507,0,28
1376475111,0,28
1376475506,1,27
1376475567,1,27
1376475610,2,26
1376475884,2,26
1376475936,4,24
1376476321,3,25
1376476842,3,25
1376476847,4,24
1376477451,4,24
1376478055,4,24
1376478658,4,24
1376479057,3,24
1376479101,3,25
1376479723,3,25
1376479726,1,27
1376480330,1,27
1376480891,0,28
1376481495,0,28
1376481816,0,28
1376481850,1,27
1376482453,1,27
1376483057,1,27
1376483503,1,27
1376483505,2,26
1376483919,2,26
1376483925,3,25
1376484528,3,25
1376485132,3,25
1376485246,3,25
1376485248,2,26
1376485361,2,26
1376485965,2,26
1376486569,2,26
1376486855,2,26
1376486991,2,26
1376487512,1,27
1376488116,1,27
1376488720,1,27
1376489055,0,28
1376489659,0,28
1376490143,0,28
1376490209,1,27
1376490386,1,27
1376490466,2,26
1376490472,1,27
1376491076,1,27
1376491470,1,27
1376491495,2,26
1376491643,2,26
1376491683,3,25
1376491841,2,26
1376492064,2,26
1376492108,3,25
1376492712,3,25
1376492984,2,26
1376493436,2,26
1376493503,2,26
1376493535,2,26
1376493655,2,26
1376493739,2,26
1376493822,3,25
1376494426,3,25
1376494603,4,24
1376494648,5,23
1376494702,5,23
1376494744,5,23
1376494806,5,23
1376494872,5,23
1376494915,6,22
1376495260,6,22
1376495313,7,21
1376495337,8,20
1376495490,8,20
1376495512,9,19
1376495665,8,20
1376495802,9,19
1376495836,9,19
1376495915,10,18
1376496280,10,18
1376496330,11,17
1376496934,11,17
1376497537,11,17
1376497599,12,16
1376497646,12,16
1376497896,11,17
1376498500,11,17
1376498537,12,16
1376498741,11,17
1376498831,10,18
1376498921,9,19
1376499036,9,19
1376499103,10,17
1376499137,11,16
1376499223,10,17
1376499267,12,15
1376499717,11,16
1376500321,11,17
1376500925,11,17
1376501528,11,17
1376502132,11,17
1376502433,10,18
1376502684,10,17
1376502726,10,17
1376502853,9,18
1376502894,9,18
1376503136,8,19
1376503740,8,20
1376503837,8,20
1376503860,9,19
1376504379,9,19
1376504390,9,19
1376504490,9,19
1376504580,9,19
1376504669,9,19
1376504914,10,18
1376505035,9,19
1376505639,9,19
1376506242,9,19
1376506422,9,19
1376507026,9,19
1376507630,9,19
1376508234,9,19
1376508837,9,19
1376509441,9,19
1376510044,9,19
1376510648,9,19
1376511252,9,19
1376511856,9,19
1376512459,9,19
1376513063,9,19
1376513666,9,19
1376514270,9,19
1376514873,9,19
1376515476,9,19
1376515817,7,21
1376516420,7,21
1376517024,7,21
1376517627,7,21
1376518234,7,21
1376518838,7,21
1376519442,7,21
1376520045,7,21
1376520649,7,21
1376521252,7,21
1376521856,7,21
1376522459,7,21
1376523063,7,21
1376523617,6,22
1376523682,5,23
1376523727,4,24
1376524330,4,24
1376524934,4,24
1376525538,4,24
1376526142,4,24
1376526745,4,24
1376527349,4,24
1376527952,4,24
1376528556,4,24
1376529160,4,24
1376529416,3,25
1376530040,3,25
1376530644,3,25
1376530820,2,26
1376531423,2,26
1376532027,2,26
1376532124,3,25
1376532727,3,25
1376533331,3,25
1376533934,3,25
1376534538,3,25
1376535142,3,25
1376535745,3,25
1376536533,2,26
1376537137,2,26
1376537741,2,26
1376538345,2,26
1376538949,2,26
1376539552,2,26
1376540156,2,26
1376540759,2,26
1376541363,2,26
1376541967,2,26
1376542571,2,26
1376543175,2,26
1376543778,2,26
1376544382,2,26
1376544986,2,26
1376545589,2,26
1376546193,2,26
1376546538,2,26
1376546581,3,25
1376547184,3,25
1376547788,3,25
1376548363,3,25
1376548393,4,24
1376548996,4,24
1376549600,4,24
1376550204,3,25
1376550808,3,25
1376551217,3,25
1376551270,0,28
1376551874,0,28
1376552477,0,28
1376553081,0,28
1376553684,0,28
1376554288,0,28
1376554892,0,28
1376555495,0,28
1376556099,0,28
1376556702,0,28
1376557306,0,28
1376557910,0,28
1376558513,0,28
1376558887,0,28
1376558944,0,28
1376559075,0,28
1376559150,1,27
1376559754,1,27
1376559820,1,27
1376559841,2,26
1376560445,2,26
1376561049,2,26
1376561652,2,26
1376562256,3,25
1376562455,2,26
1376563059,2,26
1376563663,2,26
1376564116,2,26
1376564719,2,26
1376565323,2,26
1376565927,2,26
1376566531,2,26
1376567135,2,26
1376567743,2,26
1376567866,1,27
1376568470,1,27
1376569073,1,27
1376569677,1,27
1376570281,1,27
1376570884,1,27
1376571488,1,27
1376572093,1,27
1376572160,1,26
1376572241,1,26
1376572301,2,26
1376572343,1,27
1376572366,1,27
1376572516,1,27
1376572560,2,26
1376573164,2,26
1376573293,2,26
1376573896,2,26
1376574500,2,26
1376574704,2,26
1376574922,2,26
1376574964,2,26
1376575035,2,26
1376575126,3,25
1376575730,3,25
1376576333,3,25
1376576937,3,25
1376577137,2,26
1376577215,2,26
1376577819,2,26
1376578422,2,26
1376578803,2,26
1376578854,3,25
1376579458,3,25
1376580062,3,25
1376580665,3,25
1376581269,3,25
1376581344,4,24
1376581947,4,24
1376582176,3,25
1376582779,3,25
1376583383,3,25
1376583987,3,25
1376584394,1,27
1376584770,1,27
1376584831,3,25
1376585430,2,26
1376585457,1,27
1376586094,1,27
1376586111,0,28
1376586714,0,28
1376587318,0,28
1376587921,0,28
1376588525,0,28
1376588851,1,27
1376588984,2,26
1376589587,2,26
1376590228,2,26
1376590253,1,27
1376590575,1,27
1376590655,3,25
1376591258,3,25
1376591862,3,25
1376592466,3,25
1376593070,3,25
1376593640,3,25
1376593669,4,24
1376594262,5,23
1376594866,5,23
1376595470,5,23
1376596073,5,23
1376596170,6,22
1376596348,7,21
1376596963,7,21
1376596994,7,21
1376597037,8,20
1376597563,7,21
1376598167,7,21
1376598771,7,21
1376598884,7,21
1376598941,7,21
1376599544,7,21
1376600148,7,21
1376600537,7,21
1376600597,10,18
1376600891,9,19
1376601495,9,19
1376602098,9,19
1376602702,9,19
1376603306,9,19
1376603804,10,18
1376603805,10,18
1376604409,10,18
1376605012,10,18
1376605619,10,18
1376606223,10,18
1376606826,10,18
1376607430,10,18
1376608034,10,18
1376608090,9,19
1376608693,9,19
1376609297,9,19
1376609901,9,19
1376610505,9,19
1376611109,9,19
1376611712,9,19
1376612316,9,19
1376612919,9,19
1376613523,9,19
1376614126,9,19
1376614730,9,19
1376615333,9,19
1376615937,9,19
1376616212,9,19
1376616234,10,18
1376616506,10,18
1376617110,10,18
1376617714,10,18
1376618317,10,18
1376618921,10,18
1376619524,10,18
1376620128,10,18
1376620732,10,18
1376621335,10,18
1376621939,10,18
1376622543,10,18
1376623146,10,18
1376623750,10,18
1376624354,10,18
1376624957,10,18
1376625561,10,18
1376626165,10,18
1376626769,10,18
1376627373,10,18
1376627976,10,18
1376628580,10,18
1376629054,9,19
1376629658,9,19
1376630261,9,19
1376630865,9,19
1376631469,9,19
1376631857,10,18
1376632244,11,17
1376632847,11,17
1376633451,11,17
1376634054,11,17
1376634659,11,17
1376635263,11,17
1376635867,11,17
1376636471,11,17
1376637074,11,17
1376637583,11,17
1376637585,10,18
1376637971,10,18
1376638055,12,16
1376638645,11,17
1376638784,11,17
1376638803,12,16
1376639353,11,17
1376639956,11,17
1376640171,10,18
1376640789,9,19
1376641393,9,19
1376641457,9,19
1376641497,8,20
1376642101,8,20
1376642705,8,20
1376643309,8,20
1376643629,7,21
1376644053,8,20
1376644657,8,20
1376645261,8,20
1376645412,10,18
1376645500,10,18
1376645520,11,17
1376646123,11,17
1376646727,11,17
1376647331,11,17
1376647935,11,17
1376648421,12,16
1376648975,11,17
1376649579,11,17
1376650182,11,17
1376650723,12,16
1376650784,12,16
1376650874,10,18
1376651478,10,18
1376652081,10,18
1376652608,9,19
1376652649,8,20
1376653253,8,20
1376653493,7,21
1376654096,7,21
1376654699,7,21
1376654858,6,22
1376655145,6,22
1376655214,7,21
1376655269,7,21
1376655343,8,20
1376655379,9,19
1376655635,10,18
1376656239,10,18
1376656843,10,18
1376657447,10,18
1376658051,10,18
1376658392,9,19
1376658438,9,19
1376658523,9,19
1376658549,9,19
1376658610,10,18
1376659053,10,18
1376659179,11,17
1376659322,11,17
1376659387,11,17
1376659580,10,18
1376659702,10,18
1376660074,9,19
1376660677,9,19
1376661279,9,19
1376661883,9,19
1376662486,9,19
1376663036,8,20
1376663108,7,21
1376663208,7,21
1376663858,8,20
1376663949,8,20
1376663991,9,19
1376664595,9,19
1376665198,9,19
1376665611,8,20
1376665772,8,19
1376665792,9,19
1376666395,9,19
1376667000,9,19
1376667577,10,18
1376668181,10,18
1376668506,10,18
1376668548,11,17
1376669153,11,17
1376669757,11,17
1376670362,11,17
1376670966,11,17
1376671592,12,16
1376671964,12,16
1376672018,12,16
1376672083,13,15
1376672688,13,15
1376673292,13,15
1376673896,13,15
1376674500,13,15
1376674981,12,16
1376675379,11,17
1376675983,11,17
1376676586,11,17
1376677190,11,17
1376677594,10,18
1376678197,10,18
1376678801,10,18
1376679389,11,17
1376679921,10,18
1376680525,10,18
1376681129,10,18
1376681738,10,18
1376681777,12,16
1376682381,12,16
1376682984,12,16
1376683477,13,15
1376684081,13,15
1376684685,13,15
1376685289,13,15
1376685894,13,15
1376686497,13,15
1376687100,13,15
1376687704,13,15
1376688307,13,15
1376688912,13,15
1376689516,13,15
1376690120,13,15
1376690724,13,15
1376690901,12,16
1376691505,12,16
1376692109,12,16
1376692300,11,17
1376692904,11,17
1376693507,11,17
1376694111,11,17
1376694715,11,17
1376695318,11,17
1376695943,10,18
1376696345,9,19
1376696948,9,19
1376697552,9,19
1376698156,9,19
1376698759,9,19
1376699362,9,19
1376699966,9,19
1376700570,9,19
1376701173,9,19
1376701777,9,19
1376702380,9,19
1376702847,9,19
1376702939,9,19
1376703543,9,19
1376704147,9,19
1376704750,9,19
1376705354,9,19
1376705957,9,19
1376706561,9,19
1376706743,8,20
1376707159,8,20
1376707276,8,20
1376707357,8,20
1376707403,9,19
1376707664,9,19
1376707684,9,19
1376707767,9,19
1376707831,9,19
1376707871,10,18
1376708475,10,18
1376709078,10,18
1376709682,10,18
1376710285,10,18
1376710889,10,18
1376710931,9,19
1376711058,10,18
1376711662,10,18
1376711718,10,18
1376711780,10,18
1376712001,10,18
1376712086,9,18
1376712164,9,18
1376712166,9,19
1376712770,9,19
1376713373,9,19
1376713977,9,19
1376714396,8,20
1376715000,8,20
1376715603,8,20
1376716207,8,20
1376716810,8,20
1376717414,8,20
1376718018,8,20
1376718622,8,20
1376719226,8,20
1376719830,8,20
1376720434,8,20
1376721038,8,20
1376721642,8,20
1376722245,8,20
1376722849,8,20
1376723452,8,20
1376724056,8,20
1376724660,8,20
1376724763,8,20
1376724818,9,19
1376725422,9,19
1376726026,9,19
1376727128,8,20
1376727732,8,20
1376728336,8,20
1376728657,7,21
1376729260,7,21
1376729863,7,21
1376730467,7,21
1376731071,7,21
1376731675,7,21
1376732278,7,21
1376732883,6,22
1376733491,6,22
1376734095,6,22
1376734699,6,22
1376735126,5,23
1376735730,5,23
1376736333,5,23
1376736937,5,23
1376737541,5,23
1376738145,5,23
1376738185,5,23
1376738229,6,22
1376738833,6,22
1376739437,6,22
1376740040,6,22
1376740658,6,22
1376740837,6,22
1376740903,5,23
1376740925,6,22
1376741270,7,21
1376741874,7,21
1376742478,7,21
1376743081,7,21
1376743640,6,22
1376744244,6,22
1376744847,6,22
1376745451,6,22
1376746055,6,22
1376746170,6,22
1376746322,5,23
1376746465,5,23
1376746745,4,24
1376747348,4,24
1376747485,3,25
1376747864,3,25
1376747984,4,24
1376748038,3,25
1376748642,3,25
1376749245,3,25
1376749849,3,25
1376750453,3,25
1376750864,3,25
1376750873,3,25
1376751476,3,25
1376752080,3,25
1376752684,3,25
1376752905,3,25
1376752908,4,24
1376753512,4,24
1376754105,4,24
1376754107,5,23
1376754277,5,23
1376754303,6,22
1376754907,6,22
1376755510,6,22
1376755700,6,22
1376755780,6,22
1376755820,6,22
1376756423,6,22
1376756803,7,21
1376756871,8,20
1376757475,8,20
1376757905,7,21
1376758508,7,21
1376759113,7,21
1376759716,7,21
1376760320,7,21
1376760924,7,21
1376761527,7,21
1376761658,7,21
1376761681,8,20
1376761904,6,22
1376762508,6,22
1376763116,6,22
1376763719,6,22
1376764323,6,22
1376764927,6,22
1376765531,6,22
1376766100,5,23
1376766704,5,23
1376767090,5,23
1376767134,6,22
1376767738,6,22
1376768342,6,22
1376768945,6,22
1376769458,4,24
1376770062,4,24
1376770666,4,24
1376771175,3,25
1376771779,3,25
1376772383,3,25
1376772669,2,26
1376773273,2,26
1376773877,2,26
1376774480,2,26
1376775084,2,26
1376775688,2,26
1376776292,2,26
1376776895,2,26
1376777499,2,26
1376778103,2,26
1376778706,2,26
1376779310,2,26
1376779426,3,25
1376780029,3,25
1376780633,3,25
1376781237,3,25
1376781841,3,25
1376782445,3,25
1376783048,3,25
1376783652,3,25
1376784255,3,25
1376784859,3,25
1376785463,3,25
1376786066,3,25
1376786670,3,25
1376787273,3,25
1376787877,3,25
1376788480,3,25
1376789248,3,25
1376789293,3,25
1376789691,3,25
1376790295,3,25
1376790899,3,25
1376791503,3,25
1376792107,3,25
1376792711,3,25
1376793314,3,25
1376793918,3,25
1376794522,3,25
1376795126,3,25
1376795730,3,25
1376796334,3,25
1376796938,3,25
1376797542,3,25
1376798146,3,25
1376798750,3,25
1376799354,3,25
1376799958,3,25
1376800561,3,25
1376801165,3,25
1376801457,2,26
1376802060,2,26
1376802664,2,26
1376803268,2,26
1376803872,2,26
1376804475,2,26
1376805089,2,26
1376805693,2,26
1376806297,2,26
1376806901,2,26
1376807505,2,26
1376808109,2,26
1376808340,2,26
1376808367,1,27
1376808971,1,27
1376809575,1,27
1376810179,1,27
1376810783,1,27
1376811387,1,27
1376811991,1,27
1376812595,1,27
1376813198,1,27
1376813802,1,27
1376814405,1,27
1376815005,0,28
1376815609,0,28
1376816213,0,28
1376816362,0,28
1376816431,2,26
1376817034,2,26
1376817638,2,26
1376818242,2,26
1376818845,2,26
1376819449,2,26
1376820053,2,26
1376820657,2,26
1376821005,1,27
1376821007,0,28
1376821186,0,28
1376821242,1,27
1376821846,1,27
1376822450,1,27
1376823053,1,27
1376823657,1,27
1376824261,1,27
1376824865,1,27
1376825469,1,27
1376826073,1,27
1376826677,1,27
1376827281,1,27
1376827717,1,27
1376827774,0,28
1376827817,0,28
1376827865,0,28
1376827950,1,27
1376828553,1,27
1376829157,1,27
1376829760,1,27
1376830364,1,27
1376830829,1,27
1376830894,2,26
1376831479,2,26
1376832082,2,26
1376832458,2,26
1376832785,1,27
