1376208274,9,7
1376208878,9,7
1376209481,9,7
1376209612,8,8
1376210216,8,8
1376210819,8,8
1376211423,8,8
1376211747,9,7
1376212351,9,7
1376212386,10,6
1376212990,10,6
1376213617,9,7
1376214040,10,6
1376214643,10,6
1376214716,9,7
1376215320,9,7
1376215923,9,7
1376216527,9,7
1376217130,9,7
1376217582,9,7
1376217619,11,5
1376218166,10,6
1376218723,10,6
1376218733,12,4
1376219336,12,4
1376219504,11,5
1376220108,11,5
1376220711,11,5
1376221315,11,5
1376221411,12,4
1376221875,13,3
1376222478,13,3
1376222714,14,2
1376223317,14,2
1376223921,14,2
1376224524,14,2
1376225128,14,2
1376225732,14,2
1376226335,14,2
1376226938,14,2
1376227542,14,2
1376228189,13,3
1376228440,14,2
1376229044,14,2
1376229648,14,2
1376230251,14,2
1376230613,14,2
1376230710,15,1
1376230776,15,1
1376230814,16,0
1376231417,16,0
1376232021,16,0
1376232304,15,1
1376232762,16,0
1376233366,16,0
1376233969,16,0
1376234357,15,1
1376234438,13,3
1376234563,12,3
1376234622,11,5
1376234625,12,4
1376235104,12,4
1376235106,11,5
1376235710,11,5
1376236050,10,6
1376236538,12,4
1376236547,13,3
1376237151,13,3
1376237754,13,3
1376238127,13,3
1376238182,14,2
1376238408,12,4
1376238676,13,3
1376238987,12,4
1376239304,11,5
1376239414,12,4
1376239838,10,6
1376240442,10,6
1376240717,9,7
1376240960,8,8
1376241043,10,6
1376241086,11,5
1376241690,11,5
1376242089,12,4
1376242245,12,4
1376242404,12,4
1376242489,13,3
1376242566,13,3
1376242680,15,1
1376242737,14,2
1376243340,14,2
1376243944,14,2
1376244548,14,2
1376244915,15,1
1376245519,15,1
1376246122,15,1
1376246726,15,1
1376247265,16,0
1376247769,15,1
1376248372,15,1
1376248956,16,0
1376249559,16,0
1376250163,16,0
1376250766,16,0
1376251121,15,1
1376251128,14,2
1376251731,14,2
1376252335,14,2
1376252938,14,2
1376253542,14,2
1376254145,14,2
1376254782,14,2
1376254806,15,1
1376255410,15,1
1376256013,15,1
1376256630,16,0
1376257234,16,0
1376257837,16,0
1376258441,16,0
1376259044,16,0
1376259648,16,0
1376260251,16,0
1376260855,16,0
1376261457,15,1
1376262061,15,1
1376262424,16,0
1376263028,16,0
1376263631,16,0
1376264235,16,0
1376264361,14,2
1376264620,13,3
1376265223,13,3
1376265827,13,3
1376266430,13,3
1376267034,13,3
1376267637,13,3
1376268241,13,3
1376268397,12,4
1376269000,12,4
1376269121,11,5
1376269159,10,6
1376269762,10,6
1376270366,10,6
1376270970,10,6
1376271573,10,6
1376271852,10,6
1376272456,10,6
1376273059,10,6
1376273663,10,6
1376274267,10,6
1376274583,9,7
1376275186,9,7
1376275790,9,7
1376276393,9,7
1376276996,9,7
1376277600,9,7
1376278204,9,7
1376278807,9,7
1376279411,9,7
1376280014,9,7
1376280618,9,7
1376281221,9,7
1376281825,9,7
1376282428,9,7
1376283032,9,7
1376283635,9,7
1376284239,9,7
1376284842,9,7
1376285445,9,7
1376285915,9,7
1376285937,10,6
1376286424,11,5
1376287028,11,5
1376287631,11,5
1376287686,11,5
1376287782,11,5
1376287829,10,6
1376288009,11,5
1376288095,12,4
1376288203,13,3
1376288807,13,3
1376289410,13,3
1376290014,13,3
1376290516,12,4
1376290618,13,3
1376290866,12,4
1376291460,11,5
1376291705,12,4
1376291958,12,4
1376292013,12,4
1376292093,12,4
1376292132,13,3
1376292582,13,3
1376292724,12,4
1376293328,12,4
1376293448,12,4
1376293489,13,3
1376294092,13,3
1376294696,13,3
1376295299,13,3
1376295357,14,2
1376295535,13,3
1376296138,13,3
1376296742,13,3
1376297345,13,3
1376297949,13,3
1376298552,13,3
1376299156,13,3
1376299273,12,4
1376299876,12,4
1376300480,12,4
1376300783,13,3
1376301386,13,3
1376301702,13,3
1376301710,14,2
1376301929,15,1
1376302046,16,0
1376302655,15,1
1376303259,15,1
1376303862,15,1
1376304466,15,1
1376305059,14,2
1376305663,14,2
1376306266,14,2
1376306870,14,2
1376307203,13,3
1376307807,13,3
1376307881,14,2
1376308485,14,2
1376309089,14,2
1376309692,14,2
1376310296,14,2
1376310381,15,1
1376310926,14,2
1376311390,14,2
1376311542,14,2
1376311550,15,1
1376311649,14,2
1376312148,13,3
1376312752,13,3
1376313061,14,2
1376313664,14,2
1376314268,14,2
1376314470,15,1
1376314750,14,2
1376314899,14,2
1376314910,15,1
1376315513,15,1
1376315961,16,0
1376316321,15,1
1376316925,15,1
1376317528,15,1
1376317653,14,2
1376318256,14,2
1376318860,14,2
1376318885,15,1
1376319069,16,0
1376319673,16,0
1376320076,15,1
1376320721,15,1
1376320723,16,0
1376320868,15,1
1376320925,14,2
1376321528,14,2
1376322132,14,2
1376322735,14,2
1376323338,14,2
1376323942,14,2
1376324272,14,2
1376324908,15,1
1376325153,14,2
1376325228,13,3
1376325340,12,4
1376325882,12,4
1376325891,13,3
1376326060,13,3
1376326120,13,3
1376326180,14,2
1376326276,16,0
1376326879,16,0
1376327484,16,0
1376327760,15,1
1376327883,16,0
1376328486,16,0
1376329090,16,0
1376329672,15,1
1376329881,14,2
1376330280,15,1
1376330442,15,1
1376330562,17,0
1376330571,17,0
1376330961,16,1
1376331255,17,0
1376331858,16,0
1376331905,15,1
1376332320,14,2
1376332923,14,2
1376333178,12,4
1376333374,12,4
1376333419,13,3
1376333858,14,2
1376334462,14,2
1376335065,14,2
1376335669,14,2
1376336273,14,2
1376336876,14,2
1376337264,15,1
1376337359,16,0
1376337557,16,0
1376338161,16,0
1376338189,15,1
1376338792,15,1
1376339396,15,1
1376340000,15,1
1376340460,14,2
1376340714,15,1
1376341119,15,1
1376341129,16,0
1376341733,16,0
1376342336,16,0
1376342940,16,0
1376343127,15,1
1376343759,14,2
1376344221,15,1
1376344351,16,0
1376344954,16,0
1376345441,16,0
1376345444,15,1
1376346058,14,2
1376346661,14,2
1376346762,14,2
1376346772,15,1
1376347375,15,1
1376347979,15,1
1376348582,15,1
1376349186,15,1
1376349789,15,1
1376350393,15,1
1376350996,15,1
1376351600,15,1
1376352204,15,1
1376352807,15,1
1376353411,15,1
1376354014,15,1
1376354574,16,0
1376355177,16,0
1376355781,16,0
1376356384,16,0
1376356987,16,0
1376357591,16,0
1376358252,16,0
1376358856,16,0
1376359459,16,0
1376360063,16,0
1376360666,16,0
1376361270,16,0
1376361873,16,0
1376362477,16,0
1376363080,16,0
1376363684,16,0
1376364288,16,0
1376364891,16,0
1376365494,16,0
1376366098,16,0
1376366702,16,0
1376367305,16,0
1376367909,16,0
1376368512,16,0
1376369116,16,0
1376369719,16,0
1376370323,16,0
1376370926,16,0
1376371530,16,0
1376372134,16,0
1376372737,16,0
1376373340,16,0
1376373944,16,0
1376374548,16,0
1376375151,16,0
1376375754,16,0
1376376358,16,0
1376376997,15,1
1376377021,15,1
1376377183,15,1
1376377185,14,2
1376377351,15,1
1376377949,14,2
1376378322,13,3
1376378407,14,2
1376378700,15,1
1376379304,15,1
1376379938,15,1
1376379950,15,1
1376380061,15,1
1376380091,16,0
1376380694,16,0
1376380935,15,1
1376381538,15,1
1376382142,15,1
1376382264,14,2
1376382867,14,2
1376383126,14,2
1376383378,15,1
1376383477,15,1
1376383525,14,2
1376384129,14,2
1376384733,14,2
1376385336,14,2
1376385460,15,1
1376385946,14,2
1376386593,14,2
1376386718,15,1
1376387096,14,2
1376387699,14,2
1376387941,13,3
1376388462,13,3
1376388553,12,4
1376389157,12,4
1376389760,12,4
1376390364,12,4
1376390618,12,4
1376390628,13,3
1376391231,13,3
1376391835,13,3
1376392439,12,4
1376392532,13,3
1376393135,13,3
1376393738,13,3
1376394078,12,4
1376394490,11,5
1376395093,11,5
1376395465,10,6
1376396069,10,6
1376396672,10,6
1376397276,10,6
1376397879,10,6
1376398483,10,6
1376398603,10,6
1376398605,11,5
1376399209,11,5
1376399812,11,5
1376400023,10,6
1376400102,9,7
1376400569,8,8
1376401173,8,8
1376401571,9,7
1376401721,9,7
1376401723,10,6
1376402327,10,6
1376402968,11,5
1376403571,11,5
1376404175,11,5
1376404779,11,5
1376405382,11,5
1376405791,11,5
1376405815,11,5
1376406010,12,4
1376406613,12,4
1376407061,12,4
1376407084,11,5
1376407239,11,5
1376407297,12,4
1376407351,11,5
1376407482,12,4
1376407541,11,5
1376407573,11,5
1376408177,11,5
1376408322,9,7
1376408382,10,6
1376408395,9,7
1376408581,9,7
1376409016,10,6
1376409619,10,6
1376410181,9,7
1376410194,6,10
1376410797,6,10
1376411438,7,9
1376411591,6,10
1376411794,7,9
1376412042,4,11
1376412093,2,14
1376412392,3,13
1376412459,4,12
1376412486,6,10
1376412822,6,10
1376412873,7,9
1376412914,7,9
1376412962,8,8
1376413241,7,9
1376413758,4,12
1376414178,5,11
1376414354,5,11
1376414433,5,11
1376414574,5,11
1376414793,4,12
1376414818,5,11
1376415022,5,11
1376415332,5,11
1376415516,6,10
1376415718,5,11
1376415935,5,11
1376415998,6,10
1376416036,7,9
1376416236,6,10
1376416277,7,9
1376416880,7,9
1376417070,6,9
1376417126,5,11
1376417738,6,10
1376418254,6,10
1376418331,6,10
1376418522,6,10
1376418566,6,10
1376418728,7,9
1376419062,6,10
1376419070,4,12
1376419166,5,11
1376419276,4,12
1376419327,5,11
1376419648,4,12
1376420016,3,13
1376420503,2,14
1376420532,3,13
1376420879,4,12
1376421483,4,12
1376421695,3,13
1376422111,1,15
1376422355,0,16
1376422959,0,16
1376423428,1,15
1376424032,1,15
1376424636,1,15
1376425228,0,16
1376425832,0,16
1376426435,0,16
1376426942,1,15
1376427219,0,16
1376427822,0,16
1376428241,0,16
1376428243,1,15
1376428432,2,14
1376429036,2,14
1376429372,1,15
1376429976,1,15
1376430269,2,14
1376430861,4,12
1376430936,5,11
1376430962,6,10
1376431566,6,10
1376431856,7,9
1376432318,7,9
1376432374,9,7
1376432978,9,7
1376433581,9,7
1376433942,8,8
1376434545,8,8
1376435149,8,8
1376435752,8,8
1376436223,9,7
1376436513,10,6
1376436684,10,6
1376436709,10,6
1376436811,11,5
1376437414,11,5
1376438018,11,5
1376438216,12,4
1376438820,12,4
1376439423,12,4
1376440026,12,4
1376440630,12,4
1376441233,12,4
1376441837,12,4
1376442440,12,4
1376443044,12,4
1376443648,12,4
1376444251,12,4
1376444656,12,4
1376445260,12,4
1376445863,12,4
1376446467,12,4
1376447070,12,4
1376447674,12,4
1376448278,12,4
1376448881,12,4
1376449485,12,4
1376450088,12,4
1376450692,12,4
1376451295,12,4
1376451899,12,4
1376452502,12,4
1376453106,12,4
1376453709,12,4
1376454313,12,4
1376454916,12,4
1376455294,13,3
1376455897,13,3
1376456501,13,3
1376456728,12,4
1376457331,12,4
1376457935,12,4
1376458538,12,4
1376459023,12,4
1376459025,13,3
1376459628,13,3
1376460232,13,3
1376460327,14,2
1376460930,14,2
1376461533,14,2
1376461831,15,1
1376462434,15,1
1376463038,15,1
1376463089,14,2
1376463364,13,3
1376463462,12,4
1376463490,11,5
1376463698,11,5
1376463709,12,4
1376464313,12,4
1376464467,10,6
1376464661,10,6
1376464664,11,5
1376465267,11,5
1376465871,11,5
1376466204,12,4
1376466790,13,3
1376467394,13,3
1376467704,12,4
1376468304,11,5
1376468591,10,6
1376469194,10,6
1376469582,10,6
1376469584,11,5
1376470188,11,5
1376470791,11,5
1376470899,11,5
1376470908,12,4
1376471512,12,4
1376472115,12,4
1376472220,12,4
1376472231,13,3
1376472834,13,3
1376473438,13,3
1376473780,13,3
1376473788,14,2
1376474392,14,2
1376474995,14,2
1376475598,14,2
1376476202,14,2
1376476277,13,3
1376476848,12,4
1376476921,11,5
1376477524,11,5
1376477766,12,4
1376478370,12,4
1376478612,11,5
1376479215,11,5
1376479337,10,6
1376479389,11,5
1376479480,13,3
1376479880,14,2
1376480008,13,3
1376480524,12,4
1376480601,11,5
1376481204,11,5
1376481808,11,5
1376481874,10,6
1376482477,10,6
1376482700,11,5
1376483304,11,5
1376483344,12,4
1376483461,11,5
1376484064,11,5
1376484668,11,5
1376484735,12,4
1376485337,12,4
1376485571,12,4
1376485666,12,4
1376485737,12,4
1376485804,13,3
1376485862,14,2
1376486437,15,1
1376487041,15,1
1376487644,15,1
1376488248,15,1
1376488851,15,1
1376489307,16,0
1376489429,15,1
1376489777,16,0
1376490381,16,0
1376490984,16,0
1376491588,16,0
1376492191,16,0
1376492795,16,0
1376493051,16,0
1376493654,16,0
1376494258,16,0
1376494861,16,0
1376495465,16,0
1376496068,16,0
1376496140,15,1
1376496743,15,1
1376497347,15,1
1376497602,16,0
1376498024,16,0
1376498026,15,1
1376498629,15,1
1376498884,14,2
1376499090,15,1
1376499694,15,1
1376500296,14,2
1376500306,14,2
1376500910,14,2
1376501153,13,3
1376501508,12,4
1376502071,11,5
1376502216,12,4
1376502359,13,3
1376502411,12,4
1376502868,11,5
1376503284,12,4
1376503600,13,3
1376503960,11,4
1376503974,11,5
1376504579,11,5
1376504715,11,5
1376504780,11,5
1376504833,12,4
1376505010,11,5
1376505284,11,5
1376505286,12,4
1376505354,13,3
1376505958,13,3
1376506217,12,4
1376506252,12,4
1376506348,12,4
1376506470,12,4
1376506537,13,3
1376506735,12,4
1376507058,13,3
1376507662,13,3
1376507858,14,2
1376508462,14,2
1376508492,15,1
1376508682,16,0
1376509286,16,0
1376509889,16,0
1376510492,16,0
1376510550,15,1
1376511154,15,1
1376511209,16,0
1376511812,16,0
1376512416,16,0
1376513019,16,0
1376513624,16,0
1376514227,16,0
1376514831,16,0
1376515483,16,0
1376515485,15,1
1376516088,15,1
1376516692,15,1
1376517295,15,1
1376517789,14,2
1376518122,14,2
1376518160,13,3
1376518764,13,3
1376519367,13,3
1376519971,13,3
1376520574,13,3
1376521178,13,3
1376521781,13,3
1376522411,11,5
1376523014,11,5
1376523212,11,5
1376523241,12,4
1376523342,13,3
1376523361,13,3
1376523442,14,2
1376523825,15,1
1376524429,15,1
1376524870,16,0
1376525474,16,0
1376526077,16,0
1376526681,16,0
1376527284,16,0
1376527887,16,0
1376528491,16,0
1376529094,16,0
1376529151,15,1
1376529392,16,0
1376529996,16,0
1376530600,16,0
1376531056,16,0
1376531141,16,0
1376531146,16,0
1376531750,16,0
1376532354,16,0
1376532957,16,0
1376533561,16,0
1376534164,16,0
1376534663,15,1
1376535267,15,1
1376535870,15,1
1376536215,16,0
1376536818,16,0
1376537422,16,0
1376538025,16,0
1376538629,16,0
1376539232,16,0
1376539336,15,1
1376539940,15,1
1376540544,15,1
1376541147,15,1
1376541750,15,1
1376542354,15,1
1376542958,15,1
1376543561,15,1
1376544165,15,1
1376544311,16,0
1376544915,16,0
1376545518,16,0
1376546122,16,0
1376546725,16,0
1376547329,16,0
1376547933,16,0
1376548536,16,0
1376549139,16,0
1376549743,16,0
1376550347,16,0
1376550950,16,0
1376551553,16,0
1376552044,15,1
1376552647,15,1
1376553251,15,1
1376553854,15,1
1376554458,15,1
1376554843,15,1
1376554852,16,0
1376555455,16,0
1376556059,16,0
1376556662,16,0
1376557266,16,0
1376557869,16,0
1376558473,16,0
1376559076,16,0
1376559680,16,0
1376560283,16,0
1376560523,15,1
1376561022,15,1
1376561025,16,0
1376561628,16,0
1376561781,15,1
1376562385,15,1
1376562606,16,0
1376562729,15,1
1376563333,15,1
1376563936,15,1
1376564540,15,1
1376565143,15,1
1376565747,15,1
1376565981,16,0
1376566585,16,0
1376566699,14,2
1376566770,13,3
1376566877,15,1
1376567481,15,1
1376567881,16,0
1376568519,15,1
1376568872,16,0
1376569476,16,0
1376570079,16,0
1376570683,16,0
1376571286,16,0
1376571890,16,0
1376572493,16,0
1376573097,16,0
1376573691,15,1
1376574294,15,1
1376574898,15,1
1376575501,15,1
1376575917,14,2
1376576561,15,1
1376576570,16,0
1376577174,16,0
1376577777,16,0
1376578381,16,0
1376578985,16,0
1376579589,16,0
1376580192,16,0
1376580796,16,0
1376581398,16,0
1376582002,16,0
1376582606,16,0
1376583209,16,0
1376583765,15,1
1376584034,16,0
1376584415,15,1
1376585018,15,1
1376585622,15,1
1376585891,14,2
1376586521,14,2
1376586531,15,1
1376587135,15,1
1376587706,13,3
1376587922,13,3
1376588525,13,3
1376589128,13,3
1376589732,13,3
1376589956,14,2
1376590560,14,2
1376591163,14,2
1376591767,14,2
1376592058,15,1
1376592661,16,0
1376593265,16,0
1376593595,15,1
1376593783,15,1
1376593792,16,0
1376594395,16,0
1376594999,16,0
1376595208,15,1
1376595812,15,1
1376596332,14,2
1376596936,14,2
1376597136,12,4
1376597739,12,4
1376598342,12,4
1376598946,12,4
1376599550,12,4
1376600153,12,4
1376600756,12,4
1376601360,12,4
1376601964,12,4
1376602567,12,4
1376603171,12,4
1376603774,12,4
1376604378,12,4
1376604981,12,4
1376605146,11,5
1376605232,11,5
1376605303,11,5
1376605305,12,4
1376605919,11,5
1376606522,11,5
1376607126,11,5
1376607440,10,6
1376608044,10,6
1376608647,10,6
1376609251,10,6
1376609827,10,6
1376609922,12,4
1376610526,12,4
1376611129,12,4
1376611409,12,4
1376611426,12,4
1376611525,13,3
1376612128,13,3
1376612732,13,3
1376613335,13,3
1376613939,13,3
1376614542,13,3
1376615146,13,3
1376615749,13,3
1376616353,13,3
1376616490,14,2
1376617093,14,2
1376617453,14,2
1376617631,14,2
1376617680,15,1
1376618134,15,1
1376618184,16,0
1376618788,16,0
1376619391,16,0
1376619995,16,0
1376620598,16,0
1376621202,16,0
1376621806,16,0
1376622410,16,0
1376623013,16,0
1376623617,16,0
1376624220,16,0
1376624824,16,0
1376625427,16,0
1376626031,16,0
1376626634,16,0
1376627238,16,0
1376627841,16,0
1376628445,16,0
1376629049,16,0
1376629652,16,0
1376630256,16,0
1376630859,16,0
1376631463,16,0
1376632066,16,0
1376632670,16,0
1376633273,16,0
1376633877,16,0
1376634480,16,0
1376635084,16,0
1376635688,16,0
1376636291,16,0
1376636380,15,1
1376636601,14,2
1376636905,14,2
1376637509,14,2
1376637894,13,3
1376638498,13,3
1376639101,13,3
1376639171,14,2
1376639222,15,1
1376639826,15,1
1376640335,14,2
1376640727,13,3
1376641331,13,3
1376641934,13,3
1376642407,12,4
1376643010,12,4
1376643514,11,5
1376644118,11,5
1376644720,9,7
1376644775,9,7
1376644948,10,6
1376645000,11,5
1376645604,11,5
1376646011,12,4
1376646078,10,6
1376646681,10,6
1376646999,10,6
1376647008,11,5
1376647537,12,4
1376647662,12,4
1376647664,11,5
1376648268,11,5
1376648833,12,4
1376649437,12,4
1376649614,13,3
1376649963,14,2
1376650566,14,2
1376650712,13,3
1376650726,13,3
1376651322,13,3
1376651359,13,3
1376651962,13,3
1376652566,13,3
1376653169,13,3
1376653363,13,3
1376653372,14,2
1376653719,14,2
1376653726,15,1
1376654018,14,2
1376654093,15,1
1376654696,15,1
1376654860,15,0
1376654873,16,0
1376655009,15,1
1376655260,14,2
1376655339,14,2
1376655347,15,1
1376655513,14,2
1376655999,15,1
1376656602,15,1
1376656899,15,1
1376656908,16,0
1376657511,16,0
1376658114,16,0
1376658260,15,1
1376658787,16,0
1376658836,15,1
1376659439,15,1
1376659981,14,2
1376660584,14,2
1376661188,14,2
1376661454,15,1
1376662057,15,1
1376662196,16,0
1376662640,15,1
1376663243,15,1
1376663364,16,0
1376663968,16,0
1376664571,16,0
1376665175,16,0
1376665778,16,0
1376666381,16,0
1376666738,16,0
1376667342,16,0
1376667924,15,1
1376667949,14,2
1376668552,14,2
1376669138,13,3
1376669562,14,2
1376669571,15,1
1376669847,16,0
1376670451,16,0
1376671054,16,0
1376671146,15,1
1376671750,15,1
1376672053,16,0
1376672658,16,0
1376673104,16,0
1376673106,15,1
1376673266,14,2
1376673447,15,1
1376673505,14,2
1376673846,15,1
1376674046,16,0
1376674650,16,0
1376675161,15,1
1376675363,16,0
1376675967,16,0
1376676260,14,2
1376676368,15,1
1376676972,15,1
1376677575,15,1
1376678178,15,1
1376678782,15,1
1376679385,15,1
1376679462,16,0
1376680066,16,0
1376680669,16,0
1376681273,16,0
1376681709,14,2
1376681766,15,1
1376682262,14,2
1376682397,16,0
1376683001,16,0
1376683385,15,1
1376683988,15,1
1376684591,15,1
1376685194,15,1
1376685798,15,1
1376686402,15,1
1376686839,14,2
1376687443,14,2
1376688046,14,2
1376688650,14,2
1376689253,14,2
1376689737,15,1
1376689840,15,1
1376689849,16,0
1376690452,16,0
1376691022,15,1
1376691265,16,0
1376691869,16,0
1376692472,16,0
1376693075,16,0
1376693616,15,1
1376694220,15,1
1376694823,15,1
1376695427,15,1
1376696030,15,1
1376696634,15,1
1376697237,15,1
1376697841,15,1
1376698444,15,1
1376699048,15,1
1376699094,14,2
1376699698,14,2
1376700302,14,2
1376700905,14,2
1376701063,15,1
1376701287,16,0
1376701891,16,0
1376702039,15,1
1376702642,15,1
1376703246,15,1
1376703940,15,1
1376703946,15,1
1376704063,15,1
1376704066,14,2
1376704669,14,2
1376705273,14,2
1376705863,13,3
1376705923,14,2
1376705957,14,2
1376706012,15,1
1376706616,15,1
1376707219,15,1
1376707823,15,1
1376708261,15,1
1376708269,16,0
1376708872,16,0
1376709476,16,0
1376710079,16,0
1376710683,16,0
1376711286,16,0
1376711564,15,1
1376711634,16,0
1376712238,16,0
1376712841,16,0
1376713445,16,0
1376714048,16,0
1376714652,16,0
1376715255,16,0
1376715859,16,0
1376716462,16,0
1376717066,16,0
1376717669,16,0
1376718273,16,0
1376718877,16,0
1376719480,16,0
1376719623,15,1
1376720208,14,2
1376720811,14,2
1376721415,14,2
1376722018,14,2
1376722622,14,2
1376723225,14,2
1376723831,14,2
1376724434,14,2
1376725038,14,2
1376725641,14,2
1376725931,15,1
1376726349,16,0
1376726953,16,0
1376727556,16,0
1376727741,15,1
1376727968,14,2
1376728588,13,3
1376729191,13,3
1376729795,13,3
1376730398,13,3
1376731001,13,3
1376731605,13,3
1376731677,12,4
1376732281,12,4
1376732884,12,4
1376733221,12,4
1376733245,12,4
1376733312,12,4
1376733420,13,3
1376734023,13,3
1376734627,13,3
1376734764,12,4
1376735368,12,4
1376735444,12,4
1376735446,11,5
1376735842,10,6
1376736445,10,6
1376737049,10,6
1376737653,10,6
1376737746,11,5
1376738023,11,5
1376738031,12,4
1376738676,13,3
1376739280,13,3
1376739302,14,2
1376739353,15,1
1376739704,16,0
1376740307,16,0
1376740911,16,0
1376740982,15,1
1376741586,15,1
1376742189,15,1
1376742682,14,2
1376743286,14,2
1376743890,14,2
1376744492,14,2
1376744684,14,2
1376744686,15,1
1376745289,15,1
1376745457,16,0
1376746060,16,0
1376746664,16,0
1376747267,16,0
1376747871,16,0
1376748474,16,0
1376749078,16,0
1376749681,16,0
1376750284,16,0
1376750888,16,0
1376751491,16,0
1376751717,15,1
1376752320,15,1
1376752924,15,1
1376753260,15,1
1376753268,16,0
1376753872,16,0
1376754091,15,1
1376754299,15,1
1376754347,15,1
1376754456,15,1
1376754523,15,1
1376755126,15,1
1376755230,14,2
1376755541,13,3
1376756136,14,2
1376756440,14,2
1376756463,14,2
1376756603,13,3
1376757206,13,3
1376757583,12,4
1376758213,11,5
1376758817,11,5
1376759420,11,5
1376760024,11,5
1376760627,11,5
1376761064,11,5
1376761066,10,6
1376761670,10,6
1376762274,10,6
1376762877,10,6
1376763354,9,7
1376763958,9,7
1376764562,9,7
1376764725,7,9
1376765065,8,8
1376765140,7,9
1376765241,8,8
1376765551,8,8
1376765612,8,8
1376765639,9,7
1376765722,8,8
1376765760,9,7
1376766281,9,7
1376766297,8,8
1376766647,7,9
1376767251,7,9
1376767320,6,10
1376767923,6,10
1376768527,6,10
1376768588,5,11
1376768897,6,10
1376769500,6,10
1376770114,6,10
1376770185,7,9
1376770195,8,8
1376770799,8,8
1376771402,8,8
1376771451,7,9
1376772054,7,9
1376772341,8,8
1376772945,8,8
1376773548,8,8
1376774071,9,7
1376774259,7,9
1376774863,7,9
1376775466,7,9
1376776069,7,9
1376776673,7,9
1376777276,7,9
1376777880,7,9
1376778483,7,9
1376779087,7,9
1376779690,7,9
1376780294,7,9
1376780442,7,9
1376780451,8,8
1376781054,8,8
1376781658,8,8
1376782261,8,8
1376782865,8,8
1376783468,8,8
1376784072,8,8
1376784221,8,8
1376784230,9,7
1376784796,8,8
1376785077,9,7
1376785664,9,7
1376785715,10,6
1376785812,10,6
1376785849,11,5
1376786398,10,6
1376786977,8,8
1376787581,8,8
1376788184,8,8
1376788788,8,8
1376789018,9,7
1376789615,10,6
1376789663,11,5
1376790254,11,5
1376790433,11,5
1376790516,12,4
1376791120,12,4
1376791723,12,4
1376792197,12,4
1376792264,12,4
1376792309,13,3
1376792425,14,2
1376792542,15,1
1376792671,16,0
1376793275,16,0
1376793878,16,0
1376794482,16,0
1376795086,16,0
1376795689,16,0
1376796293,16,0
1376796896,16,0
1376797500,16,0
1376798103,16,0
1376798707,16,0
1376799310,16,0
1376799914,16,0
1376800517,16,0
1376801121,16,0
1376801725,16,0
1376802328,16,0
1376802932,16,0
1376803535,16,0
1376804139,16,0
1376804742,16,0
1376805346,16,0
1376805949,16,0
1376806553,16,0
1376807156,16,0
1376807760,16,0
1376808363,16,0
1376808967,16,0
1376809570,16,0
1376810174,16,0
1376810777,16,0
1376811381,16,0
1376811984,16,0
1376812588,16,0
1376813192,16,0
1376813795,16,0
1376814399,16,0
1376815002,16,0
1376815606,16,0
1376816209,16,0
1376816813,16,0
1376817416,16,0
1376818020,16,0
1376818623,16,0
1376819227,16,0
1376819830,16,0
1376820434,16,0
1376821037,16,0
1376821641,16,0
1376822244,16,0
1376822421,15,1
1376823025,15,1
1376823628,15,1
1376824232,15,1
1376824743,15,1
1376824835,15,1
1376824867,16,0
1376825471,16,0
1376826074,16,0
1376826678,16,0
1376827281,16,0
1376827885,16,0
1376828488,16,0
1376828728,15,1
1376829331,15,1
1376829883,15,1
1376829886,14,2
1376830489,14,2
1376831200,13,3
1376831762,13,3
1376831880,14,2
1376831980,14,2
1376832006,14,2
1376832103,15,1
1376832375,14,2
1376832412,13,3
1376832826,12,4
