1376208200,14,36
1376208804,14,36
1376209408,14,36
1376209712,15,35
1376210316,15,35
1376210920,15,35
1376210971,14,36
1376211398,14,36
1376211414,15,35
1376211518,16,34
1376212122,16,34
1376212725,16,34
1376213208,15,35
1376213812,15,35
1376214061,14,36
1376214279,15,35
1376214288,16,34
1376214762,18,32
1376215259,17,33
1376215412,16,34
1376215992,15,35
1376216365,14,36
1376216969,14,36
1376217574,14,36
1376217691,15,35
1376218169,17,33
1376218212,16,34
1376218354,17,33
1376218957,17,33
1376219197,17,33
1376219369,18,32
1376219433,18,32
1376219502,18,32
1376220106,18,32
1376220525,18,32
1376220528,17,33
1376220687,18,32
1376220959,17,33
1376221347,16,34
1376221672,15,35
1376221814,14,36
1376221942,14,36
1376222546,14,36
1376223041,15,35
1376223084,16,34
1376223654,16,34
1376223762,16,34
1376223765,16,34
1376224027,16,34
1376224123,17,33
1376224181,18,32
1376224223,20,30
1376224827,20,30
1376225431,20,30
1376225726,21,29
1376226330,21,29
1376226934,21,29
1376226962,20,30
1376227567,20,30
1376228171,20,30
1376228776,20,30
1376229028,20,30
1376229072,21,29
1376229391,20,30
1376229821,19,31
1376229882,19,31
1376229934,19,31
1376229985,19,31
1376230058,19,31
1376230117,19,31
1376230167,20,30
1376230262,19,31
1376230355,20,30
1376230960,20,30
1376231565,20,30
1376231900,19,31
1376232262,19,31
1376232339,19,31
1376232942,19,31
1376233039,20,30
1376233154,20,30
1376233518,18,32
1376233778,18,32
1376233804,18,32
1376233897,19,31
1376233953,19,31
1376234000,19,31
1376234247,19,31
1376234292,20,30
1376234585,19,31
1376235017,20,30
1376235188,19,31
1376235791,19,31
1376235880,20,30
1376236475,17,33
1376236612,17,33
1376236956,18,32
1376237465,18,32
1376237586,18,32
1376238007,17,33
1376238612,17,33
1376239215,17,33
1376239382,16,34
1376239954,16,34
1376239982,17,33
1376240053,17,33
1376240209,17,33
1376240382,18,32
1376240483,21,29
1376240601,22,28
1376240674,21,29
1376240728,20,30
1376240803,21,29
1376240903,20,30
1376241075,20,30
1376241224,20,30
1376241322,20,30
1376241360,20,30
1376241440,20,30
1376241854,19,31
1376242035,18,32
1376242640,18,32
1376243245,18,32
1376243849,18,32
1376243916,19,30
1376244520,19,31
1376244639,19,31
1376244667,20,30
1376244854,19,31
1376244921,19,31
1376244953,20,30
1376245557,20,30
1376246000,20,30
1376246047,21,29
1376246320,20,30
1376246594,20,30
1376246637,21,29
1376247147,22,28
1376247751,22,28
1376248301,22,28
1376248360,22,28
1376248445,21,29
1376248603,21,29
1376248606,20,30
1376249210,20,30
1376249813,20,30
1376249980,20,30
1376249984,19,31
1376250162,19,31
1376250165,18,32
1376250291,17,33
1376250937,17,33
1376250946,18,32
1376251551,18,32
1376252154,18,32
1376252758,18,32
1376253098,19,31
1376253702,19,31
1376253989,18,32
1376254592,18,32
1376255199,18,32
1376255212,19,31
1376255816,19,31
1376256420,19,31
1376256784,20,30
1376257111,19,31
1376257421,20,30
1376257895,19,31
1376258471,18,32
1376258538,18,32
1376259141,18,32
1376259745,18,32
1376260349,18,32
1376260952,18,32
1376261556,18,32
1376261676,17,33
1376262275,17,33
1376262287,18,32
1376262891,18,32
1376263114,18,32
1376263157,18,32
1376263189,18,32
1376263288,18,32
1376263354,18,32
1376263390,18,32
1376263432,19,31
1376264036,19,31
1376264640,19,31
1376265244,19,31
1376265847,19,31
1376266451,19,31
1376266585,18,32
1376267189,18,32
1376267792,18,32
1376268397,18,32
1376269001,18,32
1376269625,17,33
1376270229,17,33
1376270834,17,33
1376271437,17,33
1376271879,17,33
1376272381,16,34
1376272984,16,34
1376273588,16,34
1376274192,16,34
1376274796,16,34
1376275400,16,34
1376275474,15,35
1376275524,12,38
1376275581,12,38
1376275635,12,38
1376276239,12,38
1376276843,12,38
1376277447,12,38
1376278051,12,38
1376278655,12,38
1376279259,12,38
1376279353,12,38
1376279430,13,37
1376280034,13,37
1376280417,14,36
1376281021,14,36
1376281625,14,36
1376281820,15,35
1376281864,14,36
1376282468,14,36
1376283072,14,36
1376283676,14,36
1376284293,13,37
1376284526,13,37
1376284576,13,37
1376285179,13,37
1376285225,14,36
1376285829,14,36
1376285871,13,37
1376286519,14,36
1376286560,11,39
1376286703,11,39
1376286705,12,38
1376287021,11,39
1376287625,11,39
1376287757,10,40
1376287810,10,40
1376288414,10,40
1376288544,10,40
1376288567,11,39
1376288824,11,39
1376288907,13,37
1376289008,13,37
1376289052,14,36
1376289336,15,35
1376289388,15,35
1376289441,17,33
1376289611,18,32
1376289666,19,31
1376290141,21,29
1376290302,21,29
1376290312,21,29
1376290397,20,30
1376290468,22,28
1376290502,21,29
1376290724,19,31
1376290780,20,30
1376290804,22,28
1376291022,24,26
1376291025,25,25
1376291244,25,24
1376291316,25,24
1376291370,28,22
1376291432,28,22
1376291489,28,22
1376291542,29,21
1376291734,28,22
1376292027,28,22
1376292051,27,23
1376292128,26,24
1376292176,27,23
1376292780,27,23
1376292878,26,24
1376292943,26,24
1376292955,27,23
1376293363,27,23
1376293382,26,24
1376293538,27,23
1376293842,27,23
1376293845,28,22
1376294130,27,23
1376294366,28,22
1376294683,27,23
1376294692,28,22
1376295200,29,21
1376295318,28,22
1376295359,29,21
1376295426,28,22
1376295492,29,21
1376295640,30,20
1376296245,30,20
1376296628,29,21
1376296705,30,20
1376297167,29,21
1376297771,29,21
1376298375,29,21
1376298661,30,20
1376299265,30,20
1376299869,30,20
1376300482,30,20
1376301090,30,20
1376301315,31,19
1376301676,30,20
1376302179,30,20
1376302223,29,21
1376302271,28,22
1376302856,27,23
1376303031,26,24
1376303251,25,25
1376303392,24,26
1376303624,24,26
1376303673,24,26
1376303737,25,25
1376303782,25,25
1376303858,25,25
1376303894,25,25
1376303997,26,24
1376304057,26,24
1376304391,25,25
1376304951,25,25
1376305454,25,25
1376306520,25,25
1376307092,24,26
1376307643,26,24
1376307647,26,24
1376307885,26,24
1376307930,26,24
1376307960,27,23
1376308563,27,23
1376309167,27,23
1376309397,26,24
1376309479,25,25
1376310083,25,25
1376310235,26,24
1376310839,26,24
1376311227,26,24
1376311295,26,24
1376311598,26,24
1376311610,27,23
1376311905,27,23
1376311923,27,23
1376312499,26,24
1376312719,27,23
1376312802,26,24
1376312811,27,23
1376312911,28,22
1376313202,29,21
1376313331,31,19
1376313402,31,19
1376313405,32,18
1376313563,32,18
1376313614,32,18
1376313658,33,17
1376313831,33,17
1376313932,32,18
1376313987,32,18
1376314481,31,19
1376314831,31,19
1376314900,30,20
1376315505,30,20
1376316109,30,20
1376316305,30,20
1376316402,31,19
1376316445,32,18
1376316524,32,18
1376316527,33,17
1376317130,33,17
1376317734,33,17
1376317898,32,18
1376318429,33,17
1376319032,32,18
1376319579,31,19
1376320097,32,18
1376320140,31,19
1376320325,32,18
1376320523,33,17
1376321040,32,18
1376321140,32,18
1376321222,33,17
1376321455,32,18
1376321621,32,18
1376321633,33,17
1376321915,33,17
1376321938,34,16
1376322102,34,16
1376322104,33,17
1376322761,34,16
1376322811,35,15
1376322867,36,14
1376322965,37,13
1376323022,36,14
1376323475,35,15
1376323531,35,15
1376323601,34,15
1376323631,35,14
1376323680,36,13
1376323843,35,14
1376323893,36,14
1376324082,34,16
1376324135,35,15
1376324383,36,14
1376324424,37,13
1376324499,36,14
1376324550,37,13
1376324619,36,14
1376324669,36,14
1376324743,36,14
1376324953,37,13
1376325157,37,13
1376325193,38,12
1376325279,38,12
1376325538,37,13
1376325731,38,12
1376325823,38,12
1376325825,39,11
1376326175,39,10
1376326206,38,11
1376326263,37,12
1376326478,36,13
1376326543,36,13
1376326601,38,11
1376326740,37,12
1376326859,36,13
1376327389,35,14
1376327479,34,15
1376327624,33,16
1376327640,32,17
1376327744,32,17
1376327796,31,18
1376327807,32,17
1376328223,32,17
1376328226,33,16
1376328640,33,16
1376328680,33,16
1376328727,33,16
1376328776,32,17
1376328935,31,18
1376329180,31,18
1376329213,31,18
1376329250,32,17
1376329539,31,17
1376329584,31,18
1376329637,32,16
1376329690,32,16
1376329734,31,17
1376330020,32,17
1376330070,31,18
1376330119,31,18
1376330160,31,18
1376330366,30,19
1376330443,29,20
1376330625,27,22
1376330628,26,23
1376330895,25,24
1376330977,25,24
1376331019,25,24
1376331165,26,23
1376331262,27,22
1376331397,26,23
1376331443,25,24
1376331849,24,25
1376332213,24,25
1376332257,25,24
1376332481,25,24
1376332512,26,23
1376333005,25,24
1376333337,26,23
1376333941,26,23
1376334086,25,24
1376334690,25,24
1376334748,24,25
1376334942,24,25
1376334986,25,24
1376335224,24,25
1376335677,24,25
1376335778,24,25
1376335823,25,24
1376336428,25,24
1376336497,25,24
1376336542,26,23
1376336650,26,23
1376336694,27,22
1376336991,26,23
1376337461,27,22
1376337794,26,23
1376338324,27,22
1376338551,26,23
1376339155,26,23
1376339640,27,22
1376339700,26,23
1376339899,25,24
1376340455,25,24
1376340500,26,23
1376340734,25,24
1376341304,25,24
1376341316,24,25
1376341482,23,26
1376342023,22,27
1376342026,21,28
1376342323,22,27
1376342802,22,27
1376342846,23,26
1376343365,22,27
1376343447,23,26
1376343488,24,25
1376343582,23,26
1376344186,23,26
1376344790,23,26
1376345394,23,26
1376345741,23,26
1376345933,22,27
1376346537,22,27
1376346607,23,26
1376346858,24,25
1376347240,24,25
1376347296,26,23
1376347900,26,23
1376348018,25,24
1376348463,23,26
1376349067,23,26
1376349238,24,25
1376349842,24,25
1376350446,24,25
1376351049,24,25
1376351653,24,25
1376352257,24,25
1376352861,24,25
1376353465,24,25
1376354069,24,25
1376354143,23,26
1376354747,23,26
1376355351,23,26
1376355955,23,26
1376356559,23,26
1376356653,22,27
1376357257,22,27
1376357861,22,27
1376358272,22,27
1376358876,22,27
1376359056,23,26
1376359660,23,26
1376360264,23,26
1376360868,23,26
1376361472,23,26
1376362076,23,26
1376362680,23,26
1376363284,23,26
1376363888,23,26
1376364492,23,26
1376364605,22,27
1376364721,21,28
1376365324,21,28
1376365800,20,29
1376366404,20,29
1376367008,20,29
1376367367,19,30
1376367971,19,30
1376368575,19,30
1376369179,19,30
1376369783,19,30
1376370387,19,30
1376370943,19,30
1376370945,19,30
1376371549,19,30
1376372153,19,30
1376372510,18,31
1376372886,19,30
1376373017,19,30
1376373060,20,29
1376373437,19,30
1376373563,20,29
1376373635,20,29
1376373649,21,28
1376374003,21,28
1376374010,22,27
1376374122,23,26
1376374156,23,26
1376374244,23,26
1376374356,23,26
1376374456,23,26
1376374530,21,28
1376374702,22,27
1376374743,22,27
1376374787,23,26
1376375240,22,27
1376375774,21,28
1376375886,20,29
1376376386,21,28
1376376445,22,27
1376376500,23,26
1376376758,23,26
1376376824,23,26
1376376853,23,26
1376376942,25,24
1376376993,26,23
1376377031,28,21
1376377084,27,22
1376377216,27,22
1376377259,28,21
1376377531,27,22
1376377661,26,23
1376377718,28,21
1376377893,28,21
1376377938,28,21
1376377990,28,21
1376378043,28,21
1376378263,28,21
1376378278,31,18
1376378365,30,19
1376378613,31,18
1376378731,29,20
1376379335,29,20
1376379502,30,20
1376379579,29,21
1376379623,30,20
1376379702,31,19
1376379740,30,20
1376379789,31,19
1376379880,31,19
1376379889,32,18
1376380243,32,18
1376380246,33,17
1376380658,32,18
1376380844,32,18
1376380898,33,16
1376380964,33,17
1376380972,34,16
1376381266,33,17
1376381481,32,18
1376381558,32,18
1376381601,33,17
1376382015,31,19
1376382059,32,18
1376382449,32,18
1376382492,33,17
1376382681,33,17
1376382929,32,18
1376383062,32,18
1376383066,31,19
1376383669,31,19
1376383980,30,20
1376384255,30,20
1376384304,31,19
1376384381,30,20
1376384418,31,19
1376385022,31,19
1376385626,31,19
1376386235,31,19
1376386282,32,18
1376386892,33,17
1376386986,32,18
1376387589,32,18
1376388102,32,18
1376388111,33,17
1376388698,33,17
1376388742,34,16
1376389286,35,15
1376389651,34,16
1376389788,34,16
1376390182,34,16
1376390226,35,15
1376390321,35,15
1376390383,35,15
1376390407,37,13
1376390571,36,14
1376390672,35,15
1376390712,36,14
1376391316,36,14
1376391363,35,15
1376391658,34,16
1376392183,34,16
1376392191,35,15
1376392806,34,16
1376393409,34,16
1376394013,34,16
1376394333,33,17
1376394937,33,17
1376395395,34,16
1376395482,34,16
1376395527,33,17
1376395563,34,16
1376395743,33,17
1376396314,34,16
1376396918,34,16
1376397206,33,17
1376397824,33,17
1376397833,33,17
1376397904,32,18
1376398508,32,18
1376399112,32,18
1376399715,32,18
1376400320,32,18
1376400584,32,18
1376400594,33,17
1376400932,34,16
1376401530,35,15
1376402134,35,15
1376402314,34,16
1376402918,34,16
1376403321,33,17
1376403927,33,17
1376404531,33,17
1376404585,33,17
1376404661,34,16
1376404678,33,17
1376404931,33,17
1376405021,34,16
1376405626,34,16
1376406159,33,17
1376406262,34,16
1376406663,33,17
1376406974,34,16
1376407170,35,15
1376407228,36,14
1376407530,37,13
1376407597,38,12
1376407639,37,13
1376407761,37,13
1376407837,37,13
1376407876,38,12
1376408057,39,11
1376408126,37,13
1376408202,38,12
1376408210,39,11
1376408384,40,10
1376408425,42,8
1376408475,41,9
1376408742,41,9
1376408752,42,8
1376408851,41,9
1376409341,42,8
1376409643,42,8
1376409653,43,7
1376409712,42,8
1376409778,43,7
1376410262,42,8
1376410326,42,8
1376410422,44,6
1376410551,43,7
1376410655,42,8
1376410712,42,8
1376410779,42,8
1376410834,41,9
1376410896,39,11
1376410939,39,11
1376411020,39,11
1376411029,40,10
1376411439,39,11
1376412043,39,11
1376412384,38,12
1376412739,38,12
1376412814,37,13
1376413174,37,13
1376413217,36,14
1376413405,37,13
1376413478,36,14
1376413682,35,15
1376414006,35,15
1376414049,36,14
1376414136,35,15
1376414293,36,14
1376414547,36,14
1376414592,37,13
1376415196,37,13
1376415255,36,14
1376415485,35,15
1376415902,37,13
1376415983,36,14
1376416161,36,14
1376416230,37,13
1376416298,37,13
1376416717,38,12
1376416824,39,11
1376416893,39,11
1376417178,38,12
1376417782,38,12
1376418125,37,13
1376418237,38,12
1376418700,37,13
1376418943,36,14
1376419103,35,15
1376419288,35,15
1376419316,36,14
1376419463,35,15
1376420021,36,14
1376420131,36,14
1376420165,37,13
1376420770,37,13
1376421374,37,13
1376421585,35,15
1376421628,34,16
1376421935,33,17
1376422057,33,17
1376422146,33,17
1376422198,34,16
1376422643,33,17
1376422925,32,18
1376422986,32,18
1376423075,32,18
1376423089,33,17
1376423743,34,16
1376423983,34,16
1376423986,33,17
1376424590,33,17
1376425223,32,18
1376425827,32,18
1376425943,31,19
1376426547,31,19
1376426739,30,20
1376427343,30,20
1376427948,30,20
1376428027,31,19
1376428123,30,20
1376428258,29,21
1376428504,28,22
1376428704,30,20
1376428976,29,21
1376429472,28,22
1376430075,28,22
1376430679,28,22
1376430822,27,23
1376430830,27,23
1376431219,26,24
1376431262,25,25
1376431889,25,25
1376431917,26,24
1376432010,27,23
1376432259,25,25
1376432862,25,25
1376432917,24,25
1376432982,24,26
1376433586,24,26
1376434115,23,27
1376434340,23,27
1376434375,24,26
1376434483,24,26
1376434486,25,25
1376434629,24,26
1376435141,26,24
1376435745,26,24
1376436348,26,24
1376436545,25,25
1376437149,25,25
1376437424,24,26
1376438028,24,26
1376438632,24,26
1376439236,24,26
1376439840,24,26
1376440444,24,26
1376441048,24,26
1376441651,24,26
1376442255,24,26
1376442427,25,25
1376442471,24,26
1376443075,24,26
1376443678,24,26
1376444282,24,26
1376444674,24,26
1376444717,24,26
1376444982,24,26
1376445267,25,25
1376445871,25,25
1376446475,25,25
1376447079,25,25
1376447682,25,25
1376448287,25,25
1376448890,25,25
1376449495,25,25
1376450099,25,25
1376450702,25,25
1376451306,25,25
1376451910,25,25
1376452514,25,25
1376453118,25,25
1376453722,25,25
1376454326,25,25
1376454801,26,24
1376455405,26,24
1376456009,26,24
1376456613,26,24
1376457150,25,25
1376457195,24,26
1376457237,24,26
1376457308,24,26
1376457395,24,26
1376457584,24,26
1376457587,25,25
1376458470,25,25
1376458572,24,26
1376459176,24,26
1376459339,25,25
1376459693,24,26
1376459909,25,25
1376460513,25,25
1376461028,24,26
1376461206,25,25
1376461300,23,27
1376461361,25,25
1376461648,25,25
1376461677,26,24
1376461883,27,23
1376462137,27,23
1376462149,28,22
1376462295,27,23
1376462919,29,21
1376462974,31,19
1376463157,32,18
1376463242,32,18
1376463296,33,17
1376463574,32,18
1376463626,32,18
1376463700,33,17
1376463709,34,16
1376463873,35,15
1376463917,35,15
1376463957,37,13
1376464051,35,15
1376464344,35,15
1376464418,37,13
1376464476,38,12
1376465001,39,11
1376465049,40,10
1376465119,39,11
1376465204,39,11
1376465306,41,9
1376465496,41,9
1376466034,41,9
1376466078,42,8
1376466158,42,7
1376466223,43,5
1376466270,43,5
1376466305,44,4
1376466797,44,4
1376466852,45,3
1376467388,44,4
1376467707,43,5
1376467766,42,6
1376468292,43,5
1376468664,43,5
1376468708,44,4
1376468834,44,4
1376468878,45,3
1376469043,43,5
1376469647,43,7
1376470124,43,7
1376470126,44,6
1376470274,43,7
1376470878,43,7
1376470981,44,6
1376471228,43,7
1376471620,42,8
1376471731,41,9
1376472334,41,9
1376472686,40,10
1376473290,40,10
1376473893,40,10
1376474004,41,9
1376474186,41,9
1376474229,42,8
1376474710,43,7
1376474858,43,7
1376474985,43,7
1376474987,44,6
1376475269,43,7
1376475336,43,7
1376475390,45,5
1376475547,44,6
1376475604,43,7
1376476053,42,8
1376476149,41,9
1376476520,42,8
1376477124,42,8
1376477622,43,7
1376478023,43,7
1376478236,42,8
1376478510,41,9
1376478856,40,10
1376478977,41,9
1376479030,42,8
1376479106,42,8
1376479200,41,9
1376479445,42,8
1376479513,43,7
1376479691,42,8
1376479954,43,7
1376479990,42,8
1376480078,42,8
1376480111,42,8
1376480714,42,8
1376481124,41,9
1376481398,41,9
1376481411,42,8
1376482015,42,8
1376482161,43,7
1376482455,42,8
1376482660,43,7
1376483017,43,7
1376483321,42,8
1376483663,41,9
1376483744,41,9
1376484082,41,9
1376484320,40,10
1376484643,41,9
1376484914,40,10
1376485518,40,10
1376486122,40,10
1376486726,40,10
1376487330,40,10
1376487478,41,9
1376487648,40,10
1376487811,39,11
1376488119,38,12
1376488723,38,12
1376489327,38,12
1376489538,37,13
1376490141,37,13
1376490745,37,13
1376490793,38,12
1376490866,38,12
1376490923,38,12
1376491043,38,12
1376491087,39,11
1376491407,39,11
1376491541,37,13
1376491687,37,13
1376491743,36,14
1376491785,36,14
1376491895,36,14
1376492113,36,14
1376492181,36,14
1376492261,35,15
1376492366,36,14
1376492848,37,13
1376492928,36,14
1376493192,37,13
1376493342,38,12
1376493670,38,12
1376493750,38,12
1376493790,39,11
1376493976,40,10
1376494182,39,11
1376494184,40,10
1376494299,38,12
1376494699,37,13
1376494807,36,14
1376495301,36,14
1376495480,35,15
1376495524,34,16
1376495672,34,16
1376495740,36,14
1376495783,37,13
1376496218,36,14
1376496506,37,13
1376496713,36,14
1376496878,35,15
1376497235,36,14
1376497269,35,15
1376497381,34,16
1376497461,34,16
1376497512,35,15
1376497702,36,14
1376498306,36,14
1376498665,35,15
1376499027,35,15
1376499072,36,14
1376499676,36,14
1376499791,35,15
1376499987,34,16
1376500084,33,17
1376500211,32,18
1376500341,32,18
1376500412,33,17
1376501016,33,17
1376501246,32,18
1376501290,33,17
1376501683,34,16
1376502152,35,15
1376502472,34,16
1376502540,33,17
1376502824,32,18
1376502884,33,16
1376502894,34,16
1376503464,34,16
1376503508,35,15
1376503668,34,16
1376504013,34,16
1376504108,35,15
1376504227,34,16
1376504330,33,17
1376504934,33,17
1376505055,32,18
1376505659,32,18
1376505905,33,17
1376506024,33,17
1376506253,32,18
1376506410,31,19
1376506622,30,20
1376506896,29,21
1376507225,27,23
1376507419,27,23
1376507447,28,22
1376507514,27,23
1376507715,26,24
1376508319,26,24
1376508528,25,25
1376509093,25,25
1376509171,26,24
1376509321,25,25
1376509924,25,25
1376510246,24,26
1376510849,24,26
1376511454,24,26
1376511545,25,25
1376512123,25,25
1376512134,27,23
1376512432,26,24
1376512820,27,23
1376513099,26,24
1376513736,26,24
1376513759,27,23
1376514025,27,23
1376514159,28,22
1376514187,28,22
1376514791,28,22
1376514881,28,22
1376514884,27,23
1376515003,27,23
1376515007,26,24
1376515092,27,23
1376515472,27,22
1376515539,28,21
1376515557,28,21
1376515696,27,22
1376516300,27,23
1376516904,27,23
1376517508,27,23
1376518112,27,23
1376518156,26,24
1376518459,27,23
1376519063,27,23
1376519669,27,23
1376520273,27,23
1376520425,28,22
1376521028,28,22
1376521472,27,23
1376522076,27,23
1376522680,27,23
1376523287,25,25
1376523891,25,25
1376524269,25,25
1376524312,24,26
1376524494,23,27
1376525099,23,27
1376525372,23,27
1376525478,23,27
1376525733,23,27
1376525781,23,27
1376526385,23,27
1376526989,23,27
1376527593,23,27
1376528197,23,27
1376528380,23,27
1376528388,24,26
1376528764,23,27
1376529368,23,27
1376529972,23,27
1376530575,23,27
1376530619,22,28
1376531077,22,28
1376531403,21,29
1376532008,21,29
1376532611,21,29
1376533215,21,29
1376534139,21,29
1376534145,21,29
1376534749,21,29
1376535353,21,29
1376535956,21,29
1376536560,21,29
1376537164,21,29
1376537768,21,29
1376538372,21,29
1376538976,21,29
1376539580,21,29
1376540184,21,29
1376540262,21,29
1376540265,22,28
1376540822,21,29
1376541160,22,28
1376541764,22,28
1376542368,22,28
1376542972,22,28
1376543576,22,28
1376543736,21,29
1376544339,21,29
1376544943,21,29
1376545547,21,29
1376545725,21,29
1376546329,21,29
1376546933,21,29
1376547537,21,29
1376548141,21,29
1376548494,22,28
1376549098,22,28
1376549702,22,28
1376549759,23,27
1376550363,23,27
1376550967,23,27
1376551034,22,28
1376551638,22,28
1376552242,22,28
1376552597,21,29
1376553200,21,29
1376553804,21,29
1376554083,20,30
1376554687,20,30
1376555291,20,30
1376555551,19,31
1376556810,18,32
1376557008,17,33
1376557388,16,34
1376557717,15,35
1376557750,14,36
1376558200,14,36
1376558255,14,36
1376558298,15,35
1376558364,16,34
1376558624,16,34
1376558658,17,33
1376558694,17,33
1376558789,16,34
1376558835,17,33
1376558871,18,32
1376558935,17,33
1376559244,15,35
1376559338,17,33
1376559620,16,34
1376560223,17,33
1376560770,16,34
1376561374,16,34
1376561952,16,34
1376561997,17,33
1376562544,16,34
1376562588,15,35
1376562874,13,37
1376562905,13,37
1376562950,14,36
1376563035,14,36
1376563080,15,35
1376563304,16,34
1376563819,17,33
1376564424,17,33
1376565029,17,33
1376565633,17,33
1376565999,16,34
1376566046,16,34
1376566076,17,33
1376566349,16,34
1376566404,16,34
1376566480,16,34
1376566521,17,33
1376566812,17,33
1376566856,18,32
1376566958,19,31
1376567023,19,31
1376567055,20,30
1376567203,21,29
1376567224,21,29
1376567267,22,28
1376567871,22,28
1376568058,23,27
1376568662,23,27
1376569265,23,27
1376569619,22,28
1376569758,21,29
1376570361,21,29
1376570491,22,28
1376570773,22,28
1376570862,24,26
1376571102,24,26
1376571342,24,26
1376571345,25,25
1376571506,24,26
1376572109,24,26
1376572713,24,26
1376573318,24,26
1376573501,24,26
1376573546,25,25
1376574150,25,25
1376574703,23,27
1376575307,23,27
1376575913,23,27
1376575989,22,28
1376576599,21,29
1376577036,21,29
1376577047,22,28
1376577651,22,28
1376578255,22,28
1376578623,23,27
1376579227,23,27
1376579476,23,27
1376579534,23,27
1376580127,23,27
1376580391,22,28
1376580451,23,27
1376580763,24,26
1376581224,25,25
1376581336,26,24
1376581453,26,24
1376581493,26,24
1376582097,26,24
1376582255,24,26
1376582405,23,27
1376582943,22,28
1376583367,21,29
1376583453,22,28
1376583487,20,30
1376583912,21,29
1376584004,21,29
1376584016,19,31
1376584652,18,32
1376585257,18,32
1376585738,18,32
1376585750,19,31
1376585919,18,32
1376586326,20,30
1376586929,20,30
1376587533,20,30
1376587599,19,31
1376587827,19,31
1376588432,19,31
1376589036,19,31
1376589247,20,30
1376589828,19,31
1376590412,18,32
1376590920,19,31
1376591128,20,30
1376591190,21,29
1376591219,22,28
1376591740,21,29
1376591784,20,30
1376591914,21,29
1376592518,21,29
1376592582,21,29
1376592585,20,30
1376592695,20,30
1376592738,21,29
1376592872,20,30
1376593363,20,30
1376593366,19,31
1376593677,18,32
1376594280,18,32
1376594559,18,32
1376594603,19,31
1376594655,20,30
1376595259,20,30
1376595344,20,30
1376595346,21,29
1376595567,22,28
1376595736,21,29
1376596339,21,29
1376596707,21,29
1376596751,22,28
1376597338,21,29
1376597942,21,29
1376598066,22,28
1376598340,22,28
1376598349,23,27
1376598594,22,28
1376598680,21,29
1376598727,21,29
1376598778,21,29
1376598877,22,28
1376598936,22,28
1376598947,22,28
1376599011,22,28
1376599099,22,28
1376599174,23,27
1376599187,24,26
1376599822,24,26
1376599865,25,25
1376600469,25,25
1376601073,25,25
1376601178,25,25
1376601256,26,24
1376601425,25,25
1376601502,26,24
1376602106,26,24
1376602135,24,26
1376602739,24,26
1376603002,25,25
1376603312,26,24
1376603736,25,25
1376603829,23,27
1376604217,24,26
1376604262,25,25
1376604306,26,24
1376604788,26,24
1376604831,27,23
1376605073,26,24
1376605238,24,26
1376605631,24,26
1376605675,25,25
1376606288,27,23
1376606334,26,24
1376606938,26,24
1376607541,26,24
1376608145,26,24
1376608749,26,24
1376609077,25,25
1376609603,24,26
1376609646,23,27
1376610250,23,27
1376610854,23,27
1376611045,22,28
1376611571,21,29
1376612175,21,29
1376612778,21,29
1376613382,21,29
1376613985,21,29
1376614589,21,29
1376615048,20,30
1376615651,20,30
1376615843,21,29
1376616447,21,29
1376617050,21,29
1376617474,21,29
1376618078,21,29
1376618194,21,29
1376618265,21,29
1376618331,21,29
1376618418,21,29
1376618484,21,29
1376618517,21,29
1376619120,21,29
1376619724,21,29
1376620328,21,29
1376620932,21,29
1376621536,21,29
1376621790,22,28
1376622393,22,28
1376622997,22,28
1376623601,22,28
1376624205,22,28
1376624809,22,28
1376625413,22,28
1376626017,22,28
1376626476,23,27
1376627080,23,27
1376627397,22,28
1376627550,23,27
1376627716,24,26
1376628320,24,26
1376628924,24,26
1376629528,24,26
1376629947,23,27
1376630551,23,27
1376631040,24,26
1376631644,24,26
1376632190,23,27
1376632794,23,27
1376633128,22,28
1376633732,22,28
1376634045,22,28
1376634087,22,27
1376634211,22,27
1376634256,23,26
1376634306,24,25
1376634566,24,25
1376634610,25,24
1376634906,23,26
1376635236,23,26
1376635292,25,24
1376635877,26,23
1376635951,27,22
1376636331,26,23
1376636682,27,22
1376636853,27,22
1376636869,27,22
1376637193,27,22
1376637277,29,20
1376637881,29,21
1376638353,28,22
1376638534,29,21
1376638647,28,22
1376639051,28,22
1376639102,29,21
1376639401,30,20
1376639541,30,20
1376639589,32,18
1376640193,32,18
1376640268,32,18
1376640312,33,17
1376640810,32,18
1376640910,31,19
1376641228,30,20
1376641333,30,20
1376641419,32,18
1376642023,32,18
1376642627,32,18
1376643235,31,19
1376643411,30,20
1376643780,29,21
1376644028,29,21
1376644085,29,21
1376644129,30,20
1376644401,29,21
1376644755,29,21
1376644799,30,20
1376645109,29,21
1376645170,28,22
1376645449,27,23
1376646038,28,22
1376646094,28,22
1376646177,28,22
1376646245,28,22
1376646327,28,22
1376646357,29,21
1376646475,28,22
1376647079,28,22
1376647683,28,22
1376647999,27,23
1376648544,27,23
1376648588,28,22
1376649122,26,24
1376649444,25,25
1376649575,26,24
1376649679,26,24
1376649714,27,23
1376650084,28,22
1376650352,27,23
1376650782,26,24
1376651347,26,24
1376651419,27,23
1376651543,27,23
1376651567,28,22
1376651911,27,23
1376652118,26,24
1376652574,27,23
1376653178,27,23
1376653229,28,22
1376653301,29,21
1376653601,29,21
1376653610,30,20
1376653874,31,19
1376654053,31,19
1376654096,32,18
1376654701,32,18
1376655304,32,18
1376655514,31,19
1376656117,31,19
1376656723,31,19
1376657268,30,20
1376657766,31,19
1376658173,30,20
1376658641,30,20
1376658679,30,20
1376658729,31,19
1376659123,31,19
1376659130,29,21
1376659494,29,21
1376659825,29,21
1376659869,30,20
1376660037,30,20
1376660176,30,20
1376660220,31,19
1376660701,33,17
1376661305,33,17
1376661728,32,18
1376661878,30,20
1376662224,29,21
1376662581,28,22
1376662839,28,22
1376662883,29,21
1376663358,29,21
1376663408,28,22
1376663456,29,21
1376664060,29,21
1376664120,28,22
1376664205,29,21
1376664501,30,20
1376664695,29,21
1376664733,28,22
1376664923,27,23
1376665527,27,23
1376665583,27,23
1376665634,27,23
1376665709,27,23
1376665873,27,23
1376665985,27,23
1376666097,27,23
1376666183,28,22
1376666252,29,21
1376666341,27,23
1376666725,27,23
1376666779,29,21
1376666990,28,22
1376667402,28,22
1376667405,27,23
1376667556,26,24
1376667640,25,25
1376667734,24,26
1376667878,25,25
1376668071,24,26
1376668167,24,26
1376668211,25,25
1376668653,24,26
1376668697,25,25
1376669302,25,25
1376669900,25,25
1376669958,26,24
1376669998,26,24
1376670085,27,23
1376670139,27,23
1376670225,27,23
1376670234,27,23
1376670370,26,24
1376670447,25,25
1376671050,25,25
1376671153,26,23
1376671204,27,22
1376671648,28,22
1376672252,28,22
1376672473,28,22
1376672922,28,22
1376673269,28,22
1376673313,29,21
1376673917,29,21
1376674054,28,22
1376674122,29,21
1376674436,30,20
1376675002,31,19
1376675058,32,18
1376675664,32,18
1376675796,32,18
1376675853,33,17
1376675918,32,18
1376676521,32,18
1376676625,32,18
1376676671,33,17
1376677276,33,17
1376677516,32,18
1376678120,32,18
1376678441,32,18
1376678499,33,17
1376678613,34,16
1376678675,34,16
1376679139,34,16
1376679183,35,15
1376679826,35,15
1376680430,34,16
1376681033,34,16
1376681637,34,16
1376682174,33,17
1376682333,32,18
1376682679,32,18
1376682709,33,17
1376682868,31,19
1376683181,32,18
1376683247,32,18
1376683250,31,19
1376683658,29,21
1376684140,29,21
1376684150,30,20
1376684754,30,20
1376685358,30,20
1376685574,29,21
1376685898,28,22
1376686155,27,23
1376686412,28,22
1376687015,28,22
1376687619,28,22
1376688223,28,22
1376688827,28,22
1376689333,29,21
1376689938,29,21
1376690543,29,21
1376690953,27,22
1376690997,27,23
1376691330,28,22
1376691744,27,23
1376692306,27,23
1376692308,28,22
1376692912,28,22
1376693247,28,22
1376693291,29,21
1376693336,30,20
1376693940,30,20
1376694491,29,21
1376695096,29,21
1376695699,29,21
1376696303,29,21
1376696741,28,22
1376697344,28,22
1376697779,27,23
1376698382,27,23
1376699017,27,23
1376699044,28,22
1376699648,28,22
1376699911,27,23
1376700514,27,23
1376701118,27,23
1376701722,27,23
1376702127,26,24
1376702409,25,25
1376702537,26,24
1376703140,26,24
1376703873,26,24
1376703966,26,24
1376704419,26,24
1376704452,27,23
1376705056,27,23
1376705660,27,23
1376706006,28,22
1376706610,28,22
1376707214,28,22
1376707818,28,22
1376708171,28,22
1376708215,29,21
1376708818,29,21
1376709422,29,21
1376710026,29,21
1376710630,29,21
1376711233,29,21
1376711837,29,21
1376712441,29,21
1376712631,28,22
1376713234,28,22
1376713838,28,22
1376714137,28,22
1376714204,28,22
1376714309,30,20
1376714913,30,20
1376715268,31,19
1376715783,30,20
1376716387,30,20
1376716518,29,21
1376716560,28,22
1376717058,27,23
1376717661,27,23
1376718265,27,23
1376718868,27,23
1376719472,27,23
1376719750,28,22
1376720354,28,22
1376720958,28,22
1376721562,28,22
1376722166,28,22
1376722466,27,23
1376723069,27,23
1376723673,27,23
1376724277,27,23
1376724881,27,23
1376725106,26,24
1376725709,26,24
1376725976,25,25
1376726381,25,25
1376726424,26,24
1376726789,26,24
1376726832,27,23
1376727436,27,23
1376728040,27,23
1376728271,26,24
1376728544,26,24
1376728586,26,24
1376729190,26,24
1376729307,26,24
1376729371,27,23
1376729837,26,24
1376730073,25,25
1376730423,26,24
1376731027,26,24
1376731194,25,25
1376731341,26,24
1376731945,26,24
1376732298,25,25
1376732526,24,26
1376733052,23,27
1376733656,23,27
1376733740,22,28
1376734345,22,28
1376734686,23,27
1376734781,23,27
1376734881,22,28
1376735485,22,28
1376735943,23,27
1376736546,23,27
1376736994,24,26
1376737085,23,27
1376737261,22,28
1376737866,22,28
1376738006,21,29
1376738610,21,29
1376738963,22,28
1376739550,21,29
1376740154,21,29
1376740204,22,28
1376740808,22,28
1376741024,22,28
1376741071,23,27
1376741141,24,26
1376741745,24,26
1376741947,23,27
1376742260,22,28
1376742864,22,28
1376742928,23,27
1376743518,23,27
1376743563,24,26
1376743662,24,26
1376743680,22,28
1376744039,21,29
1376744349,22,28
1376744953,22,28
1376745557,22,28
1376745652,21,29
1376746256,21,29
1376746860,21,29
1376747465,21,29
1376747853,20,30
1376748437,19,31
1376749042,19,31
1376749647,19,31
1376749719,19,31
1376749755,20,30
1376749947,21,29
1376749991,22,28
1376750174,22,28
1376750218,23,27
1376750622,22,28
1376751226,22,28
1376751829,22,28
1376751951,21,29
1376752096,21,29
1376752701,21,29
1376753136,21,29
1376753185,20,30
1376753385,20,30
1376753433,22,28
1376753505,22,28
1376753529,23,26
1376753633,23,26
1376753735,23,26
1376753778,24,25
1376754282,23,26
1376754759,22,27
1376754926,23,26
1376755531,23,27
1376755833,23,27
1376755855,22,28
1376756117,22,28
1376756160,23,27
1376756222,22,28
1376756616,20,30
1376756952,19,31
1376757209,19,31
1376757249,20,30
1376757670,19,31
1376757719,20,30
1376757917,21,28
1376757962,22,28
1376758565,22,28
1376758944,22,28
1376758978,22,28
1376759080,22,28
1376759572,21,29
1376759951,21,29
1376759995,22,28
1376760125,22,28
1376760222,21,29
1376760252,22,28
1376760852,21,29
1376761452,20,30
1376761757,21,29
1376762205,22,28
1376762757,23,27
1376763197,22,28
1376763581,21,29
1376764187,21,29
1376764820,21,29
1376764864,22,28
1376764964,22,28
1376765000,23,27
1376765106,23,27
1376765593,22,28
1376765766,23,27
1376765855,24,26
1376766038,23,27
1376766198,23,27
1376766241,24,26
1376766488,23,27
1376766643,24,26
1376767247,24,26
1376767851,24,26
1376767939,23,27
1376768543,23,27
1376768613,22,28
1376769217,22,28
1376769821,22,28
1376770425,22,28
1376771029,22,28
1376771633,22,28
1376771708,21,29
1376771844,20,30
1376772179,19,31
1376772783,19,31
1376773065,20,30
1376773460,19,31
1376773944,16,34
1376774548,16,34
1376774896,14,36
1376775499,14,36
1376776103,14,36
1376776707,14,36
1376777133,13,37
1376777651,12,38
1376777949,13,37
1376778439,14,36
1376779043,14,36
1376779228,13,37
1376779831,13,37
1376780435,13,37
1376780589,12,38
1376781193,12,38
1376781797,12,38
1376781845,11,39
1376782449,11,39
1376782611,10,40
1376783133,9,41
1376783737,9,41
1376783778,9,41
1376783812,9,41
1376783927,10,40
1376784531,10,40
1376785135,10,40
1376785362,9,41
1376785966,9,41
1376786224,7,43
1376786828,7,43
1376787432,7,43
1376787819,6,44
1376788124,6,44
1376788134,7,43
1376788738,7,43
1376789342,7,43
1376789946,7,43
1376790276,7,43
1376790804,6,44
1376791408,6,44
1376792012,6,44
1376792616,6,44
1376793220,6,44
1376793824,6,44
1376794428,6,44
1376795032,6,44
1376795636,6,44
1376796241,6,44
1376796845,6,44
1376797449,6,44
1376798023,5,45
1376798626,5,45
1376799231,5,45
1376799554,6,44
1376799905,5,45
1376800509,5,45
1376801113,5,45
1376801717,5,45
1376802135,4,46
1376802739,4,46
1376803343,4,46
1376803868,5,45
1376805135,5,45
1376805704,4,46
1376806309,4,46
1376806912,4,46
1376807517,4,46
1376808120,4,46
1376808725,4,46
1376809328,4,46
1376809933,4,46
1376810536,4,46
1376811140,4,46
1376811744,4,46
1376812348,4,46
1376812391,3,47
1376812995,3,47
1376813512,2,48
1376813698,3,47
1376814302,3,47
1376814906,3,47
1376815510,3,47
1376815651,4,46
1376816076,4,46
1376816680,4,46
1376817284,4,46
1376817484,3,47
1376818087,3,47
1376818213,3,47
1376818264,4,46
1376818869,4,46
1376819023,5,45
1376819627,5,45
1376819698,4,46
1376820031,3,47
1376820635,3,47
1376821239,3,47
1376821832,2,48
1376821892,1,49
1376822496,1,49
1376822948,0,50
1376823560,1,49
1376823594,0,50
1376823844,1,49
1376824093,2,48
1376824251,1,49
1376824379,2,48
1376824983,2,48
1376825483,2,48
1376825534,3,47
1376826138,3,47
1376826742,3,47
1376827279,2,48
1376827883,2,48
1376828314,3,47
1376828918,3,47
1376829135,2,48
1376829634,1,49
1376830238,1,49
1376830722,2,48
1376831019,3,47
1376831515,4,46
1376831922,5,45
1376832147,5,45
1376832218,5,45
1376832242,6,44
1376832845,6,44
