1376208502,42,8
1376209106,42,8
1376209244,42,8
1376209254,43,7
1376209711,42,8
1376210315,42,8
1376210784,42,8
1376210812,43,7
1376211417,43,7
1376211621,42,8
1376211671,43,7
1376211714,42,8
1376212318,42,8
1376212923,42,8
1376213527,42,8
1376214132,42,8
1376214736,42,8
1376215340,42,8
1376215944,42,8
1376216115,43,7
1376216719,43,7
1376217322,43,7
1376217930,44,6
1376218328,43,7
1376218933,43,7
1376219538,43,7
1376219615,42,8
1376220219,42,8
1376220683,43,7
1376221287,43,7
1376221336,44,6
1376221501,45,5
1376222106,45,5
1376222709,45,5
1376223277,45,5
1376223299,46,4
1376223902,46,4
1376224259,45,5
1376224863,45,5
1376225466,45,5
1376226070,45,5
1376226674,45,5
1376226734,46,4
1376227337,46,4
1376227941,46,4
1376228545,46,4
1376229149,46,4
1376229753,46,4
1376230182,45,5
1376230786,45,5
1376231390,45,5
1376231906,46,4
1376232511,46,4
1376233115,46,4
1376233160,46,4
1376233238,46,4
1376233843,46,4
1376234313,47,3
1376234917,47,3
1376235521,47,3
1376236125,47,3
1376236730,47,3
1376237333,47,3
1376237938,47,3
1376238482,48,2
1376238783,50,0
1376239387,50,0
1376239991,50,0
1376240179,49,1
1376240783,49,1
1376241332,48,2
1376241401,48,2
1376241427,48,2
1376241553,47,3
1376242157,47,3
1376242199,48,2
1376242804,48,2
1376243735,48,2
1376244338,48,2
1376244548,49,1
1376245153,49,1
1376245217,48,2
1376245361,49,1
1376245374,50,0
1376245979,50,0
1376246274,49,1
1376246724,48,2
1376246923,47,3
1376246982,47,3
1376246999,48,2
1376247603,48,2
1376247919,48,2
1376247998,48,2
1376248041,48,2
1376248097,48,2
1376248141,48,2
1376248220,48,2
1376248367,48,2
1376248971,48,2
1376249575,48,2
1376249762,47,3
1376250366,47,3
1376250970,47,3
1376251243,46,4
1376251847,46,4
1376252451,46,4
1376252915,47,3
1376253319,46,4
1376253923,46,4
1376254528,46,4
1376255133,46,4
1376255738,46,4
1376256342,46,4
1376256573,45,5
1376257178,45,5
1376257379,44,6
1376257535,45,5
1376257576,45,5
1376257620,46,4
1376258224,46,4
1376258827,46,4
1376259431,46,4
1376259949,45,5
1376260554,45,5
1376261159,45,5
1376261762,45,5
1376261862,44,6
1376262458,43,7
1376263062,43,7
1376263665,43,7
1376264269,43,7
1376264872,43,7
1376265476,43,7
1376266080,43,7
1376266684,43,7
1376267287,43,7
1376267891,43,7
1376268494,43,7
1376269098,43,7
1376269701,43,7
1376270305,43,7
1376270908,43,7
1376271512,43,7
1376272044,43,7
1376272648,43,7
1376273253,43,7
1376273857,43,7
1376274461,43,7
1376275064,43,7
1376275668,43,7
1376276272,43,7
1376276765,44,6
1376277369,44,6
1376277972,44,6
1376278477,44,6
1376278535,45,5
1376279139,45,5
1376279742,45,5
1376280347,45,5
1376280951,45,5
1376281197,44,6
1376281801,44,6
1376281989,43,7
1376282593,43,7
1376283197,43,7
1376283800,43,7
1376284404,43,7
1376284764,42,8
1376285368,42,8
1376285972,42,8
1376286432,41,9
1376286719,40,10
1376287013,39,11
1376287616,39,11
1376287900,39,11
1376287947,40,10
1376288350,39,11
1376288958,39,11
1376289214,37,13
1376289818,37,13
1376289842,35,15
1376289985,35,15
1376290068,35,15
1376290144,34,16
1376290273,34,16
1376290365,34,16
1376290900,33,17
1376290955,32,18
1376291046,33,17
1376291202,33,17
1376291299,32,18
1376291442,32,18
1376291540,32,18
1376291723,31,19
1376292142,30,20
1376292189,29,21
1376292253,28,22
1376292368,27,23
1376292972,27,23
1376293576,27,23
1376293707,26,24
1376294022,26,24
1376294026,25,25
1376294631,25,25
1376295234,25,25
1376296167,25,25
1376296771,25,25
1376296915,24,26
1376297411,23,27
1376297578,24,26
1376298183,24,26
1376299164,24,26
1376299769,24,26
1376299887,24,26
1376299932,25,25
1376300536,25,25
1376301139,25,25
1376301744,25,25
1376302349,25,25
1376302953,25,25
1376303562,25,25
1376304490,25,25
1376305095,25,25
1376305230,26,24
1376305834,26,24
1376305904,26,24
1376305927,27,23
1376306532,27,23
1376306835,28,22
1376307442,28,22
1376307844,28,22
1376307929,27,23
1376308240,26,24
1376308303,25,25
1376308583,24,26
1376308777,25,25
1376309162,25,25
1376309220,26,24
1376310002,26,24
1376310606,26,24
1376311210,26,24
1376312141,26,24
1376312228,26,24
1376312335,27,23
1376312943,27,23
1376313427,26,24
1376314100,27,23
1376314239,27,23
1376314249,28,22
1376314643,29,21
1376315252,29,21
1376315656,27,23
1376316283,27,23
1376316293,28,22
1376316763,26,24
1376316924,26,24
1376316959,27,23
1376317509,28,22
1376318114,28,22
1376318719,28,22
1376319324,28,22
1376319763,28,22
1376319773,29,21
1376319916,29,21
1376319960,30,20
1376320456,31,19
1376320612,32,18
1376320978,30,20
1376321613,29,21
1376322217,29,21
1376322344,28,22
1376322948,28,22
1376323062,27,23
1376323072,28,22
1376323291,27,23
1376323600,28,22
1376323724,28,22
1376323772,29,21
1376323815,30,20
1376323859,31,19
1376324464,31,19
1376324615,31,19
1376324640,33,17
1376324977,33,17
1376325027,34,16
1376325208,35,15
1376325319,35,15
1376325390,36,14
1376325434,37,13
1376325665,38,12
1376326029,39,11
1376326080,38,12
1376326146,39,11
1376326782,40,10
1376326827,38,12
1376326877,39,11
1376327481,39,11
1376328086,39,11
1376328690,39,11
1376329024,38,12
1376329418,39,11
1376329943,38,12
1376330547,38,12
1376330851,38,12
1376330896,39,11
1376331451,38,12
1376331555,37,13
1376331687,38,12
1376332291,38,12
1376332896,38,12
1376333356,38,12
1376333432,38,12
1376333476,39,11
1376333966,38,12
1376334200,37,13
1376334805,37,13
1376335408,37,13
1376335603,37,13
1376335621,38,12
1376336225,38,12
1376336362,39,11
1376336966,39,11
1376337042,39,11
1376337045,38,12
1376337650,38,12
1376338254,38,12
1376338858,38,12
1376339081,37,13
1376339685,37,13
1376340055,36,14
1376340658,36,14
1376341263,36,14
1376341868,36,14
1376342472,36,14
1376342838,36,14
1376343100,37,13
1376343633,36,14
1376343731,36,14
1376343775,37,13
1376344379,37,13
1376344983,37,13
1376345172,37,13
1376345216,38,12
1376345820,38,12
1376346424,38,12
1376347029,38,12
1376347528,37,13
1376348132,37,13
1376348549,38,12
1376349166,38,12
1376349770,38,12
1376350374,38,12
1376350978,38,12
1376351581,38,12
1376352185,38,12
1376352789,38,12
1376353282,37,13
1376353886,37,13
1376354490,37,13
1376355095,37,13
1376355698,37,13
1376356303,37,13
1376356906,37,13
1376357510,37,13
1376358115,37,13
1376358453,37,13
1376359057,37,13
1376359661,37,13
1376360264,37,13
1376360868,37,13
1376361200,37,13
1376361243,38,12
1376361846,38,12
1376362451,38,12
1376363055,38,12
1376363223,39,11
1376363828,39,11
1376364433,39,11
1376365037,39,11
1376365236,40,10
1376365492,39,11
1376366096,39,11
1376366699,39,11
1376367171,38,12
1376367775,38,12
1376368378,38,12
1376368982,38,12
1376369586,38,12
1376370190,38,12
1376370795,38,12
1376371140,37,13
1376371744,37,13
1376372347,37,13
1376372582,36,14
1376372741,35,15
1376373178,34,16
1376373235,33,17
1376373291,32,18
1376373395,31,19
1376373569,30,20
1376373758,28,22
1376374362,28,22
1376374966,28,22
1376375065,28,22
1376375110,29,21
1376375330,28,22
1376375518,27,23
1376375786,28,22
1376376059,29,21
1376376378,27,23
1376376460,26,24
1376376722,25,25
1376377116,24,26
1376377204,23,27
1376377362,22,28
1376377966,22,28
1376378129,21,29
1376378172,20,30
1376378425,19,31
1376378579,17,33
1376378845,16,34
1376378893,15,35
1376379114,14,36
1376379718,14,36
1376380322,14,36
1376380770,13,37
1376381375,13,37
1376381441,14,36
1376381479,13,37
1376381828,13,37
1376381873,14,36
1376382477,14,36
1376383082,14,36
1376383686,14,36
1376384272,13,37
1376384876,13,37
1376385481,13,37
1376385576,12,38
1376386181,12,38
1376386803,13,37
1376387407,13,37
1376387562,13,37
1376387569,13,37
1376388173,13,37
1376388777,13,37
1376389171,14,36
1376389769,15,35
1376389942,16,34
1376390263,16,34
1376390265,17,33
1376390381,17,33
1376390384,16,34
1376390727,15,35
1376391331,15,35
1376391434,17,33
1376392039,17,33
1376392178,17,33
1376392189,18,32
1376392793,18,32
1376393397,18,32
1376394001,18,32
1376394605,18,32
1376394761,17,33
1376395366,17,33
1376395843,17,33
1376396451,17,33
1376397056,17,33
1376397663,17,33
1376397941,17,33
1376397945,16,34
1376398240,16,34
1376398245,15,35
1376398849,15,35
1376399453,15,35
1376400057,15,35
1376400662,15,35
1376401266,15,35
1376401707,15,35
1376401774,16,34
1376402380,16,34
1376402984,16,34
1376403368,17,33
1376403484,16,34
1376404089,16,34
1376404633,17,33
1376405238,17,33
1376405488,17,33
1376405511,18,32
1376406115,18,32
1376406461,19,31
1376406861,20,30
1376407359,21,29
1376407584,20,30
1376407708,21,29
1376407770,19,31
1376407899,19,31
1376407909,20,30
1376408514,20,30
1376409119,20,30
1376409323,21,29
1376409569,22,28
1376409812,23,27
1376409916,22,28
1376409965,23,27
1376410034,24,26
1376410078,25,25
1376410301,25,25
1376410330,26,24
1376410387,27,23
1376410993,27,23
1376411467,27,23
1376411556,29,21
1376411908,30,20
1376412139,31,19
1376412630,32,18
1376412689,33,17
1376412965,33,17
1376413161,34,16
1376413269,34,16
1376413323,36,14
1376413394,37,13
1376413446,38,12
1376413609,37,13
1376413715,38,12
1376413749,37,13
1376413957,37,13
1376413967,38,12
1376414142,38,12
1376414144,37,13
1376414748,37,13
1376415352,37,13
1376415499,36,14
1376415883,36,14
1376415886,35,15
1376416490,35,15
1376417094,35,15
1376417699,35,15
1376418303,35,15
1376418907,35,15
1376419169,34,16
1376419503,33,17
1376419877,33,17
1376419921,34,16
1376420287,33,17
1376420336,32,18
1376420796,31,19
1376421161,31,19
1376421169,32,18
1376421773,32,18
1376422377,32,18
1376422980,32,18
1376423398,31,19
1376423483,32,18
1376424040,31,19
1376424628,32,18
1376424702,31,19
1376424736,32,18
1376424913,31,19
1376425119,32,18
1376425127,33,17
1376425732,33,17
1376426335,33,17
1376426939,33,17
1376427543,33,17
1376428147,33,17
1376428210,32,18
1376428322,33,17
1376428850,32,18
1376429454,32,18
1376429644,33,17
1376430247,33,17
1376430460,33,17
1376430494,34,16
1376431098,34,16
1376431701,34,16
1376432191,33,17
1376432795,33,17
1376433399,33,17
1376434002,33,17
1376434606,33,17
1376435209,33,17
1376435352,32,18
1376435956,32,18
1376436560,32,18
1376437164,32,18
1376437768,32,18
1376438372,32,18
1376438975,32,18
1376439579,32,18
1376440183,32,18
1376440787,32,18
1376441391,32,18
1376441995,32,18
1376442599,32,18
1376443203,32,18
1376443806,32,18
1376444411,32,18
1376444846,32,18
1376444892,32,18
1376445038,32,18
1376445642,32,18
1376446246,32,18
1376446849,32,18
1376447453,32,18
1376448057,32,18
1376448661,32,18
1376449264,32,18
1376449543,32,18
1376449545,33,17
1376450149,33,17
1376450752,33,17
1376451208,33,17
1376451282,33,17
1376451285,34,16
1376451889,34,16
1376452493,34,16
1376453096,34,16
1376453699,34,16
1376454045,34,16
1376454048,33,17
1376454652,33,17
1376454843,33,17
1376455447,33,17
1376455828,32,18
1376456433,32,18
1376457037,32,18
1376457641,32,18
1376457859,32,18
1376458463,32,18
1376459067,32,18
1376459442,32,18
1376459446,31,19
1376459977,30,20
1376460584,29,21
1376460594,30,20
1376461199,30,20
1376461804,30,20
1376462031,29,21
1376462636,29,21
1376462848,28,22
1376463097,29,21
1376463213,27,23
1376463334,28,22
1376463599,27,23
1376463889,26,24
1376464060,26,24
1376464122,26,24
1376464165,25,25
1376464528,24,26
1376464930,23,27
1376465444,23,27
1376465447,22,28
1376465621,21,29
1376465913,20,30
1376466420,21,29
1376466482,20,30
1376467086,20,30
1376467690,20,30
1376467748,19,31
1376468352,19,31
1376468956,19,31
1376469035,18,32
1376469639,18,32
1376470244,18,32
1376470849,18,32
1376471454,18,32
1376472058,18,32
1376472662,18,32
1376473267,18,32
1376473398,17,33
1376474002,17,33
1376474606,17,33
1376475211,17,33
1376475816,17,33
1376476421,17,33
1376477025,17,33
1376477630,17,33
1376478234,17,33
1376478523,17,33
1376478525,18,32
1376479098,19,31
1376479175,20,30
1376479296,19,31
1376479717,18,32
1376480322,18,32
1376480925,18,32
1376481127,17,33
1376481731,17,33
1376482111,18,32
1376482319,17,33
1376482924,17,33
1376483528,17,33
1376484132,17,33
1376484577,18,32
1376484587,18,32
1376485022,19,31
1376485626,19,31
1376486037,20,30
1376486641,20,30
1376487281,21,29
1376487465,21,29
1376488069,22,28
1376488672,22,28
1376488964,21,29
1376489346,22,28
1376489951,22,28
1376490555,22,28
1376491109,21,29
1376491299,21,29
1376491310,22,28
1376491424,23,27
1376492028,23,27
1376492632,23,27
1376493063,24,26
1376493208,24,26
1376493242,25,25
1376493761,25,25
1376493769,26,24
1376494413,27,23
1376494974,26,24
1376495140,27,23
1376495402,28,22
1376495677,30,20
1376496062,29,21
1376496150,30,20
1376496226,29,21
1376496268,30,20
1376496333,31,19
1376496503,31,19
1376496582,33,17
1376496616,34,16
1376496697,34,16
1376496741,35,15
1376496786,36,14
1376497161,37,13
1376497328,37,13
1376497394,37,13
1376497485,38,12
1376497540,38,12
1376497581,39,11
1376497965,39,11
1376498570,40,10
1376499174,40,10
1376499777,40,10
1376499935,40,10
1376499979,41,9
1376500089,40,10
1376500694,40,10
1376501298,40,10
1376501478,41,9
1376502082,41,9
1376502686,41,9
1376502717,40,10
1376503322,40,10
1376503525,41,9
1376504058,42,8
1376504487,41,9
1376505090,41,9
1376505695,41,9
1376506234,40,10
1376506328,40,10
1376506932,40,10
1376507538,40,10
1376507685,40,10
1376507689,39,11
1376508292,39,11
1376508624,39,11
1376508687,40,10
1376508742,40,10
1376508791,40,10
1376509396,40,10
1376509999,40,10
1376510604,40,10
1376511207,40,10
1376511812,40,10
1376512418,40,10
1376513021,40,10
1376513625,40,10
1376514229,40,10
1376514422,39,11
1376515025,39,11
1376515629,39,11
1376515794,38,12
1376516034,37,13
1376516638,37,13
1376517242,37,13
1376517846,37,13
1376518450,37,13
1376518651,36,14
1376519254,36,14
1376519858,36,14
1376520461,36,14
1376520583,35,15
1376520914,36,14
1376521522,36,14
1376522126,36,14
1376522397,35,15
1376523002,35,15
1376523607,35,15
1376524212,35,15
1376524297,35,15
1376524349,35,15
1376524447,34,16
1376524574,34,16
1376524631,34,16
1376524963,32,18
1376525567,32,18
1376526171,32,18
1376526775,32,18
1376527379,32,18
1376527983,32,18
1376528587,32,18
1376529190,32,18
1376529794,32,18
1376530397,32,18
1376531001,32,18
1376531248,32,18
1376531371,32,18
1376531975,32,18
1376532579,32,18
1376533182,32,18
1376533786,32,18
1376534389,32,18
1376534993,32,18
1376535597,32,18
1376536201,32,18
1376536804,32,18
1376537408,32,18
1376537677,33,17
1376538281,33,17
1376538884,33,17
1376539488,33,17
1376540092,33,17
1376540460,32,18
1376541063,32,18
1376541667,32,18
1376542271,32,18
1376542875,32,18
1376543480,32,18
1376544084,32,18
1376544688,32,18
1376545291,32,18
1376545896,32,18
1376546254,33,17
1376546288,32,18
1376546892,32,18
1376547495,32,18
1376548100,32,18
1376548703,32,18
1376549307,32,18
1376549911,32,18
1376550514,32,18
1376550812,31,19
1376550827,32,18
1376551431,32,18
1376552563,32,18
1376552569,32,18
1376553173,32,18
1376553776,32,18
1376554380,32,18
1376554984,32,18
1376555588,32,18
1376556192,32,18
1376556342,32,18
1376556345,33,17
1376556948,33,17
1376558110,33,17
1376558713,33,17
1376559317,33,17
1376559488,34,16
1376560092,34,16
1376560402,33,17
1376561006,33,17
1376561611,33,17
1376562215,33,17
1376562820,33,17
1376562944,33,17
1376562947,32,18
1376563515,33,17
1376563964,33,17
1376564000,35,15
1376564604,35,15
1376565075,34,16
1376565605,34,16
1376565648,35,15
1376566252,35,15
1376566856,35,15
1376567460,35,15
1376568063,35,15
1376568667,35,15
1376569271,35,15
1376569874,35,15
1376570478,35,15
1376571082,35,15
1376571687,35,15
1376572292,35,15
1376572896,35,15
1376573501,35,15
1376574105,35,15
1376574709,35,15
1376575313,35,15
1376575917,35,15
1376576401,36,14
1376577006,36,14
1376577621,36,14
1376578225,36,14
1376578473,37,13
1376578554,37,13
1376578709,37,13
1376578763,36,14
1376579367,36,14
1376579972,36,14
1376580576,36,14
1376581179,36,14
1376581784,36,14
1376582002,36,14
1376582046,37,13
1376582650,37,13
1376583255,37,13
1376583859,37,13
1376584463,37,13
1376585068,37,13
1376585671,37,13
1376586275,37,13
1376586879,37,13
1376587403,38,12
1376588007,38,12
1376588494,38,12
1376588511,37,13
1376589114,37,13
1376589218,37,13
1376589262,38,12
1376589839,39,11
1376590443,39,11
1376591047,39,11
1376591484,41,9
1376592088,41,9
1376592692,41,9
1376593297,41,9
1376593901,41,9
1376594505,41,9
1376595110,41,9
1376595661,42,8
1376596264,42,8
1376596869,42,8
1376596920,41,9
1376597525,41,9
1376598129,41,9
1376598660,40,10
1376599263,40,10
1376599867,40,10
1376600001,39,11
1376600728,38,12
1376600761,38,12
1376601365,38,12
1376601968,38,12
1376602572,38,12
1376602997,39,11
1376603226,38,12
1376603830,38,12
1376604403,38,12
1376604407,37,13
1376604974,36,14
1376605578,36,14
1376606182,36,14
1376606786,36,14
1376607390,36,14
1376607994,36,14
1376608598,36,14
1376609202,36,14
1376609806,36,14
1376610409,36,14
1376611014,36,14
1376611617,36,14
1376612161,36,14
1376612764,36,14
1376613368,36,14
1376613972,36,14
1376614576,36,14
1376615180,36,14
1376615783,36,14
1376616387,36,14
1376616991,36,14
1376617650,36,14
1376617691,36,14
1376618129,36,14
1376618733,36,14
1376619337,36,14
1376619941,36,14
1376620545,36,14
1376621149,36,14
1376621752,36,14
1376622218,37,13
1376622822,37,13
1376623426,37,13
1376624029,37,13
1376624633,37,13
1376625236,37,13
1376625840,37,13
1376626443,37,13
1376626616,36,14
1376627219,36,14
1376627823,36,14
1376628426,36,14
1376628761,35,15
1376628989,34,16
1376629594,34,16
1376630197,34,16
1376630802,34,16
1376631406,34,16
1376632010,34,16
1376632190,33,17
1376632460,32,18
1376632678,31,19
1376633283,31,19
1376633574,30,20
1376634178,30,20
1376634307,29,21
1376634690,31,19
1376635294,31,19
1376635648,32,18
1376636061,34,16
1376636102,33,17
1376636177,32,18
1376636224,30,20
1376636830,30,20
1376636921,29,21
1376637427,28,22
1376638033,28,22
1376638182,29,21
1376638410,28,22
1376638436,29,21
1376639041,29,21
1376639217,28,22
1376639585,27,23
1376640190,27,23
1376640448,26,24
1376641052,26,24
1376641291,25,25
1376641895,25,25
1376642500,25,25
1376643104,25,25
1376643201,26,24
1376643806,26,24
1376644411,26,24
1376644895,26,24
1376644912,27,23
1376645225,28,22
1376645829,28,22
1376646152,28,22
1376646191,29,21
1376646569,30,20
1376646613,29,21
1376646664,30,20
1376647271,30,20
1376647613,29,21
1376648218,29,21
1376648526,30,20
1376649130,30,20
1376649734,30,20
1376650338,30,20
1376650599,30,20
1376650634,31,19
1376651238,31,19
1376651622,31,19
1376651684,33,17
1376652288,33,17
1376652893,33,17
1376653459,32,18
1376653506,32,18
1376654072,31,18
1376654108,31,18
1376654181,31,19
1376654220,30,20
1376654273,29,21
1376654878,29,21
1376655507,30,20
1376655642,29,21
1376656247,29,21
1376656851,29,21
1376657455,29,21
1376658059,29,21
1376658664,29,21
1376659243,30,20
1376659846,30,20
1376660061,29,21
1376660667,29,21
1376661270,29,21
1376661752,29,21
1376662143,30,20
1376662747,30,20
1376663323,28,22
1376663606,29,21
1376664034,29,21
1376664155,29,21
1376664199,30,20
1376664451,29,21
1376664492,28,22
1376664581,28,22
1376664607,28,22
1376664665,29,21
1376665269,29,21
1376665873,29,21
1376666477,29,21
1376667081,29,21
1376667572,30,20
1376667831,29,21
1376667978,30,20
1376668132,29,21
1376668844,29,21
1376668855,31,19
1376669460,31,19
1376670064,31,19
1376670669,31,19
1376670976,30,20
1376671039,31,19
1376671642,31,19
1376672247,31,19
1376672851,31,19
1376673455,31,19
1376673557,31,19
1376673600,32,18
1376673759,31,19
1376673849,31,19
1376674454,31,19
1376674695,30,20
1376674733,31,19
1376675320,31,19
1376675330,32,18
1376675609,32,18
1376675654,33,17
1376676081,31,19
1376676688,31,19
1376676942,30,20
1376677547,30,20
1376678158,29,21
1376678437,28,22
1376678618,27,23
1376679223,27,23
1376679394,26,24
1376679999,26,24
1376680603,26,24
1376681208,26,24
1376681813,26,24
1376682416,26,24
1376682517,26,24
1376682534,27,23
1376683139,27,23
1376683743,27,23
1376684347,27,23
1376684661,26,24
1376685021,27,23
1376685416,26,24
1376685809,26,24
1376685843,27,23
1376686447,27,23
1376686644,28,22
1376687248,28,22
1376687853,28,22
1376688461,28,22
1376688943,29,21
1376689047,30,20
1376689652,30,20
1376689965,30,20
1376689968,29,21
1376690572,29,21
1376690810,28,22
1376691417,27,23
1376691520,28,22
1376692123,28,22
1376692727,28,22
1376693332,28,22
1376693936,28,22
1376694540,28,22
1376695145,28,22
1376695749,28,22
1376696353,28,22
1376696957,28,22
1376697562,28,22
1376698166,28,22
1376698771,28,22
1376699376,28,22
1376699979,28,22
1376700584,28,22
1376701188,28,22
1376701793,28,22
1376702397,28,22
1376703002,28,22
1376703606,28,22
1376704065,28,22
1376704147,28,22
1376704752,28,22
1376705158,27,23
1376705763,27,23
1376706367,27,23
1376706972,27,23
1376707576,27,23
1376708180,27,23
1376708674,28,22
1376709278,28,22
1376709882,28,22
1376710794,28,22
1376711398,28,22
1376712002,28,22
1376712606,28,22
1376713210,28,22
1376713813,28,22
1376714417,28,22
1376715021,28,22
1376715063,27,23
1376715667,27,23
1376716275,28,22
1376716330,29,21
1376716934,29,21
1376717538,29,21
1376718141,29,21
1376718745,29,21
1376719349,29,21
1376719954,29,21
1376720558,29,21
1376721162,29,21
1376721766,29,21
1376722363,30,20
1376722967,30,20
1376723084,30,20
1376723086,31,19
1376723173,30,20
1376723443,29,21
1376724047,29,21
1376724651,29,21
1376724796,28,22
1376725400,28,22
1376726004,28,22
1376726314,28,22
1376726357,29,21
1376727332,28,22
1376727936,28,22
1376728540,28,22
1376729144,28,22
1376729748,28,22
1376730352,28,22
1376730956,28,22
1376731560,28,22
1376732164,28,22
1376732768,28,22
1376732849,29,21
1376733454,29,21
1376733855,29,21
1376733939,30,20
1376734543,30,20
1376735837,30,20
1376736442,30,20
1376736861,31,19
1376737180,31,19
1376737534,30,20
1376738138,30,20
1376738543,31,19
1376739146,31,19
1376739575,32,18
1376740179,32,18
1376740784,32,18
1376741388,32,18
1376741992,32,18
1376742605,33,17
1376743209,33,17
1376743406,33,17
1376743451,34,16
1376744059,34,16
1376744565,33,17
1376745097,32,18
1376745700,32,18
1376746304,32,18
1376746908,32,18
1376747050,33,17
1376747527,32,18
1376748132,32,18
1376748736,32,18
1376749341,32,18
1376749944,32,18
1376750018,32,18
1376750201,31,19
1376750375,31,19
1376750793,31,19
1376750851,31,19
1376750987,31,19
1376750989,32,18
1376751593,32,18
1376752198,32,18
1376752801,32,18
1376753413,32,18
1376753922,33,17
1376754526,33,17
1376755130,33,17
1376755733,33,17
1376756337,33,17
1376756399,32,18
1376757004,32,18
1376757358,33,17
1376757962,33,17
1376758567,33,17
1376759170,33,17
1376759292,32,18
1376759874,31,19
1376760524,30,20
1376761129,30,20
1376761777,29,21
1376762381,29,21
1376762985,29,21
1376763204,29,21
1376763278,28,22
1376763527,28,22
1376763529,29,21
1376763656,28,22
1376763813,29,21
1376764171,30,20
1376764773,30,20
1376764928,31,19
1376765025,31,19
1376765056,29,21
1376765503,30,20
1376766102,29,21
1376766706,29,21
1376767310,29,21
1376767913,29,21
1376768517,29,21
1376768978,30,20
1376769581,30,20
1376770185,30,20
1376770257,29,21
1376770861,29,21
1376771323,30,20
1376771502,31,19
1376772107,31,19
1376772710,31,19
1376773315,31,19
1376773919,31,19
1376774523,31,19
1376775127,31,19
1376775731,31,19
1376776336,31,19
1376776940,31,19
1376777544,31,19
1376778149,31,19
1376778753,31,19
1376778816,30,20
1376779332,29,21
1376779722,28,22
1376780326,28,22
1376780930,28,22
1376781534,28,22
1376782139,28,22
1376782744,28,22
1376783348,28,22
1376783952,28,22
1376784068,29,21
1376784673,29,21
1376785277,29,21
1376785881,29,21
1376786485,29,21
1376787090,29,21
1376787592,28,22
1376788196,28,22
1376788800,28,22
1376789404,28,22
1376790008,28,22
1376790445,28,22
1376791049,28,22
1376791653,28,22
1376792257,28,22
1376792861,28,22
1376793464,28,22
1376794069,28,22
1376794673,28,22
1376795278,28,22
1376795882,28,22
1376796486,28,22
1376796570,27,23
1376797175,27,23
1376797779,27,23
1376798382,27,23
1376798987,27,23
1376799591,27,23
1376800195,27,23
1376800799,27,23
1376801403,27,23
1376802008,27,23
1376802612,27,23
1376803215,27,23
1376803463,27,23
1376803543,28,22
1376804147,28,22
1376804751,28,22
1376805355,28,22
1376805865,27,23
1376807085,27,23
1376807094,27,23
1376807699,27,23
1376808307,27,23
1376808911,27,23
1376809515,27,23
1376809556,26,24
1376810163,26,24
1376810767,26,24
1376811371,26,24
1376811976,26,24
1376812585,26,24
1376813189,26,24
1376813792,26,24
1376814397,26,24
1376815002,26,24
1376815606,26,24
1376816140,26,24
1376816152,27,23
1376816756,27,23
1376817361,27,23
1376817965,27,23
1376818569,27,23
1376819173,27,23
1376819777,27,23
1376820381,27,23
1376820985,27,23
1376821589,27,23
1376821666,28,22
1376822270,28,22
1376822873,28,22
1376823477,28,22
1376824391,28,22
1376824559,29,21
1376825164,29,21
1376825694,28,22
1376826299,28,22
1376826902,28,22
1376827508,28,22
1376827809,29,21
1376828073,28,22
1376828677,28,22
1376829281,28,22
1376829884,28,22
1376830333,29,21
1376830938,29,21
1376831544,29,21
1376832149,29,21
1376832401,29,21
1376832446,30,20
