1376208251,33,1
1376208854,33,1
1376209458,33,1
1376210061,33,1
1376210104,32,2
1376210373,32,2
1376210417,33,1
1376211020,33,1
1376211585,33,1
1376211588,32,2
1376212191,32,2
1376212795,32,2
1376213399,32,2
1376213470,33,1
1376214074,33,1
1376214293,32,2
1376214552,33,1
1376215156,33,1
1376215549,32,2
1376216153,32,2
1376216462,33,1
1376217065,33,1
1376217669,33,1
1376218272,33,1
1376218876,33,1
1376219480,33,1
1376220083,33,1
1376220688,33,1
1376221292,33,1
1376221896,33,1
1376222500,33,1
1376223103,33,1
1376223707,33,1
1376224311,33,1
1376224914,33,1
1376225519,33,1
1376226124,33,1
1376226727,33,1
1376227331,33,1
1376227934,33,1
1376228539,33,1
1376229144,33,1
1376229280,32,2
1376229884,32,2
1376230489,32,2
1376231093,32,2
1376231698,32,2
1376232302,32,2
1376232906,32,2
1376233511,32,2
1376234115,32,2
1376234718,32,2
1376235322,32,2
1376235925,32,2
1376236529,32,2
1376237133,32,2
1376237592,31,3
1376238195,31,3
1376238799,31,3
1376239403,31,3
1376240006,31,3
1376240491,30,4
1376240508,30,4
1376241111,30,4
1376241715,30,4
1376242320,30,4
1376242939,31,3
1376242989,32,2
1376243593,32,2
1376244043,32,2
1376244045,33,1
1376244650,33,1
1376244804,32,2
1376245408,32,2
1376246000,31,3
1376246043,30,4
1376246647,30,4
1376247250,30,4
1376247854,30,4
1376248458,30,4
1376249061,30,4
1376249665,30,4
1376249742,30,4
1376249746,29,5
1376250349,29,5
1376250953,29,5
1376251556,29,5
1376251760,28,6
1376252364,28,6
1376252968,28,6
1376253572,28,6
1376253637,27,7
1376253688,28,6
1376254291,28,6
1376254895,28,6
1376255498,28,6
1376256102,28,6
1376256705,28,6
1376257309,28,6
1376257912,28,6
1376258413,27,7
1376259018,27,7
1376259434,28,6
1376259732,27,7
1376260336,27,7
1376260939,27,7
1376261133,26,8
1376261736,26,8
1376262340,26,8
1376262824,25,9
1376263428,25,9
1376264032,25,9
1376264635,25,9
1376265239,25,9
1376265843,25,9
1376266446,25,9
1376267050,25,9
1376267653,25,9
1376268257,25,9
1376268861,25,9
1376269465,25,9
1376270069,25,9
1376270672,25,9
1376271450,25,9
1376272055,25,9
1376272658,25,9
1376273261,25,9
1376273865,25,9
1376274468,25,9
1376275072,25,9
1376275675,25,9
1376276279,25,9
1376276883,25,9
1376277486,25,9
1376278090,25,9
1376278694,25,9
1376279298,25,9
1376279902,25,9
1376280505,25,9
1376281109,25,9
1376281713,25,9
1376282316,25,9
1376282920,25,9
1376283523,25,9
1376284127,25,9
1376284730,25,9
1376285291,26,8
1376285865,26,8
1376285874,27,7
1376286439,27,7
1376286483,28,6
1376286618,29,5
1376287116,28,6
1376287445,27,7
1376287544,28,6
1376287595,29,5
1376287717,29,5
1376287730,30,4
1376287878,30,4
1376287921,29,5
1376288200,29,5
1376288239,29,5
1376288291,30,4
1376288472,29,5
1376288879,28,6
1376289217,28,6
1376289280,27,7
1376289309,28,6
1376289444,27,7
1376289565,26,8
1376289974,25,9
1376290327,26,8
1376290627,24,10
1376290689,23,11
1376290864,22,12
1376290944,21,13
1376291057,22,12
1376291161,21,13
1376291246,19,15
1376291440,18,16
1376291500,17,16
1376291518,16,18
1376291735,16,18
1376291751,15,19
1376292134,14,20
1376292737,14,20
1376293005,14,20
1376293008,13,21
1376293119,13,21
1376293133,14,20
1376293737,14,20
1376293902,13,21
1376294029,12,22
1376294181,11,23
1376294558,12,22
1376295162,12,22
1376295765,12,22
1376296370,12,22
1376296443,11,23
1376296672,10,24
1376296877,11,23
1376297481,11,23
1376298085,11,23
1376298689,11,23
1376299293,11,23
1376299897,11,23
1376300500,11,23
1376300921,11,23
1376300937,12,22
1376301066,12,22
1376301110,13,21
1376301205,13,21
1376301250,14,20
1376301719,15,19
1376301877,16,18
1376302480,16,18
1376302601,17,17
1376303205,17,17
1376303398,18,16
1376304002,18,16
1376304178,19,15
1376304781,19,15
1376305117,18,16
1376305721,18,16
1376305859,17,17
1376306462,17,17
1376306841,16,18
1376307462,17,17
1376307465,16,18
1376308069,16,18
1376308161,15,19
1376308765,15,19
1376309369,15,19
1376309973,15,19
1376310577,15,19
1376311181,15,19
1376311682,14,20
1376312024,14,20
1376312034,15,19
1376312638,15,19
1376313242,15,19
1376313450,16,18
1376314055,16,18
1376314658,16,18
1376315262,16,18
1376315867,16,18
1376316324,15,19
1376316929,15,19
1376317532,15,19
1376317876,14,20
1376318339,15,19
1376318408,16,18
1376318504,17,17
1376318552,19,15
1376319133,20,14
1376319575,21,13
1376319778,22,12
1376320151,23,11
1376320242,24,10
1376320843,24,10
1376320854,25,9
1376321418,25,9
1376321461,26,8
1376321547,27,7
1376321856,27,7
1376321899,28,6
1376321953,27,7
1376322318,27,7
1376322381,28,6
1376322627,30,4
1376322905,30,4
1376323004,31,3
1376323057,30,4
1376323110,31,3
1376323303,31,3
1376323306,32,2
1376323483,33,1
1376323486,32,2
1376324091,32,2
1376324372,33,1
1376324976,33,1
1376325579,33,1
1376326183,33,1
1376326723,34,0
1376326869,33,1
1376327472,33,1
1376327795,33,1
1376327838,34,0
1376327873,33,1
1376328341,33,1
1376328344,32,2
1376328948,32,2
1376329552,32,2
1376329686,31,3
1376330008,30,4
1376330170,31,3
1376330404,30,4
1376330556,30,4
1376330574,31,3
1376330860,32,2
1376331464,32,2
1376332068,32,2
1376332671,32,2
1376333275,32,2
1376333556,33,1
1376334159,33,1
1376334280,32,2
1376334479,31,3
1376335082,31,3
1376335686,31,3
1376336290,31,3
1376336893,31,3
1376337482,30,4
1376338085,30,4
1376338689,30,4
1376339293,30,4
1376339896,30,4
1376340320,29,5
1376340924,29,5
1376341527,29,5
1376342131,29,5
1376342735,29,5
1376343338,29,5
1376343942,29,5
1376344546,29,5
1376345149,29,5
1376345604,30,4
1376346207,30,4
1376346811,30,4
1376347391,31,3
1376347996,31,3
1376348599,31,3
1376349203,31,3
1376349806,31,3
1376349863,30,4
1376350466,30,4
1376351070,30,4
1376351674,30,4
1376352277,30,4
1376352881,30,4
1376353485,30,4
1376354092,30,4
1376354697,30,4
1376355301,30,4
1376355905,30,4
1376356508,30,4
1376357112,30,4
1376357851,30,4
1376358455,30,4
1376359059,30,4
1376359663,30,4
1376360266,30,4
1376360870,30,4
1376361473,30,4
1376362077,30,4
1376362682,30,4
1376363286,30,4
1376363889,30,4
1376364493,30,4
1376365097,30,4
1376365701,30,4
1376366305,30,4
1376366909,30,4
1376367513,30,4
1376367944,30,4
1376367972,31,3
1376368576,31,3
1376369179,31,3
1376369732,30,4
1376370335,30,4
1376370610,31,3
1376370699,31,3
1376371303,31,3
1376371932,31,3
1376372140,31,3
1376372744,31,3
1376373031,30,3
1376373090,30,3
1376373344,30,3
1376373380,31,2
1376373463,30,3
1376373949,29,4
1376374013,28,5
1376374335,29,4
1376374378,30,3
1376374661,29,4
1376374833,29,4
1376374865,28,5
1376374914,29,4
1376375304,27,6
1376375416,27,6
1376375856,28,5
1376376100,28,5
1376376128,29,4
1376376393,27,6
1376376560,26,7
1376377077,25,8
1376377199,23,10
1376377256,21,12
1376377555,19,14
1376377662,19,14
1376377711,19,14
1376377776,18,15
1376378026,18,15
1376378035,17,16
1376378111,15,17
1376378154,15,18
1376378344,13,20
1376378495,13,20
1376378558,12,21
1376378764,11,22
1376379304,10,23
1376379492,9,24
1376379614,8,25
1376379702,8,25
1376379737,6,27
1376380324,6,27
1376380368,7,26
1376380491,6,27
1376381095,6,27
1376381698,6,27
1376382303,6,27
1376382907,6,27
1376383511,6,27
1376384115,6,27
1376384719,6,27
1376385323,6,27
1376385854,7,26
1376386457,7,26
1376387061,7,26
1376387202,7,26
1376387212,8,25
1376387486,9,24
1376387562,9,24
1376387620,11,22
1376387881,10,23
1376388158,9,24
1376388487,10,23
1376388568,11,22
1376389172,11,22
1376389782,11,22
1376390374,11,22
1376390403,12,21
1376390670,13,20
1376390830,14,19
1376391190,15,18
1376391403,15,18
1376391412,16,17
1376392016,16,17
1376392121,17,16
1376392272,16,17
1376392876,16,17
1376392985,17,16
1376393107,16,17
1376393201,16,17
1376393204,15,18
1376393424,13,20
1376393867,12,21
1376394342,12,21
1376394345,11,22
1376394949,11,22
1376395504,10,23
1376395817,11,22
1376396421,11,22
1376397024,11,22
1376397399,10,23
1376397857,9,24
1376398461,9,24
1376399065,9,24
1376399253,10,23
1376399857,10,23
1376400231,9,24
1376400835,9,24
1376401438,9,24
1376402042,9,24
1376402646,9,24
1376403250,9,24
1376403633,10,23
1376404237,10,23
1376404525,11,22
1376404624,12,21
1376405228,12,21
1376405832,11,22
1376406096,11,22
1376406699,11,22
1376406810,10,23
1376407151,10,23
1376407234,12,21
1376407351,13,20
1376407900,14,19
1376408503,15,18
1376408511,16,17
1376408731,16,17
1376408795,17,16
1376408844,19,14
1376408870,20,13
1376408974,20,13
1376408989,21,12
1376409129,23,10
1376409343,23,10
1376409345,24,9
1376409450,24,9
1376409496,25,8
1376409539,26,7
1376409824,27,6
1376409834,29,4
1376409991,30,3
1376410033,31,2
1376410238,32,1
1376410674,31,2
1376410902,31,2
1376410912,32,1
1376411516,32,1
1376412120,32,1
1376412724,32,1
1376412931,31,2
1376412980,32,1
1376413048,31,2
1376413466,30,3
1376414070,30,3
1376414194,30,3
1376414228,30,3
1376414316,31,2
1376414360,30,3
1376414436,31,2
1376414484,32,1
1376415088,32,1
1376415691,32,1
1376415789,32,1
1376415879,32,1
1376415928,31,2
1376415957,32,1
1376416501,31,2
1376417017,30,3
1376417488,29,4
1376418092,29,4
1376418697,29,4
1376419300,29,4
1376419824,29,4
1376420428,29,4
1376421032,29,4
1376421636,29,4
1376421756,28,5
1376421785,27,6
1376422389,27,6
1376422993,27,6
1376423597,27,6
1376424200,27,6
1376424262,28,5
1376424477,27,6
1376424865,27,6
1376424893,28,5
1376425497,28,5
1376426102,28,5
1376426706,28,5
1376427310,28,5
1376427913,28,5
1376428517,28,5
1376428668,27,6
1376429272,27,6
1376429875,27,6
1376430479,27,6
1376431083,27,6
1376431686,27,6
1376432290,27,6
1376432786,26,7
1376433389,26,7
1376433993,26,7
1376434596,26,7
1376435200,26,7
1376435606,25,8
1376435848,24,9
1376436452,24,9
1376436784,25,8
1376436875,26,7
1376437479,26,7
1376438082,26,7
1376438686,26,7
1376439290,26,7
1376439893,26,7
1376440497,26,7
1376441101,26,7
1376441705,26,7
1376442308,26,7
1376442912,26,7
1376443515,26,7
1376444256,26,7
1376444859,26,7
1376445463,26,7
1376446066,26,7
1376446670,26,7
1376447274,26,7
1376447877,26,7
1376448481,26,7
1376449085,26,7
1376449688,26,7
1376450292,26,7
1376450896,26,7
1376451500,26,7
1376452103,26,7
1376452706,26,7
1376453310,26,7
1376453913,26,7
1376454517,26,7
1376455121,26,7
1376455724,26,7
1376456328,26,7
1376456931,26,7
1376457536,26,7
1376458139,26,7
1376458743,26,7
1376458824,27,6
1376458872,27,6
1376459475,27,6
1376460079,27,6
1376460636,27,6
1376460680,28,5
1376461241,28,5
1376461244,27,6
1376461470,28,5
1376461596,28,5
1376461640,27,6
1376461688,27,6
1376461774,27,6
1376461903,26,7
1376461906,27,6
1376462063,26,7
1376462108,25,8
1376462703,24,9
1376462801,23,10
1376462858,24,9
1376463221,23,10
1376463258,22,11
1376463328,21,12
1376463409,20,13
1376463699,18,15
1376464111,17,16
1376464169,18,15
1376464386,16,17
1376464434,15,18
1376464758,14,19
1376464938,13,20
1376465201,12,20
1376465205,12,21
1376465321,12,21
1376465873,11,22
1376466311,9,24
1376466353,8,25
1376466701,8,25
1376466730,9,24
1376467333,9,24
1376467937,9,24
1376468540,9,24
1376469144,9,24
1376469748,9,24
1376470352,9,24
1376470766,10,23
1376471370,10,23
1376471974,10,23
1376472259,11,22
1376472863,11,22
1376473466,11,22
1376474019,11,22
1376474028,12,21
1376474107,11,22
1376474161,13,20
1376474724,14,19
1376475101,13,20
1376475199,13,20
1376475243,14,19
1376475315,15,18
1376475919,15,18
1376476522,15,18
1376476588,16,17
1376477192,16,17
1376477612,16,17
1376477684,16,17
1376478147,17,16
1376478751,17,16
1376478789,16,17
1376479082,15,18
1376479402,14,19
1376480006,14,19
1376480610,14,19
1376481032,13,20
1376481143,12,21
1376481747,12,21
1376482222,11,22
1376482816,10,23
1376483420,10,23
1376484044,10,23
1376484054,11,22
1376484657,11,22
1376484824,11,22
1376484826,12,21
1376485430,12,21
1376486080,13,20
1376486684,13,20
1376486922,13,20
1376486965,14,19
1376487001,15,18
1376487605,15,18
1376488213,15,18
1376488257,16,17
1376488861,16,17
1376489464,16,17
1376489508,15,18
1376489783,16,17
1376490377,17,16
1376490944,18,15
1376490946,17,16
1376491037,17,16
1376491095,20,13
1376491273,21,12
1376491697,21,12
1376491741,22,11
1376491873,23,10
1376491957,24,9
1376492259,24,9
1376492269,25,8
1376492728,26,7
1376493038,26,7
1376493066,27,6
1376493236,28,5
1376493749,27,6
1376494352,27,6
1376494415,26,7
1376494484,26,7
1376494494,27,6
1376494591,27,6
1376494642,28,5
1376494712,28,5
1376494761,28,5
1376494799,29,4
1376495009,29,4
1376495054,30,3
1376495190,31,2
1376495237,31,2
1376495277,32,1
1376495881,32,1
1376496484,32,1
1376496917,32,1
1376497060,32,1
1376497242,32,1
1376497409,32,1
1376497445,32,1
1376498049,32,1
1376498348,31,2
1376498952,31,2
1376499556,31,2
1376499877,31,2
1376499921,32,1
1376500049,31,2
1376500462,30,3
1376501066,30,3
1376501670,30,3
1376502099,30,3
1376502134,30,3
1376502169,31,2
1376502815,30,3
1376503419,30,3
1376504022,30,3
1376504203,30,3
1376504205,31,2
1376504809,31,2
1376505247,32,1
1376505298,31,2
1376505686,30,3
1376506290,30,3
1376506894,30,3
1376507497,30,3
1376507662,29,4
1376508265,29,4
1376508869,29,4
1376509473,29,4
1376510076,29,4
1376510680,29,4
1376511284,29,4
1376511887,29,4
1376512491,29,4
1376513095,29,4
1376513698,29,4
1376514132,28,5
1376514343,28,5
1376514387,29,4
1376514991,29,4
1376515594,29,4
1376516198,29,4
1376516801,29,4
1376517350,28,5
1376517954,28,5
1376518460,27,6
1376519064,27,6
1376519668,27,6
1376520271,27,6
1376520875,27,6
1376521481,27,6
1376522085,27,6
1376522736,26,7
1376523339,26,7
1376523943,26,7
1376524547,26,7
1376525150,26,7
1376525754,26,7
1376526357,26,7
1376526961,26,7
1376527565,26,7
1376528168,26,7
1376528772,26,7
1376529376,26,7
1376529979,26,7
1376530652,26,7
1376530755,26,7
1376531359,26,7
1376531962,26,7
1376532566,26,7
1376533169,26,7
1376533773,26,7
1376534376,26,7
1376534980,26,7
1376535583,26,7
1376536187,26,7
1376536791,26,7
1376537394,26,7
1376537998,26,7
1376538601,26,7
1376539205,26,7
1376539809,26,7
1376540412,26,7
1376541016,26,7
1376541619,26,7
1376542223,26,7
1376542826,26,7
1376543430,26,7
1376544033,26,7
1376544637,26,7
1376545240,26,7
1376545844,26,7
1376546447,26,7
1376547051,26,7
1376547654,26,7
1376548258,26,7
1376548829,27,6
1376549433,27,6
1376550037,27,6
1376550640,27,6
1376551244,27,6
1376551784,27,6
1376551787,26,7
1376552391,26,7
1376552995,26,7
1376553598,26,7
1376554202,26,7
1376554806,26,7
1376555409,26,7
1376556013,26,7
1376556616,26,7
1376557220,26,7
1376557823,26,7
1376558427,26,7
1376559030,26,7
1376559634,26,7
1376560238,26,7
1376560841,26,7
1376561156,25,8
1376561563,26,7
1376561613,26,8
1376561664,27,7
1376561740,26,8
1376561779,26,8
1376562383,26,8
1376562491,25,9
1376563095,25,9
1376563698,25,9
1376564308,26,8
1376564912,26,8
1376565516,26,8
1376565895,27,7
1376566499,27,7
1376567091,26,8
1376567694,26,8
1376568226,26,8
1376568228,27,7
1376568523,28,6
1376568571,29,5
1376568616,30,4
1376569220,30,4
1376569823,30,4
1376570427,30,4
1376571031,30,4
1376571635,30,4
1376572238,30,4
1376572842,30,4
1376573446,30,4
1376574049,30,4
1376574653,30,4
1376575256,30,4
1376575860,30,4
1376576464,30,4
1376577067,30,4
1376577685,30,4
1376577762,31,3
1376578366,31,3
1376578970,31,3
1376579141,32,2
1376579789,32,2
1376579864,32,1
1376579918,32,2
1376579948,33,1
1376580029,33,1
1376580633,33,1
1376580682,32,2
1376581286,32,2
1376581889,32,2
1376582493,32,2
1376583096,32,2
1376583701,32,2
1376584304,32,2
1376584908,32,2
1376585197,32,2
1376585259,33,1
1376585324,32,2
1376585333,33,1
1376585937,33,1
1376586342,33,1
1376586346,32,2
1376586949,32,2
1376587553,32,2
1376588156,32,2
1376588503,32,2
1376588547,30,4
1376589151,30,4
1376589754,30,4
1376590358,30,4
1376590961,30,4
1376591565,30,4
1376592168,30,4
1376592772,30,4
1376593376,30,4
1376593981,30,4
1376594584,30,4
1376595188,30,4
1376595791,30,4
1376596395,30,4
1376596998,30,4
1376597602,30,4
1376598206,30,4
1376598809,30,4
1376599413,30,4
1376599779,29,5
1376600383,29,5
1376601029,28,6
1376601634,28,6
1376602237,28,6
1376602841,28,6
1376603444,28,6
1376603544,27,7
1376603923,27,7
1376603970,28,6
1376604049,28,6
1376604054,30,4
1376604340,31,3
1376604430,30,4
1376604473,30,4
1376604571,31,3
1376605175,31,3
1376605778,31,3
1376606382,31,3
1376606871,30,4
1376607475,30,4
1376607688,29,5
1376608292,29,5
1376608895,29,5
1376609384,29,5
1376609387,30,4
1376609990,30,4
1376610594,30,4
1376611197,30,4
1376611800,30,4
1376612404,30,4
1376613008,30,4
1376613612,30,4
1376614069,29,5
1376614672,29,5
1376615276,29,5
1376615879,29,5
1376616483,29,5
1376617050,29,5
1376617082,29,5
1376617686,29,5
1376618289,29,5
1376618893,29,5
1376619496,29,5
1376620100,29,5
1376620703,29,5
1376621307,29,5
1376621911,29,5
1376622514,29,5
1376623117,29,5
1376623721,29,5
1376624325,29,5
1376624928,29,5
1376625532,29,5
1376626135,29,5
1376626739,29,5
1376627342,29,5
1376627946,29,5
1376628549,29,5
1376629153,29,5
1376629757,29,5
1376630360,29,5
1376630964,29,5
1376631567,29,5
1376632171,29,5
1376632775,29,5
1376632815,28,6
1376633419,28,6
1376634022,28,6
1376634456,28,6
1376634497,29,5
1376634531,28,6
1376635135,28,6
1376635599,27,7
1376635720,28,6
1376635956,27,7
1376636166,26,8
1376636643,25,9
1376637037,24,10
1376637366,23,11
1376637862,23,11
1376637905,24,10
1376638277,23,11
1376638475,24,10
1376638928,23,11
1376639020,22,12
1376639624,22,12
1376640227,22,12
1376640831,22,12
1376641435,22,12
1376642038,22,12
1376642642,22,12
1376643245,22,12
1376643849,22,12
1376644106,22,12
1376644150,23,11
1376644753,23,11
1376645312,23,11
1376645346,24,10
1376645949,24,10
1376646553,24,10
1376646596,23,11
1376646813,24,10
1376647417,24,10
1376648020,24,10
1376648624,24,10
1376649016,24,10
1376649092,24,10
1376649137,24,10
1376649741,24,10
1376650344,24,10
1376650578,24,10
1376650622,25,9
1376651226,25,9
1376651714,27,7
1376651799,28,6
1376652403,28,6
1376652762,27,7
1376652995,28,6
1376653136,27,7
1376653504,26,8
1376653993,27,7
1376654460,25,9
1376655063,25,9
1376655667,25,9
1376656271,25,9
1376656772,26,8
1376657376,26,8
1376657980,26,8
1376658583,26,8
1376659187,26,8
1376659791,26,8
1376660394,26,8
1376660532,27,7
1376661136,27,7
1376661280,27,7
1376661290,28,6
1376661894,28,6
1376662497,28,6
1376663100,28,6
1376663314,29,5
1376663499,29,5
1376663521,30,4
1376663685,31,3
1376663918,32,2
1376664205,33,1
1376664294,32,2
1376664375,32,2
1376664978,32,2
1376665480,31,3
1376665489,32,2
1376666093,32,2
1376666697,32,2
1376666771,33,1
1376666815,32,2
1376667419,32,2
1376668022,32,2
1376668626,32,2
1376669229,32,2
1376669330,31,3
1376669979,31,3
1376669989,32,2
1376670593,32,2
1376671197,32,2
1376671781,33,1
1376671824,32,2
1376672428,32,2
1376673031,32,2
1376673634,32,2
1376673735,31,3
1376674339,31,3
1376674898,30,4
1376675133,30,4
1376675176,31,3
1376675779,31,3
1376676184,32,2
1376676788,32,2
1376677242,31,3
1376677425,31,3
1376677428,32,2
1376678026,31,3
1376678630,31,3
1376679234,31,3
1376679837,31,3
1376680440,31,3
1376681044,31,3
1376681648,31,3
1376682252,31,3
1376682855,31,3
1376683459,31,3
1376684062,31,3
1376684666,31,3
1376685269,31,3
1376685873,31,3
1376686476,31,3
1376687080,31,3
1376687591,30,4
1376688195,30,4
1376688719,29,5
1376689322,29,5
1376689926,29,5
1376690515,28,6
1376691119,28,6
1376691478,27,7
1376692081,27,7
1376692685,27,7
1376693068,27,7
1376693113,27,7
1376693158,28,6
1376693312,28,6
1376693356,29,5
1376693959,29,5
1376694563,29,5
1376695167,29,5
1376695770,29,5
1376696374,29,5
1376696978,29,5
1376697581,29,5
1376698185,29,5
1376698789,29,5
1376699392,29,5
1376699996,29,5
1376700600,29,5
1376701204,29,5
1376701807,29,5
1376702412,29,5
1376703015,29,5
1376703451,29,5
1376703559,29,5
1376704169,28,6
1376704773,28,6
1376705377,28,6
1376705980,28,6
1376706584,28,6
1376707188,28,6
1376707791,28,6
1376708395,28,6
1376708998,28,6
1376709602,28,6
1376710206,28,6
1376710811,28,6
1376711415,28,6
1376711746,27,7
1376712350,27,7
1376712954,27,7
1376713558,27,7
1376714162,27,7
1376714765,27,7
1376715369,27,7
1376715972,27,7
1376716576,27,7
1376717179,27,7
1376717783,27,7
1376718386,27,7
1376718798,27,7
1376718842,28,6
1376719446,28,6
1376720049,28,6
1376720653,28,6
1376721256,28,6
1376721860,28,6
1376722463,28,6
1376723067,28,6
1376723670,28,6
1376724274,28,6
1376724877,28,6
1376725418,29,5
1376725474,28,6
1376725502,29,5
1376726107,29,5
1376726506,29,5
1376726522,30,4
1376727126,30,4
1376727731,30,4
1376728334,30,4
1376728938,30,4
1376729542,30,4
1376730145,30,4
1376730749,29,5
1376731353,29,5
1376731956,29,5
1376732099,28,6
1376732702,28,6
1376732802,28,6
1376732831,29,5
1376733434,29,5
1376734038,29,5
1376734642,29,5
1376735246,29,5
1376735849,29,5
1376736453,29,5
1376737056,29,5
1376737699,29,5
1376737740,30,4
1376738344,30,4
1376738542,29,5
1376738618,29,5
1376738687,30,4
1376738894,31,3
1376739498,31,3
1376739981,31,3
1376740015,32,2
1376740618,32,2
1376741223,32,2
1376741827,32,2
1376742431,32,2
1376742703,30,4
1376743308,30,4
1376743582,30,4
1376743626,31,3
1376744230,31,3
1376744835,31,3
1376745439,31,3
1376746044,31,3
1376746648,31,3
1376747253,31,3
1376747857,31,3
1376748460,31,3
1376749064,31,3
1376749667,31,3
1376750271,31,3
1376750876,31,3
1376751222,31,3
1376751827,31,3
1376752430,31,3
1376753034,31,3
1376753637,31,3
1376754241,31,3
1376754845,31,3
1376755242,32,2
1376755846,32,2
1376756450,32,2
1376757053,32,2
1376757657,32,2
1376758260,32,2
1376758864,32,2
1376759131,31,3
1376759241,32,2
1376759845,32,2
1376760448,32,2
1376761052,32,2
1376761655,32,2
1376762259,32,2
1376762863,32,2
1376763467,32,2
1376764071,32,2
1376764540,31,2
1376764566,31,3
1376765165,32,2
1376765768,32,2
1376766372,32,2
1376766976,32,2
1376767580,32,2
1376768184,32,2
1376768787,32,2
1376769391,32,2
1376769994,32,2
1376770598,32,2
1376771202,32,2
1376771291,32,2
1376771357,32,2
1376771717,32,2
1376771985,32,2
1376771988,31,3
1376772592,31,3
1376773196,31,3
1376773784,30,4
1376773904,30,4
1376774025,29,5
1376774629,29,5
1376775200,28,6
1376775403,27,7
1376776007,27,7
1376776611,27,7
1376777214,27,7
1376777818,27,7
1376778422,27,7
1376778968,26,8
1376779572,26,8
1376780176,26,8
1376780779,26,8
1376781383,26,8
1376781573,25,9
1376782177,25,9
1376782781,25,9
1376782966,23,11
1376783563,23,11
1376783572,24,10
1376784176,24,10
1376784781,24,10
1376785385,24,10
1376785989,24,10
1376786593,24,10
1376787196,24,10
1376787800,24,10
1376788414,24,10
1376789018,24,10
1376789621,24,10
1376789866,24,10
1376789874,24,10
1376790478,24,10
1376791081,24,10
1376791685,24,10
1376792289,24,10
1376792892,24,10
1376793496,24,10
1376794100,24,10
1376794703,24,10
1376795307,24,10
1376795911,24,10
1376796514,24,10
1376797117,24,10
1376797720,24,10
1376798324,24,10
1376798927,24,10
1376799531,24,10
1376800135,24,10
1376800738,24,10
1376801342,24,10
1376801945,24,10
1376802549,24,10
1376803153,24,10
1376803757,24,10
1376804361,24,10
1376804964,24,10
1376805568,24,10
1376806172,24,10
1376806776,24,10
1376807379,24,10
1376807983,24,10
1376808587,24,10
1376809191,24,10
1376809794,24,10
1376810398,24,10
1376811002,24,10
1376811605,24,10
1376812209,24,10
1376812302,23,11
1376812906,23,11
1376813319,24,10
1376813923,24,10
1376814526,24,10
1376814848,24,10
1376814893,25,9
1376815496,25,9
1376816100,25,9
1376816703,25,9
1376817308,25,9
1376817737,26,8
1376818341,26,8
1376818584,27,7
1376819188,27,7
1376819793,27,7
1376820397,27,7
1376820533,26,8
1376821137,26,8
1376821741,26,8
1376822345,26,8
1376822948,26,8
1376823553,26,8
1376824156,26,8
1376824760,26,8
1376825364,26,8
1376825967,26,8
1376826571,26,8
1376827174,26,8
1376827778,26,8
1376828381,26,8
1376828981,25,9
1376829585,25,9
1376830188,25,9
1376830792,25,9
1376831396,25,9
1376831999,25,9
1376832603,25,9
1376832787,26,8
1376832964,25,9
