1376208570,24,4
1376208802,23,5
1376208981,24,4
1376209585,24,4
1376210190,24,4
1376210794,24,4
1376211397,24,4
1376211814,25,3
1376212419,25,3
1376213023,25,3
1376213627,25,3
1376214189,25,3
1376214282,25,3
1376214886,25,3
1376215490,25,3
1376216093,25,3
1376216697,25,3
1376216957,24,4
1376217017,24,4
1376217621,24,4
1376218225,24,4
1376218828,24,4
1376219432,24,4
1376220036,24,4
1376220640,24,4
1376221244,24,4
1376221848,24,4
1376222452,24,4
1376222633,23,5
1376223238,23,5
1376223842,23,5
1376224446,23,5
1376225080,24,4
1376225183,27,1
1376225265,26,2
1376225274,27,1
1376225878,27,1
1376226482,27,1
1376227087,27,1
1376227229,26,2
1376227834,26,2
1376228438,26,2
1376229042,26,2
1376229645,26,2
1376230249,26,2
1376230853,26,2
1376231456,26,2
1376232066,26,2
1376232670,26,2
1376233275,26,2
1376233455,25,3
1376234060,25,3
1376234664,25,3
1376235268,25,3
1376235524,25,3
1376235532,26,2
1376236167,25,3
1376236498,24,4
1376237102,24,4
1376237706,24,4
1376238051,24,4
1376238622,24,4
1376238670,25,3
1376238945,24,4
1376239550,24,4
1376240153,24,4
1376240386,21,7
1376240991,21,7
1376241320,22,6
1376241746,20,8
1376242351,20,8
1376242626,19,9
1376242781,19,9
1376242801,19,9
1376242881,20,8
1376242908,21,7
1376243209,21,7
1376243814,21,7
1376244417,21,7
1376245021,21,7
1376245625,21,7
1376245920,22,6
1376246524,22,6
1376247129,22,6
1376247732,22,6
1376248337,22,6
1376248941,22,6
1376249545,22,6
1376250149,22,6
1376250752,22,6
1376251356,22,6
1376251960,22,6
1376252564,22,6
1376253092,21,7
1376253317,22,6
1376253522,21,7
1376253528,20,8
1376254132,20,8
1376254771,19,9
1376255375,19,9
1376255979,19,9
1376256583,19,9
1376257187,19,9
1376257791,19,9
1376258395,19,9
1376258474,18,10
1376259078,18,10
1376259683,18,10
1376260287,18,10
1376260891,18,10
1376261495,18,10
1376261562,18,10
1376261589,17,11
1376262193,17,11
1376262313,15,13
1376262422,14,14
1376263026,14,14
1376263630,14,14
1376264233,14,14
1376264837,14,14
1376265441,14,14
1376266045,14,14
1376266654,14,14
1376267258,14,14
1376267862,14,14
1376268466,14,14
1376269069,14,14
1376269673,14,14
1376270094,15,13
1376270698,15,13
1376271302,15,13
1376271512,15,13
1376272116,15,13
1376272721,15,13
1376273325,15,13
1376273928,15,13
1376274532,15,13
1376275137,15,13
1376275741,15,13
1376276345,15,13
1376276948,15,13
1376277552,15,13
1376278156,15,13
1376278760,15,13
1376279364,15,13
1376279967,15,13
1376280201,16,12
1376280719,17,11
1376281323,17,11
1376281927,17,11
1376282531,17,11
1376283134,17,11
1376283417,16,12
1376284021,16,12
1376284625,16,12
1376285264,16,12
1376285274,17,11
1376285879,17,11
1376286483,17,11
1376287087,17,11
1376287691,17,11
1376288296,17,11
1376288518,18,10
1376288695,17,11
1376288831,17,11
1376288920,19,9
1376288938,19,9
1376289043,19,9
1376289130,19,9
1376289192,19,9
1376289245,20,8
1376289849,20,8
1376289912,19,9
1376290231,20,8
1376290262,21,7
1376290662,21,7
1376290665,20,8
1376290869,20,8
1376291009,19,9
1376291375,18,10
1376291679,17,11
1376291693,17,11
1376292013,18,10
1376292378,18,10
1376292510,17,11
1376292549,18,10
1376292623,19,9
1376292662,20,8
1376292739,22,6
1376293055,21,7
1376293659,22,6
1376293720,24,4
1376293798,23,5
1376293901,22,6
1376293995,21,7
1376294531,22,6
1376294643,21,7
1376295285,21,7
1376295287,22,6
1376295892,22,6
1376296037,21,7
1376296120,21,7
1376296130,22,6
1376296735,22,6
1376297339,22,6
1376297943,22,6
1376298083,21,7
1376298687,21,7
1376299290,21,7
1376299894,21,7
1376300498,21,7
1376301102,21,7
1376301433,22,6
1376301684,23,5
1376301857,24,4
1376301929,23,5
1376302101,22,6
1376302289,23,5
1376302893,23,5
1376303497,23,5
1376303772,24,4
1376304377,24,4
1376304981,24,4
1376305176,24,4
1376305664,23,5
1376306269,23,5
1376306862,22,5
1376306876,22,6
1376307481,22,6
1376308084,22,6
1376308650,23,5
1376308780,23,5
1376308790,24,4
1376309395,24,4
1376309999,24,4
1376310602,24,4
1376311207,24,4
1376311473,23,5
1376312077,23,5
1376312681,23,5
1376313285,23,5
1376313889,23,5
1376314492,23,5
1376314790,22,6
1376315394,22,6
1376315998,22,6
1376316602,22,6
1376317207,22,6
1376317799,23,5
1376318403,23,5
1376319007,23,5
1376319062,24,4
1376319180,25,3
1376319784,25,3
1376319860,24,4
1376320122,23,5
1376320726,23,5
1376320848,22,6
1376321194,23,5
1376321802,23,5
1376321912,25,3
1376322044,25,3
1376322047,26,2
1376322138,26,1
1376322195,27,1
1376322419,28,0
1376322548,28,0
1376323153,28,0
1376323758,28,0
1376324043,27,1
1376324410,27,1
1376324678,26,2
1376324941,25,3
1376325177,26,2
1376325344,27,1
1376325353,28,0
1376325785,27,1
1376325969,28,0
1376326574,28,0
1376326868,27,1
1376327472,27,1
1376328076,27,1
1376328679,27,1
1376329012,28,0
1376329617,28,0
1376329738,27,1
1376330342,27,1
1376330592,28,0
1376330811,27,1
1376331114,26,2
1376331369,27,1
1376331974,27,1
1376332420,26,2
1376333024,26,2
1376333627,26,2
1376334137,27,1
1376334326,28,0
1376334930,28,0
1376335534,28,0
1376336138,28,0
1376336742,28,0
1376337346,28,0
1376337950,28,0
1376338553,28,0
1376339157,28,0
1376339761,28,0
1376340366,28,0
1376340970,28,0
1376341574,28,0
1376342177,28,0
1376342781,28,0
1376343385,28,0
1376343472,27,1
1376344077,27,1
1376344681,27,1
1376345284,27,1
1376345888,27,1
1376346492,27,1
1376347096,27,1
1376347700,27,1
1376348304,27,1
1376348908,27,1
1376349512,27,1
1376350116,27,1
1376350720,27,1
1376351324,27,1
1376351928,27,1
1376352531,27,1
1376353135,27,1
1376353739,27,1
1376354343,27,1
1376354946,27,1
1376355550,27,1
1376356154,27,1
1376356758,27,1
1376357362,27,1
1376357911,27,1
1376358515,27,1
1376359119,27,1
1376359723,27,1
1376360326,27,1
1376360930,27,1
1376361534,27,1
1376362139,27,1
1376362743,27,1
1376363346,27,1
1376363950,27,1
1376364554,27,1
1376365158,27,1
1376365762,27,1
1376366365,27,1
1376366969,27,1
1376367573,27,1
1376368177,27,1
1376368780,27,1
1376369384,27,1
1376369988,27,1
1376370317,28,0
1376370921,28,0
1376371525,28,0
1376372129,28,0
1376372554,28,0
1376373158,28,0
1376373462,28,0
1376373465,27,1
1376373541,26,2
1376374146,26,2
1376374497,25,3
1376375080,27,1
1376375095,28,0
1376375163,27,1
1376375684,28,0
1376375699,28,0
1376376198,27,1
1376376701,27,1
1376376711,28,0
1376377315,28,0
1376377455,27,1
1376377883,28,0
1376377961,27,1
1376377980,27,1
1376378121,25,3
1376378726,25,3
1376378841,26,2
1376378914,27,1
1376379039,27,1
1376379048,28,0
1376379197,27,1
1376379621,26,2
1376379762,26,2
1376379772,27,1
1376379854,26,2
1376380012,25,3
1376380293,25,3
1376380896,25,3
1376381287,24,4
1376381415,23,5
1376382019,23,5
1376382149,22,6
1376382753,22,6
1376383357,22,6
1376383962,22,6
1376384565,22,6
1376385169,22,6
1376385773,22,6
1376386377,22,6
1376386980,22,6
1376387623,23,5
1376388282,23,5
1376388313,23,5
1376388401,23,5
1376388433,23,5
1376388489,24,4
1376388980,25,3
1376389170,27,1
1376389775,27,1
1376390379,27,1
1376390787,26,2
1376391392,26,2
1376391643,25,3
1376392247,25,3
1376392851,25,3
1376393083,24,3
1376393100,24,4
1376393178,23,5
1376393782,23,5
1376394386,23,5
1376394690,24,4
1376394907,25,3
1376395205,26,2
1376395359,26,2
1376395377,25,3
1376395982,25,3
1376396072,24,4
1376396173,25,3
1376396617,26,2
1376397222,26,2
1376397826,26,2
1376398429,26,2
1376399033,26,2
1376399442,26,2
1376399444,25,3
1376400049,25,3
1376400316,24,4
1376400921,24,4
1376401058,24,4
1376401068,25,3
1376401672,25,3
1376402277,25,3
1376402649,24,4
1376403039,24,4
1376403048,25,3
1376403652,25,3
1376403996,26,2
1376404286,27,1
1376404890,27,1
1376405493,27,1
1376406097,27,1
1376406636,26,2
1376407173,27,1
1376407431,26,2
1376407880,27,1
1376408484,27,1
1376408594,26,2
1376408799,27,1
1376408843,26,2
1376409147,25,3
1376409193,24,4
1376409486,25,3
1376409577,26,2
1376409785,27,1
1376409933,26,2
1376410002,27,1
1376410013,28,0
1376410617,28,0
1376411221,28,0
1376411825,28,0
1376412428,28,0
1376412849,27,1
1376413454,27,1
1376413576,26,2
1376413997,26,2
1376414029,26,2
1376414120,26,2
1376414191,28,0
1376414255,27,1
1376414346,26,2
1376414624,25,3
1376415190,24,4
1376415738,23,5
1376416024,22,6
1376416412,21,7
1376417021,20,8
1376417351,19,9
1376417955,19,9
1376418129,18,10
1376418733,18,10
1376419337,18,10
1376419941,18,10
1376420428,17,11
1376421016,17,11
1376421098,17,11
1376421144,18,10
1376421316,19,9
1376421920,19,9
1376422525,19,9
1376423130,19,9
1376423734,19,9
1376424339,19,9
1376424553,18,10
1376425157,18,10
1376425761,18,10
1376426365,18,10
1376426968,18,10
1376427210,17,11
1376427815,17,11
1376428418,17,11
1376428700,19,9
1376429305,19,9
1376429908,19,9
1376429953,18,10
1376430557,18,10
1376431161,18,10
1376431764,18,10
1376432368,18,10
1376432972,18,10
1376433576,18,10
1376433609,17,11
1376434214,17,11
1376434484,17,11
1376434486,16,12
1376435091,16,12
1376435695,16,12
1376436299,16,12
1376436902,16,12
1376437507,16,12
1376438122,15,13
1376438727,15,13
1376439330,15,13
1376439934,15,13
1376440538,15,13
1376441141,15,13
1376441745,15,13
1376442349,15,13
1376442953,15,13
1376443557,15,13
1376444311,15,13
1376444915,15,13
1376445519,15,13
1376446122,15,13
1376446726,15,13
1376447331,15,13
1376447934,15,13
1376448538,15,13
1376449142,15,13
1376449745,15,13
1376450350,15,13
1376450954,15,13
1376451558,15,13
1376452163,15,13
1376452767,15,13
1376453082,15,13
1376453094,16,12
1376453698,16,12
1376454302,16,12
1376454822,16,12
1376454825,17,11
1376455429,17,11
1376456033,17,11
1376456230,16,12
1376456834,16,12
1376457034,17,11
1376457638,17,11
1376458243,17,11
1376458847,17,11
1376459451,17,11
1376459743,17,11
1376459746,18,10
1376460350,18,10
1376460494,18,10
1376460535,17,11
1376461000,18,10
1376461280,19,9
1376461681,18,10
1376461884,19,9
1376462488,19,9
1376462545,19,9
1376462617,19,9
1376462650,20,8
1376462855,21,7
1376463008,22,6
1376463220,22,6
1376463229,23,5
1376463547,22,6
1376463785,21,7
1376463938,20,8
1376464050,21,7
1376464279,20,8
1376464321,20,8
1376464945,21,7
1376465478,22,6
1376465573,23,5
1376465897,24,4
1376465983,25,3
1376466176,24,4
1376466264,23,5
1376466869,23,5
1376467039,22,6
1376467644,22,6
1376468248,22,6
1376468502,22,6
1376468512,23,5
1376469108,22,6
1376469712,22,6
1376470315,22,6
1376470919,22,6
1376471523,22,6
1376472128,22,6
1376472732,22,6
1376473336,22,6
1376473941,22,6
1376474501,22,6
1376474564,23,5
1376474612,23,5
1376474681,23,5
1376474731,24,4
1376474784,23,5
1376474839,24,4
1376475012,25,3
1376475571,24,4
1376476176,24,4
1376476252,23,5
1376476525,21,7
1376477130,21,7
1376477734,21,7
1376478338,21,7
1376478943,21,7
1376479547,21,7
1376480150,21,7
1376480268,20,8
1376480872,20,8
1376481204,19,9
1376481424,20,8
1376482029,20,8
1376482633,20,8
1376483237,20,8
1376483841,20,8
1376484303,21,7
1376484907,21,7
1376485424,20,8
1376486029,20,8
1376486300,21,7
1376486802,22,6
1376486812,23,5
1376487403,24,4
1376488007,24,4
1376488136,23,5
1376488415,22,6
1376489025,22,6
1376489629,22,6
1376490239,23,5
1376490758,24,4
1376491363,24,4
1376491966,24,4
1376492040,23,5
1376492439,24,4
1376492876,23,5
1376493506,24,4
1376493910,25,3
1376493955,24,4
1376494145,25,3
1376494450,26,2
1376494589,27,1
1376494766,26,2
1376495306,27,1
1376495676,28,0
1376496221,26,2
1376496414,27,1
1376496644,26,2
1376496669,28,0
1376497273,28,0
1376497334,27,1
1376497938,27,1
1376498235,28,0
1376498839,28,0
1376499383,27,1
1376499814,26,2
1376499855,25,3
1376500153,24,4
1376500699,25,3
1376501058,24,4
1376501225,22,6
1376501633,22,6
1376501725,22,6
1376501789,23,5
1376502280,23,5
1376502289,24,4
1376502814,25,3
1376503003,25,3
1376503005,26,2
1376503361,25,3
1376503902,25,3
1376504501,25,3
1376504537,25,3
1376504786,26,2
1376504846,25,3
1376505450,25,3
1376505975,25,3
1376506353,24,4
1376506460,23,5
1376506654,24,4
1376507258,24,4
1376507862,24,4
1376508465,24,4
1376509070,24,4
1376509484,24,4
1376509494,25,3
1376510113,24,4
1376510717,24,4
1376511321,24,4
1376511925,24,4
1376512420,24,4
1376512529,23,5
1376513132,23,5
1376513736,23,5
1376513857,23,5
1376513896,23,5
1376513964,23,5
1376514569,23,5
1376515173,23,5
1376515238,21,7
1376515662,20,8
1376515671,19,9
1376516276,19,9
1376516880,19,9
1376517098,20,8
1376517701,20,8
1376518305,20,8
1376518909,20,8
1376519513,20,8
1376520005,19,9
1376520610,19,9
1376521213,19,9
1376521818,19,9
1376522423,19,9
1376523026,19,9
1376523630,19,9
1376524234,19,9
1376524838,19,9
1376525443,19,9
1376525601,20,8
1376526205,20,8
1376526809,20,8
1376527413,20,8
1376528016,20,8
1376528620,20,8
1376529224,20,8
1376529828,20,8
1376530432,20,8
1376530715,20,8
1376530819,20,8
1376531424,20,8
1376532028,20,8
1376532631,20,8
1376533235,20,8
1376533839,20,8
1376534443,20,8
1376535047,20,8
1376535651,20,8
1376536255,20,8
1376536858,20,8
1376537462,20,8
1376538066,20,8
1376538684,19,9
1376539289,19,9
1376539894,19,9
1376540504,19,9
1376541108,19,9
1376541634,20,8
1376542238,20,8
1376542842,20,8
1376543100,21,7
1376543704,21,7
1376544308,21,7
1376544912,21,7
1376545516,21,7
1376546120,21,7
1376546724,21,7
1376547328,21,7
1376547933,21,7
1376548538,21,7
1376549141,21,7
1376549745,21,7
1376550349,21,7
1376550622,21,7
1376550664,22,6
1376551292,23,5
1376551897,23,5
1376552500,23,5
1376552900,24,4
1376553503,24,4
1376553544,23,5
1376554148,23,5
1376554378,24,4
1376554653,23,5
1376554832,22,6
1376554850,22,6
1376555453,22,6
1376556057,22,6
1376556661,22,6
1376557265,22,6
1376557539,22,6
1376557559,23,5
1376558183,22,6
1376558209,22,6
1376558265,22,6
1376558402,23,5
1376559007,23,5
1376559339,24,4
1376559943,24,4
1376560548,24,4
1376561152,24,4
1376561755,24,4
1376562359,24,4
1376562429,25,3
1376563033,25,3
1376563633,26,2
1376563768,26,2
1376563840,27,1
1376564443,27,1
1376565047,27,1
1376565651,27,1
1376566148,28,0
1376566752,28,0
1376567356,28,0
1376567960,28,0
1376568565,28,0
1376569169,28,0
1376569389,28,0
1376569994,28,0
1376570598,28,0
1376571201,28,0
1376571805,28,0
1376572409,28,0
1376573013,28,0
1376573617,28,0
1376574000,27,1
1376574605,27,1
1376575059,26,2
1376575070,27,1
1376575674,27,1
1376576278,27,1
1376576431,28,0
1376576956,27,1
1376577561,27,1
1376578165,27,1
1376578335,28,0
1376578939,28,0
1376578974,27,1
1376579303,26,2
1376579465,25,3
1376579542,25,3
1376579585,25,3
1376579704,25,3
1376580097,24,4
1376580701,24,4
1376581305,24,4
1376581908,24,4
1376582138,25,3
1376582742,25,3
1376583223,25,3
1376583226,24,4
1376583657,23,5
1376583997,24,4
1376584024,24,4
1376584629,24,4
1376585017,26,2
1376585141,26,2
1376585144,25,3
1376585292,26,2
1376585424,26,2
1376585460,27,1
1376586065,27,1
1376586205,26,2
1376586809,26,2
1376587022,25,3
1376587627,25,3
1376587832,26,2
1376588435,26,2
1376589039,26,2
1376589643,26,2
1376590248,26,2
1376590852,26,2
1376591455,26,2
1376592059,26,2
1376592663,26,2
1376593036,24,4
1376593132,23,5
1376593736,23,5
1376593840,22,6
1376594444,22,6
1376595048,22,6
1376595651,22,6
1376595759,23,5
1376596363,23,5
1376596388,24,4
1376596641,23,5
1376597115,22,6
1376597550,21,7
1376597576,21,7
1376597672,22,6
1376598276,22,6
1376598880,22,6
1376599484,22,6
1376600088,22,6
1376600200,21,7
1376600805,21,7
1376601409,21,7
1376602013,21,7
1376602598,20,8
1376602614,20,8
1376603218,20,8
1376603822,20,8
1376604426,20,8
1376605030,20,8
1376605633,20,8
1376606237,20,8
1376606841,20,8
1376607445,20,8
1376608049,20,8
1376608653,20,8
1376609258,20,8
1376609833,19,9
1376610437,19,9
1376611041,19,9
1376611645,19,9
1376612248,19,9
1376612852,19,9
1376613456,19,9
1376613939,20,8
1376614544,20,8
1376615148,20,8
1376615752,20,8
1376616356,20,8
1376617114,20,8
1376617161,20,8
1376617369,20,8
1376617973,20,8
1376618577,20,8
1376619181,20,8
1376619784,20,8
1376620389,20,8
1376620992,20,8
1376621596,20,8
1376622199,20,8
1376622804,20,8
1376623408,20,8
1376624011,20,8
1376624615,20,8
1376625219,20,8
1376625823,20,8
1376625995,21,7
1376626599,21,7
1376627203,21,7
1376627807,21,7
1376628411,21,7
1376629033,20,8
1376629638,20,8
1376630242,20,8
1376630552,21,7
1376631156,21,7
1376631253,20,8
1376631857,20,8
1376632461,20,8
1376632508,21,7
1376633018,20,8
1376633171,20,8
1376633775,20,8
1376633947,21,7
1376634552,21,7
1376634645,21,7
1376634648,22,6
1376634824,23,5
1376634996,24,4
1376635449,24,4
1376635541,26,2
1376635900,27,1
1376636504,27,1
1376637108,27,1
1376637712,27,1
1376638315,27,1
1376638919,27,1
1376639523,27,1
1376640126,27,1
1376640730,27,1
1376641334,27,1
1376641938,27,1
1376642542,27,1
1376643147,27,1
1376643750,27,1
1376644354,27,1
1376644958,27,1
1376645561,27,1
1376646165,27,1
1376646769,27,1
1376647373,27,1
1376647844,27,1
1376647863,27,1
1376647970,26,2
1376648574,26,2
1376649178,26,2
1376649782,26,2
1376650280,25,3
1376650884,25,3
1376651488,25,3
1376652092,25,3
1376652696,25,3
1376653300,25,3
1376653338,26,2
1376653564,27,1
1376654168,27,1
1376654771,27,1
1376655374,27,1
1376655978,27,1
1376656582,27,1
1376657186,27,1
1376657789,27,1
1376658273,28,0
1376658877,28,0
1376659070,27,1
1376659293,28,0
1376659898,28,0
1376660502,28,0
1376660956,27,1
1376661560,27,1
1376661883,27,1
1376661886,26,2
1376662490,26,2
1376662920,27,1
1376663525,27,1
1376663724,26,2
1376664328,26,2
1376664742,25,3
1376664943,25,3
1376664946,26,2
1376665550,26,2
1376665721,27,1
1376666323,28,0
1376666928,28,0
1376667013,27,1
1376667433,26,2
1376667822,25,3
1376667843,24,4
1376668422,25,3
1376668430,26,2
1376669034,26,2
1376669204,27,1
1376669895,26,2
1376670500,26,2
1376671104,26,2
1376671709,26,2
1376671754,27,1
1376672358,27,1
1376672985,27,1
1376672995,25,3
1376673104,25,3
1376673114,26,2
1376673399,27,1
1376674003,27,1
1376674607,27,1
1376675317,28,0
1376675922,28,0
1376676525,28,0
1376677129,28,0
1376677194,27,1
1376677713,28,0
1376678317,28,0
1376678920,28,0
1376679216,27,1
1376679820,27,1
1376680423,27,1
1376681027,27,1
1376681631,27,1
1376681824,26,2
1376681892,25,3
1376682496,25,3
1376683101,25,3
1376683704,25,3
1376683804,24,4
1376684409,24,4
1376685013,24,4
1376685618,24,4
1376686223,24,4
1376686840,23,5
1376687444,23,5
1376688048,23,5
1376688651,23,5
1376689255,23,5
1376689622,22,6
1376690226,22,6
1376690830,22,6
1376691434,22,6
1376692037,22,6
1376692426,22,6
1376692443,21,7
1376693047,21,7
1376693651,21,7
1376694255,21,7
1376694858,21,7
1376695462,21,7
1376696066,21,7
1376696670,21,7
1376697274,21,7
1376697878,21,7
1376698482,21,7
1376699086,21,7
1376699689,21,7
1376699949,22,6
1376700553,22,6
1376701163,22,6
1376701767,22,6
1376702370,22,6
1376702476,21,7
1376703080,21,7
1376703516,21,7
1376703615,21,7
1376703680,21,7
1376703892,21,7
1376704496,21,7
1376705101,21,7
1376705705,21,7
1376706308,21,7
1376706912,21,7
1376707516,21,7
1376708120,21,7
1376708724,21,7
1376709327,21,7
1376709932,21,7
1376710537,21,7
1376711140,21,7
1376711537,22,6
1376712142,22,6
1376712258,23,5
1376712862,23,5
1376713466,23,5
1376714070,23,5
1376714674,23,5
1376714957,24,4
1376715562,24,4
1376716172,24,4
1376716776,24,4
1376717379,24,4
1376717983,24,4
1376718587,24,4
1376719191,24,4
1376719563,23,5
1376720168,23,5
1376720772,23,5
1376721105,23,5
1376721107,24,4
1376721711,24,4
1376722315,24,4
1376722919,24,4
1376723523,24,4
1376724127,24,4
1376724568,25,3
1376725172,25,3
1376725776,25,3
1376726379,25,3
1376726984,25,3
1376727587,25,3
1376728191,25,3
1376728795,25,3
1376729399,25,3
1376729738,25,3
1376729765,26,2
1376730369,26,2
1376730571,26,2
1376730603,25,3
1376731208,25,3
1376731811,25,3
1376732415,25,3
1376732873,24,4
1376733477,24,4
1376734082,24,4
1376734686,24,4
1376735289,24,4
1376735894,24,4
1376736497,24,4
1376737101,24,4
1376737235,25,3
1376737482,27,1
1376738086,27,1
1376738690,27,1
1376738918,28,0
1376739523,28,0
1376740127,28,0
1376740731,28,0
1376741335,28,0
1376741939,28,0
1376742542,28,0
1376743146,28,0
1376743750,28,0
1376744355,28,0
1376744960,28,0
1376745499,27,1
1376746104,27,1
1376746623,28,0
1376747226,28,0
1376747830,28,0
1376748435,28,0
1376749038,28,0
1376749616,27,1
1376750259,27,1
1376750270,28,0
1376750875,28,0
1376751479,28,0
1376751959,27,1
1376752543,27,1
1376752719,28,0
1376753323,28,0
1376753927,28,0
1376754531,28,0
1376755135,28,0
1376755738,28,0
1376756322,27,1
1376756926,27,1
1376757530,27,1
1376757589,26,2
1376757704,26,2
1376757706,27,1
1376758310,27,1
1376758972,28,0
1376759576,28,0
1376760180,28,0
1376760786,28,0
1376761358,27,0
1376761401,27,1
1376761474,27,1
1376761596,28,0
1376762199,28,0
1376762322,28,0
1376762926,28,0
1376763529,28,0
1376764133,28,0
1376764737,28,0
1376764857,27,1
1376765461,27,1
1376766065,27,1
1376766669,27,1
1376767100,25,3
1376767704,25,3
1376768308,25,3
1376768911,25,3
1376769515,25,3
1376770119,25,3
1376770723,25,3
1376771327,25,3
1376771930,25,3
1376772534,25,3
1376773138,25,3
1376773742,25,3
1376774346,25,3
1376774547,26,2
1376775151,26,2
1376775755,26,2
1376776359,26,2
1376776962,26,2
1376777138,25,3
1376777742,25,3
1376778010,24,4
1376778614,24,4
1376779067,23,5
1376779670,23,5
1376780274,23,5
1376780639,22,6
1376781243,22,6
1376781626,21,7
1376781926,20,8
1376782530,20,8
1376783134,20,8
1376783738,20,8
1376784342,20,8
1376784947,20,8
1376785550,20,8
1376786160,20,8
1376786737,21,7
1376787341,21,7
1376787945,21,7
1376788549,21,7
1376789153,21,7
1376789915,21,7
1376790519,21,7
1376791123,21,7
1376791728,21,7
1376792332,21,7
1376792935,21,7
1376793539,21,7
1376794143,21,7
1376794747,21,7
1376795350,21,7
1376795867,21,7
1376795870,20,8
1376796474,20,8
1376797078,20,8
1376797682,20,8
1376798286,20,8
1376798890,20,8
1376799002,19,9
1376799605,19,9
1376800209,19,9
1376800813,19,9
1376801418,19,9
1376801965,20,8
1376802569,20,8
1376803174,20,8
1376803778,20,8
1376804382,20,8
1376804985,20,8
1376805589,20,8
1376806193,20,8
1376806797,20,8
1376807402,20,8
1376808005,20,8
1376808609,20,8
1376809213,20,8
1376809818,20,8
1376810377,21,7
1376810981,21,7
1376811585,21,7
1376811882,22,6
1376812365,22,6
1376812367,21,7
1376812972,21,7
1376813070,22,6
1376813310,23,5
1376813914,23,5
1376814504,24,4
1376815108,24,4
1376815712,24,4
1376816315,24,4
1376816362,23,5
1376816966,23,5
1376817570,23,5
1376818174,23,5
1376818777,23,5
1376819080,22,6
1376819684,22,6
1376819883,21,7
1376820042,21,7
1376820054,22,6
1376820658,22,6
1376821262,22,6
1376821866,22,6
1376822469,22,6
1376822786,21,7
1376823391,21,7
1376823995,21,7
1376824598,21,7
1376825202,21,7
1376825806,21,7
1376826410,21,7
1376827013,21,7
1376827473,22,6
1376828077,22,6
1376828681,22,6
1376829285,22,6
1376829604,21,7
1376829812,20,8
1376829944,21,7
1376830547,21,7
1376831151,21,7
1376831756,21,7
1376831861,21,7
1376831873,22,6
1376832476,22,6
1376832920,21,7
