1376208314,29,3
1376208917,29,3
1376209521,29,3
1376210125,29,3
1376210730,29,3
1376211334,29,3
1376211938,29,3
1376212499,30,2
1376212798,29,3
1376213187,27,5
1376213479,28,4
1376213555,29,3
1376213682,27,5
1376213888,28,4
1376214081,29,3
1376214223,30,2
1376214234,29,3
1376214621,30,2
1376214678,29,3
1376214748,30,2
1376215353,30,2
1376215957,30,2
1376216144,29,3
1376216749,29,3
1376217353,29,3
1376217440,28,4
1376217889,27,5
1376218494,27,5
1376219097,27,5
1376219707,27,5
1376220311,27,5
1376220663,28,4
1376221266,28,4
1376221870,28,4
1376222474,28,4
1376222863,29,3
1376223462,29,3
1376223471,30,2
1376224076,30,2
1376224679,30,2
1376225283,30,2
1376225887,30,2
1376226491,30,2
1376226939,31,1
1376227049,32,0
1376227133,31,1
1376227737,31,1
1376228341,31,1
1376228945,31,1
1376229034,30,2
1376229638,30,2
1376230243,30,2
1376230846,30,2
1376231450,30,2
1376232054,30,2
1376232658,30,2
1376232782,28,4
1376233386,28,4
1376233517,27,5
1376234121,27,5
1376234152,26,6
1376234756,26,6
1376235029,25,7
1376235211,24,7
1376235254,24,8
1376235579,23,9
1376236183,23,9
1376236787,23,9
1376236926,24,8
1376237438,24,8
1376237448,25,7
1376238051,25,7
1376238655,25,7
1376239268,24,8
1376239326,24,8
1376239442,24,8
1376239540,24,8
1376239555,24,8
1376239662,24,8
1376239763,28,4
1376239799,29,3
1376240024,29,3
1376240076,29,3
1376240681,29,3
1376241285,29,3
1376241888,29,3
1376242492,29,3
1376243106,30,2
1376243611,29,3
1376244215,29,3
1376244583,28,4
1376244629,27,5
1376245233,27,5
1376245772,28,4
1376246014,30,2
1376246535,31,1
1376246603,30,2
1376247208,30,2
1376247812,30,2
1376247944,30,2
1376247953,31,1
1376248558,31,1
1376249143,31,1
1376249153,32,0
1376249757,32,0
1376250361,32,0
1376250965,32,0
1376251569,32,0
1376252172,32,0
1376252776,32,0
1376253380,32,0
1376253983,32,0
1376254587,32,0
1376255191,32,0
1376255795,32,0
1376256399,32,0
1376257003,32,0
1376257579,31,1
1376258184,31,1
1376258789,31,1
1376259393,31,1
1376259997,31,1
1376260601,31,1
1376261030,30,2
1376261634,30,2
1376262238,30,2
1376262842,30,2
1376263446,30,2
1376264050,30,2
1376264236,31,1
1376264840,31,1
1376265444,31,1
1376266048,31,1
1376266652,31,1
1376267255,31,1
1376267859,31,1
1376268463,31,1
1376269068,31,1
1376269142,30,2
1376269746,30,2
1376270351,30,2
1376270955,30,2
1376271560,30,2
1376271935,30,2
1376272539,30,2
1376273143,30,2
1376273746,30,2
1376274350,30,2
1376274954,30,2
1376275558,30,2
1376276161,30,2
1376276765,30,2
1376277369,30,2
1376277417,29,3
1376278021,29,3
1376278625,29,3
1376279229,29,3
1376279833,29,3
1376280099,28,4
1376280703,28,4
1376281308,28,4
1376281913,28,4
1376282517,28,4
1376283120,28,4
1376283559,29,3
1376284163,29,3
1376284603,29,3
1376284613,30,2
1376285217,30,2
1376285760,29,3
1376286089,28,4
1376286447,29,3
1376287041,30,2
1376287646,30,2
1376288249,30,2
1376288608,30,2
1376288633,30,2
1376288709,30,2
1376288790,32,0
1376288901,32,0
1376288982,30,2
1376289025,31,1
1376289630,31,1
1376289750,32,0
1376290295,31,1
1376290306,31,1
1376290797,30,2
1376291401,30,2
1376292005,30,2
1376292609,30,2
1376292685,31,1
1376293290,31,1
1376293802,32,0
1376294407,32,0
1376295010,32,0
1376295614,32,0
1376296218,32,0
1376296822,32,0
1376297425,32,0
1376298029,32,0
1376298626,31,1
1376299237,31,1
1376299841,31,1
1376299935,32,0
1376300540,32,0
1376301145,32,0
1376301293,31,1
1376301716,30,2
1376302158,29,3
1376302763,29,3
1376303367,29,3
1376303420,30,2
1376303609,31,1
1376304213,31,1
1376304357,32,0
1376304810,31,1
1376304883,30,2
1376305488,30,2
1376305964,30,2
1376305967,31,1
1376306057,32,0
1376306622,32,0
1376306625,31,1
1376307007,32,0
1376307612,32,0
1376308216,32,0
1376308819,32,0
1376309423,32,0
1376310027,32,0
1376310631,32,0
1376311235,32,0
1376311302,31,1
1376311311,32,0
1376311915,32,0
1376312518,32,0
1376313122,32,0
1376313495,31,1
1376313802,32,0
1376314406,32,0
1376315010,32,0
1376315614,32,0
1376316217,32,0
1376316821,32,0
1376317425,32,0
1376318029,32,0
1376318633,32,0
1376318722,31,1
1376318762,30,2
1376318826,28,4
1376318887,26,6
1376318957,24,8
1376319027,23,9
1376319631,23,9
1376319820,23,9
1376319850,25,7
1376320059,26,6
1376320664,26,6
1376320793,25,7
1376320889,24,8
1376320914,23,9
1376321225,24,8
1376321830,24,8
1376322200,25,7
1376322400,25,6
1376322445,26,5
1376322684,25,6
1376323079,26,5
1376323473,25,6
1376323665,26,5
1376323690,28,4
1376323807,29,3
1376323879,30,2
1376324129,31,1
1376324372,30,2
1376324539,31,1
1376324916,32,0
1376325521,32,0
1376326124,32,0
1376326459,31,1
1376327064,31,1
1376327668,31,1
1376328151,32,0
1376328202,31,1
1376328272,32,0
1376328510,29,3
1376328531,28,4
1376328963,29,3
1376329048,29,3
1376329077,30,2
1376329681,30,2
1376330120,31,1
1376330602,30,2
1376330919,29,3
1376331523,29,3
1376332126,29,3
1376332445,28,4
1376333049,28,4
1376333653,28,4
1376333798,27,5
1376333826,27,5
1376334177,27,5
1376334520,27,5
1376334547,27,5
1376334638,27,5
1376334661,29,3
1376335266,29,3
1376335870,29,3
1376336474,29,3
1376336684,28,4
1376337076,27,5
1376337680,27,5
1376338215,26,6
1376338818,26,6
1376339422,26,6
1376340026,26,6
1376340630,26,6
1376340800,27,5
1376341404,27,5
1376342009,27,5
1376342613,27,5
1376343218,27,5
1376343822,27,5
1376344426,27,5
1376345030,27,5
1376345635,27,5
1376346239,27,5
1376346842,27,5
1376347446,27,5
1376348050,27,5
1376348654,27,5
1376349205,26,6
1376349809,26,6
1376350413,26,6
1376351017,26,6
1376351293,27,5
1376351424,27,5
1376351477,28,4
1376352081,28,4
1376352368,27,5
1376352713,26,6
1376353317,26,6
1376353927,26,6
1376354531,26,6
1376355135,26,6
1376355740,26,6
1376356343,26,6
1376356947,26,6
1376357551,26,6
1376358334,26,6
1376358938,26,6
1376359542,26,6
1376360146,26,6
1376360681,26,6
1376361285,26,6
1376361889,26,6
1376362493,26,6
1376363097,26,6
1376363701,26,6
1376364304,26,6
1376364908,26,6
1376365501,25,7
1376366105,25,7
1376366666,24,8
1376367270,24,8
1376367874,24,8
1376368478,24,8
1376369082,24,8
1376369686,24,8
1376370289,24,8
1376370893,24,8
1376370979,25,7
1376371583,25,7
1376372259,26,6
1376372610,27,5
1376372797,26,6
1376373401,26,6
1376373700,27,5
1376374358,28,4
1376374962,28,4
1376375056,29,3
1376375252,30,2
1376375401,31,1
1376375553,32,0
1376375694,32,0
1376376299,32,0
1376376904,32,0
1376377508,32,0
1376378112,32,0
1376378259,31,1
1376378864,31,1
1376379468,31,1
1376379700,31,1
1376379713,32,0
1376380180,31,1
1376380784,31,1
1376380962,32,0
1376381566,32,0
1376382019,31,1
1376382415,32,0
1376382863,31,1
1376383467,31,1
1376384071,31,1
1376384472,30,2
1376385076,30,2
1376385680,30,2
1376386285,30,2
1376386890,30,2
1376387494,30,2
1376388097,30,2
1376388642,30,2
1376388764,32,0
1376388768,31,1
1376388888,30,2
1376389492,30,2
1376390096,30,2
1376390699,30,2
1376391259,31,1
1376391389,32,0
1376391994,32,0
1376392598,32,0
1376393202,32,0
1376393769,32,0
1376394163,32,0
1376394171,32,0
1376394726,31,1
1376395374,32,0
1376395979,32,0
1376396599,31,1
1376397203,31,1
1376397807,31,1
1376398411,31,1
1376399014,31,1
1376399618,31,1
1376400222,31,1
1376400825,31,1
1376401429,31,1
1376402033,31,1
1376402637,31,1
1376403241,31,1
1376403844,31,1
1376404448,31,1
1376405052,31,1
1376405657,31,1
1376405766,30,2
1376406139,29,3
1376406743,29,3
1376407054,28,4
1376407102,26,6
1376407162,24,8
1376407237,22,10
1376407302,20,12
1376407350,19,13
1376407391,18,14
1376407531,18,14
1376408135,18,14
1376408313,19,13
1376408916,19,13
1376409040,20,12
1376409181,19,13
1376409638,18,14
1376409681,17,15
1376410232,17,15
1376410416,18,14
1376410500,18,14
1376410570,19,13
1376410610,18,14
1376410742,17,15
1376411106,18,14
1376411257,19,13
1376411676,20,12
1376412030,20,12
1376412061,21,11
1376412312,22,10
1376412641,22,10
1376412656,22,10
1376413101,22,10
1376413129,23,9
1376413300,24,8
1376413888,24,8
1376413920,25,7
1376414106,25,7
1376414389,25,7
1376414499,24,8
1376414541,24,8
1376414578,25,7
1376414739,25,7
1376414772,26,6
1376414857,26,6
1376414879,27,5
1376414962,27,5
1376415023,28,3
1376415274,29,2
1376415556,28,3
1376415613,28,3
1376415692,29,2
1376415867,28,3
1376416471,28,4
1376416777,27,5
1376417381,27,5
1376417715,28,4
1376418141,27,5
1376418614,28,4
1376418734,27,5
1376419113,28,4
1376419615,27,5
1376420263,27,5
1376420276,28,4
1376420880,28,4
1376421483,28,4
1376422087,28,4
1376422691,28,4
1376423295,28,4
1376423900,28,4
1376424503,28,4
1376424530,27,5
1376425134,27,5
1376425739,27,5
1376426343,27,5
1376426445,23,8
1376426457,23,9
1376427062,23,9
1376427566,23,9
1376427600,24,8
1376428086,23,9
1376428690,23,9
1376429294,23,9
1376429898,23,9
1376430502,23,9
1376431107,23,9
1376431710,23,9
1376432314,23,9
1376432596,23,9
1376432673,23,9
1376433272,22,10
1376433884,21,11
1376434488,21,11
1376435093,21,11
1376435698,21,11
1376436302,21,11
1376436905,21,11
1376437509,21,11
1376438113,21,11
1376438718,21,11
1376439322,21,11
1376439925,21,11
1376440529,21,11
1376441134,21,11
1376441738,21,11
1376441942,22,10
1376442546,22,10
1376443150,22,10
1376443755,22,10
1376444359,22,10
1376444734,22,10
1376445338,22,10
1376445942,22,10
1376446545,22,10
1376447149,22,10
1376447754,22,10
1376448358,22,10
1376448963,22,10
1376449566,22,10
1376450170,22,10
1376450774,22,10
1376451378,22,10
1376451982,22,10
1376452585,22,10
1376452928,21,11
1376453532,21,11
1376454135,21,11
1376454739,21,11
1376455343,21,11
1376455948,21,11
1376456552,21,11
1376456794,21,11
1376456836,22,10
1376457440,22,10
1376458045,22,10
1376458391,23,9
1376458839,24,8
1376459114,23,9
1376459218,24,8
1376459822,24,8
1376460426,24,8
1376461031,24,8
1376461544,24,8
1376461571,26,6
1376461647,27,5
1376461919,28,4
1376462074,29,3
1376462385,29,3
1376462989,29,3
1376463593,29,3
1376463741,28,4
1376464346,28,4
1376464604,28,4
1376464607,29,3
1376465211,29,3
1376465302,28,4
1376465379,28,4
1376465426,29,3
1376466030,29,3
1376466100,28,4
1376466557,27,5
1376466651,26,6
1376466761,28,4
1376466902,29,3
1376467506,29,3
1376468110,29,3
1376468531,30,2
1376469136,30,2
1376469746,31,1
1376470240,31,1
1376470288,32,0
1376470876,31,1
1376471481,31,1
1376472086,31,1
1376472690,31,1
1376473305,31,1
1376473909,31,1
1376474513,31,1
1376475116,31,1
1376475178,32,0
1376475782,32,0
1376476386,32,0
1376476990,32,0
1376477305,32,0
1376477368,32,0
1376477971,32,0
1376477992,31,1
1376478597,31,1
1376478917,31,1
1376479043,31,1
1376479085,32,0
1376479689,32,0
1376480292,32,0
1376480475,31,1
1376481079,31,1
1376481305,30,2
1376481448,30,2
1376481524,32,0
1376482128,32,0
1376482729,31,1
1376483333,31,1
1376483937,31,1
1376484556,30,2
1376485161,30,2
1376485765,30,2
1376486369,30,2
1376486973,30,2
1376487577,30,2
1376487825,30,2
1376487828,29,3
1376488432,29,3
1376489035,29,3
1376489639,29,3
1376490243,29,3
1376490847,29,3
1376491450,29,3
1376491736,28,4
1376492340,28,4
1376492444,28,4
1376493049,28,4
1376493698,27,5
1376494175,27,5
1376494218,28,4
1376494332,29,3
1376494936,29,3
1376494981,28,4
1376495280,29,3
1376495340,27,5
1376495835,27,5
1376495980,27,5
1376495991,28,4
1376496051,27,5
1376496225,27,5
1376496281,29,3
1376496321,29,3
1376496427,30,2
1376496564,31,1
1376496607,32,0
1376497211,32,0
1376497538,31,1
1376497642,32,0
1376498246,32,0
1376498319,31,1
1376498357,30,2
1376498402,29,3
1376498863,29,3
1376498872,30,2
1376499477,30,2
1376499921,31,1
1376500093,32,0
1376500387,31,1
1376500722,30,2
1376500734,30,2
1376501079,29,3
1376501118,30,2
1376501373,31,1
1376501680,31,1
1376501690,32,0
1376502293,32,0
1376502425,31,1
1376503065,30,2
1376503670,30,2
1376504014,29,3
1376504323,28,4
1376504928,28,4
1376505531,28,4
1376506136,28,4
1376506740,28,4
1376507344,28,4
1376507525,29,3
1376508130,29,3
1376508210,28,4
1376508815,28,4
1376509419,28,4
1376510023,28,4
1376510627,28,4
1376511231,28,4
1376511835,28,4
1376512438,28,4
1376512715,29,3
1376512828,30,2
1376513433,30,2
1376514037,30,2
1376514641,30,2
1376514690,30,2
1376514714,31,1
1376514815,31,1
1376514851,32,0
1376515455,32,0
1376516059,32,0
1376516663,32,0
1376517261,31,1
1376517398,31,1
1376517458,30,2
1376517470,30,2
1376518120,29,2
1376518141,28,4
1376518425,28,4
1376518541,28,4
1376518605,28,4
1376519184,29,3
1376519788,29,3
1376520392,29,3
1376520995,29,3
1376521012,29,3
1376521182,29,3
1376521239,29,3
1376521303,29,3
1376521346,30,2
1376521422,31,1
1376522027,31,1
1376522630,31,1
1376523234,31,1
1376523838,31,1
1376524442,31,1
1376525045,31,1
1376525649,31,1
1376525705,30,2
1376526310,30,2
1376526914,30,2
1376527518,30,2
1376528122,30,2
1376528726,30,2
1376529330,30,2
1376529934,30,2
1376530538,30,2
1376531138,30,2
1376531243,30,2
1376531302,30,2
1376531505,30,2
1376532109,30,2
1376532713,30,2
1376533318,30,2
1376533890,29,3
1376534494,29,3
1376535098,29,3
1376535702,29,3
1376536306,29,3
1376536762,30,2
1376537366,30,2
1376537970,30,2
1376538574,30,2
1376539177,30,2
1376539229,29,3
1376539833,29,3
1376540437,29,3
1376541041,29,3
1376541646,29,3
1376542250,29,3
1376542854,29,3
1376543458,29,3
1376544062,29,3
1376544666,29,3
1376545270,29,3
1376545874,29,3
1376546478,29,3
1376547081,29,3
1376547685,29,3
1376548289,29,3
1376548893,29,3
1376549496,29,3
1376550100,29,3
1376550704,29,3
1376551307,29,3
1376551689,28,4
1376551985,29,3
1376552589,29,3
1376553193,29,3
1376553284,29,3
1376553287,28,4
1376553891,28,4
1376554495,28,4
1376555099,28,4
1376555702,28,4
1376556307,28,4
1376556911,28,4
1376557184,27,5
1376557472,28,4
1376557681,27,5
1376558000,27,5
1376558052,28,4
1376558501,27,5
1376558559,27,5
1376558589,27,5
1376558638,28,4
1376559089,29,3
1376559309,30,2
1376559363,31,1
1376559519,30,2
1376560124,30,2
1376560727,30,2
1376561331,30,2
1376561935,30,2
1376562539,30,2
1376562692,31,1
1376563297,31,1
1376563389,32,0
1376563435,31,1
1376564039,31,1
1376564318,31,1
1376564328,32,0
1376564932,32,0
1376565535,32,0
1376566139,32,0
1376566743,32,0
1376567347,32,0
1376567950,32,0
1376568554,32,0
1376569158,32,0
1376569762,32,0
1376570366,32,0
1376570969,32,0
1376571573,32,0
1376572177,32,0
1376572456,30,2
1376573060,30,2
1376573143,30,2
1376573186,30,2
1376573246,29,3
1376573384,29,3
1376573387,28,4
1376573992,28,4
1376574098,29,3
1376574703,29,3
1376575306,29,3
1376575910,29,3
1376576514,29,3
1376576621,28,4
1376577225,28,4
1376577395,27,5
1376577999,27,5
1376578603,27,5
1376578616,28,4
1376579220,28,4
1376579621,30,2
1376580225,30,2
1376580829,30,2
1376581438,29,3
1376582042,30,2
1376582586,29,3
1376582684,29,3
1376582757,30,2
1376583362,30,2
1376583644,29,3
1376583975,28,4
1376584009,27,5
1376584138,26,6
1376584741,26,6
1376584896,25,7
1376585499,25,7
1376586103,25,7
1376586543,24,8
1376587089,25,7
1376587693,25,7
1376588297,25,7
1376588901,25,7
1376589506,25,7
1376590111,25,7
1376590240,26,6
1376590844,26,6
1376590941,27,5
1376591545,27,5
1376591982,28,4
1376592460,27,5
1376592759,26,6
1376592820,28,4
1376593424,28,4
1376594028,28,4
1376594633,28,4
1376595237,28,4
1376595841,28,4
1376596444,28,4
1376597048,28,4
1376597652,28,4
1376598256,28,4
1376598860,28,4
1376599463,28,4
1376600067,28,4
1376600671,28,4
1376601274,28,4
1376601650,27,5
1376602254,27,5
1376602858,27,5
1376603462,27,5
1376604066,27,5
1376604222,26,6
1376604826,26,6
1376605430,26,6
1376606023,26,6
1376606059,27,5
1376606664,27,5
1376606826,26,6
1376607430,26,6
1376608034,26,6
1376608638,26,6
1376609241,26,6
1376609845,26,6
1376610450,26,6
1376611054,26,6
1376611658,26,6
1376612261,26,6
1376612865,26,6
1376613469,26,6
1376614073,26,6
1376614677,26,6
1376615287,26,6
1376615891,26,6
1376616495,26,6
1376617099,26,6
1376617535,26,6
1376618139,26,6
1376618743,26,6
1376619347,26,6
1376619951,26,6
1376620555,26,6
1376621158,26,6
1376621762,26,6
1376622366,26,6
1376622456,26,6
1376622480,26,6
1376622620,26,6
1376622678,26,6
1376622748,26,6
1376622810,27,5
1376623415,27,5
1376624019,27,5
1376624622,27,5
1376625226,27,5
1376625830,27,5
1376626120,26,6
1376626724,26,6
1376627328,26,6
1376627932,26,6
1376628536,26,6
1376629139,26,6
1376629743,26,6
1376630347,26,6
1376630951,26,6
1376631362,27,5
1376631618,26,6
1376632223,26,6
1376632827,26,6
1376633297,27,5
1376633900,27,5
1376634504,27,5
1376634701,27,5
1376634710,28,4
1376634989,30,2
1376635079,29,3
1376635683,29,3
1376636020,29,3
1376636044,30,2
1376636648,30,2
1376636801,29,3
1376637342,29,3
1376637344,30,2
1376637568,31,1
1376638172,31,1
1376638256,30,2
1376638861,30,2
1376639465,30,2
1376639769,29,3
1376640373,29,3
1376640622,30,2
1376640819,30,2
1376640828,31,1
1376641433,31,1
1376642036,31,1
1376642640,31,1
1376642995,30,2
1376643600,30,2
1376644204,30,2
1376644808,30,2
1376645413,30,2
1376646016,30,2
1376646523,30,2
1376646526,29,3
1376647041,28,4
1376647662,28,4
1376647672,29,3
1376647863,30,2
1376648458,31,1
1376648785,32,0
1376649390,32,0
1376649995,32,0
1376650600,32,0
1376651203,32,0
1376651807,32,0
1376652343,31,1
1376652947,31,1
1376653050,30,2
1376653114,31,1
1376653718,31,1
1376654322,31,1
1376654926,31,1
1376655530,31,1
1376656133,31,1
1376656249,30,2
1376656853,30,2
1376657457,30,2
1376657623,30,2
1376657626,29,3
1376658230,29,3
1376658479,30,2
1376658641,30,2
1376658650,31,1
1376659254,31,1
1376659784,30,2
1376660389,30,2
1376660993,30,2
1376661524,29,3
1376662128,29,3
1376662293,30,2
1376662897,30,2
1376663501,30,2
1376664106,30,2
1376664576,31,1
1376664802,32,0
1376665406,32,0
1376666010,32,0
1376666614,32,0
1376667217,32,0
1376667460,30,2
1376667519,29,3
1376667645,30,2
1376667702,31,1
1376667759,32,0
1376667784,31,1
1376668045,32,0
1376668462,32,0
1376669066,32,0
1376669670,32,0
1376669885,31,1
1376670274,30,2
1376670330,31,1
1376670933,31,1
1376671537,31,1
1376671749,32,0
1376672026,32,0
1376672029,31,1
1376672475,32,0
1376673079,32,0
1376673438,31,1
1376674042,31,1
1376674617,32,0
1376674805,31,1
1376675409,31,1
1376675458,30,2
1376676063,30,2
1376676668,30,2
1376677271,30,2
1376677383,30,2
1376677539,30,2
1376677603,31,1
1376677606,32,0
1376678211,32,0
1376678816,32,0
1376679420,32,0
1376680024,32,0
1376680184,32,0
1376680188,31,1
1376680387,30,2
1376680992,30,2
1376681371,30,2
1376681684,30,2
1376681706,29,3
1376682455,29,3
1376682535,29,3
1376683139,29,3
1376683743,29,3
1376683896,30,2
1376684500,30,2
1376684918,31,1
1376685522,31,1
1376686127,31,1
1376686731,31,1
1376687335,31,1
1376687939,31,1
1376688133,30,2
1376688737,30,2
1376688808,31,1
1376689412,31,1
1376690016,31,1
1376690620,31,1
1376691223,31,1
1376691827,31,1
1376692460,30,2
1376693064,30,2
1376693668,30,2
1376694272,30,2
1376694876,30,2
1376695480,30,2
1376696084,30,2
1376696444,30,2
1376696454,31,1
1376697057,31,1
1376697661,31,1
1376698265,31,1
1376698466,32,0
1376699070,32,0
1376699675,32,0
1376700278,32,0
1376700338,31,1
1376700942,31,1
1376701546,31,1
1376702150,31,1
1376702753,31,1
1376703357,31,1
1376703930,31,1
1376704534,31,1
1376705138,31,1
1376705742,31,1
1376705851,31,1
1376705975,32,0
1376706578,32,0
1376707183,32,0
1376707268,31,1
1376707873,31,1
1376708476,31,1
1376709080,31,1
1376709684,31,1
1376710288,31,1
1376710892,31,1
1376711496,31,1
1376712100,31,1
1376712704,31,1
1376713308,31,1
1376713886,30,2
1376714489,30,2
1376715099,30,2
1376715703,30,2
1376715764,30,2
1376715801,31,1
1376716406,31,1
1376716637,32,0
1376717241,32,0
1376717845,32,0
1376718449,32,0
1376719052,32,0
1376719657,32,0
1376720261,32,0
1376720864,32,0
1376721468,32,0
1376722072,32,0
1376722676,32,0
1376723280,32,0
1376723883,32,0
1376724363,31,1
1376724968,31,1
1376725572,31,1
1376726176,31,1
1376726780,31,1
1376727383,31,1
1376727987,31,1
1376728591,31,1
1376729195,31,1
1376729799,31,1
1376730402,31,1
1376730630,29,3
1376730704,29,3
1376730718,29,3
1376731322,29,3
1376731619,28,4
1376731692,27,5
1376731844,28,4
1376732447,28,4
1376732557,29,3
1376732601,30,2
1376732855,31,1
1376732893,30,2
1376733497,30,2
1376733535,29,3
1376734176,30,2
1376734780,30,2
1376735384,30,2
1376735988,30,2
1376736591,30,2
1376737195,30,2
1376737799,30,2
1376737856,31,1
1376738026,31,1
1376738086,32,0
1376738121,32,0
1376738725,32,0
1376739329,32,0
1376739433,31,1
1376740038,31,1
1376740641,31,1
1376740777,31,1
1376740846,31,1
1376740855,32,0
1376740922,31,1
1376741217,30,2
1376741521,31,1
1376742125,31,1
1376742520,32,0
1376743125,32,0
1376743728,32,0
1376744333,32,0
1376744937,32,0
1376745542,32,0
1376746145,32,0
1376746750,32,0
1376747354,32,0
1376747409,31,1
1376748013,31,1
1376748567,32,0
1376749171,32,0
1376749775,32,0
1376750379,32,0
1376750983,32,0
1376751586,32,0
1376751646,32,0
1376751649,31,1
1376752254,31,1
1376752857,31,1
1376753461,31,1
1376753964,32,0
1376753991,31,1
1376754165,31,1
1376754168,32,0
1376754620,31,1
1376754939,32,0
1376755543,32,0
1376756043,31,1
1376756116,32,0
1376756720,32,0
1376757325,32,0
1376757930,32,0
1376758533,32,0
1376759137,32,0
1376759741,32,0
1376760344,32,0
1376760948,32,0
1376761552,32,0
1376762156,32,0
1376762760,32,0
1376763363,32,0
1376763967,32,0
1376764570,32,0
1376765175,32,0
1376765425,31,1
1376766029,31,1
1376766633,31,1
1376766695,30,2
1376766765,27,5
1376766806,24,8
1376766858,22,10
1376767461,22,10
1376768065,22,10
1376768266,22,10
1376768268,23,9
1376768873,23,9
1376769333,24,8
1376769937,24,8
1376770542,24,8
1376771146,24,8
1376771750,24,8
1376772353,24,8
1376772957,24,8
1376773561,24,8
1376774165,24,8
1376774769,24,8
1376775372,24,8
1376775976,24,8
1376776580,24,8
1376777139,24,8
1376777165,25,7
1376777226,25,7
1376777342,25,7
1376777394,26,6
1376777998,26,6
1376778602,26,6
1376778756,25,7
1376779360,25,7
1376779965,25,7
1376780091,24,8
1376780550,23,9
1376781155,23,9
1376781758,23,9
1376782363,23,9
1376782968,23,9
1376783572,23,9
1376783666,22,10
1376784271,22,10
1376784874,22,10
1376785484,22,10
1376786088,22,10
1376786692,22,10
1376787295,22,10
1376787899,22,10
1376788503,22,10
1376789107,22,10
1376789711,22,10
1376790127,23,9
1376790338,23,9
1376790942,23,9
1376791546,23,9
1376792149,23,9
1376792753,23,9
1376793357,23,9
1376793961,23,9
1376794479,24,8
1376795083,24,8
1376795687,24,8
1376796291,24,8
1376796895,24,8
1376797498,24,8
1376798102,24,8
1376798706,24,8
1376799311,24,8
1376799914,24,8
1376800269,23,9
1376800874,23,9
1376801477,23,9
1376802081,23,9
1376802685,23,9
1376803289,23,9
1376803892,23,9
1376804496,23,9
1376805100,23,9
1376805704,23,9
1376806308,23,9
1376806912,23,9
1376807517,23,9
1376808121,23,9
1376808725,23,9
1376809329,23,9
1376809933,23,9
1376810537,23,9
1376810940,22,10
1376811545,22,10
1376812148,22,10
1376812752,22,10
1376813356,22,10
1376813835,21,11
1376814403,21,11
1376814413,22,10
1376814926,23,9
1376815104,24,8
1376815708,24,8
1376816316,23,9
1376816921,23,9
1376816957,24,8
1376817561,24,8
1376818165,24,8
1376818381,25,7
1376818985,25,7
1376819522,26,6
1376820126,26,6
1376820772,27,5
1376821376,27,5
1376821897,26,6
1376822501,26,6
1376823105,26,6
1376823709,26,6
1376824313,26,6
1376824475,27,5
1376824521,27,5
1376824637,29,3
1376825013,28,4
1376825617,28,4
1376826221,28,4
1376826824,28,4
1376827428,28,4
1376827827,29,3
1376828431,29,3
1376828776,28,4
1376829380,28,4
1376829984,28,4
1376830593,28,4
1376831197,28,4
1376831801,28,4
1376832405,28,4
1376832557,26,6
