1376208580,5,19
1376209183,5,19
1376209787,5,19
1376209862,6,18
1376210466,6,18
1376211070,6,18
1376212001,6,18
1376212605,6,18
1376213208,6,18
1376213812,6,18
1376214416,6,18
1376215347,6,18
1376215952,6,18
1376216555,6,18
1376216974,7,17
1376217246,6,18
1376217850,6,18
1376218455,6,18
1376219058,6,18
1376219662,6,18
1376220266,6,18
1376220870,6,18
1376221299,5,19
1376221903,5,19
1376222507,5,19
1376223111,5,19
1376223714,5,19
1376224318,5,19
1376224922,5,19
1376225525,5,19
1376226130,5,19
1376226733,5,19
1376227337,5,19
1376227942,5,19
1376228548,5,19
1376229152,5,19
1376229382,4,20
1376229986,4,20
1376230425,5,19
1376231030,5,19
1376231633,5,19
1376232237,5,19
1376232841,5,19
1376233774,5,19
1376234084,3,21
1376234137,3,21
1376235094,3,21
1376235699,3,21
1376236304,3,21
1376236593,3,21
1376236615,2,22
1376237616,2,22
1376238220,2,22
1376238824,2,22
1376239759,2,22
1376240363,2,22
1376240967,2,22
1376241032,0,24
1376241637,0,24
1376242240,0,24
1376242845,0,24
1376243449,0,24
1376244381,0,24
1376244985,0,24
1376245589,0,24
1376246193,0,24
1376246797,0,24
1376247401,0,24
1376248004,0,24
1376248608,0,24
1376249212,0,24
1376249816,0,24
1376250420,0,24
1376251025,0,24
1376251628,0,24
1376251911,0,24
1376252516,0,24
1376253119,0,24
1376253725,1,23
1376254329,1,23
1376254933,1,23
1376255537,1,23
1376256141,1,23
1376256745,1,23
1376257349,1,23
1376257952,1,23
1376258910,1,23
1376259514,1,23
1376260118,1,23
1376260722,1,23
1376261326,1,23
1376261929,1,23
1376262533,1,23
1376263137,1,23
1376263741,1,23
1376264344,1,23
1376264948,1,23
1376265552,1,23
1376266156,1,23
1376266760,1,23
1376267363,1,23
1376267968,1,23
1376268572,1,23
1376269175,1,23
1376269779,1,23
1376270383,1,23
1376270986,1,23
1376271590,1,23
1376272038,1,23
1376272641,1,23
1376273245,1,23
1376273849,1,23
1376274453,1,23
1376275056,1,23
1376275660,1,23
1376276264,1,23
1376276867,1,23
1376277472,1,23
1376278076,1,23
1376278680,1,23
1376279284,1,23
1376279887,1,23
1376280492,1,23
1376281097,1,23
1376281701,1,23
1376282305,1,23
1376282908,1,23
1376283512,1,23
1376284116,1,23
1376284719,1,23
1376285659,1,23
1376286101,2,22
1376286706,2,22
1376287310,2,22
1376287914,2,22
1376288517,2,22
1376288653,1,23
1376289174,2,22
1376289492,1,23
1376290097,1,23
1376290701,1,23
1376291023,0,24
1376291322,0,24
1376291332,1,23
1376291936,1,23
1376292067,0,24
1376293173,0,24
1376293778,0,24
1376294382,0,24
1376295313,0,24
1376295918,0,24
1376296521,0,24
1376297125,0,24
1376297728,0,24
1376298332,0,24
1376298936,0,24
1376299540,0,24
1376300144,0,24
1376300749,0,24
1376301352,0,24
1376301956,0,24
1376302561,0,24
1376303165,0,24
1376303769,0,24
1376304372,0,24
1376304583,0,24
1376304586,1,23
1376305196,1,23
1376305801,1,23
1376306405,1,23
1376307008,1,23
1376307612,1,23
1376308216,1,23
1376308526,0,24
1376309131,0,24
1376309735,0,24
1376310339,0,24
1376310943,0,24
1376311546,0,24
1376312150,0,24
1376312754,0,24
1376313359,0,24
1376313963,0,24
1376314566,0,24
1376315170,0,24
1376315774,0,24
1376316377,0,24
1376316982,0,24
1376317542,1,23
1376318146,1,23
1376318750,1,23
1376319355,1,23
1376319958,1,23
1376320562,1,23
1376321202,2,22
1376321805,2,22
1376322409,2,22
1376322469,1,23
1376322801,2,22
1376323093,2,22
1376323321,2,22
1376323425,2,22
1376323451,3,21
1376324054,3,21
1376324442,3,21
1376324445,4,20
1376325049,4,20
1376325584,6,18
1376326597,6,18
1376326618,7,17
1376327140,7,17
1376327189,7,17
1376327793,7,17
1376328133,7,17
1376328269,6,18
1376328322,6,18
1376328393,6,18
1376328435,7,17
1376328717,8,16
1376328915,9,15
1376329519,9,15
1376330123,9,15
1376330728,9,15
1376331114,10,14
1376331718,10,14
1376332322,10,14
1376332926,10,14
1376333140,9,15
1376333155,9,15
1376333758,9,15
1376334200,9,15
1376334231,10,14
1376334835,10,14
1376335439,10,14
1376336043,10,14
1376336646,10,14
1376337250,10,14
1376337854,10,14
1376338458,10,14
1376339062,10,14
1376339666,10,14
1376340270,10,14
1376340874,10,14
1376341478,10,14
1376342081,10,14
1376342685,10,14
1376343290,10,14
1376343491,9,15
1376343564,9,15
1376343900,9,15
1376344122,8,16
1376344134,8,16
1376344739,8,16
1376345342,8,16
1376345946,8,16
1376346550,8,16
1376347154,8,16
1376347757,8,16
1376348361,8,16
1376348965,8,16
1376349569,8,16
1376350172,8,16
1376350776,8,16
1376351380,8,16
1376351984,8,16
1376352587,8,16
1376353191,8,16
1376353795,8,16
1376354398,8,16
1376355002,8,16
1376355607,8,16
1376356211,8,16
1376356815,8,16
1376357419,8,16
1376358023,8,16
1376358438,8,16
1376359042,8,16
1376359646,8,16
1376360250,8,16
1376360854,8,16
1376361457,8,16
1376362061,8,16
1376362665,8,16
1376363269,8,16
1376363872,8,16
1376364476,8,16
1376365080,8,16
1376365684,8,16
1376366287,8,16
1376366891,8,16
1376367495,8,16
1376368099,8,16
1376368703,8,16
1376369307,8,16
1376369911,8,16
1376370514,8,16
1376371118,8,16
1376371722,8,16
1376372326,8,16
1376372635,9,15
1376373239,9,15
1376373843,9,15
1376373981,8,16
1376374586,8,16
1376375189,8,16
1376375424,9,15
1376375588,8,16
1376375628,7,17
1376376232,7,17
1376376747,6,18
1376377351,6,18
1376377773,5,19
1376378376,5,19
1376378581,4,20
1376379085,3,21
1376379689,3,21
1376380026,2,22
1376380631,2,22
1376380963,1,23
1376381127,0,24
1376381731,0,24
1376382335,0,24
1376382595,1,23
1376383199,1,23
1376383803,1,23
1376384406,1,23
1376385010,1,23
1376385614,1,23
1376386218,1,23
1376386405,2,22
1376387010,2,22
1376387613,2,22
1376388217,2,22
1376388821,2,22
1376389425,2,22
1376390028,2,22
1376390632,2,22
1376391162,2,22
1376391164,3,21
1376391768,3,21
1376391958,2,22
1376392562,2,22
1376393167,2,22
1376393771,2,22
1376394375,2,22
1376394980,2,22
1376395583,2,22
1376395790,1,23
1376396394,1,23
1376396998,1,23
1376397602,1,23
1376398206,1,23
1376398809,1,23
1376399413,1,23
1376399948,2,22
1376400552,2,22
1376401156,2,22
1376401760,2,22
1376402829,2,22
1376403786,2,22
1376404391,2,22
1376404720,2,22
1376404729,3,21
1376405333,3,21
1376405937,3,21
1376406541,3,21
1376406671,4,20
1376407276,4,20
1376407576,5,19
1376407651,5,19
1376408256,5,19
1376408860,5,19
1376409379,4,20
1376409931,5,19
1376410536,5,19
1376410795,6,18
1376411379,6,18
1376411388,7,17
1376411574,7,17
1376411648,8,16
1376412035,9,15
1376412344,9,15
1376412354,10,14
1376412958,10,14
1376413562,10,14
1376413765,11,13
1376414369,11,13
1376414719,12,12
1376415011,13,11
1376415077,13,11
1376415682,13,11
1376416285,13,11
1376416889,13,11
1376417494,13,11
1376418098,13,11
1376418702,13,11
1376419306,13,11
1376419910,13,11
1376420201,12,12
1376420223,12,12
1376420826,12,12
1376421430,12,12
1376422034,12,12
1376422638,12,12
1376423242,12,12
1376423845,12,12
1376424449,12,12
1376425053,12,12
1376425657,12,12
1376426260,12,12
1376426864,12,12
1376427468,12,12
1376428072,12,12
1376428675,12,12
1376429279,12,12
1376429883,12,12
1376430493,12,12
1376431097,12,12
1376431701,12,12
1376432305,12,12
1376432908,12,12
1376433512,12,12
1376434116,12,12
1376434720,12,12
1376435324,12,12
1376435928,12,12
1376436862,12,12
1376437466,12,12
1376438069,12,12
1376438673,12,12
1376439277,12,12
1376439880,12,12
1376440484,12,12
1376441088,12,12
1376441692,12,12
1376442296,12,12
1376442900,12,12
1376443504,12,12
1376444108,12,12
1376444835,12,12
1376445439,12,12
1376446042,12,12
1376446646,12,12
1376447250,12,12
1376447854,12,12
1376448457,12,12
1376449061,12,12
1376449665,12,12
1376450269,12,12
1376450872,12,12
1376451476,12,12
1376452080,12,12
1376452684,12,12
1376453288,12,12
1376453891,12,12
1376454495,12,12
1376455099,12,12
1376455703,12,12
1376456307,12,12
1376456911,12,12
1376457515,12,12
1376458118,12,12
1376458722,12,12
1376459326,12,12
1376459930,12,12
1376460533,12,12
1376461137,12,12
1376461486,12,12
1376461494,13,11
1376461718,12,12
1376462322,12,12
1376462926,12,12
1376463420,11,13
1376464024,11,13
1376464305,10,14
1376464341,10,14
1376464945,10,14
1376465139,9,15
1376465203,9,15
1376465206,8,16
1376465292,7,17
1376465343,6,18
1376465473,7,17
1376465767,6,18
1376466003,5,19
1376466174,4,20
1376466778,4,20
1376467382,4,20
1376467986,4,20
1376468590,4,20
1376469194,4,20
1376469399,4,20
1376469446,4,20
1376469466,4,20
1376469990,4,20
1376470032,5,19
1376470125,5,19
1376470181,6,18
1376470785,6,18
1376471389,6,18
1376471993,6,18
1376472598,6,18
1376473201,6,18
1376473805,6,18
1376473915,5,19
1376474520,5,19
1376475123,5,19
1376475727,5,19
1376476331,5,19
1376476935,5,19
1376477538,5,19
1376478142,5,19
1376478746,5,19
1376479125,5,19
1376479127,6,18
1376479732,6,18
1376480336,6,18
1376480940,6,18
1376481544,6,18
1376481776,7,17
1376482380,7,17
1376482984,7,17
1376483587,7,17
1376484191,7,17
1376484795,7,17
1376485398,7,17
1376486002,7,17
1376486606,7,17
1376487210,7,17
1376487814,7,17
1376488417,7,17
1376489021,7,17
1376489625,7,17
1376490229,7,17
1376490832,7,17
1376491436,7,17
1376492040,7,17
1376492247,8,16
1376492852,8,16
1376492968,9,15
1376493573,9,15
1376494177,9,15
1376494781,9,15
1376495384,9,15
1376495988,9,15
1376496625,10,14
1376497227,11,13
1376497300,13,11
1376497965,13,11
1376497968,14,10
1376498070,15,9
1376498590,16,8
1376499194,16,8
1376499242,17,7
1376499846,17,7
1376500450,17,7
1376500723,17,7
1376500725,16,8
1376501330,16,8
1376501934,16,8
1376502538,16,8
1376502593,15,9
1376502666,15,9
1376503271,15,9
1376503875,15,9
1376504487,15,9
1376505085,15,9
1376505689,15,9
1376506275,14,10
1376506879,14,10
1376506965,14,10
1376506968,13,11
1376507572,13,11
1376508176,13,11
1376508780,13,11
1376509383,13,11
1376509987,13,11
1376510591,13,11
1376511196,13,11
1376511799,13,11
1376512403,13,11
1376513007,13,11
1376513611,13,11
1376514215,13,11
1376514818,13,11
1376515422,13,11
1376516026,13,11
1376516629,13,11
1376517233,13,11
1376517837,13,11
1376518442,13,11
1376519045,13,11
1376519649,13,11
1376520253,13,11
1376520857,13,11
1376521460,13,11
1376522064,13,11
1376522669,13,11
1376523279,13,11
1376523882,13,11
1376524538,12,12
1376525143,12,12
1376525747,12,12
1376526351,12,12
1376526954,12,12
1376527558,12,12
1376528162,12,12
1376528766,12,12
1376529369,12,12
1376529973,12,12
1376530578,12,12
1376531233,12,12
1376531318,12,12
1376531922,12,12
1376532525,12,12
1376533129,12,12
1376533733,12,12
1376534337,12,12
1376534940,12,12
1376535544,12,12
1376536148,12,12
1376536752,12,12
1376537355,12,12
1376537959,12,12
1376538563,12,12
1376539167,12,12
1376539771,12,12
1376540375,12,12
1376540979,12,12
1376541583,12,12
1376542187,12,12
1376542790,12,12
1376543395,12,12
1376543999,12,12
1376544603,12,12
1376545206,12,12
1376545810,12,12
1376545951,12,12
1376545982,12,12
1376546587,12,12
1376547191,12,12
1376547794,12,12
1376548398,12,12
1376549002,12,12
1376549606,12,12
1376550209,12,12
1376550813,12,12
1376551417,12,12
1376552021,12,12
1376552626,12,12
1376552922,12,12
1376552925,13,11
1376553530,13,11
1376554133,13,11
1376554700,14,10
1376555304,14,10
1376555909,14,10
1376556512,14,10
1376557116,14,10
1376557720,14,10
1376558324,14,10
1376558929,14,10
1376559533,14,10
1376560136,14,10
1376560740,14,10
1376561344,14,10
1376561948,14,10
1376562551,14,10
1376563155,14,10
1376563759,14,10
1376564363,14,10
1376564744,15,9
1376565348,15,9
1376565952,15,9
1376566555,15,9
1376567159,15,9
1376567763,15,9
1376568367,15,9
1376568971,15,9
1376569575,15,9
1376570178,15,9
1376570782,15,9
1376571386,15,9
1376571990,15,9
1376572593,15,9
1376573197,15,9
1376573801,15,9
1376574405,15,9
1376575009,15,9
1376575612,15,9
1376576216,15,9
1376576820,15,9
1376577424,15,9
1376578027,15,9
1376578360,15,9
1376578385,15,9
1376578527,15,9
1376579131,15,9
1376579735,15,9
1376580339,15,9
1376580917,15,9
1376580950,16,8
1376581554,16,8
1376582158,16,8
1376582416,15,9
1376583020,15,9
1376583624,15,9
1376583851,15,9
1376584100,15,9
1376584127,15,9
1376584769,15,9
1376584859,15,9
1376584915,16,8
1376585082,15,9
1376585084,16,8
1376585257,17,7
1376585862,17,7
1376586465,17,7
1376587069,17,7
1376587348,14,10
1376587421,14,10
1376587431,14,10
1376588035,14,10
1376588639,14,10
1376589243,14,10
1376589847,14,10
1376590451,14,10
1376591055,14,10
1376591659,14,10
1376592263,14,10
1376592402,13,10
1376592436,12,12
1376593041,12,12
1376593644,12,12
1376594249,12,12
1376594853,12,12
1376595457,12,12
1376596060,12,12
1376596664,12,12
1376597268,12,12
1376597872,12,12
1376598475,12,12
1376599079,12,12
1376599683,12,12
1376600287,12,12
1376600891,12,12
1376601067,12,12
1376601671,12,12
1376602275,12,12
1376602880,12,12
1376603484,12,12
1376604087,12,12
1376604691,12,12
1376605295,12,12
1376605898,12,12
1376606124,11,13
1376606733,11,13
1376607336,11,13
1376607940,11,13
1376608544,11,13
1376609148,11,13
1376609752,11,13
1376610355,11,13
1376610959,11,13
1376611563,11,13
1376612167,11,13
1376612770,11,13
1376613374,11,13
1376613978,11,13
1376614582,11,13
1376615185,11,13
1376615789,11,13
1376616393,11,13
1376616998,11,13
1376617641,11,13
1376618245,11,13
1376618849,11,13
1376619453,11,13
1376620056,11,13
1376620660,11,13
1376621264,11,13
1376621868,11,13
1376622471,11,13
1376623075,11,13
1376623679,11,13
1376624283,11,13
1376624886,11,13
1376625490,11,13
1376626094,11,13
1376626698,11,13
1376627302,11,13
1376627905,11,13
1376628509,11,13
1376629113,11,13
1376629717,11,13
1376630320,11,13
1376630924,11,13
1376631528,11,13
1376632133,11,13
1376632736,11,13
1376633340,11,13
1376633943,11,13
1376634025,12,12
1376634240,11,13
1376634844,11,13
1376635449,11,13
1376636052,11,13
1376636195,12,12
1376636300,13,11
1376636758,12,12
1376637311,11,13
1376637915,11,13
1376638519,11,13
1376639123,11,13
1376639727,11,13
1376640331,11,13
1376640934,11,13
1376641538,11,13
1376642143,11,13
1376642237,11,13
1376642279,12,12
1376642883,12,12
1376643488,12,12
1376644092,12,12
1376644697,12,12
1376644780,12,12
1376644789,13,11
1376645394,13,11
1376645998,13,11
1376646602,13,11
1376647206,13,11
1376647810,13,11
1376648200,13,11
1376648234,12,12
1376648838,12,12
1376649442,12,12
1376650046,12,12
1376650386,11,13
1376650990,11,13
1376651593,11,13
1376652197,11,13
1376652801,11,13
1376653411,11,13
1376653484,13,11
1376653485,13,11
1376654090,13,11
1376654694,13,11
1376655299,13,11
1376655903,13,11
1376656507,13,11
1376657111,13,11
1376657715,13,11
1376658319,13,11
1376658923,13,11
1376659527,13,11
1376659719,14,10
1376660324,14,10
1376660928,14,10
1376661146,14,10
1376661719,14,10
1376661823,15,9
1376662427,15,9
1376662850,14,10
1376663454,14,10
1376663836,15,9
1376664440,15,9
1376665044,15,9
1376665649,15,9
1376666254,15,9
1376666858,15,9
1376667463,15,9
1376668068,15,9
1376668441,16,8
1376669045,16,8
1376669650,16,8
1376670254,16,8
1376670859,16,8
1376671462,16,8
1376671727,15,9
1376671814,15,9
1376671869,16,8
1376672474,16,8
1376673078,16,8
1376673681,16,8
1376674285,16,8
1376674889,16,8
1376675492,16,8
1376676096,16,8
1376676344,15,9
1376676949,15,9
1376677263,14,10
1376677868,14,10
1376678471,14,10
1376679075,14,10
1376679288,13,11
1376679892,13,11
1376680496,13,11
1376681099,13,11
1376681703,13,11
1376682306,13,11
1376682910,13,11
1376683514,13,11
1376683826,12,12
1376684430,12,12
1376685034,12,12
1376685637,12,12
1376686241,12,12
1376686845,12,12
1376687449,12,12
1376688052,12,12
1376688656,12,12
1376689260,12,12
1376689864,12,12
1376690467,12,12
1376691071,12,12
1376691675,12,12
1376692279,12,12
1376692827,13,11
1376693430,13,11
1376694035,13,11
1376694639,13,11
1376695243,13,11
1376695847,13,11
1376696450,13,11
1376697060,13,11
1376697664,13,11
1376698268,13,11
1376698871,13,11
1376699475,13,11
1376700079,13,11
1376700683,13,11
1376701287,13,11
1376701891,13,11
1376702495,13,11
1376703099,13,11
1376703703,13,11
1376704063,13,11
1376704146,13,11
1376704750,13,11
1376705353,13,11
1376705958,13,11
1376706568,13,11
1376707172,13,11
1376707776,13,11
1376708379,13,11
1376708983,13,11
1376709587,13,11
1376710191,13,11
1376710794,13,11
1376711398,13,11
1376712003,13,11
1376712607,13,11
1376713210,13,11
1376713814,13,11
1376714418,13,11
1376715022,13,11
1376715625,13,11
1376716229,13,11
1376716833,13,11
1376717437,13,11
1376718041,13,11
1376718645,13,11
1376719249,13,11
1376719853,13,11
1376720457,13,11
1376721060,13,11
1376721664,13,11
1376722268,13,11
1376722872,13,11
1376723476,13,11
1376724079,13,11
1376724684,13,11
1376725288,13,11
1376725495,14,10
1376725738,13,11
1376726342,13,11
1376726946,13,11
1376727550,13,11
1376728153,13,11
1376728343,14,10
1376728947,14,10
1376729550,14,10
1376730154,14,10
1376730759,14,10
1376731362,14,10
1376731967,14,10
1376732571,14,10
1376733175,14,10
1376733816,14,10
1376733996,14,10
1376734110,14,10
1376734221,14,10
1376734247,14,10
1376734356,15,9
1376734425,16,8
1376734461,16,7
1376734544,16,8
1376734606,16,7
1376734665,18,6
1376735269,18,6
1376735873,18,6
1376736477,18,6
1376737081,18,6
1376737685,18,6
1376738138,18,6
1376738203,18,6
1376738318,18,6
1376738338,19,5
1376738416,20,4
1376739021,20,4
1376739626,20,4
1376740229,20,4
1376740833,20,4
1376741437,20,4
1376742041,20,4
1376742066,19,5
1376742670,19,5
1376743274,19,5
1376743879,19,5
1376744483,19,5
1376745034,19,5
1376745071,20,4
1376745675,20,4
1376746279,20,4
1376746883,20,4
1376747486,20,4
1376748090,20,4
1376748694,20,4
1376749298,20,4
1376749902,20,4
1376750506,20,4
1376751110,20,4
1376751714,20,4
1376752318,20,4
1376752921,20,4
1376753525,20,4
1376754129,20,4
1376754284,20,4
1376754321,21,3
1376754451,21,3
1376754489,21,3
1376754561,21,3
1376754631,22,2
1376754657,22,2
1376754750,23,1
1376755354,23,1
1376755958,23,1
1376756561,23,1
1376757165,23,1
1376757769,23,1
1376758373,23,1
1376758976,23,1
1376759580,23,1
1376760184,23,1
1376760272,24,0
1376760345,23,1
1376760950,23,1
1376761554,23,1
1376762159,23,1
1376762762,23,1
1376763366,23,1
1376763971,23,1
1376764574,23,1
1376765177,23,1
1376765781,23,1
1376766385,23,1
1376766988,23,1
1376767112,22,2
1376767156,19,5
1376767761,19,5
1376767834,18,6
1376768438,18,6
1376768575,16,8
1376768636,16,8
1376768710,16,8
1376769314,16,8
1376769918,16,8
1376770522,16,8
1376771127,16,8
1376771730,16,8
1376772334,16,8
1376772938,16,8
1376773491,16,8
1376774095,16,8
1376774699,16,8
1376775338,17,7
1376775941,17,7
1376776545,17,7
1376777149,17,7
1376777753,17,7
1376778357,17,7
1376778960,17,7
1376779564,17,7
1376780174,17,7
1376780777,17,7
1376781381,17,7
1376781986,17,7
1376782590,17,7
1376783193,17,7
1376783797,17,7
1376784401,17,7
1376785005,17,7
1376785609,17,7
1376785775,16,8
1376786379,16,8
1376786983,16,8
1376787587,16,8
1376788191,16,8
1376788795,16,8
1376789399,16,8
1376790003,16,8
1376790440,16,8
1376791043,16,8
1376791647,16,8
1376792251,16,8
1376792855,16,8
1376793458,16,8
1376794062,16,8
1376794667,16,8
1376795270,16,8
1376795874,16,8
1376796478,16,8
1376797082,16,8
1376797685,16,8
1376798289,16,8
1376798894,16,8
1376799497,16,8
1376800102,16,8
1376800705,16,8
1376801309,16,8
1376801913,16,8
1376802517,16,8
1376803121,16,8
1376803725,16,8
1376804328,16,8
1376804932,16,8
1376805536,16,8
1376806140,16,8
1376806744,16,8
1376807348,16,8
1376807952,16,8
1376808556,16,8
1376809161,16,8
1376809765,16,8
1376810369,16,8
1376810973,16,8
1376811577,16,8
1376812181,16,8
1376812785,16,8
1376813389,16,8
1376813993,16,8
1376814596,16,8
1376815200,16,8
1376815804,16,8
1376816408,16,8
1376817012,16,8
1376817615,16,8
1376818219,16,8
1376818823,16,8
1376819427,16,8
1376820030,16,8
1376820634,16,8
1376821238,16,8
1376821842,16,8
1376822447,16,8
1376823050,16,8
1376823654,16,8
1376824258,16,8
1376824862,16,8
1376825466,16,8
1376826070,16,8
1376826674,16,8
1376827277,16,8
1376827881,16,8
1376828485,16,8
1376829090,16,8
1376829694,16,8
1376830297,16,8
1376830901,16,8
1376831505,16,8
1376832108,16,8
1376832747,16,8
1376832790,17,7
