1376208331,16,7
1376208934,16,7
1376209220,15,8
1376209824,15,8
1376209984,16,7
1376210287,14,9
1376210891,14,9
1376211335,16,7
1376211938,16,7
1376212304,16,7
1376212314,17,6
1376212550,16,7
1376212949,17,6
1376213552,17,6
1376214157,17,6
1376214760,17,6
1376215171,18,5
1376215601,19,4
1376216205,19,4
1376216808,19,4
1376217307,18,5
1376217480,19,4
1376217699,18,5
1376217761,18,5
1376217788,18,5
1376217872,19,4
1376218117,20,3
1376218138,21,2
1376218540,21,2
1376218600,21,2
1376218608,20,3
1376219211,20,3
1376219337,18,5
1376219432,17,6
1376220036,17,6
1376220639,17,6
1376221243,17,6
1376221846,17,6
1376222450,17,6
1376222664,17,6
1376222716,18,5
1376222796,18,5
1376222817,19,4
1376223420,19,4
1376223517,18,5
1376224120,18,5
1376224724,18,5
1376225911,18,5
1376225972,20,3
1376226576,20,3
1376227179,20,3
1376227783,20,3
1376228386,20,3
1376228720,19,4
1376228964,20,3
1376229568,20,3
1376230090,19,4
1376230694,19,4
1376231297,19,4
1376231714,18,5
1376232318,18,5
1376232427,17,6
1376233030,17,6
1376233634,17,6
1376234239,17,6
1376234842,17,6
1376235446,17,6
1376236049,17,6
1376236601,18,5
1376237204,18,5
1376237918,19,4
1376238522,19,4
1376239126,19,4
1376239729,19,4
1376240332,19,4
1376240936,19,4
1376241540,19,4
1376242143,19,4
1376242747,19,4
1376243350,19,4
1376243954,19,4
1376245093,19,4
1376245696,19,4
1376246300,19,4
1376246903,19,4
1376247373,16,7
1376247976,16,7
1376248580,16,7
1376248843,15,8
1376248875,15,8
1376249922,13,10
1376249962,15,8
1376250566,15,8
1376251169,15,8
1376252320,15,8
1376252818,14,9
1376253378,12,11
1376253982,12,11
1376254481,12,11
1376254487,12,11
1376255697,11,12
1376256300,11,12
1376256581,11,12
1376256638,12,11
1376257242,12,11
1376257570,11,12
1376258173,11,12
1376258777,11,12
1376259380,11,12
1376259984,11,12
1376260587,11,12
1376261191,11,12
1376261794,11,12
1376262398,11,12
1376263001,11,12
1376263105,12,11
1376263708,12,11
1376264312,12,11
1376264732,10,13
1376264751,9,14
1376265355,9,14
1376265959,9,14
1376266453,8,15
1376267057,8,15
1376267430,9,14
1376268033,9,14
1376268637,9,14
1376269241,9,14
1376269845,9,14
1376270054,9,14
1376270658,9,14
1376271261,9,14
1376271865,9,14
1376272468,9,14
1376273072,9,14
1376273675,9,14
1376274278,9,14
1376274882,9,14
1376275486,9,14
1376276089,9,14
1376276693,9,14
1376277296,9,14
1376277900,9,14
1376278503,9,14
1376279138,10,13
1376279153,11,12
1376279756,11,12
1376280198,10,13
1376280801,10,13
1376281405,10,13
1376282008,10,13
1376282612,10,13
1376283215,10,13
1376283819,10,13
1376284198,11,12
1376284638,10,13
1376285241,10,13
1376285845,10,13
1376286448,10,13
1376287000,11,12
1376287162,11,12
1376287218,12,11
1376287821,12,11
1376288425,12,11
1376288593,13,10
1376289197,13,10
1376289308,14,9
1376289622,15,8
1376290079,16,7
1376290627,17,6
1376291262,18,5
1376291309,18,5
1376291384,18,5
1376291387,19,4
1376291542,19,4
1376291615,20,3
1376291633,21,2
1376292865,21,2
1376293468,21,2
1376294072,21,2
1376294675,21,2
1376295279,21,2
1376295718,22,1
1376296321,22,1
1376296517,23,0
1376296645,22,1
1376296716,22,2
1376296776,22,2
1376296826,22,2
1376297306,23,1
1376297875,22,2
1376298478,22,2
1376299082,22,2
1376299686,22,2
1376300289,22,2
1376300491,22,2
1376300527,23,1
1376301133,23,1
1376301570,23,1
1376301643,23,1
1376301680,23,1
1376301765,22,2
1376301804,22,2
1376302407,22,2
1376302696,23,1
1376303131,22,2
1376303466,21,3
1376304070,21,3
1376304157,21,3
1376304167,22,2
1376304321,22,2
1376304360,22,2
1376304963,22,2
1376305567,22,2
1376305810,23,1
1376306414,23,1
1376307017,23,1
1376307621,23,1
1376308122,22,2
1376308726,22,2
1376308993,21,3
1376309197,22,2
1376309377,21,3
1376309388,22,2
1376309586,23,1
1376310189,23,1
1376310631,22,2
1376311234,22,2
1376311838,22,2
1376312441,22,2
1376313044,22,2
1376313648,22,2
1376314252,22,2
1376314855,22,2
1376314928,21,3
1376315344,20,4
1376315488,19,5
1376315636,20,4
1376316240,20,4
1376316802,19,5
1376317405,19,5
1376317572,20,4
1376318175,20,4
1376318779,20,4
1376319382,20,4
1376319665,21,3
1376320024,22,2
1376320517,23,1
1376321120,23,1
1376321394,22,2
1376321998,22,2
1376322161,22,2
1376322205,22,2
1376322808,22,2
1376323412,22,2
1376323540,22,2
1376324064,21,3
1376324667,21,3
1376324912,21,3
1376325193,22,2
1376325644,21,3
1376325734,20,4
1376326216,21,3
1376326590,20,4
1376327193,20,4
1376327428,22,2
1376328031,22,2
1376328635,22,2
1376329239,22,2
1376329535,22,2
1376329557,21,3
1376329668,20,4
1376329959,20,4
1376330016,22,2
1376330324,23,1
1376330441,22,1
1376330475,22,2
1376330527,21,3
1376330788,21,3
1376331026,22,2
1376331630,22,2
1376331823,22,2
1376331832,23,1
1376332363,23,1
1376332365,24,0
1376332439,23,1
1376333042,23,1
1376333646,23,1
1376334250,23,1
1376334853,23,1
1376335456,23,1
1376336059,23,1
1376336663,23,1
1376337266,23,1
1376337870,23,1
1376338474,23,1
1376339077,23,1
1376339681,23,1
1376340007,22,2
1376340157,23,1
1376340761,23,1
1376341365,23,1
1376341541,22,2
1376341607,21,3
1376342211,21,3
1376342815,21,3
1376343418,21,3
1376344022,21,3
1376344120,21,3
1376344127,22,2
1376344731,22,2
1376345335,22,2
1376345938,22,2
1376346542,22,2
1376347145,22,2
1376347749,22,2
1376348245,22,2
1376348298,22,2
1376348338,22,2
1376348402,22,2
1376348492,22,2
1376348545,22,2
1376348588,22,2
1376349191,22,2
1376349795,22,2
1376350399,22,2
1376351002,22,2
1376351606,22,2
1376352209,22,2
1376352322,23,1
1376352925,23,1
1376353529,23,1
1376354132,23,1
1376354736,23,1
1376355340,23,1
1376355943,23,1
1376356450,23,1
1376357054,23,1
1376357606,24,0
1376358210,24,0
1376358813,24,0
1376359416,24,0
1376360020,24,0
1376360623,24,0
1376361227,24,0
1376361830,24,0
1376362434,24,0
1376363037,24,0
1376363641,24,0
1376364245,24,0
1376364848,24,0
1376365451,24,0
1376366055,24,0
1376366659,24,0
1376367262,24,0
1376367865,24,0
1376368469,24,0
1376369072,24,0
1376369676,24,0
1376370279,24,0
1376370883,24,0
1376371054,23,1
1376371657,23,1
1376372261,23,1
1376372921,23,1
1376372933,24,0
1376373536,24,0
1376374140,24,0
1376374743,24,0
1376374824,23,1
1376374867,24,0
1376376080,24,0
1376376683,24,0
1376376932,23,1
1376377143,24,0
1376377657,23,1
1376378666,23,1
1376379269,23,1
1376379336,24,0
1376379939,24,0
1376380543,24,0
1376381146,24,0
1376381750,24,0
1376382354,24,0
1376382957,24,0
1376383560,24,0
1376384164,24,0
1376384768,24,0
1376385961,24,0
1376386565,24,0
1376386974,23,1
1376387276,24,0
1376387881,24,0
1376387934,23,1
1376388538,23,1
1376388932,22,2
1376388955,22,2
1376389061,22,2
1376389070,23,1
1376389709,23,1
1376389737,23,1
1376390341,23,1
1376390921,23,1
1376390929,23,1
1376391533,23,1
1376392136,23,1
1376392740,23,1
1376393344,23,1
1376394580,23,1
1376394589,23,1
1376395192,23,1
1376395795,23,1
1376396399,23,1
1376397002,23,1
1376397606,23,1
1376398209,23,1
1376398744,22,2
1376399347,22,2
1376399951,22,2
1376400215,21,3
1376400452,22,2
1376400674,23,1
1376401278,23,1
1376401511,24,0
1376402115,24,0
1376402719,24,0
1376403322,24,0
1376403927,24,0
1376404531,24,0
1376405134,24,0
1376405738,24,0
1376406341,24,0
1376406945,24,0
1376407548,24,0
1376408152,24,0
1376408755,24,0
1376409359,24,0
1376409571,23,1
1376410175,23,1
1376410272,21,3
1376410447,20,4
1376410781,19,5
1376410820,16,8
1376410935,15,9
1376411472,14,10
1376411700,13,11
1376412303,13,11
1376412640,12,12
1376412745,11,13
1376412910,12,12
1376413080,11,13
1376413684,11,13
1376413768,10,14
1376414372,10,14
1376414499,11,13
1376414901,12,12
1376415504,12,12
1376415620,13,11
1376416176,14,10
1376416303,14,10
1376416325,15,9
1376416930,15,9
1376417534,15,9
1376418139,15,9
1376418222,14,10
1376418701,15,9
1376419060,15,9
1376419068,16,8
1376419137,17,7
1376419741,17,7
1376420220,18,6
1376420824,18,6
1376421427,18,6
1376422031,18,6
1376422381,17,7
1376422984,17,7
1376423588,17,7
1376424191,17,7
1376424795,17,7
1376425398,17,7
1376426002,17,7
1376426605,17,7
1376427209,17,7
1376427812,17,7
1376428416,17,7
1376429019,17,7
1376429623,17,7
1376430226,17,7
1376430830,17,7
1376431434,17,7
1376431988,19,5
1376432407,20,4
1376433011,20,4
1376433614,20,4
1376434218,20,4
1376434821,20,4
1376435425,20,4
1376436028,20,4
1376436632,20,4
1376437235,20,4
1376437839,20,4
1376438373,19,5
1376438977,19,5
1376439580,19,5
1376440184,19,5
1376440787,19,5
1376441391,19,5
1376441994,19,5
1376442598,19,5
1376442857,19,5
1376443460,19,5
1376444064,19,5
1376444667,19,5
1376445271,19,5
1376445874,19,5
1376446478,19,5
1376447082,19,5
1376447685,19,5
1376448288,19,5
1376448892,19,5
1376449496,19,5
1376450099,19,5
1376450703,19,5
1376451306,19,5
1376451863,19,5
1376451915,19,5
1376452518,19,5
1376453122,19,5
1376453725,19,5
1376454329,19,5
1376454915,20,4
1376455518,20,4
1376456122,20,4
1376456725,20,4
1376457329,20,4
1376457932,20,4
1376458536,20,4
1376459139,20,4
1376459743,20,4
1376460346,20,4
1376460695,21,3
1376461157,20,4
1376461598,22,2
1376461760,22,1
1376461800,23,0
1376461991,24,0
1376462077,23,1
1376462379,23,1
1376462389,24,0
1376462848,23,1
1376463102,23,1
1376463138,23,1
1376463462,23,1
1376463517,24,0
1376463850,24,0
1376464452,24,0
1376465056,24,0
1376465659,24,0
1376466263,24,0
1376466649,23,1
1376467252,23,1
1376467856,23,1
1376468459,23,1
1376469063,23,1
1376469666,23,1
1376470270,23,1
1376470670,22,2
1376471888,22,2
1376471973,22,2
1376472577,22,2
1376473180,22,2
1376473679,23,1
1376474152,22,2
1376475417,22,2
1376475571,23,1
1376476846,23,1
1376476851,23,1
1376477320,24,0
1376477923,24,0
1376478527,24,0
1376479130,24,0
1376479734,24,0
1376480337,24,0
1376480722,23,1
1376481326,23,1
1376481930,23,1
1376482533,23,1
1376482897,22,2
1376483500,22,2
1376484104,22,2
1376484708,22,2
1376485311,22,2
1376485915,22,2
1376486518,22,2
1376487025,23,1
1376487628,23,1
1376487680,24,0
1376488284,24,0
1376489477,24,0
1376490080,24,0
1376490684,24,0
1376491287,24,0
1376491891,24,0
1376492494,24,0
1376492847,23,1
1376493020,24,0
1376493625,24,0
1376494229,24,0
1376494833,24,0
1376495114,23,1
1376495282,22,2
1376495682,22,2
1376495691,23,1
1376496016,24,0
1376496079,21,3
1376496435,22,2
1376496601,21,3
1376496826,21,3
1376496828,20,4
1376497432,20,4
1376497557,21,3
1376497656,21,3
1376497948,21,3
1376498112,20,4
1376498429,21,3
1376499033,21,3
1376499224,21,3
1376499234,22,2
1376499455,20,4
1376499920,21,3
1376499970,20,4
1376500398,19,5
1376501001,19,5
1376501605,19,5
1376502208,19,5
1376502811,19,5
1376503410,20,4
1376504013,20,4
1376504055,21,3
1376504443,21,3
1376504445,20,4
1376504959,21,3
1376505445,21,3
1376506048,21,3
1376506651,21,3
1376507255,21,3
1376507556,19,5
1376507797,19,5
1376507827,20,4
1376508430,20,4
1376509033,20,4
1376509637,20,4
1376510230,19,5
1376510834,19,5
1376511437,19,5
1376512041,19,5
1376512644,19,5
1376512842,19,5
1376512851,20,4
1376513455,20,4
1376514058,20,4
1376514662,20,4
1376514723,19,5
1376514936,20,4
1376515540,20,4
1376516144,20,4
1376516667,21,3
1376517271,21,3
1376517875,21,3
1376518478,21,3
1376519082,21,3
1376519685,21,3
1376520289,21,3
1376520892,21,3
1376521506,21,3
1376522110,21,3
1376522713,21,3
1376523317,21,3
1376523920,21,3
1376524524,21,3
1376525127,21,3
1376525731,21,3
1376526334,21,3
1376526938,21,3
1376527541,21,3
1376528145,21,3
1376528749,21,3
1376529258,21,3
1376529791,20,4
1376530394,20,4
1376530998,20,4
1376531602,20,4
1376532205,20,4
1376532809,20,4
1376533412,20,4
1376534015,20,4
1376534619,20,4
1376535223,20,4
1376535826,20,4
1376536430,20,4
1376537033,20,4
1376537637,20,4
1376538240,20,4
1376538844,20,4
1376539447,20,4
1376540050,20,4
1376540655,20,4
1376541259,20,4
1376541862,20,4
1376542466,20,4
1376543069,20,4
1376543673,20,4
1376544276,20,4
1376544880,20,4
1376545483,20,4
1376546087,20,4
1376546690,20,4
1376546920,19,4
1376546937,19,5
1376547540,19,5
1376548143,19,5
1376548747,19,5
1376549350,19,5
1376549954,19,5
1376550558,19,5
1376550883,19,5
1376550891,20,4
1376551496,20,4
1376552099,20,4
1376552564,20,4
1376552573,21,3
1376552849,22,2
1376553452,22,2
1376553929,21,3
1376554533,21,3
1376555069,20,4
1376555672,20,4
1376556276,20,4
1376556336,21,3
1376556940,21,3
1376557059,21,3
1376557178,21,3
1376557396,22,2
1376558000,22,2
1376558321,22,2
1376558328,23,1
1376558932,23,1
1376559536,23,1
1376560139,23,1
1376560743,23,1
1376561346,23,1
1376561899,23,1
1376561944,23,1
1376562052,23,1
1376562168,24,0
1376562771,24,0
1376563375,24,0
1376563979,24,0
1376564512,23,1
1376565116,23,1
1376565719,23,1
1376565941,23,1
1376565966,24,0
1376566569,24,0
1376567173,24,0
1376567776,24,0
1376568379,24,0
1376568983,24,0
1376569586,24,0
1376570190,24,0
1376570793,24,0
1376571217,23,1
1376571820,23,1
1376572424,23,1
1376572937,23,1
1376573023,24,0
1376573626,24,0
1376574230,24,0
1376574834,24,0
1376575437,24,0
1376575754,23,1
1376576358,23,1
1376576923,22,2
1376577527,22,2
1376578130,22,2
1376578734,22,2
1376579337,22,2
1376579440,21,3
1376579645,22,2
1376580249,22,2
1376580884,22,2
1376580892,23,1
1376581195,22,2
1376581272,22,2
1376581539,21,3
1376581547,21,3
1376581613,21,3
1376581672,22,2
1376582000,23,1
1376582122,20,4
1376582725,20,4
1376583329,20,4
1376583932,20,4
1376584536,20,4
1376585139,20,4
1376586342,20,4
1376586945,20,4
1376587397,20,4
1376587449,21,3
1376588697,21,3
1376588983,22,2
1376589104,21,3
1376589710,21,3
1376590314,21,3
1376590917,21,3
1376591521,21,3
1376592125,21,3
1376592728,21,3
1376593880,21,3
1376593920,22,2
1376595218,21,3
1376595759,22,2
1376596049,20,4
1376596525,22,2
1376596697,20,4
1376597301,20,4
1376597905,20,4
1376598508,20,4
1376599112,20,4
1376599597,20,4
1376599631,21,3
1376600973,21,3
1376601576,21,3
1376602180,21,3
1376602783,21,3
1376603387,21,3
1376603990,21,3
1376604099,20,4
1376604702,20,4
1376605306,20,4
1376605910,20,4
1376606513,20,4
1376607117,20,4
1376607720,20,4
1376608324,20,4
1376608927,20,4
1376609531,20,4
1376610134,20,4
1376610738,20,4
1376611341,20,4
1376611945,20,4
1376612549,20,4
1376613152,20,4
1376613755,20,4
1376614359,20,4
1376614963,20,4
1376615653,20,4
1376616256,20,4
1376616860,20,4
1376617463,20,4
1376618067,20,4
1376618670,20,4
1376619274,20,4
1376619877,20,4
1376620481,20,4
1376621084,20,4
1376621345,20,4
1376621390,21,3
1376621994,21,3
1376622598,21,3
1376623201,21,3
1376623805,21,3
1376624047,22,2
1376624650,22,2
1376625254,22,2
1376626453,22,2
1376627057,22,2
1376627661,22,2
1376628264,22,2
1376628868,22,2
1376629471,22,2
1376630083,22,2
1376630687,22,2
1376631290,22,2
1376631483,23,1
1376632086,23,1
1376632689,23,1
1376633293,23,1
1376633897,23,1
1376634501,23,1
1376635104,23,1
1376635708,23,1
1376636311,23,1
1376636403,24,0
1376637010,23,1
1376637614,23,1
1376637962,22,2
1376638566,22,2
1376639169,22,2
1376639743,22,2
1376639745,23,1
1376640349,23,1
1376640952,23,1
1376641556,23,1
1376642660,23,1
1376643264,23,1
1376643867,23,1
1376644313,22,2
1376644659,22,2
1376644702,23,1
1376644740,24,0
1376645343,24,0
1376645947,24,0
1376646551,24,0
1376647154,24,0
1376647758,24,0
1376648361,24,0
1376648964,24,0
1376649568,24,0
1376650171,24,0
1376650775,24,0
1376651378,24,0
1376651982,24,0
1376652586,24,0
1376653189,24,0
1376653567,23,1
1376654184,22,2
1376654244,22,2
1376654281,23,1
1376654885,23,1
1376655264,24,0
1376655702,23,1
1376656305,23,1
1376656917,23,1
1376657520,23,1
1376658123,23,1
1376658727,23,1
1376658851,24,0
1376659454,24,0
1376660058,24,0
1376660156,24,0
1376660519,23,1
1376660845,22,2
1376661002,23,1
1376661387,22,2
1376661991,22,2
1376662205,23,1
1376662581,24,0
1376663185,24,0
1376663788,24,0
1376664081,23,1
1376664339,24,0
1376664860,23,1
1376665404,24,0
1376666008,24,0
1376666230,23,1
1376666834,23,1
1376666992,21,3
1376667418,22,2
1376667616,23,1
1376668220,23,1
1376668823,23,1
1376669427,23,1
1376669539,24,0
1376670143,24,0
1376670747,24,0
1376671350,24,0
1376671954,24,0
1376672557,24,0
1376673161,24,0
1376673765,24,0
1376674368,24,0
1376674971,24,0
1376675575,24,0
1376676179,24,0
1376676782,24,0
1376677298,23,1
1376677901,23,1
1376678504,23,1
1376679109,23,1
1376679712,23,1
1376680316,23,1
1376680919,23,1
1376681523,23,1
1376682127,23,1
1376682730,23,1
1376683334,23,1
1376683937,23,1
1376684460,22,2
1376684714,21,3
1376685868,21,3
1376685947,21,3
1376687187,21,3
1376687754,20,4
1376688357,20,4
1376688961,20,4
1376689564,20,4
1376690096,19,5
1376690700,19,5
1376691394,18,6
1376691997,18,6
1376692601,18,6
1376693204,18,6
1376693431,18,6
1376694034,18,6
1376694638,18,6
1376695241,18,6
1376695845,18,6
1376696448,18,6
1376696792,17,7
1376697396,17,7
1376697999,17,7
1376698588,18,6
1376699113,17,7
1376699716,17,7
1376700320,17,7
1376700923,17,7
1376701527,17,7
1376702050,17,7
1376702653,17,7
1376703257,17,7
1376703860,17,7
1376704464,17,7
1376705067,17,7
1376705671,17,7
1376706275,17,7
1376706878,17,7
1376707482,17,7
1376708085,17,7
1376708689,17,7
1376709088,16,8
1376709692,16,8
1376709940,15,9
1376710543,15,9
1376710950,16,8
1376711554,16,8
1376712157,16,8
1376712761,16,8
1376713364,16,8
1376713968,16,8
1376714083,16,8
1376714091,17,7
1376714663,17,7
1376715274,17,7
1376715878,17,7
1376716481,17,7
1376717793,17,7
1376718397,17,7
1376719000,17,7
1376719533,18,6
1376720137,18,6
1376720740,18,6
1376721344,18,6
1376721947,18,6
1376722551,18,6
1376723154,18,6
1376723758,18,6
1376724361,18,6
1376724965,18,6
1376725568,18,6
1376726172,18,6
1376726775,18,6
1376727379,18,6
1376727982,18,6
1376728585,18,6
1376729189,18,6
1376729792,18,6
1376730396,18,6
1376731000,18,6
1376731603,18,6
1376731927,17,7
1376732530,17,7
1376732735,16,8
1376732794,16,8
1376732842,16,8
1376732913,17,7
1376733516,17,7
1376733867,18,6
1376734471,18,6
1376734783,19,5
1376735386,19,5
1376736013,18,6
1376736619,18,6
1376737222,18,6
1376737309,17,7
1376737912,17,7
1376738516,17,7
1376739120,17,7
1376739723,17,7
1376740884,17,7
1376741496,17,7
1376742099,17,7
1376742194,16,8
1376742669,17,7
1376743272,17,7
1376743876,17,7
1376744127,16,8
1376744730,16,8
1376745205,15,9
1376745385,16,8
1376745988,16,8
1376746592,16,8
1376747104,17,7
1376747707,17,7
1376748194,16,8
1376748806,16,8
1376749409,16,8
1376750013,16,8
1376750616,16,8
1376751195,17,7
1376751798,17,7
1376752402,17,7
1376753007,17,7
1376753610,17,7
1376754214,17,7
1376754818,17,7
1376754885,15,9
1376754908,15,9
1376754996,15,9
1376755600,15,9
1376756203,15,9
1376756807,15,9
1376757411,15,9
1376758065,14,10
1376758115,14,10
1376758182,14,10
1376758191,15,9
1376758795,15,9
1376759398,15,9
1376760002,15,9
1376760606,15,9
1376761209,15,9
1376761624,14,10
1376762228,14,10
1376762831,14,10
1376763435,14,10
1376764062,13,11
1376764665,13,11
1376765268,13,11
1376766429,13,11
1376767033,13,11
1376767636,13,11
1376768240,13,11
1376768843,13,11
1376769447,13,11
1376769701,12,12
1376770304,12,12
1376770908,12,12
1376771511,12,12
1376772115,12,12
1376772717,12,12
1376773003,11,13
1376773607,11,13
1376774210,11,13
1376774814,11,13
1376775418,11,13
1376776021,11,13
1376776625,11,13
1376777228,11,13
1376777831,11,13
1376778435,11,13
1376779038,11,13
1376779656,10,14
1376780259,10,14
1376780863,10,14
1376780925,10,14
1376781019,9,15
1376781623,9,15
1376782226,9,15
1376782830,9,15
1376783433,9,15
1376784037,9,15
1376784640,9,15
1376785244,9,15
1376785848,9,15
1376786451,9,15
1376787055,9,15
1376787658,9,15
1376788455,9,15
1376788813,9,15
1376788967,8,16
1376789027,8,16
1376789630,8,16
1376790234,8,16
1376790839,8,16
1376791443,8,16
1376792046,8,16
1376792650,8,16
1376793254,8,16
1376793857,8,16
1376794461,8,16
1376794845,9,15
1376795448,9,15
1376796052,9,15
1376796655,9,15
1376797259,9,15
1376797416,10,14
1376798019,10,14
1376798623,10,14
1376799227,10,14
1376799830,10,14
1376800434,10,14
1376800847,10,14
1376800856,11,13
1376801461,11,13
1376802065,11,13
1376802668,11,13
1376803272,11,13
1376804384,11,13
1376804987,11,13
1376805591,11,13
1376806194,11,13
1376806798,11,13
1376807401,11,13
1376808005,11,13
1376808609,11,13
1376809212,11,13
1376809816,11,13
1376810419,11,13
1376811023,11,13
1376811627,11,13
1376812231,11,13
1376812834,11,13
1376813438,11,13
1376814041,11,13
1376814658,11,13
1376815074,12,12
1376815184,12,12
1376815788,12,12
1376816392,12,12
1376816995,12,12
1376817599,12,12
1376818203,12,12
1376818806,12,12
1376819409,12,12
1376820013,12,12
1376820617,12,12
1376821220,12,12
1376821824,12,12
1376822178,12,12
1376822469,13,11
1376823101,12,12
1376824295,12,12
1376824899,12,12
1376825503,12,12
1376826106,12,12
1376826710,12,12
1376827313,12,12
1376827917,12,12
1376828520,12,12
1376828732,13,11
1376828889,14,10
1376829188,13,11
1376829792,13,11
1376830395,13,11
1376830998,13,11
1376831602,13,11
1376832205,13,11
1376832461,14,10
