1376208299,14,11
1376208902,14,11
1376209506,14,11
1376209769,14,11
1376209816,14,11
1376209855,14,11
1376209920,15,10
1376210524,15,10
1376211127,15,10
1376211731,15,10
1376212240,14,11
1376212774,13,12
1376213378,13,12
1376213962,12,13
1376214565,12,13
1376215169,12,13
1376215210,13,12
1376215814,13,12
1376216325,13,12
1376216333,14,11
1376216426,15,10
1376216599,16,9
1376217062,15,10
1376217339,16,9
1376217508,15,10
1376218124,15,10
1376218133,16,9
1376218205,15,10
1376218484,16,9
1376219088,16,9
1376219692,16,9
1376220295,16,9
1376220899,16,9
1376221118,14,11
1376221722,14,11
1376222049,15,10
1376222203,15,10
1376222214,16,9
1376222825,16,9
1376222892,17,8
1376223495,17,8
1376224099,17,8
1376224702,17,8
1376225236,16,9
1376225839,16,9
1376226165,16,9
1376226168,17,8
1376226452,16,9
1376227056,16,9
1376227660,16,9
1376228263,16,9
1376228867,16,9
1376229470,16,9
1376230074,16,9
1376230677,16,9
1376231281,16,9
1376231469,18,7
1376232073,18,7
1376232676,18,7
1376233280,18,7
1376233665,17,8
1376233712,15,10
1376233761,15,10
1376234364,15,10
1376234436,16,9
1376235039,16,9
1376235643,16,9
1376236246,16,9
1376236850,16,9
1376237016,17,8
1376237619,17,8
1376238223,17,8
1376238428,17,8
1376238698,17,8
1376238809,17,8
1376239412,17,8
1376240016,17,8
1376240125,18,7
1376240728,18,7
1376241332,18,7
1376241935,18,7
1376242539,18,7
1376242932,19,6
1376243535,19,6
1376244139,19,6
1376244743,19,6
1376245303,19,6
1376245306,20,5
1376245909,20,5
1376246167,19,6
1376246539,20,5
1376247143,20,5
1376247746,20,5
1376248350,20,5
1376248953,20,5
1376249557,20,5
1376250160,20,5
1376250764,20,5
1376251367,20,5
1376251971,20,5
1376252575,20,5
1376253178,20,5
1376253782,20,5
1376254385,20,5
1376254988,20,5
1376255592,20,5
1376256196,20,5
1376256799,20,5
1376257403,20,5
1376258006,20,5
1376258610,20,5
1376259214,20,5
1376259817,20,5
1376260421,20,5
1376261024,20,5
1376261628,20,5
1376262231,20,5
1376262835,20,5
1376263438,20,5
1376264042,20,5
1376264645,20,5
1376265249,20,5
1376265853,20,5
1376266456,20,5
1376267060,20,5
1376267663,20,5
1376268267,20,5
1376268870,20,5
1376269474,20,5
1376270074,20,5
1376270678,20,5
1376270732,19,6
1376270951,20,5
1376271554,20,5
1376272158,20,5
1376272761,20,5
1376273365,20,5
1376273969,20,5
1376274574,20,5
1376275177,20,5
1376275266,19,6
1376275871,19,6
1376276474,19,6
1376277078,19,6
1376277349,18,7
1376277476,19,6
1376278080,19,6
1376278683,19,6
1376279287,20,5
1376279891,20,5
1376280495,20,5
1376281098,20,5
1376281702,20,5
1376282201,20,5
1376282232,21,4
1376282836,21,4
1376283439,21,4
1376284043,21,4
1376284647,21,4
1376285250,21,4
1376285731,22,3
1376285771,22,3
1376286044,22,3
1376286046,21,4
1376286649,21,4
1376287253,21,4
1376287856,21,4
1376288000,20,5
1376288515,21,4
1376288802,21,4
1376288805,22,3
1376289408,22,3
1376290012,22,3
1376290616,22,3
1376291221,22,3
1376291574,21,4
1376291815,20,5
1376292146,19,6
1376292750,19,6
1376293356,20,5
1376293381,20,5
1376293984,20,5
1376294109,19,6
1376294713,19,6
1376295234,20,5
1376295772,19,6
1376296120,19,6
1376296158,20,5
1376296762,20,5
1376297366,20,5
1376297503,21,4
1376298107,21,4
1376298710,21,4
1376299314,21,4
1376299917,21,4
1376300521,21,4
1376300665,22,3
1376301268,22,3
1376301872,22,3
1376302475,22,3
1376303079,22,3
1376303407,21,4
1376304029,20,5
1376304632,20,5
1376305237,20,5
1376305433,21,4
1376305594,20,5
1376306198,20,5
1376306533,22,3
1376307163,22,3
1376307174,23,2
1376307778,23,2
1376308382,23,2
1376308988,23,2
1376309141,24,1
1376309155,23,2
1376309759,23,2
1376310363,23,2
1376310966,23,2
1376311511,23,2
1376311653,24,1
1376312256,24,1
1376312596,23,2
1376312803,21,4
1376313406,21,4
1376313503,22,3
1376313919,23,2
1376314522,23,2
1376315125,23,2
1376315729,23,2
1376316333,23,2
1376316937,23,2
1376317541,23,2
1376318144,23,2
1376318748,23,2
1376319175,24,1
1376319779,24,1
1376320382,24,1
1376320986,24,1
1376321320,23,2
1376321333,23,2
1376321937,23,2
1376322274,22,3
1376322878,22,3
1376323188,21,4
1376323792,21,4
1376324397,21,4
1376324744,21,4
1376324746,20,5
1376324819,20,5
1376325103,20,5
1376325106,21,4
1376325569,22,3
1376326173,22,3
1376326776,22,3
1376327246,22,3
1376327282,23,2
1376327552,21,4
1376327679,22,3
1376327754,23,2
1376328358,23,2
1376328962,23,2
1376329565,23,2
1376330169,23,2
1376330773,23,2
1376331377,23,2
1376331596,24,1
1376331790,25,0
1376332394,25,0
1376332997,25,0
1376333600,25,0
1376334204,25,0
1376334807,25,0
1376335411,25,0
1376336015,25,0
1376336618,25,0
1376337222,25,0
1376337826,25,0
1376338430,25,0
1376338789,24,1
1376339394,24,1
1376339998,24,1
1376340601,24,1
1376341205,24,1
1376341808,24,1
1376342412,24,1
1376343015,24,1
1376343619,24,1
1376344222,24,1
1376344826,24,1
1376345429,24,1
1376346033,24,1
1376346636,24,1
1376347239,24,1
1376347843,24,1
1376348447,24,1
1376349050,24,1
1376349654,24,1
1376350259,24,1
1376350863,24,1
1376351468,24,1
1376352071,24,1
1376352678,24,1
1376353281,24,1
1376353884,24,1
1376354489,24,1
1376355093,24,1
1376355517,23,2
1376355727,24,1
1376356475,24,1
1376357081,24,1
1376357685,24,1
1376358175,23,2
1376358504,24,1
1376359107,24,1
1376359711,24,1
1376360314,24,1
1376360918,24,1
1376361521,24,1
1376362125,24,1
1376362728,24,1
1376363332,24,1
1376363935,24,1
1376364541,24,1
1376365145,24,1
1376365749,24,1
1376366229,23,2
1376366460,24,1
1376367065,24,1
1376367668,24,1
1376368179,24,1
1376368190,25,0
1376368793,25,0
1376369397,25,0
1376370000,25,0
1376370603,25,0
1376371207,25,0
1376371811,25,0
1376372414,25,0
1376373018,25,0
1376373622,25,0
1376374207,24,1
1376374581,25,0
1376375185,25,0
1376375789,25,0
1376376392,25,0
1376376995,25,0
1376377319,24,1
1376377500,23,2
1376377881,22,3
1376378442,21,4
1376379045,21,4
1376379584,21,4
1376379586,22,3
1376379858,21,4
1376380284,20,5
1376380498,19,6
1376381101,19,6
1376381163,20,5
1376381768,20,5
1376382371,20,5
1376382975,20,5
1376383396,21,4
1376384000,21,4
1376384605,21,4
1376385208,21,4
1376385812,21,4
1376386316,20,5
1376386919,20,5
1376387337,19,6
1376387940,19,6
1376388544,19,6
1376389117,20,5
1376389721,20,5
1376390325,20,5
1376390928,20,5
1376391532,20,5
1376392136,20,5
1376392740,20,5
1376393308,21,4
1376393503,21,4
1376393506,20,5
1376394109,20,5
1376394713,20,5
1376394986,19,6
1376395590,19,6
1376396070,18,7
1376396673,18,7
1376397126,19,6
1376397729,19,6
1376398338,18,7
1376398942,18,7
1376399545,18,7
1376400149,18,7
1376400458,17,8
1376400840,18,7
1376401444,18,7
1376402048,18,7
1376402651,18,7
1376403255,18,7
1376403859,18,7
1376404463,18,7
1376405066,18,7
1376405669,18,7
1376405767,17,8
1376405851,17,8
1376405915,17,8
1376406401,17,8
1376406409,18,7
1376406642,18,7
1376406660,16,9
1376407171,15,10
1376407259,16,9
1376407863,16,9
1376408466,16,9
1376409070,16,9
1376409673,16,9
1376410179,17,8
1376410356,16,9
1376410960,16,9
1376411564,16,9
1376411954,16,9
1376412033,16,9
1376412068,17,8
1376412324,18,7
1376412928,18,7
1376412994,17,8
1376413037,16,9
1376413450,16,9
1376413502,15,10
1376414057,15,10
1376414109,15,10
1376414739,17,8
1376414844,17,8
1376414973,18,7
1376415018,19,6
1376415079,18,7
1376415275,19,6
1376415879,19,6
1376416290,20,5
1376416619,21,4
1376417223,21,4
1376417827,21,4
1376418430,21,4
1376419034,21,4
1376419449,22,3
1376419918,21,4
1376420348,22,3
1376420952,22,3
1376421321,21,4
1376421925,21,4
1376422528,21,4
1376423059,20,5
1376423663,20,5
1376423954,21,4
1376424558,21,4
1376425162,21,4
1376425766,21,4
1376426370,21,4
1376426973,21,4
1376427578,21,4
1376427971,22,3
1376428574,22,3
1376429178,22,3
1376429781,22,3
1376430385,22,3
1376430990,22,3
1376431593,22,3
1376432197,22,3
1376432801,22,3
1376433406,22,3
1376434009,22,3
1376434613,22,3
1376435217,22,3
1376435820,22,3
1376436276,23,2
1376436879,23,2
1376437484,23,2
1376438088,23,2
1376438692,23,2
1376439296,23,2
1376439900,23,2
1376440503,23,2
1376441108,23,2
1376441712,23,2
1376441771,24,1
1376442374,24,1
1376442874,24,1
1376443477,24,1
1376444082,24,1
1376444686,24,1
1376445290,24,1
1376445894,24,1
1376446499,24,1
1376447102,24,1
1376447707,24,1
1376448311,24,1
1376448915,24,1
1376449518,24,1
1376449830,23,2
1376449965,23,2
1376449967,24,1
1376450571,24,1
1376450952,25,0
1376450990,24,1
1376451594,24,1
1376452197,24,1
1376452578,23,2
1376452652,23,2
1376452739,24,1
1376453343,24,1
1376453947,24,1
1376454550,24,1
1376455155,24,1
1376455759,24,1
1376456362,24,1
1376456966,24,1
1376457569,24,1
1376458173,24,1
1376458335,23,2
1376458483,23,2
1376458558,24,1
1376459161,24,1
1376459765,24,1
1376460369,24,1
1376460476,23,2
1376461080,23,2
1376461229,22,3
1376461285,21,4
1376461365,21,4
1376461372,22,3
1376461948,22,3
1376462553,22,3
1376462934,23,2
1376463155,24,1
1376463491,23,2
1376464124,23,2
1376464126,22,3
1376464480,23,2
1376464512,22,3
1376464782,21,4
1376465254,22,3
1376465723,23,2
1376465931,22,3
1376466187,23,2
1376466791,23,2
1376467394,23,2
1376467998,23,2
1376468040,22,3
1376468644,22,3
1376469247,22,3
1376469851,22,3
1376470072,21,4
1376470675,21,4
1376470742,20,5
1376471346,20,5
1376471766,21,4
1376472370,21,4
1376472459,20,5
1376472499,20,5
1376472996,19,6
1376473357,20,5
1376473709,21,4
1376474312,21,4
1376474719,20,5
1376475322,20,5
1376475926,20,5
1376476481,21,4
1376477085,21,4
1376477693,21,4
1376477877,22,3
1376478481,22,3
1376479084,22,3
1376479688,22,3
1376480033,23,2
1376480637,23,2
1376481245,22,3
1376481309,21,4
1376481758,22,3
1376481815,22,3
1376481835,23,2
1376482438,23,2
1376482661,22,3
1376482979,23,2
1376483083,23,2
1376483086,24,1
1376483634,23,2
1376484099,24,1
1376484703,24,1
1376485307,24,1
1376485911,24,1
1376486514,24,1
1376487118,24,1
1376487722,24,1
1376488326,24,1
1376488881,23,2
1376489062,22,3
1376489667,22,3
1376490270,22,3
1376490874,22,3
1376491478,22,3
1376491804,21,4
1376491884,22,3
1376492112,23,2
1376492555,24,1
1376492981,23,2
1376493334,22,3
1376493937,22,3
1376494410,24,1
1376494783,23,2
1376494865,22,3
1376495075,23,2
1376495175,22,3
1376495779,22,3
1376496382,22,3
1376496986,22,3
1376497100,23,2
1376497704,23,2
1376498135,22,3
1376498438,23,2
1376498448,23,2
1376498622,22,3
1376499226,22,3
1376499491,23,2
1376499548,22,3
1376500152,22,3
1376500664,22,3
1376500666,23,2
1376501270,23,2
1376501874,23,2
1376502004,22,3
1376502531,21,4
1376502975,20,5
1376503102,20,5
1376503234,20,5
1376503719,20,5
1376503730,21,4
1376504030,20,5
1376504634,20,5
1376505237,20,5
1376505841,20,5
1376505894,19,6
1376506498,19,6
1376507102,19,6
1376507705,19,6
1376508283,18,7
1376508886,18,7
1376509490,18,7
1376510093,18,7
1376510697,18,7
1376510803,18,7
1376510806,17,8
1376511409,17,8
1376512012,17,8
1376512542,17,8
1376512550,18,7
1376513154,18,7
1376513757,18,7
1376514361,18,7
1376514472,18,7
1376514548,18,7
1376514590,19,6
1376514676,19,6
1376514850,19,6
1376515455,19,6
1376516058,19,6
1376516663,19,6
1376517129,18,7
1376517181,17,8
1376517788,17,8
1376518392,17,8
1376518472,16,9
1376519076,16,9
1376519680,16,9
1376519970,17,8
1376520574,17,8
1376521179,17,8
1376521782,17,8
1376522385,17,8
1376522990,17,8
1376523594,17,8
1376524199,17,8
1376524802,17,8
1376525407,17,8
1376526011,17,8
1376526616,17,8
1376527220,17,8
1376527825,17,8
1376528429,17,8
1376529033,17,8
1376529277,17,8
1376529664,16,9
1376530267,16,9
1376530872,16,9
1376531476,16,9
1376532080,16,9
1376532163,15,10
1376532767,15,10
1376533371,15,10
1376533974,15,10
1376534551,14,11
1376535155,14,11
1376535758,14,11
1376536362,14,11
1376536965,14,11
1376537570,14,11
1376538174,14,11
1376538778,14,11
1376539381,14,11
1376539985,14,11
1376540588,14,11
1376541192,14,11
1376541795,14,11
1376542399,14,11
1376543002,14,11
1376543606,14,11
1376544191,14,11
1376544795,14,11
1376545399,14,11
1376546002,14,11
1376546606,14,11
1376547209,14,11
1376547813,14,11
1376548226,15,10
1376548830,15,10
1376548963,15,10
1376548966,16,9
1376549569,16,9
1376549933,15,10
1376550537,15,10
1376551140,15,10
1376551744,15,10
1376552005,16,9
1376552369,15,10
1376552972,15,10
1376553575,15,10
1376554060,14,11
1376554294,13,12
1376554308,13,12
1376554912,13,12
1376555515,13,12
1376556118,13,12
1376556458,14,11
1376557061,14,11
1376557666,14,11
1376558269,14,11
1376558874,14,11
1376559477,14,11
1376560080,14,11
1376560684,14,11
1376561288,14,11
1376561360,13,12
1376561963,13,12
1376562342,14,11
1376562761,14,11
1376562769,15,10
1376563132,14,11
1376563736,14,11
1376564339,14,11
1376564802,14,11
1376564920,14,11
1376564932,15,10
1376565218,16,9
1376565822,16,9
1376566348,15,10
1376566952,15,10
1376567556,15,10
1376568159,15,10
1376568622,13,12
1376569225,13,12
1376569335,14,11
1376569938,14,11
1376570561,15,10
1376570930,15,10
1376571031,15,10
1376571101,15,10
1376571121,17,8
1376571284,16,9
1376571371,16,9
1376571430,16,9
1376571518,19,5
1376571552,18,6
1376571644,18,6
1376571651,19,5
1376572255,20,5
1376572824,21,4
1376573428,21,4
1376573683,21,4
1376573686,22,3
1376573862,22,3
1376573864,21,4
1376574203,21,4
1376574226,21,4
1376574342,22,3
1376574442,23,2
1376575045,23,2
1376575098,22,3
1376575604,23,2
1376575685,24,1
1376576289,24,1
1376576899,23,2
1376577428,24,1
1376578031,24,1
1376578635,24,1
1376579239,24,1
1376579842,24,1
1376580446,24,1
1376581049,24,1
1376581320,23,2
1376581924,23,2
1376582241,24,1
1376582844,24,1
1376583448,24,1
1376584051,24,1
1376584655,24,1
1376585084,24,1
1376585085,23,2
1376585323,23,2
1376585377,23,2
1376585428,23,2
1376585518,24,1
1376586122,24,1
1376586307,23,2
1376586747,24,1
1376586883,24,1
1376587487,24,1
1376588090,24,1
1376588694,24,1
1376589297,24,1
1376589901,24,1
1376590505,24,1
1376591108,24,1
1376591712,24,1
1376592315,24,1
1376592919,24,1
1376593109,24,1
1376593312,24,1
1376593915,24,1
1376594519,24,1
1376595123,24,1
1376595726,24,1
1376596330,24,1
1376596934,24,1
1376597537,24,1
1376598140,24,1
1376598744,24,1
1376599348,24,1
1376599958,21,4
1376600023,21,4
1376600627,21,4
1376601230,21,4
1376601834,21,4
1376602437,21,4
1376603041,21,4
1376603644,21,4
1376604248,21,4
1376604852,21,4
1376605455,21,4
1376605900,19,6
1376606504,19,6
1376607107,19,6
1376607711,19,6
1376608314,19,6
1376608918,19,6
1376609521,19,6
1376610125,19,6
1376610728,19,6
1376611332,19,6
1376611935,19,6
1376612539,19,6
1376613142,19,6
1376613746,19,6
1376614349,19,6
1376614953,19,6
1376615675,19,6
1376616279,19,6
1376616883,19,6
1376617486,19,6
1376618090,19,6
1376618693,19,6
1376619297,19,6
1376619900,19,6
1376620504,19,6
1376620684,20,5
1376621287,20,5
1376621891,20,5
1376622495,20,5
1376623098,20,5
1376623702,20,5
1376624306,20,5
1376624909,20,5
1376625513,20,5
1376626116,20,5
1376626720,20,5
1376627323,20,5
1376627927,20,5
1376628530,20,5
1376629134,20,5
1376629245,20,5
1376629247,19,6
1376629851,19,6
1376630454,19,6
1376630535,20,5
1376631138,20,5
1376631742,20,5
1376631840,19,6
1376632004,20,5
1376632033,20,5
1376632222,20,5
1376632826,20,5
1376633419,19,6
1376634022,19,6
1376634185,18,7
1376634789,18,7
1376635392,18,7
1376635715,18,7
1376635784,19,6
1376635801,19,6
1376635883,19,6
1376635956,20,5
1376636256,19,6
1376636379,19,6
1376636388,20,5
1376636467,19,6
1376636772,18,7
1376637375,18,7
1376637979,18,7
1376638582,18,7
1376639036,17,8
1376639640,17,8
1376640244,17,8
1376640649,16,9
1376641252,16,9
1376641856,16,9
1376642376,17,8
1376642691,16,9
1376642912,17,8
1376643157,18,7
1376643760,18,7
1376644005,19,6
1376644439,18,7
1376645043,18,7
1376645646,18,7
1376645905,16,9
1376646508,16,9
1376647112,16,9
1376647715,16,9
1376648319,16,9
1376648762,17,8
1376649366,17,8
1376649969,17,8
1376650328,19,6
1376650409,20,5
1376651013,20,5
1376651453,21,4
1376652056,21,4
1376652661,21,4
1376652792,22,3
1376652918,21,4
1376653522,21,4
1376653718,23,2
1376653780,22,3
1376654113,21,4
1376654717,21,4
1376655142,22,3
1376655612,23,2
1376656216,23,2
1376656819,23,2
1376657423,23,2
1376658026,23,2
1376658630,23,2
1376659234,23,2
1376659271,22,3
1376659875,22,3
1376660478,22,3
1376660606,22,3
1376660637,22,3
1376660724,23,2
1376660752,24,1
1376661012,24,1
1376661616,24,1
1376662059,22,3
1376662662,22,3
1376663266,22,3
1376663869,22,3
1376664473,22,3
1376665077,22,3
1376665680,22,3
1376666284,22,3
1376666842,23,2
1376667376,22,3
1376667872,23,2
1376668476,23,2
1376668812,22,3
1376669415,22,3
1376669496,21,4
1376669665,21,4
1376669704,22,3
1376670093,21,4
1376670697,21,4
1376671123,21,4
1376671125,22,3
1376671729,22,3
1376672336,21,4
1376672762,19,6
1376672930,19,6
1376672996,18,7
1376673096,18,7
1376673155,17,8
1376673215,16,9
1376673818,16,9
1376674422,16,9
1376675025,16,9
1376675629,16,9
1376676232,16,9
1376676836,16,9
1376677439,16,9
1376678043,16,9
1376678647,16,9
1376679250,16,9
1376679854,16,9
1376679916,15,10
1376680102,15,10
1376680159,15,10
1376680200,16,9
1376680804,16,9
1376681407,16,9
1376682011,16,9
1376682615,16,9
1376683218,16,9
1376683822,16,9
1376684426,16,9
1376685030,16,9
1376685634,16,9
1376686238,16,9
1376686841,16,9
1376687445,16,9
1376688048,16,9
1376688652,16,9
1376689256,16,9
1376689454,15,10
1376689756,14,11
1376690360,14,11
1376690784,13,12
1376691388,13,12
1376691992,13,12
1376692379,12,13
1376692982,12,13
1376693586,12,13
1376694190,12,13
1376694793,12,13
1376695397,12,13
1376696000,12,13
1376696604,12,13
1376697208,12,13
1376697811,12,13
1376698415,12,13
1376699018,12,13
1376699622,12,13
1376700225,12,13
1376700825,12,13
1376700833,13,12
1376701437,13,12
1376702071,13,12
1376702157,13,12
1376702235,13,12
1376702592,13,12
1376703196,13,12
1376703800,13,12
1376704403,13,12
1376705007,13,12
1376705610,13,12
1376705776,13,12
1376705842,13,12
1376705883,14,11
1376706338,13,12
1376706643,13,12
1376706651,14,11
1376707255,14,11
1376707859,14,11
1376708462,14,11
1376709065,14,11
1376709669,14,11
1376710272,14,11
1376710876,14,11
1376711053,13,12
1376711201,13,12
1376711209,14,11
1376711813,14,11
1376712417,14,11
1376713020,14,11
1376713624,14,11
1376714227,14,11
1376714831,14,11
1376715434,14,11
1376715825,13,12
1376716429,13,12
1376717032,13,12
1376717611,12,13
1376718150,13,12
1376718195,12,13
1376718799,12,13
1376718884,12,13
1376718886,13,12
1376719489,13,12
1376720093,13,12
1376720574,14,11
1376721178,14,11
1376721781,14,11
1376721997,15,10
1376722600,15,10
1376722960,16,9
1376723009,16,9
1376723048,17,8
1376723652,17,8
1376724256,17,8
1376724859,17,8
1376725463,17,8
1376726006,16,9
1376726610,16,9
1376726733,17,8
1376726804,17,8
1376727407,17,8
1376728011,17,8
1376728570,18,7
1376728944,19,6
1376729351,18,7
1376729955,18,7
1376730558,18,7
1376731162,18,7
1376731765,18,7
1376732369,18,7
1376732740,18,7
1376732749,19,6
1376733322,20,5
1376733538,19,6
1376734142,19,6
1376734271,18,7
1376734460,19,6
1376735063,19,6
1376735667,19,6
1376736270,19,6
1376736874,19,6
1376737477,19,6
1376738081,19,6
1376738684,19,6
1376739288,19,6
1376739892,19,6
1376740495,19,6
1376741099,19,6
1376741702,19,6
1376742105,20,5
1376742165,19,5
1376742188,20,5
1376742640,18,7
1376742700,18,7
1376742765,18,7
1376743368,18,7
1376743537,18,7
1376743572,18,7
1376744135,19,6
1376744674,20,5
1376745253,22,3
1376745857,22,3
1376746460,22,3
1376747064,22,3
1376747667,22,3
1376747689,21,4
1376748293,21,4
1376748896,21,4
1376749500,21,4
1376749965,19,6
1376750382,20,5
1376750411,19,6
1376750540,20,5
1376751143,20,5
1376751746,20,5
1376752227,19,6
1376752317,20,5
1376752921,20,5
1376753382,20,5
1376753442,21,4
1376753494,21,4
1376753552,22,3
1376754156,22,3
1376754759,22,3
1376755362,22,3
1376755966,22,3
1376756570,22,3
1376757173,22,3
1376757777,22,3
1376758380,22,3
1376758984,22,3
1376759529,23,2
1376760133,23,2
1376760736,23,2
1376760843,24,1
1376761221,23,2
1376761824,23,2
1376762079,23,2
1376762499,22,3
1376763049,21,4
1376763653,21,4
1376764054,19,6
1376764183,20,5
1376764192,21,4
1376764795,21,4
1376765371,20,5
1376765862,19,6
1376766466,19,6
1376767070,19,6
1376767673,19,6
1376768029,18,7
1376768163,17,8
1376768766,17,8
1376768983,16,9
1376769011,16,9
1376769140,15,10
1376769388,15,10
1376769991,15,10
1376770409,16,9
1376770620,15,10
1376771010,14,11
1376771614,14,11
1376772218,14,11
1376772821,14,11
1376773425,14,11
1376774029,14,11
1376774632,14,11
1376775236,14,11
1376775839,14,11
1376776443,14,11
1376777046,14,11
1376777650,14,11
1376778148,15,10
1376778405,16,9
1376778417,16,9
1376779021,16,9
1376779625,16,9
1376780228,16,9
1376780832,16,9
1376781436,16,9
1376782039,16,9
1376782559,17,8
1376783163,17,8
1376783767,17,8
1376784370,17,8
1376784973,17,8
1376785577,17,8
1376785838,19,6
1376786442,19,6
1376787045,19,6
1376787649,19,6
1376788252,19,6
1376788478,19,6
1376788511,19,6
1376789114,19,6
1376789718,19,6
1376790321,19,6
1376790925,19,6
1376791528,19,6
1376792131,19,6
1376792735,19,6
1376793339,19,6
1376793942,19,6
1376794546,19,6
1376795149,19,6
1376795753,19,6
1376796356,19,6
1376796960,19,6
1376797563,19,6
1376798039,20,5
1376798642,20,5
1376799246,20,5
1376799849,20,5
1376800453,20,5
1376801057,20,5
1376801660,20,5
1376802264,20,5
1376802867,20,5
1376803470,20,5
1376804074,20,5
1376804678,20,5
1376805281,20,5
1376805885,20,5
1376806489,20,5
1376807092,20,5
1376807695,20,5
1376808299,20,5
1376808903,20,5
1376809506,20,5
1376809916,19,6
1376810519,19,6
1376811123,19,6
1376811727,19,6
1376812330,19,6
1376812934,19,6
1376813303,20,5
1376813907,20,5
1376814511,20,5
1376815114,20,5
1376815717,20,5
1376816321,20,5
1376816381,20,5
1376816396,21,4
1376816914,20,5
1376817518,20,5
1376818121,20,5
1376818725,20,5
1376819328,20,5
1376819932,20,5
1376820535,20,5
1376821139,20,5
1376821742,20,5
1376822346,20,5
1376822827,19,6
1376823033,18,7
1376823637,18,7
1376824037,19,6
1376824641,19,6
1376825244,19,6
1376825848,19,6
1376826452,19,6
1376827056,19,6
1376827659,19,6
1376828263,19,6
1376828769,18,7
1376829372,18,7
1376829976,18,7
1376830580,18,7
1376830869,19,6
1376831472,19,6
1376832076,19,6
1376832217,20,5
1376832821,20,5
