1376208231,19,16
1376208835,19,16
1376209439,19,16
1376209600,20,15
1376210204,20,15
1376210532,19,16
1376211136,19,16
1376211739,19,16
1376212343,19,16
1376212781,20,15
1376213385,20,15
1376213989,20,15
1376214594,20,15
1376214918,21,14
1376215060,21,14
1376215178,21,14
1376215214,22,13
1376215826,21,14
1376216430,21,14
1376216795,20,15
1376217399,20,15
1376218003,20,15
1376218606,20,15
1376219085,20,15
1376219184,21,14
1376219732,20,15
1376219776,19,16
1376220337,18,17
1376220883,19,16
1376221488,19,16
1376222091,19,16
1376222168,19,16
1376222255,19,16
1376222324,19,16
1376222374,19,16
1376222412,21,14
1376222511,21,14
1376222650,21,14
1376223271,22,13
1376223876,22,13
1376224386,21,14
1376224991,21,14
1376225595,21,14
1376225863,22,13
1376225865,21,14
1376225946,22,13
1376226038,22,13
1376226484,21,14
1376227088,21,14
1376227691,21,14
1376228295,21,14
1376228899,21,14
1376229503,21,14
1376229936,21,14
1376230001,21,14
1376230033,21,14
1376230229,22,13
1376230285,23,12
1376230361,24,11
1376230420,24,11
1376230441,25,10
1376231042,26,9
1376231646,26,9
1376231786,25,10
1376232154,26,9
1376232759,26,9
1376233362,26,9
1376233674,26,9
1376233784,26,9
1376233786,27,8
1376234390,27,8
1376234993,27,8
1376235523,26,9
1376235526,25,10
1376236129,25,10
1376236733,25,10
1376237075,23,12
1376237114,21,14
1376237718,21,14
1376237941,20,15
1376238545,20,15
1376238941,19,16
1376239560,19,16
1376239632,19,16
1376239713,17,18
1376240005,19,16
1376240044,20,15
1376240607,19,16
1376241010,20,15
1376241101,21,14
1376241199,21,14
1376241241,22,13
1376241845,22,13
1376241905,21,14
1376242015,22,13
1376242093,21,14
1376242698,21,14
1376243301,21,14
1376243521,20,15
1376244125,20,15
1376244511,18,17
1376244582,18,17
1376244644,18,17
1376244701,20,15
1376245305,20,15
1376245475,18,17
1376245792,19,16
1376246396,19,16
1376246999,19,16
1376247603,19,16
1376248207,19,16
1376248687,18,17
1376249291,18,17
1376249895,18,17
1376250498,18,17
1376250553,17,18
1376250794,18,17
1376251398,18,17
1376252001,18,17
1376252605,18,17
1376253210,18,17
1376253813,18,17
1376254417,18,17
1376255021,18,17
1376255625,18,17
1376256228,18,17
1376256832,18,17
1376257436,18,17
1376258091,19,16
1376258695,19,16
1376259299,19,16
1376259903,19,16
1376260507,19,16
1376261110,19,16
1376261714,19,16
1376262318,19,16
1376262922,19,16
1376263525,19,16
1376264125,20,15
1376264490,19,16
1376264682,20,15
1376264719,19,16
1376264841,18,17
1376264984,18,17
1376265037,22,13
1376265641,22,13
1376266245,22,13
1376266849,22,13
1376267452,22,13
1376268056,22,13
1376268660,22,13
1376269264,22,13
1376269401,20,15
1376270005,20,15
1376270609,20,15
1376271213,20,15
1376271816,20,15
1376272242,20,15
1376272251,20,15
1376272854,20,15
1376273458,20,15
1376274062,20,15
1376274665,20,15
1376275269,20,15
1376275873,20,15
1376276262,21,14
1376276866,21,14
1376277172,20,15
1376277329,21,14
1376277933,21,14
1376278537,21,14
1376279141,21,14
1376279673,22,13
1376280276,22,13
1376280880,22,13
1376281484,22,13
1376282088,22,13
1376282247,21,14
1376282852,21,14
1376283455,21,14
1376283546,20,15
1376284150,20,15
1376284265,19,16
1376284869,19,16
1376285473,19,16
1376286077,19,16
1376286627,20,15
1376286889,19,16
1376287494,19,16
1376288073,17,18
1376288676,17,18
1376288803,16,19
1376288894,15,20
1376289008,16,19
1376289282,14,21
1376289522,14,21
1376289525,15,20
1376289708,14,21
1376289928,15,20
1376290111,16,19
1376290164,15,20
1376290362,15,20
1376290365,14,21
1376290662,14,21
1376290670,15,20
1376290777,14,21
1376290917,13,22
1376291010,12,23
1376291143,11,24
1376291172,11,24
1376291498,9,26
1376291519,8,27
1376292022,7,28
1376292155,5,30
1376292202,4,31
1376292304,3,32
1376292418,3,32
1376292696,3,32
1376292727,4,31
1376292858,3,32
1376293061,3,32
1376293177,3,32
1376293237,3,32
1376293661,2,32
1376293710,3,32
1376293803,1,34
1376294373,1,34
1376294439,1,34
1376294484,1,34
1376294524,2,33
1376294568,1,34
1376294971,2,33
1376295001,1,34
1376295497,2,33
1376295875,1,34
1376296479,1,34
1376296756,1,34
1376297359,1,34
1376297963,1,34
1376298567,1,34
1376299171,1,34
1376299775,1,34
1376300379,1,34
1376300983,1,34
1376301404,2,33
1376301461,3,32
1376301570,4,31
1376301598,3,32
1376302061,3,32
1376302073,4,31
1376302677,4,31
1376302885,5,30
1376302930,6,29
1376303429,6,29
1376303464,7,28
1376304068,7,28
1376304252,8,27
1376304748,9,26
1376305352,9,26
1376305700,9,26
1376305735,9,26
1376306037,8,27
1376306262,7,28
1376306709,6,29
1376307314,6,29
1376307460,7,28
1376307622,8,27
1376307770,7,28
1376308225,8,27
1376308314,7,28
1376308438,6,29
1376308602,6,29
1376308605,5,30
1376308814,6,29
1376308860,7,28
1376309361,8,27
1376309423,7,28
1376309863,6,29
1376310001,5,30
1376310171,4,31
1376310775,4,31
1376310921,5,30
1376311525,5,30
1376312130,5,30
1376312734,5,30
1376313303,4,31
1376313913,4,31
1376314517,4,31
1376314961,4,31
1376315000,4,31
1376315196,3,32
1376315444,3,32
1376315447,4,31
1376316051,4,31
1376316263,4,31
1376316494,5,30
1376316658,6,29
1376317039,7,28
1376317133,6,29
1376317744,5,30
1376317985,5,30
1376318055,6,29
1376318659,6,29
1376318824,5,30
1376319428,5,30
1376320031,5,30
1376320096,4,31
1376320181,6,29
1376320263,7,28
1376320319,6,29
1376320461,5,30
1376320602,6,29
1376320641,8,27
1376320901,9,26
1376320953,10,25
1376321557,10,25
1376322160,10,25
1376322203,10,25
1376322242,11,24
1376322311,12,23
1376322621,13,22
1376322745,12,23
1376322944,12,23
1376322947,13,22
1376323059,12,23
1376323139,13,22
1376323271,14,21
1376323800,13,22
1376324023,14,21
1376324078,15,20
1376324132,16,19
1376324182,16,19
1376324251,16,19
1376324272,17,18
1376324349,16,19
1376324493,16,19
1376325079,15,20
1376325277,16,19
1376325342,16,19
1376325345,17,18
1376325490,19,16
1376325686,20,15
1376325819,20,15
1376325828,21,14
1376326044,20,15
1376326304,19,16
1376326520,18,17
1376326651,18,17
1376326676,19,16
1376326751,18,17
1376326878,19,16
1376326947,20,15
1376326983,18,17
1376327073,19,16
1376327104,20,15
1376327462,21,14
1376327575,20,15
1376327920,22,13
1376327928,23,12
1376328142,24,11
1376328221,24,11
1376328231,25,10
1376328314,24,11
1376328581,24,11
1376328591,25,10
1376329074,26,9
1376329575,27,8
1376330178,27,8
1376330712,28,7
1376331207,29,6
1376331391,28,7
1376331994,28,7
1376332361,28,7
1376332423,28,7
1376332426,29,6
1376332578,30,5
1376332850,30,5
1376332926,31,4
1376333530,31,4
1376333741,30,4
1376333753,30,5
1376334267,31,4
1376334303,30,5
1376334379,31,4
1376334983,31,4
1376335255,30,5
1376335660,29,6
1376335852,28,7
1376336080,27,8
1376336414,26,9
1376337018,26,9
1376337470,25,10
1376338075,25,10
1376338678,25,10
1376339282,25,10
1376339886,25,10
1376340443,24,11
1376341047,24,11
1376341651,24,11
1376342255,24,11
1376342403,23,12
1376343006,23,12
1376343610,23,12
1376344214,23,12
1376344322,24,11
1376344926,24,11
1376345530,24,11
1376346134,24,11
1376346496,23,12
1376347100,23,12
1376347190,22,13
1376347794,22,13
1376347902,21,14
1376348505,21,14
1376349109,21,14
1376349713,21,14
1376350317,21,14
1376350920,21,14
1376351524,21,14
1376352128,21,14
1376352731,21,14
1376353230,22,13
1376353834,22,13
1376354438,22,13
1376355041,22,13
1376355516,21,14
1376355760,22,13
1376356364,22,13
1376356968,22,13
1376357572,22,13
1376358176,22,13
1376358643,22,13
1376358652,22,13
1376359256,22,13
1376359860,22,13
1376360463,22,13
1376360522,23,12
1376361126,23,12
1376361730,23,12
1376362334,23,12
1376362937,23,12
1376363542,23,12
1376364145,23,12
1376364749,23,12
1376365353,23,12
1376365957,23,12
1376365981,24,11
1376366586,24,11
1376367189,24,11
1376367793,24,11
1376368397,24,11
1376368461,25,10
1376368551,24,11
1376369155,24,11
1376369759,24,11
1376370364,24,11
1376370623,23,12
1376371227,23,12
1376371831,23,12
1376372435,23,12
1376372920,24,11
1376373143,23,12
1376373747,23,12
1376374123,23,12
1376374131,22,13
1376374274,21,14
1376374878,21,14
1376375134,22,13
1376375297,21,14
1376375902,21,14
1376375965,22,13
1376376102,22,13
1376376109,23,12
1376376240,24,11
1376376387,25,10
1376376453,25,10
1376376523,25,10
1376376684,26,9
1376376739,25,10
1376377077,24,11
1376377183,23,12
1376377303,22,13
1376377340,21,14
1376377421,21,14
1376377448,23,12
1376377531,22,13
1376377561,21,14
1376377615,20,15
1376377775,18,17
1376377903,17,18
1376378055,16,19
1376378109,15,20
1376378439,14,21
1376378562,15,20
1376378585,14,21
1376378991,13,22
1376379443,13,22
1376379489,14,21
1376379566,13,22
1376379600,14,21
1376380037,15,20
1376380283,14,21
1376380346,13,22
1376380834,12,23
1376380858,13,22
1376381033,12,23
1376381096,11,24
1376381523,12,23
1376381584,11,24
1376381643,12,23
1376382248,12,23
1376382380,12,23
1376382435,13,22
1376382701,12,22
1376382720,12,23
1376383111,13,22
1376383166,14,21
1376383243,16,19
1376383303,18,17
1376383363,20,15
1376383418,21,14
1376383478,23,12
1376383525,25,10
1376383551,25,10
1376383641,26,9
1376383711,28,7
1376383769,28,6
1376383792,28,6
1376383933,28,6
1376384070,27,6
1376384144,0,6
1376384162,0,6
1376384765,0,6
1376384856,1,5
1376384903,2,4
1376384945,3,3
1376385042,4,2
1376385104,6,0
1376385185,6,0
1376385693,6,0
1376386297,6,0
1376386907,6,0
1376387511,6,0
1376388116,6,0
1376388721,6,0
1376389326,6,0
1376389930,6,0
1376390533,6,0
1376391138,6,0
1376391742,6,0
1376392347,6,0
1376392950,6,0
1376393554,6,0
1376394159,6,0
1376394763,6,0
1376395368,6,0
1376395972,6,0
1376396420,0,0
1376397024,0,0
1376397627,0,0
1376398231,0,0
1376398835,0,0
1376399439,0,0
1376400043,0,0
1376400646,0,0
1376401250,0,0
1376401854,0,0
1376402458,0,0
1376403061,0,0
1376403666,0,0
1376404270,0,0
1376404873,0,0
1376405476,0,0
1376406080,0,0
1376406684,0,0
1376407288,0,0
1376407891,0,0
1376408495,0,0
1376409099,0,0
1376409694,0,0
1376410306,0,0
1376410910,0,0
1376411514,0,0
1376412117,0,0
1376412721,0,0
1376413325,0,0
1376413929,0,0
1376414532,0,0
1376415136,0,0
1376415740,0,0
1376416343,0,0
1376416947,0,0
1376417552,0,0
1376418156,0,0
1376418760,0,0
1376419363,0,0
1376419967,0,0
1376420571,0,0
1376421175,0,0
1376421779,0,0
1376422382,0,0
1376422706,0,0
1376423310,0,0
1376423913,0,0
1376424517,0,0
1376425121,0,0
1376425725,0,0
1376426328,0,0
1376426932,0,0
1376427536,0,0
1376428140,0,0
1376428744,0,0
1376429348,0,0
1376429952,0,0
1376430555,0,0
1376431160,0,0
1376431763,0,0
1376432367,0,0
1376432971,0,0
1376433574,0,0
1376434178,0,0
1376434782,0,0
1376435386,0,0
1376435989,0,0
1376436593,0,0
1376437197,0,0
1376437801,0,0
1376438405,0,0
1376439008,0,0
1376439612,0,0
1376440216,0,0
1376440820,0,0
1376441424,0,0
1376442028,0,0
1376442632,0,0
1376443236,0,0
1376443839,0,0
1376444442,0,0
1376445044,0,0
1376445053,0,0
1376445656,0,0
1376446260,0,0
1376446864,0,0
1376447468,0,0
1376448071,0,0
1376448675,0,0
1376449279,0,0
1376449883,0,0
1376450487,0,0
1376451090,0,0
1376451693,0,0
1376452297,0,0
1376452900,0,0
1376453505,0,0
1376454109,0,0
1376454712,0,0
1376455308,0,0
1376455922,0,0
1376456526,0,0
1376457130,0,0
1376457734,0,0
1376458337,0,0
1376458941,0,0
1376459545,0,0
1376460149,0,0
1376460752,0,0
1376461357,0,0
1376461960,0,0
1376462564,0,0
1376463168,0,0
1376463772,0,0
1376464377,0,0
1376464981,0,0
1376465439,0,0
1376465564,0,0
1376465712,0,0
1376465899,0,0
1376466037,0,0
1376466052,0,0
1376466200,0,0
1376466337,0,0
1376466940,0,0
1376467544,0,0
1376468148,0,0
1376468752,0,0
1376469355,0,0
1376469958,0,0
1376470561,0,0
1376471165,0,0
1376471769,0,0
1376472373,0,0
1376472976,0,0
1376473580,0,0
1376474184,0,0
1376474788,0,0
1376475392,0,0
1376475995,0,0
1376476599,0,0
1376477204,0,0
1376477808,0,0
1376478412,0,0
1376479016,0,0
1376479620,0,0
1376480224,0,0
1376480829,0,0
1376481432,0,0
1376481616,0,0
1376482221,0,0
1376482825,0,0
1376483428,0,0
1376484032,0,0
1376484636,0,0
1376485240,0,0
1376485844,0,0
1376486448,0,0
1376487052,0,0
1376487656,0,0
1376488260,0,0
1376488864,0,0
1376489467,0,0
1376490071,0,0
1376490675,0,0
1376491279,0,0
1376491883,0,0
1376492487,0,0
1376493091,0,0
1376493695,0,0
1376494299,0,0
1376494903,0,0
1376495507,0,0
1376496111,0,0
1376496714,0,0
1376497318,0,0
1376497922,0,0
1376498526,0,0
1376499130,0,0
1376499733,0,0
1376500337,0,0
1376500941,0,0
1376501544,0,0
1376502148,0,0
1376502752,0,0
1376503355,0,0
1376503960,0,0
1376504564,0,0
1376505167,0,0
1376505771,0,0
1376506375,0,0
1376506979,0,0
1376507583,0,0
1376508186,0,0
1376508790,0,0
1376509394,0,0
1376509580,0,0
1376509609,0,0
1376509710,0,0
1376510313,0,0
1376510918,0,0
1376511521,0,0
1376512125,0,0
1376512729,0,0
1376513333,0,0
1376513936,0,0
1376514540,0,0
1376515144,0,0
1376515748,0,0
1376516352,0,0
1376516956,0,0
1376517560,0,0
1376518164,0,0
1376518768,0,0
1376519372,0,0
1376519976,0,0
1376520579,0,0
1376521182,0,0
1376521786,0,0
1376522390,0,0
1376522994,0,0
1376523597,0,0
1376524201,0,0
1376524805,0,0
1376525409,0,0
1376526013,0,0
1376526616,0,0
1376527220,0,0
1376527824,0,0
1376528428,0,0
1376529032,0,0
1376529636,0,0
1376530240,0,0
1376530843,0,0
1376531442,0,0
1376531446,0,0
1376531530,0,0
1376532133,0,0
1376532737,0,0
1376533341,0,0
1376533945,0,0
1376534548,0,0
1376535152,0,0
1376535756,0,0
1376536360,0,0
1376536963,0,0
1376537567,0,0
1376538171,0,0
1376538775,0,0
1376539379,0,0
1376539982,0,0
1376540586,0,0
1376541191,0,0
1376541794,0,0
1376542398,0,0
1376543002,0,0
1376543606,0,0
1376544210,0,0
1376544813,0,0
1376545417,0,0
1376546021,0,0
1376546624,0,0
1376547228,0,0
1376547832,0,0
1376548436,0,0
1376549040,0,0
1376549643,0,0
1376550247,0,0
1376550851,0,0
1376551455,0,0
1376552058,0,0
1376552662,0,0
1376553266,0,0
1376553870,0,0
1376554474,0,0
1376555078,0,0
1376555681,0,0
1376556285,0,0
1376556889,0,0
1376557217,0,0
1376557821,0,0
1376558425,0,0
1376559029,0,0
1376559634,0,0
1376560239,0,0
1376560842,0,0
1376561446,0,0
1376562050,0,0
1376562654,0,0
1376563258,0,0
1376563862,0,0
1376564466,0,0
1376565070,0,0
1376565674,0,0
1376566279,0,0
1376566884,0,0
1376567487,0,0
1376568091,0,0
1376568694,0,0
1376569298,0,0
1376569902,0,0
1376570505,0,0
1376571109,0,0
1376571713,0,0
1376572317,0,0
1376572921,0,0
1376573119,0,0
1376573722,0,0
1376574326,0,0
1376574929,0,0
1376575533,0,0
1376576137,0,0
1376576741,0,0
1376577345,0,0
1376577948,0,0
1376578552,0,0
1376579156,0,0
1376579760,0,0
1376580364,0,0
1376580968,0,0
1376581572,0,0
1376582175,0,0
1376582779,0,0
1376583383,0,0
1376583987,0,0
1376584591,0,0
1376585195,0,0
1376585798,0,0
1376586402,0,0
1376587006,0,0
1376587610,0,0
1376588213,0,0
1376588817,0,0
1376589421,0,0
1376590025,0,0
1376590628,0,0
1376591233,0,0
1376591836,0,0
1376592440,0,0
1376593044,0,0
1376593648,0,0
1376594251,0,0
1376594855,0,0
1376595459,0,0
1376596063,0,0
1376596667,0,0
1376597270,0,0
1376597874,0,0
1376598478,0,0
1376599082,0,0
1376599685,0,0
1376600289,0,0
1376600893,0,0
1376601496,0,0
1376602100,0,0
1376602705,0,0
1376603308,0,0
1376603912,0,0
1376604516,0,0
1376605120,0,0
1376605723,0,0
1376606327,0,0
1376606931,0,0
1376607535,0,0
1376608138,0,0
1376608748,0,0
1376609352,0,0
1376609955,0,0
1376610559,0,0
1376611163,0,0
1376611767,0,0
1376612370,0,0
1376612974,0,0
1376613577,0,0
1376614181,0,0
1376614784,0,0
1376615388,0,0
1376615992,0,0
1376616596,0,0
1376617200,0,0
1376617844,0,0
1376617848,0,0
1376617931,0,0
1376618535,0,0
1376619139,0,0
1376619742,0,0
1376620346,0,0
1376620950,0,0
1376621554,0,0
1376622158,0,0
1376622761,0,0
1376623365,0,0
1376623969,0,0
1376624573,0,0
1376625177,0,0
1376625780,0,0
1376626384,0,0
1376626988,0,0
1376627591,0,0
1376628195,0,0
1376628800,0,0
1376629403,0,0
1376630007,0,0
1376630611,0,0
1376631215,0,0
1376631818,0,0
1376632422,0,0
1376633026,0,0
1376633630,0,0
1376634233,0,0
1376634837,0,0
1376635441,0,0
1376636045,0,0
1376636648,0,0
1376637252,0,0
1376637856,0,0
1376638459,0,0
1376639063,0,0
1376639667,0,0
1376640271,0,0
1376640875,0,0
1376641479,0,0
1376642082,0,0
1376642687,0,0
1376643290,0,0
1376643894,0,0
1376644498,0,0
1376645102,0,0
1376645706,0,0
1376646309,0,0
1376646913,0,0
1376647517,0,0
1376648121,0,0
1376648724,0,0
1376649328,0,0
1376649932,0,0
1376650536,0,0
1376651140,0,0
1376651743,0,0
1376652347,0,0
1376652951,0,0
1376653554,0,0
1376654165,0,0
1376654769,0,0
1376655372,0,0
1376655976,0,0
1376656580,0,0
1376657184,0,0
1376657787,0,0
1376658391,0,0
1376658995,0,0
1376659599,0,0
1376660203,0,0
1376660807,0,0
1376661410,0,0
1376662014,0,0
1376662617,0,0
1376663222,0,0
1376663825,0,0
1376664429,0,0
1376665033,0,0
1376665636,0,0
1376666240,0,0
1376666845,0,0
1376667449,0,0
1376668052,0,0
1376668656,0,0
1376669260,0,0
1376669864,0,0
1376670467,0,0
1376671071,0,0
1376671675,0,0
1376672279,0,0
1376672882,0,0
1376673486,0,0
1376674090,0,0
1376674694,0,0
1376675297,0,0
1376675901,0,0
1376676505,0,0
1376677109,0,0
1376677713,0,0
1376678316,0,0
1376678920,0,0
1376679523,0,0
1376680127,0,0
1376680731,0,0
1376681335,0,0
1376681939,0,0
1376682542,0,0
1376683146,0,0
1376683750,0,0
1376684353,0,0
1376684957,0,0
1376685561,0,0
1376686165,0,0
1376686769,0,0
1376687372,0,0
1376687976,0,0
1376688580,0,0
1376689184,0,0
1376689787,0,0
1376690390,0,0
1376690476,0,0
1376690613,0,0
1376691216,0,0
1376691819,0,0
1376692423,0,0
1376693027,0,0
1376693631,0,0
1376694235,0,0
1376694839,0,0
1376695448,0,0
1376696052,0,0
1376696655,0,0
1376697259,0,0
1376697863,0,0
1376698467,0,0
1376699071,0,0
1376699674,0,0
1376700278,0,0
1376700882,0,0
1376701485,0,0
1376702090,0,0
1376702693,0,0
1376703297,0,0
1376703901,0,0
1376704242,0,0
1376704351,0,0
1376704429,0,0
1376705033,0,0
1376705636,0,0
1376706240,0,0
1376706844,0,0
1376707448,0,0
1376708051,0,0
1376708655,0,0
1376709259,0,0
1376709863,0,0
1376710466,0,0
1376711070,0,0
1376711674,0,0
1376712278,0,0
1376712882,0,0
1376713485,0,0
1376714089,0,0
1376714693,0,0
1376715297,0,0
1376715900,0,0
1376716504,0,0
1376717109,0,0
1376717712,0,0
1376718316,0,0
1376718920,0,0
1376719524,0,0
1376720127,0,0
1376720731,0,0
1376721335,0,0
1376721939,0,0
1376722543,0,0
1376723146,0,0
1376723750,0,0
1376724354,0,0
1376724958,0,0
1376725561,0,0
1376726171,0,0
1376726775,0,0
1376727378,0,0
1376727983,0,0
1376728586,0,0
1376729191,0,0
1376729794,0,0
1376730398,0,0
1376731002,0,0
1376731606,0,0
1376732210,0,0
1376732813,0,0
1376733417,0,0
1376734021,0,0
1376734625,0,0
1376735228,0,0
1376735832,0,0
1376736436,0,0
1376737040,0,0
1376737643,0,0
1376738247,0,0
1376738851,0,0
1376739455,0,0
1376740059,0,0
1376740662,0,0
1376741266,0,0
1376741870,0,0
1376742474,0,0
1376743078,0,0
1376743682,0,0
1376744285,0,0
1376744889,0,0
1376745493,0,0
1376746097,0,0
1376746701,0,0
1376747304,0,0
1376747908,0,0
1376748512,0,0
1376749116,0,0
1376749719,0,0
1376750323,0,0
1376750927,0,0
1376751531,0,0
1376752134,0,0
1376752738,0,0
1376753342,0,0
1376753946,0,0
1376754549,0,0
1376755153,0,0
1376755757,0,0
1376756361,0,0
1376756964,0,0
1376757568,0,0
1376758172,0,0
1376758775,0,0
1376759379,0,0
1376759983,0,0
1376760587,0,0
1376761191,0,0
1376761794,0,0
1376762399,0,0
1376763003,0,0
1376763607,0,0
1376764210,0,0
1376764813,0,0
1376765417,0,0
1376766021,0,0
1376766625,0,0
1376767229,0,0
1376767833,0,0
1376768440,0,0
1376769044,0,0
1376769647,0,0
1376769995,0,0
1376770602,0,0
1376771206,0,0
1376771809,0,0
1376772413,0,0
1376773017,0,0
1376773621,0,0
1376774225,0,0
1376774828,0,0
1376775433,0,0
1376776036,0,0
1376776640,0,0
1376777244,0,0
1376777849,0,0
1376778452,0,0
1376779056,0,0
1376779660,0,0
1376780270,0,0
1376780874,0,0
1376781478,0,0
1376782082,0,0
1376782685,0,0
1376783289,0,0
1376783893,0,0
1376784497,0,0
1376785100,0,0
1376785704,0,0
1376786308,0,0
1376786911,0,0
1376787515,0,0
1376788119,0,0
1376788723,0,0
1376789327,0,0
1376789930,0,0
1376790643,0,0
1376790648,0,0
1376790754,0,0
1376790782,0,0
1376791386,0,0
1376791991,0,0
1376792594,0,0
1376793198,0,0
1376793802,0,0
1376794406,0,0
1376795010,0,0
1376795613,0,0
1376796217,0,0
1376796821,0,0
1376797424,0,0
1376798027,0,0
1376798631,0,0
1376799235,0,0
1376799839,0,0
1376800443,0,0
1376801046,0,0
1376801650,0,0
1376802254,0,0
1376802858,0,0
1376803461,0,0
1376804065,0,0
1376804670,0,0
1376805273,0,0
1376805877,0,0
1376806481,0,0
1376807085,0,0
1376807689,0,0
1376808291,0,0
1376808895,0,0
1376809499,0,0
1376810102,0,0
1376810706,0,0
1376811310,0,0
1376811914,0,0
1376812517,0,0
1376813121,0,0
1376813725,0,0
1376814329,0,0
1376814933,0,0
1376815536,0,0
1376816140,0,0
1376816744,0,0
1376817349,0,0
1376817952,0,0
1376818556,0,0
1376819160,0,0
1376819763,0,0
1376820367,0,0
1376820971,0,0
1376821575,0,0
1376822179,0,0
1376822782,0,0
1376823386,0,0
1376823990,0,0
1376824594,0,0
1376825197,0,0
1376825801,0,0
1376826405,0,0
1376827009,0,0
1376827612,0,0
1376828217,0,0
1376828821,0,0
1376829425,0,0
1376830028,0,0
1376830633,0,0
1376831236,0,0
1376831840,0,0
1376832444,0,0
1376833048,0,0
