1376208500,3,32
1376209105,3,32
1376209710,3,32
1376210314,3,32
1376210918,3,32
1376211522,3,32
1376212125,3,32
1376212730,3,32
1376213010,4,31
1376213614,4,31
1376213753,3,32
1376214358,3,32
1376214694,2,33
1376214965,3,32
1376215482,3,32
1376215584,4,31
1376215699,4,31
1376215776,4,31
1376215827,5,30
1376216432,5,30
1376216539,6,29
1376216715,7,28
1376217320,7,28
1376217923,7,28
1376218528,7,28
1376218631,6,29
1376219254,6,29
1376219499,6,29
1376219559,7,28
1376219670,8,27
1376219708,9,26
1376219800,9,26
1376219832,10,25
1376219918,9,26
1376219980,9,26
1376220012,10,25
1376220616,10,25
1376220945,10,25
1376221001,11,24
1376221007,12,23
1376221611,12,23
1376222216,12,23
1376222438,11,24
1376223042,11,24
1376223646,11,24
1376224249,11,24
1376224480,10,25
1376224782,9,26
1376224813,10,25
1376225417,10,25
1376225849,10,25
1376225890,11,24
1376226359,10,25
1376226728,9,26
1376226972,10,25
1376227577,10,25
1376228180,10,25
1376228401,11,24
1376229005,11,24
1376229609,11,24
1376230213,11,24
1376230775,11,24
1376230895,13,22
1376231500,13,22
1376231997,12,23
1376232320,11,24
1376232924,11,24
1376233528,11,24
1376233897,11,24
1376234502,11,24
1376235106,11,24
1376235714,10,25
1376236318,10,25
1376236424,11,24
1376236444,12,23
1376237049,12,23
1376237674,11,24
1376237883,12,23
1376238487,12,23
1376238733,11,24
1376238884,11,24
1376238886,12,23
1376239490,12,23
1376240094,12,23
1376240694,11,24
1376240941,9,26
1376241546,9,26
1376242150,9,26
1376242416,10,25
1376243020,10,25
1376243624,10,25
1376243815,9,26
1376244139,10,25
1376244280,9,26
1376244878,10,25
1376244889,11,24
1376245493,11,24
1376246097,10,25
1376246701,10,25
1376247305,10,25
1376247909,10,25
1376248513,10,25
1376248998,9,26
1376249602,9,26
1376250207,9,26
1376250810,9,26
1376251414,9,26
1376252018,9,26
1376252379,9,26
1376252391,10,25
1376252931,9,26
1376253259,10,25
1376253863,10,25
1376254468,10,25
1376255073,10,25
1376255676,10,25
1376256281,10,25
1376256341,9,26
1376256945,9,26
1376257549,9,26
1376258153,9,26
1376258758,9,26
1376258880,10,25
1376259485,10,25
1376260089,10,25
1376260692,10,25
1376261297,10,25
1376261902,10,25
1376262140,9,26
1376262744,9,26
1376263348,9,26
1376263951,9,26
1376264555,9,26
1376265159,9,26
1376265763,9,26
1376266367,9,26
1376266971,9,26
1376267576,9,26
1376268179,9,26
1376268783,9,26
1376269388,9,26
1376269992,9,26
1376270601,9,26
1376270839,9,26
1376271443,9,26
1376272047,9,26
1376272651,9,26
1376273254,9,26
1376273858,9,26
1376274462,9,26
1376275067,9,26
1376275376,8,27
1376275980,8,27
1376276584,8,27
1376277188,8,27
1376277624,8,27
1376278228,8,27
1376278832,8,27
1376279436,8,27
1376280040,8,27
1376280644,8,27
1376281248,8,27
1376281853,8,27
1376282456,8,27
1376283060,8,27
1376283664,8,27
1376284269,8,27
1376284872,8,27
1376285476,8,27
1376286080,8,27
1376286684,8,27
1376287289,8,27
1376287423,8,27
1376287434,9,26
1376288038,9,26
1376288497,9,26
1376288509,10,25
1376289113,10,25
1376289202,11,24
1376289722,12,23
1376290326,12,23
1376290525,12,23
1376290596,13,22
1376290642,13,22
1376290758,14,21
1376291363,14,21
1376291968,14,21
1376292067,13,22
1376292672,13,22
1376293275,13,22
1376293879,13,22
1376294484,13,22
1376295088,13,22
1376295691,13,22
1376296295,13,22
1376296899,13,22
1376297504,13,22
1376298108,13,22
1376298698,12,22
1376298739,12,23
1376298796,12,23
1376298880,12,23
1376298932,12,23
1376298991,12,22
1376299043,13,22
1376299647,13,22
1376300251,13,22
1376300855,13,22
1376301458,13,22
1376302062,13,22
1376302667,13,22
1376303272,13,22
1376303876,13,22
1376304480,13,22
1376305084,13,22
1376305324,14,21
1376305928,14,21
1376306247,15,20
1376306852,15,20
1376307456,15,20
1376307964,14,21
1376308568,14,21
1376309171,14,21
1376309742,14,21
1376309745,15,20
1376310350,15,20
1376310954,15,20
1376311558,15,20
1376312163,15,20
1376312768,15,20
1376313372,15,20
1376313976,15,20
1376314579,15,20
1376315184,15,20
1376315264,14,21
1376315868,14,21
1376316472,14,21
1376317077,14,21
1376317681,14,21
1376317866,15,20
1376318470,15,20
1376319073,15,20
1376319677,15,20
1376320281,15,20
1376320885,15,20
1376321201,15,20
1376321440,15,20
1376321450,16,19
1376321599,15,20
1376321847,15,20
1376321885,15,20
1376322012,15,20
1376322090,15,20
1376322161,15,20
1376322201,16,19
1376322306,15,20
1376322910,15,20
1376323092,14,21
1376323696,14,21
1376324300,14,21
1376324342,14,21
1376324407,15,20
1376324969,14,21
1376325010,13,22
1376325521,13,22
1376325573,12,23
1376325633,11,24
1376326237,11,24
1376326283,10,25
1376326310,10,25
1376326408,9,26
1376326473,10,25
1376326563,10,25
1376326646,12,23
1376326700,13,22
1376327012,12,23
1376327365,12,23
1376327402,12,23
1376327463,13,22
1376327941,14,21
1376328570,13,22
1376328685,12,23
1376328916,10,25
1376329470,11,24
1376329589,12,23
1376330167,13,22
1376330801,13,22
1376330804,12,23
1376331409,12,23
1376332012,12,23
1376332616,12,23
1376333221,12,23
1376333315,12,23
1376333384,12,23
1376333427,12,23
1376333465,14,21
1376334070,14,21
1376334673,14,21
1376335277,14,21
1376335888,14,21
1376336492,14,21
1376337095,14,21
1376337699,14,21
1376338303,14,21
1376338621,14,21
1376338722,16,19
1376338757,17,18
1376339361,17,18
1376339965,17,18
1376340094,17,18
1376340355,17,18
1376340959,17,18
1376341563,17,18
1376342167,17,18
1376342782,17,18
1376342975,15,20
1376343398,15,20
1376343446,16,20
1376343680,15,21
1376344285,15,20
1376344889,15,20
1376345494,15,20
1376346098,15,20
1376346702,15,20
1376347305,15,20
1376347909,15,20
1376348513,15,20
1376349118,15,20
1376349722,15,20
1376350326,15,20
1376350930,15,20
1376351534,15,20
1376352124,14,21
1376352727,14,21
1376353331,14,21
1376353935,14,21
1376354536,13,22
1376355140,13,22
1376355743,13,22
1376356347,13,22
1376356458,14,21
1376357235,14,21
1376357840,14,21
1376358443,14,21
1376359047,14,21
1376359651,14,21
1376360256,14,21
1376360860,14,21
1376361463,14,21
1376361612,13,22
1376362217,13,22
1376362820,13,22
1376363424,13,22
1376364028,13,22
1376364632,13,22
1376365236,13,22
1376365840,13,22
1376366444,13,22
1376367049,13,22
1376367653,13,22
1376368257,13,22
1376368862,13,22
1376369467,13,22
1376370071,13,22
1376370675,13,22
1376371279,13,22
1376371883,13,22
1376372487,13,22
1376373091,13,22
1376373330,12,23
1376373459,13,22
1376374063,13,22
1376374473,13,22
1376374528,13,22
1376374589,13,22
1376374623,14,21
1376375227,14,21
1376375541,15,20
1376376145,15,20
1376376338,15,20
1376376348,16,19
1376376952,16,19
1376377556,16,19
1376378160,16,19
1376378764,16,19
1376379368,16,19
1376379695,15,20
1376379836,14,21
1376380118,15,20
1376380204,16,19
1376380256,15,20
1376380542,14,21
1376381147,14,21
1376381580,15,20
1376382184,15,20
1376382788,15,20
1376383392,15,20
1376383960,15,20
1376383970,16,19
1376384542,17,18
1376385146,17,18
1376385751,17,18
1376386355,17,18
1376386959,17,18
1376387563,17,18
1376388167,17,18
1376388737,16,19
1376389340,16,19
1376389945,17,18
1376390273,16,19
1376390877,16,19
1376391416,15,20
1376391811,16,19
1376392415,16,19
1376392864,15,20
1376393468,15,20
1376393738,14,21
1376394342,14,21
1376394946,14,21
1376395550,14,21
1376396154,14,21
1376396758,14,21
1376397362,14,21
1376397967,14,21
1376398570,14,21
1376399174,14,21
1376399778,14,21
1376400383,14,21
1376400988,14,21
1376401592,14,21
1376402196,14,21
1376402800,14,21
1376403404,14,21
1376404009,14,21
1376404614,14,21
1376405218,14,21
1376405822,14,21
1376406426,14,21
1376407030,14,21
1376407635,14,21
1376408238,14,21
1376408683,14,21
1376408687,13,22
1376409212,14,21
1376409563,15,20
1376410167,15,20
1376410771,15,20
1376411117,14,21
1376411248,13,22
1376411312,14,21
1376411418,12,23
1376411501,12,23
1376411511,13,22
1376411739,12,23
1376411801,12,23
1376411863,13,22
1376411907,14,21
1376412003,15,20
1376412229,14,21
1376412833,14,21
1376413437,14,21
1376413866,15,20
1376414074,16,19
1376414133,16,19
1376414201,16,19
1376414238,17,18
1376414681,18,17
1376415285,18,17
1376415890,18,17
1376416494,18,17
1376417098,18,17
1376417702,18,17
1376418306,18,17
1376418431,19,16
1376419035,19,16
1376419337,18,17
1376419405,18,17
1376419467,20,15
1376419865,19,16
1376420470,19,16
1376421073,19,16
1376421677,19,16
1376422159,18,17
1376422242,18,17
1376422336,18,16
1376422421,18,16
1376422541,19,15
1376422690,19,15
1376422830,19,15
1376422868,20,14
1376422993,20,14
1376423028,20,14
1376423114,19,15
1376423152,19,15
1376423260,19,15
1376423291,20,14
1376423894,20,15
1376424326,18,17
1376424930,18,17
1376425534,18,17
1376425590,17,18
1376426194,17,18
1376426798,17,18
1376427402,17,18
1376428006,17,18
1376428609,17,18
1376429213,17,18
1376429817,17,18
1376430421,17,18
1376431025,17,18
1376431629,17,18
1376432233,17,18
1376432836,17,18
1376433440,17,18
1376434044,17,18
1376434647,17,18
1376435251,17,18
1376435855,17,18
1376436459,17,18
1376437040,16,19
1376437644,16,19
1376438248,16,19
1376438851,16,19
1376439455,16,19
1376440059,16,19
1376440663,16,19
1376441267,16,19
1376441870,16,19
1376442474,16,19
1376443079,16,19
1376443635,16,19
1376444239,16,19
1376444843,16,19
1376445447,16,19
1376446050,16,19
1376446654,16,19
1376446959,16,19
1376446969,17,18
1376447573,17,18
1376448177,17,18
1376448229,16,19
1376448834,16,19
1376449437,16,19
1376450041,16,19
1376450645,16,19
1376451249,16,19
1376451852,16,19
1376452456,16,19
1376453060,16,19
1376453664,16,19
1376454267,16,19
1376454871,16,19
1376455476,16,19
1376456080,16,19
1376456685,16,19
1376457290,16,19
1376457893,16,19
1376458497,16,19
1376459102,16,19
1376459707,16,19
1376460156,17,18
1376460703,17,18
1376460713,18,17
1376460872,17,18
1376461182,19,16
1376461786,19,16
1376461876,20,15
1376462480,20,15
1376463083,20,15
1376463687,20,15
1376464291,20,15
1376464895,20,15
1376465498,20,15
1376466102,20,15
1376466706,20,15
1376467062,19,16
1376467635,20,15
1376468239,20,15
1376468843,20,15
1376469448,20,15
1376470053,20,15
1376470631,21,14
1376471235,21,14
1376471839,21,14
1376472359,22,13
1376472963,22,13
1376473567,22,13
1376474172,22,13
1376474776,22,13
1376474915,21,14
1376475143,20,15
1376475748,20,15
1376476352,20,15
1376476955,20,15
1376476988,21,14
1376477592,21,14
1376478197,21,14
1376478801,21,14
1376479405,21,14
1376480009,21,14
1376480614,21,14
1376481218,21,14
1376481821,21,14
1376481938,21,14
1376481978,21,14
1376482583,21,14
1376483187,21,14
1376483790,21,14
1376484395,21,14
1376484999,21,14
1376485603,21,14
1376486209,21,14
1376486812,21,14
1376487417,21,14
1376488020,21,14
1376488624,21,14
1376488979,21,14
1376489040,22,13
1376489106,22,13
1376489189,22,13
1376489227,23,12
1376489499,23,12
1376489613,24,11
1376489639,24,11
1376489735,24,11
1376489762,25,10
1376490367,25,10
1376490971,25,10
1376491574,25,10
1376492178,25,10
1376492782,25,10
1376493206,25,10
1376493242,26,9
1376493603,25,10
1376494213,25,10
1376494817,25,10
1376494958,24,11
1376495379,23,12
1376495591,24,11
1376495832,25,10
1376496400,26,9
1376496631,27,8
1376496676,29,6
1376496742,30,5
1376496881,31,4
1376496890,32,3
1376497494,32,3
1376498098,32,3
1376498702,32,3
1376498905,33,2
1376499510,33,2
1376500114,33,2
1376500718,33,2
1376501295,33,2
1376501542,32,3
1376501685,32,3
1376501745,32,3
1376501771,32,3
1376502376,32,3
1376502703,31,4
1376503184,29,6
1376503788,29,6
1376504065,27,8
1376504670,27,8
1376505273,27,8
1376505878,27,8
1376506390,28,7
1376506994,28,7
1376507599,28,7
1376507663,28,7
1376508267,28,7
1376508871,28,7
1376509475,28,7
1376509625,27,8
1376510229,27,8
1376510833,27,8
1376511437,27,8
1376511575,28,7
1376511941,27,8
1376512023,27,8
1376512070,28,7
1376512673,28,7
1376513277,28,7
1376513922,29,6
1376514526,29,6
1376514795,28,7
1376515399,28,7
1376516003,28,7
1376516607,28,7
1376517212,28,7
1376517816,28,7
1376518420,28,7
1376518508,27,8
1376518785,26,9
1376519388,26,9
1376519992,26,9
1376520596,26,9
1376520882,25,9
1376520914,24,11
1376521519,24,11
1376522123,24,11
1376522323,22,13
1376522375,22,13
1376522455,21,14
1376522593,21,14
1376523197,21,14
1376523801,21,14
1376524405,21,14
1376525008,21,14
1376525612,21,14
1376526216,21,14
1376526820,21,14
1376527333,20,15
1376527938,20,15
1376528547,20,15
1376529151,20,15
1376529755,20,15
1376530033,20,15
1376530125,20,15
1376530132,20,15
1376530636,19,16
1376531241,19,16
1376531844,19,16
1376532448,19,16
1376533052,19,16
1376533655,19,16
1376534259,19,16
1376534862,19,16
1376535466,19,16
1376536070,19,16
1376536674,19,16
1376537278,19,16
1376537881,19,16
1376538485,19,16
1376539089,19,16
1376539693,19,16
1376540296,19,16
1376540900,19,16
1376541504,19,16
1376542108,19,16
1376542711,19,16
1376543316,19,16
1376543920,19,16
1376544523,19,16
1376545127,19,16
1376545731,19,16
1376546335,19,16
1376546938,19,16
1376547542,19,16
1376548146,19,16
1376548750,19,16
1376549353,19,16
1376549957,19,16
1376550561,19,16
1376551165,19,16
1376551768,19,16
1376552372,19,16
1376552976,19,16
1376553580,19,16
1376554184,19,16
1376554787,19,16
1376555391,19,16
1376555980,20,15
1376556192,20,15
1376556390,20,15
1376556455,21,14
1376556506,20,15
1376556580,21,14
1376557184,21,14
1376557788,21,14
1376558020,22,13
1376558625,22,13
1376559230,22,13
1376559578,21,14
1376560182,21,14
1376560482,21,14
1376560490,23,12
1376561094,23,12
1376561699,23,12
1376562010,22,13
1376562615,22,13
1376563218,22,13
1376563422,22,13
1376563425,21,14
1376564029,21,14
1376564633,21,14
1376565237,21,14
1376565841,21,14
1376566445,21,14
1376566839,22,13
1376567443,22,13
1376568046,22,13
1376568124,23,12
1376568729,23,12
1376568963,24,11
1376569062,23,12
1376569112,24,11
1376569138,25,10
1376569743,25,10
1376570082,26,9
1376570187,27,8
1376570790,27,8
1376571394,27,8
1376571998,27,8
1376572601,27,8
1376572661,27,8
1376572714,29,6
1376573318,29,6
1376573843,29,6
1376573880,29,6
1376573952,29,6
1376574041,29,6
1376574068,30,5
1376574108,31,4
1376574712,31,4
1376575316,31,4
1376575688,31,4
1376576292,31,4
1376576896,31,4
1376577343,30,5
1376577346,29,6
1376577950,29,6
1376578028,28,7
1376578632,28,7
1376579236,28,7
1376579840,28,7
1376580444,28,7
1376581048,28,7
1376581652,28,7
1376582256,28,7
1376582302,28,7
1376582383,28,7
1376582420,29,6
1376582720,29,6
1376582775,28,7
1376582840,28,7
1376582893,29,6
1376582939,30,5
1376583543,30,5
1376583750,31,4
1376583801,32,3
1376584405,32,3
1376585009,32,3
1376585612,32,3
1376586216,32,3
1376586820,32,3
1376587424,32,3
1376588044,30,5
1376588649,30,5
1376588889,30,5
1376588957,31,4
1376588991,30,5
1376589268,30,5
1376589305,31,4
1376589909,31,4
1376590422,32,3
1376591017,33,2
1376591076,32,3
1376591100,32,2
1376591194,32,2
1376591230,32,2
1376591295,32,2
1376591349,32,2
1376591502,31,3
1376591529,30,4
1376591575,30,4
1376591742,31,4
1376591755,30,5
1376591875,30,5
1376591931,31,4
1376592209,30,5
1376592814,30,5
1376593418,30,5
1376593479,29,6
1376593841,25,10
1376593844,24,11
1376594448,24,11
1376595052,24,11
1376595656,24,11
1376596260,24,11
1376596863,24,11
1376597467,24,11
1376598071,24,11
1376598499,23,12
1376599103,23,12
1376599707,23,12
1376600299,22,13
1376600903,22,13
1376601507,22,13
1376602110,22,13
1376602714,22,13
1376603319,22,13
1376603923,22,13
1376604341,21,14
1376604773,20,15
1376605378,20,15
1376605982,20,15
1376606586,20,15
1376607189,20,15
1376607657,19,16
1376608148,18,17
1376608752,18,17
1376609223,17,18
1376609827,17,18
1376610431,17,18
1376611035,17,18
1376611638,17,18
1376612242,17,18
1376612846,17,18
1376613449,17,18
1376613582,17,18
1376613586,16,19
1376614190,16,19
1376614464,15,20
1376615068,15,20
1376615672,15,20
1376616434,15,20
1376617038,15,20
1376617642,15,20
1376618246,15,20
1376618850,15,20
1376619454,15,20
1376620058,15,20
1376620661,15,20
1376620975,14,21
1376621579,14,21
1376622183,14,21
1376622787,14,21
1376623391,14,21
1376623994,14,21
1376624598,14,21
1376625202,14,21
1376625806,14,21
1376626410,14,21
1376627014,14,21
1376627618,14,21
1376628222,14,21
1376628826,14,21
1376629429,14,21
1376630033,14,21
1376630637,14,21
1376631242,14,21
1376631845,14,21
1376632449,14,21
1376633052,14,21
1376633656,14,21
1376634260,14,21
1376634733,16,19
1376635338,16,19
1376635413,17,18
1376636017,17,18
1376636621,17,18
1376637226,17,18
1376637830,17,18
1376638433,17,18
1376638568,16,19
1376639173,16,19
1376639776,16,19
1376640380,16,19
1376640984,16,19
1376641588,16,19
1376642044,16,19
1376642115,17,18
1376642189,17,18
1376642324,18,17
1376642384,18,17
1376642410,19,16
1376642488,19,16
1376642511,20,15
1376643115,20,15
1376643720,20,15
1376643993,20,15
1376644059,20,15
1376644110,22,13
1376644174,22,13
1376644228,23,12
1376644832,23,12
1376645436,23,12
1376646040,23,12
1376646643,23,12
1376647247,23,12
1376647782,21,14
1376647843,21,14
1376647856,22,13
1376648460,22,13
1376648738,21,14
1376649035,20,15
1376649639,20,15
1376650056,21,14
1376650660,21,14
1376651264,21,14
1376651323,20,15
1376651927,20,15
1376652530,20,15
1376653134,20,15
1376653738,20,15
1376654342,20,15
1376654945,20,15
1376655550,20,15
1376655661,21,14
1376656265,21,14
1376656869,21,14
1376657479,21,14
1376658083,21,14
1376658256,22,13
1376658859,22,13
1376659463,22,13
1376660067,22,13
1376660671,22,13
1376661274,22,13
1376661397,21,14
1376662001,21,14
1376662604,21,14
1376663208,21,14
1376663812,21,14
1376664416,21,14
1376665019,21,14
1376665494,20,15
1376666099,20,15
1376666619,21,14
1376667201,22,13
1376667332,20,15
1376667439,19,16
1376668043,19,16
1376668417,19,16
1376668428,20,15
1376668505,21,14
1376669110,21,14
1376669714,21,14
1376670317,21,14
1376670921,21,14
1376671093,20,15
1376671697,20,15
1376672301,20,15
1376672905,20,15
1376673101,20,15
1376673112,21,14
1376673717,21,14
1376674320,21,14
1376674924,21,14
1376675227,20,15
1376675831,20,15
1376676103,19,16
1376676710,19,16
1376676777,19,16
1376676857,20,15
1376677462,20,15
1376678065,20,15
1376678669,20,15
1376679274,20,15
1376679878,20,15
1376680317,20,15
1376680921,20,15
1376681255,19,16
1376681859,19,16
1376682463,19,16
1376683067,19,16
1376683671,19,16
1376684274,19,16
1376684878,19,16
1376685482,19,16
1376686086,19,16
1376686689,19,16
1376687293,19,16
1376687897,19,16
1376688501,19,16
1376689105,19,16
1376689708,19,16
1376690057,18,17
1376690662,18,17
1376691265,18,17
1376691869,18,17
1376692473,18,17
1376693077,18,17
1376693681,18,17
1376694285,18,17
1376694889,18,17
1376695492,18,17
1376696096,18,17
1376696700,18,17
1376697310,18,17
1376697914,18,17
1376698518,18,17
1376699122,18,17
1376699725,18,17
1376700329,18,17
1376700933,18,17
1376701537,18,17
1376702140,18,17
1376702838,18,17
1376702983,18,17
1376703021,20,15
1376703626,20,15
1376704230,20,15
1376704833,20,15
1376704949,19,16
1376705553,19,16
1376706158,19,16
1376706761,19,16
1376707366,19,16
1376707969,19,16
1376708573,19,16
1376709177,19,16
1376709781,19,16
1376710384,19,16
1376710988,19,16
1376711592,19,16
1376712196,19,16
1376712800,19,16
1376713403,19,16
1376714007,19,16
1376714611,19,16
1376715215,19,16
1376715818,19,16
1376716423,19,16
1376717027,19,16
1376717632,19,16
1376718237,19,16
1376718841,19,16
1376719445,19,16
1376720049,19,16
1376720653,19,16
1376721256,19,16
1376721860,19,16
1376722465,19,16
1376723069,19,16
1376723673,19,16
1376724202,19,16
1376724806,19,16
1376725410,19,16
1376726014,19,16
1376726617,19,16
1376726955,19,16
1376727104,19,16
1376727136,20,15
1376727740,20,15
1376727861,19,16
1376728465,19,16
1376729069,19,16
1376729672,19,16
1376730283,19,16
1376730938,20,15
1376731480,20,15
1376731489,21,14
1376731902,22,13
1376731920,22,13
1376732004,23,12
1376732541,22,13
1376732700,21,14
1376733305,21,14
1376733910,21,14
1376734514,21,14
1376735117,21,14
1376735721,21,14
1376736325,21,14
1376736929,21,14
1376737532,21,14
1376738136,21,14
1376738741,21,14
1376739345,21,14
1376739949,21,14
1376740552,21,14
1376740764,22,13
1376741368,22,13
1376741804,23,12
1376742409,23,12
1376743013,23,12
1376743619,23,12
1376744066,23,12
1376744294,23,12
1376744368,23,12
1376744445,23,12
1376744495,23,12
1376744533,24,11
1376744631,23,12
1376745236,23,12
1376745840,23,12
1376746444,23,12
1376747079,21,14
1376747545,21,14
1376747578,22,13
1376747920,21,14
1376748309,20,15
1376748913,20,15
1376749518,20,15
1376749579,19,16
1376750199,17,18
1376750297,17,18
1376750364,19,16
1376750968,19,16
1376751198,20,15
1376751455,19,16
1376751931,17,18
1376752417,15,20
1376752455,15,20
1376752746,14,21
1376753350,14,21
1376753954,14,21
1376754557,14,21
1376755161,14,21
1376755765,14,21
1376756369,14,21
1376756480,14,21
1376756521,15,20
1376756623,16,19
1376757173,16,19
1376757277,16,19
1376757308,17,18
1376757912,17,18
1376758516,17,18
1376759120,17,18
1376759724,17,18
1376760327,17,18
1376760932,17,18
1376761536,17,18
1376762140,17,18
1376762744,17,18
1376763348,17,18
1376763952,17,18
1376764556,17,18
1376765160,17,18
1376765765,17,18
1376766370,17,18
1376766530,17,18
1376766660,17,18
1376766745,18,17
1376767354,18,17
1376767957,18,17
1376768562,18,17
1376769167,18,17
1376769771,18,17
1376770181,19,16
1376770605,20,15
1376770640,22,13
1376771244,22,13
1376771848,22,13
1376772452,22,13
1376772954,21,14
1376773558,21,14
1376774162,21,14
1376774765,21,14
1376775369,21,14
1376775974,21,14
1376776480,22,13
1376777084,22,13
1376777688,22,13
1376778291,22,13
1376778895,22,13
1376779499,22,13
1376779828,20,15
1376780432,20,15
1376781036,20,15
1376781641,20,15
1376781756,21,14
1376782361,21,14
1376782965,21,14
1376783568,21,14
1376783673,20,15
1376784277,20,15
1376784881,20,15
1376785484,20,15
1376786088,20,15
1376786692,20,15
1376787196,19,16
1376787800,19,16
1376788092,18,17
1376788696,18,17
1376789235,18,17
1376789839,18,17
1376790443,18,17
1376791047,18,17
1376791650,18,17
1376791801,17,18
1376792405,17,18
1376793008,17,18
1376793612,17,18
1376794217,17,18
1376794820,17,18
1376795424,17,18
1376796028,17,18
1376796632,17,18
1376797236,17,18
1376797839,17,18
1376798443,17,18
1376799047,17,18
1376799651,17,18
1376800254,17,18
1376800858,17,18
1376801226,16,19
1376801830,16,19
1376802435,16,19
1376803039,16,19
1376803643,16,19
1376804247,16,19
1376804850,16,19
1376805454,16,19
1376806058,16,19
1376806662,16,19
1376807266,16,19
1376807871,16,19
1376808475,16,19
1376809079,16,19
1376809682,16,19
1376810286,16,19
1376810890,16,19
1376811494,16,19
1376812098,16,19
1376812702,16,19
1376813306,16,19
1376813910,16,19
1376814514,16,19
1376815118,16,19
1376815722,16,19
1376816326,16,19
1376816930,16,19
1376817534,16,19
1376818137,16,19
1376818741,16,19
1376819346,16,19
1376819949,16,19
1376820553,16,19
1376821157,16,19
1376821761,16,19
1376822364,16,19
1376822968,16,19
1376823572,16,19
1376824176,16,19
1376824779,16,19
1376825384,16,19
1376825988,16,19
1376826592,16,19
1376827196,16,19
1376827799,16,19
1376828433,15,20
1376829037,15,20
1376829641,15,20
1376830244,15,20
1376830581,14,21
1376831185,14,21
1376831501,15,20
1376832105,15,20
1376832708,15,20
