1376208758,3,30
1376208822,3,30
1376208878,4,29
1376208936,5,28
1376208950,5,28
1376209042,6,27
1376209114,6,27
1376209182,7,26
1376209230,7,27
1376209834,7,27
1376210199,7,27
1376210208,8,26
1376210811,8,26
1376211415,8,26
1376211760,8,26
1376211806,9,25
1376212118,10,24
1376212129,11,23
1376212531,12,22
1376212779,12,22
1376212896,12,22
1376212906,12,22
1376212991,12,22
1376213055,13,21
1376213314,14,20
1376213338,13,21
1376213421,12,22
1376213600,10,24
1376213704,10,24
1376213777,10,24
1376213863,11,23
1376213892,12,22
1376214057,11,23
1376214163,10,24
1376214173,11,23
1376214273,10,24
1376214597,11,23
1376214719,9,25
1376215147,10,24
1376215514,9,25
1376215583,8,26
1376215717,9,25
1376216019,8,26
1376216310,9,25
1376216377,9,25
1376216432,9,25
1376216480,9,25
1376216545,12,22
1376216697,11,23
1376217162,9,24
1376217195,10,24
1376217294,9,25
1376217394,9,25
1376217454,10,24
1376217501,11,23
1376217678,11,23
1376217723,12,22
1376217823,11,23
1376217868,8,26
1376218030,6,28
1376218106,7,27
1376218229,4,30
1376218328,4,30
1376218412,4,30
1376218478,4,30
1376218540,6,28
1376218602,6,28
1376218634,8,26
1376218664,8,26
1376218782,9,25
1376218972,8,26
1376219045,7,27
1376219190,8,26
1376219255,8,26
1376219287,6,28
1376219383,5,29
1376219426,6,28
1376219497,4,30
1376219521,4,30
1376219620,8,26
1376220224,8,26
1376220248,6,28
1376220484,6,28
1376220572,7,27
1376220802,6,28
1376220883,3,31
1376220892,4,30
1376221057,4,30
1376221087,6,28
1376221222,5,29
1376221421,5,29
1376221444,4,30
1376221638,5,29
1376221719,6,28
1376221736,7,27
1376221926,9,25
1376222022,9,25
1376222034,11,23
1376222140,10,24
1376222149,11,23
1376222296,11,23
1376222369,11,23
1376222408,9,25
1376222504,8,26
1376222563,9,25
1376222622,11,23
1376222863,10,24
1376222867,9,25
1376223119,10,24
1376223342,8,25
1376223361,8,26
1376223461,8,26
1376223463,8,26
1376223572,8,26
1376223616,9,25
1376223823,9,25
1376223851,6,28
1376224285,5,29
1376224450,6,28
1376224674,6,28
1376224877,7,27
1376225005,4,30
1376225202,4,30
1376225250,7,27
1376225602,7,27
1376225647,8,26
1376225728,8,26
1376225759,9,25
1376225859,9,25
1376226015,8,26
1376226093,8,26
1376226163,9,25
1376226201,5,29
1376226275,5,29
1376226339,6,28
1376226582,5,29
1376226624,4,30
1376226699,4,30
1376226755,5,29
1376226806,5,29
1376226839,6,28
1376226971,3,31
1376227021,2,32
1376227232,2,32
1376227302,4,30
1376227360,6,28
1376227418,8,26
1376227474,10,24
1376227600,12,22
1376227638,13,21
1376227722,13,21
1376227770,14,20
1376227822,15,19
1376227888,17,17
1376227960,15,19
1376228010,15,19
1376228074,15,19
1376228139,15,19
1376228203,15,19
1376228224,16,18
1376228365,14,20
1376228470,13,21
1376228562,13,21
1376228620,13,21
1376228680,12,22
1376228709,13,21
1376229102,12,22
1376229397,14,20
1376229754,14,20
1376229804,15,19
1376229892,14,20
1376230167,15,19
1376230722,15,19
1376230772,16,18
1376230841,16,18
1376230878,17,17
1376230983,16,18
1376231048,15,19
1376231210,15,19
1376231410,15,19
1376231503,15,19
1376231506,16,18
1376231681,17,17
1376232284,17,17
1376232583,17,17
1376232607,19,15
1376232761,19,15
1376232764,20,14
1376232991,20,14
1376233027,21,13
1376233114,22,12
1376233279,22,12
1376233316,23,11
1376233414,23,11
1376233506,24,10
1376233548,24,10
1376233608,25,9
1376233714,26,8
1376233782,25,9
1376233841,23,10
1376233874,23,11
1376233953,22,12
1376234138,22,12
1376234202,23,11
1376234246,23,11
1376234300,24,10
1376234437,24,10
1376234502,25,9
1376234556,26,8
1376234614,24,10
1376234680,25,9
1376234729,25,9
1376235034,24,10
1376235338,25,9
1376235444,25,9
1376235482,26,8
1376235608,23,11
1376235682,21,13
1376235761,21,13
1376235766,22,12
1376236303,22,12
1376236327,22,12
1376236534,22,12
1376236593,23,11
1376236616,24,10
1376236685,22,12
1376236824,24,10
1376236999,23,11
1376237078,22,12
1376237141,20,14
1376237144,19,15
1376237319,19,15
1376237362,18,16
1376237439,18,16
1376237489,19,15
1376237505,19,15
1376237604,20,14
1376237799,19,15
1376237851,18,16
1376237999,21,13
1376238186,22,12
1376238358,22,12
1376238519,21,13
1376238879,19,15
1376238916,20,14
1376239061,20,14
1376239067,18,16
1376239212,16,18
1376239364,17,17
1376239480,17,17
1376239535,18,16
1376239701,19,15
1376239822,19,15
1376240202,20,14
1376240226,22,12
1376240305,20,13
1376240436,20,14
1376240484,20,14
1376240560,21,13
1376240596,22,12
1376240781,22,12
1376240822,23,11
1376240902,22,12
1376241448,22,12
1376241484,23,11
1376241878,22,11
1376241929,22,11
1376242060,22,11
1376242099,22,10
1376242167,19,13
1376242240,20,12
1376242299,19,13
1376242415,18,14
1376242534,18,14
1376242600,19,14
1376242656,19,14
1376242776,19,14
1376242828,19,14
1376242949,19,14
1376243019,20,13
1376243082,21,12
1376243085,20,13
1376243153,18,15
1376243309,18,15
1376243380,19,14
1376243423,18,15
1376243502,17,16
1376243592,18,15
1376243670,18,15
1376243742,19,14
1376243787,20,13
1376243840,21,12
1376243867,20,13
1376244032,20,13
1376244102,20,13
1376244103,20,13
1376244173,19,14
1376244395,19,14
1376244448,19,14
1376244465,19,14
1376244637,19,14
1376244687,19,14
1376244756,19,14
1376244810,19,14
1376244827,19,14
1376245048,20,13
1376245118,20,13
1376245173,19,14
1376245189,19,14
1376245255,20,13
1376245480,20,13
1376245534,20,13
1376245580,21,12
1376245842,21,12
1376245895,21,12
1376245918,20,13
1376246257,20,13
1376246274,20,13
1376246483,19,14
1376246618,19,14
1376246635,19,14
1376246690,18,15
1376246979,18,15
1376247002,18,15
1376247243,19,14
1376247342,20,13
1376247359,21,12
1376247702,21,12
1376247720,21,12
1376248059,21,12
1376248081,21,12
1376248202,20,13
1376248420,20,13
1376248464,21,12
1376248781,19,14
1376248818,20,13
1376249076,21,12
1376249140,24,9
1376249202,22,11
1376249203,22,11
1376249297,23,10
1376249415,23,10
1376249501,23,10
1376249560,23,10
1376249621,25,8
1376249647,26,7
1376249720,25,8
1376249770,26,7
1376249861,26,7
1376249889,26,7
1376249981,27,6
1376250038,28,5
1376250063,27,6
1376250139,27,6
1376250213,28,5
1376250282,28,4
1376250337,28,4
1376250396,27,5
1376250569,26,6
1376250614,26,6
1376250930,26,6
1376250975,26,6
1376251292,26,6
1376251337,26,6
1376251522,27,5
1376251654,27,5
1376251699,27,5
1376252015,27,5
1376252059,27,5
1376252235,26,6
1376252377,26,6
1376252420,26,6
1376252737,26,6
1376252782,26,6
1376253098,26,6
1376253144,26,6
1376253214,26,6
1376253374,24,8
1376253461,24,8
1376253504,24,8
1376253822,23,9
1376253866,23,9
1376254101,21,11
1376254178,21,11
1376254231,21,11
1376254541,21,11
1376254590,21,11
1376254833,23,9
1376254902,23,9
1376254952,23,9
1376255262,23,9
1376255312,23,9
1376255623,23,9
1376255674,23,9
1376255980,23,9
1376256036,23,9
1376256341,23,9
1376256396,23,9
1376256503,24,8
1376256534,25,7
1376256702,24,8
1376256758,24,8
1376257048,24,8
1376257119,23,9
1376257410,23,9
1376257480,23,9
1376257772,23,9
1376257841,23,9
1376258132,23,9
1376258186,23,9
1376258205,23,9
1376258495,23,9
1376258548,23,9
1376258565,23,9
1376258856,23,9
1376258910,23,9
1376258944,24,8
1376259064,23,9
1376259217,23,9
1376259274,24,8
1376259287,24,8
1376259579,24,8
1376259632,24,8
1376259649,24,8
1376259939,24,8
1376259994,24,8
1376260010,24,8
1376260093,22,10
1376260178,23,9
1376260301,21,11
1376260355,21,11
1376260416,22,10
1376260662,22,10
1376260715,22,10
1376260734,22,10
1376260928,20,12
1376261078,20,12
1376261094,20,12
1376261250,19,13
1376261439,19,13
1376261455,19,13
1376261801,19,13
1376261817,19,13
1376262161,19,13
1376262178,19,13
1376262517,19,13
1376262540,20,12
1376262794,18,14
1376262874,18,14
1376262903,18,14
1376263131,17,15
1376263240,17,15
1376263263,17,15
1376263472,17,15
1376263536,15,17
1376263601,15,17
1376263624,15,17
1376263962,15,17
1376263985,15,17
1376264185,14,18
1376264322,13,19
1376264346,13,19
1376264680,13,19
1376264707,13,19
1376264971,12,20
1376265041,12,20
1376265069,12,20
1376265402,12,20
1376265431,13,19
1376265746,13,19
1376265791,13,19
1376266109,13,19
1376266153,14,18
1376266193,13,19
1376266294,13,19
1376266344,14,18
1376266389,16,16
1376266471,16,16
1376266514,16,16
1376266831,16,16
1376266874,16,16
1376267191,16,16
1376267236,16,16
1376267554,16,16
1376267597,16,16
1376267915,16,16
1376267958,16,16
1376268276,16,16
1376268319,16,16
1376268636,16,16
1376268681,16,16
1376268997,16,16
1376269042,16,16
1376269359,16,16
1376269403,16,16
1376269720,16,16
1376269765,16,16
1376270082,16,16
1376270125,16,16
1376270436,16,16
1376270486,16,16
1376270797,16,16
1376270847,16,16
1376271159,16,16
1376271209,16,16
1376271520,16,16
1376271570,16,16
1376271881,16,16
1376271931,16,16
1376272294,16,17
1376272601,16,17
1376272652,16,17
1376272744,17,16
1376273014,17,16
1376273320,17,16
1376273375,17,16
1376273680,17,16
1376273737,17,16
1376274041,17,16
1376274097,17,16
1376274388,17,16
1376274459,17,16
1376274763,17,16
1376274820,17,16
1376275110,17,16
1376275182,17,16
1376275471,17,16
1376275541,17,16
1376275542,17,16
1376275833,17,16
1376275901,17,16
1376275903,17,16
1376275971,16,17
1376276194,16,17
1376276249,16,17
1376276266,16,17
1376276555,16,17
1376276609,16,17
1376276626,16,17
1376276917,16,17
1376276970,16,17
1376276987,16,17
1376277277,16,17
1376277332,16,17
1376277349,16,17
1376277639,16,17
1376277694,16,17
1376277711,16,17
1376278001,16,17
1376278054,16,17
1376278071,16,17
1376278415,16,17
1376278434,16,17
1376278777,16,17
1376278794,16,17
1376279138,16,17
1376279155,16,17
1376279499,16,17
1376279517,16,17
1376279861,16,17
1376279878,16,17
1376280222,16,17
1376280239,17,16
1376280577,17,16
1376280600,17,16
1376280816,17,16
1376280827,18,15
1376280938,18,15
1376280961,18,15
1376281295,18,15
1376281322,18,15
1376281661,18,15
1376281683,18,15
1376282022,18,15
1376282045,18,15
1376282382,18,15
1376282405,18,15
1376282741,18,15
1376282766,18,15
1376283100,18,15
1376283128,18,15
1376283489,18,15
1376283821,18,15
1376283849,18,15
1376284182,18,15
1376284211,18,15
1376284528,18,15
1376284572,18,15
1376284889,18,15
1376284934,18,15
1376285018,18,15
1376285027,19,14
1376285250,19,14
1376285294,19,14
1376285611,19,14
1376285655,19,14
1376285971,19,14
1376286017,19,14
1376286156,19,14
1376286212,20,13
1376286334,20,13
1376286379,20,13
1376286694,20,13
1376286739,20,13
1376286909,21,12
1376287055,21,12
1376287100,21,12
1376287417,21,12
1376287460,21,12
1376287495,20,13
1376287778,20,13
1376287822,20,13
1376288139,20,13
1376288182,20,13
1376288500,20,13
1376288543,20,13
1376288860,20,13
1376288905,20,13
1376289216,19,14
1376289266,19,14
1376289458,20,13
1376289577,20,13
1376289627,20,13
1376289939,21,12
1376289989,21,12
1376290029,22,11
1376290163,21,12
1376290300,21,12
1376290349,21,12
1376290660,20,13
1376290710,20,13
1376291022,20,13
1376291072,19,14
1376291382,20,13
1376291433,21,12
1376291662,20,13
1376291742,21,12
1376291793,21,12
1376291895,22,11
1376291959,21,12
1376292035,21,13
1376292111,20,14
1376292436,21,13
1376292485,22,12
1376292638,21,13
1376292697,21,13
1376292707,22,12
1376292821,23,11
1376292876,24,10
1376292900,23,11
1376292955,24,10
1376293111,25,9
1376293715,25,9
1376293899,25,9
1376293908,26,8
1376294197,25,9
1376294380,24,10
1376294383,23,11
1376294481,22,12
1376294653,23,11
1376294771,22,12
1376294820,23,11
1376294998,22,12
1376295355,21,13
1376295617,20,14
1376295782,21,13
1376296386,21,13
1376297002,19,15
1376297606,19,15
1376297824,20,14
1376298427,20,14
1376299031,20,14
1376299634,20,14
1376300238,20,14
1376300321,20,14
1376300328,22,12
1376300549,23,11
1376300886,22,12
1376301304,21,13
1376301849,21,13
1376301955,20,14
1376302120,20,14
1376302130,21,13
1376302478,23,11
1376302720,22,12
1376302810,21,13
1376303414,21,13
1376303547,20,14
1376303715,18,16
1376303951,18,16
1376304139,18,16
1376304193,18,16
1376304282,18,16
1376304333,19,15
1376304389,19,15
1376304499,18,16
1376304550,19,15
1376305154,19,15
1376305758,19,15
1376305954,19,15
1376306164,18,16
1376306238,17,17
1376306842,17,17
1376307212,19,15
1376307519,17,17
1376307750,15,19
1376308093,16,18
1376308224,18,16
1376308407,16,18
1376309010,16,18
1376309327,15,19
1376309485,16,18
1376309607,15,19
1376309785,15,19
1376309848,16,18
1376309971,17,17
1376310069,16,18
1376310159,15,18
1376310178,15,19
1376310376,14,20
1376310552,13,21
1376311156,13,21
1376311261,11,23
1376311757,12,22
1376311957,13,21
1376311987,15,19
1376312243,17,17
1376312288,16,18
1376312661,15,19
1376312736,13,21
1376313340,13,21
1376313549,11,23
1376313686,13,21
1376313754,12,22
1376313781,13,21
1376314194,12,22
1376314318,11,23
1376314419,9,25
1376314838,9,25
1376314875,9,25
1376314956,10,24
1376315047,8,26
1376315491,6,28
1376315739,7,27
1376315748,8,26
1376315981,9,25
1376315993,9,25
1376316323,8,26
1376316386,7,27
1376316604,6,28
1376317022,5,29
1376317119,6,28
1376317722,6,28
1376318259,5,29
1376318269,7,27
1376318907,6,28
1376319499,7,27
1376319641,8,26
1376319870,9,25
1376319908,10,24
1376320331,10,24
1376320407,9,25
1376320601,9,25
1376320612,10,24
1376320817,11,23
1376320900,10,24
1376321162,9,25
1376321338,8,26
1376321839,7,27
1376322457,7,27
1376322918,5,29
1376323152,6,28
1376323361,6,28
1376323422,6,28
1376323471,6,28
1376323510,7,27
1376323617,6,28
1376323977,7,27
1376324038,8,26
1376324162,9,25
1376324295,10,24
1376324335,9,25
1376324441,9,25
1376324488,7,27
1376324611,9,25
1376324661,8,26
1376324704,9,25
1376324827,7,27
1376325023,5,29
1376325217,3,31
1376325278,1,33
1376325341,2,32
1376325382,3,31
1376325683,3,31
1376325749,3,31
1376325854,2,32
1376326077,0,34
1376326278,1,33
1376326354,0,34
1376326477,0,34
1376326505,0,34
1376326658,0,34
1376326718,0,34
1376327322,0,34
1376327623,0,34
1376327625,1,33
1376327980,1,33
1376328021,1,33
1376328087,2,32
1376328107,1,33
1376328787,2,32
1376329219,2,32
1376329274,3,31
1376329398,2,32
1376329490,1,33
1376329648,0,34
1376329794,0,33
1376329876,0,33
1376330253,1,32
1376330657,2,31
1376330736,2,31
1376330844,1,32
1376330969,0,33
1376331279,1,32
1376331307,0,33
1376331747,0,33
1376331823,0,33
1376331882,0,33
1376331946,0,33
1376332237,1,32
1376332294,2,31
1376332342,3,30
1376332404,4,29
1376333008,4,29
1376333207,3,30
1376333345,2,31
1376333420,1,32
1376333472,0,33
1376333902,2,31
1376334092,0,33
1376334518,0,33
1376334527,1,32
1376334821,1,32
1376334824,0,33
1376335427,0,33
1376335566,0,33
1376336169,0,33
1376336773,0,33
1376337401,0,33
1376337427,2,31
1376337802,3,30
1376337867,4,29
1376337902,3,30
1376338297,2,31
1376338333,1,32
1376338456,2,31
1376338943,1,32
1376339322,1,32
1376339332,3,30
1376339936,3,30
1376340462,3,30
1376340471,4,29
1376340940,3,30
1376340998,4,29
1376341074,3,30
1376341128,4,30
1376341286,3,31
1376341890,3,31
1376342408,2,32
1376342790,2,32
1376342805,1,32
1376342989,0,33
1376343593,0,33
1376344196,0,33
1376344800,0,33
1376345019,1,32
1376345092,0,33
1376345695,0,33
1376346299,0,33
1376346911,2,31
1376347514,2,31
1376348118,2,31
1376348317,1,32
1376348921,1,32
1376349524,1,32
1376349939,1,32
1376349982,1,32
1376350030,2,31
1376350634,2,31
1376351238,2,31
1376351841,2,31
1376352445,2,31
1376353048,2,31
1376353652,2,31
1376354255,1,32
1376354858,1,32
1376355462,1,32
1376356066,1,32
1376356669,1,32
1376357273,1,32
1376357876,1,32
1376358090,3,30
1376358148,5,28
1376358218,7,26
1376358283,9,24
1376358326,11,22
1376358401,13,20
1376358462,14,19
1376358612,15,18
1376358957,16,17
1376359560,16,17
1376360164,16,17
1376360767,16,17
1376361371,16,17
1376361974,16,17
1376362578,16,17
1376363181,16,17
1376363785,16,17
1376364388,16,17
1376364992,16,17
1376365596,16,17
1376366199,16,17
1376366803,16,17
1376367197,17,16
1376367801,17,16
1376368404,17,16
1376369008,17,16
1376369611,17,16
1376370215,17,16
1376370818,17,16
1376371422,17,16
1376372026,17,16
1376372629,17,16
1376372728,17,16
1376373095,18,15
1376373398,18,15
1376373408,19,14
1376374012,19,14
1376374075,20,13
1376374678,20,13
1376374881,19,14
1376375219,19,14
1376375657,20,13
1376376237,19,14
1376376434,20,13
1376376572,21,12
1376376924,19,14
1376377522,18,15
1376377814,20,13
1376377877,19,14
1376377944,18,15
1376378222,19,14
1376378313,18,15
1376378520,17,16
1376378785,18,15
1376378877,18,15
1376378971,18,15
1376379017,18,15
1376379071,18,15
1376379155,19,15
1376379333,19,15
1376379382,20,14
1376379447,21,13
1376379550,23,11
1376379761,22,12
1376379784,24,10
1376379985,23,11
1376380335,24,10
1376380411,21,13
1376380451,20,14
1376380576,21,13
1376380699,21,13
1376381001,20,14
1376381258,19,15
1376381387,18,16
1376381478,17,17
1376381669,18,16
1376381718,19,15
1376382277,19,15
1376382299,20,14
1376382761,20,14
1376382819,19,15
1376382840,18,16
1376383444,18,16
1376384047,18,16
1376384261,17,17
1376384268,16,18
1376384475,17,17
1376384983,17,17
1376384985,18,16
1376385199,17,17
1376385738,18,16
1376385801,18,16
1376385999,16,18
1376386037,15,18
1376386096,15,19
1376386341,13,21
1376386405,14,20
1376386490,14,20
1376386596,13,21
1376386747,14,20
1376387016,13,21
1376387170,12,22
1376387276,11,23
1376387350,12,22
1376387690,12,22
1376387790,11,23
1376387817,11,23
1376387927,11,23
1376388078,10,24
1376388339,11,23
1376388435,12,22
1376388504,12,22
1376388572,12,22
1376388601,13,21
1376388997,13,21
1376389048,14,20
1376389097,15,19
1376389407,17,17
1376390010,17,17
1376390066,16,18
1376390102,15,19
1376390197,13,21
1376390472,12,22
1376390659,12,22
1376390742,13,21
1376390745,12,22
1376390810,11,23
1376390937,10,24
1376391035,9,25
1376391102,8,26
1376391296,7,27
1376391576,6,28
1376391934,6,28
1376391986,8,26
1376392123,7,27
1376392132,8,26
1376392483,8,26
1376392485,6,28
1376392786,6,28
1376392898,5,29
1376392947,5,29
1376393022,5,28
1376393080,5,29
1376393126,6,28
1376393183,6,28
1376393266,5,29
1376393402,4,30
1376393502,4,29
1376393551,5,29
1376393606,6,28
1376393675,6,28
1376393721,6,28
1376393791,6,28
1376393860,6,28
1376393920,4,30
1376393976,4,30
1376394022,4,30
1376394091,4,30
1376394161,4,30
1376394222,5,29
1376394277,6,28
1376394323,6,28
1376394392,6,28
1376394462,5,29
1376394522,6,28
1376394583,6,28
1376394624,6,28
1376394702,6,28
1376394754,6,28
1376394808,7,27
1376394880,7,27
1376394933,7,27
1376394987,7,27
1376395059,7,27
1376395113,6,28
1376395178,7,27
1376395238,7,27
1376395292,7,27
1376395346,7,27
1376395417,7,27
1376395471,7,27
1376395543,7,27
1376395597,8,26
1376395651,8,26
1376395722,8,26
1376395776,8,26
1376395829,8,26
1376395901,9,25
1376395955,7,27
1376396008,7,27
1376396080,7,27
1376396134,8,26
1376396188,8,26
1376396259,9,25
1376396313,9,25
1376396367,9,25
1376396438,9,25
1376396498,8,26
1376396545,8,26
1376396617,8,26
1376396671,8,26
1376396742,9,25
1376396796,9,25
1376396850,7,27
1376396921,7,27
1376396975,7,27
1376397029,8,26
1376397101,9,25
1376397155,9,25
1376397208,9,25
1376397280,9,25
1376397333,9,25
1376397387,9,25
1376397459,9,25
1376397512,9,25
1376397566,9,25
1376397640,8,26
1376397694,8,26
1376397748,8,26
1376397819,8,26
1376397877,9,25
1376397928,9,25
1376398000,8,26
1376398053,8,26
1376398107,8,26
1376398178,8,26
1376398232,9,25
1376398286,9,25
1376398360,9,25
1376398416,10,24
1376398470,10,24
1376398542,10,24
1376398595,10,24
1376398649,10,24
1376398720,10,24
1376398774,10,24
1376398828,10,24
1376398899,10,24
1376398953,10,24
1376399006,9,25
1376399078,9,25
1376399132,9,25
1376399185,9,25
1376399257,9,25
1376399311,9,25
1376399382,8,26
1376399436,9,25
1376399490,8,26
1376399615,7,27
1376399669,7,27
1376399740,6,28
1376399794,5,29
1376399848,5,29
1376399919,5,29
1376399973,5,29
1376400032,4,30
1376400098,4,30
1376400152,4,30
1376400223,4,30
1376400277,4,30
1376400331,3,31
1376400403,3,31
1376400456,3,31
1376400521,3,31
1376400582,4,30
1376400635,4,30
1376400689,4,30
1376400760,4,30
1376400814,4,30
1376400867,4,30
1376400939,4,30
1376400993,4,30
1376401047,4,30
1376401119,4,30
1376401173,4,30
1376401227,4,30
1376401298,5,29
1376401351,4,30
1376401423,4,30
1376401477,4,30
1376401530,4,30
1376401601,4,30
1376401655,3,31
1376401709,3,31
1376401780,3,31
1376401834,3,31
1376401887,2,32
1376401959,2,32
1376402013,2,32
1376402066,2,32
1376402138,2,32
1376402192,2,32
1376402264,4,30
1376402318,4,30
1376402371,4,30
1376402443,4,30
1376402496,4,30
1376402550,4,30
1376402621,4,30
1376402675,4,30
1376402729,4,30
1376402800,4,30
1376402854,4,30
1376402907,4,30
1376402982,5,29
1376403036,5,29
1376403090,5,29
1376403161,5,29
1376403215,5,29
1376403268,5,29
1376403340,4,30
1376403394,4,30
1376403448,4,30
1376403509,5,29
1376403582,5,29
1376403631,6,28
1376403690,4,30
1376403761,4,30
1376403817,4,30
1376403875,4,30
1376403929,4,30
1376404003,8,26
1376404057,7,27
1376404111,8,26
1376404182,8,26
1376404236,8,26
1376404297,8,26
1376404362,9,25
1376404415,9,25
1376404469,9,25
1376404541,9,25
1376404595,9,25
1376404648,9,25
1376404720,9,25
1376404773,9,25
1376404827,9,25
1376404901,11,23
1376404954,10,24
1376405008,10,24
1376405080,10,24
1376405134,10,24
1376405188,10,24
1376405259,10,24
1376405313,9,25
1376405367,9,25
1376405442,9,25
1376405492,7,27
1376405545,7,27
1376405617,7,27
1376405671,7,27
1376405742,6,28
1376405795,6,28
1376405849,6,28
1376405920,6,28
1376405974,6,28
1376406028,6,28
1376406099,6,28
1376406153,6,28
1376406206,6,28
1376406278,6,28
1376406332,6,28
1376406385,6,28
1376406457,6,28
1376406518,5,29
1376406577,5,29
1376406637,5,29
1376406698,6,28
1376406752,6,28
1376406805,6,28
1376406877,5,29
1376406930,5,29
1376407001,5,29
1376407055,5,29
1376407108,5,29
1376407180,5,29
1376407234,5,29
1376407287,5,29
1376407360,6,28
1376407414,5,29
1376407481,5,29
1376407539,6,28
1376407593,6,28
1376407662,7,27
1376407719,7,27
1376407772,7,27
1376407826,7,27
1376407897,8,26
1376407951,7,27
1376408022,7,27
1376408076,7,27
1376408130,7,27
1376408201,7,27
1376408255,7,27
1376408308,7,27
1376408380,7,27
1376408434,7,27
1376408497,5,29
1376408561,3,31
1376408615,3,31
1376408683,4,30
1376408740,4,30
1376408794,4,30
1376408847,4,30
1376408919,4,30
1376408972,4,30
1376409026,4,30
1376409100,5,29
1376409159,6,28
1376409223,4,30
1376409271,6,28
1376409326,6,28
1376409393,7,27
1376409663,6,28
1376409821,6,28
1376409825,5,29
1376409940,6,28
1376409984,6,28
1376410109,5,29
1376410167,4,30
1376410203,5,29
1376410302,5,29
1376410355,4,30
1376410371,5,29
1376410816,6,28
1376410901,5,28
1376410944,5,29
1376411141,6,28
1376411322,4,30
1376411473,5,29
1376411559,5,29
1376411590,5,29
1376411673,6,28
1376411740,6,28
1376411800,6,28
1376411856,6,28
1376411907,5,29
1376412377,4,30
1376412564,4,30
1376412605,5,29
1376412696,4,30
1376412761,4,30
1376412817,4,30
1376412858,3,31
1376413107,4,30
1376413328,3,31
1376413377,1,33
1376413453,2,32
1376413571,3,31
1376413652,4,30
1376413721,4,30
1376413732,5,29
1376414063,3,31
1376414125,2,32
1376414311,1,33
1376414428,2,32
1376414488,3,31
1376414537,4,30
1376414850,5,29
1376414867,6,28
1376414935,5,29
1376415039,4,30
1376415066,2,32
1376415121,1,33
1376415436,0,34
1376415583,0,34
1376415699,1,33
1376415745,2,32
1376415794,1,33
1376415862,1,33
1376415940,2,32
1376416001,1,33
1376416061,3,31
1376416120,3,31
1376416167,2,32
1376416235,2,32
1376416280,3,31
1376416409,1,33
1376416480,1,33
1376416490,0,34
1376417094,0,34
1376417697,0,34
1376418037,0,34
1376418048,1,33
1376418399,0,34
1376418910,0,34
1376418949,0,34
1376419106,0,34
1376419139,0,34
1376419237,0,34
1376419268,0,34
1376419567,0,34
1376420173,0,34
1376420559,0,34
1376420573,1,33
1376420705,1,33
1376420801,1,33
1376420861,0,34
1376420916,1,33
1376421127,2,32
1376421615,2,32
1376421686,3,31
1376422290,3,31
1376422482,2,32
1376422535,1,33
1376423139,1,33
1376423246,1,33
1376423321,2,32
1376423328,3,31
1376423548,4,30
1376423680,4,30
1376423692,5,29
1376423882,6,28
1376424485,6,28
1376424542,5,29
1376424631,5,29
1376424762,6,28
1376424771,7,27
1376424999,5,29
1376425038,4,30
1376425642,4,30
1376426246,4,30
1376426849,4,30
1376427453,4,30
1376427636,2,32
1376427669,2,32
1376428237,3,31
1376428837,7,27
1376429408,6,28
1376429563,6,28
1376429567,7,27
1376429778,7,27
1376429901,8,26
1376430338,8,26
1376430362,8,26
1376430560,7,27
1376430633,7,27
1376430700,8,26
1376430941,7,27
1376431545,7,27
1376431957,5,29
1376432096,4,30
1376432700,4,30
1376433303,4,30
1376433758,4,30
1376433767,5,29
1376434371,5,29
1376434974,5,29
1376435113,5,29
1376435717,5,29
1376436320,5,29
1376436924,5,29
1376437527,5,29
1376437802,6,28
1376438114,7,27
1376438717,7,27
1376439321,7,27
1376439924,7,27
1376440112,6,28
1376440591,4,30
1376440691,3,31
1376441295,3,31
1376441898,3,31
1376442473,2,32
1376443077,2,32
1376443460,3,31
1376444064,3,31
1376444667,3,31
1376445012,3,31
1376445616,3,31
1376446219,3,31
1376446823,3,31
1376447426,3,31
1376448030,3,31
1376448633,3,31
1376448968,2,32
1376449572,2,32
1376450176,2,32
1376450780,2,32
1376451383,2,32
1376451987,2,32
1376452236,2,32
1376452247,3,31
1376452850,3,31
1376453453,3,31
1376453557,3,31
1376453566,4,30
1376454170,4,30
1376454773,4,30
1376455377,4,30
1376455981,4,30
1376456428,3,31
1376456569,2,32
1376457172,2,32
1376457776,2,32
1376458413,3,31
1376459017,3,31
1376459313,4,30
1376459917,4,30
1376460129,3,31
1376460318,4,30
1376460444,3,31
1376461048,3,31
1376461113,3,31
1376461230,3,31
1376461379,2,32
1376461897,3,31
1376461927,4,30
1376462284,5,29
1376462432,4,30
1376462665,5,29
1376463268,5,29
1376463441,6,28
1376463752,7,27
1376463792,8,26
1376463918,7,27
1376464230,8,26
1376464282,7,27
1376464332,6,28
1376464456,5,29
1376464621,6,28
1376464685,7,27
1376464755,8,26
1376465062,9,25
1376465307,9,25
1376465795,10,24
1376465920,10,24
1376465970,10,24
1376466249,11,23
1376466463,11,23
1376466465,12,22
1376466641,12,22
1376466674,12,22
1376466804,13,21
1376466877,14,20
1376466930,15,19
1376466960,15,18
1376467052,15,18
1376467123,16,17
1376467168,16,17
1376467226,15,18
1376467279,15,18
1376467329,16,17
1376467399,16,17
1376467484,17,16
1376467487,16,17
1376467556,16,17
1376467652,15,18
1376467955,14,19
1376468058,13,20
1376468314,12,21
1376468842,13,20
1376468990,12,21
1376469474,12,21
1376469541,12,21
1376469593,13,20
1376469713,12,21
1376470316,12,21
1376470422,11,22
1376470764,10,23
1376470798,9,24
1376471440,9,24
1376471451,10,23
1376471817,11,22
1376472082,10,23
1376472158,10,23
1376472171,11,22
1376472264,12,21
1376472503,13,20
1376472560,14,19
1376472936,14,19
1376472999,13,20
1376473013,13,20
1376473208,12,21
1376473250,11,22
1376473493,11,22
1376473936,11,22
1376474440,11,22
1376474484,11,22
1376474551,11,22
1376474580,12,21
1376474698,11,22
1376474834,12,21
1376474931,11,22
1376475209,12,21
1376475511,13,20
1376475919,13,20
1376476132,12,21
1376476234,11,22
1376476282,10,23
1376476388,9,24
1376476897,8,25
1376477022,9,24
1376477073,6,27
1376477392,5,28
1376477623,5,28
1376477632,6,27
1376477945,5,28
1376478382,4,29
1376478610,3,30
1376478699,4,29
1376478835,3,30
1376478936,3,30
1376479103,4,29
1376479235,4,29
1376479332,4,29
1376479389,5,28
1376479772,6,27
1376479992,5,28
1376480175,5,28
1376480572,5,28
1376480682,4,29
1376480801,4,29
1376480820,5,28
1376481030,6,27
1376481103,6,27
1376481105,7,26
1376481344,7,26
1376481353,8,25
1376481733,7,26
1376481813,8,25
1376482111,9,24
1376482226,9,24
1376482300,8,25
1376482578,8,25
1376482660,8,25
1376483083,10,23
1376483106,9,24
1376483481,8,25
1376483515,9,24
1376483920,9,24
1376483929,10,23
1376484533,10,23
1376485107,8,25
1376485464,9,24
1376485880,8,25
1376485921,7,26
1376486119,8,25
1376486304,8,25
1376486369,10,23
1376486436,11,22
1376486621,11,22
1376486659,12,21
1376486920,12,21
1376486929,13,20
1376487560,14,19
1376487807,13,20
1376487900,14,19
1376488442,13,20
1376488501,12,21
1376489105,12,21
1376489263,12,21
1376489266,11,22
1376489691,10,23
1376489791,11,22
1376489850,10,23
1376489879,11,22
1376490088,9,24
1376490378,10,23
1376490404,10,23
1376490500,11,22
1376490859,10,23
1376491117,11,22
1376491452,12,21
1376491543,11,22
1376491594,11,22
1376491898,13,20
1376492162,11,22
1376492375,10,23
1376492480,9,24
1376493030,10,23
1376493102,10,23
1376493105,9,24
1376493340,10,23
1376493513,13,20
1376493617,12,21
1376493748,13,20
1376493934,14,19
1376494050,13,20
1376494102,11,22
1376494178,14,19
1376494187,15,18
1376494259,14,19
1376494470,13,20
1376494529,12,21
1376494958,14,19
1376495010,15,18
1376495080,17,16
1376495139,16,17
1376495195,17,16
1376495239,18,15
1376495292,19,14
1376495410,20,13
1376495548,19,14
1376495914,20,13
1376496162,20,13
1376496221,17,16
1376496403,18,15
1376496583,18,15
1376496586,17,16
1376496820,17,16
1376496868,18,15
1376496953,17,16
1376497143,18,15
1376497418,17,16
1376497583,16,17
1376497673,15,18
1376497823,14,19
1376498306,13,20
1376498377,12,21
1376498425,11,22
1376498466,12,21
1376498610,12,21
1376498764,11,22
1376498983,12,21
1376498998,11,22
1376499056,12,21
1376499299,13,20
1376499382,11,22
1376499606,12,21
1376499660,11,22
1376499881,8,25
1376500056,8,25
1376500161,7,26
1376500291,5,28
1376500662,5,28
1376500706,3,30
1376500887,3,30
1376500943,5,28
1376501001,4,29
1376501203,5,28
1376501277,4,29
1376501683,4,29
1376501703,4,29
1376501792,4,29
1376501860,2,31
1376501894,2,31
1376501979,1,32
1376502035,1,32
1376502158,1,32
1376502220,1,32
1376502282,0,33
1376502300,1,32
1376502515,0,33
1376502942,0,33
1376502945,1,32
1376503104,2,31
1376503190,1,32
1376503396,0,33
1376503453,1,32
1376503721,1,32
1376503766,1,32
1376503801,0,33
1376503987,1,32
1376504380,1,32
1376504430,0,33
1376504814,0,33
1376504982,0,33
1376505033,0,33
1376505085,0,33
1376505627,1,32
1376505846,0,33
1376506301,0,33
1376506342,0,33
1376506753,0,33
1376506794,0,33
1376507415,0,33
1376507466,1,32
1376507562,1,32
1376507565,0,33
1376507842,1,32
1376508446,1,32
1376508699,0,33
1376508762,0,33
1376508783,0,33
1376508843,1,32
1376509183,1,32
1376509186,0,33
1376509797,1,32
1376509888,3,30
1376510491,3,30
1376510701,2,31
1376510788,2,31
1376510810,2,31
1376511047,1,32
1376511651,1,32
1376511966,0,33
1376512570,0,33
1376513173,0,33
1376513777,0,33
1376514380,0,33
1376514984,0,33
1376515554,0,33
1376515653,1,32
1376515671,2,31
1376516275,2,31
1376516381,2,31
1376516391,3,30
1376516739,4,29
1376516845,3,30
1376517001,4,29
1376517160,3,30
1376517763,3,30
1376518078,2,31
1376518241,2,31
1376518244,1,32
1376518472,0,33
1376519076,0,33
1376519175,1,32
1376519779,1,32
1376520172,0,33
1376520776,0,33
1376521380,0,33
1376521983,0,33
1376522587,0,33
1376523190,0,33
1376523794,0,33
1376524398,0,33
1376525001,0,33
1376525605,0,33
1376525853,1,32
1376525946,0,33
1376526496,0,33
1376526580,0,33
1376526633,1,32
1376527236,1,32
1376527840,1,32
1376528444,1,32
1376529047,1,32
1376529651,1,32
1376530254,1,32
1376530858,1,32
1376531560,1,32
1376531567,0,33
1376532170,0,33
1376532774,0,33
1376533377,0,33
1376533980,0,33
1376534583,0,33
1376535187,0,33
1376535790,0,33
1376536110,0,33
1376536129,1,32
1376536732,1,32
1376537037,0,33
1376537641,0,33
1376538245,0,33
1376538848,0,33
1376539346,1,32
1376539806,3,30
1376540409,3,30
1376541013,3,30
1376541617,3,30
1376542220,3,30
1376542824,3,30
1376543427,3,30
1376544031,3,30
1376544621,3,30
1376544676,4,29
1376545279,4,29
1376545532,5,28
1376546135,5,28
1376546577,6,27
1376547181,6,27
1376547419,5,28
1376548022,5,28
1376548626,5,28
1376548720,5,28
1376548729,6,27
1376549333,6,27
1376549727,5,28
1376550331,5,28
1376550934,5,28
1376551026,4,29
1376551120,3,30
1376551408,4,29
1376551480,4,29
1376551518,5,28
1376551553,6,27
1376551864,7,26
1376552057,8,25
1376552660,8,25
1376552797,8,25
1376552846,9,24
1376553327,9,24
1376553367,9,24
1376553497,9,24
1376553881,8,25
1376553933,7,26
1376554537,7,26
1376555140,7,26
1376555744,7,26
1376556347,7,26
1376556951,7,26
1376557350,8,25
1376557584,9,24
1376557788,8,25
1376557899,8,25
1376557939,7,26
1376557997,8,25
1376558056,10,23
1376558133,11,22
1376558260,11,22
1376558327,10,23
1376558405,11,23
1376558556,11,23
1376558596,12,22
1376558670,12,22
1376558697,13,21
1376558982,13,21
1376559048,13,21
1376559149,13,21
1376559201,15,19
1376559267,14,20
1376559320,14,20
1376559400,16,18
1376559783,15,19
1376560012,14,20
1376560478,14,20
1376560527,17,17
1376560597,16,18
1376560649,16,18
1376560685,17,17
1376561123,17,17
1376561741,19,15
1376561785,19,15
1376561834,20,14
1376561867,21,13
1376562009,20,14
1376562062,19,15
1376562221,18,16
1376562825,18,16
1376563135,17,17
1376563357,16,18
1376563900,17,17
1376564101,18,16
1376564178,17,17
1376564296,18,16
1376564621,18,16
1376564647,17,17
1376564797,14,20
1376564852,13,21
1376565394,14,20
1376565421,15,19
1376565619,14,20
1376566223,14,20
1376566448,15,19
1376566521,16,18
1376567125,16,18
1376567304,16,18
1376567355,16,18
1376567397,17,17
1376567603,16,18
1376567756,14,20
1376568360,14,20
1376568589,14,20
1376568699,12,22
1376568747,12,22
1376568790,12,22
1376568849,13,21
1376569452,13,21
1376569714,14,20
1376570321,14,20
1376570324,15,19
1376570547,14,20
1376570607,14,20
1376570652,16,18
1376570798,14,20
1376570847,14,20
1376570882,16,18
1376570961,14,20
1376571400,13,21
1376571450,10,24
1376571880,10,24
1376571942,8,26
1376572088,9,25
1376572238,9,25
1376572246,10,24
1376572372,9,25
1376572556,8,26
1376573159,8,26
1376573417,9,25
1376573911,8,26
1376573939,7,27
1376574240,8,26
1376574755,7,27
1376574800,7,27
1376574851,7,27
1376574942,7,27
1376575000,7,27
1376575039,7,27
1376575215,6,28
1376575357,7,27
1376575415,9,25
1376575526,10,24
1376576130,10,24
1376576501,11,23
1376576650,12,22
1376576894,11,23
1376577498,10,24
1376577629,11,23
1376577834,10,24
1376578050,11,23
1376578066,10,24
1376578256,9,25
1376578660,9,25
1376578775,10,24
1376578957,11,23
1376579022,11,23
1376579024,10,24
1376579521,11,23
1376579615,11,23
1376579680,13,21
1376579715,12,22
1376579761,13,21
1376580241,12,22
1376580347,11,23
1376580508,9,25
1376580623,10,24
1376580699,9,25
1376580710,10,24
1376580936,9,25
1376581002,10,24
1376581039,10,24
1376581070,11,23
1376581691,12,22
1376581801,12,22
1376581868,12,22
1376581906,13,21
1376582019,14,20
1376582025,14,20
1376582125,14,20
1376582174,15,19
1376582257,12,22
1376582315,9,25
1376582327,9,25
1376582386,8,26
1376582617,8,25
1376582664,9,24
1376582943,8,25
1376583005,7,26
1376583100,6,27
1376583145,5,28
1376583241,6,28
1376583812,4,30
1376584057,4,30
1376584112,4,30
1376584179,4,30
1376584258,4,30
1376584416,6,28
1376584467,7,27
1376584530,6,28
1376584580,7,27
1376584762,8,26
1376584876,8,26
1376584911,9,25
1376584998,8,26
1376585078,8,26
1376585097,8,26
1376585177,9,25
1376585217,8,26
1376585310,9,25
1376585364,9,25
1376585391,11,23
1376585500,11,23
1376585532,12,22
1376585953,11,23
1376586040,12,22
1376586393,12,22
1376586637,12,22
1376586644,13,21
1376586760,13,21
1376586809,14,20
1376587163,15,19
1376587213,16,18
1376587360,18,16
1376587415,18,16
1376587777,19,15
1376587829,17,17
1376588388,16,18
1376588679,15,19
1376588844,12,22
1376588902,9,25
1376589097,9,25
1376589142,9,25
1376589282,10,24
1376589326,11,23
1376589396,10,24
1376589453,10,24
1376589518,9,25
1376589525,10,24
1376589838,8,26
1376590344,9,25
1376590386,10,24
1376590512,11,23
1376590648,10,24
1376590962,11,23
1376591200,10,24
1376591245,9,25
1376591774,10,24
1376591914,11,23
1376591965,10,24
1376592265,9,25
1376592286,8,26
1376592639,8,26
1376592681,9,25
1376592850,8,26
1376593168,7,27
1376593210,7,27
1376593338,6,28
1376593595,4,30
1376593661,4,30
1376593664,3,31
1376594261,1,33
1376594269,0,34
1376594475,1,33
1376595000,2,32
1376595577,2,32
1376595642,3,31
1376595677,4,30
1376595708,3,31
1376596313,3,31
1376596496,2,32
1376596902,2,32
1376596940,1,33
1376597200,1,33
1376597260,2,32
1376597668,0,34
1376597960,0,34
1376598088,0,34
1376598162,0,34
1376598199,0,34
1376598253,1,33
1376598378,0,34
1376598780,1,33
1376599232,2,32
1376599294,2,32
1376599335,2,32
1376599466,1,33
1376600021,1,33
1376600046,3,31
1376600649,3,31
1376601253,3,31
1376601542,2,32
1376602010,2,32
1376602295,2,32
1376602349,4,30
1376602397,2,32
1376603001,2,32
1376603304,1,33
1376603536,2,32
1376604046,3,31
1376604175,4,30
1376604337,3,31
1376604402,3,31
1376604447,4,30
1376604877,5,29
1376605022,3,31
1376605242,2,32
1376605264,1,33
1376605361,0,34
1376605421,1,33
1376605478,1,33
1376605492,0,34
1376606005,0,34
1376606058,0,34
1376606662,0,34
1376607084,0,34
1376607362,1,33
1376607966,1,33
1376608570,1,33
1376609173,1,33
1376609543,1,33
1376610146,1,33
1376610749,1,33
1376611353,1,33
1376611712,2,32
1376612315,2,32
1376612919,2,32
1376613523,2,32
1376613705,2,32
1376613807,2,32
1376613838,3,31
1376614441,3,31
1376615045,3,31
1376615649,3,31
1376616252,3,31
1376616856,3,31
1376617459,3,31
1376617874,3,31
1376618478,3,31
1376619081,3,31
1376619685,3,31
1376620288,3,31
1376620892,3,31
1376621194,4,30
1376621797,4,30
1376622400,4,30
1376623004,4,30
1376623607,4,30
1376624210,4,30
1376624814,4,30
1376625274,5,29
1376625789,6,28
1376626363,6,28
1376626372,7,27
1376626975,7,27
1376627578,7,27
1376628181,7,27
1376628785,7,27
1376629388,7,27
1376629992,7,27
1376630596,7,27
1376631199,7,27
1376631803,7,27
1376632406,7,27
1376632843,7,27
1376632855,8,26
1376633486,7,27
1376634089,7,27
1376634693,7,27
1376635072,6,28
1376635676,6,28
1376636046,7,27
1376636137,7,27
1376636146,8,26
1376636264,9,25
1376636352,10,24
1376636405,11,23
1376636682,11,23
1376636729,12,22
1376637068,13,21
1376637354,14,20
1376637732,13,21
1376637979,14,20
1376638213,15,19
1376638285,14,20
1376638342,14,20
1376638652,16,18
1376638698,17,17
1376639177,16,18
1376639653,14,20
1376640257,14,20
1376640306,13,21
1376640351,13,21
1376640613,14,20
1376640675,13,21
1376640806,13,21
1376640936,13,21
1376641078,12,22
1376641232,11,23
1376641286,12,22
1376641324,11,23
1376641475,11,23
1376641494,11,23
1376641600,11,23
1376641629,12,22
1376642126,12,22
1376642197,14,20
1376642207,15,19
1376642267,15,19
1376642332,15,19
1376642430,16,18
1376642467,17,17
1376642742,17,17
1376642745,16,18
1376643349,16,18
1376643489,17,17
1376643718,16,18
1376644235,15,19
1376644336,14,20
1376644374,13,21
1376644944,14,20
1376645316,14,20
1376645376,15,19
1376645406,16,18
1376645634,16,18
1376645742,15,19
1376645803,16,18
1376645828,18,16
1376646357,19,15
1376646998,20,14
1376647208,19,15
1376647624,20,14
1376647929,19,15
1376648207,18,16
1376648677,19,15
1376648851,20,14
1376648905,21,13
1376648962,21,13
1376649451,20,14
1376649577,17,17
1376649642,19,15
1376649687,20,14
1376649759,21,13
1376649877,21,13
1376649892,22,12
1376650017,23,11
1376650073,24,10
1376650202,23,11
1376650584,25,9
1376650689,24,10
1376650838,25,9
1376651056,24,10
1376651343,24,10
1376651621,23,11
1376651624,22,12
1376651687,21,13
1376651869,19,15
1376651953,18,16
1376652036,19,15
1376652048,18,16
1376652158,18,16
1376652167,19,15
1376652635,20,14
1376652762,21,13
1376652982,22,12
1376653017,23,11
1376653231,23,11
1376653288,24,10
1376653360,24,10
1376653415,23,11
1376653449,24,10
1376653503,23,11
1376653577,22,12
1376653719,23,11
1376653754,25,9
1376653989,24,10
1376654137,22,12
1376654179,23,11
1376654292,22,12
1376654380,22,11
1376654427,22,12
1376654893,21,13
1376654968,21,13
1376655024,22,12
1376655062,23,11
1376655464,23,11
1376655621,22,12
1376655686,22,12
1376655748,23,11
1376655821,24,10
1376655825,25,9
1376656177,24,10
1376656361,24,10
1376656363,25,9
1376656526,26,8
1376656719,25,8
1376656737,25,9
1376657011,27,7
1376657043,26,8
1376657111,24,10
1376657178,23,11
1376657373,24,10
1376657413,25,9
1376657677,25,9
1376657743,26,8
1376657745,27,7
1376657995,25,9
1376658075,26,8
1376658149,27,7
1376658217,26,8
1376658283,28,5
1376658329,28,6
1376658550,27,7
1376658752,28,6
1376658878,28,6
1376658939,29,5
1376659043,28,6
1376659122,28,6
1376659152,28,6
1376659226,27,7
1376659301,26,8
1376659353,27,7
1376659455,28,6
1376659533,29,5
1376659714,29,5
1376659761,30,4
1376660376,29,5
1376660914,28,6
1376661268,29,5
1376661629,29,5
1376661701,30,4
1376661874,29,5
1376661941,29,5
1376661944,30,4
1376662547,30,4
1376662639,29,5
1376662887,29,5
1376662915,29,5
1376663042,28,6
1376663137,27,7
1376663741,27,7
1376663832,26,8
1376663981,25,9
1376663995,26,8
1376664060,27,7
1376664193,26,8
1376664380,26,8
1376664495,25,9
1376664866,26,8
1376664892,27,7
1376665422,28,6
1376665575,27,7
1376665841,26,8
1376665877,27,7
1376665967,28,6
1376666070,27,7
1376666150,27,7
1376666441,25,9
1376666711,22,12
1376666979,21,13
1376667027,20,14
1376667313,18,16
1376667517,17,17
1376667530,18,16
1376667632,18,16
1376667756,19,15
1376667816,20,14
1376667872,21,13
1376668120,20,14
1376668181,20,14
1376668391,21,13
1376668483,20,14
1376668602,20,14
1376668606,19,15
1376669019,19,15
1376669029,20,14
1376669175,19,15
1376669351,19,15
1376669389,19,15
1376669474,19,15
1376669544,20,14
1376669673,19,15
1376670018,20,14
1376670159,20,14
1376670181,21,13
1376670557,22,12
1376670902,23,11
1376671094,24,10
1376671202,23,11
1376671278,22,12
1376671524,22,12
1376671552,23,11
1376671706,24,10
1376671809,25,9
1376672068,26,8
1376672122,27,7
1376672157,28,6
1376672237,29,5
1376672725,28,6
1376672909,28,6
1376672943,29,5
1376673008,28,6
1376673458,25,9
1376674051,23,11
1376674228,22,12
1376674291,22,12
1376674329,22,12
1376674375,23,11
1376674541,22,12
1376674544,21,13
1376674698,20,14
1376674731,19,15
1376675118,17,17
1376675460,15,19
1376675510,14,20
1376675979,13,20
1376676028,10,24
1376676163,9,25
1376676169,8,26
1376676756,6,28
1376676909,5,29
1376677014,5,29
1376677113,5,28
1376677158,5,29
1376677233,5,29
1376677275,7,27
1376677775,7,27
1376677798,5,29
1376678023,4,30
1376678059,4,30
1376678130,3,31
1376678147,4,30
1376678318,3,31
1376678577,4,30
1376678705,3,31
1376678930,2,32
1376679522,1,33
1376679612,0,34
1376680102,0,34
1376680179,1,33
1376680285,2,32
1376680329,3,31
1376680570,4,30
1376680744,2,32
1376680954,2,32
1376681021,3,31
1376681031,4,30
1376681500,5,29
1376681616,6,28
1376681762,5,29
1376681915,3,31
1376682519,3,31
1376682641,3,31
1376682702,2,32
1376682756,2,32
1376682820,3,31
1376682849,4,30
1376682904,5,29
1376683357,3,31
1376683578,3,31
1376683719,4,30
1376683781,5,29
1376684145,4,30
1376684749,4,30
1376684942,3,31
1376685204,4,30
1376685543,3,31
1376685641,4,30
1376686244,4,30
1376686419,4,30
1376686670,2,32
1376686983,3,31
1376687082,4,30
1376687189,4,30
1376687279,3,31
1376687360,4,30
1376687724,3,31
1376688327,3,31
1376688931,3,31
1376689535,3,31
1376690138,3,31
1376690190,2,32
1376690315,1,33
1376690551,1,33
1376690613,1,33
1376690658,2,32
1376690999,0,34
1376691603,0,34
1376692207,0,34
1376692812,0,34
1376693416,0,34
1376694019,0,34
1376694622,0,34
1376695226,0,34
1376695719,0,34
1376695755,2,32
1376696359,2,32
1376696435,1,33
1376696496,1,33
1376696515,0,34
1376697119,0,34
1376697722,0,34
1376698287,0,34
1376698397,0,34
1376698450,2,32
1376699054,2,32
1376699156,1,33
1376699439,1,33
1376699496,2,32
1376699573,1,33
1376700177,1,33
1376700781,1,33
1376700911,2,32
1376701515,2,32
1376702118,2,32
1376702722,2,32
1376702817,1,33
1376703421,1,33
1376704025,1,33
1376704351,1,33
1376704450,1,33
1376705054,1,33
1376705658,1,33
1376706261,1,33
1376706865,1,33
1376707468,1,33
1376708072,1,33
1376708675,1,33
1376709279,1,33
1376709882,1,33
1376710486,1,33
1376711089,1,33
1376711693,1,33
1376712296,1,33
1376712756,2,32
1376713359,2,32
1376713962,2,32
1376714566,2,32
1376715170,2,32
1376715773,2,32
1376716377,2,32
1376716981,2,32
1376717584,2,32
1376718188,2,32
1376718791,2,32
1376719395,2,32
1376719998,2,32
1376720602,2,32
1376721153,0,34
1376721216,1,33
1376721762,2,32
1376721867,3,31
1376722471,3,31
1376723075,3,31
1376723678,3,31
1376724281,3,31
1376724762,4,30
1376725366,4,30
1376725534,4,30
1376725575,6,28
1376726179,6,28
1376726493,6,28
1376726526,7,27
1376726614,7,27
1376726648,8,26
1376727186,7,27
1376727441,6,28
1376727990,5,29
1376728081,4,30
1376728203,3,31
1376728807,3,31
1376729412,3,31
1376729518,2,32
1376729669,2,32
1376729704,3,31
1376729782,4,30
1376730387,4,30
1376730514,3,31
1376730577,3,31
1376730589,2,32
1376730696,1,33
1376730763,1,33
1376730816,1,33
1376730852,3,31
1376730942,3,31
1376730985,3,31
1376731061,4,30
1376731069,4,30
1376731137,4,30
1376731193,5,29
1376731542,5,29
1376731551,6,28
1376731749,5,29
1376731876,7,27
1376731929,8,26
1376732052,9,25
1376732249,8,26
1376732489,9,25
1376733093,9,25
1376733207,8,26
1376733810,8,26
1376733996,7,27
1376734124,7,27
1376734126,8,26
1376734590,9,25
1376734660,9,25
1376734711,10,24
1376734741,10,24
1376734844,10,24
1376734954,11,23
1376735066,11,23
1376735138,10,23
1376735149,10,24
1376735752,10,24
1376736354,10,24
1376736452,12,22
1376736473,11,23
1376736588,10,24
1376736883,10,24
1376736939,8,26
1376736998,9,25
1376737103,9,25
1376737163,10,24
1376737244,11,23
1376737303,12,22
1376737305,13,21
1376737389,11,23
1376737513,11,23
1376737594,11,23
1376737649,11,23
1376737679,12,22
1376737778,10,24
1376737898,11,23
1376738021,10,24
1376738223,9,25
1376738322,8,26
1376738325,7,27
1376738529,6,28
1376738754,4,30
1376738849,4,30
1376738951,5,29
1376739033,7,27
1376739161,7,27
1376739164,8,26
1376739690,8,26
1376739860,9,25
1376740004,10,24
1376740078,10,24
1376740180,12,22
1376740243,13,21
1376740293,13,21
1376740343,16,18
1376740365,17,17
1376740824,16,18
1376740890,17,17
1376741476,18,16
1376741552,18,16
1376741582,19,15
1376742186,19,15
1376742259,18,16
1376742397,19,15
1376742513,19,15
1376742642,20,14
1376742674,21,13
1376742747,22,12
1376742879,20,14
1376742892,20,14
1376742948,19,15
1376743274,18,16
1376743328,19,15
1376743402,17,17
1376743433,18,16
1376744076,16,18
1376744194,16,18
1376744264,19,15
1376744330,21,13
1376744798,21,13
1376744850,20,14
1376745050,19,15
1376745190,20,14
1376745701,20,14
1376745727,22,12
1376745817,21,13
1376746001,18,16
1376746181,18,16
1376746217,18,16
1376746362,17,17
1376746638,19,15
1376747195,18,16
1376747256,19,15
1376747536,18,16
1376747880,18,16
1376748044,18,16
1376748047,19,15
1376748362,20,14
1376748422,18,16
1376748568,18,16
1376748621,17,17
1376748684,17,17
1376748747,18,16
1376748877,19,15
1376748935,19,15
1376749362,19,15
1376749437,20,14
1376749838,21,13
1376749886,21,13
1376749908,22,12
1376749986,21,13
1376750590,21,13
1376750779,19,15
1376750846,20,14
1376751058,19,15
1376751224,18,16
1376751230,17,17
1376751339,17,17
1376751401,18,16
1376751975,16,18
1376752121,13,21
1376752271,11,23
1376752479,11,23
1376752490,12,22
1376752632,11,23
1376753194,11,23
1376753231,10,24
1376753364,10,24
1376753443,6,28
1376753500,5,29
1376754102,5,29
1376754105,6,28
1376754209,8,26
1376754344,9,25
1376754385,11,23
1376754461,9,25
1376754508,10,24
1376754559,9,25
1376754639,10,24
1376754652,10,24
1376754991,11,23
1376755037,9,25
1376755330,8,26
1376755482,8,26
1376755484,9,25
1376755599,8,26
1376755700,7,27
1376756217,5,29
1376756357,5,29
1376756414,7,27
1376756483,7,27
1376756515,8,26
1376756691,7,27
1376757030,8,26
1376757085,7,27
1376757213,9,25
1376757254,9,25
1376757752,10,24
1376757806,11,23
1376757851,9,25
1376758039,7,27
1376758163,5,29
1376758232,6,28
1376758404,0,34
1376759008,0,34
1376759380,1,33
1376759444,0,34
1376759447,1,33
1376759657,0,34
1376760260,0,34
1376760399,1,33
1376760642,0,34
1376760681,1,33
1376760732,0,34
1376761336,0,34
1376761922,1,33
1376762078,1,33
1376762128,2,32
1376762171,0,34
1376762312,1,33
1376762371,1,33
1376762404,1,33
1376762491,2,32
1376762802,2,32
1376762845,2,32
1376762924,4,30
1376763043,4,30
1376763094,5,29
1376763143,6,28
1376763499,5,29
1376763576,5,29
1376763587,6,28
1376763702,6,28
1376763761,5,29
1376763917,4,30
1376763990,2,32
1376764096,2,32
1376764214,0,34
1376764506,0,34
1376764594,0,34
1376764717,1,33
1376764732,0,34
1376765141,1,33
1376765186,0,34
1376765575,0,34
1376765670,1,33
1376765740,4,30
1376765803,7,27
1376765923,4,30
1376766307,3,31
1376766464,4,30
1376766508,5,29
1376766643,5,29
1376766652,7,27
1376767256,7,27
1376767323,6,28
1376767639,4,30
1376767807,5,29
1376767980,4,30
1376768417,5,29
1376768732,5,29
1376768790,5,29
1376768858,6,28
1376768909,7,27
1376769513,7,27
1376769566,7,27
1376770162,8,26
1376770283,7,27
1376770337,6,28
1376770483,7,27
1376770542,7,27
1376770594,8,26
1376770903,8,26
1376770914,9,25
1376771322,9,25
1376771344,11,23
1376771623,12,22
1376771683,13,21
1376771737,13,21
1376771808,12,22
1376771904,13,21
1376772507,13,21
1376772576,13,21
1376772628,14,20
1376772702,15,19
1376772744,16,18
1376772859,16,18
1376772931,16,18
1376773534,15,19
1376773754,16,18
1376774204,15,19
1376774207,16,18
1376774517,17,17
1376774623,15,19
1376774905,15,19
1376774937,16,18
1376775511,15,19
1376775552,14,20
1376775620,13,21
1376775938,12,21
1376775969,10,24
1376776063,9,25
1376776072,10,24
1376776691,11,23
1376776922,10,24
1376777526,10,24
1376777696,10,24
1376777798,11,23
1376778402,11,23
1376778641,12,22
1376778984,11,23
1376779362,10,24
1376779385,10,24
1376779601,11,23
1376779945,12,22
1376780549,12,22
1376780692,10,24
1376781162,9,25
1376781766,9,25
1376782371,9,25
1376782578,7,27
1376783142,6,28
1376783442,5,29
1376783456,6,28
1376784060,6,28
1376784663,6,28
1376784823,6,28
1376784833,4,30
1376785438,4,30
1376786041,4,30
1376786645,4,30
1376786833,5,29
1376786923,5,29
1376786980,1,33
1376787079,1,33
1376787116,2,32
1376787719,2,32
1376788323,2,32
1376788927,2,32
1376789199,3,31
1376789234,4,30
1376789838,4,30
1376790442,4,30
1376790673,4,30
1376790985,5,29
1376791588,5,29
1376792192,5,29
1376792685,5,29
1376792695,3,31
1376793298,3,31
1376793596,2,32
1376794200,2,32
1376794804,2,32
1376795409,2,32
1376796013,2,32
1376796617,2,32
1376797056,1,33
1376797660,1,33
1376798263,1,33
1376798867,1,33
1376799470,1,33
1376800074,1,33
1376800677,1,33
1376801282,1,33
1376801886,1,33
1376802489,1,33
1376803093,1,33
1376803696,1,33
1376804300,1,33
1376804904,1,33
1376805508,1,33
1376806111,1,33
1376806715,1,33
1376807318,1,33
1376807922,1,33
1376808043,1,33
1376808053,2,32
1376808460,1,33
1376809064,1,33
1376809667,1,33
1376810271,1,33
1376810876,1,33
1376811388,1,33
1376811439,2,32
1376811490,1,33
1376811580,2,32
1376811809,3,31
1376812264,4,30
1376812359,4,30
1376812368,5,29
1376812903,6,28
1376812913,5,29
1376813325,6,28
1376813541,6,28
1376813682,6,28
1376813718,7,27
1376813763,7,27
1376813843,7,27
1376813930,8,26
1376814037,9,25
1376814095,9,25
1376814138,10,24
1376814400,9,25
1376815005,9,25
1376815180,9,25
1376815653,8,26
1376816116,8,26
1376816204,8,26
1376816246,8,26
1376816303,9,25
1376816380,9,25
1376816422,10,24
1376817030,11,23
1376817382,12,22
1376817681,13,21
1376818266,11,23
1376818402,11,23
1376818518,11,23
1376818693,10,24
1376819223,9,25
1376819827,9,25
1376819910,10,24
1376819935,11,23
1376820539,11,23
1376821144,11,23
1376821413,10,24
1376821484,9,25
1376821540,9,25
1376821569,8,26
1376821632,9,25
1376821780,8,26
1376821813,7,27
1376821961,7,27
1376822565,7,27
1376822792,8,26
1376822848,9,25
1376822954,9,25
1376823016,7,27
1376823074,7,27
1376823151,8,26
1376823390,6,28
1376823420,7,27
1376823526,7,27
1376823637,7,27
1376823683,7,27
1376823718,8,26
1376823863,8,26
1376823923,9,25
1376823973,10,24
1376824093,9,25
1376824196,10,24
1376824569,9,25
1376824657,8,26
1376825045,9,25
1376825357,7,27
1376825552,6,28
1376825642,4,30
1376826246,4,30
1376826405,3,31
1376826408,2,32
1376826499,1,33
1376826689,2,32
1376826909,1,33
1376826971,2,32
1376827017,3,31
1376827070,4,30
1376827723,4,30
1376827727,3,31
1376828046,4,30
1376828672,4,30
1376828695,5,29
1376828960,6,28
1376829159,6,28
1376829211,7,27
1376829396,7,27
1376829405,8,26
1376829476,7,27
1376829575,8,26
1376829998,8,26
1376830035,9,25
1376830162,8,26
1376830542,8,26
1376830584,7,27
1376830635,10,24
1376830668,11,23
1376830835,12,22
1376830897,12,22
1376830909,13,21
1376830970,13,21
1376831078,14,20
1376831140,15,19
1376831415,14,20
1376831498,17,17
1376831577,17,17
1376831680,18,16
1376831728,18,16
1376831747,19,15
1376832372,21,13
1376832535,21,13
1376832592,22,12
1376832697,23,11
1376832761,20,14
1376832786,21,13
1376832882,22,12
1376832926,21,13
