1376208623,16,2
1376209226,16,2
1376209830,16,2
1376210434,16,2
1376210734,16,2
1376210787,16,2
1376211391,16,2
1376211995,16,2
1376212598,16,2
1376212691,15,3
1376212749,16,2
1376212857,16,2
1376212985,16,2
1376213166,15,3
1376213383,13,5
1376213616,13,5
1376213643,14,4
1376213922,14,4
1376213981,14,4
1376214035,15,3
1376214078,15,3
1376214365,16,2
1376214969,16,2
1376215112,17,1
1376215163,17,1
1376215195,16,2
1376215337,15,3
1376215940,15,3
1376216033,14,4
1376216412,15,3
1376216730,17,1
1376216788,16,2
1376217393,16,2
1376217996,16,2
1376218600,16,2
1376218643,15,3
1376218674,16,2
1376218826,14,4
1376218901,12,6
1376219489,12,6
1376219552,12,6
1376219608,12,6
1376219633,12,6
1376220025,14,4
1376220079,14,4
1376220137,14,4
1376220195,15,3
1376220368,14,4
1376220972,14,4
1376221241,13,5
1376221846,13,5
1376222024,12,6
1376222579,11,7
1376222727,12,6
1376222893,12,6
1376223091,12,6
1376223154,11,7
1376223533,10,8
1376223619,9,9
1376223941,6,12
1376224545,6,12
1376224663,5,13
1376224665,4,14
1376224824,3,15
1376225428,3,15
1376225743,2,16
1376225765,2,16
1376225864,2,16
1376225872,3,15
1376226371,4,14
1376226938,5,13
1376226989,5,13
1376227005,5,13
1376227108,6,12
1376227138,7,11
1376227362,5,13
1376227414,6,12
1376227480,5,13
1376227775,6,12
1376227830,5,13
1376228151,4,14
1376228281,5,13
1376228673,6,12
1376229277,6,12
1376229519,5,13
1376229738,4,14
1376229880,3,15
1376230484,3,15
1376230952,4,14
1376230987,2,16
1376231591,2,16
1376232163,0,18
1376232219,0,18
1376232268,0,18
1376232871,0,18
1376232935,1,17
1376233123,1,17
1376233130,0,18
1376233338,0,18
1376233942,0,18
1376234078,1,17
1376234088,2,16
1376234263,2,16
1376234317,3,15
1376234618,2,16
1376234743,2,16
1376234803,3,13
1376234836,6,12
1376234955,5,13
1376235039,5,13
1376235094,6,12
1376235137,6,12
1376235201,6,12
1376235266,6,12
1376235316,6,12
1376235402,7,11
1376235473,7,11
1376236113,5,13
1376236142,5,13
1376236228,4,14
1376236301,2,16
1376236355,4,14
1376236425,5,13
1376236541,7,11
1376236598,9,9
1376236627,10,8
1376237232,10,8
1376237376,9,9
1376237917,9,9
1376237982,10,8
1376238116,11,7
1376238378,13,5
1376238981,13,5
1376239514,12,6
1376239588,12,5
1376239662,13,5
1376239700,12,6
1376239777,11,7
1376239961,10,8
1376240142,10,8
1376240382,11,7
1376240391,12,6
1376240616,11,7
1376240801,11,7
1376240857,12,6
1376241461,12,6
1376242045,11,7
1376242241,11,7
1376242245,13,5
1376242615,12,6
1376243219,12,6
1376243823,12,6
1376244083,11,7
1376244146,10,8
1376244218,11,7
1376244233,12,6
1376244401,12,6
1376244434,12,6
1376244521,13,5
1376244524,12,6
1376244728,11,7
1376244894,12,6
1376245335,10,8
1376245475,11,7
1376245536,12,6
1376245600,13,5
1376246198,14,4
1376246261,12,6
1376246310,13,5
1376246339,14,4
1376246436,14,4
1376246459,15,3
1376246922,14,4
1376247581,14,4
1376247621,15,3
1376248225,15,3
1376248421,15,3
1376249025,15,3
1376249406,16,2
1376249470,15,3
1376250074,15,3
1376250210,13,5
1376250791,12,6
1376251350,10,8
1376251564,11,7
1376251622,10,8
1376251825,10,8
1376251857,11,7
1376252461,11,7
1376253065,11,7
1376253669,11,7
1376254170,12,6
1376254713,11,7
1376255316,11,7
1376255731,12,6
1376255802,12,6
1376255822,12,6
1376255938,11,7
1376256150,11,7
1376256288,10,8
1376256892,10,8
1376257302,10,8
1376257341,11,7
1376257944,11,7
1376258374,11,7
1376258444,11,6
1376258490,11,7
1376258561,11,7
1376258589,10,8
1376258669,11,7
1376259273,11,7
1376259877,11,7
1376260481,11,7
1376260983,12,6
1376261610,12,6
1376261678,12,6
1376261739,13,5
1376261764,13,5
1376262145,14,4
1376262750,14,4
1376263354,14,4
1376263643,15,3
1376263700,16,2
1376263781,15,3
1376263809,14,4
1376264077,13,5
1376264113,13,5
1376264196,13,5
1376264205,14,4
1376264810,14,4
1376264874,13,5
1376265477,13,5
1376266081,13,5
1376266685,13,5
1376267289,13,5
1376267892,13,5
1376268496,13,5
1376269100,13,5
1376269513,13,5
1376269715,13,5
1376270320,13,5
1376270923,13,5
1376271527,13,5
1376272131,13,5
1376272735,13,5
1376273232,12,6
1376273836,12,6
1376274440,12,6
1376275044,12,6
1376275333,11,7
1376275937,11,7
1376276502,11,7
1376276510,12,6
1376277114,12,6
1376277717,12,6
1376278321,12,6
1376278685,13,5
1376279288,13,5
1376279892,13,5
1376280496,13,5
1376281100,13,5
1376281704,13,5
1376282307,13,5
1376282911,13,5
1376283515,13,5
1376284119,13,5
1376284722,13,5
1376285326,13,5
1376285789,14,4
1376285850,14,4
1376285869,13,5
1376286472,13,5
1376286761,13,5
1376286763,14,4
1376286992,15,3
1376287595,15,3
1376287892,16,2
1376287911,15,3
1376288515,15,3
1376289119,15,3
1376289191,14,4
1376289283,14,4
1376289285,14,4
1376289365,15,3
1376289435,15,3
1376289514,15,3
1376289529,15,3
1376289672,15,3
1376290233,14,4
1376290453,13,5
1376290661,13,5
1376290664,14,4
1376291076,14,4
1376291442,14,4
1376291445,13,5
1376291789,14,4
1376292086,14,4
1376292127,15,3
1376292218,15,3
1376292259,14,4
1376292332,14,4
1376292382,14,4
1376292437,14,4
1376292514,15,3
1376292629,14,4
1376293157,15,3
1376293286,15,3
1376293336,16,2
1376293368,15,3
1376293971,15,3
1376294234,15,3
1376294308,16,2
1376294617,15,3
1376294639,16,2
1376294730,17,1
1376294769,16,2
1376294906,15,3
1376294986,15,3
1376295102,14,4
1376295221,14,4
1376295873,14,4
1376296477,14,4
1376297040,13,5
1376297373,12,6
1376297799,14,4
1376297834,15,3
1376298112,15,3
1376298716,15,3
1376299181,14,4
1376299324,16,2
1376299511,15,3
1376299603,14,4
1376299685,15,3
1376300122,13,5
1376300732,13,5
1376300802,14,4
1376300874,15,3
1376301175,14,4
1376301779,14,4
1376302282,15,3
1376302886,15,3
1376302952,14,4
1376303556,14,4
1376304102,14,4
1376304240,14,4
1376304295,15,3
1376304387,15,2
1376304454,15,2
1376304486,17,1
1376304700,17,1
1376304709,16,2
1376304814,13,5
1376305115,12,6
1376305344,13,5
1376305403,11,7
1376305469,11,7
1376305995,11,7
1376306282,10,8
1376306853,8,10
1376307400,9,9
1376307586,8,10
1376307755,7,11
1376307969,8,10
1376308300,9,9
1376308349,8,10
1376308740,7,11
1376308794,7,11
1376308896,8,10
1376308924,9,9
1376309066,10,8
1376309143,9,9
1376309200,9,9
1376309265,9,9
1376309358,9,9
1376309497,9,9
1376309511,9,9
1376309613,9,9
1376309725,9,9
1376309762,10,8
1376310217,9,9
1376310241,8,10
1376310386,9,9
1376310507,8,10
1376311111,8,10
1376311156,7,11
1376311238,7,11
1376311247,8,10
1376311482,8,10
1376311485,9,9
1376311787,8,10
1376311946,8,10
1376311990,9,9
1376312198,9,9
1376312207,10,8
1376312735,9,9
1376312777,10,8
1376313380,10,8
1376313487,8,10
1376313899,7,11
1376314048,6,12
1376314094,7,11
1376314397,9,9
1376314641,11,7
1376315237,10,8
1376315298,10,8
1376315378,10,7
1376315437,11,6
1376315478,11,6
1376315556,11,5
1376315609,12,4
1376315654,12,4
1376315764,12,4
1376316149,12,4
1376316174,13,3
1376316581,12,4
1376316584,13,3
1376316726,14,2
1376316857,15,2
1376317396,17,0
1376317721,16,1
1376317729,13,4
1376317997,12,4
1376318073,11,5
1376318135,11,6
1376318144,11,6
1376318496,11,6
1376318562,12,4
1376318606,12,4
1376318641,13,3
1376318920,14,3
1376318968,15,2
1376319162,15,2
1376319177,16,1
1376319663,17,1
1376320020,16,2
1376320331,17,1
1376320464,18,0
1376321068,18,0
1376321311,17,1
1376321357,18,0
1376321588,17,1
1376321913,18,0
1376322523,18,0
1376323127,18,0
1376323297,17,1
1376323307,16,2
1376323462,15,3
1376323541,15,3
1376323564,14,4
1376324168,14,4
1376324439,13,5
1376324708,14,4
1376324920,14,4
1376324941,16,2
1376325402,15,3
1376325476,14,4
1376325636,13,5
1376325883,13,5
1376325930,13,5
1376325957,14,4
1376326344,13,5
1376326363,13,5
1376326470,14,4
1376326783,13,5
1376326791,12,6
1376326896,12,6
1376327411,11,7
1376327561,10,8
1376327610,8,10
1376327772,7,11
1376327887,6,12
1376327981,6,12
1376327991,7,11
1376328063,6,12
1376328256,7,11
1376328860,7,11
1376328917,8,10
1376329063,9,9
1376329667,9,9
1376329736,10,8
1376330294,11,7
1376330363,12,6
1376330394,10,8
1376330562,10,8
1376330565,9,9
1376330634,8,10
1376331237,8,10
1376331533,9,9
1376331973,10,8
1376332166,9,9
1376332588,10,8
1376332766,9,9
1376333370,9,9
1376333574,8,10
1376333916,6,12
1376334450,4,14
1376334683,4,14
1376334711,5,13
1376334882,4,14
1376334906,5,13
1376334998,7,11
1376335242,6,12
1376335432,7,11
1376335599,6,12
1376336203,6,12
1376336854,5,13
1376336893,5,13
1376336928,5,13
1376337027,6,12
1376337477,7,11
1376337738,7,11
1376337808,7,11
1376337863,8,10
1376337918,9,9
1376338219,8,10
1376338554,9,9
1376338869,8,10
1376339007,9,9
1376339171,9,9
1376339774,9,9
1376340174,8,10
1376340625,8,10
1376340683,9,9
1376341287,9,9
1376341359,10,8
1376341543,10,8
1376342034,10,8
1376342638,10,8
1376343114,9,9
1376343718,9,9
1376343873,8,10
1376343939,8,10
1376343996,8,10
1376344033,9,9
1376344637,9,9
1376344960,7,11
1376345236,8,10
1376345350,7,11
1376345954,7,11
1376346283,6,12
1376346305,5,13
1376346374,4,14
1376346522,4,14
1376346578,4,14
1376346628,4,14
1376346656,6,12
1376347260,6,12
1376347610,5,13
1376348214,5,13
1376348818,5,13
1376349395,6,12
1376349932,5,13
1376350059,4,14
1376350084,4,14
1376350181,4,14
1376350233,4,14
1376350317,3,15
1376350944,3,15
1376350973,4,14
1376351577,4,14
1376351856,5,13
1376352460,5,13
1376352848,4,14
1376352992,4,14
1376353059,4,14
1376353075,5,13
1376353679,5,13
1376354283,5,13
1376354887,5,13
1376355491,5,13
1376356115,5,13
1376356719,5,13
1376357243,6,12
1376357847,6,12
1376358450,6,12
1376359054,6,12
1376359658,6,12
1376359882,5,13
1376360057,6,12
1376360660,6,12
1376361264,6,12
1376361868,6,12
1376362472,6,12
1376363075,6,12
1376363680,6,12
1376364247,7,11
1376364851,7,11
1376365217,8,10
1376365319,9,9
1376365923,9,9
1376366527,9,9
1376367131,9,9
1376367734,9,9
1376368338,9,9
1376368942,9,9
1376369546,9,9
1376370149,9,9
1376370753,9,9
1376371357,9,9
1376371961,9,9
1376372564,9,9
1376373168,9,9
1376373281,9,9
1376373284,8,10
1376373887,8,10
1376374438,9,9
1376374625,8,10
1376375170,7,11
1376375440,7,11
1376375449,8,10
1376375950,9,9
1376376015,10,8
1376376265,11,7
1376376375,13,5
1376376448,13,5
1376376512,13,5
1376376557,14,4
1376376667,13,5
1376377022,14,4
1376377181,15,3
1376377781,14,4
1376377808,15,3
1376378042,14,4
1376378142,14,4
1376378158,14,4
1376378555,15,3
1376379091,14,4
1376379274,13,5
1376379579,14,4
1376379712,15,3
1376380043,15,3
1376380091,16,2
1376380695,16,2
1376380854,15,3
1376381079,14,4
1376381684,14,4
1376382288,14,4
1376382699,13,5
1376382854,13,5
1376382930,14,4
1376382976,15,3
1376383421,14,4
1376383439,15,3
1376384044,15,3
1376384181,16,2
1376384254,15,3
1376384333,15,3
1376384386,16,2
1376384548,16,2
1376384599,16,2
1376384675,16,2
1376384705,17,1
1376384839,16,2
1376385358,17,1
1376385962,17,1
1376386351,17,1
1376386411,18,0
1376386542,17,1
1376386586,17,1
1376386658,17,1
1376386668,18,0
1376386962,18,0
1376386988,17,1
1376387437,17,1
1376387467,18,0
1376388100,13,5
1376388124,12,6
1376388204,12,6
1376388254,11,7
1376388434,12,6
1376389038,12,6
1376389648,12,6
1376389739,11,7
1376389841,11,7
1376389871,14,4
1376390492,14,4
1376390619,13,5
1376390710,14,4
1376390829,15,3
1376390922,15,3
1376390931,16,2
1376391149,16,2
1376391200,15,3
1376391280,15,3
1376391283,16,2
1376391689,16,2
1376392147,17,1
1376392334,17,1
1376392409,18,0
1376393013,18,0
1376393616,18,0
1376394220,18,0
1376394824,18,0
1376395148,17,1
1376395566,16,2
1376395955,15,3
1376396020,14,4
1376396058,13,5
1376396382,14,4
1376396731,13,5
1376396826,14,4
1376397028,13,5
1376397364,14,4
1376397589,13,5
1376397719,14,4
1376398074,14,4
1376398166,14,4
1376398240,15,3
1376398259,15,3
1376398356,15,2
1376398404,16,1
1376398895,17,0
1376399071,18,0
1376399675,18,0
1376400089,17,1
1376400566,17,1
1376401044,18,0
1376401647,18,0
1376401680,17,1
1376402284,17,1
1376402517,18,0
1376402737,17,1
1376402775,14,4
1376402811,12,6
1376403219,11,7
1376403239,11,7
1376403373,10,8
1376403722,10,8
1376403793,10,8
1376403869,9,9
1376403921,8,10
1376403993,7,11
1376404034,10,8
1376404552,11,7
1376404939,10,8
1376405172,11,7
1376405363,12,6
1376405802,11,7
1376405831,11,7
1376406119,10,8
1376406222,13,5
1376406299,14,4
1376406399,15,3
1376407004,15,3
1376407239,15,3
1376407271,17,1
1376407522,16,2
1376407779,16,2
1376407824,17,1
1376407880,15,3
1376408022,15,3
1376408080,16,2
1376408090,17,1
1376408555,17,1
1376408567,18,0
1376409094,17,1
1376409407,16,2
1376409631,17,1
1376409698,18,0
1376409990,17,1
1376410253,18,0
1376410349,16,2
1376410771,14,4
1376410814,10,8
1376410894,10,8
1376410909,10,8
1376411073,9,9
1376411153,10,8
1376411260,8,10
1376411322,8,10
1376411380,7,11
1376411672,6,12
1376411905,5,13
1376412041,3,15
1376412043,4,14
1376412283,3,15
1376412449,5,13
1376412516,6,12
1376412573,6,12
1376412638,7,11
1376413079,6,12
1376413485,4,14
1376413533,3,15
1376413584,3,15
1376413810,3,15
1376413852,4,14
1376414500,3,15
1376414617,1,17
1376414636,0,18
1376414730,0,18
1376414761,0,18
1376414854,0,18
1376414922,0,17
1376414957,2,15
1376415026,3,15
1376415084,2,16
1376415110,4,14
1376415714,4,14
1376415882,3,15
1376415887,2,16
1376416492,2,16
1376416896,3,15
1376416980,1,17
1376417073,0,18
1376417677,0,18
1376417737,1,17
1376417822,0,18
1376417923,0,18
1376417932,1,17
1376418492,0,18
1376419113,0,18
1376419161,1,17
1376419423,0,18
1376420027,0,18
1376420631,0,18
1376421235,0,18
1376421697,1,17
1376422112,0,18
1376422716,0,18
1376422995,1,17
1376423199,0,18
1376423728,1,17
1376424332,1,17
1376424463,1,17
1376424515,2,16
1376424773,1,17
1376424861,1,17
1376424930,4,14
1376425055,6,12
1376425568,5,13
1376425978,6,12
1376426582,6,12
1376427185,6,12
1376427268,5,13
1376427872,5,13
1376428476,5,13
1376428520,4,14
1376429125,4,14
1376429363,3,15
1376429968,3,15
1376430436,2,16
1376430662,1,17
1376430921,2,16
1376431525,2,16
1376431827,1,17
1376432431,1,17
1376433035,1,17
1376433141,0,18
1376433744,0,18
1376434076,1,17
1376434281,0,18
1376434886,0,18
1376435333,1,17
1376435937,1,17
1376436441,2,16
1376436840,2,16
1376436917,2,16
1376437018,2,16
1376437116,2,16
1376437128,3,15
1376437733,3,15
1376438337,3,15
1376438919,2,15
1376438934,2,16
1376439272,3,15
1376439298,4,14
1376439903,4,14
1376440506,4,14
1376441110,4,14
1376441306,4,14
1376441593,5,13
1376441739,7,11
1376441775,6,12
1376441859,7,11
1376442512,7,11
1376443116,7,11
1376443720,7,11
1376444324,7,11
1376444928,7,11
1376445531,7,11
1376445716,6,12
1376446320,6,12
1376446943,6,12
1376447547,6,12
1376448151,6,12
1376448755,6,12
1376449359,6,12
1376449962,6,12
1376450304,5,13
1376450908,5,13
1376451512,5,13
1376452116,5,13
1376452720,5,13
1376453323,5,13
1376453893,6,12
1376454498,6,12
1376455102,6,12
1376455706,6,12
1376456309,6,12
1376456913,6,12
1376457517,6,12
1376458120,6,12
1376458724,6,12
1376459328,6,12
1376459694,5,13
1376459799,6,12
1376460404,6,12
1376461007,6,12
1376461446,5,13
1376462024,4,14
1376462027,5,13
1376462500,6,12
1376462508,7,11
1376462650,8,10
1376462855,9,9
1376463459,9,9
1376463520,7,11
1376463688,9,9
1376463724,8,10
1376463866,9,9
1376463936,9,9
1376464114,10,7
1376464157,9,8
1376464193,10,7
1376464454,11,7
1376464527,12,6
1376464738,11,7
1376465125,10,8
1376465201,10,8
1376465204,11,7
1376465442,12,6
1376465501,12,6
1376465512,13,5
1376465942,11,7
1376466013,11,7
1376466076,11,7
1376466142,11,7
1376466195,11,7
1376466235,12,6
1376466396,11,7
1376466492,11,7
1376466568,12,6
1376466808,13,5
1376466837,12,6
1376467354,11,7
1376467578,11,7
1376468053,10,8
1376468657,10,8
1376468967,10,8
1376469281,9,9
1376469322,10,8
1376469927,10,8
1376469961,11,7
1376470139,10,8
1376470254,9,9
1376470442,8,10
1376470642,8,10
1376470670,9,9
1376470818,10,8
1376471202,11,7
1376471259,11,7
1376471311,12,6
1376471835,13,5
1376471955,13,5
1376472041,13,4
1376472086,15,3
1376472129,15,3
1376472210,17,1
1376472523,17,1
1376472529,17,1
1376472594,16,2
1376473092,15,3
1376473171,16,2
1376473232,16,2
1376473327,16,2
1376473420,16,2
1376473472,17,1
1376473538,17,1
1376473662,18,0
1376474266,18,0
1376474870,18,0
1376475474,18,0
1376476011,17,1
1376476272,18,0
1376476385,17,1
1376476565,16,2
1376476661,17,1
1376476895,18,0
1376477499,18,0
1376477554,18,0
1376478158,18,0
1376478267,17,1
1376478327,18,0
1376478676,17,1
1376478938,16,2
1376479542,16,2
1376479696,17,1
1376480079,16,2
1376480155,16,2
1376480695,15,3
1376480860,14,4
1376481120,13,5
1376481182,12,6
1376481568,11,7
1376481636,10,8
1376481761,9,9
1376481768,8,10
1376481838,7,11
1376481914,5,13
1376482517,5,13
1376482598,4,14
1376482614,3,15
1376482722,4,14
1376483352,3,15
1376483478,4,14
1376483967,4,14
1376484096,5,13
1376484342,5,13
1376484350,6,12
1376484693,5,13
1376484738,3,15
1376485342,3,15
1376485411,2,16
1376485676,1,17
1376485901,2,16
1376485975,1,17
1376486121,2,16
1376486240,3,15
1376486383,3,15
1376486392,2,16
1376486470,2,16
1376486678,2,16
1376486942,0,18
1376487546,0,18
1376488150,0,18
1376488754,0,18
1376489358,0,18
1376489962,0,18
1376490010,1,17
1376490614,1,17
1376490811,2,16
1376491077,1,17
1376491467,0,18
1376491579,1,17
1376491841,0,18
1376492445,0,18
1376493049,0,18
1376493514,1,17
1376493852,2,16
1376493924,3,15
1376494120,2,16
1376494130,1,17
1376494314,0,18
1376494695,1,17
1376495308,0,18
1376495489,1,17
1376495555,1,17
1376495667,0,18
1376496271,0,18
1376496510,0,18
1376496937,0,18
1376496990,1,17
1376497037,2,16
1376497122,2,16
1376497202,3,15
1376497486,2,16
1376497673,3,15
1376497783,2,16
1376497821,3,15
1376497901,4,14
1376497946,3,15
1376498277,2,16
1376498881,2,16
1376499101,2,16
1376499104,1,17
1376499303,0,18
1376499554,1,17
1376499697,0,18
1376500061,0,18
1376500117,1,17
1376500481,2,16
1376500484,1,17
1376500998,0,18
1376501596,1,17
1376501692,0,18
1376501974,1,17
1376502578,1,17
1376503063,0,18
1376503116,0,18
1376503720,0,18
1376503824,0,18
1376503946,0,18
1376504005,0,18
1376504073,0,18
1376504677,0,18
1376504779,1,17
1376505384,1,17
1376505591,0,18
1376506044,1,17
1376506615,0,18
1376507219,0,18
1376507824,0,18
1376507965,0,18
1376508021,1,17
1376508064,2,16
1376508531,3,15
1376508960,2,16
1376509410,1,17
1376509822,2,16
1376509938,1,17
1376510546,2,16
1376510670,1,17
1376511274,1,17
1376511339,1,17
1376511397,2,16
1376511416,4,14
1376511703,4,14
1376511798,3,15
1376511831,4,14
1376511929,5,13
1376511946,4,14
1376512113,3,15
1376512317,4,14
1376512921,4,14
1376513525,4,14
1376514129,4,14
1376514733,4,14
1376515337,4,14
1376515531,3,15
1376516045,2,16
1376516195,1,17
1376516337,2,16
1376516840,2,16
1376516941,3,15
1376517146,2,16
1376517536,1,17
1376517717,0,18
1376518359,0,18
1376518659,2,16
1376519263,2,16
1376519318,2,16
1376519369,3,15
1376519974,3,15
1376520017,4,14
1376520499,3,15
1376520700,2,16
1376520712,1,17
1376520932,0,18
1376520968,0,18
1376521112,1,17
1376521534,0,18
1376522138,0,18
1376522742,0,18
1376522770,0,18
1376523374,0,18
1376523978,0,18
1376524581,0,18
1376525185,0,18
1376525459,0,18
1376525584,0,18
1376525640,0,18
1376525738,0,18
1376525802,1,17
1376525804,1,17
1376526339,1,17
1376526347,0,18
1376526759,0,18
1376526820,2,16
1376526852,2,16
1376527298,2,16
1376527323,5,13
1376527927,5,13
1376528309,6,12
1376528916,6,12
1376529037,6,12
1376529079,6,12
1376529247,6,12
1376529330,6,12
1376529387,7,11
1376529510,6,12
1376529775,7,11
1376529922,8,10
1376530526,8,10
1376530761,7,11
1376531365,7,11
1376531781,7,11
1376531824,8,10
1376532218,8,10
1376532229,9,9
1376532833,9,9
1376533437,9,9
1376533621,9,9
1376533676,10,8
1376534305,9,9
1376534432,8,10
1376534495,8,10
1376534550,7,11
1376535041,8,10
1376535087,10,8
1376535416,11,7
1376536020,11,7
1376536624,11,7
1376537228,11,7
1376537831,11,7
1376538374,10,8
1376538691,10,8
1376538819,10,8
1376538852,10,8
1376538941,10,8
1376538944,10,8
1376539032,10,8
1376539088,11,7
1376539692,11,7
1376540295,11,7
1376540899,11,7
1376540969,11,7
1376540997,11,7
1376541601,11,7
1376541994,10,8
1376542599,10,8
1376542778,11,7
1376542839,13,5
1376542961,13,5
1376542991,13,5
1376543076,13,5
1376543106,14,4
1376543710,14,4
1376544313,14,4
1376544917,14,4
1376545521,14,4
1376546125,14,4
1376546728,14,4
1376547332,14,4
1376547586,14,4
1376547675,15,3
1376548279,15,3
1376548883,15,3
1376549487,15,3
1376550091,15,3
1376550695,15,3
1376551298,15,3
1376551340,15,3
1376551372,15,3
1376551447,15,3
1376551500,16,2
1376551552,16,2
1376551652,17,1
1376552256,17,1
1376552300,16,2
1376552904,16,2
1376553508,16,2
1376554112,16,2
1376554164,17,1
1376554290,15,3
1376554893,15,3
1376555019,14,4
1376555054,14,4
1376555257,13,5
1376555517,14,4
1376555907,14,4
1376555992,15,3
1376556393,15,3
1376556449,16,2
1376556492,17,1
1376556579,16,2
1376556637,17,1
1376556681,17,1
1376556800,18,0
1376556865,17,1
1376557070,16,2
1376557263,17,1
1376557866,17,1
1376558470,17,1
1376559074,17,1
1376559678,17,1
1376560281,17,1
1376560697,16,2
1376561315,16,2
1376561919,16,2
1376562341,14,4
1376562445,15,3
1376562954,16,2
1376563503,15,3
1376563642,14,4
1376564246,14,4
1376564726,13,5
1376565330,12,6
1376565399,13,5
1376565442,12,6
1376565655,12,6
1376565717,13,5
1376565912,11,7
1376566516,11,7
1376566968,10,8
1376567572,10,8
1376568103,9,9
1376568106,8,10
1376568536,8,10
1376568608,9,9
1376568713,9,9
1376568800,9,9
1376568863,10,8
1376569095,10,8
1376569126,11,7
1376569779,11,7
1376569842,12,6
1376569858,14,4
1376569962,14,4
1376569965,13,5
1376570341,14,4
1376570674,12,6
1376570731,11,7
1376571161,11,7
1376571212,12,6
1376571242,12,6
1376571379,11,7
1376571461,11,7
1376571464,10,8
1376571576,9,9
1376571633,7,11
1376572007,6,12
1376572200,5,13
1376572360,7,11
1376572380,6,12
1376572439,5,13
1376572496,4,14
1376572997,3,15
1376573148,2,16
1376573318,2,16
1376573380,3,15
1376573401,5,13
1376574005,5,13
1376574574,6,12
1376574641,6,12
1376574725,6,12
1376574846,5,13
1376575361,5,13
1376575364,6,12
1376575478,7,11
1376575523,7,11
1376576127,7,11
1376576197,7,11
1376576259,8,10
1376576294,9,9
1376576378,8,10
1376576471,7,11
1376576553,3,15
1376576674,1,17
1376577014,0,18
1376577619,0,18
1376578052,1,17
1376578237,1,17
1376578245,2,16
1376578472,0,18
1376579076,0,18
1376579670,1,17
1376579736,2,16
1376579791,2,16
1376579861,4,13
1376579912,5,12
1376579927,6,11
1376580460,7,10
1376580744,7,10
1376580811,8,9
1376580852,6,11
1376580892,7,10
1376581283,7,10
1376581318,8,9
1376581520,8,9
1376581558,9,8
1376581656,6,11
1376581714,5,12
1376582318,5,13
1376582497,4,14
1376582600,3,15
1376583023,1,17
1376583325,2,16
1376583930,2,16
1376584120,3,15
1376584130,4,14
1376584373,5,13
1376584476,3,15
1376584490,3,15
1376584544,3,15
1376584614,3,15
1376584668,3,15
1376585125,2,16
1376585187,1,17
1376585248,1,17
1376585290,1,17
1376585341,1,17
1376585423,2,16
1376586027,2,16
1376586454,1,17
1376586515,1,17
1376586582,1,17
1376586634,0,18
1376586680,0,18
1376586735,1,17
1376586798,1,17
1376586886,1,17
1376586948,2,16
1376587180,3,15
1376587242,4,14
1376587264,6,12
1376587868,6,12
1376588471,6,12
1376588799,6,12
1376588808,7,11
1376589036,5,13
1376589348,4,14
1376589420,2,16
1376589519,1,17
1376589547,1,17
1376589607,2,16
1376589671,4,14
1376589915,3,15
1376590001,3,15
1376590050,5,13
1376590180,5,13
1376590211,6,12
1376590722,7,11
1376590808,8,10
1376590896,7,11
1376590985,6,12
1376591037,5,13
1376591345,6,12
1376591476,4,14
1376591588,5,13
1376592216,6,12
1376592261,7,11
1376592339,7,11
1376592346,7,11
1376592513,6,12
1376592679,6,12
1376592719,7,11
1376593122,6,11
1376593163,7,11
1376593406,6,12
1376593745,7,11
1376593806,8,10
1376594299,8,10
1376594334,9,9
1376594456,8,10
1376594607,7,11
1376595060,8,10
1376595168,8,10
1376595271,9,9
1376595772,8,10
1376595830,7,11
1376596434,7,11
1376597038,7,11
1376597242,6,12
1376597275,7,11
1376597879,7,11
1376597999,8,10
1376598603,8,10
1376598662,7,11
1376598757,8,10
1376599291,8,10
1376599334,10,8
1376599660,9,9
1376600264,9,9
1376600502,9,9
1376600554,9,9
1376600579,8,10
1376601183,8,10
1376601788,8,10
1376602418,9,9
1376602446,8,10
1376603049,8,10
1376603094,9,9
1376603440,9,9
1376603503,8,10
1376603505,7,11
1376604110,7,11
1376604713,7,11
1376605303,7,11
1376605306,6,12
1376605658,7,11
1376605691,8,10
1376606295,8,10
1376606899,8,10
1376607161,10,8
1376607222,10,8
1376607779,9,9
1376608261,10,8
1376608312,11,7
1376608916,11,7
1376609079,12,6
1376609682,12,6
1376609819,11,7
1376610064,10,8
1376610622,10,8
1376610686,10,8
1376610734,11,7
1376611060,12,6
1376611705,11,7
1376612129,12,6
1376612253,11,7
1376612296,11,7
1376612900,11,7
1376613067,9,9
1376613671,9,9
1376614275,9,9
1376614328,8,10
1376614614,9,9
1376614764,8,10
1376614842,9,9
1376615320,8,10
1376615924,8,10
1376616516,8,10
1376617120,8,10
1376617511,9,9
1376617892,12,6
1376618061,11,7
1376618175,12,6
1376618345,12,6
1376618949,12,6
1376619344,13,5
1376619948,13,5
1376620552,13,5
1376621036,14,4
1376621641,14,4
1376622065,15,3
1376622669,15,3
1376623273,15,3
1376623877,15,3
1376624481,15,3
1376625084,15,3
1376625308,15,3
1376625358,16,2
1376625457,15,3
1376625500,16,2
1376626104,16,2
1376626181,16,2
1376626217,16,2
1376626821,16,2
1376627293,15,3
1376627897,15,3
1376628500,15,3
1376629104,15,3
1376629708,15,3
1376630312,15,3
1376630915,15,3
1376631519,15,3
1376632123,15,3
1376632727,15,3
1376633259,15,3
1376633268,16,2
1376633802,15,3
1376634389,16,2
1376634994,16,2
1376635456,17,1
1376636060,17,1
1376636664,17,1
1376636825,16,2
1376636944,15,3
1376637548,15,3
1376638151,15,3
1376638459,14,4
1376638705,15,3
1376639309,15,3
1376639438,14,4
1376639859,13,5
1376639907,14,4
1376640102,14,4
1376640119,15,3
1376640723,15,3
1376640941,15,3
1376640950,16,2
1376641216,16,2
1376641251,17,1
1376641856,17,1
1376642310,16,2
1376642594,16,2
1376642713,17,1
1376642799,17,1
1376642967,16,2
1376643570,16,2
1376643725,16,2
1376643784,17,1
1376644236,16,2
1376644261,15,3
1376644770,16,2
1376644827,17,1
1376645083,17,1
1376645119,17,1
1376645303,17,1
1376645377,17,1
1376645439,18,0
1376645451,17,1
1376645527,16,2
1376646132,16,2
1376646687,17,1
1376646996,18,0
1376647600,18,0
1376647754,17,1
1376648023,17,1
1376648026,18,0
1376648121,16,2
1376648600,15,3
1376649204,15,3
1376649343,15,3
1376649351,16,2
1376649937,14,4
1376650023,13,5
1376650091,14,4
1376650260,15,3
1376650414,14,4
1376650646,13,5
1376651173,14,4
1376651777,14,4
1376651980,15,3
1376652214,14,4
1376652268,14,4
1376652522,13,5
1376652526,14,4
1376652606,12,6
1376652958,13,5
1376653132,14,4
1376653470,15,3
1376654067,16,2
1376654113,16,2
1376654184,18,0
1376654252,16,2
1376654775,15,3
1376655126,14,4
1376655539,13,5
1376655648,12,6
1376655756,11,7
1376655773,10,8
1376656092,11,7
1376656291,9,9
1376656346,10,8
1376656396,10,8
1376656442,11,7
1376656516,11,7
1376656749,10,8
1376657054,9,9
1376657153,10,8
1376657284,11,7
1376657349,9,9
1376657549,8,10
1376657802,7,11
1376657821,6,12
1376657965,6,12
1376658072,7,11
1376658153,3,15
1376658259,2,16
1376658401,1,17
1376658453,2,16
1376658513,3,15
1376658779,3,15
1376658846,2,16
1376658920,1,17
1376658943,1,17
1376659054,1,17
1376659118,2,16
1376659178,3,15
1376659222,3,15
1376659295,3,15
1376659347,2,16
1376659372,2,16
1376659476,2,16
1376659511,3,15
1376659615,2,16
1376660118,3,15
1376660723,3,15
1376660845,4,14
1376661449,4,14
1376661738,3,15
1376661896,2,16
1376662100,2,16
1376662142,2,16
1376662214,2,16
1376662292,3,15
1376662333,5,13
1376662382,5,13
1376662427,6,12
1376662580,7,11
1376662650,6,12
1376662677,6,12
1376662898,7,11
1376663442,6,12
1376663561,7,11
1376663617,8,10
1376663737,9,9
1376664262,11,7
1376664311,10,8
1376664870,9,9
1376665228,10,8
1376665273,8,10
1376665339,8,10
1376665390,9,9
1376665429,8,10
1376665536,8,10
1376665567,9,9
1376666000,7,11
1376666501,6,12
1376667039,7,11
1376667333,8,10
1376667412,7,11
1376667589,6,12
1376667681,6,12
1376667758,6,12
1376667767,7,11
1376667864,8,10
1376668154,7,11
1376668243,7,11
1376668245,8,10
1376668315,9,9
1376668558,8,10
1376668776,9,9
1376668813,10,8
1376669416,10,8
1376669538,9,9
1376669679,10,8
1376670137,8,10
1376670179,7,11
1376670422,5,13
1376671025,5,13
1376671294,4,14
1376671371,3,15
1376671597,1,17
1376671794,0,18
1376672078,1,17
1376672135,2,16
1376672486,2,16
1376672877,3,15
1376673204,2,16
1376673360,1,17
1376673460,2,16
1376673517,1,17
1376673628,2,16
1376673698,2,16
1376673716,3,15
1376673785,4,14
1376674003,2,16
1376674005,1,17
1376674302,1,17
1376674310,2,16
1376674590,3,15
1376675195,3,15
1376675799,3,15
1376675910,4,14
1376675938,5,13
1376676511,6,12
1376677115,6,12
1376677508,7,11
1376678112,7,11
1376678716,7,11
1376679320,7,11
1376679462,7,11
1376679471,8,10
1376679534,8,10
1376679854,8,10
1376679892,9,9
1376680495,9,9
1376680553,8,10
1376681157,8,10
1376681400,7,11
1376681508,6,12
1376681606,7,11
1376682210,7,11
1376682267,8,10
1376682872,8,10
1376683475,8,10
1376684082,8,10
1376684140,9,9
1376684744,9,9
1376685348,9,9
1376685622,7,11
1376686057,8,10
1376686242,8,10
1376686245,7,11
1376686850,7,11
1376687134,5,13
1376687189,5,13
1376687244,5,13
1376687291,6,12
1376687855,7,11
1376688459,7,11
1376689063,7,11
1376689361,6,12
1376689480,7,11
1376689537,9,9
1376689560,10,8
1376689884,9,9
1376690488,9,9
1376690875,8,10
1376691479,8,10
1376692082,8,10
1376692302,7,11
1376692662,6,12
1376693266,6,12
1376693639,5,13
1376694243,5,13
1376694326,4,14
1376694930,4,14
1376695097,5,13
1376695146,4,14
1376695276,3,15
1376695880,3,15
1376695995,2,16
1376696321,1,17
1376696924,1,17
1376697528,1,17
1376698132,1,17
1376698736,1,17
1376699003,0,18
1376699347,0,18
1376699388,1,17
1376699489,1,17
1376699541,2,16
1376700146,2,16
1376700750,2,16
1376701181,2,16
1376701244,2,16
1376701247,3,15
1376701359,4,14
1376701424,5,13
1376701713,5,13
1376701831,5,13
1376701865,5,13
1376702099,5,13
1376702198,8,10
1376702343,8,10
1376702483,9,9
1376702537,10,8
1376702790,10,8
1376702835,11,7
1376702875,12,6
1376702982,11,7
1376703024,12,6
1376703336,12,6
1376703369,13,5
1376703972,13,5
1376704039,14,4
1376704643,14,4
1376705196,14,4
1376705206,15,3
1376705717,15,3
1376705918,15,3
1376705958,14,4
1376706563,14,4
1376706641,14,4
1376706681,14,4
1376706750,14,4
1376706777,14,4
1376706841,15,3
1376706953,14,4
1376707216,14,4
1376707261,14,4
1376707350,14,4
1376707381,14,4
1376707512,14,4
1376707590,14,4
1376707616,15,3
1376708036,16,2
1376708640,16,2
1376709244,16,2
1376709848,16,2
1376710307,16,2
1376710473,17,1
1376710597,16,2
1376711201,16,2
1376711783,17,1
1376711811,16,2
1376712416,16,2
1376713019,16,2
1376713623,16,2
1376714227,16,2
1376714831,16,2
1376715435,16,2
1376716039,16,2
1376716643,16,2
1376717247,16,2
1376717850,16,2
1376718156,16,2
1376718760,16,2
1376719361,15,3
1376719989,16,2
1376720593,16,2
1376721197,16,2
1376721801,16,2
1376722223,15,3
1376722827,15,3
1376723010,16,2
1376723615,16,2
1376724219,16,2
1376724822,16,2
1376724878,15,3
1376725481,15,3
1376725562,16,2
1376726165,16,2
1376726769,16,2
1376727373,16,2
1376727977,16,2
1376728581,16,2
1376728841,16,2
1376729446,16,2
1376729777,17,1
1376729812,16,2
1376730416,16,2
1376731019,16,2
1376731207,17,1
1376731812,17,1
1376732415,17,1
1376732757,16,2
1376732967,17,1
1376733571,17,1
1376734175,17,1
1376734779,17,1
1376735383,17,1
1376735439,16,2
1376735522,17,1
1376736125,17,1
1376736413,16,2
1376736668,15,3
1376737062,14,4
1376737294,15,3
1376737858,15,3
1376738141,14,4
1376738149,15,3
1376738313,13,5
1376738917,13,5
1376739344,12,6
1376739377,9,9
1376739478,8,10
1376739533,7,11
1376739611,8,10
1376739825,7,11
1376739827,6,12
1376740452,8,10
1376740599,10,8
1376740982,9,9
1376741073,8,10
1376741088,7,11
1376741488,8,10
1376741510,9,9
1376741606,10,8
1376741799,8,10
1376741953,7,11
1376742035,7,11
1376742068,8,10
1376742261,9,9
1376742329,8,10
1376742359,9,9
1376742964,9,9
1376743061,9,9
1376743169,10,8
1376743244,10,8
1376743279,11,7
1376743484,10,8
1376743664,10,8
1376743708,8,10
1376744202,5,13
1376744350,3,15
1376744473,2,16
1376744622,1,17
1376744630,0,18
1376745234,0,18
1376745336,0,18
1376745373,0,18
1376745977,0,18
1376746063,0,18
1376746668,0,18
1376747068,0,18
1376747122,0,18
1376747726,0,18
1376747802,0,18
1376747810,1,17
1376748424,0,18
1376749029,0,18
1376749198,1,17
1376749355,2,16
1376749482,2,16
1376749521,0,18
1376750114,1,17
1376750249,0,18
1376750790,1,17
1376750906,0,18
1376751511,0,18
1376751749,1,17
1376752064,1,17
1376752174,0,18
1376752244,2,16
1376752292,4,14
1376752351,3,15
1376752419,4,14
1376752445,4,14
1376752525,6,12
1376752653,5,13
1376752691,6,12
1376752736,7,11
1376752895,8,10
1376753125,8,10
1376753162,9,9
1376753378,8,10
1376753422,8,10
1376753623,9,9
1376753675,10,8
1376753703,11,7
1376754034,11,7
1376754445,10,8
1376755043,11,7
1376755112,12,6
1376755161,12,6
1376755243,14,4
1376755264,14,4
1376755383,12,6
1376755564,11,7
1376756070,10,8
1376756598,10,8
1376756679,10,8
1376756712,11,7
1376756796,12,6
1376756848,12,6
1376757455,11,7
1376757695,10,8
1376757764,10,8
1376757781,11,7
1376757862,10,8
1376758351,9,9
1376758538,7,11
1376758579,8,10
1376759183,8,10
1376759652,9,9
1376760130,8,10
1376760390,9,9
1376760802,9,9
1376760880,9,9
1376760945,8,10
1376760999,7,11
1376761047,7,11
1376761124,6,12
1376761184,6,12
1376761218,5,13
1376761277,5,13
1376761467,4,14
1376761824,1,17
1376761883,1,17
1376762264,2,16
1376762266,1,17
1376762599,2,16
1376762650,3,15
1376762779,2,16
1376762923,2,16
1376763122,1,17
1376763727,1,17
1376763845,0,18
1376764449,0,18
1376765054,0,18
1376765287,1,17
1376765891,1,17
1376766201,1,17
1376766284,0,18
1376766384,1,17
1376766989,1,17
1376767543,1,17
1376767650,2,16
1376768254,2,16
1376768610,2,16
1376768639,3,15
1376769045,2,16
1376769114,1,17
1376769718,1,17
1376769836,0,18
1376770441,0,18
1376770681,0,18
1376770752,0,18
1376771009,0,18
1376771613,0,18
1376772105,0,18
1376772107,1,17
1376772508,2,16
1376772541,4,14
1376772881,5,13
1376772944,5,13
1376773548,5,13
1376773813,4,14
1376773868,5,13
1376774242,5,13
1376774434,7,11
1376774497,7,11
1376774619,7,11
1376774678,5,13
1376774743,5,13
1376774772,5,13
1376774984,5,13
1376775045,6,12
1376775101,8,10
1376775162,10,8
1376775766,10,8
1376775938,11,7
1376776331,9,9
1376776935,9,9
1376777483,10,8
1376777560,9,9
1376777679,10,8
1376777804,11,7
1376778461,12,6
1376778502,13,5
1376778639,12,6
1376778666,12,6
1376778708,13,5
1376779312,13,5
1376779485,13,5
1376779501,14,4
1376780105,14,4
1376780169,14,4
1376780284,16,2
1376780356,16,2
1376780960,16,2
1376781547,15,3
1376781645,14,4
1376781802,13,5
1376782406,13,5
1376782771,12,6
1376783084,12,6
1376783138,13,5
1376783222,14,4
1376783500,13,5
1376783628,12,6
1376784233,12,6
1376784836,12,6
1376784970,11,7
1376785067,10,8
1376785151,9,9
1376785245,10,8
1376785305,13,5
1376785423,13,5
1376785527,12,6
1376785696,13,5
1376785846,14,4
1376786443,15,3
1376786446,16,2
1376786622,15,3
1376786641,16,2
1376787163,16,2
1376787495,17,1
1376788117,17,1
1376788721,17,1
1376788987,17,1
1376789591,17,1
1376790196,17,1
1376790799,17,1
1376790900,17,1
1376791504,17,1
1376792108,17,1
1376792712,17,1
1376793316,17,1
1376793462,17,1
1376793514,16,2
1376793584,16,2
1376793593,17,1
1376794197,17,1
1376794801,17,1
1376794878,16,2
1376795481,16,2
1376796085,16,2
1376796689,16,2
1376796782,17,1
1376797198,16,2
1376797358,15,3
1376797456,16,2
1376797518,17,1
1376797581,17,1
1376798185,17,1
1376798788,17,1
1376799392,17,1
1376799996,17,1
1376800600,17,1
1376801203,17,1
1376801807,17,1
1376802412,17,1
1376803015,17,1
1376803619,17,1
1376804223,17,1
1376804827,17,1
1376805431,17,1
1376806034,17,1
1376806638,17,1
1376807242,17,1
1376807845,17,1
1376808182,16,2
1376808786,16,2
1376809390,16,2
1376809622,17,1
1376809840,16,2
1376810444,16,2
1376810614,16,2
1376810648,17,1
1376811252,17,1
1376811846,16,2
1376812450,16,2
1376813054,16,2
1376813657,16,2
1376814261,16,2
1376814866,16,2
1376815362,15,3
1376815485,14,4
1376815638,13,5
1376815840,13,5
1376815859,14,4
1376816463,14,4
1376817066,14,4
1376817341,14,4
1376817349,15,3
1376817656,16,2
1376817797,15,3
1376818401,15,3
1376819021,15,3
1376819083,16,2
1376819091,17,1
1376819695,17,1
1376820298,17,1
1376820902,17,1
1376821269,16,2
1376821873,16,2
1376822483,16,2
1376822541,16,2
1376822573,17,1
1376823091,16,2
1376823525,14,4
1376824129,14,4
1376824754,15,3
1376824902,13,5
1376825506,13,5
1376825904,12,6
1376826508,12,6
1376826996,13,5
1376827110,14,4
1376827242,14,4
1376827846,14,4
1376827941,12,6
1376828047,13,5
1376828655,12,6
1376828704,11,7
1376828777,10,8
1376829315,9,9
1376829718,10,8
1376830043,9,9
1376830107,9,9
1376830184,10,8
1376830362,9,9
1376830637,8,10
1376831045,7,11
1376831274,8,10
1376831422,7,11
1376831503,7,11
1376831505,6,12
1376831619,6,12
1376831651,6,12
1376831738,6,12
1376831773,5,13
1376831918,4,14
1376832025,3,15
1376832151,2,16
1376832248,1,17
1376832809,0,18
