1376208664,18,7
1376209268,18,7
1376209872,18,7
1376210477,18,7
1376211080,18,7
1376211633,17,8
1376211691,16,9
1376212168,16,9
1376212195,16,9
1376212261,16,9
1376212865,16,9
1376213500,15,10
1376214104,15,10
1376214524,14,11
1376214555,13,12
1376214825,14,11
1376215028,13,12
1376215190,12,13
1376215471,13,12
1376215765,14,11
1376215819,15,10
1376215962,15,10
1376215971,16,9
1376216104,17,8
1376216560,18,7
1376216608,19,6
1376216752,19,6
1376216918,18,7
1376217189,20,5
1376217793,20,5
1376218035,21,4
1376218640,21,4
1376219243,21,4
1376219311,21,4
1376219372,22,3
1376219406,20,5
1376219471,21,4
1376220076,21,4
1376220239,22,3
1376220751,20,5
1376220785,19,6
1376220896,18,7
1376220974,18,7
1376221039,19,6
1376221588,19,6
1376221624,20,5
1376222229,20,5
1376222552,22,3
1376223157,22,3
1376223760,22,3
1376224364,22,3
1376224591,23,2
1376225195,23,2
1376225799,23,2
1376225824,24,1
1376226429,24,1
1376227032,24,1
1376227636,24,1
1376228240,24,1
1376228844,24,1
1376229447,24,1
1376229609,25,0
1376230213,25,0
1376230818,25,0
1376231422,25,0
1376232026,25,0
1376232247,24,1
1376232852,24,1
1376233056,25,0
1376233660,25,0
1376234264,25,0
1376234868,25,0
1376235042,24,1
1376235094,24,1
1376235164,24,1
1376235167,25,0
1376235656,24,1
1376236281,25,0
1376236885,25,0
1376237495,25,0
1376237612,23,2
1376237710,22,3
1376237994,22,3
1376238622,21,4
1376239083,20,5
1376239435,19,6
1376240049,18,7
1376240524,20,5
1376240703,19,6
1376241307,19,6
1376241923,18,7
1376242528,18,7
1376243132,18,7
1376243736,18,7
1376244340,18,7
1376244943,18,7
1376245547,18,7
1376246037,19,6
1376246299,18,7
1376246903,18,7
1376247151,19,6
1376247631,18,7
1376248138,17,8
1376248742,17,8
1376249011,17,7
1376249058,19,6
1376249268,18,7
1376249872,18,7
1376250476,18,7
1376251080,18,7
1376251382,17,8
1376251986,17,8
1376252432,16,9
1376253036,16,9
1376253498,17,8
1376254102,17,8
1376254706,17,8
1376255310,17,8
1376255365,17,8
1376255970,17,8
1376256339,16,9
1376256354,15,10
1376256958,15,10
1376257562,15,10
1376258166,15,10
1376258771,15,10
1376259375,15,10
1376259978,15,10
1376260582,15,10
1376261186,15,10
1376261616,15,10
1376261675,15,10
1376261736,15,10
1376261773,16,9
1376262377,16,9
1376262980,16,9
1376263584,16,9
1376264188,16,9
1376264792,16,9
1376265061,15,10
1376265665,15,10
1376266269,15,10
1376266873,15,10
1376267477,15,10
1376268081,15,10
1376268685,15,10
1376269288,15,10
1376269547,15,10
1376269559,13,12
1376270163,13,12
1376270767,13,12
1376270951,13,12
1376271555,13,12
1376272159,13,12
1376272763,13,12
1376273366,13,12
1376273558,14,11
1376273711,15,10
1376273921,15,10
1376273924,14,11
1376274529,14,11
1376275133,14,11
1376275737,14,11
1376276340,14,11
1376276944,14,11
1376277548,14,11
1376278152,14,11
1376278755,14,11
1376279359,14,11
1376279963,14,11
1376280567,14,11
1376281171,14,11
1376281775,14,11
1376282379,14,11
1376282983,14,11
1376283586,14,11
1376284190,14,11
1376284794,14,11
1376285398,14,11
1376286001,14,11
1376286605,14,11
1376287209,14,11
1376287351,15,10
1376287684,14,11
1376288288,14,11
1376288360,15,10
1376288458,14,11
1376289061,14,11
1376289665,14,11
1376290269,14,11
1376290390,14,11
1376290480,16,9
1376290626,17,8
1376291157,16,9
1376291346,17,8
1376291617,16,9
1376291732,17,8
1376291933,18,7
1376292537,18,7
1376293141,18,7
1376293417,18,7
1376293436,18,7
1376293710,17,8
1376293832,18,7
1376294436,18,7
1376295040,18,7
1376295644,18,7
1376296247,18,7
1376296557,19,6
1376297162,19,6
1376297798,19,6
1376297844,20,5
1376298343,21,4
1376298346,22,3
1376298881,21,4
1376299407,22,3
1376299495,23,2
1376299928,22,3
1376300430,21,4
1376301034,21,4
1376301177,20,5
1376301813,21,4
1376302417,21,4
1376303026,21,4
1376303630,21,4
1376304234,21,4
1376304643,22,3
1376305247,22,3
1376305851,22,3
1376305944,23,2
1376306549,23,2
1376306649,22,3
1376306881,21,4
1376307343,21,4
1376307401,22,3
1376307502,22,3
1376307581,23,2
1376307761,22,3
1376308365,22,3
1376308969,22,3
1376309573,22,3
1376310176,22,3
1376310304,23,2
1376310908,23,2
1376311512,23,2
1376311566,24,1
1376311764,25,0
1376311901,24,1
1376312505,24,1
1376313109,24,1
1376313713,24,1
1376314002,22,3
1376314222,23,2
1376314565,22,3
1376315169,22,3
1376315773,22,3
1376316376,22,3
1376316673,21,4
1376317277,21,4
1376317627,22,3
1376318231,22,3
1376318454,21,4
1376319058,21,4
1376319662,21,4
1376319727,20,5
1376320332,20,5
1376320501,19,6
1376321044,18,7
1376321160,17,8
1376321764,17,8
1376321981,16,8
1376321998,16,9
1376322254,15,10
1376322330,14,11
1376322404,14,11
1376322406,15,10
1376323010,15,10
1376323614,15,10
1376324253,16,9
1376324624,15,10
1376325228,15,10
1376325317,13,12
1376325497,16,9
1376325687,15,10
1376325747,16,9
1376325953,15,10
1376326180,15,10
1376326256,16,9
1376326460,17,8
1376326704,15,10
1376327309,15,10
1376327913,15,10
1376328229,15,10
1376328314,16,9
1376328368,17,8
1376328972,17,8
1376329575,17,8
1376329994,18,7
1376330445,18,7
1376330449,17,8
1376330518,16,9
1376330824,17,8
1376331223,16,9
1376331523,15,10
1376331528,15,10
1376331683,14,11
1376332191,13,12
1376332508,12,13
1376333112,12,13
1376333716,12,13
1376333860,11,14
1376334470,11,14
1376335073,11,14
1376335677,11,14
1376336281,11,14
1376336885,11,14
1376337133,12,13
1376337737,12,13
1376337868,11,14
1376338472,11,14
1376338961,12,13
1376339565,12,13
1376340168,12,13
1376340772,12,13
1376341058,11,14
1376341414,10,15
1376342019,10,15
1376342622,10,15
1376343227,10,15
1376343831,10,15
1376344434,10,15
1376345038,10,15
1376345642,10,15
1376346246,10,15
1376346848,9,16
1376347452,9,16
1376348112,8,17
1376348717,8,17
1376349321,8,17
1376349925,8,17
1376350528,8,17
1376351132,8,17
1376351736,8,17
1376352340,8,17
1376352944,8,17
1376353549,8,17
1376354152,8,17
1376354757,8,17
1376355361,8,17
1376355966,8,17
1376356569,8,17
1376357173,8,17
1376357351,8,17
1376357956,8,17
1376358559,8,17
1376359163,8,17
1376359767,8,17
1376359887,9,16
1376360491,9,16
1376361095,9,16
1376361698,9,16
1376362302,9,16
1376362906,9,16
1376363510,9,16
1376364115,9,16
1376364718,9,16
1376365322,9,16
1376365926,9,16
1376366530,9,16
1376367133,9,16
1376367737,9,16
1376368342,9,16
1376368946,9,16
1376369549,9,16
1376370153,9,16
1376370758,9,16
1376371363,9,16
1376371967,9,16
1376372570,9,16
1376373104,9,16
1376373114,11,14
1376373718,11,14
1376374205,12,13
1376374667,13,12
1376374677,14,11
1376374844,14,11
1376374855,15,10
1376375114,14,11
1376375719,14,11
1376376164,14,11
1376376219,12,13
1376376228,13,12
1376376580,13,12
1376376588,14,11
1376376880,15,10
1376377443,14,11
1376377639,13,12
1376377704,14,11
1376378308,14,11
1376378762,15,10
1376379366,15,10
1376379970,15,10
1376380562,14,11
1376380896,14,11
1376380949,14,11
1376381033,14,11
1376381112,14,11
1376381196,14,11
1376381211,15,10
1376381383,14,11
1376381987,14,11
1376382590,14,11
1376382695,13,12
1376382745,13,12
1376382844,14,11
1376382937,15,10
1376383541,15,10
1376384145,15,10
1376384749,15,10
1376385193,15,10
1376385252,15,10
1376385286,15,10
1376385389,15,10
1376385454,16,9
1376385747,15,10
1376386050,16,9
1376386654,16,9
1376387259,16,9
1376387863,16,9
1376388164,16,9
1376388269,16,9
1376388324,16,9
1376388407,16,9
1376388775,15,10
1376388938,16,9
1376388999,17,8
1376389052,18,7
1376389657,18,7
1376390237,17,8
1376390842,17,8
1376391446,17,8
1376392049,17,8
1376392330,18,7
1376392934,18,7
1376393410,19,6
1376394014,19,6
1376394624,18,7
1376394663,18,7
1376394756,19,6
1376395360,19,6
1376395834,18,7
1376396201,19,6
1376396490,20,5
1376397008,19,6
1376397285,19,6
1376397292,20,5
1376397896,20,5
1376398500,20,5
1376398556,21,4
1376399160,21,4
1376399486,20,5
1376400090,20,5
1376400694,20,5
1376401297,20,5
1376401901,21,4
1376402505,21,4
1376402835,20,5
1376403442,19,6
1376404047,19,6
1376404651,19,6
1376405254,18,7
1376405858,18,7
1376406463,18,7
1376406556,17,8
1376407160,17,8
1376407276,16,9
1376407602,16,9
1376407781,15,10
1376408244,14,11
1376408492,13,12
1376408573,12,13
1376409178,12,13
1376409781,12,13
1376410061,11,14
1376410078,11,14
1376410210,10,15
1376410453,11,14
1376410685,10,15
1376410834,11,14
1376411129,9,16
1376411483,9,16
1376411512,9,16
1376411863,8,17
1376412001,9,16
1376412465,8,17
1376412757,7,18
1376413361,7,18
1376413413,8,17
1376414017,8,17
1376414622,8,17
1376414849,9,16
1376415453,9,16
1376415760,8,17
1376415788,7,18
1376415885,7,18
1376415887,8,17
1376416171,9,16
1376416449,8,17
1376417017,9,16
1376417441,9,16
1376417498,9,16
1376417796,10,15
1376417973,11,14
1376418459,10,15
1376418653,9,16
1376419258,9,16
1376419567,8,17
1376419638,9,16
1376420265,9,16
1376420273,10,15
1376420563,9,16
1376421168,9,16
1376421327,10,15
1376421629,11,14
1376422023,12,13
1376422664,14,11
1376422817,15,10
1376423056,16,9
1376423661,16,9
1376423890,17,8
1376424365,16,9
1376424969,16,9
1376425265,15,10
1376425837,16,9
1376425963,17,8
1376426567,17,8
1376427171,17,8
1376427775,17,8
1376428379,17,8
1376428983,17,8
1376429586,17,8
1376430190,17,8
1376430794,17,8
1376431398,17,8
1376432002,17,8
1376432606,17,8
1376433210,17,8
1376433814,17,8
1376434417,17,8
1376435021,17,8
1376435283,17,8
1376435887,17,8
1376436491,17,8
1376437095,17,8
1376437699,17,8
1376438302,17,8
1376438906,17,8
1376439510,17,8
1376440114,17,8
1376440717,17,8
1376441321,17,8
1376441925,17,8
1376442529,17,8
1376443133,17,8
1376443750,17,8
1376444355,17,8
1376444959,17,8
1376445562,17,8
1376446166,17,8
1376446770,17,8
1376447374,17,8
1376447741,17,8
1376447751,18,7
1376448355,18,7
1376448959,18,7
1376449563,18,7
1376450167,18,7
1376450740,17,8
1376450917,18,7
1376451521,18,7
1376452125,18,7
1376452729,18,7
1376453334,18,7
1376453938,18,7
1376454541,18,7
1376455145,18,7
1376455749,18,7
1376456353,18,7
1376456957,18,7
1376457561,18,7
1376458165,18,7
1376458768,18,7
1376458894,19,6
1376459498,19,6
1376459564,20,5
1376460012,21,4
1376460071,22,3
1376460143,23,2
1376460747,23,2
1376461351,23,2
1376461954,23,2
1376462558,23,2
1376462844,22,3
1376463320,21,4
1376463923,21,4
1376464501,22,3
1376464657,23,2
1376465261,23,2
1376465865,23,2
1376465876,24,1
1376466480,24,1
1376466774,23,2
1376467279,24,1
1376467454,23,2
1376468058,23,2
1376468440,22,3
1376468703,22,3
1376468775,22,3
1376468850,22,3
1376469454,22,3
1376470057,22,3
1376470317,21,4
1376470922,21,4
1376471525,21,4
1376471590,20,5
1376472194,20,5
1376472607,21,4
1376473211,21,4
1376473815,21,4
1376474366,19,6
1376474712,17,8
1376475122,15,10
1376475517,14,11
1376475823,15,10
1376475845,16,9
1376476328,15,10
1376480619,15,10
1376480636,13,12
1376480785,13,12
1376481390,13,12
1376481945,13,12
1376481948,14,11
1376482552,14,11
1376483157,14,11
1376483223,15,10
1376483533,16,9
1376483889,17,8
1376484493,17,8
1376485097,17,8
1376485709,17,8
1376485741,17,8
1376485830,16,9
1376485847,16,9
1376486193,15,10
1376486600,14,11
1376486685,14,11
1376486696,15,10
1376486897,16,9
1376487463,16,9
1376487465,15,10
1376488069,15,10
1376488674,15,10
1376489279,15,10
1376489883,15,10
1376490487,15,10
1376490796,14,11
1376490982,15,10
1376491586,15,10
1376492057,16,9
1376492662,16,9
1376493175,17,8
1376493334,16,9
1376493938,16,9
1376494283,15,10
1376494465,16,9
1376495069,16,9
1376495245,17,8
1376495849,17,8
1376496453,17,8
1376496976,16,9
1376497581,16,9
1376497894,15,10
1376497908,15,10
1376498119,15,10
1376498204,14,11
1376498289,14,11
1376498689,13,12
1376499083,14,11
1376499304,13,12
1376499411,12,13
1376500016,12,13
1376500243,12,13
1376500245,11,14
1376500716,11,14
1376500732,10,15
1376501143,10,15
1376501151,11,14
1376501488,10,15
1376502092,10,15
1376502150,9,16
1376502201,10,15
1376502806,10,15
1376503411,10,15
1376504016,10,15
1376504085,10,15
1376504087,9,16
1376504594,9,16
1376504648,10,15
1376505253,10,15
1376505719,9,16
1376506323,9,16
1376506927,9,16
1376507531,9,16
1376507722,8,17
1376507832,7,18
1376508436,7,18
1376509040,7,18
1376509645,7,18
1376510196,6,19
1376510802,6,19
1376511406,6,19
1376512010,6,19
1376512119,7,18
1376512723,7,18
1376513328,7,18
1376513932,7,18
1376514537,7,18
1376514751,8,17
1376514792,9,16
1376515396,9,16
1376515510,7,18
1376516078,7,18
1376516117,8,17
1376516188,10,15
1376516525,11,14
1376517130,11,14
1376517733,11,14
1376518337,11,14
1376518942,11,14
1376519546,11,14
1376519622,10,15
1376520227,10,15
1376520831,10,15
1376521434,10,15
1376522038,10,15
1376522642,10,15
1376523039,10,15
1376523642,10,15
1376524247,10,15
1376524851,10,15
1376525455,10,15
1376526059,10,15
1376526662,10,15
1376527073,9,16
1376527678,9,16
1376528316,10,15
1376528920,10,15
1376529524,10,15
1376530152,10,15
1376530756,10,15
1376531360,10,15
1376531964,10,15
1376532568,10,15
1376533172,10,15
1376533775,10,15
1376534379,10,15
1376534984,10,15
1376535588,10,15
1376536191,10,15
1376536795,10,15
1376537399,10,15
1376538003,10,15
1376538608,10,15
1376539213,10,15
1376539816,10,15
1376540420,10,15
1376541025,10,15
1376541629,10,15
1376542233,10,15
1376542836,10,15
1376543440,10,15
1376544045,10,15
1376544649,10,15
1376545252,10,15
1376545856,10,15
1376546460,10,15
1376547065,10,15
1376547669,10,15
1376548272,10,15
1376548876,10,15
1376549480,10,15
1376550084,10,15
1376550687,10,15
1376551117,9,16
1376551722,9,16
1376552326,9,16
1376552804,9,16
1376552807,8,17
1376553216,8,16
1376553279,7,17
1376553776,6,18
1376554303,6,18
1376554908,6,18
1376555513,6,18
1376556117,6,18
1376556721,6,18
1376557108,5,19
1376557712,5,19
1376557755,4,20
1376558316,5,19
1376558921,5,19
1376558965,6,18
1376559569,6,18
1376560173,6,18
1376560304,7,17
1376560307,8,16
1376560466,9,15
1376560834,9,15
1376560876,10,14
1376560939,10,14
1376560982,11,13
1376561586,11,13
1376562208,10,14
1376562812,10,14
1376562962,11,13
1376563567,12,12
1376563955,13,11
1376563993,14,10
1376564597,14,10
1376565201,14,10
1376565805,14,10
1376566052,15,9
1376566365,16,8
1376566503,17,7
1376566861,17,7
1376567465,17,7
1376567731,16,8
1376568335,16,8
1376568452,17,7
1376569057,17,7
1376569662,17,7
1376570267,17,7
1376570871,17,7
1376571395,17,7
1376571418,17,7
1376571498,18,6
1376571988,19,5
1376572592,19,5
1376573196,19,5
1376573277,18,6
1376573881,18,6
1376573971,16,8
1376574576,16,8
1376575109,15,9
1376575712,15,9
1376575937,16,8
1376576437,17,7
1376577041,17,7
1376577539,16,7
1376578143,16,7
1376578747,16,7
1376579350,16,7
1376579863,15,8
1376580086,14,9
1376580691,14,9
1376581296,14,9
1376581900,14,9
1376582124,13,10
1376582728,13,10
1376583331,13,10
1376583821,14,10
1376584425,14,10
1376585024,14,10
1376585027,13,11
1376585631,13,11
1376585737,12,12
1376585971,12,12
1376586006,12,12
1376586085,11,13
1376586164,11,13
1376586220,11,13
1376586263,11,13
1376586327,11,13
1376586402,11,13
1376586451,11,13
1376586478,11,13
1376586642,11,13
1376586721,11,13
1376586988,11,13
1376587257,10,14
1376587861,10,14
1376588465,10,14
1376588880,8,16
1376589298,9,15
1376589810,10,14
1376590037,11,13
1376590641,11,13
1376591245,11,13
1376591850,11,13
1376592293,10,14
1376592841,9,15
1376592979,9,15
1376593017,10,14
1376593621,10,14
1376593692,9,15
1376594296,9,15
1376594482,10,14
1376594913,9,15
1376595517,9,15
1376596124,9,15
1376596134,10,14
1376596242,11,13
1376596846,11,13
1376596918,10,14
1376597523,10,14
1376597995,11,13
1376598599,11,13
1376599203,11,13
1376599675,10,14
1376599745,9,15
1376600083,9,15
1376600085,8,16
1376600689,8,16
1376601293,8,16
1376601898,8,16
1376602501,8,16
1376602591,9,15
1376603195,9,15
1376603800,9,15
1376604405,9,15
1376605008,9,15
1376605363,8,16
1376605966,8,16
1376606571,8,16
1376607175,8,16
1376607778,8,16
1376608382,8,16
1376608986,8,16
1376609247,7,17
1376609851,7,17
1376610456,7,17
1376611060,7,17
1376611663,7,17
1376612267,7,17
1376612871,7,17
1376613475,7,17
1376614078,7,17
1376614682,7,17
1376615181,6,18
1376615321,7,17
1376615925,7,17
1376616555,7,17
1376617160,7,17
1376617270,6,18
1376617875,6,18
1376618479,6,18
1376619010,7,17
1376619614,7,17
1376620219,7,17
1376620823,7,17
1376621427,7,17
1376622031,7,17
1376622271,5,19
1376622876,5,19
1376623479,5,19
1376624083,5,19
1376624687,5,19
1376625291,5,19
1376625894,5,19
1376626498,5,19
1376627102,5,19
1376627707,5,19
1376628311,5,19
1376628914,5,19
1376629518,5,19
1376630123,5,19
1376630684,4,20
1376631288,4,20
1376631893,4,20
1376632208,4,21
1376632812,4,21
1376633416,4,21
1376634019,4,21
1376634623,4,21
1376635227,4,21
1376635832,4,21
1376636437,4,21
1376637042,4,21
1376637645,4,21
1376638249,4,21
1376638327,4,21
1376638373,5,20
1376638445,4,21
1376638597,5,20
1376639201,5,20
1376639805,5,20
1376640410,5,20
1376640792,6,19
1376641396,6,19
1376641723,6,19
1376641733,7,18
1376641888,8,17
1376642192,7,18
1376642797,7,18
1376643310,6,19
1376643386,5,20
1376643633,5,20
1376643699,6,19
1376644112,7,18
1376644542,8,17
1376645145,8,17
1376645749,8,17
1376645838,9,16
1376646092,10,15
1376646697,10,15
1376646916,9,16
1376647046,11,14
1376647122,10,15
1376647132,11,14
1376647737,11,14
1376647837,10,15
1376648098,8,17
1376648702,8,17
1376648780,7,18
1376649032,7,18
1376649208,8,17
1376649650,7,18
1376649760,7,18
1376650022,9,16
1376650180,8,17
1376650784,8,17
1376651075,7,18
1376651158,8,17
1376651393,9,16
1376651459,10,15
1376651901,9,16
1376652076,10,15
1376652680,10,15
1376652764,11,14
1376653282,12,13
1376653351,13,12
1376653394,12,13
1376653999,12,13
1376654347,12,13
1376654950,12,13
1376655546,13,12
1376656150,13,12
1376656364,14,11
1376656724,13,12
1376656726,12,13
1376656957,10,15
1376657561,10,15
1376658164,10,15
1376658307,11,14
1376658369,12,13
1376658974,12,13
1376659481,12,13
1376659524,13,12
1376659708,11,14
1376660100,12,13
1376660425,11,14
1376661029,11,14
1376661603,10,15
1376662207,10,15
1376662812,10,15
1376662878,9,16
1376663483,9,16
1376663534,8,17
1376664138,8,17
1376664416,8,17
1376664478,8,17
1376665082,8,17
1376665686,8,17
1376666214,7,18
1376666401,8,17
1376667004,8,17
1376667357,9,16
1376667643,9,16
1376667661,10,15
1376668237,9,16
1376668300,9,16
1376668354,9,16
1376668406,9,16
1376668634,9,16
1376668689,9,16
1376668758,9,16
1376668887,7,18
1376669228,7,18
1376669548,5,20
1376669830,6,19
1376670461,8,17
1376670986,10,15
1376671065,9,16
1376671115,8,17
1376671159,8,17
1376671199,9,16
1376671781,10,15
1376672020,11,14
1376672157,12,13
1376672733,13,12
1376672759,14,11
1376672892,13,12
1376673389,14,11
1376673465,13,12
1376673679,12,13
1376673819,13,12
1376674423,13,12
1376674611,12,13
1376674760,11,14
1376675178,10,15
1376675304,9,16
1376675908,9,16
1376676382,10,15
1376676536,9,16
1376677140,9,16
1376677743,9,16
1376677965,8,17
1376678439,7,18
1376679043,7,18
1376679646,7,18
1376680250,7,18
1376680859,8,17
1376681464,8,17
1376682068,8,17
1376682359,7,18
1376682964,7,18
1376683568,7,18
1376684133,8,17
1376684745,6,19
1376684923,5,20
1376685527,5,20
1376686132,5,20
1376686736,5,20
1376687340,5,20
1376687943,5,20
1376688083,5,20
1376688143,5,20
1376688747,5,20
1376689351,5,20
1376689956,5,20
1376690080,4,21
1376690121,3,22
1376690158,3,22
1376690762,3,22
1376691367,3,22
1376691972,3,22
1376692576,3,22
1376693181,3,22
1376693784,3,22
1376694389,3,22
1376694505,2,23
1376695109,2,23
1376695692,0,25
1376696296,0,25
1376696899,0,25
1376697503,0,25
1376698108,0,25
1376698712,0,25
1376699317,0,25
1376699922,0,25
1376700526,0,25
1376701129,0,25
1376701734,0,25
1376702338,0,25
1376702955,0,25
1376703103,0,25
1376703708,0,25
1376704312,0,25
1376704916,0,25
1376705519,0,25
1376706105,0,25
1376706117,1,24
1376706721,1,24
1376707324,1,24
1376707928,1,24
1376708532,1,24
1376709136,1,24
1376709739,1,24
1376710343,1,24
1376710947,1,24
1376711551,1,24
1376712155,1,24
1376712759,1,24
1376713363,1,24
1376713967,1,24
1376714571,1,24
1376715176,1,24
1376715779,1,24
1376716383,1,24
1376716917,0,25
1376717521,0,25
1376718125,0,25
1376718730,0,25
1376719334,0,25
1376719939,0,25
1376720543,0,25
1376721147,0,25
1376721751,0,25
1376722356,0,25
1376722959,0,25
1376723563,0,25
1376724167,0,25
1376724771,0,25
1376725376,0,25
1376725981,0,25
1376726584,0,25
1376727188,0,25
1376727793,0,25
1376728398,0,25
1376729002,0,25
1376729594,1,24
1376730276,1,24
1376730337,2,23
1376730482,3,22
1376730600,2,23
1376731096,1,24
1376731701,1,24
1376732071,2,23
1376732588,3,22
1376732921,4,21
1376733525,4,21
1376734129,4,21
1376734626,5,20
1376735231,5,20
1376735835,5,20
1376736172,5,20
1376736330,4,21
1376736934,4,21
1376737539,4,21
1376737593,5,20
1376738022,4,21
1376738084,5,20
1376738768,4,21
1376738926,4,21
1376738934,5,20
1376739538,5,20
1376739627,3,22
1376740232,3,22
1376740835,3,22
1376741439,3,22
1376741641,2,23
1376741767,1,24
1376742371,1,24
1376742435,0,25
1376743040,0,25
1376743289,1,24
1376743893,1,24
1376744498,1,24
1376744924,0,25
1376745464,2,23
1376745722,3,22
1376746326,3,22
1376746764,4,21
1376746969,5,20
1376747573,5,20
1376747973,7,18
1376748140,5,20
1376748743,4,21
1376748781,4,21
1376748863,6,19
1376749306,6,19
1376749308,7,18
1376749913,7,18
1376750139,7,18
1376750151,8,17
1376750585,8,17
1376750633,9,16
1376750867,11,14
1376751471,11,14
1376751645,11,14
1376751648,10,15
1376752252,10,15
1376752856,10,15
1376753461,10,15
1376754066,10,15
1376754287,10,15
1376754289,9,16
1376754893,9,16
1376755483,10,15
1376755598,9,16
1376755629,10,15
1376756233,10,15
1376756443,10,15
1376756452,11,14
1376757057,11,14
1376757692,10,15
1376758036,8,17
1376758241,8,17
1376758412,9,16
1376759017,9,16
1376759621,9,16
1376759925,11,14
1376760011,12,13
1376760284,11,14
1376760303,11,14
1376760632,11,14
1376760651,12,13
1376760725,13,12
1376761051,13,12
1376761655,13,12
1376761775,15,10
1376762315,16,9
1376762919,16,9
1376762961,16,9
1376763021,16,9
1376763052,17,8
1376763656,17,8
1376763743,16,9
1376764347,16,9
1376764713,15,10
1376765317,15,10
1376765921,15,10
1376766525,15,10
1376767128,15,10
1376767732,15,10
1376768336,15,10
1376768940,15,10
1376769333,14,11
1376769938,14,11
1376770542,14,11
1376771146,14,11
1376771750,14,11
1376772353,14,11
1376772638,12,13
1376773242,12,13
1376773846,12,13
1376774451,12,13
1376775055,12,13
1376775658,12,13
1376776262,12,13
1376776866,12,13
1376777470,12,13
1376778073,12,13
1376778677,12,13
1376779281,12,13
1376779885,12,13
1376780490,12,13
1376781093,12,13
1376781697,12,13
1376782302,12,13
1376782905,12,13
1376783504,13,12
1376783507,14,11
1376783686,14,11
1376783699,16,9
1376784302,16,9
1376784647,17,8
1376785251,17,8
1376785855,17,8
1376786459,17,8
1376786919,17,8
1376786974,17,8
1376787021,18,7
1376787625,18,7
1376788229,18,7
1376788832,18,7
1376789023,17,8
1376789352,17,8
1376789955,17,8
1376790559,17,8
1376791163,17,8
1376791767,17,8
1376792376,17,8
1376792980,17,8
1376793584,17,8
1376794189,17,8
1376794793,17,8
1376795397,17,8
1376796001,17,8
1376796605,17,8
1376797208,17,8
1376797811,17,8
1376798415,17,8
1376799019,17,8
1376799623,17,8
1376800226,17,8
1376800830,17,8
1376801434,17,8
1376802038,17,8
1376802641,17,8
1376803245,17,8
1376803849,17,8
1376804453,17,8
1376805056,17,8
1376805660,17,8
1376806036,16,9
1376806424,16,9
1376806427,17,8
1376807031,17,8
1376807635,17,8
1376808239,17,8
1376808842,17,8
1376809446,17,8
1376810050,17,8
1376810654,17,8
1376811257,17,8
1376811301,18,7
1376811906,18,7
1376812509,18,7
1376813142,18,7
1376813152,18,7
1376813536,17,8
1376814140,17,8
1376814743,17,8
1376815347,17,8
1376815951,17,8
1376816555,17,8
1376817159,17,8
1376817762,17,8
1376818362,18,7
1376818569,19,6
1376819173,19,6
1376819232,18,7
1376819543,18,7
1376819651,19,6
1376820026,18,7
1376820077,17,8
1376820277,18,7
1376820531,17,8
1376820817,16,9
1376820828,16,9
1376821423,17,8
1376821658,18,7
1376822262,18,7
1376822776,17,8
1376823131,18,7
1376823211,19,6
1376823267,19,6
1376823790,18,7
1376824395,18,7
1376824661,19,6
1376825171,20,5
1376825530,19,6
1376826135,19,6
1376826738,19,6
1376827342,19,6
1376827474,20,5
1376827533,20,5
1376827821,21,4
1376827965,22,3
1376827998,23,2
1376828601,23,2
1376829206,23,2
1376829810,23,2
1376830413,23,2
1376831017,23,2
1376831621,23,2
1376832225,23,2
1376832440,22,3
1376832698,23,2
