1376208441,0,0
1376209045,0,0
1376209649,0,0
1376210253,0,0
1376210857,0,0
1376211391,0,0
1376211995,0,0
1376212598,0,0
1376213202,0,0
1376213806,0,0
1376214410,0,0
1376215013,0,0
1376215617,0,0
1376216221,0,0
1376216825,0,0
1376217428,0,0
1376218032,0,0
1376218636,0,0
1376219240,0,0
1376219844,0,0
1376220447,0,0
1376221051,0,0
1376221655,0,0
1376222259,0,0
1376222868,0,0
1376223473,0,0
1376224077,0,0
1376224680,0,0
1376225284,0,0
1376225888,0,0
1376226492,0,0
1376227095,0,0
1376227699,0,0
1376228303,0,0
1376228908,0,0
1376229513,0,0
1376230118,0,0
1376230722,0,0
1376231326,0,0
1376231930,0,0
1376232534,0,0
1376233138,0,0
1376233742,0,0
1376234346,0,0
1376234950,0,0
1376235554,0,0
1376236159,0,0
1376236762,0,0
1376237366,0,0
1376237969,0,0
1376238574,0,0
1376239177,0,0
1376239781,0,0
1376240385,0,0
1376240609,0,0
1376241212,0,0
1376241816,0,0
1376242419,0,0
1376243024,0,0
1376243627,0,0
1376244231,0,0
1376244596,0,0
1376245200,0,0
1376245805,0,0
1376246408,0,0
1376247012,0,0
1376247616,0,0
1376248220,0,0
1376248515,0,0
1376249119,0,0
1376249723,0,0
1376250140,0,0
1376250171,0,0
1376250309,0,0
1376250450,0,0
1376250490,0,0
1376250551,0,0
1376251154,0,0
1376251758,0,0
1376252362,0,0
1376252959,0,0
1376253018,0,0
1376253260,0,0
1376253322,0,0
1376253926,0,0
1376254530,0,0
1376255134,0,0
1376255737,0,0
1376256341,0,0
1376256945,0,0
1376257549,0,0
1376258152,0,0
1376258756,0,0
1376259366,0,0
1376259970,0,0
1376260573,0,0
1376261178,0,0
1376261781,0,0
1376262385,0,0
1376262989,0,0
1376263592,0,0
1376264196,0,0
1376264800,0,0
1376265404,0,0
1376266008,0,0
1376266611,0,0
1376267215,0,0
1376267819,0,0
1376268423,0,0
1376269032,0,0
1376269636,0,0
1376270240,0,0
1376270844,0,0
1376271259,0,0
1376271317,0,0
1376271922,0,0
1376272525,0,0
1376273129,0,0
1376273734,0,0
1376274337,0,0
1376274941,0,0
1376275545,0,0
1376276149,0,0
1376276752,0,0
1376277356,0,0
1376277960,0,0
1376278564,0,0
1376279167,0,0
1376279771,0,0
1376280375,0,0
1376280979,0,0
1376281582,0,0
1376282186,0,0
1376282790,0,0
1376283394,0,0
1376283998,0,0
1376284601,0,0
1376285205,0,0
1376285809,0,0
1376286414,0,0
1376287017,0,0
1376287621,0,0
1376288225,0,0
1376288828,0,0
1376289432,0,0
1376290036,0,0
1376290640,0,0
1376291244,0,0
1376291848,0,0
1376292452,0,0
1376292489,0,0
1376293094,0,0
1376293697,0,0
1376294301,0,0
1376294905,0,0
1376295509,0,0
1376296112,0,0
1376296716,0,0
1376297320,0,0
1376297924,0,0
1376298528,0,0
1376299132,0,0
1376299736,0,0
1376300339,0,0
1376300943,0,0
1376301547,0,0
1376302151,0,0
1376302754,0,0
1376303358,0,0
1376303962,0,0
1376304566,0,0
1376305169,0,0
1376305773,0,0
1376306377,0,0
1376306981,0,0
1376307585,0,0
1376308188,0,0
1376308792,0,0
1376309396,0,0
1376310000,0,0
1376310603,0,0
1376311207,0,0
1376311810,0,0
1376312414,0,0
1376313018,0,0
1376313622,0,0
1376314227,0,0
1376314830,0,0
1376315019,0,0
1376315147,0,0
1376315751,0,0
1376316355,0,0
1376316958,0,0
1376317562,0,0
1376318166,0,0
1376318770,0,0
1376319375,0,0
1376319978,0,0
1376320582,0,0
1376321186,0,0
1376321790,0,0
1376322393,0,0
1376322998,0,0
1376323602,0,0
1376324205,0,0
1376324809,0,0
1376325413,0,0
1376326017,0,0
1376326620,0,0
1376327224,0,0
1376327828,0,0
1376328432,0,0
1376329042,0,0
1376329645,0,0
1376330249,0,0
1376330852,0,0
1376331456,0,0
1376332060,0,0
1376332664,0,0
1376333268,0,0
1376333871,0,0
1376334475,0,0
1376335079,0,0
1376335683,0,0
1376336287,0,0
1376336891,0,0
1376337494,0,0
1376338100,0,0
1376338705,0,0
1376339308,0,0
1376339913,0,0
1376340342,0,0
1376340946,0,0
1376341555,0,0
1376342159,0,0
1376342764,0,0
1376343374,0,0
1376343977,0,0
1376344581,0,0
1376345186,0,0
1376345789,0,0
1376346393,0,0
1376346997,0,0
1376347601,0,0
1376348205,0,0
1376348809,0,0
1376349413,0,0
1376350017,0,0
1376350621,0,0
1376351224,0,0
1376351831,0,0
1376352435,0,0
1376353039,0,0
1376353643,0,0
1376354247,0,0
1376354851,0,0
1376355455,0,0
1376356059,0,0
1376356663,0,0
1376357267,0,0
1376357660,0,0
1376357692,0,0
1376358296,0,0
1376358900,0,0
1376359504,0,0
1376360107,0,0
1376360711,0,0
1376361315,0,0
1376361920,0,0
1376362525,0,0
1376363129,0,0
1376363733,0,0
1376364337,0,0
1376364940,0,0
1376365544,0,0
1376366148,0,0
1376366752,0,0
1376367356,0,0
1376367959,0,0
1376368563,0,0
1376369167,0,0
1376369771,0,0
1376370374,0,0
1376370978,0,0
1376371582,0,0
1376372186,0,0
1376372789,0,0
1376373393,0,0
1376373998,0,0
1376374601,0,0
1376375205,0,0
1376375809,0,0
1376376412,0,0
1376377016,0,0
1376377621,0,0
1376378225,0,0
1376378829,0,0
1376379433,0,0
1376380037,0,0
1376380641,0,0
1376381245,0,0
1376381849,0,0
1376382453,0,0
1376383057,0,0
1376383660,0,0
1376384264,0,0
1376384868,0,0
1376385472,0,0
1376386075,0,0
1376386680,0,0
1376387284,0,0
1376387887,0,0
1376388491,0,0
1376389095,0,0
1376389699,0,0
1376390093,0,0
1376390697,0,0
1376391301,0,0
1376391905,0,0
1376392509,0,0
1376393113,0,0
1376393717,0,0
1376394320,0,0
1376394924,0,0
1376395528,0,0
1376396132,0,0
1376396736,0,0
1376397341,0,0
1376397945,0,0
1376398548,0,0
1376399152,0,0
1376399756,0,0
1376400360,0,0
1376400963,0,0
1376401567,0,0
1376402171,0,0
1376402775,0,0
1376403379,0,0
1376403984,0,0
1376404588,0,0
1376405191,0,0
1376405795,0,0
1376406399,0,0
1376407002,0,0
1376407606,0,0
1376408210,0,0
1376408814,0,0
1376409418,0,0
1376410022,0,0
1376410625,0,0
1376411229,0,0
1376411833,0,0
1376412437,0,0
1376413041,0,0
1376413645,0,0
1376414249,0,0
1376414852,0,0
1376415456,0,0
1376416060,0,0
1376416663,0,0
1376417267,0,0
1376417871,0,0
1376418475,0,0
1376419079,0,0
1376419682,0,0
1376420286,0,0
1376420890,0,0
1376421500,0,0
1376422103,0,0
1376422707,0,0
1376423311,0,0
1376423916,0,0
1376424520,0,0
1376425124,0,0
1376425727,0,0
1376426337,0,0
1376426941,0,0
1376427546,0,0
1376428149,0,0
1376428759,0,0
1376429363,0,0
1376429733,0,0
1376429776,0,0
1376429833,0,0
1376430437,0,0
1376431041,0,0
1376431645,0,0
1376432249,0,0
1376432852,0,0
1376433456,0,0
1376434060,0,0
1376434664,0,0
1376435267,0,0
1376435871,0,0
1376436476,0,0
1376437081,0,0
1376437684,0,0
1376438288,0,0
1376438892,0,0
1376439496,0,0
1376440099,0,0
1376440703,0,0
1376441307,0,0
1376441911,0,0
1376442514,0,0
1376443118,0,0
1376443722,0,0
1376444060,0,0
1376444115,0,0
1376444719,0,0
1376445323,0,0
1376445926,0,0
1376446530,0,0
1376447134,0,0
1376447738,0,0
1376448341,0,0
1376448946,0,0
1376449550,0,0
1376450154,0,0
1376450757,0,0
1376451361,0,0
1376451965,0,0
1376452568,0,0
1376453172,0,0
1376453776,0,0
1376454380,0,0
1376454984,0,0
1376455587,0,0
1376456191,0,0
1376456795,0,0
1376457398,0,0
1376458002,0,0
1376458606,0,0
1376459210,0,0
1376459813,0,0
1376460417,0,0
1376461021,0,0
1376461626,0,0
1376462229,0,0
1376462833,0,0
1376463437,0,0
1376464041,0,0
1376464644,0,0
1376465248,0,0
1376465852,0,0
1376466456,0,0
1376467059,0,0
1376467663,0,0
1376468267,0,0
1376468871,0,0
1376469474,0,0
1376470078,0,0
1376470682,0,0
1376471286,0,0
1376471890,0,0
1376472493,0,0
1376473097,0,0
1376473701,0,0
1376474305,0,0
1376474909,0,0
1376475513,0,0
1376476117,0,0
1376476721,0,0
1376477325,0,0
1376477929,0,0
1376478532,0,0
1376479136,0,0
1376479741,0,0
1376480345,0,0
1376480949,0,0
1376481553,0,0
1376482157,0,0
1376482760,0,0
1376483364,0,0
1376483968,0,0
1376484572,0,0
1376485175,0,0
1376485779,0,0
1376486383,0,0
1376486986,0,0
1376487590,0,0
1376488194,0,0
1376488798,0,0
1376489402,0,0
1376490005,0,0
1376490609,0,0
1376491213,0,0
1376491817,0,0
1376492421,0,0
1376493025,0,0
1376493629,0,0
1376494232,0,0
1376494836,0,0
1376495440,0,0
1376496044,0,0
1376496648,0,0
1376497252,0,0
1376497855,0,0
1376498459,0,0
1376499063,0,0
1376499666,0,0
1376500270,0,0
1376500874,0,0
1376501478,0,0
1376502081,0,0
1376502685,0,0
1376503289,0,0
1376503893,0,0
1376504497,0,0
1376505106,0,0
1376505710,0,0
1376506314,0,0
1376506918,0,0
1376507522,0,0
1376508126,0,0
1376508730,0,0
1376509333,0,0
1376509937,0,0
1376510541,0,0
1376511145,0,0
1376511748,0,0
1376512352,0,0
1376512956,0,0
1376513560,0,0
1376514163,0,0
1376514767,0,0
1376515694,0,0
1376515779,0,0
1376515809,0,0
1376516004,0,0
1376516609,0,0
1376517213,0,0
1376517816,0,0
1376518420,0,0
1376519024,0,0
1376519627,0,0
1376520231,0,0
1376520835,0,0
1376521439,0,0
1376522042,0,0
1376522646,0,0
1376523250,0,0
1376523854,0,0
1376524457,0,0
1376525061,0,0
1376525665,0,0
1376526269,0,0
1376526872,0,0
1376527476,0,0
1376528080,0,0
1376528684,0,0
1376529287,0,0
1376529891,0,0
1376530460,0,0
1376530501,0,0
1376531105,0,0
1376531709,0,0
1376532313,0,0
1376532917,0,0
1376533520,0,0
1376534124,0,0
1376534728,0,0
1376535332,0,0
1376535935,0,0
1376536539,0,0
1376537143,0,0
1376537747,0,0
1376538351,0,0
1376538954,0,0
1376539558,0,0
1376540162,0,0
1376540766,0,0
1376541369,0,0
1376541973,0,0
1376542577,0,0
1376543181,0,0
1376543785,0,0
1376544389,0,0
1376544993,0,0
1376545596,0,0
1376546200,0,0
1376546804,0,0
1376547408,0,0
1376548011,0,0
1376548615,0,0
1376549219,0,0
1376549823,0,0
1376550426,0,0
1376551030,0,0
1376551634,0,0
1376552238,0,0
1376552842,0,0
1376553445,0,0
1376554049,0,0
1376554653,0,0
1376555257,0,0
1376555860,0,0
1376556465,0,0
1376557069,0,0
1376557672,0,0
1376558276,0,0
1376558880,0,0
1376559484,0,0
1376560088,0,0
1376560692,0,0
1376561295,0,0
1376561899,0,0
1376562502,0,0
1376563106,0,0
1376563710,0,0
1376564314,0,0
1376564923,0,0
1376565527,0,0
1376566131,0,0
1376566735,0,0
1376567339,0,0
1376567942,0,0
1376568547,0,0
1376569156,0,0
1376569760,0,0
1376570364,0,0
1376570967,0,0
1376571571,0,0
1376572175,0,0
1376572779,0,0
1376573383,0,0
1376573987,0,0
1376574590,0,0
1376575194,0,0
1376575798,0,0
1376576401,0,0
1376577005,0,0
1376577609,0,0
1376578213,0,0
1376578817,0,0
1376579420,0,0
1376580024,0,0
1376580628,0,0
1376581231,0,0
1376581835,0,0
1376582439,0,0
1376583042,0,0
1376583646,0,0
1376584256,0,0
1376584860,0,0
1376585463,0,0
1376586067,0,0
1376586671,0,0
1376587275,0,0
1376587879,0,0
1376588482,0,0
1376589086,0,0
1376589690,0,0
1376590294,0,0
1376590897,0,0
1376591501,0,0
1376592105,0,0
1376592709,0,0
1376593312,0,0
1376593917,0,0
1376594521,0,0
1376595124,0,0
1376595728,0,0
1376596332,0,0
1376596936,0,0
1376597539,0,0
1376598143,0,0
1376598747,0,0
1376599351,0,0
1376599955,0,0
1376600558,0,0
1376601162,0,0
1376602093,0,0
1376602697,0,0
1376603301,0,0
1376603905,0,0
1376604508,0,0
1376605112,0,0
1376605716,0,0
1376606320,0,0
1376606924,0,0
1376607528,0,0
1376608131,0,0
1376608735,0,0
1376609339,0,0
1376609942,0,0
1376610546,0,0
1376611150,0,0
1376611754,0,0
1376612358,0,0
1376612961,0,0
1376613565,0,0
1376614169,0,0
1376614773,0,0
1376615377,0,0
1376615980,0,0
1376616584,0,0
1376616861,0,0
1376616892,0,0
1376617496,0,0
1376618100,0,0
1376618705,0,0
1376619308,0,0
1376619912,0,0
1376620516,0,0
1376621119,0,0
1376621723,0,0
1376622327,0,0
1376622931,0,0
1376623534,0,0
1376624138,0,0
1376624742,0,0
1376625346,0,0
1376625950,0,0
1376626553,0,0
1376627157,0,0
1376627761,0,0
1376628365,0,0
1376628968,0,0
1376629572,0,0
1376630176,0,0
1376630780,0,0
1376631384,0,0
1376631988,0,0
1376632592,0,0
1376633195,0,0
1376633799,0,0
1376634403,0,0
1376635007,0,0
1376635610,0,0
1376636214,0,0
1376636818,0,0
1376637422,0,0
1376638026,0,0
1376638629,0,0
1376639233,0,0
1376639837,0,0
1376640441,0,0
1376641044,0,0
1376641648,0,0
1376642252,0,0
1376642856,0,0
1376643459,0,0
1376644064,0,0
1376644668,0,0
1376645271,0,0
1376645875,0,0
1376646480,0,0
1376647084,0,0
1376647688,0,0
1376648292,0,0
1376648895,0,0
1376649499,0,0
1376650103,0,0
1376650706,0,0
1376651310,0,0
1376651914,0,0
1376652518,0,0
1376653122,0,0
1376653725,0,0
1376654332,0,0
1376654935,0,0
1376655539,0,0
1376656143,0,0
1376656747,0,0
1376657351,0,0
1376657955,0,0
1376658558,0,0
1376659162,0,0
1376659766,0,0
1376660370,0,0
1376660974,0,0
1376661577,0,0
1376662181,0,0
1376662785,0,0
1376663389,0,0
1376663993,0,0
1376664596,0,0
1376665200,0,0
1376665804,0,0
1376666408,0,0
1376667011,0,0
1376667615,0,0
1376668219,0,0
1376668823,0,0
1376669427,0,0
1376670031,0,0
1376670634,0,0
1376671238,0,0
1376671843,0,0
1376671987,0,0
1376672592,0,0
1376673196,0,0
1376673799,0,0
1376674403,0,0
1376675007,0,0
1376675611,0,0
1376676214,0,0
1376676818,0,0
1376677422,0,0
1376678026,0,0
1376678629,0,0
1376679233,0,0
1376679837,0,0
1376680441,0,0
1376681044,0,0
1376681649,0,0
1376682253,0,0
1376682856,0,0
1376683460,0,0
1376684064,0,0
1376684668,0,0
1376685271,0,0
1376685875,0,0
1376686479,0,0
1376687088,0,0
1376687692,0,0
1376688296,0,0
1376688899,0,0
1376689503,0,0
1376690107,0,0
1376690711,0,0
1376691316,0,0
1376691919,0,0
1376692523,0,0
1376693127,0,0
1376693731,0,0
1376694335,0,0
1376694939,0,0
1376695543,0,0
1376696147,0,0
1376696750,0,0
1376697354,0,0
1376697958,0,0
1376698562,0,0
1376699165,0,0
1376699769,0,0
1376700373,0,0
1376700977,0,0
1376701581,0,0
1376702184,0,0
1376702788,0,0
1376703344,0,0
1376703354,0,0
1376703425,0,0
1376704030,0,0
1376704633,0,0
1376705237,0,0
1376705841,0,0
1376706445,0,0
1376707049,0,0
1376707653,0,0
1376708257,0,0
1376708860,0,0
1376709464,0,0
1376710068,0,0
1376710672,0,0
1376711275,0,0
1376711879,0,0
1376712483,0,0
1376713087,0,0
1376713691,0,0
1376714294,0,0
1376714898,0,0
1376715502,0,0
1376716106,0,0
1376716709,0,0
1376717313,0,0
1376717917,0,0
1376718521,0,0
1376719125,0,0
1376719729,0,0
1376720334,0,0
1376720937,0,0
1376721541,0,0
1376722145,0,0
1376722749,0,0
1376723353,0,0
1376723956,0,0
1376724560,0,0
1376725164,0,0
1376725767,0,0
1376726372,0,0
1376726976,0,0
1376727580,0,0
1376728184,0,0
1376728788,0,0
1376729392,0,0
1376729995,0,0
1376730599,0,0
1376731203,0,0
1376731807,0,0
1376732411,0,0
1376733015,0,0
1376733618,0,0
1376734222,0,0
1376734826,0,0
1376735436,0,0
1376736039,0,0
1376736643,0,0
1376737247,0,0
1376737767,0,0
1376738371,0,0
1376738975,0,0
1376739579,0,0
1376740182,0,0
1376740786,0,0
1376741390,0,0
1376741994,0,0
1376742597,0,0
1376743201,0,0
1376743809,0,0
1376744413,0,0
1376745017,0,0
1376745621,0,0
1376745664,0,0
1376745878,0,0
1376746482,0,0
1376747086,0,0
1376747689,0,0
1376748293,0,0
1376748369,0,0
1376748438,0,0
1376748541,0,0
1376749145,0,0
1376749749,0,0
1376750353,0,0
1376750956,0,0
1376751560,0,0
1376752164,0,0
1376752768,0,0
1376753371,0,0
1376753975,0,0
1376754579,0,0
1376755183,0,0
1376755787,0,0
1376756392,0,0
1376756996,0,0
1376757600,0,0
1376758204,0,0
1376758807,0,0
1376759411,0,0
1376760015,0,0
1376760619,0,0
1376761222,0,0
1376761826,0,0
1376762430,0,0
1376763035,0,0
1376763639,0,0
1376764242,0,0
1376764846,0,0
1376765450,0,0
1376766054,0,0
1376766657,0,0
1376767261,0,0
1376767865,0,0
1376768469,0,0
1376769073,0,0
1376769677,0,0
1376770281,0,0
1376770884,0,0
1376771488,0,0
1376772092,0,0
1376772696,0,0
1376773299,0,0
1376773903,0,0
1376774507,0,0
1376774916,0,0
1376775525,0,0
1376776129,0,0
1376776733,0,0
1376777336,0,0
1376777940,0,0
1376778544,0,0
1376779148,0,0
1376779752,0,0
1376780355,0,0
1376780959,0,0
1376781563,0,0
1376782167,0,0
1376782771,0,0
1376783375,0,0
1376783978,0,0
1376784582,0,0
1376785186,0,0
1376785790,0,0
1376786394,0,0
1376786997,0,0
1376787601,0,0
1376788205,0,0
1376788809,0,0
1376789412,0,0
1376789695,0,0
1376790299,0,0
1376790902,0,0
1376791506,0,0
1376792110,0,0
1376792714,0,0
1376793318,0,0
1376793921,0,0
1376794526,0,0
1376795130,0,0
1376795733,0,0
1376796337,0,0
1376796941,0,0
1376797545,0,0
1376798148,0,0
1376798752,0,0
1376799356,0,0
1376799960,0,0
1376800563,0,0
1376801167,0,0
1376801771,0,0
1376802375,0,0
1376802978,0,0
1376803582,0,0
1376804186,0,0
1376804790,0,0
1376805394,0,0
1376805997,0,0
1376806601,0,0
1376807206,0,0
1376807809,0,0
1376808413,0,0
1376809017,0,0
1376809621,0,0
1376810224,0,0
1376810828,0,0
1376811432,0,0
1376812036,0,0
1376812639,0,0
1376813243,0,0
1376813847,0,0
1376814451,0,0
1376815055,0,0
1376815659,0,0
1376816262,0,0
1376816866,0,0
1376817470,0,0
1376818073,0,0
1376818677,0,0
1376819282,0,0
1376819885,0,0
1376820489,0,0
1376821093,0,0
1376821697,0,0
1376822300,0,0
1376822904,0,0
1376823514,0,0
1376824118,0,0
1376824722,0,0
1376825325,0,0
1376825929,0,0
1376826533,0,0
1376827136,0,0
1376827740,0,0
1376828344,0,0
1376828948,0,0
1376829552,0,0
1376830155,0,0
1376830759,0,0
1376831363,0,0
1376831967,0,0
1376832571,0,0
