1376208334,5,29
1376208938,5,29
1376209542,5,29
1376210147,5,29
1376210320,5,29
1376210340,7,27
1376210945,7,27
1376211331,7,27
1376211385,9,25
1376211417,10,24
1376211703,10,24
1376211732,11,23
1376212165,11,23
1376212194,12,22
1376212799,12,22
1376213404,12,22
1376214008,12,22
1376214096,13,21
1376214419,12,22
1376214583,12,22
1376214587,11,23
1376214942,11,22
1376214991,11,22
1376215021,12,21
1376215599,12,21
1376215648,13,20
1376215693,14,19
1376216297,14,20
1376216919,12,22
1376216969,12,22
1376217575,10,24
1376217641,12,22
1376217679,13,21
1376217729,13,21
1376217783,13,21
1376218387,13,21
1376218991,13,21
1376219078,14,20
1376219682,14,20
1376220327,13,21
1376220630,11,23
1376220724,10,24
1376221237,9,25
1376221481,9,25
1376221488,10,24
1376221594,10,24
1376221638,12,22
1376221868,11,23
1376221953,10,24
1376222056,11,23
1376222142,10,24
1376222177,12,22
1376222509,11,23
1376223043,11,23
1376223069,8,26
1376223326,7,27
1376223930,7,27
1376224037,8,26
1376224292,8,26
1376224362,9,25
1376224423,9,25
1376224481,9,25
1376224538,9,25
1376224600,10,24
1376224663,10,24
1376224723,10,24
1376224783,10,24
1376224840,10,24
1376224885,10,24
1376224957,10,24
1376225021,11,23
1376225073,11,23
1376225138,11,23
1376225200,11,23
1376225260,11,23
1376225324,11,23
1376225380,11,23
1376225442,11,23
1376225497,11,23
1376225561,11,23
1376225619,11,23
1376225678,10,24
1376225737,10,24
1376225801,10,24
1376225846,10,24
1376225917,10,24
1376225948,10,24
1376226031,10,24
1376226202,10,24
1376226318,10,24
1376226402,11,23
1376226444,12,22
1376226524,12,22
1376226546,12,22
1376226644,12,22
1376226703,12,22
1376226761,12,22
1376226814,12,22
1376226863,11,23
1376226918,11,23
1376227001,11,23
1376227039,11,23
1376227123,11,23
1376227183,11,23
1376227242,11,23
1376227267,11,23
1376227363,11,23
1376227410,11,23
1376227479,11,23
1376227544,11,23
1376227599,11,23
1376227662,11,23
1376227717,11,23
1376227772,11,23
1376227806,11,23
1376227883,11,23
1376227957,12,22
1376228023,12,22
1376228063,12,22
1376228142,10,24
1376228202,10,24
1376228255,10,24
1376228302,10,24
1376228382,10,24
1376228428,10,24
1376228464,11,23
1376228531,12,22
1376228576,13,21
1376228721,13,21
1376228801,15,19
1376229405,15,19
1376229584,16,18
1376229608,17,17
1376229688,17,17
1376229710,18,16
1376229814,17,17
1376229855,19,15
1376229916,19,15
1376229990,20,14
1376230026,19,15
1376230354,20,14
1376230825,19,15
1376231418,18,16
1376231970,19,15
1376232042,19,15
1376232094,22,12
1376232698,22,12
1376232771,21,13
1376233292,22,12
1376233542,21,13
1376233950,20,14
1376234014,19,15
1376234255,20,14
1376234380,20,14
1376234398,21,13
1376234473,19,15
1376234563,16,18
1376234582,14,20
1376234657,14,20
1376234718,14,20
1376234800,16,18
1376234859,17,17
1376234902,18,16
1376234974,18,16
1376235163,20,14
1376235188,20,14
1376235339,19,15
1376235358,20,14
1376235999,21,13
1376236064,24,10
1376236088,25,9
1376236135,24,10
1376236706,24,10
1376236744,25,9
1376236900,24,10
1376237422,23,11
1376237576,22,12
1376237699,20,14
1376238032,18,16
1376238389,16,18
1376238431,16,18
1376238561,16,18
1376238589,17,17
1376239193,17,17
1376239509,19,15
1376239894,19,15
1376239913,20,14
1376240192,20,14
1376240384,19,15
1376240547,20,14
1376240900,19,15
1376241005,20,14
1376241566,21,13
1376241880,21,13
1376241896,22,12
1376242500,22,12
1376242659,20,14
1376243263,20,14
1376243780,19,15
1376243918,20,14
1376243970,20,14
1376244011,22,12
1376244370,20,14
1376244974,20,14
1376245325,18,16
1376245448,16,18
1376245515,16,18
1376245603,17,17
1376245612,16,18
1376245718,17,17
1376245781,19,15
1376246121,18,16
1376246673,18,15
1376246689,19,15
1376247096,20,14
1376247142,21,13
1376247276,22,12
1376247401,20,14
1376247542,19,15
1376247701,19,15
1376247749,19,15
1376247803,21,13
1376247881,20,14
1376247928,21,13
1376248533,21,13
1376248842,22,12
1376248845,23,11
1376249449,23,11
1376249841,24,10
1376249966,24,10
1376250038,23,11
1376250062,22,12
1376250274,21,13
1376250761,23,11
1376251102,22,12
1376251707,22,12
1376252311,22,12
1376252552,21,13
1376252569,20,14
1376253157,19,15
1376253214,20,14
1376253573,19,15
1376253807,18,16
1376253876,19,15
1376254242,19,15
1376254244,18,16
1376254530,17,17
1376254627,14,20
1376254892,14,20
1376254961,14,20
1376255005,15,19
1376255075,15,19
1376255141,16,18
1376255187,17,17
1376255207,18,16
1376255739,17,17
1376255754,16,18
1376255976,16,18
1376255998,17,17
1376256090,16,18
1376256338,18,16
1376256944,18,16
1376257058,18,16
1376257077,19,15
1376257387,19,15
1376257993,19,15
1376258597,19,15
1376259201,19,15
1376259420,18,16
1376259482,17,17
1376259694,15,19
1376259719,17,17
1376260324,17,17
1376260518,18,16
1376260853,17,17
1376261457,17,17
1376261675,15,19
1376261684,15,19
1376262288,15,19
1376262628,15,19
1376262699,16,18
1376263112,14,20
1376263599,13,21
1376264167,13,21
1376264257,13,21
1376264372,13,21
1376264976,13,21
1376265580,13,21
1376266183,13,21
1376266787,13,21
1376267391,13,21
1376267995,13,21
1376268599,13,21
1376269203,13,21
1376269807,13,21
1376270057,13,21
1376270662,13,21
1376271265,13,21
1376271869,13,21
1376272473,13,21
1376273077,13,21
1376273681,13,21
1376274332,12,22
1376274936,12,22
1376275541,12,22
1376276146,12,22
1376276749,12,22
1376277354,12,22
1376277958,12,22
1376278286,13,21
1376278890,13,21
1376279495,13,21
1376280099,13,21
1376280703,13,21
1376281306,13,21
1376281911,13,21
1376282515,13,21
1376283119,13,21
1376283722,13,21
1376284281,14,20
1376284421,14,20
1376284445,15,19
1376285049,15,19
1376285653,15,19
1376286125,14,20
1376286730,14,20
1376287162,13,21
1376287335,14,20
1376287939,14,20
1376288245,15,19
1376288398,14,20
1376288753,14,20
1376288861,14,20
1376288909,13,21
1376289098,13,21
1376289150,13,21
1376289190,13,21
1376289264,13,21
1376289319,13,21
1376289519,13,21
1376289562,14,20
1376289606,16,18
1376289672,17,17
1376289740,18,16
1376289941,19,15
1376289971,19,15
1376290029,19,15
1376290540,19,15
1376290581,21,13
1376290652,23,11
1376290716,23,11
1376290765,24,10
1376291063,22,12
1376291099,21,13
1376291312,22,12
1376291328,23,11
1376291932,23,11
1376292334,24,10
1376292362,23,11
1376292518,25,9
1376292638,25,9
1376292651,26,8
1376292841,27,7
1376293019,28,6
1376293299,27,7
1376293521,27,7
1376293805,28,6
1376293937,29,5
1376294011,30,4
1376294615,30,4
1376294842,31,3
1376295447,31,3
1376295570,32,2
1376296043,33,1
1376296647,33,1
1376297251,33,1
1376297561,33,1
1376297586,33,1
1376298190,33,1
1376298640,33,1
1376298644,32,2
1376299231,32,2
1376299268,32,2
1376299352,33,1
1376299531,32,2
1376300135,32,2
1376300739,33,1
1376301344,33,1
1376301812,32,2
1376302178,33,1
1376302242,34,0
1376302326,31,3
1376302367,30,4
1376302932,29,5
1376303239,30,4
1376303425,30,4
1376303552,30,4
1376303573,29,5
1376303918,30,4
1376303980,31,3
1376304017,32,2
1376304622,32,2
1376304659,31,3
1376305110,32,2
1376305277,33,1
1376305434,32,2
1376305839,31,3
1376305853,30,4
1376306111,31,3
1376306669,32,2
1376307273,32,2
1376307523,33,1
1376307526,34,0
1376307743,33,1
1376307871,34,0
1376308476,34,0
1376308922,33,1
1376309124,32,2
1376309728,32,2
1376309922,33,1
1376310216,34,0
1376310662,33,1
1376311266,33,1
1376311534,34,0
1376312139,34,0
1376312742,34,0
1376313347,34,0
1376313818,33,1
1376313972,34,0
1376314549,33,1
1376314738,32,2
1376315019,33,1
1376315502,33,1
1376315510,31,3
1376315603,32,2
1376316207,32,2
1376316470,31,3
1376317074,31,3
1376317204,30,4
1376317808,30,4
1376318186,31,3
1376318475,30,4
1376318915,29,5
1376318945,26,8
1376319216,27,7
1376319243,28,6
1376319373,29,5
1376319515,28,6
1376319735,27,7
1376319967,28,6
1376320090,29,5
1376320454,30,4
1376321059,30,4
1376321540,31,3
1376321883,32,2
1376322303,31,3
1376322579,30,4
1376322762,30,4
1376322817,30,4
1376323093,31,3
1376323266,30,4
1376323446,29,5
1376323521,29,5
1376323563,31,3
1376324058,29,5
1376324187,30,4
1376324380,31,3
1376324409,31,3
1376324602,30,4
1376324650,30,4
1376324690,31,3
1376324850,29,5
1376324923,28,6
1376325095,27,7
1376325400,27,7
1376325411,28,6
1376325562,27,7
1376325719,26,8
1376325891,25,9
1376326169,24,10
1376326235,24,10
1376326357,24,10
1376326370,25,9
1376326446,26,8
1376326601,26,8
1376326603,27,7
1376327069,26,8
1376327242,27,7
1376327318,27,7
1376327355,27,7
1376327424,26,8
1376327588,27,7
1376327631,26,8
1376327739,25,9
1376327855,24,10
1376327957,23,11
1376328213,24,10
1376328280,25,9
1376328291,26,8
1376328761,25,9
1376328823,24,10
1376329163,22,12
1376329527,23,11
1376329624,22,12
1376329722,23,11
1376329782,23,11
1376329912,22,12
1376330082,22,12
1376330086,22,12
1376330431,23,11
1376330487,22,12
1376330669,23,11
1376330798,24,10
1376331310,25,9
1376331435,24,10
1376331514,23,11
1376331739,22,12
1376332225,22,12
1376332638,21,13
1376332987,22,12
1376333130,23,11
1376333242,22,12
1376333561,23,11
1376334166,23,11
1376334700,23,11
1376334703,22,12
1376334943,21,13
1376334959,22,12
1376335585,21,13
1376335674,21,13
1376335764,22,12
1376335907,21,13
1376336481,20,14
1376337085,20,14
1376337152,21,13
1376337338,20,14
1376337834,20,14
1376338413,20,14
1376338430,21,13
1376338980,20,14
1376339083,21,13
1376339114,20,14
1376339153,19,15
1376339757,19,15
1376340361,19,15
1376340518,19,15
1376340553,19,15
1376341158,19,15
1376341763,19,15
1376342126,20,14
1376342730,20,14
1376343152,20,14
1376343169,21,13
1376343393,21,13
1376343410,22,12
1376344014,22,12
1376344135,21,13
1376344328,20,14
1376344932,20,14
1376345536,20,14
1376345917,19,15
1376346521,19,15
1376346562,18,16
1376346623,19,15
1376346688,19,15
1376346707,20,14
1376346792,19,15
1376347396,19,15
1376347667,19,15
1376347893,18,16
1376347960,18,16
1376348001,18,16
1376348047,19,15
1376348651,19,15
1376348762,18,16
1376349402,18,16
1376349405,17,17
1376350009,17,17
1376350614,17,17
1376351217,17,17
1376351472,18,16
1376351561,19,15
1376351623,20,13
1376351651,22,12
1376352256,22,12
1376352860,22,12
1376353464,22,12
1376354068,22,12
1376354673,22,12
1376355278,22,12
1376355882,22,12
1376356457,22,12
1376357061,22,12
1376357665,22,12
1376358270,22,12
1376358873,22,12
1376359477,22,12
1376360081,22,12
1376360308,21,13
1376360492,20,13
1376360528,18,15
1376361132,18,15
1376361736,18,15
1376362339,18,15
1376362943,18,15
1376363548,18,15
1376364151,18,15
1376364605,19,14
1376365209,19,14
1376365572,18,15
1376366176,18,15
1376366780,18,15
1376367383,18,15
1376367500,19,14
1376368105,19,14
1376368708,19,14
1376369312,19,14
1376369916,19,14
1376370521,19,14
1376371125,19,14
1376371599,18,15
1376372007,19,14
1376372611,19,14
1376373215,19,14
1376373819,19,14
1376374362,19,14
1376374894,20,13
1376375437,21,12
1376375607,22,11
1376375656,23,10
1376376260,23,10
1376376292,22,11
1376376459,22,11
1376376473,23,10
1376376689,24,9
1376377170,24,9
1376377318,23,10
1376377421,23,10
1376377458,26,7
1376377656,27,6
1376377841,27,6
1376378061,29,4
1376378140,29,4
1376378149,30,3
1376378321,30,3
1376378381,31,2
1376378985,31,2
1376379222,32,1
1376379871,31,2
1376380118,32,1
1376380249,31,2
1376380523,32,1
1376380899,31,2
1376381018,32,1
1376381055,33,0
1376381245,32,1
1376381437,32,1
1376381446,33,0
1376382051,33,0
1376382497,32,1
1376382684,31,2
1376383289,31,2
1376383893,31,2
1376383979,30,3
1376384140,30,3
1376384143,31,2
1376384473,30,3
1376384951,31,2
1376385556,31,2
1376385594,32,1
1376385664,33,0
1376386268,33,0
1376386871,33,0
1376387475,33,0
1376388079,33,0
1376388689,33,0
1376388831,32,1
1376388940,32,1
1376388950,33,0
1376389301,33,0
1376389576,32,1
1376389810,31,2
1376389901,31,2
1376389956,31,2
1376389997,31,2
1376390051,31,2
1376390197,31,2
1376390498,31,2
1376390508,32,1
1376390619,33,1
1376390632,32,2
1376390707,32,2
1376390835,31,3
1376391102,31,3
1376391155,31,3
1376391231,29,5
1376391835,29,5
1376392131,28,6
1376392298,28,6
1376392308,29,5
1376392472,29,5
1376392529,29,5
1376392623,29,5
1376392670,30,4
1376392991,29,5
1376393404,28,6
1376393590,29,5
1376393785,30,4
1376393843,31,3
1376394447,31,3
1376394625,32,2
1376394906,31,3
1376395085,29,5
1376395393,28,6
1376395997,28,6
1376396298,27,7
1376396400,28,6
1376396501,28,6
1376396503,27,7
1376396897,27,7
1376396983,28,6
1376396986,29,5
1376397084,28,6
1376397423,29,5
1376398027,29,5
1376398109,27,7
1376398208,28,6
1376398273,29,5
1376398540,28,6
1376399144,28,6
1376399589,27,7
1376399729,27,7
1376399763,28,6
1376400367,28,6
1376400721,29,5
1376401093,30,4
1376401275,30,4
1376401421,30,4
1376401430,31,3
1376401509,32,2
1376402113,32,2
1376402717,32,2
1376402939,31,3
1376403342,31,3
1376403345,30,4
1376403853,29,5
1376403936,29,5
1376403993,29,5
1376404260,28,6
1376404864,28,6
1376405202,26,8
1376405790,25,9
1376405838,26,8
1376406155,25,9
1376406311,26,8
1376406642,27,7
1376406660,27,7
1376406819,27,7
1376407107,27,7
1376407153,28,6
1376407218,29,5
1376407303,30,4
1376407472,30,4
1376407498,29,5
1376407601,29,5
1376407782,29,5
1376407792,30,4
1376407890,29,5
1376407963,29,5
1376407989,27,7
1376408323,27,7
1376408334,24,10
1376408862,24,10
1376408865,25,9
1376409329,26,8
1376409582,26,8
1376409586,26,8
1376410054,27,7
1376410119,27,7
1376410238,26,8
1376410842,26,8
1376410902,26,8
1376410906,25,9
1376411020,24,10
1376411169,23,11
1376411616,23,11
1376411721,22,12
1376411923,22,12
1376411926,21,13
1376412530,21,13
1376412700,21,13
1376412716,22,12
1376412772,21,13
1376413166,20,14
1376413242,21,13
1376413294,21,13
1376413359,24,10
1376413370,23,11
1376413563,21,13
1376413654,22,12
1376413962,18,16
1376414014,17,17
1376414064,17,17
1376414114,17,17
1376414193,18,16
1376414257,17,17
1376414283,16,18
1376414441,16,18
1376414444,15,19
1376414657,16,18
1376415216,16,18
1376415227,17,17
1376415386,17,17
1376415436,17,17
1376415580,16,18
1376415868,16,18
1376415929,14,20
1376415968,15,19
1376416140,14,20
1376416286,13,21
1376416561,13,21
1376416713,12,22
1376416807,12,22
1376417069,11,23
1376417247,11,23
1376417320,13,21
1376417925,13,21
1376418146,14,20
1376418177,14,20
1376418255,10,24
1376418326,9,25
1376418563,9,25
1376418673,8,26
1376418716,9,25
1376418790,8,26
1376418942,8,26
1376418944,7,27
1376419182,6,28
1376419294,5,29
1376419533,6,28
1376419559,5,29
1376419772,6,28
1376419900,6,28
1376419910,7,27
1376420133,7,27
1376420171,7,27
1376420212,10,24
1376420816,10,24
1376421201,11,23
1376421451,11,23
1376422056,11,23
1376422464,10,24
1376422537,8,26
1376423141,8,26
1376423202,8,26
1376423210,9,25
1376423373,10,24
1376423809,9,25
1376423976,9,25
1376424008,10,24
1376424053,9,25
1376424658,9,25
1376425300,8,26
1376425904,8,26
1376426508,8,26
1376426827,7,27
1376427432,7,27
1376427631,4,30
1376427669,5,29
1376428273,5,29
1376428827,4,30
1376429072,3,31
1376429676,3,31
1376430280,3,31
1376430883,3,31
1376431168,2,32
1376431772,2,32
1376432282,1,33
1376432886,1,33
1376433095,2,32
1376433699,2,32
1376434278,1,33
1376434468,0,34
1376435072,0,34
1376435675,0,34
1376435796,0,34
1376435872,3,31
1376436331,4,30
1376436509,5,29
1376437114,5,29
1376437597,4,29
1376437663,5,29
1376437684,4,30
1376438288,4,30
1376438892,4,30
1376439496,4,30
1376440100,4,30
1376440703,4,30
1376441307,4,30
1376441911,4,30
1376442515,4,30
1376442857,4,30
1376443461,4,30
1376444065,4,30
1376444670,4,30
1376445274,4,30
1376445879,4,30
1376446483,4,30
1376447086,4,30
1376447690,4,30
1376447980,4,30
1376447990,3,31
1376448594,3,31
1376449199,3,31
1376449804,3,31
1376450408,3,31
1376451012,3,31
1376451616,3,31
1376451694,3,31
1376451733,4,30
1376452337,4,30
1376452942,4,30
1376453546,4,30
1376454099,4,30
1376454112,5,29
1376454219,5,29
1376454230,6,28
1376454835,6,28
1376455440,6,28
1376456043,6,28
1376456647,6,28
1376457201,7,27
1376457805,7,27
1376457931,8,26
1376458535,8,26
1376458853,7,27
1376459458,7,27
1376460063,7,27
1376460163,6,28
1376460174,7,27
1376460778,7,27
1376461383,7,27
1376461525,7,27
1376461559,8,26
1376461827,8,26
1376461860,9,25
1376462195,8,26
1376462237,9,25
1376462366,9,25
1376462404,11,23
1376462965,11,23
1376462993,12,22
1376463101,13,21
1376463151,15,19
1376463190,16,18
1376463620,17,17
1376463728,18,16
1376463821,18,15
1376463839,18,16
1376464316,17,17
1376464419,18,16
1376464775,19,15
1376464793,20,14
1376465397,20,14
1376465495,19,15
1376465550,19,15
1376465610,20,14
1376465636,21,13
1376465726,20,14
1376465794,20,14
1376465852,23,11
1376466276,24,10
1376466441,25,9
1376466684,26,8
1376466941,25,9
1376467002,24,10
1376467014,25,9
1376467238,26,8
1376467533,26,8
1376467723,25,9
1376467769,24,10
1376467815,24,10
1376468034,24,10
1376468670,25,9
1376468913,26,8
1376469060,27,7
1376469209,27,7
1376469813,27,7
1376470027,26,8
1376470080,26,8
1376470159,26,8
1376470197,27,7
1376470259,28,6
1376470864,28,6
1376471041,27,7
1376471120,28,6
1376471361,27,7
1376471423,26,8
1376472027,26,8
1376472108,25,9
1376472713,25,9
1376472882,26,8
1376472909,27,7
1376473060,26,8
1376473117,26,8
1376473127,28,6
1376473278,27,7
1376473454,28,6
1376474059,28,6
1376474140,27,7
1376474611,27,7
1376474681,27,7
1376474696,27,7
1376475100,26,8
1376475390,27,7
1376475878,28,6
1376476114,27,7
1376476354,28,6
1376476959,28,6
1376477474,29,5
1376477510,29,5
1376477613,28,6
1376478211,28,6
1376478278,28,6
1376478334,28,6
1376478397,27,7
1376478458,27,7
1376478488,26,8
1376478583,26,8
1376478593,26,8
1376478666,27,7
1376478870,26,8
1376479171,26,8
1376479231,26,8
1376479261,25,9
1376479411,25,9
1376479439,26,8
1376479755,24,10
1376479992,25,9
1376480519,24,10
1376480707,23,11
1376480950,24,10
1376481555,24,10
1376481876,25,9
1376482481,25,9
1376483141,25,9
1376483203,25,9
1376483260,26,8
1376483409,27,7
1376483549,27,7
1376483594,28,6
1376484161,28,6
1376484173,29,5
1376484262,30,4
1376484339,30,4
1376484398,31,3
1376484406,31,3
1376484636,31,3
1376484702,31,3
1376484761,31,3
1376484824,31,3
1376484882,31,3
1376484943,31,3
1376484995,31,3
1376485061,31,3
1376485110,30,4
1376485180,30,4
1376485243,30,4
1376485303,29,5
1376485361,29,5
1376485418,29,5
1376485483,29,5
1376485543,29,5
1376485598,29,5
1376485614,29,5
1376485713,29,5
1376485779,29,5
1376485841,29,5
1376485897,29,5
1376485961,29,5
1376486015,29,5
1376486082,29,5
1376486126,29,5
1376486148,29,5
1376486214,30,4
1376486613,31,3
1376487217,31,3
1376487718,30,4
1376487940,31,3
1376488113,29,5
1376488179,29,5
1376488206,29,5
1376488405,30,4
1376489022,30,4
1376489063,30,4
1376489285,30,4
1376489469,30,4
1376489548,30,4
1376489619,30,4
1376489661,30,4
1376489690,30,4
1376489786,30,4
1376489863,30,4
1376489903,30,4
1376489970,30,4
1376490038,30,4
1376490098,30,4
1376490162,30,4
1376490223,30,4
1376490283,30,4
1376490320,29,5
1376490395,29,5
1376490462,29,5
1376490521,29,5
1376490582,29,5
1376490636,29,5
1376490701,29,5
1376490763,28,6
1376490822,28,6
1376490879,28,6
1376490937,28,6
1376490999,28,6
1376491057,28,6
1376491117,28,6
1376491171,28,6
1376491242,28,6
1376491296,28,6
1376491359,28,6
1376491406,28,6
1376491482,28,6
1376491521,28,6
1376491603,28,6
1376491655,28,6
1376491722,28,6
1376491783,28,6
1376491843,28,6
1376491903,28,6
1376491962,28,6
1376492006,28,6
1376492073,28,6
1376492130,27,7
1376492195,27,7
1376492263,27,7
1376492320,27,7
1376492383,27,7
1376492438,27,7
1376492503,27,7
1376492561,27,7
1376492618,27,7
1376492681,27,7
1376492743,27,7
1376492803,27,7
1376492856,27,7
1376492916,27,7
1376492983,27,7
1376493041,27,7
1376493093,27,7
1376493163,27,7
1376493223,27,7
1376493262,27,7
1376493433,28,6
1376493595,27,7
1376493659,28,6
1376493756,29,5
1376494216,30,4
1376494258,31,3
1376494549,30,4
1376494847,29,5
1376495200,30,4
1376495259,28,6
1376495291,28,6
1376495557,27,7
1376495742,28,6
1376495803,28,6
1376495806,28,6
1376496102,27,7
1376496224,27,7
1376496278,27,7
1376496315,27,7
1376496442,27,7
1376496482,27,7
1376496567,28,6
1376497172,28,6
1376497224,28,6
1376497297,28,6
1376497347,29,5
1376497475,30,4
1376497527,31,3
1376497833,29,5
1376498070,28,6
1376498089,28,6
1376498261,28,6
1376498265,28,6
1376498331,28,6
1376498423,27,7
1376498674,28,6
1376498780,29,5
1376498981,27,7
1376499024,27,7
1376499102,28,6
1376499279,29,5
1376499336,28,6
1376499696,27,7
1376499899,26,8
1376500358,26,8
1376500404,27,7
1376500459,29,5
1376500567,28,6
1376500805,27,7
1376501087,26,8
1376501198,26,8
1376501208,27,7
1376501377,28,6
1376501431,28,6
1376501623,28,6
1376501637,29,5
1376501737,28,6
1376501803,27,7
1376501852,26,8
1376501983,26,8
1376501986,25,9
1376502216,25,9
1376502442,26,8
1376503062,27,7
1376503184,28,6
1376503201,28,6
1376503283,27,7
1376503495,26,8
1376503797,25,9
1376503854,24,10
1376504013,24,10
1376504429,23,11
1376504498,23,11
1376504516,24,10
1376504921,23,11
1376504981,23,11
1376504992,24,10
1376505596,24,10
1376506201,24,10
1376506432,23,11
1376506695,24,10
1376506833,23,11
1376507187,23,11
1376507802,22,12
1376507813,20,14
1376508417,20,14
1376508521,22,12
1376509126,22,12
1376509297,23,11
1376509868,22,12
1376510473,22,12
1376510551,23,11
1376510629,22,12
1376511233,22,12
1376511488,22,12
1376511579,22,12
1376511634,22,12
1376511697,22,12
1376511763,22,12
1376511778,22,12
1376511969,21,13
1376512151,20,14
1376512755,20,14
1376512948,21,13
1376513263,22,12
1376513264,22,12
1376513868,22,12
1376514472,22,12
1376514558,21,13
1376514640,21,13
1376514656,22,12
1376514852,20,14
1376515124,20,14
1376515127,19,15
1376515411,19,15
1376515458,20,14
1376515842,20,14
1376515859,21,13
1376516017,20,14
1376516048,19,15
1376516433,19,15
1376516451,19,15
1376516610,19,15
1376517214,19,15
1376517818,19,15
1376518242,18,16
1376518252,17,17
1376518675,16,18
1376518908,15,19
1376518991,14,20
1376519312,14,20
1376519380,14,20
1376519984,14,20
1376520098,13,21
1376520330,12,22
1376520788,12,22
1376520838,13,21
1376520982,14,20
1376521586,14,20
1376522190,14,20
1376522318,12,22
1376522922,12,22
1376523527,12,22
1376523745,11,23
1376524349,11,23
1376524835,11,23
1376524899,11,23
1376524905,11,23
1376525510,11,23
1376525617,11,23
1376525644,11,23
1376526128,11,23
1376526176,12,22
1376526635,13,21
1376526652,14,20
1376526708,15,19
1376526822,14,20
1376526858,15,19
1376527464,14,20
1376528067,14,20
1376528475,12,22
1376529343,12,22
1376529347,11,23
1376529417,11,23
1376530022,11,23
1376530308,11,23
1376530912,11,23
1376531491,8,26
1376531919,7,27
1376532523,7,27
1376532891,6,28
1376533495,6,28
1376534099,6,28
1376534704,6,28
1376535308,6,28
1376535912,6,28
1376536516,6,28
1376537120,6,28
1376537667,6,28
1376537702,7,27
1376538307,7,27
1376538911,7,27
1376539515,7,27
1376540123,7,27
1376540727,7,27
1376541331,7,27
1376541936,7,27
1376542223,8,26
1376542828,8,26
1376543432,8,26
1376544035,8,26
1376544640,8,26
1376545233,8,26
1376545275,9,25
1376545598,8,26
1376546202,7,27
1376546211,7,27
1376546815,7,27
1376547420,7,27
1376548024,7,27
1376548345,7,27
1376548374,7,27
1376548767,7,27
1376548801,8,26
1376549406,8,26
1376550009,8,26
1376550613,8,26
1376551151,8,26
1376551200,9,25
1376551805,9,25
1376551950,9,25
1376551982,10,24
1376552071,10,24
1376552102,11,23
1376552714,11,23
1376553318,11,23
1376553640,10,24
1376553936,9,25
1376554237,10,24
1376554356,10,24
1376554960,10,24
1376555140,10,24
1376555171,11,23
1376555776,11,23
1376556379,11,23
1376556439,12,22
1376557043,12,22
1376557647,12,22
1376558123,11,23
1376558302,10,24
1376558906,10,24
1376559337,10,24
1376559343,11,23
1376559947,11,23
1376560552,11,23
1376560774,10,24
1376560891,10,24
1376560949,12,22
1376561137,13,21
1376561641,12,22
1376562245,12,22
1376562851,12,22
1376563224,13,21
1376563326,12,22
1376563413,12,22
1376563467,12,22
1376563503,12,22
1376563602,13,21
1376563642,13,21
1376563817,13,21
1376564248,13,21
1376564275,14,20
1376564441,14,20
1376564466,15,19
1376564559,14,20
1376564766,13,21
1376565017,14,20
1376565241,13,21
1376565450,14,20
1376565785,13,21
1376566389,13,21
1376566895,13,21
1376566950,15,19
1376567321,15,19
1376567345,16,18
1376567443,16,18
1376567502,15,19
1376567518,15,19
1376567614,15,19
1376567675,13,21
1376567862,13,21
1376567901,13,21
1376567965,14,20
1376568025,14,20
1376568630,14,20
1376569147,14,20
1376569239,15,19
1376569247,14,20
1376569419,14,20
1376569488,14,20
1376569569,14,20
1376569750,14,20
1376570021,14,20
1376570306,14,20
1376570331,15,19
1376570615,15,19
1376570661,17,17
1376571029,16,18
1376571099,17,17
1376571119,18,16
1376571368,19,15
1376571643,18,16
1376571724,17,17
1376571824,17,17
1376571859,18,16
1376572151,17,17
1376572340,17,17
1376572400,19,15
1376572509,19,15
1376572770,19,15
1376572814,20,14
1376573417,20,14
1376573636,19,15
1376574239,19,15
1376574331,19,14
1376574345,20,14
1376574440,20,14
1376575044,20,14
1376575182,19,15
1376575185,18,16
1376575466,20,14
1376575486,20,14
1376575560,21,13
1376575938,22,12
1376576174,22,12
1376576216,23,11
1376576327,22,12
1376576494,24,10
1376576530,25,9
1376576572,24,10
1376576643,25,9
1376577029,25,9
1376577047,25,9
1376577132,25,9
1376577737,25,9
1376578103,25,9
1376578159,25,9
1376578232,27,7
1376578516,26,8
1376578650,26,8
1376578669,26,8
1376578776,26,8
1376578959,27,7
1376579192,27,7
1376579257,27,7
1376579285,27,7
1376579860,27,7
1376579871,28,6
1376580102,28,6
1376580148,27,7
1376580753,27,7
1376581117,28,6
1376581182,28,6
1376581296,29,5
1376581350,30,4
1376581409,30,4
1376581455,30,4
1376581527,30,4
1376581585,28,6
1376581663,28,6
1376581723,28,6
1376581771,28,6
1376581881,28,6
1376581939,28,6
1376582122,26,8
1376582223,26,8
1376582284,26,8
1376582436,26,8
1376582738,26,8
1376582802,26,8
1376582920,27,7
1376582976,26,8
1376583026,27,7
1376583088,27,7
1376583122,27,7
1376583193,28,6
1376583262,27,7
1376583402,25,9
1376583416,24,10
1376583626,23,11
1376583694,23,11
1376583758,22,12
1376584165,21,13
1376584494,20,14
1376585009,19,15
1376585134,19,15
1376585199,20,14
1376585276,21,13
1376585555,20,14
1376585741,19,15
1376585778,17,17
1376586382,17,17
1376587002,17,17
1376587023,18,16
1376587178,16,18
1376587239,16,18
1376587261,17,17
1376587459,18,16
1376587512,17,17
1376587600,16,18
1376587655,17,17
1376588109,18,16
1376588317,16,18
1376588731,15,19
1376589298,14,20
1376589647,13,21
1376590049,14,20
1376590073,13,21
1376590280,12,22
1376590398,13,21
1376590467,13,21
1376590502,13,21
1376590558,13,20
1376590662,14,19
1376590663,14,19
1376590753,13,20
1376590821,14,19
1376591197,14,19
1376591220,15,18
1376591657,14,19
1376591730,15,18
1376591897,14,19
1376592402,14,19
1376592513,12,21
1376592564,12,21
1376592619,13,20
1376593223,14,20
1376593455,15,19
1376594060,15,19
1376594232,14,20
1376594848,15,19
1376595452,15,19
1376596056,15,19
1376596242,16,18
1376596244,16,18
1376596420,15,19
1376597020,15,19
1376597043,16,18
1376597561,16,18
1376597603,17,17
1376597633,19,15
1376597856,19,15
1376597875,20,14
1376597998,19,15
1376598353,18,16
1376598432,16,18
1376598702,15,19
1376598729,13,21
1376598981,13,21
1376599013,15,19
1376599288,16,18
1376599311,17,17
1376599929,16,18
1376600533,16,18
1376601138,16,18
1376601742,16,18
1376602300,16,18
1376602368,17,17
1376602601,17,17
1376602622,18,16
1376603227,18,16
1376603522,17,17
1376604126,17,17
1376604729,17,17
1376605333,17,17
1376605599,16,18
1376605616,15,19
1376606014,14,20
1376606491,12,22
1376606777,10,24
1376607381,10,24
1376607461,10,24
1376607467,11,23
1376608072,11,23
1376608371,9,25
1376608656,9,25
1376608709,10,24
1376608768,10,24
1376608833,10,24
1376608932,10,24
1376608972,11,23
1376609042,10,24
1376609661,10,24
1376609692,11,23
1376610296,11,23
1376610900,11,23
1376610946,10,24
1376611282,11,23
1376611335,12,22
1376611940,12,22
1376612544,12,22
1376612845,11,23
1376613154,10,24
1376613210,10,24
1376613272,10,24
1376613301,11,23
1376613906,11,23
1376614511,11,23
1376615116,11,23
1376615598,11,23
1376615647,11,23
1376616251,11,23
1376616854,11,23
1376617459,11,23
1376618063,11,23
1376618666,11,23
1376619270,11,23
1376619874,11,23
1376620478,11,23
1376621083,11,23
1376621687,11,23
1376622290,11,23
1376622893,11,23
1376623497,11,23
1376624101,11,23
1376624705,11,23
1376625308,11,23
1376625912,11,23
1376626228,12,22
1376626279,12,22
1376626884,12,22
1376627488,12,22
1376628091,12,22
1376628695,12,22
1376629161,13,21
1376629765,13,21
1376630369,13,21
1376630972,13,21
1376631280,13,21
1376631304,14,20
1376631909,14,20
1376632513,14,20
1376633012,14,20
1376633254,14,20
1376633279,15,19
1376633709,14,20
1376634024,13,21
1376634049,14,20
1376634387,13,21
1376634522,13,21
1376634541,13,21
1376634864,13,21
1376634889,14,20
1376635183,15,19
1376635214,16,18
1376635464,16,18
1376635501,16,18
1376635594,17,17
1376635947,18,16
1376636551,18,16
1376637155,18,16
1376637759,18,16
1376637925,18,16
1376637959,19,15
1376638049,20,14
1376638115,20,14
1376638133,21,13
1376638738,21,13
1376639117,22,12
1376639721,22,12
1376640325,22,12
1376640929,22,12
1376641533,22,12
1376642137,22,12
1376642440,21,13
1376642465,19,15
1376642544,20,14
1376643148,20,14
1376643703,20,14
1376644352,20,14
1376644369,21,13
1376644841,21,13
1376644889,19,15
1376644958,20,14
1376645072,20,14
1376645090,21,13
1376645371,21,13
1376645387,22,12
1376645488,23,11
1376646093,23,11
1376646336,22,12
1376646886,21,13
1376646994,21,13
1376647010,22,12
1376647095,21,13
1376647286,21,13
1376647348,22,12
1376647410,24,10
1376647519,24,10
1376647643,25,9
1376647713,25,9
1376647755,26,8
1376647874,25,9
1376648479,25,9
1376649082,25,9
1376649158,26,8
1376649763,26,8
1376649900,27,7
1376649998,27,7
1376650026,26,8
1376650630,26,8
1376650723,27,7
1376650898,27,7
1376650947,28,6
1376650966,27,7
1376651570,27,7
1376651650,26,8
1376651825,25,9
1376651911,24,10
1376652516,24,10
1376652620,24,10
1376652780,25,9
1376652877,26,8
1376653483,25,9
1376653601,24,10
1376653614,25,9
1376654083,23,11
1376654176,22,12
1376654780,22,12
1376654886,23,11
1376654927,22,12
1376655531,22,12
1376655627,23,11
1376655658,24,10
1376655711,23,11
1376656180,23,11
1376656193,24,10
1376656423,24,10
1376656430,25,9
1376656504,25,9
1376656723,25,9
1376656734,27,7
1376657338,27,7
1376657417,26,8
1376657468,26,8
1376657509,26,8
1376657577,27,7
1376657676,28,6
1376657921,29,5
1376658524,29,5
1376658699,29,5
1376658718,30,4
1376658793,29,5
1376659009,29,5
1376659105,29,5
1376659174,29,5
1376659239,29,5
1376659302,30,4
1376659344,31,3
1376659415,31,3
1376659453,32,2
1376660058,32,2
1376660149,31,3
1376660321,31,3
1376660331,32,2
1376660467,31,3
1376660729,30,4
1376661125,29,5
1376661434,29,5
1376661473,30,4
1376662077,30,4
1376662659,30,4
1376662705,31,3
1376662838,32,2
1376663442,32,2
1376663508,31,3
1376663856,32,2
1376664460,32,2
1376664845,31,3
1376665449,31,3
1376665589,30,4
1376666099,31,3
1376666166,30,4
1376666426,29,5
1376666558,30,4
1376666608,31,3
1376666979,29,5
1376667463,30,4
1376667522,30,4
1376667525,29,5
1376667693,28,6
1376667826,28,6
1376667999,26,8
1376668057,25,9
1376668454,23,11
1376668540,24,10
1376668639,23,11
1376668770,22,12
1376668877,21,13
1376669077,22,12
1376669185,23,11
1376669309,24,10
1376669377,24,10
1376669390,25,9
1376669551,24,10
1376669740,23,11
1376669775,24,10
1376669983,22,12
1376669986,21,13
1376670067,20,14
1376670138,19,15
1376670338,18,16
1376670738,19,15
1376670939,18,16
1376671110,17,17
1376671715,17,17
1376671783,18,16
1376672102,17,17
1376672743,17,17
1376672764,18,16
1376672898,19,15
1376673149,20,14
1376673323,19,15
1376673536,18,16
1376673823,17,17
1376674040,18,16
1376674110,19,15
1376674180,20,14
1376674520,19,15
1376674724,19,15
1376674770,20,14
1376674787,21,13
1376674894,20,14
1376674916,20,14
1376675428,19,15
1376675561,18,16
1376675587,17,17
1376675677,18,16
1376675856,19,15
1376675901,20,14
1376676138,21,13
1376676307,22,12
1376676549,21,13
1376676668,19,15
1376676871,19,15
1376676905,21,13
1376677508,21,13
1376677903,22,12
1376677904,22,12
1376678059,21,13
1376678167,20,14
1376678221,18,16
1376678301,19,15
1376678905,19,15
1376679100,19,15
1376679188,20,14
1376679317,20,14
1376679360,20,14
1376679695,19,15
1376680299,19,15
1376680480,18,16
1376680830,19,15
1376681019,18,16
1376681028,17,17
1376681235,16,18
1376681383,16,18
1376681405,17,17
1376681498,17,17
1376681519,18,16
1376681650,18,16
1376681981,17,17
1376681992,18,16
1376682643,16,18
1376682802,16,18
1376682847,15,19
1376683048,16,18
1376683423,15,19
1376683829,15,19
1376683893,17,17
1376684440,14,20
1376684499,14,20
1376684524,15,19
1376685128,15,19
1376685447,15,19
1376685521,16,18
1376686158,17,17
1376686763,17,17
1376687367,17,17
1376687563,18,16
1376688168,18,16
1376688575,18,16
1376688595,19,15
1376688884,16,18
1376688889,16,18
1376689170,15,19
1376689363,13,21
1376689380,12,22
1376689945,11,23
1376690248,11,23
1376690275,12,22
1376690417,11,23
1376690492,12,22
1376691089,13,21
1376691522,12,22
1376692153,13,21
1376692414,13,21
1376692427,13,21
1376692490,13,21
1376693094,13,21
1376693293,11,23
1376693898,11,23
1376694028,10,23
1376694058,10,23
1376694690,10,24
1376695104,9,25
1376695210,8,26
1376695263,7,27
1376695500,6,28
1376696104,6,28
1376696442,5,29
1376696445,4,30
1376697050,4,30
1376697654,4,30
1376698259,4,30
1376698863,4,30
1376699307,3,31
1376699742,3,31
1376699782,4,30
1376700060,3,31
1376700583,2,32
1376701188,2,32
1376701792,2,32
1376702052,2,32
1376702142,2,32
1376702151,2,32
1376702231,2,32
1376702835,2,32
1376703276,2,32
1376703880,2,32
1376704484,2,32
1376705089,2,32
1376705692,2,32
1376706296,2,32
1376706901,2,32
1376707506,2,32
1376708110,2,32
1376708714,2,32
1376709319,2,32
1376709618,2,32
1376709650,2,32
1376710254,2,32
1376710859,2,32
1376711237,2,32
1376711841,2,32
1376712446,2,32
1376713051,2,32
1376713656,2,32
1376714260,2,32
1376714864,2,32
1376714984,2,32
1376715000,3,31
1376715604,3,31
1376715807,3,31
1376715847,4,30
1376716451,4,30
1376717056,4,30
1376717660,4,30
1376718265,4,30
1376718870,4,30
1376719376,3,31
1376719533,4,30
1376720138,4,30
1376720742,4,30
1376721346,4,30
1376721633,5,29
1376722238,5,29
1376722418,5,29
1376722430,6,28
1376722687,5,29
1376723292,5,29
1376723786,5,29
1376723823,6,28
1376724427,6,28
1376725042,6,28
1376725423,6,28
1376725446,7,27
1376725559,7,27
1376725605,7,27
1376726209,7,27
1376726381,7,27
1376726986,7,27
1376727462,7,27
1376727471,8,26
1376727785,7,27
1376727831,6,28
1376728436,6,28
1376728871,5,29
1376729476,5,29
1376730081,5,29
1376730503,5,29
1376730576,4,30
1376731064,5,29
1376731135,5,29
1376731346,4,30
1376731950,4,30
1376732134,4,30
1376732148,5,29
1376732432,4,30
1376732483,3,31
1376732645,3,31
1376732737,4,30
1376732783,5,29
1376732953,5,29
1376733003,6,28
1376733082,6,28
1376733108,7,27
1376733566,8,26
1376734122,9,25
1376734543,9,25
1376734551,10,24
1376735155,10,24
1376735759,10,24
1376736043,11,23
1376736092,11,23
1376736124,12,22
1376736643,12,22
1376736671,13,21
1376736717,13,21
1376736819,14,20
1376736872,15,19
1376736895,16,18
1376737255,15,19
1376737859,15,19
1376737953,14,20
1376738392,13,21
1376738544,14,20
1376739156,12,22
1376739508,10,24
1376740113,10,24
1376740362,10,24
1376740417,11,23
1376740427,11,23
1376741000,11,23
1376741051,13,21
1376741610,12,22
1376741632,12,22
1376741853,12,22
1376741913,13,21
1376742517,13,21
1376742644,13,21
1376742671,14,20
1376743070,13,21
1376743295,14,20
1376743812,15,19
1376744073,14,20
1376744196,14,20
1376744220,15,19
1376744373,16,18
1376744444,16,18
1376744466,17,17
1376744508,16,18
1376745106,16,18
1376745374,16,18
1376745978,16,18
1376746242,16,18
1376746245,15,19
1376746363,15,19
1376746419,16,18
1376746474,16,18
1376746504,16,18
1376746584,16,18
1376746635,16,18
1376746700,16,18
1376746751,18,16
1376746837,19,15
1376747103,20,14
1376747257,21,13
1376747793,21,13
1376747826,23,11
1376748085,24,10
1376748132,23,11
1376748173,24,10
1376748278,23,11
1376748337,24,10
1376748560,23,11
1376748882,23,11
1376748937,25,9
1376749044,24,10
1376749301,24,10
1376749321,24,10
1376749377,23,11
1376750007,24,10
1376750120,23,11
1376750299,21,13
1376750622,21,13
1376750679,19,15
1376750732,18,16
1376750776,19,15
1376750950,18,16
1376751123,17,17
1376751728,17,17
1376751770,16,18
1376751984,17,17
1376752360,16,18
1376752715,16,18
1376752781,16,18
1376752814,18,16
1376753376,18,16
1376753430,18,16
1376753502,18,16
1376753592,19,15
1376753685,18,16
1376753739,18,16
1376753760,20,14
1376753823,19,15
1376754427,19,15
1376754996,19,15
1376755015,20,14
1376755541,19,15
1376755600,19,15
1376755605,20,14
1376755796,20,14
1376756443,20,14
1376756666,20,14
1376756744,21,13
1376756784,20,14
1376756834,20,14
1376756920,20,14
1376756933,20,14
1376757103,21,13
1376757141,22,12
1376757523,23,11
1376757584,23,11
1376757602,22,12
1376757655,22,12
1376757763,23,11
1376757882,23,11
1376757919,22,12
1376757998,21,13
1376758054,21,12
1376758101,21,12
1376758167,22,12
1376758237,23,11
1376758794,21,13
1376758870,21,13
1376758960,20,14
1376758977,21,13
1376759497,21,13
1376759525,23,11
1376759726,24,10
1376759889,23,11
1376760005,22,12
1376760199,23,11
1376760391,22,12
1376760450,21,13
1376760925,22,12
1376761003,23,11
1376761004,23,11
1376761162,24,10
1376761533,22,12
1376761834,21,13
1376762131,21,13
1376762147,22,12
1376762435,22,12
1376762479,18,16
1376762624,19,15
1376763111,18,16
1376763384,19,15
1376763438,21,13
1376764042,21,13
1376764647,21,13
1376765230,20,14
1376765827,19,15
1376765957,20,14
1376766319,21,13
1376766763,22,12
1376766806,23,11
1376766859,24,10
1376767363,23,11
1376767370,23,11
1376767566,24,10
1376768170,24,10
1376768422,23,11
1376768962,22,12
1376769566,22,12
1376770058,22,12
1376770662,22,12
1376770817,23,11
1376771421,23,11
1376772026,23,11
1376772631,23,11
1376772699,22,12
1376773181,22,11
1376773196,23,10
1376773363,22,11
1376773542,21,12
1376773623,20,13
1376774139,21,12
1376774553,20,13
1376775026,19,14
1376775568,18,15
1376775762,20,13
1376776096,19,14
1376776176,20,13
1376776780,20,14
1376777384,20,14
1376777988,20,14
1376778593,20,14
1376779197,20,14
1376779800,20,14
1376780405,20,14
1376781010,20,14
1376781614,20,14
1376782235,20,14
1376782252,21,13
1376782568,20,14
1376783172,20,14
1376783494,19,15
1376783679,19,15
1376783689,19,15
1376784097,19,15
1376784125,20,14
1376784217,21,13
1376784672,22,12
1376784932,23,11
1376784999,23,11
1376785055,24,10
1376785089,23,11
1376785172,22,12
1376785775,22,12
1376786379,22,12
1376786630,21,13
1376786743,21,13
1376786745,20,14
1376787066,19,15
1376787670,19,15
1376788274,19,15
1376788458,19,15
1376788954,19,15
1376788991,21,13
1376789373,20,14
1376789436,21,13
1376789963,22,12
1376790150,22,12
1376790261,22,12
1376790336,24,10
1376790349,23,11
1376790453,23,11
1376790521,24,10
1376791125,24,10
1376791574,23,11
1376791664,23,11
1376791723,23,11
1376791736,24,10
1376792340,24,10
1376792944,24,10
1376793548,24,10
1376794151,24,10
1376794755,24,10
1376795287,24,10
1376795332,25,9
1376795590,26,8
1376796194,26,8
1376796798,26,8
1376797402,26,8
1376798006,26,8
1376798609,26,8
1376799213,26,8
1376799817,26,8
1376800421,26,8
1376801025,26,8
1376801482,27,7
1376802087,27,7
1376802691,27,7
1376803294,27,7
1376803604,27,7
1376803606,28,6
1376804211,28,6
1376804815,28,6
1376805419,28,6
1376806022,28,6
1376806206,29,5
1376806810,29,5
1376807415,29,5
1376808018,29,5
1376808622,29,5
1376809226,29,5
1376809830,29,5
1376810434,29,5
1376811037,29,5
1376811641,29,5
1376812246,29,5
1376812650,29,5
1376812987,28,6
1376813591,28,6
1376814195,28,6
1376814343,27,7
1376814947,27,7
1376815552,27,7
1376816156,27,7
1376816760,27,7
1376817364,27,7
1376818002,27,7
1376818014,28,6
1376818619,28,6
1376819222,28,6
1376819572,27,7
1376819915,26,8
1376819954,26,8
1376820038,26,8
1376820090,26,8
1376820148,26,8
1376820301,26,8
1376820417,26,8
1376820542,26,8
1376820589,26,8
1376820855,26,8
1376820923,26,8
1376820999,27,7
1376821423,27,7
1376821451,29,5
1376821884,28,6
1376822488,28,6
1376822559,28,6
1376822623,28,6
1376822683,29,5
1376823287,29,5
1376823891,29,5
1376824495,29,5
1376824611,28,6
1376824746,28,6
1376824797,29,5
1376824930,28,6
1376825022,26,8
1376825078,26,8
1376825145,26,8
1376825171,26,8
1376825593,26,8
1376825631,27,7
1376825709,27,7
1376825748,28,6
1376826141,29,5
1376826640,29,5
1376826650,30,4
1376827032,31,3
1376827111,31,3
1376827150,32,2
1376827243,30,4
1376827276,30,4
1376827339,29,5
1376827719,27,7
1376828323,27,7
1376828927,27,7
1376829342,26,8
1376829786,24,10
1376830391,24,10
1376830536,22,12
1376830581,22,12
1376830655,22,12
1376830696,23,11
1376830734,24,10
1376831338,24,10
1376831701,23,11
1376831793,22,12
1376831849,23,11
1376831975,23,11
1376832231,23,11
1376832322,23,11
1376832389,24,10
1376832418,25,9
1376832523,27,7
1376832569,27,7
1376832759,27,7
1376832769,28,6
