1376208539,15,5
1376209143,15,5
1376209746,15,5
1376210350,15,5
1376210953,15,5
1376211557,15,5
1376212160,15,5
1376212764,15,5
1376213367,15,5
1376213971,15,5
1376214575,15,5
1376215178,15,5
1376215782,15,5
1376216386,15,5
1376216989,15,5
1376217593,15,5
1376218196,15,5
1376218800,15,5
1376219403,15,5
1376220007,15,5
1376220610,15,5
1376220857,15,5
1376221460,15,5
1376222064,15,5
1376222668,15,5
1376223271,15,5
1376223875,15,5
1376224479,15,5
1376224723,15,5
1376224726,16,4
1376225205,16,4
1376225212,17,3
1376225816,17,3
1376226419,17,3
1376227022,17,3
1376227626,17,3
1376227827,18,2
1376228431,18,2
1376229035,18,2
1376229130,18,2
1376229187,18,2
1376229232,19,1
1376229836,19,1
1376230439,19,1
1376231043,19,1
1376231646,19,1
1376232250,19,1
1376232853,19,1
1376233457,19,1
1376233965,18,2
1376234038,18,2
1376234187,18,2
1376234791,18,2
1376235394,18,2
1376235613,18,2
1376235745,19,1
1376236349,19,1
1376236952,19,1
1376237381,19,1
1376238027,18,2
1376238341,17,3
1376238879,18,2
1376239334,16,4
1376239730,15,5
1376240322,15,5
1376240325,16,4
1376240928,16,4
1376241394,17,3
1376241562,16,4
1376242165,16,4
1376243080,16,4
1376243089,14,6
1376243692,14,6
1376243903,14,6
1376243948,13,7
1376244463,12,8
1376244465,11,9
1376245068,11,9
1376245672,11,9
1376246276,11,9
1376246880,11,9
1376247283,12,8
1376247886,12,8
1376248490,12,8
1376249094,12,8
1376249698,12,8
1376250301,12,8
1376250905,12,8
1376251509,12,8
1376252112,12,8
1376252716,12,8
1376253319,12,8
1376253923,12,8
1376254217,11,9
1376254300,11,9
1376254342,12,8
1376254946,12,8
1376255550,12,8
1376256153,12,8
1376256757,12,8
1376257360,12,8
1376257561,13,7
1376258165,13,7
1376258768,13,7
1376259372,13,7
1376259975,13,7
1376260579,13,7
1376260858,12,8
1376261461,12,8
1376262065,12,8
1376262669,12,8
1376263272,12,8
1376263876,12,8
1376264479,12,8
1376264788,11,9
1376265392,11,9
1376265995,11,9
1376266599,11,9
1376267203,11,9
1376267806,11,9
1376268410,11,9
1376269013,11,9
1376269617,11,9
1376270220,11,9
1376270824,11,9
1376271462,11,9
1376271515,11,9
1376272104,11,9
1376272708,11,9
1376273311,11,9
1376273915,11,9
1376274519,11,9
1376275122,11,9
1376275726,11,9
1376276330,11,9
1376276934,11,9
1376277537,11,9
1376278141,11,9
1376278744,11,9
1376279348,11,9
1376279952,11,9
1376280075,11,9
1376280115,11,9
1376280220,11,9
1376280321,11,9
1376280362,11,9
1376280439,12,8
1376281043,12,8
1376281647,12,8
1376282250,12,8
1376282854,12,8
1376283457,12,8
1376284061,12,8
1376284457,13,7
1376285061,13,7
1376285665,13,7
1376285922,12,8
1376285982,12,8
1376286586,12,8
1376287189,12,8
1376287793,12,8
1376287859,11,9
1376288463,11,9
1376289066,11,9
1376289670,11,9
1376290273,11,9
1376290317,9,11
1376290920,9,11
1376291524,9,11
1376292127,9,11
1376292731,9,11
1376292773,8,12
1376292980,9,11
1376293583,9,11
1376294793,9,11
1376295396,9,11
1376296000,9,11
1376296603,9,11
1376297207,9,11
1376297810,9,11
1376298414,9,11
1376299017,9,11
1376299621,9,11
1376300225,9,11
1376300828,9,11
1376301432,9,11
1376302036,9,11
1376303309,9,11
1376303912,9,11
1376304516,9,11
1376305119,9,11
1376305723,9,11
1376306326,9,11
1376306930,9,11
1376307533,9,11
1376308137,9,11
1376308740,9,11
1376309111,8,12
1376309714,8,12
1376310318,8,12
1376310922,8,12
1376311526,8,12
1376311829,9,11
1376312433,9,11
1376313036,9,11
1376313284,9,11
1376313333,10,10
1376313936,10,10
1376314540,10,10
1376315143,10,10
1376315562,9,11
1376316752,9,11
1376317356,9,11
1376317959,9,11
1376318323,9,11
1376318330,10,10
1376318934,10,10
1376319003,11,9
1376319606,11,9
1376320210,11,9
1376320813,11,9
1376321299,13,7
1376321563,13,7
1376321593,13,7
1376322197,13,7
1376322262,12,8
1376322614,13,7
1376322769,12,8
1376322879,13,7
1376322921,12,8
1376323525,12,8
1376323739,13,7
1376324256,14,6
1376324860,14,6
1376325002,13,7
1376325605,13,7
1376326209,13,7
1376326812,13,7
1376327415,13,7
1376327502,12,8
1376328106,12,8
1376328709,12,8
1376329313,12,8
1376329696,13,7
1376330325,12,8
1376330327,13,7
1376330498,14,6
1376331102,14,6
1376331705,14,6
1376332309,14,6
1376332523,14,6
1376332573,15,5
1376333176,15,5
1376333594,14,6
1376334198,14,6
1376335500,14,6
1376336772,14,6
1376337376,14,6
1376337980,14,6
1376338083,14,6
1376338388,13,7
1376338992,13,7
1376339595,13,7
1376340199,13,7
1376340803,13,7
1376341406,13,7
1376342010,13,7
1376342544,14,6
1376343148,14,6
1376343751,14,6
1376344355,14,6
1376344959,14,6
1376345562,14,6
1376346166,14,6
1376346403,14,6
1376346406,13,7
1376347009,13,7
1376347613,13,7
1376348217,13,7
1376348821,13,7
1376349424,13,7
1376350028,13,7
1376350631,13,7
1376351235,13,7
1376351543,12,8
1376351617,12,8
1376351685,12,8
1376352288,12,8
1376352892,12,8
1376353495,12,8
1376354099,12,8
1376354703,12,8
1376355306,12,8
1376355910,12,8
1376356513,12,8
1376357117,12,8
1376357799,12,8
1376358124,12,8
1376358727,12,8
1376359331,12,8
1376359935,12,8
1376360538,12,8
1376361141,12,8
1376361745,12,8
1376362349,12,8
1376362952,12,8
1376363387,11,9
1376363991,11,9
1376364594,11,9
1376365198,11,9
1376365802,11,9
1376366405,11,9
1376367009,11,9
1376367613,11,9
1376368216,11,9
1376368820,11,9
1376369424,11,9
1376370027,11,9
1376370631,11,9
1376371235,11,9
1376371814,12,8
1376372417,12,8
1376373021,12,8
1376373625,12,8
1376374120,13,7
1376374724,13,7
1376375327,13,7
1376375469,12,8
1376376073,12,8
1376376566,12,8
1376376639,12,8
1376376650,13,8
1376376742,12,9
1376376781,13,8
1376376830,13,8
1376376999,12,9
1376377008,13,8
1376377141,13,8
1376377451,12,9
1376378324,11,10
1376378492,10,11
1376379096,10,11
1376379699,10,11
1376380303,10,11
1376380386,11,10
1376380989,11,10
1376381593,11,10
1376382197,11,10
1376382800,11,10
1376383404,11,10
1376384007,11,10
1376384359,12,9
1376384963,12,9
1376385567,12,9
1376386170,12,9
1376386301,11,10
1376386844,11,10
1376386851,12,9
1376388038,12,9
1376388642,12,9
1376389893,12,9
1376390353,13,8
1376390957,13,8
1376391560,13,8
1376392164,13,8
1376392674,12,9
1376393278,12,9
1376393881,12,9
1376394485,12,9
1376395089,12,9
1376395692,12,9
1376396296,12,9
1376396332,11,10
1376396935,11,10
1376397539,11,10
1376398143,11,10
1376398746,11,10
1376399203,11,10
1376399206,10,11
1376399455,11,10
1376400059,11,10
1376400663,11,10
1376400835,10,11
1376401439,10,11
1376402042,10,11
1376402646,10,11
1376403249,10,11
1376403853,10,11
1376404001,9,12
1376404022,9,12
1376404116,9,12
1376404163,10,11
1376404221,10,11
1376404270,11,10
1376404663,11,10
1376404719,11,10
1376404744,12,9
1376405283,13,8
1376405887,13,8
1376406478,14,7
1376407081,14,7
1376407685,14,7
1376408242,14,7
1376408285,15,6
1376408889,15,6
1376408972,14,7
1376409397,13,8
1376410000,13,8
1376410482,13,8
1376410492,14,7
1376411044,15,6
1376411647,15,6
1376412251,15,6
1376412854,15,6
1376413094,14,7
1376413698,14,7
1376414301,14,7
1376414905,14,7
1376415446,14,7
1376415485,15,5
1376415784,14,6
1376415943,14,6
1376415951,15,5
1376416263,16,5
1376416628,15,6
1376417218,16,5
1376417821,16,5
1376418425,16,5
1376419028,16,5
1376419632,16,5
1376419705,15,6
1376419946,16,5
1376420550,16,5
1376421153,16,5
1376421757,16,5
1376422361,16,5
1376422964,16,5
1376423568,16,5
1376424172,16,5
1376424775,16,5
1376425379,16,5
1376425982,16,5
1376426262,15,6
1376426866,15,6
1376427469,15,6
1376428073,15,6
1376428677,15,6
1376428960,14,7
1376429564,14,7
1376430167,14,7
1376430771,14,7
1376431375,14,7
1376431978,14,7
1376432582,14,7
1376433185,14,7
1376433789,14,7
1376434393,14,7
1376434997,14,7
1376435444,14,7
1376435447,15,6
1376436050,15,6
1376436654,15,6
1376437257,15,6
1376437861,15,6
1376438465,15,6
1376439068,15,6
1376439672,15,6
1376440275,15,6
1376440879,15,6
1376441113,15,6
1376441202,16,5
1376441210,17,4
1376441814,17,4
1376442417,17,4
1376443021,17,4
1376443625,17,4
1376444164,17,4
1376444208,17,4
1376444537,17,4
1376445141,17,4
1376445744,17,4
1376446348,17,4
1376446952,17,4
1376447555,17,4
1376448159,17,4
1376448762,17,4
1376449366,17,4
1376449969,17,4
1376450573,17,4
1376451177,17,4
1376451780,17,4
1376452383,17,4
1376452475,16,5
1376453079,16,5
1376453682,16,5
1376454859,16,5
1376454945,16,5
1376455549,16,5
1376456153,16,5
1376456756,16,5
1376456923,16,5
1376456930,17,4
1376457533,17,4
1376458137,17,4
1376458741,17,4
1376459344,17,4
1376459948,17,4
1376460552,17,4
1376460669,16,5
1376461272,16,5
1376461876,16,5
1376462480,16,5
1376463083,16,5
1376463687,16,5
1376464290,16,5
1376464894,16,5
1376465204,16,5
1376465206,15,6
1376465810,15,6
1376466320,15,6
1376466370,16,5
1376466442,16,5
1376466486,17,4
1376467090,17,4
1376467694,17,4
1376468297,17,4
1376468901,17,4
1376469503,17,4
1376470106,17,4
1376470710,17,4
1376471313,17,4
1376471917,17,4
1376472520,17,4
1376472665,18,3
1376473269,18,3
1376473873,18,3
1376474477,18,3
1376475080,18,3
1376475684,18,3
1376476287,18,3
1376476891,18,3
1376477443,19,2
1376478047,19,2
1376478650,19,2
1376479210,20,1
1376479814,20,1
1376480418,20,1
1376481022,20,1
1376481625,20,1
1376482228,20,1
1376482831,20,1
1376483297,19,2
1376483900,19,2
1376484504,19,2
1376485107,19,2
1376485711,19,2
1376486315,19,2
1376486918,19,2
1376487522,19,2
1376488125,19,2
1376488729,19,2
1376489060,18,3
1376489663,18,3
1376490267,18,3
1376490871,18,3
1376490966,19,2
1376491570,19,2
1376492173,19,2
1376492777,19,2
1376493181,18,3
1376493784,18,3
1376494388,18,3
1376494991,18,3
1376495577,18,3
1376495678,18,3
1376495722,19,2
1376496043,19,1
1376496647,19,2
1376496722,18,3
1376497326,18,3
1376497929,18,3
1376498533,18,3
1376499136,18,3
1376499360,18,3
1376499441,18,3
1376499486,19,2
1376500781,19,2
1376500787,19,2
1376501313,20,1
1376501917,20,1
1376502520,20,1
1376503124,20,1
1376503728,20,1
1376504862,19,2
1376505466,19,2
1376506069,19,2
1376506170,18,3
1376506773,18,3
1376507198,19,2
1376507595,18,3
1376508199,18,3
1376508802,18,3
1376509412,19,2
1376510016,19,2
1376510297,18,3
1376510901,18,3
1376511504,18,3
1376512108,18,3
1376512711,18,3
1376513315,18,3
1376513667,17,4
1376514270,17,4
1376514874,17,4
1376515478,17,4
1376516082,17,4
1376516685,17,4
1376517289,17,4
1376517757,16,5
1376518271,15,6
1376518875,15,6
1376519004,14,7
1376519608,14,7
1376520211,14,7
1376520815,14,7
1376521418,14,7
1376522022,14,7
1376522625,14,7
1376523229,14,7
1376523456,13,8
1376523468,12,9
1376524071,12,9
1376524674,12,9
1376525254,11,10
1376525858,11,10
1376526461,11,10
1376527064,11,10
1376527668,11,10
1376528272,11,10
1376528466,10,11
1376529069,10,11
1376529673,10,11
1376530603,10,11
1376530647,10,11
1376531250,10,11
1376531694,10,11
1376532297,10,11
1376532901,10,11
1376533504,10,11
1376534107,10,11
1376534711,10,11
1376535315,10,11
1376535918,10,11
1376536522,10,11
1376537125,10,11
1376537729,10,11
1376538333,10,11
1376538936,10,11
1376539540,10,11
1376540143,10,11
1376540747,10,11
1376541350,10,11
1376541954,10,11
1376542558,10,11
1376543161,10,11
1376543765,10,11
1376544369,10,11
1376544972,10,11
1376545576,10,11
1376546179,10,11
1376546798,9,12
1376547402,9,12
1376548006,9,12
1376548609,9,12
1376549213,9,12
1376549816,9,12
1376550420,9,12
1376551023,9,12
1376551627,9,12
1376552231,9,12
1376552835,9,12
1376553343,10,11
1376553947,10,11
1376554550,10,11
1376555154,10,11
1376555758,10,11
1376556361,10,11
1376556965,10,11
1376558173,10,11
1376558254,10,11
1376558442,10,11
1376559046,10,11
1376559649,10,11
1376560253,10,11
1376560899,10,11
1376561503,10,11
1376562106,10,11
1376562710,10,11
1376563314,10,11
1376563720,10,11
1376563728,11,10
1376564332,11,10
1376564936,11,10
1376565540,11,10
1376566143,11,10
1376567322,11,10
1376567925,11,10
1376568529,11,10
1376569132,11,10
1376569736,11,10
1376570339,11,10
1376570943,11,10
1376571547,11,10
1376572150,11,10
1376572754,11,10
1376573357,11,10
1376573961,11,10
1376574564,11,10
1376575168,11,10
1376575771,11,10
1376576375,11,10
1376576978,11,10
1376577582,11,10
1376577963,11,10
1376578062,11,10
1376578666,11,10
1376579269,11,10
1376579873,11,10
1376580088,12,9
1376580403,11,10
1376581007,11,10
1376581610,11,10
1376582214,11,10
1376582817,11,10
1376583421,11,10
1376583935,12,9
1376584538,12,9
1376585142,12,9
1376585418,11,10
1376586022,11,10
1376586521,10,11
1376587102,11,10
1376587705,11,10
1376588308,11,10
1376588925,11,10
1376589529,11,10
1376590133,11,10
1376590736,11,10
1376591340,11,10
1376591944,11,10
1376592547,11,10
1376593151,11,10
1376593755,11,10
1376594358,11,10
1376594961,11,10
1376595565,11,10
1376595982,10,11
1376596586,10,11
1376597189,10,11
1376597793,10,11
1376598397,10,11
1376599000,10,11
1376599604,10,11
1376600207,10,11
1376600810,10,11
1376601414,10,11
1376601524,11,10
1376602127,11,10
1376602731,11,10
1376602790,10,11
1376603393,10,11
1376603997,10,11
1376604601,10,11
1376605204,10,11
1376605808,10,11
1376606412,10,11
1376607016,10,11
1376607619,10,11
1376608222,10,11
1376608826,10,11
1376609430,10,11
1376610033,10,11
1376610637,10,11
1376610692,9,12
1376610736,8,13
1376611339,8,13
1376611943,8,13
1376612547,8,13
1376613151,8,13
1376613754,8,13
1376614358,8,13
1376614961,8,13
1376615565,8,13
1376616168,8,13
1376616490,7,14
1376617098,7,14
1376617145,7,14
1376617708,7,14
1376618311,7,14
1376618915,7,14
1376619518,7,14
1376620122,7,14
1376620725,7,14
1376621329,7,14
1376621932,7,14
1376622536,7,14
1376623139,7,14
1376623743,7,14
1376624347,7,14
1376624951,7,14
1376625555,7,14
1376626159,7,14
1376626762,7,14
1376627366,7,14
1376627969,7,14
1376628573,7,14
1376629176,7,14
1376629780,7,14
1376630384,7,14
1376630987,7,14
1376632165,7,14
1376632768,7,14
1376633039,6,15
1376633643,6,15
1376634246,6,15
1376634850,6,15
1376635453,6,15
1376636057,6,15
1376636660,6,15
1376637264,6,15
1376637868,6,15
1376638784,6,15
1376638790,6,15
1376639393,6,15
1376639997,6,15
1376640600,6,15
1376641204,6,15
1376641807,6,15
1376642411,6,15
1376643015,6,15
1376643618,6,15
1376644222,6,15
1376644825,6,15
1376645429,6,15
1376646033,6,15
1376646636,6,15
1376647240,6,15
1376647843,6,15
1376648366,7,14
1376648970,7,14
1376649574,7,14
1376650177,7,14
1376650781,7,14
1376651194,6,15
1376651798,6,15
1376652401,6,15
1376653005,6,15
1376653609,6,15
1376654213,6,15
1376654816,6,15
1376655419,6,15
1376656023,6,15
1376656626,6,15
1376657176,5,16
1376657780,5,16
1376658383,5,16
1376658987,5,16
1376659470,6,15
1376660084,6,15
1376660688,6,15
1376661291,6,15
1376661895,6,15
1376662242,6,15
1376662245,5,16
1376662848,5,16
1376663263,6,15
1376663867,6,15
1376664471,6,15
1376665074,6,15
1376665140,5,16
1376665566,6,15
1376665662,7,14
1376666266,7,14
1376666863,7,14
1376666907,6,15
1376666967,6,15
1376667042,6,15
1376667182,6,15
1376667786,6,15
1376667869,7,14
1376668473,7,14
1376668770,6,15
1376668829,6,15
1376669432,6,15
1376670036,6,15
1376670639,6,15
1376671243,6,15
1376671260,7,14
1376671645,6,15
1376672249,6,15
1376672852,6,15
1376673456,6,15
1376674060,6,15
1376674663,6,15
1376675267,6,15
1376675871,6,15
1376676474,6,15
1376677078,6,15
1376677681,6,15
1376678285,6,15
1376678889,6,15
1376679493,6,15
1376680096,6,15
1376680304,7,14
1376680329,7,14
1376680407,7,14
1376680450,8,13
1376681053,8,13
1376681657,8,13
1376682260,8,13
1376682864,8,13
1376683468,8,13
1376684071,8,13
1376684675,8,13
1376685278,8,13
1376685882,8,13
1376685936,8,13
1376685968,8,13
1376686572,8,13
1376687175,8,13
1376687778,8,13
1376688382,8,13
1376688985,8,13
1376689589,8,13
1376690193,8,13
1376690797,8,13
1376691401,8,13
1376692005,8,13
1376692608,8,13
1376692689,7,14
1376693293,7,14
1376693896,7,14
1376694500,7,14
1376695104,7,14
1376695708,7,14
1376696311,7,14
1376696915,7,14
1376697518,7,14
1376698122,7,14
1376698725,7,14
1376699329,7,14
1376699933,7,14
1376700536,7,14
1376701140,7,14
1376701743,7,14
1376702347,7,14
1376702950,7,14
1376703632,6,15
1376703669,6,15
1376703867,6,15
1376704471,6,15
1376705075,6,15
1376705678,6,15
1376706282,6,15
1376706886,6,15
1376707489,6,15
1376708093,6,15
1376708696,6,15
1376709300,6,15
1376709904,6,15
1376710507,6,15
1376711111,6,15
1376711714,6,15
1376712872,6,15
1376713475,6,15
1376714079,6,15
1376714682,6,15
1376715286,6,15
1376715890,6,15
1376716493,6,15
1376717684,6,15
1376717693,6,15
1376718296,6,15
1376718900,6,15
1376719503,6,15
1376720107,6,15
1376720710,6,15
1376721314,6,15
1376721917,6,15
1376722521,6,15
1376723124,6,15
1376723728,6,15
1376724332,6,15
1376724936,6,15
1376725539,6,15
1376726143,6,15
1376726747,6,15
1376727351,6,15
1376727955,6,15
1376728558,6,15
1376729162,6,15
1376729610,5,16
1376729896,6,15
1376730501,6,15
1376731104,6,15
1376731708,6,15
1376732311,6,15
1376732915,6,15
1376733518,6,15
1376734122,6,15
1376734725,6,15
1376735329,6,15
1376735932,6,15
1376736536,6,15
1376737140,6,15
1376737743,6,15
1376738346,6,15
1376738950,6,15
1376739554,6,15
1376740157,6,15
1376740761,6,15
1376741364,6,15
1376741968,6,15
1376742572,6,15
1376743177,6,15
1376743780,6,15
1376744309,5,16
1376744370,5,16
1376744973,5,16
1376745577,5,16
1376746181,5,16
1376746784,5,16
1376747181,6,15
1376747786,6,15
1376748389,6,15
1376748993,6,15
1376749597,6,15
1376750190,7,14
1376750593,6,15
1376750657,5,16
1376751260,5,16
1376751865,5,16
1376752468,5,16
1376752582,5,16
1376752654,5,16
1376753027,5,16
1376753631,5,16
1376754234,5,16
1376754838,5,16
1376755441,5,16
1376756045,5,16
1376756649,5,16
1376757253,5,16
1376757857,5,16
1376758461,5,16
1376758843,5,16
1376758879,6,15
1376759483,6,15
1376759681,6,15
1376759688,7,14
1376760292,7,14
1376760912,7,14
1376761516,7,14
1376762696,7,14
1376763164,7,14
1376763167,6,15
1376763772,6,15
1376764375,6,15
1376764979,6,15
1376765582,6,15
1376766186,6,15
1376766789,6,15
1376767710,6,15
1376768314,6,15
1376768917,6,15
1376769521,6,15
1376770124,6,15
1376770728,6,15
1376771331,6,15
1376771935,6,15
1376772538,6,15
1376773143,6,15
1376773747,6,15
1376774351,6,15
1376774955,6,15
1376775560,6,15
1376776166,6,15
1376776771,6,15
1376777375,6,15
1376777980,6,15
1376778583,6,15
1376779187,6,15
1376779790,6,15
1376780085,5,16
1376780120,5,16
1376780724,5,16
1376781327,5,16
1376781931,5,16
1376782534,5,16
1376783138,5,16
1376783742,5,16
1376784323,4,17
1376784927,4,17
1376785530,4,17
1376786134,4,17
1376786738,4,17
1376787341,4,17
1376787945,4,17
1376788548,4,17
1376789152,4,17
1376790283,4,17
1376790601,4,17
1376791204,4,17
1376791808,4,17
1376792412,4,17
1376793015,4,17
1376793455,3,17
1376793490,4,17
1376793533,3,18
1376794137,3,18
1376794741,3,18
1376795345,3,18
1376795949,3,18
1376796201,2,19
1376796245,2,19
1376796290,2,19
1376796894,2,19
1376797498,2,19
1376798102,2,19
1376798705,2,19
1376799309,2,19
1376799916,2,19
1376800038,2,19
1376800642,2,19
1376801246,2,19
1376801850,2,19
1376802453,2,19
1376803057,2,19
1376803660,2,19
1376804264,2,19
1376804867,2,19
1376805471,2,19
1376806074,2,19
1376806678,2,19
1376807281,2,19
1376807885,2,19
1376808488,2,19
1376809092,2,19
1376809696,2,19
1376810300,2,19
1376810572,1,20
1376811176,1,20
1376811779,1,20
1376812272,2,19
1376812877,2,19
1376813481,2,19
1376814085,2,19
1376814688,2,19
1376815279,3,18
1376815883,3,18
1376816487,3,18
1376817090,3,18
1376817694,3,18
1376818646,3,18
1376819251,3,18
1376819855,3,18
1376820458,3,18
1376821063,3,18
1376821668,3,18
1376822272,3,18
1376822877,3,18
1376823480,3,18
1376824084,3,18
1376824688,3,18
1376825291,3,18
1376825895,3,18
1376826500,3,18
1376826817,2,19
1376827420,2,19
1376828025,2,19
1376828629,2,19
1376829234,2,19
1376829838,2,19
1376830443,2,19
1376831046,2,19
1376831493,3,18
1376832098,3,18
1376832702,3,18
