1376208606,45,6
1376208774,44,7
1376209378,44,7
1376209982,44,7
1376210587,44,7
1376211192,44,7
1376211797,44,7
1376212400,44,7
1376213025,44,7
1376213034,45,6
1376213639,45,6
1376213881,44,7
1376214485,44,7
1376215089,44,7
1376215587,45,7
1376215716,46,6
1376216063,45,7
1376216131,45,7
1376216178,45,7
1376216243,46,6
1376216782,47,5
1376217035,48,4
1376217639,48,4
1376218243,48,4
1376218848,48,4
1376219453,48,4
1376220057,48,4
1376220661,48,4
1376220867,47,5
1376221472,47,5
1376222077,47,5
1376222681,47,5
1376223285,47,5
1376223889,47,5
1376224493,47,5
1376225098,47,5
1376225702,47,5
1376226306,47,5
1376226761,47,5
1376226769,48,4
1376227374,48,4
1376227979,48,4
1376228582,48,4
1376229187,48,4
1376229491,47,5
1376229860,48,4
1376230416,47,5
1376231021,47,5
1376231626,47,5
1376232080,46,6
1376232685,46,6
1376233290,46,6
1376233895,46,6
1376234499,46,6
1376235102,46,6
1376235706,46,6
1376236310,46,6
1376236414,43,9
1376236450,41,11
1376237055,41,11
1376237660,41,11
1376237738,42,10
1376238101,40,12
1376238427,40,12
1376238722,39,13
1376239326,39,13
1376239931,39,13
1376240536,39,13
1376241141,39,13
1376241746,39,13
1376242350,39,13
1376242954,39,13
1376243559,39,13
1376243719,40,12
1376244325,40,12
1376244929,40,12
1376245533,40,12
1376246137,40,12
1376246742,40,12
1376247252,41,11
1376247737,40,12
1376248341,40,12
1376248946,40,12
1376249552,40,12
1376250156,40,12
1376250761,40,12
1376250962,39,13
1376251566,39,13
1376252169,39,13
1376252774,39,13
1376253378,39,13
1376253983,39,13
1376254587,39,13
1376255191,39,13
1376255274,38,14
1376255879,38,14
1376256484,38,14
1376256874,39,13
1376257478,39,13
1376258083,39,13
1376258299,40,12
1376258904,40,12
1376259509,40,12
1376260114,40,12
1376260719,40,12
1376261323,40,12
1376261928,40,12
1376262533,40,12
1376263137,40,12
1376263742,40,12
1376264346,40,12
1376264951,40,12
1376265565,39,13
1376266169,39,13
1376266773,39,13
1376267378,39,13
1376267983,39,13
1376268145,40,12
1376268267,39,13
1376268295,38,14
1376268899,38,14
1376269503,38,14
1376270107,38,14
1376270712,38,14
1376271317,38,14
1376271925,38,14
1376272529,38,14
1376273134,38,14
1376273739,38,14
1376274344,38,14
1376274948,38,14
1376275552,38,14
1376276157,38,14
1376276761,38,14
1376277366,38,14
1376277971,38,14
1376278575,38,14
1376279180,38,14
1376279784,38,14
1376280388,38,14
1376280992,38,14
1376281597,38,14
1376282201,38,14
1376282806,38,14
1376283410,38,14
1376284013,38,14
1376284618,38,14
1376285222,38,14
1376285827,38,14
1376286431,38,14
1376287034,38,14
1376287638,38,14
1376288243,38,14
1376288848,38,14
1376289279,39,13
1376289367,40,12
1376289619,40,12
1376289681,41,11
1376289762,41,11
1376290165,42,11
1376290242,44,9
1376290251,45,8
1376290634,46,7
1376291239,46,7
1376291378,46,7
1376291442,47,6
1376291450,48,5
1376292054,48,5
1376292701,48,5
1376292710,49,4
1376293314,49,4
1376293919,49,4
1376294490,50,3
1376294890,51,2
1376295494,51,2
1376296099,51,2
1376296704,51,2
1376297309,51,2
1376297914,51,2
1376298519,51,2
1376299123,51,2
1376299727,51,2
1376300332,51,2
1376300937,51,2
1376301542,51,2
1376302147,51,2
1376302751,51,2
1376303355,51,2
1376303959,51,2
1376304564,51,2
1376305169,51,2
1376305774,51,2
1376306378,51,2
1376306982,51,2
1376307586,51,2
1376308020,52,1
1376308624,52,1
1376309229,52,1
1376309834,52,1
1376310438,52,1
1376310686,51,2
1376311290,51,2
1376311895,51,2
1376312499,51,2
1376313104,51,2
1376313709,51,2
1376314313,51,2
1376314917,51,2
1376315522,51,2
1376315767,50,3
1376316372,50,3
1376316977,50,3
1376317581,50,3
1376318185,50,3
1376318673,51,2
1376319277,51,2
1376319882,51,2
1376320487,51,2
1376321091,51,2
1376321545,51,2
1376321583,52,1
1376322188,52,1
1376322792,52,1
1376323278,51,2
1376323881,51,2
1376324485,51,2
1376325089,51,2
1376325693,51,2
1376326087,50,3
1376326691,50,3
1376327295,50,3
1376327898,50,3
1376328503,50,3
1376329108,50,3
1376329711,50,3
1376330315,50,3
1376330368,50,3
1376330437,50,3
1376330672,50,3
1376330721,50,3
1376331079,51,2
1376331684,51,2
1376332208,50,3
1376332813,50,3
1376333286,51,2
1376333890,51,2
1376334191,50,3
1376334795,50,3
1376335420,50,3
1376335430,51,2
1376336035,51,2
1376336640,51,2
1376337245,51,2
1376337849,51,2
1376338453,51,2
1376339057,51,2
1376339662,51,2
1376340267,51,2
1376340872,51,2
1376341477,51,2
1376341632,52,1
1376342051,53,0
1376342655,53,0
1376343258,53,0
1376343862,53,0
1376344466,53,0
1376345070,53,0
1376345555,52,1
1376346160,52,1
1376346763,52,1
1376347367,52,1
1376347745,51,2
1376348349,51,2
1376348954,51,2
1376349559,51,2
1376350162,51,2
1376350410,50,3
1376351015,50,3
1376351619,50,3
1376352224,50,3
1376352834,50,3
1376353437,50,3
1376354041,50,3
1376354645,50,3
1376355250,50,3
1376355855,50,3
1376356093,49,4
1376356698,49,4
1376357302,49,4
1376357907,49,4
1376358323,49,4
1376358928,49,4
1376359532,49,4
1376360137,49,4
1376360741,49,4
1376361346,49,4
1376361950,49,4
1376362553,49,4
1376363157,49,4
1376363761,49,4
1376364365,49,4
1376364970,49,4
1376365575,49,4
1376366180,49,4
1376366785,49,4
1376367389,49,4
1376367994,49,4
1376368598,49,4
1376369201,49,4
1376369840,51,2
1376370444,51,2
1376371049,51,2
1376371653,51,2
1376372257,51,2
1376372861,51,2
1376373465,51,2
1376373760,51,2
1376373807,52,1
1376374412,52,1
1376375017,52,1
1376375620,52,1
1376375782,53,0
1376376118,52,1
1376376723,52,1
1376377171,53,0
1376377232,52,1
1376377836,52,1
1376378441,52,1
1376379046,52,1
1376379605,51,2
1376379838,50,3
1376380442,50,3
1376381047,50,3
1376381249,51,2
1376381853,51,2
1376382457,51,2
1376383060,51,2
1376383665,51,2
1376384270,51,2
1376384526,52,1
1376385131,52,1
1376385736,52,1
1376386339,52,1
1376386944,52,1
1376387548,52,1
1376388153,52,1
1376388757,52,1
1376389361,52,1
1376389967,52,1
1376390571,52,1
1376391176,52,1
1376391781,52,1
1376392385,52,1
1376392509,53,0
1376393113,53,0
1376393718,53,0
1376394323,53,0
1376394927,53,0
1376395532,53,0
1376396136,53,0
1376396739,53,0
1376397343,53,0
1376397947,53,0
1376398552,53,0
1376399157,53,0
1376399761,53,0
1376400364,53,0
1376400530,52,1
1376401134,52,1
1376401739,52,1
1376401839,51,2
1376402444,51,2
1376402739,50,3
1376403344,50,3
1376403948,50,3
1376404347,49,4
1376404952,49,4
1376405555,49,4
1376405995,50,3
1376406230,49,4
1376406835,49,4
1376407438,49,4
1376408036,48,5
1376408641,48,5
1376408941,49,4
1376409158,49,4
1376409219,51,2
1376409823,51,2
1376410428,51,2
1376411033,51,2
1376411638,51,2
1376412243,51,2
1376412846,51,2
1376413450,51,2
1376414054,51,2
1376414658,51,2
1376415262,51,2
1376415867,51,2
1376416472,51,2
1376416943,50,3
1376417521,51,2
1376418126,51,2
1376418502,50,3
1376418632,50,3
1376418806,51,2
1376418880,50,3
1376418902,51,2
1376419453,52,1
1376420057,52,1
1376420452,51,2
1376421056,51,2
1376421660,51,2
1376422265,51,2
1376422869,51,2
1376423472,51,2
1376424077,51,2
1376424682,51,2
1376425286,51,2
1376425889,51,2
1376426493,51,2
1376426935,50,3
1376427001,49,4
1376427606,49,4
1376427684,50,3
1376427716,51,2
1376428320,51,2
1376428472,52,1
1376429077,52,1
1376429682,52,1
1376430286,52,1
1376430890,52,1
1376431493,52,1
1376432097,52,1
1376432702,52,1
1376433306,52,1
1376433911,52,1
1376434156,51,2
1376434759,51,2
1376435363,51,2
1376435968,51,2
1376436572,51,2
1376437177,51,2
1376437782,51,2
1376438385,51,2
1376438990,51,2
1376439601,51,2
1376440206,51,2
1376440811,51,2
1376441416,51,2
1376442020,51,2
1376442624,51,2
1376443228,51,2
1376443833,51,2
1376444438,51,2
1376444725,51,2
1376445329,51,2
1376445934,51,2
1376446539,51,2
1376447144,51,2
1376447747,51,2
1376448352,51,2
1376448956,51,2
1376449560,51,2
1376450165,51,2
1376450770,51,2
1376451373,51,2
1376451978,51,2
1376452582,51,2
1376453187,51,2
1376453792,51,2
1376454397,51,2
1376455001,51,2
1376455605,51,2
1376456209,51,2
1376456813,51,2
1376457418,51,2
1376457636,52,1
1376458240,52,1
1376458844,52,1
1376459449,52,1
1376460053,52,1
1376460658,52,1
1376461263,52,1
1376461868,52,1
1376462471,52,1
1376463075,52,1
1376463679,52,1
1376464283,52,1
1376464743,51,2
1376464805,52,1
1376465410,52,1
1376466013,52,1
1376466331,51,2
1376466936,51,2
1376467540,51,2
1376468144,51,2
1376468727,52,1
1376469331,52,1
1376469936,52,1
1376470540,52,1
1376471144,52,1
1376471748,52,1
1376472353,52,1
1376472819,51,2
1376473423,51,2
1376474028,51,2
1376474632,51,2
1376474952,50,3
1376475557,50,3
1376476120,51,2
1376476725,51,2
1376477329,51,2
1376477934,51,2
1376478099,51,2
1376478125,52,1
1376478730,52,1
1376479335,52,1
1376479940,52,1
1376480545,52,1
1376481150,52,1
1376481754,52,1
1376482358,52,1
1376482963,52,1
1376483567,52,1
1376484063,53,0
1376484667,53,0
1376485077,52,1
1376485682,52,1
1376485796,51,2
1376486401,51,2
1376486648,50,3
1376486826,51,2
1376487431,51,2
1376488036,51,2
1376488641,51,2
1376489246,51,2
1376489850,51,2
1376490455,51,2
1376491060,51,2
1376491396,52,1
1376492000,52,1
1376492605,52,1
1376492962,51,2
1376493567,51,2
1376494172,51,2
1376494777,51,2
1376494895,50,2
1376495204,50,2
1376495249,50,2
1376495559,50,2
1376495603,50,2
1376495919,50,2
1376495957,50,2
1376496285,50,2
1376496311,50,2
1376496645,50,2
1376496665,50,2
1376496998,50,2
1376497018,50,2
1376497358,50,2
1376497373,50,2
1376497663,50,2
1376497724,50,2
1376497726,50,2
1376498017,50,2
1376498081,50,2
1376498384,50,2
1376498435,50,2
1376498743,49,3
1376498800,48,4
1376499104,48,4
1376499142,48,4
1376499458,48,4
1376499496,48,4
1376499824,48,4
1376499850,48,4
1376499928,50,2
1376500184,50,2
1376500203,50,2
1376500471,51,1
1376500544,51,1
1376500558,51,1
1376500702,50,2
1376500898,50,2
1376500911,50,2
1376501203,50,2
1376501264,50,2
1376501265,50,2
1376501557,50,2
1376501619,50,2
1376501924,49,3
1376501973,49,3
1376502283,49,3
1376502328,49,3
1376502382,48,4
1376502644,48,4
1376502681,48,4
1376502982,48,5
1376503587,48,5
1376504192,48,5
1376504795,48,5
1376505399,48,5
1376506003,48,5
1376506607,48,5
1376507210,48,5
1376507814,48,5
1376508419,48,5
1376509024,48,5
1376509629,48,5
1376510234,48,5
1376510838,48,5
1376511441,48,5
1376512045,48,5
1376512650,48,5
1376513255,48,5
1376513860,48,5
1376513923,48,5
1376513940,48,5
1376514023,49,4
1376514627,49,4
1376514916,49,4
1376514982,49,4
1376515049,50,3
1376515653,50,3
1376515715,49,4
1376516157,48,5
1376516238,48,5
1376516292,48,5
1376516374,48,5
1376516413,49,4
1376517017,49,4
1376517621,49,4
1376518225,49,4
1376518782,49,4
1376518785,48,5
1376519021,48,5
1376519080,49,4
1376519132,50,3
1376519264,50,3
1376519266,51,2
1376519871,51,2
1376520476,51,2
1376521080,51,2
1376521684,51,2
1376522287,51,2
1376522891,51,2
1376523148,50,3
1376523752,50,3
1376524357,50,3
1376524664,49,4
1376525269,49,4
1376525571,48,5
1376526176,48,5
1376526781,48,5
1376527386,48,5
1376527990,48,5
1376528595,48,5
1376529199,48,5
1376529803,48,5
1376530407,48,5
1376531119,48,5
1376531204,48,5
1376531212,48,5
1376531817,48,5
1376532422,48,5
1376532909,46,7
1376533514,46,7
1376534118,46,7
1376534722,46,7
1376535326,46,7
1376535601,47,6
1376536205,47,6
1376536809,47,6
1376537414,47,6
1376538019,47,6
1376538624,47,6
1376539229,47,6
1376539833,47,6
1376540437,47,6
1376541042,47,6
1376541647,47,6
1376542222,46,7
1376542826,46,7
1376543430,46,7
1376544035,46,7
1376544639,46,7
1376545243,46,7
1376545847,46,7
1376546451,46,7
1376547055,46,7
1376547659,46,7
1376548264,46,7
1376548869,46,7
1376549382,46,7
1376549385,45,8
1376549990,45,8
1376550595,45,8
1376551200,45,8
1376551805,45,8
1376552410,45,8
1376552712,45,7
1376552793,46,6
1376553397,46,7
1376554002,46,7
1376554607,46,7
1376555212,46,7
1376555817,46,7
1376556422,46,7
1376556735,45,8
1376557340,45,8
1376557945,45,8
1376558550,45,8
1376559161,46,7
1376559164,47,6
1376559516,47,6
1376560121,47,6
1376560725,47,6
1376561329,47,6
1376561933,47,6
1376562538,47,6
1376563143,47,6
1376563747,47,6
1376564351,47,6
1376564499,48,5
1376564538,48,5
1376564580,49,4
1376565184,49,4
1376565788,49,4
1376566393,49,4
1376566997,49,4
1376567137,49,4
1376567248,49,4
1376567320,49,4
1376567330,50,3
1376567934,50,3
1376568344,50,3
1376568347,49,4
1376568951,49,4
1376569133,50,3
1376569738,50,3
1376570343,50,3
1376570947,50,3
1376571306,49,4
1376571910,49,4
1376572513,49,4
1376572963,49,4
1376573567,49,4
1376574172,49,4
1376574775,49,4
1376575379,49,4
1376575984,49,4
1376576589,49,4
1376577194,49,4
1376577798,49,4
1376578402,49,4
1376578710,49,4
1376578783,49,4
1376578901,49,4
1376578961,49,4
1376578972,49,4
1376579577,49,4
1376580182,49,4
1376580785,49,4
1376581390,49,4
1376581665,49,4
1376582079,49,4
1376582089,49,4
1376582583,50,3
1376582819,50,3
1376582904,50,3
1376583509,50,3
1376583903,49,4
1376584507,49,4
1376585111,49,4
1376585714,49,4
1376586319,49,4
1376586924,49,4
1376587529,49,4
1376588133,49,4
1376588501,49,3
1376588510,50,2
1376588874,50,2
1376589478,50,3
1376590083,50,3
1376590195,49,4
1376590801,49,4
1376591407,49,4
1376592012,49,4
1376592359,48,5
1376592584,48,5
1376592609,48,5
1376592683,49,4
1376593222,48,5
1376593827,48,5
1376594432,48,5
1376594469,49,4
1376595073,49,4
1376595678,49,4
1376596282,49,4
1376596735,48,5
1376597340,48,5
1376597943,48,5
1376598547,48,5
1376599152,48,5
1376599756,48,5
1376600360,48,5
1376600965,48,5
1376601570,48,5
1376602175,48,5
1376602779,48,5
1376603383,48,5
1376603988,48,5
1376604592,48,5
1376605196,48,5
1376605800,48,5
1376606405,48,5
1376606957,48,5
1376607067,48,5
1376607232,48,5
1376607311,48,5
1376607396,48,5
1376608000,48,5
1376608604,48,5
1376609042,49,4
1376609646,49,4
1376610251,49,4
1376610855,49,4
1376611460,49,4
1376612065,49,4
1376612670,49,4
1376613275,49,4
1376613880,49,4
1376614489,49,4
1376615094,49,4
1376615698,49,4
1376616303,49,4
1376616908,49,4
1376617526,49,4
1376618130,49,4
1376618734,49,4
1376619338,49,4
1376619942,49,4
1376620548,49,4
1376621153,49,4
1376621758,49,4
1376622362,49,4
1376622966,49,4
1376623571,49,4
1376624175,49,4
1376624779,49,4
1376625383,49,4
1376625986,49,4
1376626591,49,4
1376627195,49,4
1376627800,49,4
1376628405,49,4
1376629008,49,4
1376629612,49,4
1376630217,49,4
1376630821,49,4
1376631426,49,4
1376632030,49,4
1376632634,49,4
1376633239,49,4
1376633844,49,4
1376634037,50,3
1376634642,50,3
1376634745,51,2
1376635350,51,2
1376635955,51,2
1376636477,52,1
1376637081,52,1
1376637685,52,1
1376638290,52,1
1376638728,51,2
1376639332,51,2
1376639937,51,2
1376640542,51,2
1376641145,51,2
1376641750,51,2
1376642355,51,2
1376642960,51,2
1376643147,53,0
1376643751,53,0
1376644355,53,0
1376644959,53,0
1376645431,52,1
1376645934,53,0
1376646320,52,1
1376646924,52,1
1376647529,52,1
1376648134,52,1
1376648739,52,1
1376649343,52,1
1376649947,52,1
1376650552,52,1
1376651156,52,1
1376651761,52,1
1376652365,52,1
1376652969,52,1
1376653524,51,2
1376654127,51,2
1376654730,51,2
1376655334,51,2
1376655939,51,2
1376656544,51,2
1376657149,51,2
1376657753,51,2
1376658356,51,2
1376658960,51,2
1376659565,51,2
1376660170,51,2
1376660774,51,2
1376661379,51,2
1376661984,51,2
1376662588,51,2
1376663193,51,2
1376663797,51,2
1376664401,51,2
1376665006,51,2
1376665611,51,2
1376666216,51,2
1376666821,51,2
1376667425,51,2
1376667994,50,3
1376668018,51,2
1376668622,51,2
1376669226,51,2
1376669831,51,2
1376670436,51,2
1376671041,51,2
1376671572,50,3
1376672176,50,3
1376672353,49,4
1376672957,49,4
1376673310,50,3
1376673751,51,2
1376674355,51,2
1376674960,51,2
1376675565,51,2
1376676029,50,3
1376676634,50,3
1376677237,50,3
1376677842,50,3
1376678185,51,2
1376678269,51,2
1376678365,52,1
1376678970,52,1
1376679574,52,1
1376679978,50,3
1376680583,50,3
1376680767,51,2
1376681372,51,2
1376681597,50,3
1376682201,50,3
1376682805,50,3
1376683410,50,3
1376684014,50,3
1376684617,50,3
1376685221,50,3
1376685522,50,3
1376685531,51,2
1376686136,51,2
1376686741,51,2
1376687023,51,2
1376687081,52,1
1376687685,52,1
1376688290,52,1
1376688895,52,1
1376689499,52,1
1376690103,52,1
1376690707,52,1
1376691312,52,1
1376691917,52,1
1376692521,52,1
1376693126,52,1
1376693731,52,1
1376694336,52,1
1376694941,52,1
1376695510,50,3
1376696114,50,3
1376696719,50,3
1376697022,49,4
1376697631,49,4
1376698236,49,4
1376698840,49,4
1376699445,49,4
1376700050,49,4
1376700653,49,4
1376701257,49,4
1376701537,47,6
1376702141,47,6
1376702745,47,6
1376703350,47,6
1376703917,47,6
1376704002,47,6
1376704055,46,7
1376704099,46,7
1376704703,46,7
1376705307,46,7
1376705912,46,7
1376706516,46,7
1376707121,46,7
1376707726,46,7
1376708330,46,7
1376708935,46,7
1376709539,46,7
1376710144,46,7
1376710749,46,7
1376711353,46,7
1376711957,46,7
1376712562,46,7
1376713167,46,7
1376713772,46,7
1376714377,46,7
1376714982,46,7
1376715586,46,7
1376716190,46,7
1376716795,46,7
1376717399,46,7
1376718004,46,7
1376718608,46,7
1376719213,46,7
1376719818,46,7
1376720422,46,7
1376721027,46,7
1376721631,46,7
1376722235,46,7
1376722839,46,7
1376723443,46,7
1376724048,46,7
1376724653,46,7
1376724922,45,8
1376725102,46,7
1376725707,46,7
1376726310,46,7
1376726914,46,7
1376727419,47,6
1376728024,47,6
1376728629,47,6
1376729232,47,6
1376729439,48,5
1376730043,48,5
1376730466,49,4
1376730488,48,5
1376730552,48,5
1376731157,48,5
1376731760,48,5
1376732366,48,5
1376732971,48,5
1376733576,48,5
1376734180,48,5
1376734785,48,5
1376735389,48,5
1376735994,48,5
1376736098,47,6
1376736702,47,6
1376737365,47,5
1376737422,47,5
1376737473,47,6
1376737536,49,4
1376738140,49,4
1376738744,49,4
1376738925,49,4
1376738955,49,4
1376739040,49,4
1376739060,50,3
1376739213,51,2
1376739261,50,3
1376739865,50,3
1376740469,50,3
1376741074,50,3
1376741678,50,3
1376742283,50,3
1376742888,50,3
1376743492,50,3
1376744097,50,3
1376744702,50,3
1376745307,50,3
1376745911,50,3
1376746515,50,3
1376747119,50,3
1376747723,50,3
1376748327,50,3
1376748931,50,3
1376749535,50,3
1376750091,49,4
1376750696,49,4
1376751301,49,4
1376751905,49,4
1376752509,49,4
1376752560,48,5
1376753164,48,5
1376753769,48,5
1376754374,48,5
1376754822,47,6
1376755134,46,7
1376755738,46,7
1376755862,47,6
1376756467,47,6
1376757081,48,5
1376757686,48,5
1376757787,49,4
1376758392,49,4
1376758997,49,4
1376759601,49,4
1376760205,49,4
1376760808,49,4
1376761412,49,4
1376761769,48,5
1376762374,48,5
1376762979,48,5
1376763584,48,5
1376763638,48,5
1376763691,48,5
1376763886,48,5
1376763935,46,7
1376763986,46,7
1376764591,46,7
1376765195,46,7
1376765799,46,7
1376766203,45,8
1376766807,45,8
1376767366,46,7
1376767970,46,7
1376768575,46,7
1376769179,46,7
1376769784,46,7
1376770389,46,7
1376770994,46,7
1376771599,46,7
1376772204,46,7
1376772809,46,7
1376773414,46,7
1376774018,46,7
1376774623,46,7
1376775227,46,7
1376775832,46,7
1376776436,46,7
1376777041,46,7
1376777646,46,7
1376778251,46,7
1376778855,46,7
1376779460,46,7
1376780064,46,7
1376780668,46,7
1376781278,46,7
1376781883,46,7
1376782487,46,7
1376783092,46,7
1376783697,46,7
1376784301,46,7
1376784905,46,7
1376785509,46,7
1376785563,45,8
1376786168,45,8
1376786773,45,8
1376787377,45,8
1376787982,45,8
1376788587,45,8
1376789190,45,8
1376789795,45,8
1376790328,45,8
1376790932,45,8
1376791537,45,8
1376792044,44,9
1376792141,44,9
1376792512,44,9
1376792605,45,8
1376793209,45,8
1376793814,45,8
1376794418,45,8
1376795023,45,8
1376795628,45,8
1376796237,44,9
1376796841,44,9
1376797446,44,9
1376798051,44,9
1376798656,44,9
1376799260,44,9
1376799864,44,9
1376800467,44,9
1376800885,45,8
1376801490,45,8
1376802095,45,8
1376802700,45,8
1376803305,45,8
1376803909,45,8
1376804513,45,8
1376805118,45,8
1376805722,45,8
1376806327,45,8
1376806932,45,8
1376807535,45,8
1376808139,45,8
1376808743,45,8
1376809347,45,8
1376809951,45,8
1376810556,45,8
1376811161,45,8
1376811765,45,8
1376812370,45,8
1376812975,45,8
1376813580,45,8
1376814185,45,8
1376814789,45,8
1376815393,45,8
1376815898,46,7
1376816503,46,7
1376817107,46,7
1376817712,46,7
1376818316,46,7
1376818535,47,6
1376819140,47,6
1376819744,47,6
1376820349,47,6
1376820958,46,7
1376821028,45,8
1376821632,45,8
1376822236,45,8
1376822841,45,8
1376823447,45,8
1376824051,45,8
1376824655,45,8
1376825009,46,7
1376825614,46,7
1376826218,46,7
1376826822,46,7
1376827426,46,7
1376827869,47,6
1376828473,47,6
1376829077,47,6
1376829682,47,6
1376830286,47,6
1376830891,47,6
1376830993,48,5
1376831077,47,5
1376831098,47,6
1376831155,48,5
1376831759,48,5
1376832365,48,5
1376832969,48,5
