1376208171,22,3
1376208775,22,3
1376209379,22,3
1376209982,22,3
1376210586,22,3
1376211190,22,3
1376211794,22,3
1376212397,22,3
1376213001,22,3
1376213605,22,3
1376214209,22,3
1376214813,22,3
1376215417,22,3
1376216021,22,3
1376216625,22,3
1376217228,22,3
1376217832,22,3
1376218437,22,3
1376219041,22,3
1376219644,22,3
1376220248,22,3
1376220852,22,3
1376221456,22,3
1376222060,22,3
1376222663,22,3
1376223267,22,3
1376223871,22,3
1376224475,22,3
1376225078,22,3
1376225682,22,3
1376226286,22,3
1376226890,22,3
1376227494,22,3
1376228098,22,3
1376228702,22,3
1376229305,22,3
1376229909,22,3
1376230513,22,3
1376231117,22,3
1376231720,22,3
1376232324,22,3
1376232928,22,3
1376233532,22,3
1376234136,22,3
1376234739,22,3
1376235343,22,3
1376235947,22,3
1376236551,22,3
1376237154,22,3
1376237758,22,3
1376238362,22,3
1376238966,22,3
1376239569,22,3
1376240012,20,5
1376240047,20,5
1376240650,20,5
1376241254,20,5
1376241858,20,5
1376242231,21,4
1376242835,21,4
1376243306,22,3
1376243504,23,2
1376244107,23,2
1376244612,22,3
1376245216,22,3
1376245820,22,3
1376246423,22,3
1376247014,23,2
1376247618,23,2
1376248222,23,2
1376248825,23,2
1376249429,23,2
1376250033,23,2
1376250636,23,2
1376251240,23,2
1376251845,23,2
1376252449,23,2
1376253052,23,2
1376253656,23,2
1376254260,23,2
1376254864,23,2
1376255467,23,2
1376256071,23,2
1376256675,23,2
1376257279,23,2
1376257883,23,2
1376258486,23,2
1376259090,23,2
1376259694,23,2
1376260298,23,2
1376260907,23,2
1376261511,23,2
1376262115,23,2
1376262719,23,2
1376263322,23,2
1376263926,23,2
1376264530,23,2
1376265134,23,2
1376265738,23,2
1376266342,23,2
1376266945,23,2
1376267549,23,2
1376268153,23,2
1376268757,23,2
1376269361,23,2
1376269964,23,2
1376270568,23,2
1376271172,23,2
1376271775,23,2
1376272217,23,2
1376272822,23,2
1376273426,23,2
1376274029,23,2
1376274633,23,2
1376275237,23,2
1376275841,23,2
1376276445,23,2
1376277048,23,2
1376277653,23,2
1376278256,23,2
1376278860,23,2
1376279464,23,2
1376280068,23,2
1376280672,23,2
1376281275,23,2
1376281879,23,2
1376282483,23,2
1376283087,23,2
1376283691,23,2
1376284295,23,2
1376284899,23,2
1376285503,23,2
1376286106,23,2
1376286710,23,2
1376287314,23,2
1376287918,23,2
1376288522,23,2
1376289125,23,2
1376289729,23,2
1376290333,23,2
1376290937,23,2
1376291541,23,2
1376292145,23,2
1376292749,23,2
1376293352,23,2
1376293956,23,2
1376294560,23,2
1376295164,23,2
1376295767,23,2
1376296371,23,2
1376296975,23,2
1376297579,23,2
1376298087,23,1
1376298691,23,1
1376299295,23,1
1376299898,23,1
1376300502,23,1
1376301106,23,1
1376301710,23,1
1376302314,23,1
1376302918,23,1
1376303522,23,1
1376304125,23,1
1376304729,23,1
1376305333,23,1
1376305937,23,1
1376306540,23,1
1376307144,23,1
1376307748,23,1
1376308352,23,1
1376308955,23,1
1376309559,23,1
1376310163,23,1
1376310767,23,1
1376311371,23,1
1376311974,23,1
1376312578,23,1
1376313182,23,1
1376313786,23,1
1376314389,23,1
1376314993,23,1
1376315598,23,1
1376315975,22,2
1376316579,22,2
1376317183,22,2
1376317786,22,2
1376318390,22,2
1376318994,22,2
1376319598,22,2
1376320202,22,2
1376320806,22,2
1376321409,22,2
1376322013,22,2
1376322617,22,2
1376323220,22,2
1376323824,22,2
1376324428,22,2
1376325032,22,2
1376325636,22,2
1376326217,21,3
1376326821,21,3
1376327425,21,3
1376327670,21,3
1376328274,21,3
1376328878,21,3
1376329243,21,3
1376329252,22,2
1376329856,22,2
1376330459,22,2
1376331063,22,2
1376331667,22,2
1376332092,23,1
1376332697,23,1
1376333301,23,1
1376333904,23,1
1376334508,23,1
1376335112,23,1
1376335715,23,1
1376336319,23,1
1376336923,23,1
1376337527,23,1
1376338131,23,1
1376338734,23,1
1376339338,23,1
1376339942,23,1
1376340546,23,1
1376341150,23,1
1376341631,22,2
1376342235,22,2
1376342839,22,2
1376343443,22,2
1376344046,22,2
1376344650,22,2
1376345254,22,2
1376345864,22,2
1376346467,22,2
1376347071,22,2
1376347675,22,2
1376348279,22,2
1376348882,22,2
1376349486,22,2
1376350090,22,2
1376350694,22,2
1376351297,22,2
1376351901,22,2
1376352505,22,2
1376353109,22,2
1376353713,22,2
1376354317,22,2
1376354921,22,2
1376355524,22,2
1376356128,22,2
1376356732,22,2
1376357336,22,2
1376357940,22,2
1376358615,22,2
1376359219,22,2
1376359823,22,2
1376360426,22,2
1376361030,22,2
1376361634,22,2
1376362238,22,2
1376362841,22,2
1376363445,22,2
1376364049,22,2
1376364653,22,2
1376365257,22,2
1376365861,22,2
1376366465,22,2
1376367069,22,2
1376367672,22,2
1376368276,22,2
1376368880,22,2
1376369483,22,2
1376370087,22,2
1376370691,22,2
1376371295,22,2
1376371899,22,2
1376372502,22,2
1376373106,22,2
1376373710,22,2
1376374314,22,2
1376374917,22,2
1376375521,22,2
1376376125,22,2
1376376729,22,2
1376377332,22,2
1376377937,22,2
1376378541,22,2
1376378774,23,1
1376379379,23,1
1376379982,23,1
1376380586,23,1
1376381190,23,1
1376381794,23,1
1376382397,23,1
1376383001,23,1
1376383605,23,1
1376384209,23,1
1376384760,22,2
1376385364,22,2
1376385968,22,2
1376386572,22,2
1376387176,22,2
1376387779,22,2
1376388262,23,1
1376388866,23,1
1376389469,23,1
1376390073,23,1
1376390678,23,1
1376391281,23,1
1376391885,23,1
1376392489,23,1
1376393093,23,1
1376393696,23,1
1376394301,23,1
1376394904,23,1
1376395508,23,1
1376396112,23,1
1376396715,23,1
1376397319,23,1
1376397923,23,1
1376398526,23,1
1376399130,23,1
1376399734,23,1
1376400338,23,1
1376400942,23,1
1376401545,23,1
1376402149,23,1
1376402753,23,1
1376403357,23,1
1376403961,23,1
1376404565,23,1
1376405169,23,1
1376405772,23,1
1376406376,23,1
1376406980,23,1
1376407584,23,1
1376408188,23,1
1376408791,23,1
1376409395,23,1
1376409999,23,1
1376410603,23,1
1376411206,23,1
1376411810,23,1
1376412414,23,1
1376413018,23,1
1376413500,22,2
1376414105,22,2
1376414571,21,3
1376415175,21,3
1376415779,21,3
1376416383,21,3
1376416987,21,3
1376417591,21,3
1376418194,21,3
1376418798,21,3
1376419402,21,3
1376420006,21,3
1376420609,21,3
1376421213,21,3
1376421817,21,3
1376422421,21,3
1376423025,21,3
1376423628,21,3
1376424232,21,3
1376424836,21,3
1376425439,21,3
1376426043,21,3
1376426647,21,3
1376427251,21,3
1376427854,21,3
1376428459,21,3
1376429063,21,3
1376429666,21,3
1376430270,21,3
1376430874,21,3
1376431478,21,3
1376432088,21,3
1376432691,21,3
1376433295,21,3
1376433899,21,3
1376434503,21,3
1376435106,21,3
1376435710,21,3
1376436314,21,3
1376436918,21,3
1376437521,21,3
1376438125,21,3
1376438729,21,3
1376439333,21,3
1376439936,21,3
1376440541,21,3
1376441145,21,3
1376441748,21,3
1376442352,21,3
1376442956,21,3
1376443560,21,3
1376444163,21,3
1376444767,21,3
1376445018,21,3
1376445622,21,3
1376446225,21,3
1376446829,21,3
1376447433,21,3
1376448037,21,3
1376448640,21,3
1376449244,21,3
1376449848,21,3
1376450452,21,3
1376451055,21,3
1376451659,21,3
1376452263,21,3
1376452867,21,3
1376453471,21,3
1376454075,21,3
1376454679,21,3
1376455282,21,3
1376455886,21,3
1376456490,21,3
1376457094,21,3
1376457698,21,3
1376458301,21,3
1376458905,21,3
1376459509,21,3
1376460113,21,3
1376460716,21,3
1376461320,21,3
1376461924,21,3
1376462528,21,3
1376463132,21,3
1376463735,21,3
1376464339,21,3
1376464943,21,3
1376465417,22,2
1376466020,22,2
1376466326,21,3
1376466611,20,4
1376467184,20,4
1376467195,21,3
1376467589,22,2
1376468193,22,2
1376468797,22,2
1376469400,22,2
1376470004,22,2
1376470608,22,2
1376471212,22,2
1376471816,22,2
1376472343,22,2
1376472397,23,1
1376472442,25,0
1376473046,25,0
1376473098,25,0
1376473314,25,0
1376473426,25,0
1376474029,25,0
1376474633,25,0
1376475237,25,0
1376475842,25,0
1376476446,25,0
1376477049,25,0
1376477201,25,0
1376477216,25,0
1376477819,25,0
1376478423,25,0
1376479027,25,0
1376479631,25,0
1376480235,25,0
1376480838,25,0
1376481442,25,0
1376482046,25,0
1376482650,25,0
1376483253,25,0
1376483857,25,0
1376484461,25,0
1376485065,25,0
1376485460,25,0
1376486064,25,0
1376486668,25,0
1376487271,25,0
1376487875,25,0
1376488479,25,0
1376489083,25,0
1376489406,24,1
1376489645,23,2
1376490249,23,2
1376490852,23,2
1376491456,23,2
1376492060,23,2
1376492664,23,2
1376493268,23,2
1376493871,23,2
1376494475,23,2
1376495079,23,2
1376495139,21,4
1376495177,21,4
1376495232,21,4
1376495836,21,4
1376496439,21,4
1376497043,21,4
1376497647,21,4
1376498251,21,4
1376498657,22,3
1376499262,22,3
1376499865,22,3
1376500098,23,2
1376500701,23,2
1376501305,23,2
1376501908,23,2
1376502463,23,2
1376502466,22,3
1376503070,22,3
1376503675,22,3
1376504389,22,3
1376504987,22,3
1376505591,22,3
1376506194,22,3
1376506798,22,3
1376507402,22,3
1376508006,22,3
1376508609,22,3
1376509213,22,3
1376509817,22,3
1376510421,22,3
1376510608,23,2
1376510635,24,1
1376511239,24,1
1376511843,24,1
1376512446,24,1
1376513050,24,1
1376513654,24,1
1376514258,24,1
1376514861,24,1
1376515465,24,1
1376516069,24,1
1376516673,24,1
1376517277,24,1
1376517881,24,1
1376518484,24,1
1376519088,24,1
1376519692,24,1
1376520296,24,1
1376520899,24,1
1376521503,24,1
1376522113,24,1
1376522717,24,1
1376523320,24,1
1376523924,24,1
1376524528,24,1
1376525132,24,1
1376525735,24,1
1376526339,24,1
1376526943,24,1
1376527547,24,1
1376528151,24,1
1376528755,24,1
1376529359,24,1
1376529963,24,1
1376530566,24,1
1376531170,24,1
1376531443,24,1
1376531534,24,1
1376532138,24,1
1376532741,24,1
1376533345,24,1
1376533949,24,1
1376534553,24,1
1376535156,24,1
1376535760,24,1
1376536364,24,1
1376536968,24,1
1376537571,24,1
1376538175,24,1
1376538779,24,1
1376539383,24,1
1376539986,24,1
1376540590,24,1
1376541195,24,1
1376541798,24,1
1376542402,24,1
1376543006,24,1
1376543610,24,1
1376544213,24,1
1376544817,24,1
1376545115,25,0
1376545719,25,0
1376546323,25,0
1376546926,25,0
1376547530,25,0
1376548134,25,0
1376548738,25,0
1376549341,25,0
1376549945,25,0
1376550549,25,0
1376551153,25,0
1376551757,25,0
1376552360,25,0
1376552964,25,0
1376553568,25,0
1376554172,25,0
1376554776,25,0
1376555380,25,0
1376555983,25,0
1376556587,25,0
1376557191,25,0
1376557795,25,0
1376558398,25,0
1376559002,25,0
1376559606,25,0
1376560210,25,0
1376560814,25,0
1376561418,25,0
1376562021,25,0
1376562625,25,0
1376563229,25,0
1376563832,25,0
1376564436,25,0
1376565040,25,0
1376565644,25,0
1376566247,25,0
1376566851,25,0
1376567454,25,0
1376568058,25,0
1376568662,25,0
1376569266,25,0
1376569870,25,0
1376570473,25,0
1376571077,25,0
1376571681,25,0
1376572285,25,0
1376572888,25,0
1376573492,25,0
1376574096,25,0
1376574700,25,0
1376575303,25,0
1376575907,25,0
1376576511,25,0
1376577115,25,0
1376577718,25,0
1376578323,25,0
1376578927,25,0
1376579530,25,0
1376580134,25,0
1376580641,25,0
1376581244,25,0
1376581848,25,0
1376582452,25,0
1376583055,25,0
1376583659,25,0
1376584263,25,0
1376584867,25,0
1376585471,25,0
1376586074,25,0
1376586678,25,0
1376587283,25,0
1376587385,24,1
1376587989,24,1
1376588594,24,1
1376589198,24,1
1376589802,24,1
1376590405,24,1
1376590534,25,0
1376591138,25,0
1376591742,25,0
1376592346,25,0
1376592949,25,0
1376593553,25,0
1376594157,25,0
1376594761,25,0
1376595364,25,0
1376595968,25,0
1376596572,25,0
1376597176,25,0
1376597779,25,0
1376598383,25,0
1376598987,25,0
1376599591,25,0
1376600195,25,0
1376600798,25,0
1376601402,25,0
1376602006,25,0
1376602609,25,0
1376603213,25,0
1376603823,25,0
1376604426,25,0
1376605030,25,0
1376605634,25,0
1376606238,25,0
1376606841,25,0
1376607445,25,0
1376608049,25,0
1376608653,25,0
1376609256,25,0
1376609860,25,0
1376610463,25,0
1376611067,25,0
1376611671,25,0
1376612275,25,0
1376612878,25,0
1376613482,25,0
1376614086,25,0
1376614690,25,0
1376615294,25,0
1376615897,25,0
1376616502,25,0
1376617106,25,0
1376617818,25,0
1376618422,25,0
1376619026,25,0
1376619630,25,0
1376620234,25,0
1376620838,25,0
1376621441,25,0
1376622045,25,0
1376622649,25,0
1376623253,25,0
1376623857,25,0
1376624460,25,0
1376625064,25,0
1376625668,25,0
1376626272,25,0
1376626875,25,0
1376627479,25,0
1376628083,25,0
1376628687,25,0
1376629291,25,0
1376629895,25,0
1376630499,25,0
1376631102,25,0
1376631706,25,0
1376632310,25,0
1376632914,25,0
1376633517,25,0
1376634121,25,0
1376634725,25,0
1376635329,25,0
1376635933,25,0
1376636536,25,0
1376637140,25,0
1376637744,25,0
1376638348,25,0
1376638951,25,0
1376639555,25,0
1376640159,25,0
1376640763,25,0
1376641367,25,0
1376641971,25,0
1376642575,25,0
1376643178,25,0
1376643782,25,0
1376644386,25,0
1376644990,25,0
1376645593,25,0
1376646197,25,0
1376646744,24,1
1376647348,24,1
1376647952,24,1
1376648556,24,1
1376649159,24,1
1376649763,24,1
1376650367,24,1
1376650971,24,1
1376651547,25,0
1376652151,25,0
1376652755,25,0
1376653359,25,0
1376653963,25,0
1376654567,25,0
1376655171,25,0
1376655774,25,0
1376656378,25,0
1376656982,25,0
1376657586,25,0
1376658190,25,0
1376658793,25,0
1376659397,25,0
1376660001,25,0
1376660604,25,0
1376661208,25,0
1376661812,25,0
1376662416,25,0
1376663020,25,0
1376663623,25,0
1376664227,25,0
1376664831,25,0
1376665435,25,0
1376666039,25,0
1376666643,25,0
1376667247,25,0
1376667850,25,0
1376668454,25,0
1376669058,25,0
1376669662,25,0
1376670265,25,0
1376670869,25,0
1376671473,25,0
1376672077,25,0
1376672681,25,0
1376673284,25,0
1376673888,25,0
1376674245,25,0
1376674252,23,2
1376674858,24,1
1376675461,24,1
1376675925,24,1
1376675927,23,2
1376676531,23,2
1376677135,23,2
1376677739,23,2
1376678343,23,2
1376678947,23,2
1376679391,23,2
1376679412,25,0
1376680016,25,0
1376680619,25,0
1376681223,25,0
1376681827,25,0
1376682431,25,0
1376683034,25,0
1376683638,25,0
1376684242,25,0
1376684846,25,0
1376685450,25,0
1376686053,25,0
1376686657,25,0
1376686887,25,0
1376687490,25,0
1376688094,25,0
1376688698,25,0
1376689302,25,0
1376689905,25,0
1376690509,25,0
1376691114,25,0
1376691717,25,0
1376692327,25,0
1376692931,25,0
1376693535,25,0
1376694138,25,0
1376694742,25,0
1376695346,25,0
1376695950,25,0
1376696554,25,0
1376697157,25,0
1376697761,25,0
1376698365,25,0
1376698968,25,0
1376699572,25,0
1376700176,25,0
1376700780,25,0
1376701384,25,0
1376701987,25,0
1376702591,25,0
1376703023,25,0
1376703627,25,0
1376704241,25,0
1376704333,25,0
1376704936,25,0
1376705540,25,0
1376706144,25,0
1376706748,25,0
1376707351,25,0
1376707955,25,0
1376708559,25,0
1376709162,25,0
1376709767,25,0
1376710371,25,0
1376710975,25,0
1376711579,25,0
1376712182,25,0
1376712786,25,0
1376713390,25,0
1376713994,25,0
1376714597,25,0
1376715201,25,0
1376715805,25,0
1376716409,25,0
1376717013,25,0
1376717617,25,0
1376718221,25,0
1376718825,25,0
1376719428,25,0
1376720032,25,0
1376720636,25,0
1376721240,25,0
1376721843,25,0
1376722447,25,0
1376723051,25,0
1376723655,25,0
1376724258,25,0
1376724862,25,0
1376725466,25,0
1376726070,25,0
1376726674,25,0
1376727277,25,0
1376727881,25,0
1376728485,25,0
1376729089,25,0
1376729693,25,0
1376730297,25,0
1376730901,25,0
1376731504,25,0
1376732108,25,0
1376732712,25,0
1376733316,25,0
1376733919,25,0
1376734523,25,0
1376735127,25,0
1376735731,25,0
1376736334,25,0
1376736938,25,0
1376737542,25,0
1376738146,25,0
1376738750,25,0
1376739353,25,0
1376739957,25,0
1376740561,25,0
1376741164,25,0
1376741769,25,0
1376742373,25,0
1376742976,25,0
1376743580,25,0
1376744184,25,0
1376744788,25,0
1376745391,25,0
1376745995,25,0
1376746599,25,0
1376747203,25,0
1376747807,25,0
1376748410,25,0
1376749014,25,0
1376749618,25,0
1376750221,25,0
1376750825,25,0
1376751429,25,0
1376752033,25,0
1376752637,25,0
1376753240,25,0
1376753845,25,0
1376754449,25,0
1376755052,25,0
1376755656,25,0
1376756260,25,0
1376756864,25,0
1376757468,25,0
1376758071,25,0
1376758675,25,0
1376759279,25,0
1376759882,25,0
1376760486,25,0
1376761090,25,0
1376761694,25,0
1376762297,25,0
1376762901,25,0
1376763505,25,0
1376764109,25,0
1376764713,25,0
1376765316,25,0
1376765920,25,0
1376766523,25,0
1376767127,25,0
1376767731,25,0
1376768335,25,0
1376768938,25,0
1376769542,25,0
1376770146,25,0
1376770750,25,0
1376771354,25,0
1376771957,25,0
1376772561,25,0
1376773165,25,0
1376773768,25,0
1376774372,25,0
1376774976,25,0
1376775586,25,0
1376776189,25,0
1376776793,25,0
1376777397,25,0
1376778001,25,0
1376778604,25,0
1376779209,25,0
1376779813,25,0
1376780417,25,0
1376781020,25,0
1376781624,25,0
1376782228,25,0
1376782831,25,0
1376783422,24,1
1376784026,24,1
1376784630,24,1
1376785233,24,1
1376785837,24,1
1376786441,24,1
1376787045,24,1
1376787649,24,1
1376788252,24,1
1376788856,24,1
1376789460,24,1
1376790064,24,1
1376790617,24,1
1376791221,24,1
1376791825,24,1
1376792429,24,1
1376793032,24,1
1376793636,24,1
1376794090,25,0
1376794694,25,0
1376795298,25,0
1376795902,25,0
1376796506,25,0
1376797110,25,0
1376797713,25,0
1376798317,25,0
1376798921,25,0
1376799525,25,0
1376800128,25,0
1376800732,25,0
1376801336,25,0
1376801940,25,0
1376802543,25,0
1376803147,25,0
1376803751,25,0
1376804355,25,0
1376804959,25,0
1376805563,25,0
1376806167,25,0
1376806770,25,0
1376807374,25,0
1376807978,25,0
1376808581,25,0
1376809185,25,0
1376809789,25,0
1376810393,25,0
1376810997,25,0
1376811600,25,0
1376812204,25,0
1376812808,25,0
1376813412,25,0
1376814016,25,0
1376814619,25,0
1376815223,25,0
1376815827,25,0
1376816431,25,0
1376817035,25,0
1376817639,25,0
1376818242,25,0
1376818847,25,0
1376819450,25,0
1376820054,25,0
1376820657,25,0
1376821261,25,0
1376821865,25,0
1376822469,25,0
1376823073,25,0
1376823676,25,0
1376824280,25,0
1376824884,25,0
1376825488,25,0
1376826092,25,0
1376826695,25,0
1376827299,25,0
1376827903,25,0
1376828506,25,0
1376829111,25,0
1376829715,25,0
1376830318,25,0
1376830922,25,0
1376831526,25,0
1376832104,23,2
1376832709,23,2
