1376208398,19,13
1376209002,19,13
1376209606,19,13
1376209959,19,13
1376210110,19,13
1376210176,19,13
1376210291,21,11
1376210895,21,11
1376211499,21,11
1376212103,21,11
1376212706,21,11
1376213310,21,11
1376213914,21,11
1376214517,21,11
1376215121,21,11
1376215725,21,11
1376215826,21,11
1376215867,22,10
1376216471,22,10
1376217081,22,10
1376217685,22,10
1376218288,22,10
1376218892,22,10
1376219496,22,10
1376219632,21,11
1376220236,21,11
1376220840,21,11
1376221444,21,11
1376222048,21,11
1376222651,21,11
1376223255,21,11
1376223859,21,11
1376224464,21,11
1376225067,21,11
1376225671,21,11
1376226276,21,11
1376226880,21,11
1376227484,21,11
1376228087,21,11
1376228691,21,11
1376229295,21,11
1376229484,22,10
1376230088,22,10
1376230692,22,10
1376231295,22,10
1376231580,20,12
1376232104,20,12
1376232113,21,11
1376232717,21,11
1376232876,20,12
1376233480,20,12
1376234085,20,12
1376234689,20,12
1376235293,20,12
1376235897,20,12
1376236397,19,13
1376237001,19,13
1376237605,19,13
1376238209,19,13
1376238813,19,13
1376238857,20,12
1376239461,20,12
1376239556,18,14
1376239705,19,13
1376240139,20,12
1376240743,20,12
1376241348,20,12
1376241951,20,12
1376242555,20,12
1376242816,20,12
1376242852,21,11
1376243457,21,11
1376243841,20,12
1376244446,20,12
1376245050,20,12
1376245655,20,12
1376246259,20,12
1376246611,19,13
1376247086,20,12
1376247690,20,12
1376248156,18,14
1376248767,18,14
1376249370,18,14
1376249974,18,14
1376250578,18,14
1376251183,18,14
1376251786,18,14
1376252390,18,14
1376252994,18,14
1376253598,18,14
1376253903,17,15
1376254507,17,15
1376255111,17,15
1376255715,17,15
1376256042,17,15
1376256046,16,16
1376256650,16,16
1376257253,16,16
1376257857,16,16
1376258461,16,16
1376259065,16,16
1376259668,16,16
1376260273,16,16
1376260877,16,16
1376261480,16,16
1376262084,16,16
1376262688,16,16
1376263298,16,16
1376263901,16,16
1376264505,16,16
1376265109,16,16
1376265714,16,16
1376266205,15,17
1376266810,15,17
1376267413,15,17
1376268017,15,17
1376268621,15,17
1376269225,15,17
1376269825,16,16
1376270430,16,16
1376271034,16,16
1376271282,18,14
1376271332,21,11
1376271355,22,10
1376271640,22,10
1376272244,22,10
1376272840,22,8
1376272901,22,6
1376272931,22,5
1376273535,22,5
1376274139,22,5
1376274743,22,5
1376275346,22,5
1376275950,22,5
1376276554,22,5
1376277157,22,5
1376277761,22,5
1376278365,22,5
1376278970,22,5
1376279574,22,5
1376280178,22,5
1376280781,22,5
1376281385,22,5
1376281990,22,5
1376282594,22,5
1376283197,22,5
1376283434,21,6
1376284038,21,6
1376284642,21,6
1376285246,21,6
1376285529,22,5
1376286132,22,5
1376286736,22,5
1376286915,22,4
1376287446,22,4
1376288051,22,5
1376288654,22,5
1376288893,21,6
1376289174,20,7
1376289778,20,7
1376289849,19,8
1376289913,18,9
1376289982,17,10
1376290231,16,11
1376290835,16,11
1376291439,16,11
1376291539,17,10
1376291961,18,9
1376292032,21,7
1376292104,21,7
1376292162,24,5
1376292165,25,5
1376292283,26,4
1376292559,27,4
1376292687,28,4
1376293061,29,3
1376293069,30,2
1376293358,31,2
1376293409,30,2
1376293470,30,2
1376293503,30,2
1376293555,31,2
1376293619,31,2
1376293693,30,3
1376293784,30,2
1376293812,30,2
1376293897,30,2
1376294026,31,2
1376294299,31,2
1376294365,31,2
1376294439,31,1
1376294451,32,0
1376294985,32,0
1376295044,0,0
1376295212,0,0
1376295315,0,0
1376295361,0,0
1376295486,0,0
1376295641,0,0
1376295741,0,1
1376296051,0,1
1376296224,0,1
1376296684,0,1
1376297289,0,1
1376297893,0,1
1376298497,0,1
1376299102,0,1
1376299707,0,1
1376300311,0,1
1376300915,0,1
1376301519,0,1
1376301989,0,1
1376302593,0,1
1376303196,0,1
1376303800,0,1
1376304404,0,1
1376305009,0,1
1376305612,0,1
1376306080,0,1
1376306088,0,1
1376306403,0,1
1376307006,0,1
1376307610,0,1
1376308215,0,1
1376308819,0,1
1376309423,0,1
1376310029,0,1
1376310634,0,1
1376311169,0,1
1376311243,1,0
1376311265,0,0
1376311869,0,0
1376312474,0,0
1376313078,0,0
1376313683,0,0
1376314287,0,0
1376314890,0,0
1376315494,0,0
1376316098,0,0
1376316702,0,0
1376317306,0,0
1376317910,0,0
1376318515,0,0
1376319119,0,0
1376319723,0,0
1376320327,0,0
1376320932,0,0
1376321177,0,0
1376321781,0,0
1376322386,0,0
1376322642,0,0
1376323245,0,0
1376323849,0,0
1376324454,0,0
1376325059,0,0
1376325276,0,0
1376325880,0,0
1376326484,0,0
1376327088,0,0
1376327691,0,0
1376328295,0,0
1376328899,0,0
1376329502,0,0
1376330107,0,0
1376330710,0,0
1376331314,0,0
1376331918,0,0
1376332522,0,0
1376333125,0,0
1376333729,0,0
1376334333,0,0
1376334937,0,0
1376335541,0,0
1376336146,0,0
1376336750,0,0
1376337354,0,0
1376337958,0,0
1376338394,0,0
1376338999,0,0
1376339247,0,0
1376339851,0,0
1376340455,0,0
1376341058,0,0
1376341662,0,0
1376342266,0,0
1376342870,0,0
1376343474,0,0
1376344077,0,0
1376344681,0,0
1376345285,0,0
1376345889,0,0
1376346493,0,0
1376347097,0,0
1376347701,0,0
1376348305,0,0
1376348909,0,0
1376349513,0,0
1376350118,0,0
1376350722,0,0
1376351325,0,0
1376351929,0,0
1376352533,0,0
1376353137,0,0
1376353741,0,0
1376354345,0,0
1376354949,0,0
1376355553,0,0
1376356157,0,0
1376356761,0,0
1376357365,0,0
1376358030,0,0
1376358066,0,0
1376358670,0,0
1376359273,0,0
1376359878,0,0
1376360482,0,0
1376361085,0,0
1376361689,0,0
1376362293,0,0
1376362897,0,0
1376363501,0,0
1376364104,0,0
1376364708,0,0
1376365312,0,0
1376365916,0,0
1376366520,0,0
1376367123,0,0
1376367727,0,0
1376368331,0,0
1376368936,0,0
1376369539,0,0
1376370143,0,0
1376370747,0,0
1376371351,0,0
1376371955,0,0
1376372559,0,0
1376373163,0,0
1376373766,0,0
1376374370,0,0
1376374974,0,0
1376375578,0,0
1376375737,0,0
1376376340,0,0
1376376944,0,0
1376377548,0,0
1376378153,0,0
1376378379,0,0
1376378983,0,0
1376379587,0,0
1376380190,0,0
1376380794,0,0
1376381398,0,0
1376382003,0,0
1376382608,0,0
1376383212,0,0
1376383815,0,0
1376384419,0,0
1376385023,0,0
1376385627,0,0
1376386231,0,0
1376386835,0,0
1376387439,0,0
1376388043,0,0
1376388315,0,0
1376388919,0,0
1376389523,0,0
1376390127,0,0
1376390731,0,0
1376391334,0,0
1376391938,0,0
1376392542,0,0
1376393145,0,0
1376393749,0,0
1376394353,0,0
1376394957,0,0
1376395562,0,0
1376396165,0,0
1376396769,0,0
1376397373,0,0
1376397977,0,0
1376398581,0,0
1376399184,0,0
1376399788,0,0
1376400395,0,0
1376400998,0,0
1376401603,0,0
1376402206,0,0
1376402810,0,0
1376403414,0,0
1376404017,0,0
1376404621,0,0
1376405225,0,0
1376405829,0,0
1376406433,0,0
1376407037,0,0
1376407640,0,0
1376408244,0,0
1376408849,0,0
1376409454,0,0
1376410058,0,0
1376410663,0,0
1376411266,0,0
1376411871,0,0
1376412475,0,0
1376413080,0,0
1376413684,0,0
1376414288,0,0
1376414892,0,0
1376415496,0,0
1376416100,0,0
1376416703,0,0
1376417307,0,0
1376417911,0,0
1376418514,0,0
1376419118,0,0
1376419722,0,0
1376420326,0,0
1376420930,0,0
1376421535,0,0
1376422139,0,0
1376422743,0,0
1376423347,0,0
1376423951,0,0
1376424555,0,0
1376425160,0,0
1376425764,0,0
1376426368,0,0
1376426973,0,0
1376427578,0,0
1376428182,0,0
1376428785,0,0
1376429395,0,0
1376429999,0,0
1376430603,0,0
1376431208,0,0
1376431812,0,0
1376432416,0,0
1376433020,0,0
1376433624,0,0
1376434227,0,0
1376434832,0,0
1376434981,0,0
1376435585,0,0
1376436189,0,0
1376436793,0,0
1376437396,0,0
1376438000,0,0
1376438604,0,0
1376439208,0,0
1376439811,0,0
1376440415,0,0
1376441019,0,0
1376441623,0,0
1376442227,0,0
1376442831,0,0
1376443435,0,0
1376444039,0,0
1376444414,0,0
1376444450,0,0
1376445054,0,0
1376445657,0,0
1376446261,0,0
1376446865,0,0
1376447469,0,0
1376448073,0,0
1376448677,0,0
1376449281,0,0
1376449885,0,0
1376450488,0,0
1376451092,0,0
1376451696,0,0
1376452299,0,0
1376452903,0,0
1376453507,0,0
1376454111,0,0
1376454715,0,0
1376455319,0,0
1376455922,0,0
1376456526,0,0
1376457130,0,0
1376457733,0,0
1376458337,0,0
1376458941,0,0
1376459545,0,0
1376460149,0,0
1376460753,0,0
1376461357,0,0
1376461961,0,0
1376462564,0,0
1376463168,0,0
1376463772,0,0
1376464376,0,0
1376464979,0,0
1376465583,0,0
1376466187,0,0
1376466791,0,0
1376467395,0,0
1376467998,0,0
1376468602,0,0
1376469206,0,0
1376469808,0,0
1376470412,0,0
1376471015,0,0
1376471619,0,0
1376472223,0,0
1376472828,0,0
1376473432,0,0
1376474037,0,0
1376474640,0,0
1376475245,0,0
1376475850,0,0
1376476455,0,0
1376477060,0,0
1376477664,0,0
1376478267,0,0
1376478871,0,0
1376479475,0,0
1376480080,0,0
1376480683,0,0
1376481287,0,0
1376481891,0,0
1376482496,0,0
1376483103,0,0
1376483707,0,0
1376484311,0,0
1376484915,0,0
1376485520,0,0
1376486124,0,0
1376486730,0,0
1376487334,0,0
1376487938,0,0
1376488542,0,0
1376489146,0,0
1376489750,0,0
1376490355,0,0
1376490959,0,0
1376491563,0,0
1376492166,0,0
1376492770,0,0
1376493374,0,0
1376493978,0,0
1376494582,0,0
1376495187,0,0
1376495790,0,0
1376496394,0,0
1376496998,0,0
1376497602,0,0
1376498207,0,0
1376498810,0,0
1376499414,0,0
1376500018,0,0
1376500622,0,0
1376501226,0,0
1376501830,0,0
1376502433,0,0
1376503037,0,0
1376503642,0,0
1376504247,0,0
1376504850,0,0
1376505454,0,0
1376506058,0,0
1376506662,0,0
1376507267,0,0
1376507870,0,0
1376508474,0,0
1376509078,0,0
1376509682,0,0
1376510286,0,0
1376510890,0,0
1376511494,0,0
1376512097,0,0
1376512701,0,0
1376513305,0,0
1376513909,0,0
1376514513,0,0
1376515122,0,0
1376515726,0,0
1376516330,0,0
1376516933,0,0
1376517538,0,0
1376518142,0,0
1376518746,0,0
1376519350,0,0
1376519955,0,0
1376520558,0,0
1376521162,0,0
1376521766,0,0
1376522370,0,0
1376522974,0,0
1376523578,0,0
1376524183,0,0
1376524787,0,0
1376525391,0,0
1376525995,0,0
1376526599,0,0
1376527204,0,0
1376527808,0,0
1376528412,0,0
1376529015,0,0
1376529619,0,0
1376530223,0,0
1376530781,0,0
1376531386,0,0
1376531989,0,0
1376532593,0,0
1376533197,0,0
1376533801,0,0
1376534405,0,0
1376535008,0,0
1376535613,0,0
1376536217,0,0
1376536820,0,0
1376537424,0,0
1376538028,0,0
1376538632,0,0
1376539235,0,0
1376539839,0,0
1376540443,0,0
1376541047,0,0
1376541651,0,0
1376542254,0,0
1376542858,0,0
1376543462,0,0
1376544066,0,0
1376544669,0,0
1376545273,0,0
1376545877,0,0
1376546480,0,0
1376547084,0,0
1376547689,0,0
1376548292,0,0
1376548896,0,0
1376549500,0,0
1376550104,0,0
1376550708,0,0
1376551312,0,0
1376551915,0,0
1376552519,0,0
1376553123,0,0
1376553727,0,0
1376554330,0,0
1376554934,0,0
1376555538,0,0
1376556142,0,0
1376556746,0,0
1376557349,0,0
1376557953,0,0
1376558557,0,0
1376559160,0,0
1376559764,0,0
1376560368,0,0
1376560972,0,0
1376561400,0,0
1376561493,0,0
1376561534,0,0
1376561713,0,0
1376561864,0,0
1376562469,0,0
1376563073,0,0
1376563676,0,0
1376564281,0,0
1376564885,0,0
1376565488,0,0
1376566092,0,0
1376566696,0,0
1376567300,0,0
1376567903,0,0
1376568507,0,0
1376569111,0,0
1376569714,0,0
1376570318,0,0
1376570922,0,0
1376571527,0,0
1376572131,0,0
1376572735,0,0
1376573339,0,0
1376573943,0,0
1376574547,0,0
1376575151,0,0
1376575754,0,0
1376576358,0,0
1376576963,0,0
1376577567,0,0
1376578170,0,0
1376578775,0,0
1376579379,0,0
1376579983,0,0
1376580588,0,0
1376581191,0,0
1376581795,0,0
1376582399,0,0
1376583003,0,0
1376583607,0,0
1376584210,0,0
1376584814,0,0
1376585418,0,0
1376586030,0,0
1376586634,0,0
1376587237,0,0
1376587841,0,0
1376588445,0,0
1376589049,0,0
1376589653,0,0
1376590257,0,0
1376590861,0,0
1376591465,0,0
1376592068,0,0
1376592672,0,0
1376593276,0,0
1376593880,0,0
1376594483,0,0
1376595087,0,0
1376595691,0,0
1376596294,0,0
1376596898,0,0
1376597502,0,0
1376598106,0,0
1376598710,0,0
1376599314,0,0
1376599919,0,0
1376600523,0,0
1376601128,0,0
1376601732,0,0
1376602095,0,0
1376602699,0,0
1376603303,0,0
1376603907,0,0
1376604511,0,0
1376605115,0,0
1376605718,0,0
1376606322,0,0
1376606926,0,0
1376607529,0,0
1376608133,0,0
1376608737,0,0
1376609341,0,0
1376609945,0,0
1376610549,0,0
1376611152,0,0
1376611756,0,0
1376612360,0,0
1376612963,0,0
1376613567,0,0
1376614171,0,0
1376614776,0,0
1376615379,0,0
1376615983,0,0
1376616587,0,0
1376617210,0,0
1376617246,0,0
1376617850,0,0
1376618454,0,0
1376619057,0,0
1376619661,0,0
1376620265,0,0
1376620869,0,0
1376621473,0,0
1376622076,0,0
1376622680,0,0
1376623284,0,0
1376623887,0,0
1376624491,0,0
1376625096,0,0
1376625699,0,0
1376626303,0,0
1376626907,0,0
1376627512,0,0
1376628116,0,0
1376628720,0,0
1376629323,0,0
1376629927,0,0
1376630531,0,0
1376631134,0,0
1376631738,0,0
1376632342,0,0
1376632946,0,0
1376633549,0,0
1376634153,0,0
1376634758,0,0
1376635362,0,0
1376635966,0,0
1376636570,0,0
1376637174,0,0
1376637779,0,0
1376638382,0,0
1376638986,0,0
1376639590,0,0
1376640194,0,0
1376640800,0,0
1376641404,0,0
1376642007,0,0
1376642611,0,0
1376643215,0,0
1376643820,0,0
1376644425,0,0
1376645029,0,0
1376645633,0,0
1376646238,0,0
1376646843,0,0
1376647447,0,0
1376648052,0,0
1376648655,0,0
1376649260,0,0
1376649863,0,0
1376650467,0,0
1376651072,0,0
1376651676,0,0
1376652280,0,0
1376652884,0,0
1376653488,0,0
1376654092,0,0
1376654697,0,0
1376655300,0,0
1376655905,0,0
1376656509,0,0
1376657113,0,0
1376657717,0,0
1376658322,0,0
1376658925,0,0
1376659529,0,0
1376660134,0,0
1376660454,0,0
1376660554,0,0
1376661158,0,0
1376661762,0,0
1376662367,0,0
1376662972,0,0
1376663576,0,0
1376664180,0,0
1376664785,0,0
1376665388,0,0
1376665993,0,0
1376666597,0,0
1376667201,0,0
1376667806,0,0
1376668410,0,0
1376669014,0,0
1376669096,0,0
1376669170,0,0
1376669774,0,0
1376670378,0,0
1376670981,0,0
1376671585,0,0
1376672189,0,0
1376672794,0,0
1376673398,0,0
1376674002,0,0
1376674606,0,0
1376675210,0,0
1376675815,0,0
1376676418,0,0
1376677022,0,0
1376677626,0,0
1376678230,0,0
1376678833,0,0
1376679437,0,0
1376680041,0,0
1376680645,0,0
1376681248,0,0
1376681852,0,0
1376682456,0,0
1376683060,0,0
1376683664,0,0
1376684267,0,0
1376684871,0,0
1376685475,0,0
1376686079,0,0
1376686683,0,0
1376687287,0,0
1376687891,0,0
1376688500,0,0
1376689104,0,0
1376689708,0,0
1376690312,0,0
1376690916,0,0
1376691519,0,0
1376692123,0,0
1376692727,0,0
1376693331,0,0
1376693934,0,0
1376694538,0,0
1376695142,0,0
1376695746,0,0
1376696349,0,0
1376696953,0,0
1376697557,0,0
1376698161,0,0
1376698764,0,0
1376699368,0,0
1376699973,0,0
1376700577,0,0
1376701180,0,0
1376701784,0,0
1376702388,0,0
1376702992,0,0
1376703619,0,0
1376703717,0,0
1376704365,0,0
1376704415,0,0
1376705019,0,0
1376705623,0,0
1376706227,0,0
1376706831,0,0
1376707434,0,0
1376708038,0,0
1376708643,0,0
1376709247,0,0
1376709851,0,0
1376710455,0,0
1376711058,0,0
1376711662,0,0
1376712266,0,0
1376712448,0,0
1376713052,0,0
1376713656,0,0
1376714260,0,0
1376714864,0,0
1376715468,0,0
1376716071,0,0
1376716675,0,0
1376717279,0,0
1376717883,0,0
1376718487,0,0
1376719090,0,0
1376719694,0,0
1376720298,0,0
1376720902,0,0
1376721506,0,0
1376721781,0,0
1376722386,0,0
1376722990,0,0
1376723594,0,0
1376724198,0,0
1376724802,0,0
1376725405,0,0
1376726009,0,0
1376726613,0,0
1376727216,0,0
1376727820,0,0
1376728424,0,0
1376729028,0,0
1376729632,0,0
1376730235,0,0
1376730839,0,0
1376731443,0,0
1376732047,0,0
1376732650,0,0
1376733254,0,0
1376733858,0,0
1376734462,0,0
1376735066,0,0
1376735670,0,0
1376736274,0,0
1376736878,0,0
1376737482,0,0
1376738086,0,0
1376738690,0,0
1376739294,0,0
1376739898,0,0
1376740501,0,0
1376741105,0,0
1376741709,0,0
1376742313,0,0
1376742917,0,0
1376743520,0,0
1376744124,0,0
1376744728,0,0
1376745332,0,0
1376745936,0,0
1376746541,0,0
1376747145,0,0
1376747749,0,0
1376748354,0,0
1376748958,0,0
1376749561,0,0
1376750165,0,0
1376750769,0,0
1376751373,0,0
1376751977,0,0
1376752581,0,0
1376753185,0,0
1376753790,0,0
1376754394,0,0
1376754997,0,0
1376755601,0,0
1376756205,0,0
1376756809,0,0
1376757413,0,0
1376758016,0,0
1376758620,0,0
1376759224,0,0
1376759827,0,0
1376760431,0,0
1376761036,0,0
1376761641,0,0
1376762246,0,0
1376762849,0,0
1376763453,0,0
1376764058,0,0
1376764661,0,0
1376765264,0,0
1376765868,0,0
1376766472,0,0
1376767079,0,0
1376767683,0,0
1376768287,0,0
1376768891,0,0
1376769494,0,0
1376770098,0,0
1376770702,0,0
1376771306,0,0
1376771910,0,0
1376772514,0,0
1376773118,0,0
1376773723,0,0
1376774326,0,0
1376774930,0,0
1376775535,0,0
1376776145,0,0
1376776749,0,0
1376777352,0,0
1376777956,0,0
1376778560,0,0
1376779164,0,0
1376779767,0,0
1376780371,0,0
1376780975,0,0
1376781579,0,0
1376782182,0,0
1376782786,0,0
1376783390,0,0
1376783994,0,0
1376784597,0,0
1376785201,0,0
1376785806,0,0
1376786410,0,0
1376787013,0,0
1376787617,0,0
1376788221,0,0
1376788824,0,0
1376789428,0,0
1376790044,0,0
1376790649,0,0
1376791253,0,0
1376791856,0,0
1376792460,0,0
1376793064,0,0
1376793667,0,0
1376794271,0,0
1376794875,0,0
1376795479,0,0
1376796083,0,0
1376796687,0,0
1376797290,0,0
1376797893,0,0
1376798498,0,0
1376799102,0,0
1376799705,0,0
1376800309,0,0
1376800913,0,0
1376801517,0,0
1376802120,0,0
1376802724,0,0
1376803328,0,0
1376803932,0,0
1376804535,0,0
1376805139,0,0
1376805743,0,0
1376806347,0,0
1376806950,0,0
1376807554,0,0
1376808158,0,0
1376808762,0,0
1376809365,0,0
1376809969,0,0
1376810573,0,0
1376811177,0,0
1376811781,0,0
1376812385,0,0
1376812989,0,0
1376813593,0,0
1376814196,0,0
1376814800,0,0
1376815404,0,0
1376816008,0,0
1376816611,0,0
1376817215,0,0
1376817819,0,0
1376818423,0,0
1376819027,0,0
1376819631,0,0
1376820234,0,0
1376820838,0,0
1376821442,0,0
1376822045,0,0
1376822649,0,0
1376823253,0,0
1376823857,0,0
1376824461,0,0
1376825066,0,0
1376825670,0,0
1376826275,0,0
1376826879,0,0
1376827483,0,0
1376828086,0,0
1376828690,0,0
1376829294,0,0
1376829897,0,0
1376830501,0,0
1376831105,0,0
1376831709,0,0
1376832313,0,0
1376832917,0,0
