1376208589,13,12
1376208724,13,12
1376208779,13,12
1376208871,14,11
1376209180,16,9
1376209271,16,9
1376209320,17,8
1376209923,17,8
1376210527,17,8
1376211130,17,8
1376211733,17,8
1376212337,17,8
1376212941,17,8
1376213544,17,8
1376213638,16,9
1376214279,16,9
1376214288,17,8
1376214944,16,9
1376214950,15,10
1376215024,14,11
1376215627,14,11
1376216231,14,11
1376216834,14,11
1376217438,14,11
1376218041,14,11
1376218644,14,11
1376218784,15,10
1376218839,14,11
1376218850,15,10
1376219135,14,11
1376219223,13,12
1376219380,12,13
1376219479,12,13
1376219649,13,12
1376220253,13,12
1376220293,12,13
1376220897,12,13
1376221373,11,14
1376221977,11,14
1376222581,11,14
1376223184,11,14
1376223788,11,14
1376224391,11,14
1376224995,11,14
1376225379,12,13
1376225983,12,13
1376226078,9,16
1376226303,9,16
1376226376,10,15
1376226437,11,14
1376226468,12,13
1376226689,13,12
1376227293,13,12
1376227897,13,12
1376228500,13,12
1376228559,13,12
1376228568,14,11
1376229080,15,10
1376229366,16,9
1376229970,16,9
1376230573,16,9
1376230811,17,8
1376231414,17,8
1376232018,17,8
1376232621,17,8
1376232741,17,8
1376232778,18,7
1376233382,18,7
1376233986,18,7
1376234066,19,6
1376234670,19,6
1376235178,18,7
1376235257,19,6
1376235760,20,5
1376236349,20,5
1376236921,19,6
1376237525,19,6
1376238128,19,6
1376238732,19,6
1376239337,19,6
1376240024,20,5
1376240627,20,5
1376240829,19,5
1376240902,19,5
1376240978,16,8
1376241017,16,8
1376241102,16,8
1376241151,16,8
1376241183,16,8
1376241244,15,9
1376241344,14,11
1376241448,14,11
1376241482,14,11
1376241570,14,11
1376241639,13,12
1376241703,13,12
1376241764,13,12
1376241812,13,12
1376241827,13,12
1376242430,13,12
1376243034,13,12
1376243277,12,13
1376243377,11,14
1376243972,10,15
1376244576,10,15
1376245162,9,16
1376245215,9,17
1376245819,9,17
1376246422,9,17
1376246786,9,17
1376246824,10,16
1376247427,10,16
1376248030,10,16
1376248517,11,15
1376249120,11,15
1376249343,10,16
1376249420,10,16
1376249499,10,16
1376249537,12,14
1376250140,12,14
1376250744,12,14
1376251348,12,14
1376251951,12,14
1376252414,11,15
1376253018,11,15
1376253265,10,16
1376253413,9,17
1376254016,9,17
1376254295,10,16
1376254898,10,16
1376255284,9,17
1376255888,9,17
1376256491,9,17
1376257095,9,17
1376257723,9,17
1376257726,10,16
1376258329,10,16
1376258933,10,16
1376259536,10,16
1376260140,10,16
1376260743,10,16
1376261347,10,16
1376261950,10,16
1376262554,10,16
1376263157,10,16
1376263761,10,16
1376264365,10,16
1376264968,10,16
1376265572,10,16
1376266175,10,16
1376266388,9,17
1376266991,9,17
1376267595,9,17
1376268198,9,17
1376268802,9,17
1376269405,9,17
1376270009,9,17
1376270612,9,17
1376271319,9,17
1376271922,9,17
1376272526,9,17
1376273131,9,17
1376273734,9,17
1376274338,9,17
1376274942,9,17
1376275545,9,17
1376276149,9,17
1376276752,9,17
1376277356,9,17
1376277959,9,17
1376278563,9,17
1376279166,9,17
1376279770,9,17
1376280373,9,17
1376280977,9,17
1376281580,9,17
1376282136,9,17
1376282146,10,16
1376282750,10,16
1376283353,10,16
1376283957,10,16
1376284560,10,16
1376285164,10,16
1376285768,10,16
1376286372,10,16
1376286976,10,16
1376287190,9,17
1376287793,9,17
1376288397,9,17
1376288779,8,18
1376289179,9,17
1376289420,10,16
1376289506,9,17
1376290110,9,17
1376290303,9,17
1376290316,9,17
1376290412,9,17
1376290431,10,16
1376290501,9,17
1376290903,8,18
1376291416,7,19
1376291475,8,18
1376291859,9,17
1376292190,9,17
1376292268,9,17
1376292315,9,17
1376292348,10,16
1376292951,10,16
1376293170,12,14
1376293238,11,15
1376293247,12,14
1376293423,11,15
1376293448,11,15
1376293520,11,15
1376293583,12,14
1376294186,12,14
1376294790,12,14
1376295393,12,14
1376295997,12,14
1376296601,12,14
1376297205,12,14
1376297809,12,14
1376298422,13,13
1376299025,13,13
1376299582,12,14
1376299832,13,13
1376299972,12,14
1376300069,13,13
1376300673,13,13
1376300755,12,14
1376301359,12,14
1376301442,13,13
1376301763,13,13
1376302004,13,13
1376302006,14,12
1376302489,13,13
1376303093,13,13
1376303367,14,12
1376303971,14,12
1376304574,14,12
1376305178,14,12
1376305781,14,12
1376306384,14,12
1376306977,15,11
1376307581,15,11
1376308175,14,12
1376308779,14,12
1376309383,14,12
1376309859,13,13
1376310463,13,13
1376310485,13,13
1376310575,13,13
1376310642,13,13
1376311246,13,13
1376311436,12,14
1376312000,11,15
1376312603,11,15
1376313114,12,14
1376313223,12,14
1376313258,12,14
1376313317,13,13
1376313920,13,13
1376314523,13,13
1376315127,13,13
1376315731,13,13
1376316334,13,13
1376316938,13,13
1376317355,14,12
1376317959,14,12
1376318562,14,12
1376319166,14,12
1376319769,14,12
1376319942,14,12
1376319945,14,12
1376320011,15,11
1376320615,15,11
1376321219,15,11
1376321822,15,11
1376322426,15,11
1376323029,15,11
1376323559,14,12
1376323925,13,13
1376324129,14,12
1376324733,14,12
1376325153,15,11
1376325649,14,12
1376326252,14,12
1376326856,14,12
1376327144,15,11
1376327153,16,10
1376327405,16,10
1376328008,16,10
1376328241,14,11
1376328633,13,12
1376328849,12,13
1376329449,13,12
1376329518,14,11
1376330121,14,11
1376330383,13,12
1376330397,12,13
1376331000,12,13
1376331604,12,13
1376332214,13,12
1376332421,13,12
1376332431,14,11
1376332873,15,10
1376333477,15,10
1376333584,16,9
1376334180,15,10
1376334417,14,11
1376334644,13,12
1376334697,12,13
1376334744,12,13
1376334796,14,11
1376335051,12,13
1376335079,12,13
1376335182,13,12
1376335208,14,11
1376335811,14,11
1376336415,14,11
1376336681,13,12
1376337285,13,12
1376337905,12,13
1376338333,11,14
1376338440,12,13
1376338550,11,14
1376338694,10,15
1376339298,10,15
1376339697,11,14
1376340301,11,14
1376340904,11,14
1376341508,11,14
1376342112,11,14
1376342715,11,14
1376343318,11,14
1376343922,11,14
1376344526,11,14
1376345129,11,14
1376345733,11,14
1376346336,11,14
1376346939,11,14
1376347543,11,14
1376348146,11,14
1376348750,11,14
1376349353,11,14
1376349957,11,14
1376350561,11,14
1376351164,11,14
1376351768,11,14
1376352372,11,14
1376352975,11,14
1376353579,11,14
1376354182,11,14
1376354786,11,14
1376355389,11,14
1376355993,11,14
1376356596,11,14
1376357200,11,14
1376357717,11,14
1376358320,11,14
1376358927,11,14
1376359530,11,14
1376360133,11,14
1376360737,11,14
1376361341,11,14
1376361944,11,14
1376362548,11,14
1376363152,11,14
1376363756,11,14
1376364359,11,14
1376364963,11,14
1376365566,11,14
1376366170,11,14
1376366773,11,14
1376367377,11,14
1376367981,11,14
1376368585,11,14
1376368641,12,13
1376369244,12,13
1376369849,12,13
1376370453,12,13
1376371056,12,13
1376371660,12,13
1376371880,13,12
1376372484,13,12
1376373087,13,12
1376373691,13,12
1376374294,13,12
1376374898,13,12
1376375054,14,11
1376375658,14,11
1376375756,15,10
1376375978,14,11
1376376182,13,12
1376376686,14,11
1376377079,13,12
1376377602,14,11
1376377611,15,10
1376378073,15,10
1376378102,16,9
1376378431,15,10
1376379034,15,10
1376379222,15,10
1376379232,16,9
1376379789,15,10
1376379858,15,10
1376379932,16,9
1376380536,16,9
1376381125,16,9
1376381178,16,9
1376381250,17,8
1376381581,18,7
1376382185,18,7
1376382788,18,7
1376382993,19,6
1376383019,20,5
1376383242,20,5
1376383245,19,6
1376383387,19,6
1376383991,19,6
1376384252,19,7
1376384282,19,7
1376384886,19,7
1376385490,19,7
1376386093,19,7
1376386658,18,8
1376386720,18,8
1376386779,19,7
1376386894,20,6
1376387438,21,5
1376387448,22,4
1376388052,22,4
1376388656,22,4
1376389222,23,3
1376389826,23,3
1376389908,22,4
1376390408,23,3
1376391012,23,3
1376391253,22,4
1376391858,22,4
1376392462,22,4
1376392759,23,3
1376393218,24,2
1376393431,25,1
1376394035,25,1
1376394376,24,2
1376394979,24,2
1376395008,23,3
1376395613,23,3
1376396201,23,3
1376396213,24,2
1376396816,24,2
1376397427,24,2
1376398031,24,2
1376398635,24,2
1376399240,24,2
1376399845,24,2
1376400207,25,1
1376400810,25,1
1376401414,25,1
1376401959,25,1
1376402563,25,1
1376403167,25,1
1376403770,25,1
1376404232,24,2
1376404836,24,2
1376404859,24,2
1376405463,24,2
1376406066,24,2
1376406670,24,2
1376406758,24,2
1376406770,25,1
1376407373,25,1
1376407977,25,1
1376408145,25,1
1376408147,26,0
1376408751,26,0
1376409354,26,0
1376409958,26,0
1376410562,26,0
1376411173,26,0
1376411777,26,0
1376411855,26,0
1376412458,26,0
1376412855,25,1
1376413215,26,0
1376413266,25,1
1376413870,25,1
1376414042,26,0
1376414645,26,0
1376415273,25,1
1376415307,25,1
1376415437,24,2
1376416040,24,2
1376416645,24,2
1376417248,24,2
1376417348,23,3
1376417952,23,3
1376418555,23,3
1376419159,23,3
1376419403,22,4
1376420007,22,4
1376420610,22,4
1376420848,23,3
1376421451,23,3
1376422055,23,3
1376422160,24,2
1376422242,24,2
1376422251,25,1
1376422451,26,0
1376423054,26,0
1376423658,26,0
1376424263,26,0
1376424866,26,0
1376425471,26,0
1376426076,26,0
1376426680,26,0
1376427284,26,0
1376427889,26,0
1376428492,26,0
1376429096,26,0
1376429700,26,0
1376430304,26,0
1376430909,26,0
1376431196,25,1
1376431546,25,1
1376431548,24,2
1376432152,24,2
1376432755,24,2
1376433359,24,2
1376433962,24,2
1376434203,25,1
1376434261,24,2
1376434808,23,3
1376435413,23,3
1376436016,23,3
1376436620,23,3
1376437224,23,3
1376437827,23,3
1376438432,23,3
1376439036,23,3
1376439639,23,3
1376440243,23,3
1376440847,23,3
1376441451,23,3
1376442055,23,3
1376442658,23,3
1376443262,23,3
1376443866,23,3
1376444119,23,3
1376444722,23,3
1376445326,23,3
1376445930,23,3
1376446533,23,3
1376447137,23,3
1376447741,23,3
1376448345,23,3
1376448948,23,3
1376449553,23,3
1376450158,23,3
1376450762,23,3
1376451366,23,3
1376451969,23,3
1376452162,23,3
1376452194,23,3
1376452798,23,3
1376453402,23,3
1376454005,23,3
1376454609,23,3
1376454940,23,3
1376454949,24,2
1376455553,24,2
1376456156,24,2
1376456760,24,2
1376457363,24,2
1376457967,24,2
1376458570,24,2
1376459174,24,2
1376459777,24,2
1376460383,24,2
1376460987,24,2
1376461300,25,1
1376461531,24,2
1376462086,25,1
1376462266,24,2
1376462875,25,1
1376463479,25,1
1376463566,24,2
1376463705,23,3
1376464315,24,2
1376464764,25,1
1376465318,23,3
1376465640,24,2
1376465845,23,3
1376466359,22,4
1376466963,22,4
1376467554,21,5
1376468158,21,5
1376468762,21,5
1376469366,21,5
1376469969,21,5
1376470233,20,6
1376470539,19,7
1376471070,18,8
1376471110,18,8
1376471381,18,8
1376471423,19,7
1376471500,20,6
1376472104,20,6
1376472189,21,5
1376472792,21,5
1376473396,21,5
1376473999,21,5
1376474488,21,5
1376475091,21,5
1376475561,22,4
1376476165,22,4
1376476779,23,3
1376476891,22,4
1376476909,22,4
1376477512,22,4
1376478116,22,4
1376478439,21,5
1376478511,20,6
1376479115,20,6
1376479718,20,6
1376480322,20,6
1376480925,20,6
1376481529,20,6
1376481932,21,5
1376482536,21,5
1376483127,20,6
1376483730,20,6
1376484334,20,6
1376484937,20,6
1376485541,20,6
1376485734,19,7
1376486337,19,7
1376486580,20,6
1376487184,20,6
1376487787,20,6
1376487942,19,6
1376487949,19,7
1376488552,19,7
1376489156,19,7
1376489225,20,6
1376489822,19,7
1376490206,18,8
1376490810,18,8
1376491240,17,9
1376491844,17,9
1376491885,18,8
1376491931,18,8
1376492534,18,8
1376493138,18,8
1376493742,18,8
1376494345,18,8
1376494949,18,8
1376495552,18,8
1376496156,18,8
1376496307,19,7
1376496910,19,7
1376497081,20,6
1376497290,19,7
1376497894,19,7
1376498073,20,6
1376498598,20,6
1376498679,20,6
1376498728,20,6
1376498756,20,6
1376498864,20,6
1376498870,22,4
1376499473,22,4
1376499996,21,5
1376500599,21,5
1376500665,22,4
1376501268,22,4
1376501427,23,3
1376501494,22,4
1376502097,22,4
1376502158,21,5
1376502170,22,4
1376502773,22,4
1376503376,22,4
1376503949,23,3
1376504552,23,3
1376505156,23,3
1376505759,23,3
1376506363,23,3
1376506521,24,2
1376507124,24,2
1376507728,24,2
1376508332,24,2
1376508935,24,2
1376509538,24,2
1376510077,23,3
1376510124,23,3
1376510179,23,3
1376510218,24,2
1376510821,24,2
1376511262,23,3
1376511865,23,3
1376512469,23,3
1376513072,23,3
1376513676,23,3
1376514280,23,3
1376514883,23,3
1376515455,22,4
1376515495,21,5
1376516100,21,5
1376516704,21,5
1376517307,21,5
1376517837,22,4
1376518440,22,4
1376519045,22,4
1376519649,22,4
1376520253,22,4
1376520719,21,5
1376521322,21,5
1376521926,21,5
1376522529,21,5
1376523133,20,6
1376523736,20,6
1376523921,19,7
1376524352,18,8
1376524956,18,8
1376525559,18,8
1376526163,18,8
1376526636,17,9
1376527104,17,9
1376527181,17,9
1376527295,17,9
1376527349,17,9
1376527420,18,8
1376528023,18,8
1376528627,18,8
1376529230,18,8
1376529834,18,8
1376530592,18,8
1376531195,18,8
1376531798,18,8
1376532402,18,8
1376533006,18,8
1376533609,18,8
1376534213,18,8
1376534817,18,8
1376535420,18,8
1376536023,18,8
1376536627,18,8
1376537231,18,8
1376537834,18,8
1376538438,18,8
1376539041,18,8
1376539645,18,8
1376540248,18,8
1376540852,18,8
1376541455,18,8
1376542059,18,8
1376542662,18,8
1376543266,18,8
1376543870,18,8
1376544281,18,8
1376544312,19,7
1376544916,19,7
1376545520,19,7
1376546123,19,7
1376546727,19,7
1376547330,19,7
1376547592,18,8
1376548195,18,8
1376548799,18,8
1376549402,18,8
1376550006,18,8
1376550610,18,8
1376551214,18,8
1376551818,18,8
1376552370,19,7
1376552973,19,7
1376553577,19,7
1376554181,19,7
1376554347,20,6
1376554823,21,5
1376555427,21,5
1376556030,21,5
1376556502,21,5
1376556526,21,5
1376557129,21,5
1376557733,21,5
1376558336,21,5
1376558940,21,5
1376559543,21,5
1376560147,21,5
1376560407,20,6
1376561011,20,6
1376561614,20,6
1376562218,20,6
1376562821,20,6
1376563425,20,6
1376563613,21,5
1376563939,20,6
1376564535,21,5
1376564608,20,6
1376565212,20,6
1376565815,20,6
1376566421,21,5
1376567025,21,5
1376567427,22,4
1376567474,22,4
1376568037,23,3
1376568640,23,3
1376569243,23,3
1376569577,24,2
1376570180,24,2
1376570784,24,2
1376571388,24,2
1376571499,26,0
1376572044,25,1
1376572095,26,0
1376572698,26,0
1376573302,26,0
1376573905,26,0
1376574509,26,0
1376575113,26,0
1376575716,26,0
1376576320,26,0
1376576923,26,0
1376577527,26,0
1376578130,26,0
1376578734,26,0
1376579337,26,0
1376579665,25,1
1376579858,24,2
1376580462,24,2
1376581050,23,3
1376581653,23,3
1376581792,22,4
1376582395,22,4
1376582701,21,5
1376583304,21,5
1376583628,20,6
1376584231,20,6
1376584834,20,6
1376585438,20,6
1376585499,21,5
1376585508,21,5
1376586113,21,5
1376586717,21,5
1376587320,21,5
1376587659,20,6
1376587710,20,6
1376587776,21,5
1376587821,21,5
1376587863,22,4
1376588007,20,6
1376588612,20,6
1376589216,20,6
1376589399,20,6
1376589408,21,5
1376589641,23,3
1376590245,23,3
1376590752,22,4
1376591355,22,4
1376591473,23,3
1376591812,22,4
1376592416,22,4
1376593020,22,4
1376593472,23,3
1376594076,23,3
1376594679,23,3
1376595283,23,3
1376595624,24,2
1376596228,24,2
1376596831,24,2
1376597319,25,1
1376597609,24,2
1376598213,24,2
1376598816,24,2
1376598982,23,3
1376599585,23,3
1376600190,23,3
1376600794,23,3
1376601322,24,2
1376601925,24,2
1376602530,24,2
1376603134,24,2
1376603738,24,2
1376604341,24,2
1376604892,23,3
1376605496,23,3
1376606100,23,3
1376606201,22,4
1376606423,21,5
1376607027,21,5
1376607631,21,5
1376608234,21,5
1376608838,21,5
1376609441,21,5
1376610045,21,5
1376610522,20,6
1376611126,20,6
1376611729,20,6
1376612333,20,6
1376612936,20,6
1376613540,20,6
1376614143,20,6
1376614747,20,6
1376614790,19,7
1376615394,19,7
1376615524,18,8
1376616128,18,8
1376616916,18,8
1376617519,18,8
1376618123,18,8
1376618727,18,8
1376619332,18,8
1376619935,18,8
1376620540,18,8
1376621143,18,8
1376621747,18,8
1376622351,18,8
1376622955,18,8
1376623559,18,8
1376624163,18,8
1376624766,18,8
1376625370,18,8
1376625973,18,8
1376626578,18,8
1376627182,18,8
1376627786,18,8
1376628390,18,8
1376628994,18,8
1376629599,18,8
1376630055,19,7
1376630659,19,7
1376630795,18,8
1376631322,19,7
1376631684,20,6
1376632288,20,6
1376632798,21,5
1376633185,22,4
1376633788,22,4
1376634392,22,4
1376634635,21,5
1376635238,21,5
1376635842,21,5
1376636281,22,4
1376636330,21,5
1376636500,21,5
1376636565,21,5
1376636594,22,4
1376637198,22,4
1376637801,22,4
1376638405,22,4
1376638962,23,3
1376639613,22,4
1376639684,22,4
1376639742,22,4
1376640270,23,3
1376640604,22,4
1376640704,22,4
1376640752,23,3
1376640786,24,2
1376641390,24,2
1376641993,24,2
1376642471,23,3
1376643075,23,3
1376643678,23,3
1376644290,23,3
1376644806,24,2
1376645401,25,1
1376646005,25,1
1376646608,25,1
1376647212,25,1
1376647816,25,1
1376648419,25,1
1376649023,25,1
1376649082,26,0
1376649685,26,0
1376649847,25,1
1376650450,25,1
1376651054,25,1
1376651177,24,2
1376651781,24,2
1376651958,23,3
1376652276,24,2
1376652879,24,2
1376653319,22,4
1376653922,22,4
1376654526,22,4
1376655129,22,4
1376655263,21,5
1376655336,22,4
1376655939,22,4
1376656543,22,4
1376657146,22,4
1376657744,22,4
1376657746,23,3
1376658350,23,3
1376658991,24,2
1376659027,25,1
1376659631,25,1
1376660234,25,1
1376660838,25,1
1376661441,25,1
1376661599,24,2
1376661649,23,3
1376662253,23,3
1376662856,23,3
1376663076,22,4
1376663679,22,4
1376663952,22,4
1376663993,22,4
1376664596,22,4
1376665200,22,4
1376665275,21,5
1376665879,21,5
1376666483,21,5
1376666624,21,5
1376666634,22,4
1376666885,21,5
1376666984,21,5
1376666999,21,5
1376667246,20,6
1376667849,20,6
1376668453,20,6
1376669057,20,6
1376669660,20,6
1376670264,20,6
1376670632,20,6
1376670658,21,5
1376670711,20,6
1376671011,19,7
1376671615,19,7
1376671926,18,8
1376672400,17,9
1376673003,17,9
1376673606,17,9
1376674210,17,9
1376674814,17,9
1376675417,17,9
1376676021,17,9
1376676405,18,8
1376677033,17,9
1376677636,17,9
1376677844,18,8
1376678447,18,8
1376678757,17,9
1376679361,17,9
1376679964,17,9
1376680568,17,9
1376680710,16,10
1376680768,16,10
1376680808,17,9
1376681412,17,9
1376681957,16,10
1376682560,16,10
1376682629,15,11
1376682939,16,10
1376683052,17,9
1376683656,17,9
1376684252,17,9
1376684272,16,10
1376684561,14,12
1376685164,14,12
1376685768,14,12
1376686371,14,12
1376686975,14,12
1376687325,14,12
1376687327,15,11
1376687551,14,12
1376687623,14,12
1376688227,14,12
1376688830,14,12
1376689434,14,12
1376690037,14,12
1376690641,14,12
1376691245,14,12
1376691848,14,12
1376692452,14,12
1376693055,14,12
1376693659,14,12
1376694262,14,12
1376694866,14,12
1376695053,14,12
1376695097,15,11
1376695700,15,11
1376696303,15,11
1376696907,15,11
1376697511,15,11
1376698114,15,11
1376698718,15,11
1376699321,15,11
1376699925,15,11
1376700528,15,11
1376701132,15,11
1376701735,15,11
1376702339,15,11
1376702942,15,11
1376703483,15,11
1376704087,15,11
1376704691,15,11
1376705294,15,11
1376705898,15,11
1376706502,15,11
1376707105,15,11
1376707708,15,11
1376708312,15,11
1376708916,15,11
1376709519,15,11
1376710123,15,11
1376710726,15,11
1376711330,15,11
1376711669,14,12
1376712273,14,12
1376712876,14,12
1376713479,14,12
1376714083,14,12
1376714687,14,12
1376715290,14,12
1376715894,14,12
1376716497,14,12
1376717101,14,12
1376717428,15,11
1376718032,15,11
1376718636,15,11
1376719239,15,11
1376719843,15,11
1376720446,15,11
1376721050,15,11
1376721653,15,11
1376721853,14,12
1376722360,15,11
1376722963,15,11
1376723310,14,12
1376723913,14,12
1376724206,15,11
1376724810,15,11
1376725061,14,12
1376725153,15,11
1376725756,15,11
1376726380,14,12
1376726577,13,13
1376726829,14,12
1376727420,13,13
1376727573,12,14
1376727639,13,13
1376727764,12,14
1376728356,12,14
1376728418,12,14
1376728456,13,13
1376729013,13,13
1376729617,13,13
1376730221,13,13
1376730309,14,12
1376730644,14,12
1376730652,15,11
1376731034,16,10
1376731638,16,10
1376732241,16,10
1376732844,16,10
1376733020,15,11
1376733624,15,11
1376733900,14,12
1376734504,14,12
1376735107,14,12
1376735327,14,12
1376735329,15,11
1376735933,15,11
1376736162,16,10
1376736766,16,10
1376737370,16,10
1376737957,15,11
1376738560,15,11
1376739164,15,11
1376739266,14,12
1376739646,13,13
1376740249,13,13
1376740904,13,13
1376740960,14,12
1376740994,15,11
1376741598,15,11
1376742201,15,11
1376742805,15,11
1376743726,15,11
1376743767,14,12
1376744370,14,12
1376744974,14,12
1376745578,14,12
1376746056,12,14
1376746125,12,14
1376746187,12,14
1376746196,14,12
1376746800,14,12
1376747403,14,12
1376748007,14,12
1376748531,13,13
1376749134,13,13
1376749268,14,12
1376749872,14,12
1376750475,14,12
1376751079,14,12
1376751683,14,12
1376752286,14,12
1376752890,14,12
1376753013,15,11
1376753616,15,11
1376753835,14,12
1376754438,14,12
1376755041,14,12
1376755246,14,12
1376755283,16,10
1376755887,16,10
1376756000,17,9
1376756434,17,9
1376756467,18,8
1376757073,18,8
1376757326,17,9
1376757421,18,8
1376758025,18,8
1376758134,17,9
1376758738,17,9
1376759341,17,9
1376759986,17,9
1376759989,16,10
1376760592,16,10
1376761195,16,10
1376761388,17,9
1376761991,17,9
1376762596,17,9
1376762925,18,8
1376763276,19,7
1376763607,18,8
1376764210,18,8
1376764812,18,8
1376765416,18,8
1376765805,17,9
1376765985,17,9
1376765987,16,10
1376766600,16,10
1376767203,16,10
1376767807,16,10
1376768410,16,10
1376768863,16,10
1376768872,17,9
1376769373,16,10
1376769976,16,10
1376770580,16,10
1376771183,16,10
1376771787,16,10
1376772390,16,10
1376772620,17,9
1376772737,16,10
1376773341,16,10
1376773944,16,10
1376774548,16,10
1376775151,16,10
1376775755,16,10
1376776358,16,10
1376776962,16,10
1376777566,16,10
1376778169,16,10
1376778773,16,10
1376779376,16,10
1376779784,17,9
1376779796,18,8
1376780399,18,8
1376781003,18,8
1376781606,18,8
1376782210,18,8
1376782813,18,8
1376783417,18,8
1376784020,18,8
1376784624,18,8
1376785227,18,8
1376785831,18,8
1376786435,18,8
1376787038,18,8
1376787641,18,8
1376788245,18,8
1376788848,18,8
1376789452,18,8
1376789714,17,9
1376790318,17,9
1376790921,17,9
1376791525,17,9
1376792128,17,9
1376792732,17,9
1376793335,17,9
1376793939,17,9
1376794542,17,9
1376795146,17,9
1376795750,17,9
1376796353,17,9
1376796957,17,9
1376797559,17,9
1376798163,17,9
1376798767,17,9
1376799370,17,9
1376799973,17,9
1376800577,17,9
1376801180,17,9
1376801784,17,9
1376802388,17,9
1376802991,17,9
1376803595,17,9
1376804198,17,9
1376804324,17,9
1376804326,16,10
1376804930,16,10
1376805533,16,10
1376806137,16,10
1376806740,16,10
1376807344,16,10
1376807948,16,10
1376808475,16,10
1376809078,16,10
1376809682,16,10
1376810285,16,10
1376810889,16,10
1376811222,17,9
1376811727,15,11
1376812331,15,11
1376812935,15,11
1376813281,14,12
1376813884,14,12
1376814425,15,11
1376815028,15,11
1376815640,15,11
1376816244,15,11
1376816847,15,11
1376817451,15,11
1376818063,15,11
1376818294,13,13
1376818898,13,13
1376819501,13,13
1376820105,13,13
1376820490,12,14
1376820568,12,14
1376820618,12,14
1376820699,12,14
1376820757,13,13
1376820806,13,13
1376820854,12,14
1376821468,12,14
1376822352,12,14
1376822730,10,16
1376822809,9,17
1376823413,9,17
1376824017,9,17
1376824169,10,16
1376824772,10,16
1376825376,10,16
1376825578,9,17
1376826182,9,17
1376826786,9,17
1376827389,9,17
1376827993,9,17
1376828597,9,17
1376828997,8,18
1376829537,7,19
1376830140,7,19
1376830744,7,19
1376831347,7,19
1376831976,7,19
1376832044,7,19
1376832102,7,19
1376832163,7,19
1376832766,7,19
1376832847,8,18
