1376208328,0,0
1376208931,0,0
1376209535,0,0
1376210139,0,0
1376210744,0,0
1376211348,0,0
1376211951,0,0
1376212555,0,0
1376213159,0,0
1376213763,0,0
1376214366,0,0
1376214970,0,0
1376215574,0,0
1376216178,0,0
1376216782,0,0
1376217386,0,0
1376217991,0,0
1376218594,0,0
1376219198,0,0
1376219802,0,0
1376220407,0,0
1376221011,0,0
1376221615,0,0
1376222218,0,0
1376222822,0,0
1376223426,0,0
1376224030,0,0
1376224634,0,0
1376225238,0,0
1376225842,0,0
1376226446,0,0
1376227050,0,0
1376227653,0,0
1376228257,0,0
1376228861,0,0
1376229465,0,0
1376230068,0,0
1376230673,0,0
1376231277,0,0
1376231881,0,0
1376232487,0,0
1376233091,0,0
1376233695,0,0
1376234299,0,0
1376234903,0,0
1376235507,0,0
1376236110,0,0
1376236714,0,0
1376237318,0,0
1376237922,0,0
1376238525,0,0
1376239129,0,0
1376239734,0,0
1376240337,0,0
1376240942,0,0
1376241545,0,0
1376242149,0,0
1376242754,0,0
1376243359,0,0
1376243962,0,0
1376244566,0,0
1376245170,0,0
1376245774,0,0
1376246377,0,0
1376246981,0,0
1376247586,0,0
1376248190,0,0
1376248793,0,0
1376249397,0,0
1376250001,0,0
1376250605,0,0
1376251208,0,0
1376251812,0,0
1376252416,0,0
1376253020,0,0
1376253623,0,0
1376254227,0,0
1376254831,0,0
1376255442,0,0
1376256046,0,0
1376256650,0,0
1376257255,0,0
1376257859,0,0
1376258463,0,0
1376259066,0,0
1376259670,0,0
1376260274,0,0
1376260878,0,0
1376261481,0,0
1376262085,0,0
1376262689,0,0
1376263293,0,0
1376263897,0,0
1376264501,0,0
1376265105,0,0
1376265709,0,0
1376266313,0,0
1376266916,0,0
1376267520,0,0
1376268125,0,0
1376268728,0,0
1376269332,0,0
1376269936,0,0
1376270540,0,0
1376271144,0,0
1376271747,0,0
1376272351,0,0
1376272955,0,0
1376273558,0,0
1376274162,0,0
1376274766,0,0
1376275371,0,0
1376275975,0,0
1376276578,0,0
1376277182,0,0
1376277786,0,0
1376278390,0,0
1376278993,0,0
1376279597,0,0
1376280201,0,0
1376280805,0,0
1376281409,0,0
1376282013,0,0
1376282617,0,0
1376283222,0,0
1376283825,0,0
1376284429,0,0
1376285033,0,0
1376285637,0,0
1376286240,0,0
1376286844,0,0
1376287448,0,0
1376288053,0,0
1376288657,0,0
1376289261,0,0
1376289864,0,0
1376290468,0,0
1376291072,0,0
1376291675,0,0
1376292279,0,0
1376292883,0,0
1376293488,0,0
1376294091,0,0
1376294695,0,0
1376295299,0,0
1376295903,0,0
1376296506,0,0
1376297110,0,0
1376297715,0,0
1376298319,0,0
1376298923,0,0
1376299526,0,0
1376300130,0,0
1376300735,0,0
1376301339,0,0
1376301943,0,0
1376302547,0,0
1376303151,0,0
1376303755,0,0
1376304359,0,0
1376304963,0,0
1376305567,0,0
1376306171,0,0
1376306775,0,0
1376307378,0,0
1376307982,0,0
1376308587,0,0
1376309191,0,0
1376309795,0,0
1376310399,0,0
1376311003,0,0
1376311607,0,0
1376312210,0,0
1376312815,0,0
1376313418,0,0
1376314022,0,0
1376314626,0,0
1376315229,0,0
1376315833,0,0
1376316437,0,0
1376317041,0,0
1376317645,0,0
1376318249,0,0
1376318856,0,0
1376319460,0,0
1376320065,0,0
1376320669,0,0
1376321273,0,0
1376321876,0,0
1376322480,0,0
1376323084,0,0
1376323689,0,0
1376324293,0,0
1376324896,0,0
1376325500,0,0
1376326104,0,0
1376326707,0,0
1376327312,0,0
1376327917,0,0
1376328521,0,0
1376329126,0,0
1376329731,0,0
1376330335,0,0
1376330939,0,0
1376331544,0,0
1376332148,0,0
1376332752,0,0
1376333355,0,0
1376333959,0,0
1376334563,0,0
1376335167,0,0
1376335772,0,0
1376336377,0,0
1376336981,0,0
1376337586,0,0
1376338189,0,0
1376338793,0,0
1376339397,0,0
1376340000,0,0
1376340604,0,0
1376341208,0,0
1376341813,0,0
1376342417,0,0
1376343020,0,0
1376343625,0,0
1376344229,0,0
1376344832,0,0
1376345436,0,0
1376346040,0,0
1376346644,0,0
1376347247,0,0
1376347851,0,0
1376348455,0,0
1376349060,0,0
1376349665,0,0
1376350272,0,0
1376350876,0,0
1376351480,0,0
1376352084,0,0
1376352688,0,0
1376353292,0,0
1376353897,0,0
1376354501,0,0
1376355105,0,0
1376355709,0,0
1376356313,0,0
1376356917,0,0
1376357520,0,0
1376358124,0,0
1376358729,0,0
1376359334,0,0
1376359938,0,0
1376360542,0,0
1376361145,0,0
1376361749,0,0
1376362353,0,0
1376362957,0,0
1376363560,0,0
1376364164,0,0
1376364768,0,0
1376365372,0,0
1376365975,0,0
1376366579,0,0
1376367183,0,0
1376367787,0,0
1376368391,0,0
1376368995,0,0
1376369599,0,0
1376370203,0,0
1376370806,0,0
1376371410,0,0
1376372014,0,0
1376372618,0,0
1376373222,0,0
1376373826,0,0
1376374430,0,0
1376375034,0,0
1376375637,0,0
1376376241,0,0
1376376845,0,0
1376377449,0,0
1376378053,0,0
1376378657,0,0
1376379261,0,0
1376379865,0,0
1376380469,0,0
1376381073,0,0
1376381677,0,0
1376382281,0,0
1376382884,0,0
1376383494,0,0
1376384098,0,0
1376384702,0,0
1376385305,0,0
1376385909,0,0
1376386514,0,0
1376386902,0,0
1376386942,0,0
1376386988,0,0
1376387618,0,0
1376387658,0,0
1376387703,0,0
1376388306,0,0
1376388911,0,0
1376389515,0,0
1376390119,0,0
1376390723,0,0
1376391328,0,0
1376391932,0,0
1376392536,0,0
1376393140,0,0
1376393745,0,0
1376394348,0,0
1376394952,0,0
1376395557,0,0
1376396161,0,0
1376396766,0,0
1376397369,0,0
1376397973,0,0
1376398577,0,0
1376399182,0,0
1376399787,0,0
1376400392,0,0
1376400995,0,0
1376401599,0,0
1376402203,0,0
1376402807,0,0
1376403411,0,0
1376404014,0,0
1376404618,0,0
1376405222,0,0
1376405826,0,0
1376406430,0,0
1376407034,0,0
1376407639,0,0
1376408243,0,0
1376408846,0,0
1376409451,0,0
1376410055,0,0
1376410659,0,0
1376411263,0,0
1376411866,0,0
1376412472,0,0
1376413076,0,0
1376413680,0,0
1376414284,0,0
1376414888,0,0
1376415491,0,0
1376416095,0,0
1376416699,0,0
1376417302,0,0
1376417907,0,0
1376418511,0,0
1376419115,0,0
1376419718,0,0
1376420322,0,0
1376420926,0,0
1376421529,0,0
1376422133,0,0
1376422737,0,0
1376423342,0,0
1376423946,0,0
1376424550,0,0
1376425154,0,0
1376425758,0,0
1376426362,0,0
1376426966,0,0
1376427570,0,0
1376428173,0,0
1376428777,0,0
1376429381,0,0
1376429985,0,0
1376430589,0,0
1376431193,0,0
1376431797,0,0
1376432400,0,0
1376433004,0,0
1376433608,0,0
1376434212,0,0
1376434815,0,0
1376435419,0,0
1376436023,0,0
1376436627,0,0
1376437231,0,0
1376437835,0,0
1376438439,0,0
1376439043,0,0
1376439647,0,0
1376440251,0,0
1376440854,0,0
1376441458,0,0
1376442062,0,0
1376442665,0,0
1376443269,0,0
1376443874,0,0
1376444477,0,0
1376445081,0,0
1376445685,0,0
1376446289,0,0
1376446893,0,0
1376447496,0,0
1376448100,0,0
1376448704,0,0
1376449308,0,0
1376449911,0,0
1376450515,0,0
1376451119,0,0
1376451723,0,0
1376452326,0,0
1376452930,0,0
1376453534,0,0
1376454138,0,0
1376454741,0,0
1376455345,0,0
1376455950,0,0
1376456554,0,0
1376457157,0,0
1376457761,0,0
1376458365,0,0
1376458974,0,0
1376459578,0,0
1376460182,0,0
1376460786,0,0
1376461390,0,0
1376461993,0,0
1376462597,0,0
1376463202,0,0
1376463807,0,0
1376464411,0,0
1376465014,0,0
1376465618,0,0
1376466222,0,0
1376466826,0,0
1376467429,0,0
1376468033,0,0
1376468638,0,0
1376469241,0,0
1376469845,0,0
1376470449,0,0
1376471053,0,0
1376471656,0,0
1376472260,0,0
1376472864,0,0
1376473468,0,0
1376474072,0,0
1376474677,0,0
1376475281,0,0
1376475885,0,0
1376476489,0,0
1376477093,0,0
1376477697,0,0
1376478300,0,0
1376478905,0,0
1376479509,0,0
1376480114,0,0
1376480718,0,0
1376481322,0,0
1376481926,0,0
1376482531,0,0
1376483134,0,0
1376483738,0,0
1376484342,0,0
1376484947,0,0
1376485551,0,0
1376486155,0,0
1376486759,0,0
1376487363,0,0
1376487967,0,0
1376488571,0,0
1376489174,0,0
1376489778,0,0
1376490382,0,0
1376490986,0,0
1376491589,0,0
1376492193,0,0
1376492797,0,0
1376493401,0,0
1376494005,0,0
1376494609,0,0
1376495213,0,0
1376495817,0,0
1376496420,0,0
1376497024,0,0
1376497628,0,0
1376498232,0,0
1376498837,0,0
1376499440,0,0
1376500044,0,0
1376500648,0,0
1376501252,0,0
1376501855,0,0
1376502459,0,0
1376503063,0,0
1376503667,0,0
1376504388,0,0
1376504981,0,0
1376505585,0,0
1376506189,0,0
1376506794,0,0
1376507398,0,0
1376508002,0,0
1376508606,0,0
1376509209,0,0
1376509814,0,0
1376510418,0,0
1376511022,0,0
1376511626,0,0
1376512229,0,0
1376512833,0,0
1376513437,0,0
1376514041,0,0
1376514644,0,0
1376515248,0,0
1376515852,0,0
1376516456,0,0
1376517059,0,0
1376517663,0,0
1376518268,0,0
1376518873,0,0
1376519477,0,0
1376520082,0,0
1376520686,0,0
1376521290,0,0
1376521894,0,0
1376522498,0,0
1376523101,0,0
1376523705,0,0
1376524310,0,0
1376524914,0,0
1376525518,0,0
1376526121,0,0
1376526725,0,0
1376527329,0,0
1376527934,0,0
1376528537,0,0
1376529141,0,0
1376529745,0,0
1376530349,0,0
1376530953,0,0
1376531557,0,0
1376532161,0,0
1376532765,0,0
1376533368,0,0
1376533973,0,0
1376534577,0,0
1376535181,0,0
1376535785,0,0
1376536388,0,0
1376536992,0,0
1376537596,0,0
1376538200,0,0
1376538804,0,0
1376539407,0,0
1376540011,0,0
1376540615,0,0
1376541218,0,0
1376541822,0,0
1376542426,0,0
1376543030,0,0
1376543634,0,0
1376544238,0,0
1376544842,0,0
1376545446,0,0
1376546050,0,0
1376546654,0,0
1376547258,0,0
1376547862,0,0
1376548466,0,0
1376549069,0,0
1376549673,0,0
1376550278,0,0
1376550882,0,0
1376551486,0,0
1376552089,0,0
1376552693,0,0
1376553297,0,0
1376553902,0,0
1376554506,0,0
1376555111,0,0
1376555714,0,0
1376556319,0,0
1376556923,0,0
1376557526,0,0
1376558130,0,0
1376558734,0,0
1376559338,0,0
1376559941,0,0
1376560545,0,0
1376561149,0,0
1376561753,0,0
1376562357,0,0
1376562961,0,0
1376563565,0,0
1376564169,0,0
1376564773,0,0
1376565376,0,0
1376565980,0,0
1376566585,0,0
1376567190,0,0
1376567794,0,0
1376568397,0,0
1376569002,0,0
1376569606,0,0
1376570211,0,0
1376570814,0,0
1376571418,0,0
1376572022,0,0
1376572626,0,0
1376573231,0,0
1376573834,0,0
1376574438,0,0
1376575042,0,0
1376575646,0,0
1376576250,0,0
1376576855,0,0
1376577458,0,0
1376578062,0,0
1376578666,0,0
1376579270,0,0
1376579873,0,0
1376580477,0,0
1376581081,0,0
1376581685,0,0
1376582289,0,0
1376582893,0,0
1376583496,0,0
1376584100,0,0
1376584704,0,0
1376585308,0,0
1376585912,0,0
1376586515,0,0
1376587119,0,0
1376587723,0,0
1376588327,0,0
1376588931,0,0
1376589534,0,0
1376590138,0,0
1376590742,0,0
1376591346,0,0
1376591949,0,0
1376592553,0,0
1376593157,0,0
1376593761,0,0
1376594365,0,0
1376594969,0,0
1376595573,0,0
1376596178,0,0
1376596781,0,0
1376597385,0,0
1376597989,0,0
1376598593,0,0
1376599196,0,0
1376599800,0,0
1376600404,0,0
1376601008,0,0
1376601611,0,0
1376602215,0,0
1376602819,0,0
1376603423,0,0
1376604026,0,0
1376604630,0,0
1376605234,0,0
1376605838,0,0
1376606442,0,0
1376607046,0,0
1376607651,0,0
1376608255,0,0
1376608858,0,0
1376609462,0,0
1376610066,0,0
1376610669,0,0
1376611273,0,0
1376611877,0,0
1376612481,0,0
1376613085,0,0
1376613689,0,0
1376614293,0,0
1376614897,0,0
1376615501,0,0
1376616104,0,0
1376616708,0,0
1376617312,0,0
1376617916,0,0
1376618519,0,0
1376619124,0,0
1376619728,0,0
1376620331,0,0
1376620935,0,0
1376621539,0,0
1376622143,0,0
1376622747,0,0
1376623350,0,0
1376623954,0,0
1376624558,0,0
1376625161,0,0
1376625765,0,0
1376626369,0,0
1376626973,0,0
1376627577,0,0
1376628181,0,0
1376628785,0,0
1376629389,0,0
1376629993,0,0
1376630597,0,0
1376631200,0,0
1376631805,0,0
1376632409,0,0
1376633012,0,0
1376633616,0,0
1376634220,0,0
1376634824,0,0
1376635428,0,0
1376636032,0,0
1376636636,0,0
1376637240,0,0
1376637844,0,0
1376638447,0,0
1376639051,0,0
1376639655,0,0
1376640259,0,0
1376640479,0,0
1376640670,0,0
1376640778,0,0
1376640827,0,0
1376641432,0,0
1376642036,0,0
1376642640,0,0
1376643244,0,0
1376643848,0,0
1376644453,0,0
1376645057,0,0
1376645662,0,0
1376646265,0,0
1376646869,0,0
1376647473,0,0
1376648076,0,0
1376648680,0,0
1376649285,0,0
1376649889,0,0
1376650493,0,0
1376651098,0,0
1376651703,0,0
1376652307,0,0
1376652911,0,0
1376653515,0,0
1376654119,0,0
1376654723,0,0
1376655326,0,0
1376655930,0,0
1376656535,0,0
1376657138,0,0
1376657742,0,0
1376658346,0,0
1376658949,0,0
1376659554,0,0
1376660159,0,0
1376660763,0,0
1376661367,0,0
1376661972,0,0
1376662576,0,0
1376663180,0,0
1376663783,0,0
1376664387,0,0
1376664991,0,0
1376665594,0,0
1376666198,0,0
1376666802,0,0
1376667406,0,0
1376668010,0,0
1376668613,0,0
1376669083,0,0
1376669092,0,0
1376669697,0,0
1376670302,0,0
1376670906,0,0
1376671511,0,0
1376672114,0,0
1376672718,0,0
1376673322,0,0
1376673926,0,0
1376674529,0,0
1376675133,0,0
1376675737,0,0
1376676341,0,0
1376676944,0,0
1376677548,0,0
1376678152,0,0
1376678755,0,0
1376679359,0,0
1376679963,0,0
1376680567,0,0
1376681171,0,0
1376681775,0,0
1376682379,0,0
1376682982,0,0
1376683586,0,0
1376684190,0,0
1376684794,0,0
1376685398,0,0
1376686003,0,0
1376686606,0,0
1376687210,0,0
1376687815,0,0
1376688419,0,0
1376689023,0,0
1376689628,0,0
1376690231,0,0
1376690835,0,0
1376691439,0,0
1376692043,0,0
1376692646,0,0
1376693250,0,0
1376693854,0,0
1376694458,0,0
1376695062,0,0
1376695666,0,0
1376696270,0,0
1376696873,0,0
1376697477,0,0
1376698081,0,0
1376698685,0,0
1376699288,0,0
1376699892,0,0
1376700496,0,0
1376701100,0,0
1376701704,0,0
1376702307,0,0
1376702565,0,0
1376702675,0,0
1376702753,0,0
1376703357,0,0
1376703961,0,0
1376704565,0,0
1376705168,0,0
1376705772,0,0
1376706376,0,0
1376706980,0,0
1376707584,0,0
1376708188,0,0
1376708791,0,0
1376709395,0,0
1376709999,0,0
1376710603,0,0
1376711207,0,0
1376711810,0,0
1376712414,0,0
1376713018,0,0
1376713622,0,0
1376714225,0,0
1376714829,0,0
1376715434,0,0
1376716038,0,0
1376716642,0,0
1376717245,0,0
1376717849,0,0
1376718453,0,0
1376719057,0,0
1376719662,0,0
1376720266,0,0
1376720870,0,0
1376721475,0,0
1376722080,0,0
1376722684,0,0
1376723287,0,0
1376723891,0,0
1376724495,0,0
1376725100,0,0
1376725703,0,0
1376726307,0,0
1376726911,0,0
1376727515,0,0
1376727727,0,0
1376728330,0,0
1376728934,0,0
1376729538,0,0
1376730143,0,0
1376730747,0,0
1376731350,0,0
1376731955,0,0
1376732559,0,0
1376733162,0,0
1376733766,0,0
1376734370,0,0
1376734974,0,0
1376735578,0,0
1376736181,0,0
1376736785,0,0
1376737389,0,0
1376737992,0,0
1376738597,0,0
1376739200,0,0
1376739804,0,0
1376740408,0,0
1376741011,0,0
1376741615,0,0
1376742219,0,0
1376742822,0,0
1376743426,0,0
1376744030,0,0
1376744634,0,0
1376745239,0,0
1376745843,0,0
1376746447,0,0
1376747051,0,0
1376747656,0,0
1376748260,0,0
1376748863,0,0
1376749468,0,0
1376750072,0,0
1376750675,0,0
1376751279,0,0
1376751883,0,0
1376752487,0,0
1376753091,0,0
1376753695,0,0
1376754298,0,0
1376754902,0,0
1376755506,0,0
1376756111,0,0
1376756715,0,0
1376757320,0,0
1376757924,0,0
1376758528,0,0
1376759131,0,0
1376759735,0,0
1376760339,0,0
1376760943,0,0
1376761548,0,0
1376762152,0,0
1376762755,0,0
1376763359,0,0
1376763963,0,0
1376764567,0,0
1376765170,0,0
1376765774,0,0
1376766379,0,0
1376766983,0,0
1376767586,0,0
1376768190,0,0
1376768794,0,0
1376769399,0,0
1376770002,0,0
1376770607,0,0
1376771211,0,0
1376771815,0,0
1376772418,0,0
1376773022,0,0
1376773626,0,0
1376774230,0,0
1376774839,0,0
1376775443,0,0
1376776047,0,0
1376776650,0,0
1376777254,0,0
1376777858,0,0
1376778462,0,0
1376779066,0,0
1376779669,0,0
1376780273,0,0
1376780877,0,0
1376781482,0,0
1376782086,0,0
1376782690,0,0
1376783294,0,0
1376783898,0,0
1376784502,0,0
1376785106,0,0
1376785710,0,0
1376786314,0,0
1376786918,0,0
1376787521,0,0
1376788125,0,0
1376788729,0,0
1376788938,0,0
1376788979,0,0
1376789583,0,0
1376790187,0,0
1376790791,0,0
1376791395,0,0
1376791998,0,0
1376792602,0,0
1376793207,0,0
1376793811,0,0
1376794415,0,0
1376795019,0,0
1376795623,0,0
1376796227,0,0
1376796830,0,0
1376797434,0,0
1376798038,0,0
1376798642,0,0
1376799246,0,0
1376799849,0,0
1376800453,0,0
1376801057,0,0
1376801661,0,0
1376802264,0,0
1376802868,0,0
1376803472,0,0
1376804076,0,0
1376804679,0,0
1376805283,0,0
1376805887,0,0
1376806491,0,0
1376807095,0,0
1376807699,0,0
1376808302,0,0
1376808906,0,0
1376809510,0,0
1376810115,0,0
1376810719,0,0
1376811322,0,0
1376811926,0,0
1376812530,0,0
1376813133,0,0
1376813737,0,0
1376814341,0,0
1376814945,0,0
1376815549,0,0
1376816152,0,0
1376816756,0,0
1376817360,0,0
1376817964,0,0
1376818567,0,0
1376819171,0,0
1376819776,0,0
1376820380,0,0
1376820983,0,0
1376821588,0,0
1376822192,0,0
1376822796,0,0
1376823399,0,0
1376824003,0,0
1376824607,0,0
1376825212,0,0
1376825816,0,0
1376826420,0,0
1376827023,0,0
1376827627,0,0
1376828231,0,0
1376828835,0,0
1376829438,0,0
1376830042,0,0
1376830646,0,0
1376831250,0,0
1376831854,0,0
1376832458,0,0
