1376208700,5,43
1376209238,4,44
1376209577,4,44
1376209760,4,44
1376209814,4,44
1376209860,4,44
1376210465,4,44
1376211070,4,44
1376211574,5,43
1376211600,6,42
1376212204,6,42
1376212783,5,43
1376212821,4,44
1376212891,3,45
1376212957,4,44
1376213006,5,43
1376213136,6,42
1376213426,7,41
1376213730,9,39
1376214043,9,39
1376214121,9,39
1376214169,10,38
1376214772,10,38
1376215008,9,39
1376215171,10,38
1376215775,10,38
1376216108,11,37
1376216712,11,37
1376217103,10,38
1376217150,10,38
1376217218,11,37
1376217391,13,35
1376217502,10,38
1376217727,9,39
1376218331,9,39
1376218524,8,40
1376218698,8,40
1376218745,9,39
1376218883,10,38
1376218998,8,40
1376219503,9,39
1376219513,10,38
1376219966,9,39
1376220161,9,39
1376220164,10,38
1376220414,9,39
1376220763,9,39
1376220988,8,40
1376221046,7,41
1376221201,5,43
1376221275,5,43
1376221363,5,43
1376221417,5,43
1376221643,5,43
1376221781,5,43
1376221787,4,44
1376221902,4,44
1376221961,4,44
1376222012,4,44
1376222086,7,41
1376222163,6,42
1376222304,2,46
1376222376,0,48
1376222557,1,47
1376222587,0,48
1376223118,0,48
1376223723,0,48
1376224091,0,48
1376224139,0,48
1376224231,1,47
1376224256,0,48
1376224347,0,48
1376224418,0,47
1376224478,1,46
1376224516,1,46
1376224599,1,46
1376224643,2,45
1376225263,2,46
1376225290,3,45
1376225383,3,45
1376225441,3,45
1376225552,1,46
1376225594,1,47
1376225656,0,48
1376225798,0,48
1376225966,0,48
1376226014,1,47
1376226103,1,47
1376226149,0,48
1376226166,0,48
1376226270,1,47
1376226452,1,47
1376226522,2,46
1376226534,2,46
1376226589,2,46
1376226816,2,46
1376226863,3,45
1376226929,2,45
1376226991,2,45
1376227060,1,46
1376227112,2,46
1376227165,2,46
1376227204,3,45
1376227291,3,45
1376227662,2,46
1376227700,1,47
1376227770,0,48
1376227843,0,48
1376227902,0,48
1376227929,0,48
1376228061,1,47
1376228196,0,48
1376228250,0,48
1376228265,0,48
1376228736,1,47
1376229157,2,46
1376229214,3,45
1376229262,4,44
1376229298,4,44
1376229437,1,47
1376229583,0,48
1376229873,0,48
1376229905,1,47
1376230510,1,47
1376230861,0,48
1376231492,0,48
1376231544,1,47
1376231594,2,46
1376232042,1,47
1376232056,0,48
1376232201,1,47
1376232239,0,48
1376232326,0,48
1376232394,1,47
1376232463,0,48
1376232464,0,48
1376232552,0,48
1376232595,1,47
1376232703,1,47
1376232751,1,47
1376232815,3,45
1376232848,1,47
1376232941,1,47
1376232949,0,48
1376233059,0,48
1376233116,0,48
1376233166,0,48
1376233750,1,47
1376233903,0,48
1376233959,0,48
1376234022,2,46
1376234056,3,45
1376234545,2,46
1376234617,1,47
1376234678,1,47
1376234727,1,47
1376234801,0,48
1376234828,0,48
1376234908,0,48
1376234983,4,43
1376235310,3,44
1376235401,7,40
1376235462,8,39
1376235801,6,41
1376235869,3,44
1376235941,5,42
1376235974,5,42
1376236183,5,42
1376236240,4,44
1376236249,4,44
1376236356,4,44
1376236369,6,42
1376236464,6,42
1376236542,7,41
1376236570,8,40
1376236643,7,41
1376236679,8,40
1376237075,6,42
1376237139,6,42
1376237200,7,41
1376237203,8,40
1376237372,7,41
1376237538,8,40
1376237857,6,42
1376238144,5,43
1376238333,2,46
1376238385,2,46
1376238511,0,48
1376238639,2,46
1376238739,2,45
1376238874,3,44
1376238940,3,44
1376239055,6,41
1376239072,6,41
1376239209,4,43
1376239415,3,44
1376239692,2,45
1376239755,3,44
1376239792,4,43
1376239871,3,43
1376239922,2,45
1376240120,4,43
1376240221,3,44
1376240699,4,43
1376241179,5,42
1376241269,5,42
1376241342,6,41
1376241391,7,41
1376241458,6,42
1376241521,7,41
1376241569,8,40
1376241614,9,39
1376241822,7,41
1376241907,7,41
1376241989,8,40
1376242541,11,37
1376242598,10,38
1376242640,9,39
1376242696,8,40
1376243300,8,40
1376243343,6,42
1376243442,6,42
1376243543,8,40
1376243616,9,39
1376243639,10,38
1376243975,11,37
1376244196,10,38
1376244691,9,39
1376244752,9,39
1376244817,9,39
1376244869,9,39
1376244941,9,39
1376244963,8,40
1376245036,9,39
1376245282,10,38
1376245361,9,39
1376245399,10,38
1376245472,9,39
1376245505,10,38
1376246110,10,38
1376246714,10,38
1376247318,10,38
1376247544,8,40
1376247870,9,39
1376247942,9,39
1376247991,10,38
1376248016,11,37
1376248421,11,37
1376248430,9,39
1376248528,8,40
1376248568,10,38
1376248776,8,40
1376248959,7,40
1376248980,7,40
1376249319,8,39
1376249332,8,39
1376249415,8,39
1376249536,7,40
1376249590,7,40
1376249675,7,40
1376249693,7,40
1376249977,7,40
1376250040,7,40
1376250331,7,40
1376250393,7,40
1376250702,7,40
1376250748,7,40
1376251063,7,40
1376251101,7,40
1376251327,8,39
1376251417,8,39
1376251454,8,39
1376251542,8,39
1376251558,10,37
1376251783,10,37
1376251807,10,37
1376252142,10,37
1376252161,10,37
1376252249,9,38
1376252272,8,39
1376252502,6,41
1376252515,6,41
1376252855,6,41
1376252869,6,41
1376253160,6,41
1376253223,6,41
1376253514,6,41
1376253577,6,41
1376253623,4,43
1376253881,4,43
1376253930,4,43
1376254240,4,43
1376254284,4,43
1376254601,2,44
1376254650,1,46
1376254822,2,45
1376254954,2,45
1376254991,2,45
1376255321,2,45
1376255345,2,45
1376255595,0,47
1376255679,0,47
1376255698,0,47
1376256039,0,47
1376256052,0,47
1376256392,0,47
1376256406,0,47
1376256697,0,47
1376256760,0,47
1376256836,1,46
1376257051,1,46
1376257114,1,46
1376257423,1,46
1376257467,1,46
1376257782,1,46
1376257821,1,46
1376258136,1,46
1376258174,1,46
1376258503,1,46
1376258528,1,46
1376258605,3,44
1376258861,3,44
1376258882,3,44
1376259221,3,44
1376259236,3,44
1376259575,3,44
1376259600,5,42
1376259880,5,42
1376259941,5,42
1376259943,5,42
1376260234,5,42
1376260296,5,42
1376260601,5,42
1376260651,5,42
1376260959,5,42
1376261004,5,42
1376261319,5,42
1376261357,5,42
1376261519,5,42
1376261580,6,41
1376261677,6,41
1376261719,6,41
1376262043,6,41
1376262064,6,41
1376262281,6,41
1376262283,7,40
1376262399,7,40
1376262418,7,40
1376262507,6,41
1376262567,6,41
1376262629,7,40
1376262758,7,40
1376262772,7,40
1376263063,7,40
1376263112,7,40
1376263126,7,40
1376263417,7,40
1376263480,7,40
1376263782,7,39
1376263834,8,39
1376263893,8,39
1376263956,7,40
1376264023,7,40
1376264082,8,39
1376264142,8,39
1376264187,8,39
1376264502,8,39
1376264540,8,39
1376264859,8,39
1376264894,8,39
1376265223,8,39
1376265248,8,39
1376265582,8,39
1376265601,8,39
1376265942,8,39
1376265956,8,39
1376266296,8,39
1376266350,10,37
1376266601,10,37
1376266663,10,37
1376266954,10,37
1376267017,10,37
1376267321,10,37
1376267371,10,37
1376267680,10,37
1376267724,10,37
1376268040,10,37
1376268078,10,37
1376268393,10,37
1376268431,10,37
1376268761,10,37
1376268785,10,37
1376269119,10,37
1376269138,10,37
1376269478,10,37
1376269492,10,37
1376269783,10,37
1376269832,10,37
1376269845,10,37
1376270137,10,37
1376270359,10,37
1376270502,10,37
1376270563,10,37
1376270854,10,37
1376270917,10,37
1376271220,10,37
1376271270,10,37
1376271579,10,37
1376271623,10,37
1376271939,10,37
1376271976,10,37
1376272292,10,37
1376272330,10,37
1376272660,10,37
1376272684,10,37
1376273018,10,37
1376273038,10,37
1376273377,10,37
1376273392,10,37
1376273682,10,37
1376273745,10,37
1376274036,10,37
1376274099,10,37
1376274390,10,37
1376274453,12,35
1376274518,14,33
1376274579,16,31
1376274618,17,30
1376274696,19,28
1376274762,21,26
1376274819,23,24
1376274860,25,22
1376275123,25,22
1376275160,25,22
1376275476,25,22
1376275514,25,22
1376275842,25,22
1376275868,25,22
1376276201,25,22
1376276221,25,22
1376276561,25,22
1376276575,25,22
1376276914,25,22
1376276928,25,22
1376277220,25,22
1376277282,25,22
1376277573,25,22
1376277635,25,22
1376277939,25,22
1376277989,25,22
1376278300,25,22
1376278343,25,22
1376278660,25,22
1376278698,25,22
1376279013,25,22
1376279051,25,22
1376279381,25,22
1376279405,25,22
1376279739,25,22
1376279758,25,22
1376280099,25,22
1376280112,25,22
1376280453,25,22
1376280467,25,22
1376280757,25,22
1376280820,25,22
1376281111,25,22
1376281174,25,22
1376281483,25,22
1376281527,25,22
1376281837,25,22
1376281880,25,22
1376282197,25,22
1376282235,25,22
1376282551,25,22
1376282588,25,22
1376282923,25,22
1376282943,25,22
1376283282,25,22
1376283299,24,23
1376283447,25,22
1376283636,25,22
1376283650,25,22
1376283815,26,21
1376283940,26,21
1376284002,26,21
1376284004,26,21
1376284295,26,21
1376284357,26,21
1376284661,26,21
1376284711,26,21
1376285021,25,22
1376285064,25,22
1376285380,25,22
1376285418,25,22
1376285733,25,22
1376285771,25,22
1376286101,25,22
1376286125,25,22
1376286204,26,21
1376286377,27,20
1376286459,28,19
1376286479,28,19
1376286665,27,20
1376286818,27,20
1376286833,27,20
1376287172,27,20
1376287186,27,20
1376287355,27,20
1376287404,27,20
1376287477,27,20
1376287527,27,20
1376287543,27,20
1376287745,28,19
1376287843,28,19
1376287893,28,19
1376288203,28,19
1376288247,28,19
1376288289,28,19
1376288342,29,18
1376288563,29,18
1376288601,29,18
1376288917,29,18
1376288955,29,18
1376289282,29,18
1376289309,28,19
1376289400,28,19
1376289578,29,19
1376289624,31,20
1376289669,33,20
1376290241,33,20
1376290565,34,19
1376290715,33,20
1376290781,33,20
1376290784,34,19
1376291389,34,19
1376291993,34,19
1376292371,35,18
1376292513,34,19
1376292640,33,20
1376292951,32,21
1376293359,33,20
1376293833,32,21
1376293994,33,20
1376294320,33,20
1376294324,32,21
1376294931,31,22
1376295021,30,23
1376295099,29,24
1376295124,29,24
1376295216,30,23
1376295297,29,24
1376295622,30,23
1376296027,31,22
1376296631,31,22
1376297234,31,22
1376297441,29,24
1376297460,30,23
1376298064,30,23
1376298701,31,22
1376298909,30,23
1376299418,29,24
1376299450,29,24
1376299510,29,24
1376300114,29,24
1376300678,29,24
1376300724,29,23
1376300801,29,23
1376300837,30,22
1376300873,31,21
1376301478,31,22
1376301559,30,23
1376301967,29,24
1376302290,27,26
1376302347,27,26
1376302414,27,26
1376302468,28,25
1376302497,29,24
1376302954,30,23
1376303021,29,24
1376303053,30,22
1376303316,28,23
1376303371,27,24
1376303402,29,22
1376303911,29,23
1376304518,28,25
1376304758,27,25
1376304818,28,25
1376304863,28,25
1376304943,28,25
1376304989,29,24
1376305141,28,25
1376305493,29,24
1376305637,28,25
1376306120,27,26
1376306611,28,25
1376307215,28,25
1376307368,27,26
1376307973,27,26
1376308035,28,25
1376308640,28,25
1376308883,29,24
1376309178,29,24
1376309394,28,25
1376309998,28,25
1376310156,29,24
1376310217,30,23
1376310314,29,24
1376310656,28,25
1376311090,27,26
1376311404,28,25
1376311519,29,24
1376311755,28,25
1376311888,29,24
1376312080,29,23
1376312140,29,24
1376312157,30,23
1376312491,29,24
1376313096,29,24
1376313453,29,24
1376313487,30,23
1376313865,29,24
1376314136,30,23
1376314300,29,24
1376314764,28,25
1376315368,28,25
1376315972,28,25
1376316453,27,26
1376316510,25,28
1376316569,25,28
1376316601,25,28
1376316813,26,27
1376317334,25,28
1376317721,25,28
1376317749,25,28
1376317840,26,27
1376317884,26,27
1376317950,26,27
1376317984,27,26
1376318071,27,26
1376318107,27,26
1376318161,26,26
1376318221,27,25
1376318825,27,26
1376319315,26,27
1376319930,27,26
1376320543,27,26
1376320669,27,26
1376320759,27,26
1376320804,29,24
1376321202,27,25
1376321223,27,26
1376321341,26,27
1376321802,26,27
1376321813,27,26
1376321882,26,27
1376321945,27,26
1376322472,26,27
1376323030,27,26
1376323095,26,27
1376323253,25,28
1376323540,25,28
1376324144,25,28
1376324316,25,28
1376324377,25,28
1376324408,26,27
1376324560,22,31
1376324613,22,31
1376324663,22,31
1376324740,23,30
1376324799,22,31
1376324854,23,30
1376324973,25,28
1376325026,26,27
1376325063,27,26
1376325422,26,27
1376325509,27,26
1376325816,25,28
1376325831,25,28
1376325921,26,27
1376326001,26,27
1376326010,27,26
1376326091,28,25
1376326275,27,25
1376326356,28,24
1376326410,29,23
1376326449,30,22
1376326809,29,23
1376326962,30,22
1376327010,30,22
1376327252,31,21
1376327856,31,22
1376328436,32,21
1376328522,32,21
1376328578,32,21
1376328628,32,21
1376328680,32,21
1376328742,33,20
1376328819,33,20
1376328833,34,19
1376329101,32,21
1376329423,32,21
1376329467,33,20
1376329516,35,18
1376329955,36,17
1376330559,36,17
1376330741,36,17
1376330773,36,17
1376330811,35,18
1376331320,35,18
1376331395,37,16
1376331600,36,17
1376332204,36,17
1376332721,36,17
1376332728,34,19
1376332837,34,19
1376332888,34,19
1376332911,35,18
1376333515,35,18
1376334119,35,18
1376334722,35,18
1376334870,33,20
1376334923,32,21
1376335201,31,22
1376335339,32,21
1376335590,33,20
1376335833,35,18
1376335982,36,17
1376336586,36,17
1376336912,35,18
1376337517,35,18
1376338121,35,18
1376338725,35,18
1376339199,34,18
1376339261,34,19
1376339313,34,19
1376339408,34,19
1376339500,35,18
1376339733,33,20
1376340338,33,20
1376340580,33,20
1376340583,31,22
1376341187,31,22
1376341720,30,23
1376342324,30,23
1376342638,29,24
1376342833,28,25
1376343338,28,25
1376343353,29,24
1376343716,28,25
1376344003,26,27
1376344144,26,27
1376344227,27,26
1376344301,27,25
1376344346,27,24
1376344416,28,23
1376345020,28,25
1376345275,27,26
1376345346,27,26
1376345429,28,25
1376346033,28,25
1376346637,28,25
1376347241,28,25
1376347845,28,25
1376348449,28,25
1376349052,28,25
1376349656,28,25
1376350260,28,25
1376350864,28,25
1376351469,28,25
1376352072,28,25
1376352677,28,25
1376353281,28,25
1376353885,28,25
1376354372,27,26
1376354623,28,25
1376355228,28,25
1376355293,27,26
1376355809,26,27
1376356413,26,27
1376356757,26,27
1376357361,26,27
1376357966,26,27
1376358570,26,27
1376359174,26,27
1376359777,26,27
1376360382,26,27
1376360986,26,27
1376361590,26,27
1376362193,26,27
1376362797,26,27
1376363401,26,27
1376364005,26,27
1376364609,26,27
1376365213,26,27
1376365817,26,27
1376366422,26,27
1376367026,26,27
1376367630,26,27
1376368235,26,27
1376368840,26,27
1376369444,26,27
1376369719,25,28
1376370243,26,27
1376370848,26,27
1376371452,26,27
1376372056,26,27
1376372242,25,28
1376372381,25,28
1376372390,26,27
1376372557,27,26
1376373161,27,26
1376373766,27,26
1376374058,27,26
1376374067,28,25
1376374676,28,25
1376375012,28,25
1376375230,27,26
1376375709,24,29
1376376193,25,28
1376376332,24,29
1376376554,23,30
1376376698,23,30
1376376754,22,31
1376376786,22,31
1376376847,23,30
1376377451,23,30
1376377557,22,31
1376378259,22,31
1376378318,25,28
1376378365,27,26
1376378433,29,24
1376378554,34,19
1376378582,35,18
1376378781,35,18
1376379296,34,19
1376379457,34,19
1376379466,35,18
1376379800,34,19
1376380356,33,20
1376380961,33,20
1376381106,34,19
1376381172,33,20
1376381410,32,21
1376382008,30,23
1376382188,31,22
1376382738,32,21
1376382908,31,22
1376383270,32,21
1376383837,33,20
1376384441,33,20
1376385045,33,20
1376385574,32,21
1376385984,32,21
1376386117,32,21
1376386170,33,20
1376386346,32,21
1376386602,32,21
1376386643,31,22
1376386716,31,22
1376386816,33,20
1376386894,32,21
1376386932,31,22
1376387019,30,23
1376387060,31,22
1376387665,31,22
1376387793,32,21
1376388038,29,24
1376388056,29,24
1376388154,30,23
1376388193,30,23
1376388281,31,22
1376388312,31,22
1376388380,33,20
1376388985,33,20
1376389461,32,21
1376390065,32,21
1376390136,32,21
1376390497,31,22
1376391102,31,22
1376391706,31,22
1376391942,31,22
1376391945,30,23
1376392047,29,24
1376392651,29,24
1376392902,29,24
1376392913,30,23
1376392980,31,22
1376393584,31,22
1376394114,28,25
1376394719,28,25
1376394821,29,24
1376394987,31,22
1376395063,30,23
1376395170,31,21
1376395436,30,22
1376396000,29,23
1376396605,29,24
1376396914,30,23
1376397351,29,24
1376397522,29,24
1376397540,31,22
1376398061,31,21
1376398123,31,21
1376398126,32,20
1376398269,31,21
1376398592,29,23
1376399196,29,24
1376399800,29,24
1376400319,28,25
1376400505,26,27
1376400671,27,26
1376400858,28,25
1376400925,29,24
1376400995,29,24
1376401056,29,23
1376401084,30,22
1376401405,29,23
1376401532,29,23
1376401547,30,22
1376402008,30,22
1376402054,30,22
1376402136,29,23
1376402158,30,22
1376402298,31,21
1376402902,31,22
1376403261,30,23
1376403329,29,24
1376403380,30,23
1376403432,30,22
1376403497,31,21
1376403913,31,21
1376404058,32,20
1376404238,33,19
1376404251,34,18
1376404812,36,16
1376405003,35,17
1376405177,36,16
1376405781,36,17
1376406100,36,17
1376406109,37,16
1376406518,35,18
1376406575,35,18
1376406617,34,19
1376406689,34,19
1376406714,34,19
1376406806,33,19
1376406862,33,19
1376406943,35,17
1376407011,32,20
1376407350,32,19
1376407421,31,20
1376407657,31,20
1376407720,32,20
1376407826,33,19
1376407963,32,20
1376407996,32,20
1376408306,31,21
1376408466,32,20
1376408530,31,21
1376408921,31,21
1376408925,30,22
1376409164,30,22
1376409221,31,21
1376409224,30,22
1376409523,29,23
1376409626,29,23
1376409664,30,22
1376409723,29,23
1376409996,30,22
1376410204,29,23
1376410652,29,23
1376410711,28,24
1376411119,27,25
1376411177,27,25
1376411318,28,24
1376411385,30,22
1376411683,30,22
1376411693,31,21
1376411921,31,21
1376411925,30,22
1376412529,30,22
1376412746,29,23
1376412783,28,24
1376413301,28,24
1376413357,29,23
1376413424,28,24
1376413469,28,24
1376413537,28,24
1376413602,30,22
1376413616,29,23
1376413712,30,22
1376413903,30,22
1376413905,30,22
1376413995,31,21
1376414083,31,21
1376414143,31,21
1376414150,33,19
1376414314,34,18
1376414327,35,17
1376414436,33,19
1376414497,34,18
1376414555,34,18
1376414622,35,17
1376414625,36,16
1376414964,35,17
1376415101,35,17
1376415111,36,16
1376415170,35,17
1376415249,36,16
1376415515,38,14
1376415560,37,15
1376415643,39,13
1376416247,39,13
1376416538,38,14
1376416584,37,15
1376416652,36,16
1376416682,37,15
1376416902,37,15
1376416905,36,16
1376417140,36,16
1376417150,37,15
1376417329,36,16
1376417468,35,17
1376417796,34,18
1376417938,33,19
1376418543,33,19
1376418624,30,22
1376418698,30,22
1376418745,33,19
1376419350,33,19
1376419663,34,18
1376420267,34,18
1376420872,34,18
1376421022,33,19
1376421626,33,19
1376422230,33,19
1376422771,33,19
1376423375,33,19
1376423979,33,19
1376424213,32,20
1376424817,32,20
1376425421,32,20
1376425657,32,20
1376425666,31,21
1376426313,30,21
1376426364,30,21
1376426837,31,21
1376426873,30,21
1376426956,30,21
1376427404,31,21
1376427509,30,22
1376427546,30,22
1376427638,31,21
1376427649,32,20
1376428304,32,20
1376428307,31,21
1376428656,29,23
1376428724,29,23
1376428775,30,22
1376428924,30,22
1376428996,31,21
1376429030,32,20
1376429136,31,21
1376429146,32,20
1376429361,33,19
1376429426,34,18
1376430030,34,18
1376430274,32,20
1376430878,32,20
1376431482,32,20
1376431662,32,20
1376431671,33,19
1376432107,34,18
1376432710,34,18
1376433314,34,18
1376433919,34,18
1376434523,34,18
1376435128,34,18
1376435732,34,18
1376436337,34,18
1376436942,34,18
1376437547,34,18
1376438152,34,18
1376438756,34,18
1376439360,34,18
1376439964,34,18
1376440095,32,20
1376440206,32,20
1376440296,33,19
1376440484,33,19
1376440551,34,18
1376441156,34,18
1376441433,33,19
1376441602,34,18
1376442206,34,18
1376442811,34,18
1376443157,34,18
1376443764,34,18
1376444368,34,18
1376444973,34,18
1376445577,34,18
1376446181,34,18
1376446363,34,18
1376446422,34,18
1376447026,34,18
1376447630,34,18
1376448235,34,18
1376448840,34,18
1376449444,34,18
1376450049,34,18
1376450654,34,18
1376451259,34,18
1376451864,34,18
1376452301,34,18
1376452309,33,19
1376452914,33,19
1376453518,33,19
1376454122,33,19
1376454726,33,19
1376454988,32,20
1376455108,33,19
1376455712,33,19
1376456167,32,20
1376456343,33,19
1376456948,33,19
1376457552,33,19
1376457636,32,20
1376457818,31,21
1376457921,32,20
1376457981,33,19
1376458202,32,20
1376458775,33,19
1376459379,33,19
1376459991,33,19
1376460595,33,19
1376461200,33,19
1376461768,34,18
1376461797,33,19
1376462127,32,20
1376462503,31,21
1376462803,31,21
1376462814,32,20
1376462922,32,20
1376463005,33,19
1376463152,32,20
1376463234,31,21
1376463744,30,22
1376464001,30,22
1376464031,29,23
1376464116,29,23
1376464159,29,23
1376464252,28,24
1376464887,27,25
1376464977,28,24
1376465172,28,24
1376465217,29,23
1376465673,30,22
1376465964,30,22
1376466271,29,23
1376466309,29,23
1376466763,28,24
1376466824,28,24
1376466869,28,24
1376466904,29,23
1376467206,28,24
1376467811,28,24
1376468416,28,24
1376468851,29,23
1376469454,29,23
1376469496,30,22
1376470105,30,22
1376470430,29,23
1376470775,28,24
1376470899,28,24
1376470920,30,22
1376471530,30,22
1376471850,28,23
1376471865,29,23
1376471977,28,24
1376472214,27,25
1376472281,27,25
1376472308,27,25
1376472391,28,24
1376472436,29,23
1376472565,29,23
1376472618,30,22
1376473222,30,22
1376473827,30,22
1376473923,29,23
1376474078,30,22
1376474126,29,23
1376474730,29,23
1376475334,29,23
1376475450,31,21
1376475797,32,20
1376476287,30,22
1376476819,31,21
1376477106,32,20
1376477203,32,20
1376477263,31,20
1376477316,31,20
1376477364,31,21
1376477968,31,21
1376478573,31,21
1376478676,33,19
1376479280,33,19
1376479541,33,19
1376479551,34,18
1376479901,34,18
1376479904,33,19
1376480016,34,18
1376480620,34,18
1376480627,35,17
1376481161,34,18
1376481329,35,17
1376481508,34,18
1376481568,33,19
1376481788,33,19
1376481874,34,18
1376481937,35,17
1376481988,34,18
1376482354,33,19
1376482624,34,18
1376482951,33,19
1376482971,33,19
1376483061,33,19
1376483121,34,18
1376483252,35,17
1376483485,34,18
1376483681,35,17
1376484285,35,17
1376484777,34,18
1376484988,33,19
1376485051,33,19
1376485096,33,19
1376485159,34,18
1376485603,35,17
1376485635,34,18
1376485730,34,18
1376485827,35,17
1376485860,33,19
1376486262,33,19
1376486266,32,20
1376486884,32,20
1376486965,32,20
1376487000,33,19
1376487221,34,18
1376487243,35,17
1376487558,37,15
1376487613,37,15
1376488183,36,16
1376488420,36,16
1376488451,38,14
1376488496,39,13
1376489101,39,13
1376489262,38,14
1376489310,38,14
1376489379,38,14
1376489423,39,13
1376489459,41,11
1376490064,41,11
1376490162,41,11
1376490173,42,10
1376490297,43,9
1376490901,43,9
1376491412,44,8
1376491553,43,9
1376491653,42,10
1376491894,41,11
1376492138,41,10
1376492148,41,10
1376492211,42,10
1376492425,41,11
1376492768,42,10
1376492818,41,11
1376492945,42,10
1376493036,42,10
1376493072,40,12
1376493161,39,13
1376493205,40,12
1376493282,41,11
1376493307,42,10
1376493549,43,9
1376493659,42,10
1376493707,42,10
1376493774,42,10
1376493858,43,9
1376494301,43,9
1376494304,42,10
1376494639,41,11
1376494972,40,12
1376495246,41,11
1376495850,41,11
1376495939,40,12
1376496403,39,13
1376496798,38,14
1376496872,38,14
1376496933,39,13
1376497038,38,14
1376497638,39,13
1376497719,39,13
1376497736,39,13
1376498142,39,13
1376498145,38,14
1376498343,37,15
1376498784,36,16
1376498809,35,17
1376498984,35,17
1376499043,34,18
1376499047,33,19
1376499215,34,18
1376499433,35,17
1376499520,35,17
1376499568,36,16
1376499644,36,16
1376499685,37,15
1376499708,38,14
1376500035,39,13
1376500328,39,13
1376500391,39,13
1376500480,38,14
1376500540,37,15
1376500593,36,16
1376501075,35,17
1376501479,36,16
1376501579,35,17
1376501760,34,18
1376502363,34,18
1376502427,35,17
1376502822,34,18
1376502833,35,17
1376502924,32,20
1376502980,31,21
1376503058,32,20
1376503116,34,18
1376503284,35,17
1376503361,34,18
1376503384,33,19
1376503529,33,19
1376503589,32,20
1376504200,31,21
1376504660,30,22
1376504815,30,22
1376504917,31,21
1376505027,28,24
1376505059,29,23
1376505340,27,25
1376505353,28,24
1376505419,28,24
1376505522,27,24
1376505542,27,25
1376505680,29,23
1376505898,27,25
1376506348,26,26
1376506422,26,26
1376506425,25,27
1376506523,26,26
1376506927,27,25
1376507457,26,26
1376507838,27,25
1376507913,27,25
1376507942,27,25
1376507989,27,25
1376508055,28,24
1376508642,27,25
1376508780,28,24
1376508837,27,25
1376508938,27,25
1376509002,26,26
1376509045,27,25
1376509293,28,24
1376509599,27,25
1376510079,27,25
1376510112,29,23
1376510716,29,23
1376511038,28,24
1376511142,27,25
1376511409,26,26
1376511811,24,28
1376511883,23,28
1376511936,22,30
1376512003,22,30
1376512121,23,28
1376512166,23,28
1376512241,24,27
1376512289,26,25
1376512347,24,27
1376512951,24,28
1376513000,25,27
1376513440,24,28
1376513495,24,28
1376513547,24,28
1376513613,24,27
1376513669,26,25
1376513954,25,26
1376514300,23,28
1376514456,22,29
1376514490,19,32
1376515094,19,33
1376515698,19,33
1376516302,19,33
1376516554,18,34
1376517159,18,34
1376517343,19,33
1376517377,20,32
1376517982,20,32
1376518586,20,32
1376519074,18,34
1376519129,18,34
1376519151,18,34
1376519755,18,34
1376520359,18,34
1376520963,18,34
1376521302,18,34
1376521313,19,33
1376521917,19,33
1376522520,19,33
1376523124,19,33
1376523728,19,33
1376524332,19,33
1376524935,19,33
1376525539,19,33
1376526143,19,33
1376526747,19,33
1376527346,16,36
1376527779,17,35
1376527834,17,35
1376527879,18,34
1376528023,17,35
1376528065,18,34
1376528108,18,34
1376528159,18,34
1376528229,18,34
1376528321,18,34
1376528342,18,34
1376528424,18,34
1376528490,18,34
1376528507,18,34
1376528632,18,34
1376528771,18,34
1376528815,19,33
1376528903,19,33
1376528961,19,33
1376529083,20,32
1376529555,19,33
1376529641,19,33
1376529651,19,33
1376530254,19,33
1376530858,19,33
1376531437,18,34
1376531447,17,35
1376532051,17,35
1376532655,17,35
1376533259,17,35
1376533863,17,35
1376534467,17,35
1376535071,17,35
1376535675,17,35
1376536278,17,35
1376536882,17,35
1376537486,17,35
1376538089,17,35
1376538517,17,35
1376538560,17,35
1376538668,17,35
1376538710,17,34
1376538789,17,34
1376538834,17,33
1376538984,18,33
1376539589,18,34
1376540194,18,34
1376540798,18,34
1376541401,18,34
1376541620,17,35
1376541673,17,35
1376541753,18,34
1376542357,18,34
1376542961,18,34
1376543565,18,34
1376544169,18,34
1376544773,18,34
1376544917,19,33
1376545521,19,33
1376546125,19,33
1376546729,19,33
1376547334,19,33
1376547549,20,32
1376548153,20,32
1376548757,20,32
1376549361,20,32
1376549966,20,32
1376550570,20,32
1376550849,20,32
1376550934,20,32
1376550964,20,32
1376551569,20,32
1376551828,19,33
1376551894,18,34
1376551938,18,34
1376552019,18,34
1376552042,19,33
1376552647,19,33
1376553283,19,33
1376553293,20,32
1376553822,19,33
1376553835,19,33
1376553941,20,32
1376554545,20,32
1376554866,21,31
1376555501,20,32
1376555841,20,32
1376556004,20,32
1376556133,20,31
1376556222,21,30
1376556372,22,29
1376556453,22,29
1376556501,23,28
1376556556,22,29
1376556625,22,29
1376556701,22,29
1376556735,23,28
1376557189,22,29
1376557793,22,30
1376558040,23,29
1376558677,25,27
1376558720,24,28
1376558757,25,27
1376559400,25,27
1376559415,27,25
1376559636,26,26
1376559716,24,28
1376559940,24,28
1376560004,25,28
1376560227,24,29
1376560273,24,29
1376560360,24,29
1376560386,26,27
1376560436,25,28
1376560709,24,29
1376560898,24,29
1376560958,26,27
1376561019,27,25
1376561029,28,24
1376561400,28,24
1376561485,28,24
1376561574,27,25
1376561743,28,24
1376562020,26,26
1376562340,25,27
1376562343,24,28
1376562758,25,27
1376562853,24,28
1376562905,22,30
1376563161,23,29
1376563276,24,28
1376563472,24,28
1376563500,25,27
1376563565,24,28
1376564120,25,27
1376564195,26,26
1376564364,26,26
1376564419,26,26
1376564482,27,25
1376564725,28,24
1376564907,30,22
1376565511,30,23
1376566115,30,23
1376566720,30,23
1376566882,29,24
1376567435,28,25
1376567653,29,24
1376567693,27,26
1376568297,27,26
1376568501,27,26
1376568575,27,25
1376568613,27,25
1376568688,28,24
1376568742,28,24
1376568811,28,24
1376568942,28,23
1376568979,29,22
1376569119,28,23
1376569161,28,23
1376569204,27,24
1376569402,27,24
1376569457,26,25
1376569948,27,24
1376570003,28,23
1376570166,27,24
1376570491,25,26
1376570802,26,25
1376570805,25,26
1376570911,24,27
1376570981,26,25
1376570984,27,24
1376571245,28,23
1376571388,27,24
1376571577,27,24
1376571641,27,24
1376571651,28,23
1376571743,26,25
1376571808,26,25
1376571837,25,26
1376571892,24,27
1376571967,24,27
1376572046,25,26
1376572159,25,26
1376572286,25,26
1376572357,25,25
1376572407,26,24
1376572495,25,25
1376572579,25,25
1376572621,26,24
1376572759,24,26
1376572834,24,26
1376572887,23,27
1376572958,23,27
1376573024,20,30
1376573201,20,30
1376573258,20,33
1376573304,20,33
1376573382,22,31
1376573432,24,29
1376573500,25,28
1376573557,23,30
1376573621,23,30
1376573670,23,30
1376573740,23,30
1376573803,18,34
1376573812,18,35
1376574040,16,37
1376574098,16,37
1376574152,17,36
1376574220,17,36
1376574278,15,38
1376574458,15,38
1376574502,15,38
1376574543,16,37
1376574641,15,38
1376574686,17,36
1376574762,18,35
1376574795,18,35
1376574833,19,34
1376574990,19,34
1376575063,20,32
1376575099,22,30
1376575275,21,31
1376575380,20,32
1376575480,19,33
1376575520,18,34
1376575548,17,35
1376575936,16,36
1376576430,9,43
1376577034,9,44
1376577448,7,46
1376577564,8,45
1376577607,9,44
1376577793,9,44
1376577884,9,44
1376577924,8,45
1376577969,8,45
1376578068,8,45
1376578163,8,44
1376578242,7,44
1376578300,7,44
1376578355,9,43
1376578420,8,43
1376578460,8,43
1376578571,8,44
1376578780,8,44
1376578829,8,44
1376578888,10,42
1376579115,13,39
1376579199,12,40
1376579251,12,40
1376579302,11,41
1376579490,9,43
1376579561,10,42
1376579662,8,44
1376579723,6,46
1376579766,6,46
1376579838,5,47
1376579919,5,47
1376579974,4,48
1376580040,4,48
1376580099,7,45
1376580162,8,44
1376580219,9,43
1376580516,8,44
1376580822,10,42
1376580962,11,41
1376581302,11,41
1376581305,10,42
1376581397,10,42
1376581476,11,41
1376581489,10,42
1376581559,10,42
1376581608,11,41
1376581936,10,42
1376582382,11,41
1376582562,12,40
1376582596,10,42
1376583215,9,44
1376583281,8,45
1376583285,7,46
1376583447,8,45
1376583521,8,45
1376583546,10,43
1376583641,10,43
1376583678,9,44
1376583879,9,44
1376584010,8,45
1376584615,8,45
1376584800,8,45
1376585131,8,45
1376585198,7,46
1376585253,8,45
1376585290,9,44
1376585433,8,45
1376585672,9,44
1376586079,10,43
1376586222,10,43
1376586268,12,41
1376586338,14,39
1376586400,15,38
1376586439,16,37
1376586516,19,34
1376586943,19,34
1376587056,19,34
1376587097,20,33
1376587182,20,33
1376587221,21,32
1376587482,21,32
1376587517,20,33
1376587659,22,31
1376587713,21,32
1376588030,20,33
1376588121,20,33
1376588186,21,32
1376588788,21,32
1376588826,23,30
1376588912,22,31
1376588965,22,30
1376589026,22,30
1376589159,21,31
1376589215,21,32
1376589279,20,32
1376589334,21,31
1376589397,23,29
1376589490,22,30
1376589554,21,31
1376589679,20,32
1376589714,20,32
1376589817,20,32
1376589988,21,31
1376590240,19,33
1376590302,18,34
1376590327,18,34
1376590419,18,34
1376590475,19,32
1376590518,18,33
1376590600,19,32
1376590655,18,33
1376590720,18,33
1376590773,19,32
1376590838,18,33
1376590877,19,32
1376590918,19,32
1376590987,19,32
1376591072,20,31
1376591138,21,30
1376591178,20,31
1376591210,20,31
1376591319,21,30
1376591371,22,29
1376591413,22,29
1376591676,20,31
1376592100,19,32
1376592104,20,31
1376592580,20,31
1376592626,19,32
1376592699,18,33
1376592761,18,33
1376592797,18,33
1376592863,18,33
1376592890,18,33
1376593242,18,33
1376593250,16,35
1376593409,17,34
1376593461,17,34
1376593603,17,34
1376593606,18,33
1376593855,17,34
1376594164,16,35
1376594767,16,37
1376595080,17,36
1376595319,17,36
1376595376,19,34
1376595583,18,35
1376595738,17,36
1376595843,18,35
1376595909,17,36
1376596043,15,38
1376596648,15,38
1376597253,15,38
1376597428,15,38
1376597494,16,37
1376597562,17,35
1376597932,17,35
1376598005,17,35
1376598051,18,34
1376598655,18,35
1376598900,17,36
1376599039,16,37
1376599619,14,39
1376599821,13,40
1376600426,13,40
1376601029,13,40
1376601417,14,39
1376601627,15,38
1376601659,14,39
1376601815,14,38
1376601881,14,38
1376601890,15,37
1376602494,15,38
1376603098,15,38
1376603702,15,38
1376603783,13,40
1376604092,12,41
1376604696,12,41
1376605300,12,41
1376605937,13,40
1376606542,13,40
1376606903,14,39
1376607508,14,39
1376608112,14,39
1376608717,14,39
1376609321,14,39
1376609977,13,40
1376610501,12,41
1376610564,12,41
1376610673,12,41
1376610748,12,40
1376610778,13,39
1376611383,13,40
1376611987,13,40
1376612591,13,40
1376612795,13,40
1376612874,13,40
1376612960,13,40
1376613017,14,39
1376613100,14,38
1376613138,15,37
1376613743,15,38
1376614348,15,38
1376614512,14,39
1376615116,14,39
1376615720,14,39
1376615901,14,39
1376616506,14,39
1376617007,13,40
1376617611,13,40
1376618215,13,40
1376618819,13,40
1376619424,13,40
1376620028,13,40
1376620632,13,40
1376621237,13,40
1376621841,13,40
1376622445,13,40
1376623050,13,40
1376623653,13,40
1376624257,13,40
1376624861,13,40
1376625465,13,40
1376626068,13,40
1376627000,13,40
1376627604,13,40
1376628208,13,40
1376628812,13,40
1376629415,13,40
1376630019,13,40
1376630623,13,40
1376631069,14,39
1376631565,16,37
1376631749,15,38
1376632353,15,38
1376632957,15,38
1376633561,15,38
1376634057,16,37
1376634661,16,37
1376634924,17,36
1376635528,17,36
1376635602,16,37
1376635810,17,36
1376636181,17,36
1376636345,17,36
1376636397,18,35
1376636921,17,36
1376636949,17,36
1376637553,17,36
1376637697,16,37
1376637759,16,37
1376637774,16,37
1376637829,15,38
1376638121,15,38
1376638124,16,37
1376638469,16,37
1376638487,16,37
1376638745,15,38
1376638858,16,37
1376638947,15,38
1376639550,15,38
1376639658,14,39
1376640262,14,39
1376640529,13,40
1376641133,13,40
1376641737,13,40
1376641793,12,41
1376642353,12,41
1376642387,11,42
1376642466,11,42
1376642549,11,42
1376642583,11,42
1376642737,11,42
1376642749,12,41
1376643280,13,40
1376643885,13,40
1376644490,13,40
1376645095,13,40
1376645699,13,40
1376646160,13,40
1376646178,12,41
1376646279,12,41
1376646328,12,41
1376646399,11,42
1376646431,12,41
1376646632,13,40
1376646761,12,41
1376647118,13,40
1376647129,14,39
1376647733,14,39
1376647901,12,41
1376648015,13,39
1376648053,14,38
1376648254,13,39
1376648859,13,40
1376648899,12,41
1376649503,12,41
1376650107,12,41
1376650700,11,42
1376651198,11,42
1376651260,11,42
1376651321,11,42
1376651376,11,42
1376651429,11,41
1376651466,11,41
1376651530,11,41
1376651605,11,41
1376651639,11,42
1376651802,11,42
1376651824,11,42
1376651906,12,41
1376651972,12,41
1376652004,13,40
1376652190,13,40
1376652393,12,41
1376652444,12,41
1376652504,13,40
1376652559,14,39
1376652748,14,39
1376653155,12,41
1376653188,12,41
1376653482,12,41
1376653484,11,42
1376654089,11,42
1376654259,11,42
1376654431,11,42
1376654551,11,41
1376654635,11,41
1376654687,12,40
1376655292,12,41
1376655347,12,41
1376655952,12,41
1376656059,13,40
1376656443,12,41
1376657046,12,41
1376657158,11,42
1376657579,12,41
1376657997,11,42
1376658059,10,43
1376658202,9,44
1376658358,8,45
1376658462,8,45
1376658488,9,44
1376658582,9,43
1376658589,10,42
1376658670,10,42
1376658710,11,41
1376658875,9,43
1376658901,9,43
1376659003,9,43
1376659041,10,42
1376659116,10,42
1376659166,11,41
1376659243,10,42
1376659261,10,42
1376659864,10,43
1376660083,8,45
1376660108,9,44
1376660254,9,44
1376660315,11,42
1376660919,11,42
1376661529,11,42
1376662105,10,43
1376662214,11,42
1376662323,9,44
1376662386,9,44
1376662541,9,44
1376662575,10,43
1376662609,10,43
1376663009,11,42
1376663560,9,43
1376663575,9,44
1376663790,10,43
1376664118,9,44
1376664270,8,45
1376664455,9,44
1376664522,9,44
1376664580,7,46
1376664640,7,46
1376664677,8,45
1376664721,7,46
1376664935,5,48
1376665545,5,48
1376665775,4,49
1376666241,3,50
1376666381,4,49
1376666423,5,48
1376666464,6,47
1376666640,7,46
1376666734,6,47
1376666905,7,46
1376667265,7,46
1376667330,7,46
1376667390,8,45
1376667445,8,45
1376667476,9,44
1376667653,8,45
1376667752,8,45
1376667823,8,45
1376667848,6,47
1376667928,6,47
1376667968,7,46
1376668572,7,46
1376668623,7,46
1376668675,8,45
1376668889,8,45
1376668935,9,44
1376669115,9,44
1376669177,10,43
1376669359,9,44
1376669402,8,45
1376669917,8,45
1376669950,9,44
1376670121,9,44
1376670257,9,44
1376670326,10,43
1376670356,11,42
1376670462,11,42
1376670487,13,40
1376670631,11,42
1376670680,10,43
1376670759,11,42
1376670823,11,42
1376670877,10,43
1376671148,9,44
1376671743,7,46
1376671857,8,45
1376671922,9,44
1376671980,10,43
1376672540,9,44
1376672924,8,45
1376673190,9,44
1376673520,10,43
1376674016,11,42
1376674619,11,42
1376675225,11,42
1376675303,11,42
1376675375,10,43
1376675420,9,44
1376676025,9,44
1376676333,10,43
1376676403,12,41
1376676440,13,40
1376676514,15,38
1376676576,17,36
1376676634,19,34
1376676696,21,32
1376676729,22,31
1376677151,20,33
1376677506,19,34
1376677779,20,33
1376677820,21,32
1376677870,22,31
1376678083,20,33
1376678122,19,34
1376678182,17,36
1376678258,15,38
1376678288,15,38
1376678351,16,37
1376678698,17,36
1376679212,16,37
1376679279,15,38
1376679337,15,38
1376679397,16,37
1376679872,15,38
1376680393,14,39
1376680541,12,41
1376681146,12,41
1376681528,13,40
1376681884,12,41
1376682489,12,41
1376683093,12,41
1376683664,12,41
1376683688,11,42
1376683776,9,44
1376684246,7,46
1376684850,7,46
1376685093,8,45
1376685698,8,45
1376686303,8,45
1376686384,8,45
1376686990,8,45
1376687622,8,45
1376687637,6,47
1376687691,6,47
1376687793,6,47
1376687826,6,47
1376688431,6,47
1376688729,7,46
1376689033,7,46
1376689121,7,46
1376689131,8,45
1376689736,8,45
1376690241,9,44
1376690288,9,44
1376690334,10,43
1376690938,10,43
1376691543,10,43
1376692148,10,43
1376692753,10,43
1376693358,10,43
1376693963,10,43
1376694402,9,44
1376695006,9,44
1376695611,9,44
1376695785,9,44
1376695788,8,45
1376696393,8,45
1376696998,8,45
1376697603,8,45
1376697801,8,45
1376697896,8,45
1376697972,9,44
1376698428,8,45
1376698702,8,45
1376698778,9,44
1376699383,9,44
1376699987,9,44
1376700150,10,43
1376700755,10,43
1376701360,10,43
1376701965,10,43
1376702444,10,43
1376702453,10,43
1376703057,10,43
1376703662,10,43
1376704267,10,43
1376704872,10,43
1376705249,9,44
1376705310,9,44
1376705397,10,43
1376706002,10,43
1376706607,10,43
1376707211,10,43
1376707816,10,43
1376708421,10,43
1376708773,9,44
1376709378,9,44
1376709983,9,44
1376710588,9,44
1376711193,9,44
1376711576,9,44
1376712181,9,44
1376712786,9,44
1376713391,9,44
1376713996,9,44
1376714601,9,44
1376715206,9,44
1376715571,10,43
1376716176,10,43
1376716781,10,43
1376716979,11,42
1376717526,13,40
1376718131,13,40
1376718736,13,40
1376719341,13,40
1376719946,13,40
1376720550,13,40
1376721155,13,40
1376721760,13,40
1376722226,12,41
1376722509,13,40
1376723113,13,40
1376723718,13,40
1376724322,13,40
1376724927,13,40
1376725532,13,40
1376726084,12,41
1376726191,12,41
1376726238,13,40
1376726378,13,40
1376726410,15,38
1376726480,15,38
1376726534,15,38
1376726580,15,38
1376726675,15,38
1376726731,16,37
1376727007,15,38
1376727338,15,38
1376727621,16,37
1376728225,16,37
1376728322,17,36
1376728926,17,36
1376729039,16,37
1376729264,16,37
1376729299,17,36
1376729680,18,35
1376729742,20,33
1376730347,20,33
1376730832,19,34
1376731081,20,33
1376731685,20,33
1376732258,18,35
1376732362,17,36
1376732678,16,37
1376732706,17,36
1376733163,16,37
1376733191,15,38
1376733248,16,37
1376733338,18,35
1376733350,18,35
1376733452,19,34
1376733515,19,34
1376733541,21,32
1376734152,21,32
1376734560,22,31
1376734691,24,29
1376735295,24,29
1376735900,24,29
1376736102,21,32
1376736162,21,32
1376736199,21,32
1376736272,22,31
1376736293,23,30
1376736897,23,30
1376737244,22,31
1376737253,21,32
1376737643,21,32
1376737693,22,31
1376738297,22,31
1376738445,20,33
1376738559,19,33
1376738589,19,34
1376738860,17,36
1376739013,18,35
1376739260,16,37
1376739404,17,36
1376739435,19,34
1376740039,19,34
1376740643,19,34
1376740784,19,34
1376740794,20,33
1376741158,20,33
1376741325,19,34
1376741376,20,33
1376741476,20,33
1376741565,20,33
1376741625,18,35
1376741670,19,34
1376741703,19,34
1376741796,21,32
1376742073,22,31
1376742130,21,32
1376742370,19,34
1376742567,19,34
1376742627,20,33
1376742679,20,33
1376742823,20,33
1376742835,21,32
1376743185,22,31
1376743234,19,34
1376743484,17,36
1376743544,17,36
1376743605,18,35
1376743684,19,34
1376743785,19,34
1376743811,20,33
1376744037,21,32
1376744379,21,32
1376744390,22,31
1376744716,20,33
1376745282,18,35
1376745886,18,35
1376746197,17,36
1376746286,17,36
1376746363,15,38
1376746415,16,37
1376746426,16,37
1376746657,15,38
1376746691,15,38
1376746743,16,37
1376746818,16,37
1376746871,17,36
1376746934,18,35
1376747170,17,36
1376747254,16,37
1376747859,16,37
1376747967,15,38
1376748319,16,37
1376748584,15,38
1376748598,15,38
1376748734,14,39
1376748880,13,40
1376749207,14,39
1376749811,14,39
1376749964,14,39
1376750022,13,40
1376750073,13,40
1376750123,13,40
1376750183,14,39
1376750251,12,41
1376750404,12,41
1376750555,12,41
1376750611,12,41
1376750648,14,39
1376750864,13,40
1376750925,13,40
1376751223,12,41
1376751285,10,42
1376751332,12,41
1376751400,13,40
1376751461,15,38
1376751488,14,39
1376751585,14,39
1376751627,15,38
1376751697,16,37
1376751745,16,37
1376751769,17,36
1376751985,16,37
1376752151,15,38
1376752234,14,39
1376752396,13,40
1376752543,13,40
1376752555,14,39
1376753159,14,39
1376753322,13,40
1376753382,14,39
1376753412,15,38
1376753803,14,39
1376753923,14,39
1376753968,15,38
1376754344,13,40
1376754346,12,41
1376754406,12,41
1376754522,12,41
1376754581,8,45
1376754590,8,45
1376754654,9,44
1376754765,9,44
1376754803,12,41
1376755116,11,42
1376755241,11,42
1376755288,12,41
1376755415,12,41
1376755432,14,39
1376755938,15,38
1376755995,14,39
1376756084,13,40
1376756263,14,39
1376756443,12,41
1376756463,10,43
1376756564,11,42
1376756863,11,42
1376756867,10,43
1376757043,11,42
1376757086,11,42
1376757134,9,44
1376757183,8,45
1376757276,7,46
1376757294,8,45
1376757383,9,44
1376757699,7,46
1376757808,7,46
1376757877,8,45
1376757945,8,45
1376757989,9,44
1376758043,10,43
1376758112,11,42
1376758350,10,43
1376758379,10,43
1376758529,9,44
1376758563,10,43
1376758723,8,45
1376758767,9,44
1376758821,10,43
1376758859,11,42
1376759072,9,44
1376759676,9,44
1376759794,7,46
1376759829,7,46
1376759884,7,46
1376759928,7,46
1376760045,2,51
1376760106,1,52
1376760132,2,51
1376760226,2,51
1376760254,2,51
1376760308,4,49
1376760584,5,48
1376761206,6,47
1376761810,6,47
1376762022,6,47
1376762034,7,46
1376762638,7,46
1376762734,9,44
1376762785,9,44
1376762844,10,43
1376762899,10,43
1376762979,11,42
1376763583,11,42
1376763759,11,42
1376763791,12,41
1376764003,12,41
1376764370,11,42
1376764483,11,42
1376764486,12,41
1376764662,11,42
1376764680,12,41
1376764925,10,43
1376765143,10,43
1376765180,10,43
1376765255,9,44
1376765859,9,44
1376766038,11,42
1376766103,10,43
1376766145,11,42
1376766749,11,42
1376767184,10,43
1376767360,11,42
1376767381,12,41
1376767921,10,43
1376768079,9,44
1376768683,9,44
1376768920,8,45
1376768982,8,45
1376769031,8,45
1376769063,9,44
1376769141,9,44
1376769186,11,42
1376769341,12,41
1376769946,12,41
1376770550,12,41
1376770779,11,42
1376770812,11,42
1376770998,11,42
1376771052,12,41
1376771109,12,41
1376771159,13,40
1376771763,13,40
1376772367,13,40
1376772412,12,41
1376772756,13,40
1376772819,14,39
1376772943,14,39
1376772960,13,39
1376773124,13,39
1376773134,14,38
1376773294,13,39
1376773358,13,39
1376773662,13,39
1376773712,13,39
1376774022,13,39
1376774067,13,39
1376774383,13,39
1376774422,13,39
1376774603,12,40
1376774737,12,40
1376774776,12,40
1376775105,12,40
1376775131,12,40
1376775464,12,40
1376775486,12,40
1376775819,12,40
1376775840,12,40
1376776180,12,40
1376776194,12,40
1376776535,12,40
1376776548,12,40
1376776840,12,40
1376776903,12,40
1376777194,12,40
1376777258,12,40
1376777358,11,41
1376777562,11,41
1376777612,11,41
1376777708,11,41
1376777922,11,41
1376777967,11,41
1376778283,11,41
1376778322,11,41
1376778637,11,41
1376778676,11,41
1376778992,11,41
1376779031,11,41
1376779364,11,41
1376779385,11,41
1376779720,11,41
1376779740,11,41
1376780080,11,41
1376780095,11,41
1376780434,11,41
1376780448,11,41
1376780626,10,42
1376780739,10,42
1376780803,10,42
1376781094,10,42
1376781157,10,42
1376781462,10,42
1376781512,10,42
1376781822,10,42
1376781867,10,42
1376782182,10,42
1376782221,10,42
1376782361,10,42
1376782371,11,41
1376782536,11,41
1376782575,11,41
1376782698,10,42
1376782904,10,42
1376782930,10,42
1376782992,10,42
1376783073,10,42
1376783264,10,42
1376783315,10,42
1376783438,11,41
1376783450,12,40
1376783625,13,39
1376783639,13,39
1376783779,13,39
1376783826,14,38
1376783979,14,38
1376783993,14,38
1376784284,14,38
1376784334,14,38
1376784347,14,38
1376784639,14,38
1376784701,14,38
1376784993,14,38
1376785057,14,38
1376785360,14,38
1376785411,14,38
1376785721,14,38
1376785765,14,38
1376786082,14,38
1376786122,15,37
1376786436,15,37
1376786475,15,37
1376786805,15,37
1376786829,15,37
1376787163,15,37
1376787183,15,37
1376787524,15,37
1376787538,15,37
1376787878,15,37
1376787893,15,37
1376788119,15,37
1376788184,15,37
1376788277,15,37
1376788412,15,37
1376788545,15,37
1376788565,16,36
1376788756,16,36
1376788900,16,36
1376788964,16,36
1376789255,16,36
1376789318,16,36
1376789623,16,36
1376789673,16,36
1376789984,16,36
1376790028,16,36
1376790344,16,36
1376790382,16,36
1376790699,16,36
1376790737,16,36
1376790943,17,35
1376791065,17,35
1376791095,17,35
1376791425,17,35
1376791446,17,35
1376791786,17,35
1376791800,17,35
1376792140,17,35
1376792155,17,35
1376792495,17,35
1376792509,17,35
1376792800,17,35
1376792864,17,35
1376793155,17,35
1376793218,17,35
1376793522,17,35
1376793572,17,35
1376793882,17,35
1376793927,17,35
1376794243,17,35
1376794281,17,35
1376794597,17,35
1376794636,17,35
1376794964,17,35
1376794990,17,35
1376795325,17,35
1376795350,17,35
1376795424,17,35
1376795485,17,34
1376795604,17,34
1376795667,16,34
1376795705,16,35
1376796040,16,35
1376796054,16,35
1376796345,16,35
1376796395,16,35
1376796409,16,35
1376796699,16,35
1376796763,16,35
1376797054,16,35
1376797117,16,35
1376797421,16,35
1376797471,16,35
1376797781,16,35
1376797825,16,35
1376798142,16,35
1376798180,16,35
1376798496,16,35
1376798535,16,35
1376798889,16,35
1376799223,16,35
1376799244,16,35
1376799584,16,35
1376799598,16,35
1376799938,16,35
1376799952,16,35
1376800244,16,35
1376800293,16,35
1376800307,16,35
1376800598,16,35
1376800662,16,35
1376800952,16,35
1376801016,16,35
1376801324,16,35
1376801370,16,35
1376801680,16,35
1376801725,16,35
1376802041,16,35
1376802079,16,35
1376802396,16,35
1376802434,16,35
1376802764,16,35
1376802789,16,35
1376803123,16,35
1376803144,16,35
1376803484,16,35
1376803498,16,35
1376803838,16,35
1376803852,16,35
1376804143,16,35
1376804193,16,35
1376804206,16,35
1376804498,16,35
1376804561,16,35
1376804852,16,35
1376804916,16,35
1376805224,16,35
1376805270,16,35
1376805580,16,35
1376805625,16,35
1376805941,16,35
1376805979,16,35
1376806296,16,35
1376806333,16,35
1376806664,15,36
1376806688,15,36
1376806755,15,36
1376806886,17,34
1376807023,17,34
1376807045,18,33
1376807384,18,33
1376807398,18,33
1376807738,18,33
1376807752,18,33
1376808043,18,33
1376808093,18,33
1376808107,18,33
1376808398,18,33
1376808461,18,33
1376808753,18,33
1376808816,18,33
1376809121,18,33
1376809172,18,33
1376809481,19,32
1376809526,20,31
1376809603,20,31
1376809654,20,31
1376809696,20,31
1376809757,20,31
1376809843,21,30
1376809885,21,30
1376810196,21,30
1376810235,21,30
1376810324,20,31
1376810333,21,30
1376810440,21,30
1376810451,22,29
1376810564,22,29
1376810589,22,29
1376810924,22,29
1376810943,22,29
1376811283,22,29
1376811298,22,29
1376811638,22,29
1376811652,22,29
1376811944,22,29
1376811993,22,29
1376812007,22,29
1376812298,22,29
1376812361,22,29
1376812480,23,28
1376812657,22,29
1376812716,21,30
1376812884,20,31
1376812954,20,31
1376813024,21,30
1376813071,21,30
1376813384,21,30
1376813442,20,31
1376813486,22,29
1376813513,20,31
1376813740,20,31
1376813778,20,31
1376814094,20,31
1376814133,20,31
1376814177,19,32
1376814465,19,32
1376814521,17,34
1376814572,15,36
1376814629,15,36
1376814702,15,36
1376814762,16,35
1376814822,18,33
1376814879,18,33
1376814905,18,33
1376815179,18,33
1376815194,18,33
1376815302,17,33
1376815305,16,34
1376815540,15,34
1376815558,15,34
1376815901,15,34
1376815912,15,34
1376816264,15,34
1376816265,15,34
1376816565,15,34
1376816608,15,35
1376816918,15,35
1376816962,15,35
1376817053,14,36
1376817272,12,38
1376817317,12,38
1376817644,13,37
1376817701,13,37
1376817734,14,36
1376817809,13,37
1376818003,13,37
1376818024,13,37
1376818359,13,37
1376818378,13,37
1376818712,13,37
1376818731,13,37
1376819084,13,37
1376819085,13,37
1376819239,13,37
1376819289,14,36
1376819430,15,35
1376819793,15,35
1376820103,15,35
1376820147,15,35
1376820238,14,36
1376820457,14,36
1376820501,14,36
1376820810,14,36
1376820875,13,37
1376821184,13,37
1376821224,12,38
1376821542,12,38
1376821562,12,38
1376821896,12,38
1376821915,12,38
1376822269,12,38
1376822378,12,38
1376822414,13,37
1376822489,13,37
1376822541,13,37
1376822622,13,37
1376822977,13,37
1376823016,11,39
1376823221,11,39
1376823257,13,37
1376823324,13,38
1376823929,13,39
1376824030,14,38
1376824424,14,38
1376824427,13,39
1376824635,13,39
1376824674,14,38
1376824838,13,39
1376825443,13,39
1376825504,13,39
1376825506,14,38
1376826111,14,38
1376826239,13,39
1376826345,14,38
1376826395,15,37
1376826413,15,37
1376826492,15,37
1376826568,15,37
1376826596,16,36
1376826696,17,35
1376827299,17,35
1376827688,19,33
1376827822,20,32
1376828368,18,34
1376828499,18,34
1376828554,18,34
1376828668,17,35
1376829037,16,36
1376829143,14,38
1376829336,15,37
1376829932,13,39
1376830057,12,40
1376830117,12,40
1376830129,13,39
1376830380,14,38
1376830691,13,39
1376831228,12,40
1376831832,12,40
1376832139,11,41
1376832254,9,43
1376832570,11,41
