1376208285,24,1
1376208889,24,1
1376209493,24,1
1376209768,22,3
1376210373,22,3
1376210421,23,2
1376210742,22,3
1376211029,21,4
1376211061,20,5
1376211665,20,5
1376211854,19,6
1376211929,17,8
1376212238,17,8
1376212302,19,6
1376212399,19,6
1376212454,18,7
1376213058,18,7
1376213131,17,8
1376213191,18,7
1376213592,17,8
1376213838,18,7
1376214443,18,7
1376215017,16,9
1376215621,16,9
1376215837,15,10
1376216018,16,9
1376216267,15,10
1376216376,17,8
1376216979,13,11
1376217006,13,12
1376217074,13,12
1376217122,14,11
1376217756,14,11
1376217822,16,9
1376217879,16,9
1376217923,18,7
1376218478,13,12
1376218567,13,12
1376218663,13,12
1376218671,15,10
1376218836,14,11
1376219240,12,13
1376219441,14,11
1376219503,14,11
1376219518,15,10
1376219883,16,9
1376219977,16,9
1376220162,17,8
1376220172,18,7
1376220775,18,7
1376220882,18,7
1376220938,18,7
1376220954,20,5
1376221531,19,6
1376221603,18,7
1376221720,14,11
1376221739,13,12
1376221817,11,14
1376222421,11,14
1376222497,8,17
1376222707,6,19
1376222899,4,21
1376223016,3,22
1376223159,2,23
1376223309,1,24
1376223762,1,24
1376223822,1,24
1376223849,0,25
1376223937,0,25
1376223976,0,25
1376224062,1,24
1376224064,2,23
1376224333,3,22
1376224410,4,21
1376224603,0,25
1376224717,0,25
1376224830,0,25
1376224857,0,25
1376225461,0,25
1376226064,0,25
1376226519,2,23
1376226639,5,20
1376226702,7,18
1376226763,6,19
1376226811,8,17
1376226868,8,17
1376226889,9,16
1376226959,8,17
1376227050,9,16
1376227237,9,16
1376227257,9,16
1376227333,7,18
1376227396,6,19
1376227593,6,19
1376227782,6,19
1376227802,5,20
1376227871,5,20
1376227938,6,19
1376228018,6,19
1376228060,7,18
1376228142,9,16
1376228183,10,15
1376228322,9,16
1376228350,8,17
1376228681,6,19
1376228909,5,20
1376229328,5,20
1376229402,5,20
1376229460,6,19
1376229522,5,20
1376229548,4,21
1376229734,3,22
1376229822,3,22
1376229882,4,21
1376230045,6,19
1376230176,7,18
1376230234,5,20
1376230290,5,20
1376230389,4,21
1376230459,5,20
1376230805,6,19
1376230979,5,20
1376231200,4,21
1376231208,5,20
1376231322,3,22
1376231335,2,23
1376231824,0,25
1376232065,0,25
1376232263,0,25
1376232599,0,25
1376232757,1,24
1376232790,0,25
1376232836,0,25
1376232900,1,24
1376233099,0,25
1376233703,0,25
1376234125,0,25
1376234188,0,25
1376234231,0,25
1376234834,0,25
1376235161,1,24
1376235218,0,24
1376235266,0,25
1376235339,0,25
1376235390,0,25
1376235447,1,24
1376235582,1,24
1376235630,0,25
1376235655,1,24
1376235719,1,24
1376235835,1,24
1376235902,1,24
1376235955,2,23
1376236061,0,25
1376236121,0,25
1376236178,0,25
1376236361,1,24
1376236380,0,25
1376236441,0,25
1376236597,0,25
1376236611,0,25
1376236809,0,25
1376237354,0,25
1376237416,0,25
1376237479,0,25
1376237508,1,24
1376237738,2,23
1376237797,3,22
1376238001,2,23
1376238123,3,22
1376238320,4,21
1376238437,4,21
1376239039,5,20
1376239360,5,20
1376239370,6,19
1376239521,7,18
1376239726,6,19
1376239932,5,20
1376239998,5,20
1376240064,5,20
1376240119,4,21
1376240179,5,20
1376240315,7,18
1376240394,5,20
1376240726,6,19
1376240834,10,15
1376241143,9,16
1376241417,8,17
1376241504,8,17
1376241561,9,16
1376242049,10,15
1376242121,9,16
1376242181,12,13
1376242217,13,12
1376242300,13,12
1376242358,12,13
1376242406,12,13
1376242432,11,14
1376242576,10,15
1376243138,10,15
1376243174,11,14
1376243242,12,13
1376243699,11,14
1376244144,12,13
1376244569,11,14
1376244925,10,15
1376244981,7,18
1376245058,9,16
1376245181,8,17
1376245209,8,17
1376245277,8,17
1376245322,8,17
1376245537,9,16
1376245959,7,18
1376245997,7,18
1376246236,8,17
1376246317,6,19
1376246449,5,20
1376246621,6,19
1376246798,6,19
1376246850,6,19
1376247100,4,21
1376247365,3,22
1376247970,3,22
1376248041,2,23
1376248101,2,23
1376248168,2,23
1376248219,2,23
1376248293,2,23
1376248332,2,23
1376248596,3,22
1376248654,4,21
1376249258,4,21
1376249357,4,21
1376249400,5,20
1376249472,4,21
1376249534,4,21
1376249590,5,20
1376249669,6,19
1376250144,6,19
1376250200,7,18
1376250683,5,20
1376250814,4,21
1376250837,4,21
1376250942,4,21
1376250948,4,21
1376251113,4,21
1376251182,5,20
1376251241,6,19
1376251328,6,19
1376251426,6,19
1376251499,6,19
1376251574,6,19
1376251649,8,17
1376251780,8,17
1376251825,10,15
1376252062,9,16
1376252156,10,15
1376252761,10,15
1376253080,7,18
1376253311,8,17
1376253822,8,17
1376253831,9,16
1376254000,10,15
1376254045,10,15
1376254180,8,17
1376254191,7,18
1376254794,7,18
1376254946,8,17
1376254994,9,16
1376255057,8,17
1376255095,8,17
1376255240,9,16
1376255614,10,15
1376256218,10,15
1376256822,10,15
1376257082,12,13
1376257686,12,13
1376258289,12,13
1376258418,12,13
1376258493,14,11
1376259097,14,11
1376259700,14,11
1376260304,14,11
1376260908,14,11
1376261512,14,11
1376262116,14,11
1376262719,14,11
1376263323,14,11
1376263961,12,13
1376264565,12,13
1376265169,12,13
1376265772,12,13
1376266376,12,13
1376266980,12,13
1376267584,12,13
1376267955,11,14
1376268559,11,14
1376268780,11,14
1376268858,12,13
1376268926,13,12
1376269530,13,12
1376270133,13,12
1376270526,13,12
1376271129,13,12
1376271733,13,12
1376272337,13,12
1376272940,13,12
1376273544,13,12
1376274148,13,12
1376274752,13,12
1376275355,13,12
1376275959,13,12
1376276563,13,12
1376277167,13,12
1376277770,13,12
1376278374,13,12
1376278561,12,13
1376279165,12,13
1376279769,12,13
1376280373,12,13
1376280977,12,13
1376281581,12,13
1376282185,12,13
1376282788,12,13
1376283392,12,13
1376283996,12,13
1376284600,12,13
1376285203,12,13
1376285807,12,13
1376286411,12,13
1376287015,12,13
1376287618,12,13
1376288222,12,13
1376288826,12,13
1376289393,13,12
1376289568,14,11
1376290172,14,11
1376290442,15,10
1376290660,14,11
1376290663,13,12
1376290829,14,11
1376291097,15,10
1376291238,16,9
1376291516,17,8
1376291720,15,10
1376292153,14,11
1376292757,14,11
1376293361,14,11
1376293965,14,11
1376294569,14,11
1376295173,14,11
1376295252,15,10
1376295856,15,10
1376296011,14,11
1376296106,15,10
1376296174,15,10
1376296236,15,10
1376296254,16,9
1376296315,17,8
1376296412,18,7
1376296943,19,6
1376297433,19,6
1376297461,20,5
1376297773,19,6
1376297982,19,6
1376298029,21,4
1376298048,22,3
1376298652,22,3
1376299255,22,3
1376299859,22,3
1376300463,22,3
1376300698,21,4
1376301302,21,4
1376301565,22,3
1376301643,23,2
1376301698,22,3
1376301715,21,4
1376302153,21,4
1376302205,22,3
1376302808,22,3
1376303412,22,3
1376303749,21,4
1376304353,21,4
1376304664,20,5
1376304771,21,4
1376305375,21,4
1376305653,19,6
1376306258,19,6
1376306861,19,6
1376307051,18,7
1376307655,18,7
1376308187,17,8
1376308729,16,9
1376308988,15,10
1376309067,14,11
1376309154,15,10
1376309261,13,11
1376309275,13,12
1376309902,14,11
1376310506,14,11
1376311110,14,11
1376311346,12,13
1376311460,11,14
1376311644,12,13
1376312248,12,13
1376312852,12,13
1376313101,13,12
1376313159,12,13
1376313221,12,13
1376313271,13,12
1376313381,14,11
1376313813,14,11
1376313853,15,10
1376314095,16,9
1376314293,15,10
1376314400,15,10
1376314432,15,10
1376314624,14,11
1376315022,12,12
1376315036,11,14
1376315553,10,15
1376316157,10,15
1376316760,10,15
1376316862,9,16
1376316942,9,16
1376316991,8,17
1376317175,10,15
1376317220,12,13
1376317270,13,12
1376317671,13,12
1376317960,11,14
1376317997,12,13
1376318159,10,15
1376318578,9,16
1376318840,8,17
1376319221,8,17
1376319270,6,19
1376319874,6,19
1376320478,6,19
1376320774,5,20
1376320818,2,23
1376321114,3,22
1376321460,4,21
1376321558,5,20
1376321703,3,22
1376321831,4,21
1376322435,4,21
1376322903,3,22
1376323121,3,22
1376323173,5,20
1376323298,6,19
1376323533,7,18
1376323663,7,18
1376323719,7,18
1376323726,8,17
1376323820,9,16
1376324424,9,16
1376324496,9,16
1376324536,9,16
1376324607,8,17
1376324727,9,16
1376324780,6,19
1376324854,6,19
1376324900,7,18
1376324962,8,17
1376325027,8,17
1376325160,9,16
1376325194,8,17
1376325398,8,17
1376325406,9,16
1376325680,8,17
1376326013,9,16
1376326102,8,17
1376326258,9,16
1376326462,8,17
1376326565,7,18
1376326698,7,18
1376326730,8,17
1376326967,8,17
1376327054,8,17
1376327136,10,15
1376327195,11,14
1376327227,12,13
1376327405,11,14
1376327461,11,14
1376327531,11,14
1376327573,12,13
1376328177,12,13
1376328694,11,14
1376329061,11,14
1376329102,12,13
1376329166,14,11
1376329491,13,12
1376329730,12,13
1376330037,11,14
1376330601,12,13
1376331205,12,13
1376331324,13,12
1376331499,12,13
1376331761,11,14
1376331782,9,16
1376332386,9,16
1376332526,8,17
1376332781,7,17
1376332821,7,18
1376333116,5,20
1376333315,6,19
1376333919,6,19
1376334317,5,20
1376334921,5,20
1376334985,4,21
1376335589,4,21
1376335891,1,24
1376335957,1,24
1376336002,1,24
1376336142,0,25
1376336367,1,24
1376336428,2,23
1376336551,2,23
1376336578,3,22
1376336812,2,23
1376337121,1,24
1376337561,2,23
1376337709,1,24
1376338313,1,24
1376338646,2,23
1376339224,3,22
1376339829,3,22
1376340292,4,21
1376340441,3,22
1376340604,4,21
1376340750,4,21
1376340802,4,21
1376340826,5,20
1376341265,6,19
1376341902,5,20
1376341957,4,21
1376341970,3,22
1376342573,3,22
1376342778,3,22
1376343293,2,23
1376343896,2,23
1376344500,2,23
1376344574,2,23
1376344702,1,23
1376344780,2,23
1376344841,1,24
1376344893,1,24
1376344939,2,23
1376345543,2,23
1376346146,2,23
1376346459,2,23
1376346467,3,22
1376346759,2,23
1376347045,3,22
1376347481,3,22
1376347595,3,22
1376347655,3,22
1376347703,3,22
1376347728,4,21
1376347902,4,21
1376347942,6,19
1376348546,6,19
1376348781,5,20
1376349385,5,20
1376349989,5,20
1376350593,5,20
1376351197,5,20
1376351800,5,20
1376352183,4,21
1376352787,4,21
1376353390,4,21
1376353994,4,21
1376354438,4,21
1376354494,4,21
1376355098,4,21
1376355702,4,21
1376356306,4,21
1376356927,4,21
1376357530,4,21
1376358134,4,21
1376358738,4,21
1376359342,4,21
1376359945,4,21
1376360549,4,21
1376361153,4,21
1376361757,4,21
1376362361,4,21
1376362964,4,21
1376363568,4,21
1376364172,4,21
1376364776,4,21
1376364859,3,22
1376365463,3,22
1376365601,3,22
1376365622,2,23
1376366225,2,23
1376366829,2,23
1376367433,2,23
1376368037,2,23
1376368641,2,23
1376369245,2,23
1376369849,2,23
1376370221,2,23
1376370229,3,22
1376370833,3,22
1376371436,3,22
1376372040,3,22
1376372644,3,22
1376373037,2,23
1376373641,2,23
1376374245,2,23
1376374569,3,22
1376374662,5,20
1376374711,6,19
1376374754,7,18
1376374902,9,16
1376374920,10,15
1376375524,10,15
1376376128,10,15
1376376278,10,15
1376376303,10,15
1376376375,10,15
1376376492,10,15
1376376529,11,14
1376377133,11,14
1376377534,12,13
1376377816,11,14
1376377896,10,15
1376378377,10,15
1376378442,11,14
1376378915,12,13
1376379520,12,13
1376380123,12,13
1376380494,11,14
1376380839,12,13
1376380902,14,11
1376381507,14,11
1376382111,14,11
1376382714,14,11
1376383322,14,11
1376383925,14,11
1376384169,14,11
1376384252,16,9
1376384604,15,10
1376385208,15,10
1376385446,14,11
1376385598,16,9
1376386122,17,8
1376386130,18,7
1376386599,15,10
1376386654,15,10
1376386670,15,10
1376387149,14,11
1376387254,13,12
1376387736,13,12
1376388340,13,12
1376388944,13,12
1376389547,13,12
1376389763,12,13
1376390281,11,14
1376390364,10,15
1376390403,9,16
1376391007,9,16
1376391071,8,17
1376391674,8,17
1376391859,8,17
1376391937,6,19
1376391982,6,19
1376392060,6,19
1376392115,7,18
1376392143,8,17
1376392619,9,16
1376392801,10,15
1376393406,10,15
1376393468,9,16
1376393965,8,17
1376394297,8,16
1376394633,9,15
1376394703,9,15
1376395239,11,13
1376395303,12,12
1376395720,12,12
1376395854,13,11
1376396022,13,11
1376396079,12,12
1376396454,11,13
1376396574,12,12
1376396729,11,13
1376397102,11,13
1376397129,13,11
1376397382,12,12
1376397877,11,13
1376398242,10,14
1376398257,9,15
1376398570,8,16
1376398914,9,15
1376399030,8,16
1376399117,7,17
1376399722,7,17
1376399830,6,18
1376400201,4,20
1376400507,5,19
1376400578,8,16
1376400594,9,15
1376400748,11,13
1376401352,11,13
1376401542,10,14
1376402201,9,14
1376402214,9,15
1376402316,10,14
1376402919,10,14
1376403211,9,15
1376403267,9,15
1376403300,9,15
1376403379,8,16
1376403861,7,17
1376404042,8,16
1376404213,9,15
1376404359,9,15
1376404363,10,14
1376404646,8,16
1376404721,8,16
1376404823,8,16
1376404890,9,15
1376404949,11,13
1376405064,10,14
1376405302,9,15
1376405379,9,15
1376405435,9,15
1376405620,9,15
1376405680,9,15
1376406095,8,16
1376406160,7,17
1376406242,6,18
1376406316,5,19
1376406703,5,19
1376406713,3,21
1376407317,3,21
1376407519,4,20
1376407584,3,21
1376407681,2,22
1376407991,1,23
1376408082,2,22
1376408110,2,22
1376408322,2,22
1376408348,4,20
1376408397,3,21
1376409007,3,21
1376409271,4,20
1376409323,4,20
1376409346,5,19
1376409543,4,20
1376410026,5,19
1376410492,4,20
1376410628,3,21
1376410717,6,18
1376410945,4,20
1376411024,4,20
1376411080,5,19
1376411143,4,20
1376411194,4,20
1376411584,5,19
1376411681,5,19
1376411684,6,18
1376411884,7,17
1376412081,7,17
1376412205,8,16
1376412303,7,17
1376412798,7,17
1376412840,8,16
1376413127,7,17
1376413284,7,17
1376413341,8,16
1376413388,9,15
1376413992,9,15
1376414271,8,16
1376414875,8,16
1376415021,6,18
1376415098,6,18
1376415141,7,17
1376415582,8,16
1376415591,9,15
1376415757,7,17
1376415995,6,18
1376416206,5,19
1376416285,4,20
1376416335,3,21
1376416577,2,22
1376416744,1,23
1376416839,0,24
1376417141,0,24
1376417622,0,24
1376417680,1,23
1376417683,0,24
1376418287,0,24
1376418878,0,24
1376418887,1,23
1376419173,1,23
1376419198,2,22
1376419274,3,21
1376419412,2,22
1376419527,3,21
1376419560,2,22
1376419686,3,21
1376420013,2,22
1376420383,2,22
1376420390,3,21
1376420994,3,21
1376421517,2,22
1376422121,1,23
1376422276,0,24
1376422880,0,24
1376423262,0,24
1376423298,0,24
1376423356,1,23
1376423435,0,24
1376423475,1,23
1376423622,1,23
1376423625,2,22
1376423998,0,24
1376424057,1,23
1376424661,1,23
1376424759,1,23
1376424808,3,21
1376424893,2,22
1376425439,3,21
1376425678,2,22
1376425901,2,22
1376425904,1,23
1376426507,1,23
1376427111,1,23
1376427715,1,23
1376428319,1,23
1376428511,0,24
1376429115,0,24
1376429719,0,24
1376430323,0,24
1376430761,1,23
1376431364,1,23
1376431968,1,23
1376432572,1,23
1376433175,1,23
1376433462,0,24
1376433576,1,23
1376433591,0,24
1376433679,0,24
1376433758,1,23
1376433861,1,23
1376433904,2,22
1376433986,3,21
1376434590,3,21
1376435194,3,21
1376435798,3,21
1376436401,3,21
1376437005,3,21
1376437609,3,21
1376438213,3,21
1376438816,3,21
1376439420,3,21
1376440024,3,21
1376440628,3,21
1376441232,3,21
1376441835,3,21
1376442439,3,21
1376443043,3,21
1376443341,3,21
1376443945,3,21
1376444549,3,21
1376445152,3,21
1376445756,3,21
1376446360,3,21
1376446964,3,21
1376447567,3,21
1376448171,3,21
1376448775,3,21
1376449379,3,21
1376449982,3,21
1376450586,3,21
1376451154,2,22
1376451757,2,22
1376452361,2,22
1376452965,2,22
1376453568,2,22
1376454172,2,22
1376454776,2,22
1376455381,2,22
1376455842,2,22
1376455859,1,23
1376456455,2,22
1376457059,2,22
1376457662,2,22
1376458266,2,22
1376458870,2,22
1376459474,2,22
1376460078,2,22
1376460333,2,22
1376460568,4,22
1376460682,5,22
1376460896,4,23
1376460965,5,23
1376461574,5,23
1376461654,7,21
1376462258,7,21
1376462843,8,20
1376463185,10,18
1376463788,10,18
1376463925,9,19
1376463993,8,20
1376464007,8,20
1376464446,7,21
1376464494,6,22
1376464642,7,21
1376465246,7,21
1376465757,8,20
1376466161,9,19
1376466765,9,19
1376467369,9,19
1376468014,8,20
1376468618,8,20
1376469222,8,20
1376469616,7,21
1376469780,6,22
1376470385,6,22
1376470988,6,22
1376471539,6,22
1376472143,6,22
1376472359,7,21
1376472963,7,21
1376473567,7,21
1376474171,7,21
1376474774,7,21
1376474916,6,22
1376475040,5,23
1376475655,4,24
1376476260,4,24
1376476444,2,26
1376476533,2,26
1376476577,2,26
1376476632,2,26
1376476699,2,26
1376476730,3,25
1376477017,4,24
1376477156,4,24
1376477316,4,24
1376477379,4,24
1376477438,4,24
1376477499,5,23
1376477548,4,24
1376477593,4,24
1376477696,4,24
1376477773,5,23
1376477829,6,22
1376478186,5,23
1376478607,4,24
1376479212,4,24
1376479352,3,25
1376479368,3,25
1376479470,3,24
1376479537,3,25
1376479594,3,24
1376479654,4,23
1376479776,5,22
1376480116,4,23
1376480382,4,23
1376480391,5,22
1376480922,5,21
1376480925,6,21
1376481282,5,22
1376481304,2,25
1376481355,1,26
1376481732,2,25
1376482285,1,26
1376482865,0,27
1376483187,1,26
1376483374,0,27
1376483978,0,28
1376484344,0,28
1376484936,1,27
1376485224,0,28
1376485828,0,28
1376486368,1,27
1376486972,1,27
1376487575,1,27
1376487669,0,28
1376488297,0,28
1376488308,0,28
1376488536,0,28
1376488557,0,28
1376489161,0,28
1376489764,0,28
1376490041,1,27
1376490097,2,26
1376490159,4,24
1376490222,5,23
1376490280,7,21
1376490312,9,19
1376490390,11,17
1376490653,10,18
1376490894,8,20
1376491435,7,21
1376491500,8,20
1376492104,8,20
1376492263,8,20
1376492384,8,20
1376492436,7,21
1376492555,6,22
1376492587,6,22
1376492673,6,22
1376492709,6,22
1376492761,6,22
1376492825,7,21
1376493429,7,21
1376493853,6,22
1376493940,5,23
1376494302,6,22
1376494358,6,22
1376494364,7,21
1376494573,7,21
1376494705,6,22
1376494903,6,22
1376494905,7,21
1376495510,7,21
1376495623,7,21
1376495631,8,20
1376495862,8,20
1376495870,9,19
1376496299,8,20
1376496390,7,21
1376496643,8,20
1376496763,7,21
1376497361,7,21
1376497383,5,23
1376497497,4,24
1376497576,3,25
1376497757,2,26
1376498081,3,25
1376498371,5,23
1376498606,4,24
1376498730,6,22
1376499335,6,22
1376499353,7,21
1376499528,6,22
1376499701,5,23
1376499961,2,26
1376500091,1,27
1376500284,0,28
1376500340,1,27
1376500396,1,27
1376500481,1,27
1376500538,1,27
1376500602,1,27
1376500630,2,26
1376500718,1,27
1376500781,1,27
1376500840,3,25
1376500871,3,25
1376500962,3,25
1376501022,4,24
1376501056,4,24
1376501131,4,24
1376501178,6,22
1376501238,6,22
1376501293,7,21
1376501360,8,19
1376501424,8,19
1376501499,9,18
1376501504,10,18
1376501614,8,20
1376502218,8,20
1376502493,10,18
1376502694,10,18
1376502746,11,17
1376502791,12,16
1376503421,11,17
1376503470,12,16
1376503607,11,17
1376504381,11,17
1376504557,5,22
1376504623,5,23
1376504626,5,23
1376505230,5,23
1376505393,6,22
1376505442,5,23
1376505511,5,23
1376505762,5,23
1376505815,6,22
1376505844,6,22
1376505889,5,23
1376506046,6,22
1376506088,5,23
1376506181,5,23
1376506217,5,23
1376506247,6,22
1376506339,6,22
1376506418,6,22
1376506541,2,26
1376507137,2,26
1376507171,5,23
1376507322,4,24
1376507367,1,27
1376507972,1,27
1376508137,2,26
1376508521,2,26
1376508527,1,27
1376508806,2,26
1376509411,2,26
1376509599,3,25
1376510007,3,25
1376510044,4,24
1376510125,4,24
1376510191,5,23
1376510255,7,21
1376510303,7,21
1376510344,8,20
1376510471,8,20
1376511075,8,20
1376511309,7,21
1376511913,7,21
1376512040,5,23
1376512644,5,23
1376513082,4,24
1376513085,3,25
1376513742,2,26
1376513798,2,26
1376513819,2,26
1376513876,3,25
1376514281,3,25
1376514312,5,23
1376514941,5,23
1376514948,7,21
1376515119,7,21
1376515162,8,20
1376515214,9,19
1376515288,10,18
1376515601,10,18
1376515604,9,19
1376515732,8,20
1376515797,9,19
1376516400,9,19
1376516479,11,17
1376517083,11,17
1376517150,9,19
1376517578,9,19
1376517623,11,17
1376518227,11,17
1376518309,11,17
1376518912,11,17
1376519263,12,16
1376519278,13,15
1376519624,13,15
1376519633,14,14
1376519782,13,15
1376520385,13,15
1376520990,17,11
1376521337,17,11
1376521417,19,9
1376522021,19,9
1376522625,19,9
1376523229,19,9
1376523832,19,9
1376523948,18,10
1376524551,18,10
1376524689,18,10
1376524745,18,10
1376524823,19,9
1376524859,20,8
1376525464,20,8
1376526068,20,8
1376526671,20,8
1376527275,20,8
1376527879,20,8
1376528483,20,8
1376529086,20,8
1376529729,20,8
1376530333,20,8
1376530835,17,11
1376530867,17,11
1376531017,18,10
1376531081,19,9
1376531119,20,8
1376531723,20,8
1376532249,21,7
1376532853,21,7
1376533456,21,7
1376534060,21,7
1376534664,21,7
1376535268,21,7
1376535758,22,6
1376536361,22,6
1376536965,22,6
1376537568,22,6
1376538172,22,6
1376538732,21,7
1376539336,21,7
1376539434,22,6
1376540038,22,6
1376540642,22,6
1376541246,22,6
1376541818,23,5
1376541856,22,6
1376542460,22,6
1376543064,22,6
1376543667,22,6
1376544271,22,6
1376544875,22,6
1376545479,22,6
1376545600,22,6
1376545607,23,5
1376546250,24,4
1376546305,23,5
1376546360,23,4
1376546393,24,3
1376546727,22,5
1376547331,22,6
1376547935,22,6
1376548538,22,6
1376549142,22,6
1376549560,22,6
1376549571,23,5
1376550174,23,5
1376550778,23,5
1376550996,24,4
1376551599,24,4
1376552203,24,4
1376552807,24,4
1376553035,23,5
1376553639,23,5
1376554243,23,5
1376554847,23,5
1376555451,23,5
1376556054,23,5
1376556658,23,5
1376557262,23,5
1376557564,21,7
1376558168,21,7
1376558772,21,7
1376559263,18,10
1376559867,18,10
1376560098,17,11
1376560174,17,11
1376560224,18,10
1376560458,16,12
1376560805,15,13
1376561196,14,14
1376561261,13,15
1376561860,13,15
1376561904,13,15
1376561974,14,14
1376562039,14,14
1376562096,15,13
1376562158,14,14
1376562187,15,13
1376562442,16,12
1376562639,17,11
1376562750,16,12
1376563120,16,12
1376563169,10,18
1376563252,9,19
1376563327,10,18
1376563402,10,18
1376563474,11,17
1376564078,11,17
1376564374,9,19
1376564758,8,20
1376565319,9,19
1376565755,11,17
1376565813,10,18
1376565907,9,19
1376566054,9,19
1376566097,10,18
1376566461,9,19
1376566535,10,18
1376566593,9,19
1376566921,10,18
1376567245,8,20
1376567321,9,19
1376567382,10,18
1376567384,11,17
1376567562,11,17
1376567609,12,16
1376567893,11,17
1376568496,11,17
1376568697,10,18
1376568868,8,20
1376568940,5,23
1376568971,5,23
1376569051,5,23
1376569074,3,25
1376569169,2,26
1376569228,2,26
1376569280,2,26
1376569324,3,25
1376569560,2,26
1376569692,3,25
1376569944,3,25
1376570020,4,24
1376570066,5,23
1376570167,3,25
1376570376,3,25
1376570424,6,22
1376570489,5,23
1376570559,3,25
1376570605,1,27
1376570663,0,28
1376570732,1,27
1376570805,1,27
1376570899,0,28
1376570962,0,28
1376571040,0,28
1376571076,0,28
1376571220,2,26
1376571281,2,26
1376571337,3,25
1376571366,4,24
1376571507,2,26
1376571550,2,26
1376571984,2,26
1376572022,3,25
1376572169,4,24
1376572583,2,26
1376572834,4,24
1376573039,3,25
1376573312,2,26
1376573452,1,27
1376573656,0,28
1376573728,0,28
1376573791,1,27
1376573885,0,28
1376573974,0,28
1376573996,0,28
1376574063,1,27
1376574149,0,28
1376574219,1,27
1376574225,0,28
1376574324,0,28
1376574355,1,27
1376574447,1,27
1376574521,2,26
1376574529,1,27
1376574640,1,27
1376574647,0,28
1376574805,0,28
1376575060,0,28
1376575063,0,28
1376575165,0,28
1376575655,1,27
1376575673,0,28
1376576277,0,28
1376576536,0,28
1376576622,0,28
1376576627,0,28
1376576800,0,28
1376576912,0,28
1376577264,1,27
1376577497,1,27
1376577529,1,27
1376578027,1,27
1376578158,1,27
1376578221,1,27
1376578283,3,25
1376578351,2,26
1376578402,1,27
1376578481,2,26
1376578509,0,28
1376578596,0,28
1376578618,0,28
1376578675,0,28
1376578740,0,28
1376578819,0,28
1376579357,0,28
1376579441,0,28
1376579476,2,26
1376579551,2,26
1376579604,4,24
1376579654,4,24
1376579734,4,24
1376579795,4,24
1376579854,3,25
1376579899,3,25
1376579943,4,24
1376580161,4,24
1376580168,5,23
1376580268,3,25
1376580311,4,24
1376580343,4,24
1376580431,4,24
1376580518,5,23
1376580565,6,22
1376580625,4,24
1376581013,3,25
1376581179,5,23
1376581224,4,24
1376581288,4,24
1376581346,4,24
1376581408,4,24
1376581479,3,25
1376581501,4,24
1376581587,4,24
1376581662,4,24
1376581689,5,23
1376581746,3,25
1376581927,2,26
1376582531,2,26
1376582776,3,25
1376583379,3,25
1376583642,1,27
1376583699,0,28
1376584301,0,28
1376584361,1,27
1376584363,1,27
1376584433,2,26
1376584510,2,26
1376584590,3,25
1376584647,3,25
1376584683,3,25
1376584782,3,25
1376584829,3,25
1376584878,5,23
1376584956,5,22
1376585011,5,22
1376585072,5,22
1376585108,5,23
1376585176,6,22
1376585501,6,22
1376585504,7,21
1376586082,7,21
1376586137,8,20
1376586175,9,19
1376586779,9,19
1376586869,10,18
1376587001,10,18
1376587030,8,20
1376587634,8,20
1376587898,7,21
1376587958,7,21
1376588094,8,20
1376588214,7,21
1376588472,8,20
1376588558,9,19
1376588566,10,18
1376588765,9,19
1376589042,8,20
1376589151,7,21
1376589205,8,20
1376589313,7,21
1376589375,5,23
1376589430,5,23
1376589581,3,25
1376589640,3,25
1376589701,4,24
1376589743,5,23
1376589811,6,22
1376589933,5,23
1376590034,5,23
1376590079,5,23
1376590147,7,21
1376590218,7,21
1376590361,8,20
1376590419,9,19
1376590447,9,19
1376590542,9,19
1376590594,9,19
1376590648,9,19
1376590675,10,17
1376590835,10,17
1376590859,10,16
1376590914,11,15
1376591022,11,15
1376591024,10,16
1376591094,9,17
1376591321,9,17
1376591341,5,21
1376591392,4,22
1376591571,3,23
1376591696,4,22
1376592071,3,23
1376592384,4,22
1376592697,2,24
1376592819,3,23
1376592901,3,23
1376592990,3,23
1376593031,3,23
1376593120,4,22
1376593165,4,22
1376593206,6,20
1376593361,6,20
1376593387,8,18
1376593595,7,19
1376593607,6,20
1376593752,7,19
1376593835,5,21
1376593960,5,21
1376594013,6,20
1376594038,7,19
1376594534,6,20
1376594732,5,21
1376595337,5,23
1376595940,5,23
1376596301,5,23
1376596355,7,21
1376596419,7,21
1376596472,9,19
1376596542,9,19
1376596587,11,17
1376596843,11,17
1376596884,12,16
1376596956,13,15
1376597017,12,16
1376597141,13,15
1376597745,13,15
1376598349,13,15
1376598674,14,14
1376599155,12,16
1376599272,13,15
1376599332,13,15
1376599420,13,15
1376599479,14,14
1376599528,16,12
1376599842,17,11
1376599899,16,12
1376599934,17,11
1376600076,17,11
1376600140,17,11
1376600197,18,10
1376600232,19,9
1376600302,19,9
1376600906,19,9
1376601383,19,9
1376601437,20,8
1376601466,21,7
1376602070,21,7
1376602522,23,5
1376603126,23,5
1376603682,23,5
1376603685,22,6
1376604289,22,6
1376604505,21,7
1376604618,21,7
1376604703,22,6
1376605312,22,6
1376605637,20,8
1376605688,20,8
1376605764,20,8
1376605834,19,9
1376605893,20,8
1376605923,21,7
1376606527,21,7
1376606943,22,6
1376607385,23,5
1376607887,22,6
1376608080,23,5
1376608684,23,5
1376609288,23,5
1376609892,23,5
1376610496,23,5
1376610881,23,5
1376610942,23,4
1376610990,23,4
1376611594,23,5
1376612198,23,5
1376612802,23,5
1376613405,23,5
1376613568,23,5
1376613601,23,5
1376613970,23,5
1376614048,23,5
1376614089,22,6
1376614173,22,6
1376614243,22,6
1376614252,23,5
1376614856,23,5
1376615460,23,5
1376616127,23,5
1376616731,23,5
1376617335,23,5
1376617938,23,5
1376618542,23,5
1376619146,23,5
1376619750,23,5
1376620354,23,5
1376620958,23,5
1376621562,23,5
1376622166,23,5
1376622769,23,5
1376623373,23,5
1376623809,22,6
1376624412,22,6
1376625016,22,6
1376625620,22,6
1376626224,22,6
1376626827,22,6
1376627431,22,6
1376628035,22,6
1376628639,22,6
1376629243,22,6
1376629846,22,6
1376630450,22,6
1376631054,22,6
1376631159,22,5
1376631219,23,4
1376631823,23,5
1376632428,23,5
1376633032,23,5
1376633635,23,5
1376634239,23,5
1376634614,22,6
1376635218,22,6
1376635576,22,6
1376635658,23,5
1376636262,23,5
1376636866,23,5
1376637470,23,5
1376637976,24,4
1376638580,24,4
1376638712,22,6
1376638991,23,5
1376639595,23,5
1376639633,22,6
1376639845,21,7
1376640449,21,7
1376641052,21,7
1376641656,21,7
1376642260,21,7
1376642864,21,7
1376642948,20,8
1376643016,21,7
1376643153,19,9
1376643440,17,11
1376643882,15,13
1376644176,14,14
1376644640,12,16
1376645095,11,17
1376645315,12,16
1376645360,11,17
1376645964,11,17
1376646568,11,17
1376646600,12,16
1376646965,11,17
1376647123,11,17
1376647131,9,19
1376647221,8,20
1376647274,8,20
1376647781,7,21
1376648142,7,21
1376648203,4,24
1376648247,4,24
1376648291,4,24
1376648340,6,22
1376648943,6,22
1376649128,7,21
1376649426,9,19
1376649716,8,20
1376649931,6,22
1376649984,5,23
1376650121,6,22
1376650182,6,22
1376650222,7,21
1376650250,7,21
1376650361,7,21
1376650364,8,20
1376650967,8,20
1376651320,8,20
1376651323,7,21
1376651875,6,22
1376652396,5,23
1376652920,3,25
1376653180,4,24
1376653409,5,23
1376653961,5,23
1376653964,6,22
1376654077,6,22
1376654092,7,21
1376654696,7,21
1376655187,8,20
1376655291,9,19
1376655900,9,19
1376656025,7,21
1376656298,6,22
1376656823,5,23
1376657079,5,23
1376657088,6,22
1376657202,5,23
1376657727,2,26
1376657762,1,27
1376657848,2,26
1376657877,1,27
1376658122,0,28
1376658727,0,28
1376658866,0,28
1376659119,1,27
1376659340,0,28
1376659410,0,28
1376659449,0,28
1376659523,0,28
1376659597,0,28
1376659645,0,28
1376659711,0,28
1376659841,1,27
1376659881,0,28
1376660485,0,28
1376661089,0,28
1376661693,0,28
1376661920,1,27
1376662037,0,28
1376662503,1,27
1376662920,2,26
1376663140,2,26
1376663149,3,25
1376663616,3,25
1376663740,2,26
1376664400,2,26
1376664412,3,25
1376664506,2,26
1376664667,3,25
1376664761,3,25
1376664774,1,27
1376664849,1,27
1376665134,0,28
1376665468,0,28
1376665582,0,28
1376665663,0,28
1376665716,1,27
1376665734,0,28
1376665806,0,28
1376665888,1,27
1376665941,0,28
1376666013,0,28
1376666617,0,28
1376666957,0,28
1376667019,0,28
1376667050,1,27
1376667500,4,24
1376667641,4,24
1376667702,4,24
1376667754,3,25
1376667781,5,23
1376668326,4,24
1376668706,3,25
1376668777,3,25
1376668892,6,22
1376668951,6,22
1376669004,8,20
1376669070,9,19
1376669121,10,18
1376669615,11,17
1376669670,12,16
1376669735,11,17
1376669802,11,17
1376669819,12,16
1376669890,12,16
1376669947,14,14
1376670147,14,14
1376670197,15,13
1376670325,16,12
1376670349,15,13
1376670685,14,14
1376670938,12,16
1376670995,11,17
1376671050,11,17
1376671120,11,17
1376671178,12,16
1376671207,14,14
1376671322,13,15
1376671397,12,16
1376671499,13,15
1376671601,13,15
1376671657,14,14
1376671707,15,13
1376672090,14,14
1376672257,13,15
1376672783,12,16
1376673387,12,16
1376673686,11,17
1376674060,10,18
1376674404,10,18
1376674427,11,17
1376674512,12,16
1376674907,11,17
1376675007,11,17
1376675058,12,16
1376675138,9,19
1376675181,10,18
1376675245,10,17
1376675308,10,17
1376675383,10,17
1376675428,11,16
1376675561,11,16
1376675564,12,15
1376675675,13,14
1376676222,13,14
1376676259,11,16
1376676376,10,17
1376676446,10,17
1376676502,9,18
1376676582,8,19
1376676631,9,18
1376676688,8,19
1376676753,8,19
1376677353,7,20
1376677413,8,19
1376677478,9,18
1376677543,9,18
1376677595,13,14
1376677637,15,12
1376678137,17,10
1376678366,17,10
1376678803,17,10
1376678828,17,9
1376678921,17,9
1376678971,15,11
1376679418,14,12
1376679505,12,14
1376680116,11,17
1376680321,12,16
1376680698,11,17
1376680774,11,17
1376680842,11,17
1376680845,12,16
1376681021,12,16
1376681047,10,18
1376681662,11,17
1376682265,11,17
1376682869,11,17
1376683354,10,18
1376683410,9,19
1376683756,8,20
1376683797,8,20
1376684437,7,21
1376684843,5,23
1376685447,5,23
1376686050,5,23
1376686179,6,22
1376686232,7,21
1376686745,8,20
1376687283,8,20
1376687369,8,20
1376687801,9,19
1376687804,10,18
1376688408,10,18
1376689012,10,18
1376689616,10,18
1376689782,10,18
1376689791,8,20
1376689896,8,20
1376689931,8,20
1376690007,8,20
1376690050,10,18
1376690655,10,18
1376690851,9,19
1376691455,9,19
1376691489,8,20
1376692093,8,20
1376692697,8,20
1376693071,10,18
1376693215,11,17
1376693424,10,18
1376693495,11,17
1376693563,11,17
1376693566,12,16
1376694169,12,16
1376694629,11,17
1376694662,10,18
1376694992,11,17
1376695345,10,18
1376695949,10,18
1376696553,10,18
1376696785,12,16
1376697388,12,16
1376697992,12,16
1376698252,12,16
1376698331,12,16
1376698386,14,14
1376698467,14,14
1376698501,15,13
1376698579,15,13
1376698619,16,12
1376698720,16,12
1376698725,17,11
1376698835,17,11
1376698844,17,11
1376698958,17,10
1376699012,17,10
1376699259,17,10
1376699277,17,10
1376699463,17,10
1376699587,17,10
1376699662,17,10
1376699701,18,9
1376699772,18,9
1376699846,18,9
1376699913,18,9
1376700038,19,8
1376700093,19,8
1376700158,19,8
1376700183,19,8
1376700787,19,9
1376701391,19,9
1376701995,19,9
1376702610,19,9
1376703214,19,9
1376703818,19,9
1376704422,19,9
1376705025,19,9
1376705629,19,9
1376706233,19,9
1376706837,19,9
1376707441,19,9
1376708045,19,9
1376708649,19,9
1376709252,19,9
1376709856,19,9
1376710460,19,9
1376710585,18,10
1376711190,18,10
1376711793,18,10
1376712397,18,10
1376713001,18,10
1376713605,18,10
1376714208,18,10
1376714812,18,10
1376715416,18,10
1376716020,18,10
1376716624,18,10
1376717227,18,10
1376717831,18,10
1376718435,18,10
1376719039,18,10
1376719643,18,10
1376720247,18,10
1376720851,18,10
1376721454,18,10
1376722058,18,10
1376722643,18,10
1376723247,18,10
1376723850,18,10
1376724454,18,10
1376725058,18,10
1376725662,18,10
1376726136,18,10
1376726167,19,9
1376726796,18,10
1376727317,14,14
1376727642,14,14
1376727644,15,13
1376727857,14,14
1376728029,11,17
1376728634,11,17
1376729237,11,17
1376729697,12,16
1376730067,11,17
1376730106,10,18
1376730437,9,19
1376730799,10,18
1376731000,10,18
1376731064,11,17
1376731719,11,17
1376731727,12,16
1376732332,12,16
1376732873,11,17
1376733477,11,17
1376733890,9,19
1376734042,8,20
1376734138,9,19
1376734198,10,18
1376734600,10,18
1376734822,9,19
1376735013,8,20
1376735080,8,20
1376735301,9,19
1376735670,8,20
1376735691,7,21
1376735774,7,21
1376735922,7,21
1376735962,9,19
1376736281,6,22
1376736391,5,23
1376736995,5,23
1376737599,5,23
1376737892,3,25
1376738495,3,25
1376739099,3,25
1376739638,4,24
1376739750,2,26
1376740354,2,26
1376740690,2,26
1376740880,3,25
1376741150,2,26
1376741754,2,26
1376741924,2,26
1376741926,3,25
1376742215,3,25
1376742273,5,23
1376742866,6,22
1376742933,6,22
1376743003,6,22
1376743055,6,22
1376743172,7,21
1376743273,5,23
1376743399,4,24
1376743715,4,24
1376743760,4,24
1376743897,2,25
1376743941,2,26
1376743994,2,26
1376744056,2,26
1376744107,2,26
1376744191,1,27
1376744497,2,26
1376744536,1,27
1376744680,2,26
1376745097,1,27
1376745207,4,24
1376745263,4,24
1376745336,5,23
1376745452,3,25
1376745523,2,26
1376745566,3,25
1376745626,3,25
1376745683,3,25
1376745794,3,25
1376746398,3,25
1376746999,2,26
1376747045,2,26
1376747131,2,26
1376747345,1,27
1376747433,0,28
1376747530,0,28
1376747610,0,28
1376747669,1,27
1376747723,0,28
1376747982,2,26
1376747984,3,25
1376748051,2,26
1376748166,4,24
1376748373,5,23
1376748745,4,24
1376749020,3,25
1376749184,1,27
1376749401,0,28
1376749904,2,26
1376750023,6,22
1376750026,7,21
1376750118,8,20
1376750160,9,19
1376750380,7,21
1376750440,6,22
1376750464,6,22
1376750594,5,23
1376750677,6,22
1376750722,7,21
1376750758,8,20
1376750935,7,21
1376751043,5,23
1376751099,3,25
1376751130,2,26
1376751401,1,27
1376751417,0,28
1376752021,0,28
1376752413,1,27
1376752600,1,26
1376752668,2,25
1376753049,1,26
1376753281,1,26
1376753367,1,26
1376753476,0,27
1376753665,2,26
1376753729,1,27
1376753780,0,28
1376753906,0,28
1376753969,0,28
1376754041,0,28
1376754082,0,28
1376754168,0,28
1376754773,0,28
1376755061,0,28
1376755068,2,26
1376755220,3,25
1376755355,5,23
1376755541,3,25
1376755571,2,26
1376755784,2,26
1376755837,1,27
1376755974,3,25
1376756056,3,25
1376756117,3,25
1376756180,6,22
1376756234,7,21
1376756269,9,19
1376756376,9,19
1376756443,10,18
1376756583,9,19
1376756647,8,20
1376756985,8,20
1376757018,9,19
1376757368,8,20
1376757482,7,21
1376757643,7,21
1376757645,6,22
1376758017,5,23
1376758161,6,22
1376758414,4,24
1376758460,4,24
1376758491,5,23
1376758795,6,22
1376759024,5,23
1376759133,5,23
1376759200,4,24
1376759223,3,25
1376759302,4,24
1376759367,3,25
1376759470,2,26
1376759856,0,28
1376760095,0,28
1376760156,1,27
1376760760,1,27
1376760876,1,27
1376760930,3,25
1376760997,4,24
1376761299,3,25
1376761455,1,27
1376761543,1,27
1376761598,1,27
1376761647,1,27
1376761719,1,27
1376761784,1,27
1376761828,1,27
1376761855,2,26
1376761940,1,27
1376762015,0,28
1376762550,0,28
1376762581,2,26
1376762722,3,25
1376762888,2,26
1376763190,3,25
1376763248,4,24
1376763344,5,23
1376763400,6,22
1376763461,5,23
1376763484,5,23
1376763544,5,23
1376763642,4,24
1376763654,5,23
1376763779,4,24
1376764124,3,25
1376764302,7,21
1376764658,7,21
1376764668,8,20
1376764858,7,21
1376765011,4,24
1376765152,3,25
1376765222,2,26
1376765378,2,26
1376765424,4,24
1376765619,3,25
1376765649,3,25
1376766030,4,24
1376766277,4,24
1376766310,3,25
1376766375,3,25
1376766524,5,23
1376766581,4,24
1376766595,4,24
1376766691,3,25
1376766759,3,25
1376766800,4,24
1376766882,2,26
1376767160,1,27
1376767280,0,28
1376767716,0,28
1376767766,0,28
1376767823,2,26
1376767883,3,25
1376767961,2,26
1376768017,3,25
1376768046,4,24
1376768652,4,24
1376768697,3,25
1376769015,4,24
1376769097,5,23
1376769175,6,22
1376769640,5,23
1376769698,3,25
1376769947,2,26
1376770154,2,26
1376770215,1,27
1376770293,1,27
1376770354,2,26
1376770393,3,25
1376770465,4,24
1376771082,3,25
1376771174,1,27
1376771777,1,27
1376772026,1,27
1376772630,1,27
1376772909,0,28
1376772976,1,27
1376773197,0,28
1376773418,1,27
1376773477,2,26
1376773532,3,25
1376773841,4,24
1376774119,4,24
1376774192,4,24
1376774288,4,24
1376774868,3,25
1376775139,1,27
1376775342,1,27
1376775395,2,26
1376775429,3,25
1376775992,4,24
1376776596,4,24
1376776952,4,24
1376777009,5,23
1376777072,6,22
1376777112,7,21
1376777443,7,21
1376777464,10,18
1376778068,10,18
1376778390,9,19
1376778606,8,20
1376779045,6,22
1376779356,7,21
1376779959,7,21
1376780563,7,21
1376781043,7,21
1376781046,8,20
1376781373,7,21
1376781818,6,22
1376782048,4,24
1376782324,3,25
1376782530,4,24
1376782585,4,24
1376783068,3,25
1376783672,3,25
1376784276,3,25
1376784581,2,26
1376785186,2,26
1376785789,2,26
1376786393,2,26
1376786997,2,26
1376787601,2,26
1376788205,2,26
1376788929,2,26
1376789533,2,26
1376789655,1,27
1376790259,1,27
1376790863,1,27
1376791467,1,27
1376791537,0,28
1376791572,0,28
1376792175,0,28
1376792779,0,28
1376793383,0,28
1376793987,0,28
1376794591,0,28
1376794761,1,27
1376795366,1,27
1376795970,1,27
1376796573,1,27
1376797177,1,27
1376797781,1,27
1376797964,1,27
1376797967,0,28
1376798570,0,28
1376799174,0,28
1376799778,0,28
1376800382,0,28
1376800986,0,28
1376801589,0,28
1376802193,0,28
1376802797,0,28
1376803401,0,28
1376804004,0,28
1376804608,0,28
1376805212,0,28
1376805816,0,28
1376806419,0,28
1376807023,0,28
1376807628,0,28
1376808231,0,28
1376808835,0,28
1376809439,0,28
1376810043,0,28
1376810490,0,28
1376811094,0,28
1376811697,0,28
1376812301,0,28
1376812422,0,28
1376812431,1,27
1376813034,1,27
1376813638,1,27
1376813860,1,27
1376813868,2,26
1376814473,2,26
1376814783,1,27
1376814942,0,28
1376815001,1,27
1376815016,1,27
1376815620,1,27
1376815860,1,27
1376815926,1,27
1376816530,1,27
1376816819,2,26
1376817401,2,26
1376817409,0,28
1376818012,0,28
1376818474,0,28
1376818499,0,28
1376819103,0,28
1376819707,0,28
1376819910,0,28
1376819938,1,27
1376820005,0,28
1376820092,1,27
1376820149,0,28
1376820204,1,27
1376820809,1,27
1376821413,1,27
1376822016,1,27
1376822190,0,28
1376822793,0,28
1376823397,0,28
1376823647,0,28
1376823810,0,28
1376823885,0,28
1376823888,0,28
1376824017,0,28
1376824162,0,28
1376824209,1,27
1376824261,0,28
1376824865,0,28
1376825468,0,28
1376826072,0,28
1376826676,0,28
1376827280,0,28
1376827883,0,28
1376828487,0,28
1376829090,0,28
1376829223,1,27
1376829262,0,28
1376829329,0,28
1376829543,0,28
1376829639,1,27
1376830243,1,27
1376830723,0,28
1376830742,0,28
1376830831,1,27
1376831055,1,27
1376831142,1,27
1376831147,1,27
1376831256,1,27
1376831285,0,28
1376831429,1,27
1376831515,1,27
1376831618,2,26
1376831661,3,25
1376831740,1,27
1376831876,1,27
1376832005,1,27
1376832054,2,26
1376832196,3,25
1376832502,5,23
1376832972,3,25
