1376208353,21,6
1376208958,21,6
1376209467,21,6
1376209523,20,7
1376209781,20,7
1376209838,20,7
1376209919,20,7
1376209983,21,6
1376210083,20,7
1376210092,21,6
1376210696,21,6
1376210797,22,5
1376210899,22,5
1376211056,21,6
1376211637,23,4
1376211703,24,3
1376211801,23,4
1376211858,22,5
1376211941,22,5
1376211992,21,6
1376212058,22,5
1376212087,21,6
1376212336,19,8
1376212939,19,8
1376213021,19,8
1376213044,19,8
1376213141,18,9
1376213144,19,8
1376213503,18,9
1376213505,19,8
1376213620,18,9
1376213681,18,9
1376213696,17,10
1376213787,18,9
1376213838,17,10
1376213971,17,10
1376214129,16,11
1376214262,15,12
1376214381,12,15
1376214575,11,16
1376215026,9,18
1376215319,8,19
1376215413,6,21
1376215541,6,21
1376215572,6,21
1376215802,7,20
1376215897,7,20
1376215954,7,20
1376215984,8,19
1376216260,8,19
1376216290,10,17
1376216375,11,16
1376216435,11,16
1376216606,9,18
1376216661,8,19
1376216771,7,20
1376216861,6,20
1376216903,6,21
1376216960,7,20
1376217076,6,21
1376217280,7,20
1376217334,3,24
1376217363,4,23
1376217676,4,23
1376217763,6,21
1376217808,7,20
1376217864,7,20
1376218065,6,21
1376218069,5,22
1376218155,6,21
1376218229,6,21
1376218292,7,20
1376218355,5,22
1376218380,4,23
1376218503,1,26
1376218557,2,25
1376218663,2,25
1376218700,3,24
1376218948,3,24
1376219010,2,25
1376219082,3,24
1376219133,1,26
1376219149,0,27
1376219255,1,26
1376219289,0,27
1376219333,1,26
1376219466,1,26
1376219519,1,26
1376219611,1,25
1376219643,1,25
1376219726,2,25
1376219785,1,26
1376219964,1,26
1376220042,2,25
1376220047,3,24
1376220516,1,26
1376220651,0,27
1376221255,0,27
1376221439,0,27
1376222019,1,26
1376222083,4,23
1376222320,4,23
1376222375,4,23
1376222439,3,24
1376222556,4,23
1376222619,4,23
1376222659,5,22
1376222741,5,22
1376222744,5,22
1376222862,3,24
1376222879,2,25
1376222950,3,24
1376223009,4,23
1376223072,4,23
1376223159,2,25
1376223216,2,25
1376223278,1,26
1376223331,1,25
1376223395,2,24
1376223502,1,25
1376223582,1,25
1376223642,1,25
1376223762,1,25
1376223801,1,25
1376223859,0,26
1376223936,0,26
1376223999,1,25
1376224019,0,26
1376224211,1,25
1376224300,0,26
1376224901,1,25
1376224909,0,26
1376225201,0,26
1376225223,1,25
1376225300,2,24
1376225383,0,26
1376225484,2,24
1376225578,3,23
1376225856,2,24
1376225930,1,25
1376226365,2,24
1376226459,1,25
1376226490,2,24
1376226561,0,26
1376226991,0,26
1376227117,1,25
1376227147,0,26
1376227366,0,26
1376227447,0,26
1376227520,1,25
1376227575,0,26
1376227768,1,25
1376227824,1,25
1376227874,2,24
1376227962,2,24
1376228017,1,25
1376228108,1,25
1376228165,2,24
1376228262,1,25
1376228322,1,25
1376228378,3,23
1376228440,1,25
1376228503,1,24
1376228519,3,23
1376228610,2,24
1376228670,1,25
1376228735,3,23
1376228798,1,25
1376228835,2,24
1376228922,3,23
1376228965,6,20
1376229033,7,19
1376229102,6,20
1376229115,5,21
1376229221,5,21
1376229265,4,22
1376229341,3,23
1376229400,0,26
1376229453,0,26
1376229633,1,25
1376229680,2,24
1376229789,1,25
1376229931,2,24
1376229984,2,24
1376230023,3,23
1376230119,4,22
1376230166,4,22
1376230238,4,22
1376230282,3,23
1376230360,2,24
1376230418,4,22
1376230463,2,24
1376230765,0,26
1376230961,0,26
1376230994,2,24
1376231121,3,23
1376231202,1,25
1376231263,2,23
1376231278,2,24
1376231350,2,24
1376231438,2,24
1376231449,2,24
1376231544,1,25
1376231607,2,24
1376231673,0,26
1376231802,0,26
1376231840,0,26
1376231903,3,23
1376231960,4,22
1376232033,6,20
1376232088,7,19
1376232110,8,18
1376232197,9,17
1376232263,10,16
1376232300,9,17
1376232400,8,18
1376232445,8,18
1376232523,8,18
1376232542,7,19
1376232618,6,20
1376232647,6,19
1376232763,4,20
1376232783,4,21
1376232872,4,21
1376232939,5,20
1376233036,6,19
1376233119,6,19
1376233177,5,20
1376233208,3,22
1376233338,4,21
1376233403,3,22
1376233465,4,21
1376233539,1,24
1376233598,0,25
1376233661,0,24
1376233722,0,25
1376233783,3,22
1376233838,1,24
1376233903,1,24
1376233949,1,24
1376234021,1,24
1376234074,2,23
1376234225,1,24
1376234393,0,25
1376234536,1,24
1376234666,0,25
1376234740,1,24
1376234781,0,25
1376235137,0,25
1376235180,2,23
1376235485,2,23
1376235576,1,24
1376235627,1,24
1376235702,0,25
1376235708,0,25
1376235800,0,24
1376235871,0,24
1376235935,1,24
1376235968,0,25
1376236063,0,25
1376236110,1,24
1376236183,0,24
1376236242,0,24
1376236299,2,23
1376236360,2,23
1376236424,1,24
1376236450,0,25
1376236526,0,25
1376236559,1,24
1376236719,1,24
1376236768,0,25
1376236960,1,24
1376237017,1,24
1376237081,1,24
1376237127,0,25
1376237177,0,25
1376237251,1,24
1376237322,3,24
1376237325,2,25
1376237554,0,27
1376237610,0,27
1376237663,1,26
1376237740,2,25
1376237774,3,24
1376237821,4,23
1376237968,0,27
1376238453,0,27
1376238479,0,27
1376238618,0,27
1376238702,1,26
1376238752,0,27
1376238797,1,26
1376238870,1,26
1376238966,1,26
1376239177,1,26
1376239241,0,27
1376239355,1,26
1376239413,0,27
1376239858,0,27
1376240008,1,26
1376240135,1,26
1376240201,1,26
1376240244,3,24
1376240328,3,24
1376240483,4,23
1376240840,3,24
1376240945,2,25
1376241149,3,24
1376241242,3,24
1376241315,2,25
1376241472,1,26
1376241722,1,26
1376241793,1,26
1376241864,1,26
1376241900,2,25
1376241981,3,24
1376242009,3,24
1376242117,3,24
1376242156,4,23
1376242191,4,23
1376242260,4,23
1376242313,5,22
1376242400,5,22
1376242479,5,22
1376242539,2,25
1376242596,0,27
1376242659,0,27
1376242670,1,26
1376242871,0,27
1376242961,1,26
1376242992,0,27
1376243383,2,25
1376243423,3,24
1376243497,4,23
1376243517,4,23
1376243611,5,22
1376243661,5,22
1376243732,6,21
1376243800,7,20
1376243852,5,22
1376244034,5,22
1376244101,4,23
1376244103,3,24
1376244279,1,26
1376244286,0,27
1376244392,0,27
1376244433,0,27
1376244519,0,27
1376244581,0,27
1376244638,1,26
1376244700,0,27
1376244760,0,27
1376244802,0,27
1376244879,2,25
1376244933,4,23
1376245119,0,27
1376245497,0,27
1376245569,0,27
1376245640,0,27
1376245772,1,26
1376245835,0,27
1376245917,0,27
1376246010,2,25
1376246450,1,26
1376246609,0,27
1376246676,1,26
1376246733,1,26
1376246795,2,25
1376247072,1,26
1376247136,0,27
1376247260,0,27
1376247330,1,26
1376247402,1,26
1376247404,2,25
1376247497,2,25
1376247570,1,26
1376247616,2,25
1376247912,2,25
1376247971,3,24
1376248040,4,23
1376248539,4,23
1376248551,6,21
1376248621,4,23
1376248898,3,24
1376249125,2,25
1376249375,2,25
1376249441,3,24
1376249471,4,23
1376249606,3,24
1376249736,3,24
1376249770,4,23
1376250190,3,24
1376250542,3,24
1376250915,2,25
1376251241,3,24
1376251280,5,22
1376251342,5,22
1376251376,5,22
1376251473,5,22
1376251517,5,22
1376251576,6,21
1376251810,6,21
1376251853,7,20
1376252456,7,20
1376252581,6,21
1376252686,6,21
1376252858,6,21
1376252899,7,20
1376252960,8,19
1376253159,7,20
1376253221,6,21
1376253258,9,18
1376253664,7,20
1376254289,7,20
1376254361,8,19
1376254367,9,18
1376254479,10,17
1376254510,10,17
1376254565,11,16
1376255019,10,17
1376255023,9,18
1376255626,9,18
1376255690,8,19
1376256159,7,20
1376256162,6,21
1376256379,5,22
1376256460,5,22
1376256469,6,21
1376256758,6,21
1376256768,7,20
1376257210,8,19
1376257417,8,19
1376257426,9,18
1376258030,9,18
1376258231,10,17
1376258835,10,17
1376259438,10,17
1376259874,12,15
1376260477,12,15
1376260740,10,17
1376261344,10,17
1376261947,10,17
1376262551,10,17
1376263154,10,17
1376263781,10,17
1376263820,11,16
1376264423,11,16
1376264981,10,17
1376265030,10,17
1376265051,10,17
1376265151,10,17
1376265193,11,16
1376265400,11,16
1376265408,12,15
1376266012,12,15
1376266655,12,15
1376266666,13,14
1376267269,13,14
1376267873,13,14
1376268476,13,14
1376269080,13,14
1376269683,13,14
1376270287,13,14
1376270360,13,14
1376270442,13,14
1376270475,14,13
1376270643,14,13
1376270731,15,12
1376271023,15,12
1376271441,14,13
1376271568,15,12
1376272172,15,12
1376272775,15,12
1376273379,15,12
1376273983,15,12
1376274101,15,12
1376274136,16,11
1376274740,16,11
1376274993,17,10
1376275597,17,10
1376276201,17,10
1376276838,16,11
1376277010,17,10
1376277614,17,10
1376278103,18,9
1376278706,18,9
1376279310,18,9
1376279913,18,9
1376280517,18,9
1376281120,18,9
1376281724,18,9
1376282327,18,9
1376282931,18,9
1376283534,18,9
1376284138,18,9
1376284742,18,9
1376284991,19,8
1376285594,19,8
1376286140,17,10
1376286220,17,10
1376286267,18,9
1376286520,17,10
1376286548,17,10
1376286722,16,11
1376286969,15,12
1376287335,14,13
1376287660,14,13
1376287663,15,12
1376288019,14,13
1376288030,15,12
1376288318,15,12
1376288353,14,13
1376288395,14,13
1376288999,14,13
1376289603,14,13
1376290206,14,13
1376290293,13,14
1376290342,11,16
1376290378,12,15
1376290591,13,14
1376290691,12,15
1376290764,10,17
1376290828,8,19
1376290896,7,20
1376291357,6,21
1376291453,5,22
1376291585,4,23
1376291786,5,22
1376292060,5,22
1376292137,5,22
1376292319,5,22
1376292344,6,21
1376292938,7,20
1376293541,7,20
1376293690,7,20
1376293838,8,19
1376294044,7,20
1376294517,7,20
1376294737,7,20
1376294745,8,19
1376295393,9,18
1376295459,8,19
1376295469,9,18
1376296052,10,17
1376296409,10,17
1376296447,11,16
1376296525,12,15
1376296661,11,16
1376296663,10,17
1376297266,10,17
1376297689,9,18
1376297811,10,17
1376297945,9,18
1376298040,9,18
1376298043,8,19
1376298647,8,19
1376299098,9,18
1376299223,8,19
1376299586,7,20
1376299640,7,20
1376299719,7,20
1376299779,7,20
1376299826,6,21
1376299881,6,21
1376300030,5,22
1376300151,6,21
1376300294,8,19
1376300342,9,18
1376300873,8,19
1376300980,7,20
1376301384,6,21
1376301439,5,22
1376301520,4,23
1376301539,4,23
1376301802,4,23
1376301836,5,22
1376301935,4,23
1376301994,4,23
1376302116,5,22
1376302181,3,24
1376302192,2,25
1376302347,2,25
1376302421,3,24
1376302534,1,26
1376302882,1,26
1376302919,1,26
1376302989,0,27
1376303262,0,27
1376303342,0,27
1376303433,0,27
1376303980,0,27
1376304041,0,27
1376304053,0,27
1376304139,1,26
1376304220,1,26
1376304234,0,27
1376304457,1,26
1376304497,2,25
1376304877,1,26
1376305160,2,25
1376305362,1,26
1376305581,2,25
1376305653,2,25
1376305842,2,25
1376305845,1,26
1376306012,0,27
1376306489,2,25
1376306559,1,26
1376306567,2,25
1376306980,2,25
1376306996,4,23
1376307149,5,22
1376307513,3,24
1376307693,3,24
1376307725,2,25
1376307771,1,26
1376308181,1,26
1376308187,0,27
1376308577,0,27
1376308651,0,27
1376308777,0,27
1376308837,0,27
1376308868,0,27
1376309224,1,26
1376309318,1,26
1376309328,2,25
1376309494,3,24
1376309525,3,24
1376309602,2,25
1376309784,1,26
1376310066,2,25
1376310279,2,25
1376310288,3,24
1376310421,2,25
1376310482,3,24
1376310641,2,25
1376310695,1,26
1376310710,2,25
1376310839,1,26
1376311002,1,26
1376311004,0,27
1376311424,0,27
1376311715,0,27
1376311767,1,26
1376312007,1,26
1376312173,0,27
1376312619,0,27
1376312682,0,27
1376312729,0,27
1376312761,1,26
1376312909,0,27
1376313016,0,27
1376313076,2,25
1376313397,2,25
1376313458,0,27
1376313508,1,26
1376313546,1,26
1376313630,0,27
1376314232,0,27
1376314596,0,27
1376314655,0,27
1376314693,1,26
1376314733,2,25
1376314900,0,27
1376315020,0,27
1376315055,2,25
1376315128,2,25
1376315157,3,24
1376315297,3,24
1376315334,4,23
1376315430,5,22
1376315486,7,20
1376315549,7,20
1376315742,7,20
1376315755,5,22
1376315847,5,22
1376315914,6,21
1376315954,7,20
1376316131,6,21
1376316174,7,20
1376316325,6,21
1376316390,6,21
1376316450,6,21
1376316579,8,19
1376316635,6,21
1376316680,8,19
1376316761,8,19
1376316795,9,18
1376316864,10,17
1376316933,10,17
1376316978,11,16
1376317044,11,16
1376317082,11,16
1376317211,9,18
1376317634,8,19
1376317743,9,18
1376317903,9,18
1376317905,8,19
1376318051,7,20
1376318105,6,21
1376318189,7,20
1376318315,8,19
1376318376,7,20
1376318413,5,22
1376318665,4,23
1376318849,4,23
1376318905,5,22
1376318953,6,21
1376319031,5,22
1376319089,6,21
1376319160,6,21
1376319205,6,21
1376319262,7,20
1376319300,6,21
1376319399,5,22
1376319453,6,21
1376319510,7,20
1376319579,7,19
1376319619,7,19
1376319689,7,19
1376319757,8,18
1376319802,6,20
1376319937,5,21
1376320002,5,22
1376320045,3,24
1376320179,4,23
1376320241,0,27
1376320901,0,27
1376321125,0,27
1376321728,0,27
1376322332,0,27
1376322399,1,26
1376322580,2,25
1376322583,1,26
1376322738,0,27
1376323074,1,26
1376323384,1,26
1376323469,0,27
1376323497,0,27
1376323619,0,27
1376323722,0,27
1376323768,0,26
1376323842,1,26
1376323847,0,27
1376324183,0,27
1376324307,0,27
1376324350,0,27
1376324954,0,27
1376325161,0,27
1376325204,0,27
1376325234,0,27
1376325341,3,24
1376325364,3,24
1376325434,4,23
1376325521,2,25
1376325554,3,24
1376325639,3,24
1376325673,4,23
1376325931,4,23
1376325984,5,22
1376326062,4,23
1376326120,5,21
1376326161,5,21
1376326235,6,19
1376326271,7,19
1376326344,6,20
1376326367,7,19
1376326465,7,19
1376326535,6,20
1376326876,5,21
1376326923,4,22
1376326974,2,24
1376327202,1,24
1376327232,1,25
1376327287,2,24
1376327365,0,26
1376327551,0,26
1376327799,1,25
1376327838,2,24
1376327922,2,23
1376327940,3,23
1376328094,1,25
1376328147,2,24
1376328182,3,23
1376328282,3,23
1376328283,4,23
1376328461,4,23
1376328522,4,23
1376328581,5,22
1376328596,6,21
1376328690,6,21
1376328713,7,20
1376328909,7,20
1376328961,6,21
1376329300,6,21
1376329321,8,19
1376329421,8,19
1376329473,7,20
1376329575,6,21
1376329702,6,21
1376329902,4,23
1376329913,3,24
1376330343,4,23
1376330435,3,24
1376330501,3,24
1376330509,4,23
1376330666,1,26
1376330737,2,25
1376330802,3,24
1376330828,1,26
1376330973,1,26
1376331102,1,26
1376331237,0,27
1376331449,0,27
1376331636,1,26
1376331687,2,25
1376331737,0,27
1376332342,0,27
1376332631,0,27
1376332913,1,26
1376333517,1,26
1376333587,0,27
1376334192,0,27
1376334298,1,26
1376334391,3,24
1376334428,2,25
1376334514,0,27
1376334642,0,27
1376334661,0,27
1376335033,1,26
1376335161,1,26
1376335240,0,27
1376335264,1,26
1376335406,1,26
1376335476,2,25
1376335513,2,25
1376335575,3,24
1376335756,4,23
1376335898,4,23
1376335955,5,22
1376336006,6,21
1376336141,7,20
1376336259,6,21
1376336302,5,22
1376336466,6,21
1376336591,4,23
1376336860,4,23
1376336966,5,22
1376337089,5,22
1376337149,6,21
1376337213,6,21
1376337380,6,21
1376337419,6,21
1376337476,6,21
1376337547,6,21
1376337641,8,19
1376338004,8,19
1376338062,9,18
1376338104,10,17
1376338167,10,16
1376338206,10,16
1376338283,10,16
1376338361,10,16
1376338408,10,16
1376338450,11,15
1376338681,10,16
1376339305,11,15
1376339667,10,16
1376340192,9,17
1376340351,8,18
1376340443,7,19
1376341032,6,20
1376341226,7,19
1376341301,8,18
1376341334,8,18
1376341401,7,19
1376341823,6,20
1376341912,5,21
1376342095,4,22
1376342434,4,22
1376342554,5,21
1376342777,5,22
1376343281,5,22
1376343290,6,21
1376343893,6,21
1376344497,6,21
1376344877,6,21
1376344944,6,21
1376345003,7,20
1376345083,7,20
1376345128,8,19
1376345162,8,19
1376345299,8,19
1376345331,9,18
1376345977,8,19
1376346040,7,20
1376346073,7,20
1376346162,7,20
1376346193,7,20
1376346798,7,20
1376347000,8,19
1376347143,9,18
1376347447,8,19
1376348052,8,19
1376348417,7,20
1376349020,7,20
1376349624,7,20
1376350227,7,20
1376350290,8,19
1376350894,8,19
1376351498,8,19
1376352103,8,19
1376352219,8,19
1376352822,8,19
1376353425,8,19
1376353661,8,19
1376353663,7,20
1376354267,7,20
1376354534,7,20
1376354791,7,20
1376354833,8,18
1376355437,8,19
1376356040,8,19
1376356643,8,19
1376357187,8,19
1376357239,8,19
1376357395,8,19
1376357998,8,19
1376358602,8,19
1376359205,8,19
1376359809,8,19
1376360413,8,19
1376361017,8,19
1376361620,8,19
1376362223,8,19
1376362827,8,19
1376363431,8,19
1376364034,8,19
1376364638,8,19
1376365243,8,19
1376365846,8,19
1376366450,8,19
1376367054,8,19
1376367659,8,19
1376368262,8,19
1376368690,7,20
1376369284,7,20
1376369334,8,19
1376369939,8,19
1376370208,7,20
1376370812,7,20
1376371416,7,20
1376372020,7,20
1376372623,7,20
1376373227,7,20
1376373346,6,21
1376373949,6,21
1376374181,7,20
1376374419,7,20
1376374456,8,19
1376374546,7,20
1376374778,8,19
1376374831,8,19
1376374855,8,19
1376374915,8,19
1376375256,9,18
1376375860,9,18
1376376008,10,17
1376376135,9,18
1376376241,8,19
1376376517,9,18
1376376882,9,18
1376376884,10,17
1376377055,9,18
1376377175,8,19
1376377297,8,19
1376377363,9,18
1376377371,10,17
1376377472,11,16
1376377540,10,17
1376377549,11,16
1376377666,10,17
1376377835,10,17
1376377860,11,15
1376377908,12,14
1376378418,11,15
1376378708,10,16
1376378786,11,15
1376378973,12,14
1376379019,13,13
1376379311,14,12
1376379397,13,13
1376379499,14,12
1376379582,15,11
1376379613,16,10
1376379751,17,9
1376380060,17,9
1376380068,18,8
1376380671,19,8
1376380949,19,8
1376381018,21,6
1376381375,19,8
1376381435,20,7
1376381481,21,6
1376381655,20,7
1376382086,21,6
1376382293,20,7
1376382918,19,8
1376383291,19,8
1376383317,20,7
1376383834,19,8
1376383900,22,5
1376383959,22,5
1376384012,23,4
1376384202,24,3
1376384247,24,3
1376384303,25,2
1376384907,25,2
1376385510,25,2
1376386113,25,2
1376386195,24,3
1376386532,25,2
1376386601,25,2
1376386771,22,5
1376386874,22,5
1376386996,22,5
1376387069,22,5
1376387098,23,4
1376387257,24,3
1376387448,23,4
1376387620,23,4
1376387658,23,4
1376387696,24,3
1376388300,24,3
1376388556,25,2
1376388635,24,3
1376388720,23,4
1376388823,23,4
1376388843,21,6
1376388909,21,6
1376388994,22,5
1376389041,22,5
1376389117,23,4
1376389126,24,3
1376389241,24,3
1376389243,23,4
1376389679,22,5
1376390220,23,4
1376390560,22,5
1376390594,22,5
1376390666,22,5
1376390689,23,4
1376390772,22,5
1376390852,23,4
1376390919,22,5
1376390983,22,5
1376391031,22,5
1376391093,21,6
1376391220,21,6
1376391269,20,7
1376391324,20,7
1376391357,21,6
1376391468,20,7
1376391970,21,6
1376392108,21,6
1376392205,21,6
1376392251,21,6
1376392346,21,6
1376392419,19,8
1376392477,18,9
1376392517,20,7
1376392775,21,6
1376392870,22,5
1376392943,23,4
1376392977,22,5
1376393061,22,5
1376393110,23,4
1376393256,21,6
1376393301,21,6
1376393417,21,6
1376393485,19,8
1376393599,17,10
1376393670,18,9
1376393737,19,8
1376393856,17,10
1376393871,17,10
1376393971,19,8
1376394268,19,8
1376394292,19,8
1376394402,19,8
1376394405,20,7
1376394517,21,6
1376394636,21,6
1376394659,23,4
1376395059,21,5
1376395122,21,6
1376395175,21,6
1376395239,23,4
1376395457,21,6
1376395940,20,7
1376396543,20,7
1376396619,20,7
1376396627,21,6
1376396736,17,10
1376396861,16,11
1376396982,16,11
1376397038,17,10
1376397155,18,9
1376397218,18,9
1376397247,17,10
1376397429,16,11
1376397570,17,10
1376397914,16,11
1376397971,15,12
1376398122,16,11
1376398125,15,12
1376398221,13,14
1376398284,12,15
1376398384,11,16
1376398947,9,18
1376399043,9,18
1376399161,10,17
1376399303,12,15
1376399670,13,14
1376399802,12,15
1376399808,12,15
1376400101,11,16
1376400249,10,17
1376400373,6,21
1376400457,6,21
1376400474,5,22
1376400552,4,23
1376400626,4,23
1376400653,5,22
1376400760,5,22
1376400902,4,23
1376400998,4,23
1376401041,5,22
1376401095,4,23
1376401272,6,21
1376401494,5,22
1376401646,4,23
1376401760,4,23
1376401787,5,22
1376401928,4,23
1376402009,3,24
1376402069,4,23
1376402202,4,23
1376402257,4,22
1376402320,5,21
1376402530,5,21
1376402973,6,20
1376403037,6,20
1376403097,6,20
1376403154,8,18
1376403174,9,17
1376403276,6,20
1376403550,5,21
1376403663,4,22
1376403780,5,21
1376403883,5,21
1376403891,7,19
1376404181,9,17
1376404300,8,18
1376404656,9,17
1376404935,9,17
1376405260,9,17
1376405271,10,16
1376405352,10,16
1376405390,10,17
1376405485,9,18
1376405534,10,17
1376405678,11,16
1376405845,11,16
1376405946,10,16
1376406040,10,16
1376406084,11,15
1376406160,13,13
1376406200,13,13
1376406276,14,12
1376406430,14,12
1376406505,13,13
1376406610,13,14
1376406678,14,13
1376406811,11,16
1376406942,11,16
1376406981,8,19
1376407223,7,20
1376407542,8,19
1376407565,9,18
1376407721,8,19
1376407779,8,19
1376407823,9,18
1376407922,8,19
1376408079,7,20
1376408382,6,21
1376408392,5,22
1376408562,6,21
1376408675,7,20
1376408714,8,19
1376408792,9,18
1376408858,8,19
1376408956,6,21
1376409031,5,22
1376409184,4,23
1376409389,1,26
1376409443,0,27
1376409474,1,26
1376409575,0,27
1376409630,1,26
1376409689,2,25
1376409760,2,25
1376409808,3,24
1376409879,3,24
1376409901,5,22
1376409999,6,21
1376410050,6,21
1376410182,4,23
1376410239,4,23
1376410363,3,24
1376410418,3,24
1376410470,3,24
1376410533,3,24
1376410554,3,24
1376410646,2,25
1376410715,2,24
1376410777,3,23
1376410838,4,22
1376410881,3,23
1376410920,1,25
1376410989,1,25
1376411077,1,25
1376411083,2,24
1376411227,0,26
1376411467,1,25
1376411563,1,25
1376411622,2,24
1376411664,2,24
1376411797,3,23
1376411825,4,22
1376411896,3,23
1376411964,2,24
1376412041,1,25
1376412338,4,22
1376412446,3,23
1376412513,1,25
1376412577,2,24
1376412748,2,24
1376412789,2,24
1376412877,3,23
1376412929,3,23
1376412968,4,22
1376413436,3,23
1376413588,4,23
1376413643,1,26
1376413719,1,26
1376413759,1,26
1376413832,1,26
1376413944,2,25
1376414191,3,24
1376414253,1,26
1376414318,2,25
1376414484,1,26
1376414545,1,26
1376414619,2,25
1376414644,2,25
1376414723,2,25
1376414778,3,24
1376414875,4,23
1376414979,4,23
1376414989,5,22
1376415060,5,22
1376415109,4,23
1376415207,3,24
1376415309,4,23
1376415446,2,25
1376415501,1,26
1376415701,1,26
1376415745,4,23
1376415996,5,22
1376416006,6,21
1376416083,5,22
1376416131,4,23
1376416194,2,25
1376416411,0,27
1376416482,0,27
1376416538,1,26
1376416569,2,25
1376416646,2,25
1376416948,4,23
1376417194,5,22
1376417252,6,21
1376417276,7,20
1376417364,8,19
1376417481,8,19
1376417516,7,20
1376417606,6,21
1376417666,4,23
1376417728,4,23
1376417800,5,22
1376417856,2,25
1376417863,2,25
1376417936,2,25
1376417996,3,24
1376418080,1,26
1376418280,2,25
1376418601,1,26
1376418935,1,26
1376418972,3,24
1376419284,4,23
1376419719,3,24
1376420333,2,25
1376420421,0,27
1376420563,1,26
1376420578,0,27
1376420725,1,26
1376420769,0,27
1376420861,1,26
1376420867,0,27
1376421042,1,26
1376421084,0,27
1376421262,0,27
1376421309,1,26
1376421913,1,26
1376422048,2,25
1376422104,3,24
1376422287,1,26
1376422358,2,25
1376422382,3,24
1376422623,2,25
1376422782,2,25
1376422796,0,27
1376423231,0,27
1376423835,0,27
1376424438,0,27
1376424521,1,26
1376424551,2,25
1376424819,1,26
1376425423,1,26
1376425539,2,25
1376425650,2,25
1376425751,3,24
1376426354,3,24
1376426488,4,23
1376427053,3,24
1376427580,1,26
1376428050,0,27
1376428473,2,25
1376429077,2,25
1376429223,3,24
1376429329,2,25
1376429677,3,24
1376429687,4,23
1376429981,4,23
1376430003,3,24
1376430608,3,24
1376431164,3,24
1376431199,3,24
1376431299,4,23
1376431363,5,22
1376431403,5,22
1376431457,6,21
1376431529,7,20
1376431581,7,20
1376431658,7,20
1376431744,7,20
1376431819,8,19
1376431900,5,22
1376431927,5,22
1376432081,6,21
1376432685,6,21
1376433288,6,21
1376433663,7,20
1376433762,7,20
1376433794,7,20
1376433996,6,21
1376434038,6,21
1376434120,7,20
1376434133,8,19
1376434272,6,21
1376434782,6,21
1376434784,7,20
1376435388,7,20
1376435738,8,19
1376436342,8,19
1376436946,8,19
1376437239,7,20
1376437773,6,21
1376438376,6,21
1376438980,6,21
1376439584,6,21
1376440187,6,21
1376440791,6,21
1376441394,6,21
1376441998,6,21
1376442601,6,21
1376443205,6,21
1376443588,6,21
1376444192,6,21
1376444796,6,21
1376445399,6,21
1376446002,6,21
1376446606,6,21
1376447210,6,21
1376447813,6,21
1376448417,6,21
1376449020,6,21
1376449624,6,21
1376450227,6,21
1376450831,6,21
1376451434,6,21
1376451857,5,22
1376452462,5,22
1376453065,5,22
1376453669,5,22
1376454273,5,22
1376454876,5,22
1376455481,6,21
1376456085,6,21
1376456689,6,21
1376457292,6,21
1376457897,6,21
1376457960,5,22
1376458112,6,21
1376458716,6,21
1376459142,5,22
1376459279,4,23
1376459757,3,24
1376460338,2,25
1376460502,2,25
1376460911,1,26
1376461255,0,27
1376461781,0,27
1376461833,1,26
1376461900,3,24
1376462504,3,24
1376462632,2,25
1376462811,1,26
1376463197,0,27
1376463801,0,27
1376464415,1,26
1376465019,1,26
1376465096,0,27
1376465698,1,26
1376465914,2,25
1376466000,1,26
1376466183,0,27
1376466455,1,26
1376466540,2,25
1376466883,2,25
1376466885,3,24
1376467135,2,25
1376467250,1,26
1376467603,1,26
1376467612,2,25
1376467800,1,26
1376467878,3,24
1376468245,4,23
1376468504,4,23
1376468543,4,23
1376469041,5,22
1376469645,5,22
1376469814,5,22
1376470037,3,24
1376470443,4,23
1376470586,2,25
1376470844,2,25
1376470846,1,26
1376471047,2,25
1376471651,2,25
1376471973,1,26
1376472044,0,27
1376472375,1,26
1376472538,2,25
1376472599,1,26
1376472993,1,26
1376473020,2,25
1376473168,2,25
1376473198,3,24
1376473298,3,24
1376473325,4,23
1376473421,2,25
1376473764,3,24
1376473843,3,24
1376473899,3,24
1376473958,3,24
1376473997,4,23
1376474029,3,24
1376474339,4,23
1376474438,4,23
1376474476,5,22
1376474882,4,23
1376475028,3,24
1376475113,0,27
1376475298,1,26
1376475520,1,26
1376475527,0,27
1376476130,0,27
1376476393,1,26
1376476646,0,27
1376476719,1,26
1376476781,2,25
1376476791,3,24
1376476891,2,25
1376476914,1,26
1376477402,0,27
1376478005,0,27
1376478219,1,26
1376478251,1,26
1376478618,0,27
1376478677,0,27
1376478744,0,27
1376478776,1,26
1376478881,1,26
1376478912,0,27
1376478994,1,26
1376479038,0,27
1376479168,1,26
1376479388,2,25
1376479780,0,27
1376479800,1,26
1376479943,2,25
1376480138,2,25
1376480167,2,25
1376480300,1,26
1376480491,3,24
1376481034,2,25
1376481122,1,26
1376481493,0,27
1376481815,1,26
1376482218,2,25
1376482400,0,27
1376482600,2,25
1376482608,3,24
1376482675,3,24
1376482841,1,26
1376482890,2,25
1376482962,2,25
1376482987,1,26
1376483112,1,26
1376483203,2,25
1376483261,4,23
1376483305,5,22
1376483373,5,22
1376483426,6,21
1376483468,5,22
1376483587,5,22
1376483647,6,21
1376483738,6,21
1376483772,4,23
1376484276,3,24
1376484402,3,24
1376484508,3,24
1376484527,2,25
1376484640,3,24
1376484700,4,23
1376484787,4,23
1376484846,5,22
1376484904,4,23
1376484972,3,24
1376485157,4,23
1376485287,3,24
1376485313,4,23
1376485585,5,22
1376485662,4,23
1376485674,3,24
1376485766,1,26
1376485855,0,27
1376486111,0,27
1376486461,1,26
1376486669,0,27
1376487273,0,27
1376487612,0,27
1376487681,1,26
1376487708,1,26
1376487807,1,26
1376487843,2,25
1376487942,2,25
1376487983,5,22
1376488069,4,23
1376488201,5,22
1376488298,2,25
1376488600,1,26
1376488661,0,27
1376488721,0,26
1376488749,1,26
1376488904,1,26
1376488920,0,27
1376489025,0,27
1376489244,0,27
1376489377,1,26
1376489422,2,25
1376489451,1,26
1376489601,1,26
1376489664,3,24
1376489730,3,24
1376489786,4,23
1376489833,5,22
1376489904,2,25
1376489979,1,26
1376490333,0,27
1376490937,0,27
1376491122,1,26
1376491133,1,26
1376491457,1,26
1376491555,0,27
1376491921,1,26
1376492083,1,26
1376492085,0,27
1376492690,0,27
1376492923,1,26
1376492966,0,27
1376493029,0,27
1376493218,1,26
1376493230,1,26
1376493315,1,26
1376493402,3,24
1376493462,3,23
1376493519,3,24
1376493582,4,23
1376493694,3,24
1376493984,3,24
1376494264,1,26
1376494413,0,27
1376494720,1,26
1376494777,0,27
1376494806,0,27
1376494863,0,27
1376495022,1,26
1376495054,3,24
1376495262,3,24
1376495270,4,23
1376495438,6,21
1376495470,6,21
1376495603,7,20
1376495666,6,21
1376495689,5,22
1376495783,3,24
1376495885,4,23
1376496001,3,24
1376496074,3,24
1376496342,2,25
1376496450,3,24
1376496512,3,23
1376496555,3,23
1376496675,2,24
1376496958,3,23
1376497091,2,24
1376497169,1,25
1376497356,0,26
1376497842,0,26
1376497893,2,25
1376498114,3,24
1376498182,4,23
1376498289,3,24
1376498442,2,25
1376498494,1,26
1376498560,1,26
1376498618,0,27
1376498691,0,27
1376498802,0,27
1376498863,0,27
1376498895,3,24
1376498948,3,24
1376499072,5,22
1376499129,4,23
1376499324,5,22
1376499402,5,22
1376499439,2,25
1376499521,2,25
1376499583,3,24
1376499629,3,24
1376499690,1,26
1376499818,0,27
1376500221,0,27
1376500483,0,27
1376500486,1,26
1376500686,0,27
1376500824,0,27
1376501081,1,26
1376501120,2,25
1376501203,3,24
1376501206,2,25
1376501383,2,25
1376501430,2,25
1376501493,3,24
1376501557,3,24
1376501674,2,25
1376501757,1,26
1376501861,1,26
1376501870,2,25
1376502047,1,26
1376502190,2,25
1376502300,1,26
1376502437,0,27
1376502517,1,26
1376502583,0,26
1376502597,0,27
1376502783,0,27
1376503387,0,27
1376503539,1,26
1376503597,3,24
1376503779,3,24
1376503810,3,24
1376503868,3,24
1376503913,3,24
1376504018,4,23
1376504053,3,24
1376504525,1,26
1376504667,2,25
1376504749,2,25
1376504851,2,24
1376504909,2,24
1376504957,3,23
1376504997,4,22
1376505077,3,23
1376505337,2,23
1376505403,2,24
1376505820,1,25
1376505853,2,24
1376505999,4,22
1376506569,3,23
1376506696,3,23
1376506738,4,22
1376506813,4,22
1376506869,5,21
1376506947,6,20
1376507000,6,20
1376507048,7,19
1376507416,7,19
1376507479,6,20
1376507607,7,19
1376507666,8,18
1376507923,6,20
1376507966,6,20
1376508024,6,20
1376508079,5,21
1376508299,4,22
1376508461,5,21
1376508513,5,21
1376508573,5,21
1376508612,6,20
1376509022,4,22
1376509192,3,23
1376509772,4,22
1376510001,3,23
1376510123,2,24
1376510242,1,25
1376510376,1,25
1376510409,3,23
1376510555,2,24
1376510612,4,22
1376510679,3,23
1376510688,4,22
1376511002,3,23
1376511403,3,23
1376511405,2,24
1376511557,4,22
1376511673,5,21
1376511810,6,20
1376512034,5,21
1376512175,3,23
1376512719,1,25
1376512976,2,24
1376513500,2,24
1376513801,2,24
1376513861,4,22
1376513885,5,21
1376513951,5,21
1376514010,6,20
1376514082,5,21
1376514492,7,19
1376514751,6,20
1376514836,4,22
1376514915,4,22
1376515002,4,22
1376515038,6,20
1376515228,4,22
1376515377,3,23
1376515681,2,24
1376515902,2,24
1376515905,1,25
1376516022,1,25
1376516024,2,24
1376516322,2,24
1376516345,2,24
1376516894,3,23
1376517160,3,23
1376517229,5,21
1376517399,6,20
1376517428,8,18
1376517522,8,18
1376517558,9,17
1376517745,10,16
1376517815,10,16
1376517857,10,16
1376517936,11,15
1376517996,12,14
1376518077,11,15
1376518337,11,15
1376518371,12,14
1376518974,12,15
1376519578,12,15
1376519671,11,16
1376520275,11,16
1376520287,10,17
1376520363,11,16
1376520966,11,16
1376521063,12,15
1376521107,12,14
1376521220,13,13
1376521651,13,13
1376521688,14,12
1376522291,14,13
1376522599,14,13
1376522660,14,13
1376522792,15,12
1376522901,16,11
1376522944,17,10
1376523121,17,10
1376523242,16,11
1376523317,16,11
1376523377,17,10
1376523553,17,10
1376523633,18,9
1376523758,18,9
1376523771,19,8
1376523862,20,7
1376524103,19,8
1376524322,20,7
1376524715,21,6
1376524747,22,5
1376525098,21,6
1376525702,21,6
1376526306,21,6
1376526909,21,6
1376527513,21,6
1376528116,21,6
1376528720,21,6
1376529323,21,6
1376529479,22,5
1376529784,22,5
1376530102,22,5
1376530147,22,5
1376530398,23,4
1376530573,23,4
1376531177,23,4
1376531780,23,4
1376532236,23,4
1376532318,25,2
1376532921,25,2
1376533525,25,2
1376534128,25,2
1376534620,25,2
1376534623,24,3
1376535226,24,3
1376535830,24,3
1376536433,24,3
1376537037,24,3
1376537640,24,3
1376538244,24,3
1376538847,24,3
1376539451,24,3
1376539593,23,4
1376539633,23,4
1376539895,24,3
1376539995,23,4
1376540244,24,3
1376540848,24,3
1376541451,24,3
1376542055,24,3
1376542658,24,3
1376543262,24,3
1376543865,24,3
1376544470,24,3
1376545074,24,3
1376545678,24,3
1376545951,25,2
1376546258,26,1
1376546862,26,1
1376547465,26,1
1376547802,25,2
1376548406,25,2
1376548701,24,3
1376549305,24,3
1376549413,23,4
1376549585,22,5
1376550188,22,5
1376550275,21,6
1376550879,21,6
1376551279,20,7
1376551329,19,8
1376551868,18,9
1376552128,19,8
1376552731,19,8
1376552899,20,7
1376553037,20,7
1376553082,21,6
1376553118,22,5
1376553192,21,6
1376553731,22,5
1376553813,22,5
1376553856,23,4
1376553936,24,3
1376554208,25,2
1376554530,26,1
1376554576,26,1
1376554718,26,1
1376554771,26,1
1376554835,27,0
1376554857,26,1
1376554991,25,2
1376555595,25,2
1376556199,25,2
1376556249,23,4
1376556853,23,4
1376556956,22,5
1376557216,22,5
1376557283,23,4
1376557480,22,5
1376557535,22,5
1376557600,23,4
1376557651,24,3
1376557731,23,4
1376558335,23,4
1376558438,23,4
1376558604,23,4
1376558713,24,3
1376558751,25,2
1376558838,25,2
1376558881,26,1
1376559333,25,2
1376559486,23,4
1376559676,22,5
1376559766,21,6
1376559865,23,4
1376560167,23,4
1376560235,21,6
1376560297,20,7
1376560338,20,7
1376560421,22,5
1376560453,21,6
1376560748,19,8
1376560953,20,7
1376560976,21,6
1376561377,20,7
1376561404,18,9
1376561860,19,8
1376562254,20,7
1376562562,21,6
1376562635,20,7
1376562671,20,7
1376562745,20,7
1376562941,18,9
1376562944,17,10
1376563008,16,11
1376563652,15,12
1376563794,13,14
1376563966,12,15
1376564055,10,17
1376564121,8,19
1376564313,4,23
1376564364,2,25
1376564604,3,24
1376564674,4,23
1376564722,3,24
1376564782,4,23
1376564860,4,23
1376564863,3,24
1376565049,2,25
1376565161,1,26
1376565265,0,27
1376565331,1,26
1376565516,1,26
1376565544,2,25
1376565640,0,27
1376565679,1,26
1376565813,2,25
1376565864,1,26
1376566069,0,27
1376566163,1,26
1376566351,2,25
1376566398,3,24
1376566601,1,26
1376566604,2,25
1376567080,1,26
1376567090,2,25
1376567321,1,26
1376567365,2,25
1376567403,2,25
1376567485,2,24
1376567532,3,24
1376567586,3,24
1376567673,3,24
1376567915,5,22
1376567965,5,22
1376568161,1,26
1376568629,1,26
1376568701,1,26
1376568704,0,27
1376568875,0,27
1376568904,0,26
1376569036,0,27
1376569174,1,26
1376569270,0,27
1376569399,1,26
1376569447,1,26
1376569532,1,26
1376569585,1,26
1376569619,3,24
1376569750,2,25
1376570046,0,27
1376570250,0,27
1376570281,1,26
1376570322,1,26
1376570524,0,27
1376570646,0,27
1376570737,1,26
1376570762,1,26
1376570850,3,24
1376570906,5,22
1376571072,4,23
1376571162,5,22
1376571217,5,22
1376571376,5,22
1376571519,6,21
1376571543,4,23
1376571638,4,23
1376571700,5,22
1376571807,3,24
1376571875,3,24
1376571938,3,23
1376571947,3,23
1376572024,3,24
1376572119,3,24
1376572175,1,26
1376572249,2,25
1376572362,1,26
1376572387,0,27
1376572438,0,27
1376572506,1,26
1376572589,0,27
1376573193,0,27
1376573305,0,27
1376573378,0,27
1376573435,1,26
1376573496,0,27
1376573546,0,27
1376573599,0,27
1376573668,0,27
1376573861,1,26
1376573912,1,26
1376573975,0,27
1376574031,0,26
1376574092,1,25
1376574137,2,24
1376574172,3,23
1376574260,1,25
1376574310,2,24
1376574382,3,23
1376574441,3,23
1376574473,3,23
1376574692,2,24
1376574851,3,23
1376575138,1,25
1376575298,2,24
1376575317,1,25
1376575566,3,23
1376575626,2,24
1376575668,2,24
1376575762,2,24
1376575811,3,23
1376576019,3,23
1376576039,5,22
1376576134,7,20
1376576178,8,19
1376576310,7,20
1376576355,8,19
1376576481,5,22
1376576629,5,22
1376576729,5,21
1376576774,4,22
1376576960,4,22
1376577036,3,23
1376577120,4,22
1376577173,3,23
1376577281,3,23
1376577309,2,24
1376577352,2,24
1376577410,3,23
1376577506,3,23
1376577525,2,23
1376577641,3,22
1376577643,3,23
1376577725,4,22
1376577792,3,23
1376577882,4,22
1376577925,2,24
1376578222,0,26
1376578463,0,26
1376578772,0,26
1376578784,1,25
1376578891,0,26
1376578960,0,26
1376579009,0,26
1376579055,0,26
1376579091,0,26
1376579202,0,26
1376579554,0,26
1376579622,0,26
1376579859,1,25
1376579970,0,26
1376580014,1,25
1376580085,0,26
1376580162,0,26
1376580247,0,26
1376580454,0,26
1376580580,0,26
1376580634,2,24
1376580688,3,23
1376580762,3,23
1376580820,3,23
1376580857,3,23
1376580971,2,23
1376581049,1,25
1376581122,0,26
1376581124,0,26
1376581224,1,25
1376581254,0,26
1376581475,0,26
1376581489,0,26
1376581980,0,26
1376582584,0,27
1376582650,1,26
1376582696,0,27
1376582784,0,27
1376583024,0,27
1376583100,0,27
1376583157,0,27
1376583211,0,27
1376583251,0,27
1376583382,1,26
1376583576,2,25
1376583614,1,26
1376583652,2,25
1376583732,1,26
1376583864,1,26
1376583886,1,26
1376583981,1,26
1376584052,1,26
1376584121,1,26
1376584171,2,25
1376584298,1,26
1376584325,0,27
1376584404,1,26
1376584467,0,27
1376584540,1,26
1376584543,0,27
1376584909,0,27
1376584987,0,27
1376585080,0,27
1376585128,0,27
1376585168,0,27
1376585259,0,27
1376585314,0,27
1376585374,0,27
1376585438,1,26
1376585446,0,27
1376585503,0,27
1376585849,2,25
1376585950,0,27
1376586217,1,26
1376586395,1,26
1376586409,2,25
1376586582,2,25
1376586633,4,23
1376586676,5,22
1376586753,5,22
1376586805,7,20
1376586903,6,21
1376587100,7,20
1376587297,7,20
1376587323,8,19
1376587498,6,21
1376587837,5,22
1376587953,3,24
1376588306,2,25
1376588389,1,26
1376588523,0,27
1376588835,0,27
1376589154,0,27
1376589222,0,27
1376589255,0,27
1376589317,0,27
1376589829,3,24
1376589975,5,22
1376590047,5,22
1376590081,6,21
1376590652,4,23
1376590710,2,25
1376590762,0,27
1376591366,0,27
1376591961,0,27
1376592131,0,27
1376592198,2,25
1376592519,0,27
1376592757,0,27
1376592821,1,26
1376593024,2,25
1376593154,1,26
1376593275,1,26
1376593501,0,27
1376593720,1,26
1376593739,1,26
1376593801,2,25
1376593957,3,24
1376594008,3,24
1376594141,3,24
1376594151,4,23
1376594209,5,22
1376594295,5,22
1376594338,6,21
1376594608,6,21
1376594661,7,20
1376594712,8,19
1376594769,7,20
1376594910,7,20
1376594940,8,19
1376595285,7,20
1376595401,8,19
1376595451,8,19
1376595485,9,18
1376595553,9,18
1376595616,10,17
1376595656,11,16
1376595783,10,17
1376595861,9,18
1376596401,7,20
1376596625,8,19
1376596720,8,19
1376596729,9,18
1376596890,7,20
1376597077,6,21
1376597259,2,25
1376597363,2,25
1376597397,3,24
1376597485,5,22
1376597780,4,23
1376597862,5,22
1376597915,6,21
1376597961,5,22
1376598018,5,22
1376598069,6,21
1376598111,7,20
1376598198,7,20
1376598252,9,18
1376598334,9,18
1376598384,10,17
1376598459,13,14
1376598563,14,13
1376598619,15,12
1376598845,16,11
1376598940,16,11
1376598971,17,10
1376599007,17,10
1376599120,17,10
1376599123,18,9
1376599627,17,10
1376599715,15,12
1376599749,13,14
1376600320,11,16
1376600386,10,17
1376600792,10,17
1376600825,11,16
1376600891,11,16
1376600975,12,15
1376601022,13,14
1376601073,14,13
1376601161,13,14
1376601223,14,13
1376601264,15,12
1376601425,15,12
1376601589,14,13
1376602241,14,13
1376602247,12,15
1376602362,12,15
1376602383,14,13
1376602987,14,13
1376603176,13,14
1376603552,14,13
1376603583,16,11
1376603971,17,10
1376604002,17,10
1376604162,18,9
1376604221,17,10
1376604277,17,10
1376604390,18,9
1376604994,18,9
1376605598,18,9
1376605637,19,8
1376605686,20,7
1376606289,20,7
1376606643,20,7
1376606734,22,5
1376607342,23,4
1376607388,22,5
1376607505,23,4
1376608109,23,4
1376608336,24,3
1376608635,25,2
1376609238,25,2
1376609708,24,3
1376610055,25,2
1376610462,24,2
1376610480,24,3
1376611051,24,3
1376611105,25,2
1376611709,25,2
1376611770,24,3
1376611961,24,3
1376611963,25,2
1376612376,25,2
1376612980,25,2
1376613583,25,2
1376613672,23,4
1376614275,23,4
1376614878,23,4
1376615482,23,4
1376616086,23,4
1376616390,23,4
1376616994,23,4
1376617597,23,4
1376618201,23,4
1376618306,24,3
1376618910,24,3
1376619514,24,3
1376620117,24,3
1376620721,24,3
1376621324,24,3
1376621928,24,3
1376622531,24,3
1376623135,24,3
1376623214,25,2
1376623303,24,3
1376623312,25,2
1376623916,25,2
1376624519,25,2
1376625123,25,2
1376625727,25,2
1376626330,25,2
1376626934,25,2
1376627134,26,1
1376627738,26,1
1376628341,26,1
1376628945,26,1
1376629549,26,1
1376630153,26,1
1376630276,25,2
1376630378,25,2
1376630405,26,1
1376631009,26,1
1376631612,26,1
1376632218,25,2
1376632333,24,3
1376632937,24,3
1376632995,23,4
1376633197,24,3
1376633380,24,3
1376633390,25,2
1376633641,26,1
1376634246,26,1
1376634642,26,1
1376634684,24,3
1376635179,23,4
1376635382,22,5
1376635650,22,5
1376635670,23,4
1376636187,24,3
1376636790,24,3
1376636934,23,4
1376637096,24,3
1376637681,23,4
1376637879,22,5
1376638436,21,6
1376638588,22,5
1376638701,21,6
1376638928,20,7
1376639531,20,7
1376639931,21,6
1376640081,20,7
1376640297,19,8
1376640469,18,9
1376640871,16,11
1376641423,17,10
1376641531,17,10
1376641594,18,9
1376642197,18,9
1376642319,17,10
1376642441,17,10
1376642443,18,9
1376642723,17,10
1376642896,17,10
1376642974,17,10
1376643017,18,9
1376643323,17,10
1376643561,15,12
1376643661,16,11
1376643793,15,12
1376644397,15,12
1376644599,14,13
1376644902,12,15
1376644904,13,14
1376645285,14,13
1376645660,12,15
1376645722,13,14
1376645923,11,16
1376646279,11,16
1376646288,12,15
1376646459,13,14
1376646630,12,15
1376646776,13,14
1376646879,14,13
1376646915,15,12
1376647062,15,12
1376647118,17,10
1376647250,16,11
1376647854,16,11
1376648022,16,11
1376648066,15,12
1376648112,14,13
1376648190,15,12
1376648257,16,11
1376648315,15,12
1376648334,14,13
1376648433,15,12
1376648487,14,13
1376648524,15,12
1376648777,14,13
1376648964,13,14
1376649242,12,15
1376649326,12,15
1376649378,13,14
1376649416,12,15
1376649583,12,15
1376649643,10,17
1376649687,11,16
1376650067,10,17
1376650174,11,16
1376650301,10,17
1376650303,9,18
1376650842,9,18
1376650852,10,17
1376651083,11,16
1376651142,11,16
1376651179,10,17
1376651544,8,19
1376651740,6,21
1376651907,5,22
1376651962,2,25
1376651997,1,26
1376652054,0,27
1376652149,0,27
1376652223,1,26
1376652278,2,25
1376652340,4,23
1376652433,5,22
1376652508,6,21
1376652880,4,23
1376653122,4,23
1376653183,5,22
1376653242,1,26
1376653292,0,27
1376653326,0,27
1376653524,0,27
1376653601,1,26
1376653603,2,25
1376653728,0,27
1376653810,0,27
1376653892,1,26
1376653933,0,27
1376654235,0,27
1376654293,0,27
1376654364,0,27
1376654424,0,27
1376654521,0,27
1376654678,0,27
1376654733,1,26
1376654774,2,25
1376654895,1,26
1376654977,1,26
1376654991,0,27
1376655161,0,27
1376655198,0,27
1376655236,0,27
1376655372,0,27
1376655517,0,27
1376655600,0,27
1376655881,1,26
1376655911,2,25
1376655956,1,26
1376656262,0,27
1376656495,1,26
1376656614,0,27
1376656756,1,26
1376656986,0,27
1376657263,1,26
1376657465,1,26
1376657534,0,27
1376657615,0,27
1376657654,2,25
1376658023,2,25
1376658101,2,25
1376658220,2,25
1376658264,2,25
1376658377,0,27
1376658545,1,26
1376658681,2,25
1376658822,1,26
1376658833,1,26
1376658921,2,25
1376659061,2,25
1376659064,1,26
1376659295,2,25
1376659313,3,24
1376659483,2,25
1376659692,1,26
1376659999,1,26
1376660054,1,26
1376660138,3,23
1376660178,3,23
1376660253,3,23
1376660309,0,26
1376660380,0,26
1376660401,1,25
1376660801,0,26
1376660976,0,27
1376661031,0,27
1376661100,0,27
1376661108,1,26
1376661215,0,27
1376661551,0,27
1376661599,1,26
1376661882,0,27
1376662355,0,27
1376662414,0,27
1376662459,1,26
1376662594,3,24
1376662694,3,24
1376662782,4,23
1376662788,5,22
1376662876,6,21
1376663017,6,21
1376663075,7,20
1376663097,8,19
1376663286,7,20
1376663352,9,18
1376663622,9,18
1376663675,6,21
1376663728,3,24
1376663916,4,23
1376664124,3,24
1376664295,1,26
1376664367,0,27
1376664506,0,27
1376664576,0,27
1376665127,0,27
1376665299,0,27
1376665331,0,27
1376665542,0,27
1376665544,0,27
1376665646,0,27
1376665689,0,27
1376665759,0,27
1376665806,1,26
1376665902,2,25
1376665934,0,27
1376666067,1,26
1376666140,0,27
1376666191,1,26
1376666249,0,27
1376666356,1,26
1376666396,2,25
1376666920,2,25
1376667044,3,24
1376667102,5,22
1376667157,5,22
1376667198,7,20
1376667321,6,21
1376667695,5,22
1376667753,6,21
1376667821,8,19
1376667883,9,18
1376667921,11,16
1376668038,10,17
1376668121,5,21
1376668168,4,23
1376668419,3,24
1376668427,4,23
1376668532,3,24
1376668838,5,22
1376668895,6,21
1376668935,5,22
1376668999,4,23
1376669081,4,23
1376669134,6,21
1376669260,6,21
1376669306,8,19
1376669354,9,18
1376669419,9,18
1376669532,7,20
1376669605,9,18
1376669662,8,19
1376670035,7,20
1376670164,7,20
1376670263,8,19
1376670339,8,19
1376670402,8,19
1376670449,9,18
1376670554,7,20
1376670798,6,21
1376670867,7,20
1376670934,8,19
1376671084,6,21
1376671243,6,21
1376671277,4,23
1376671337,5,22
1376671469,4,23
1376671530,5,22
1376671597,5,22
1376671607,6,21
1376671720,6,21
1376671733,6,21
1376671848,5,22
1376672079,5,22
1376672119,5,22
1376672182,6,21
1376672254,6,21
1376672333,6,21
1376672427,7,20
1376672452,6,21
1376672664,4,23
1376672789,5,22
1376672858,4,23
1376672895,5,22
1376673178,4,23
1376673269,4,23
1376673328,5,22
1376673356,6,21
1376673458,5,22
1376673498,4,23
1376673757,4,23
1376673813,4,23
1376673852,4,23
1376674272,1,26
1376674405,1,26
1376674706,0,27
1376674812,0,27
1376674856,0,27
1376675005,0,27
1376675076,0,27
1376675117,1,26
1376675210,1,26
1376675292,2,25
1376675367,2,25
1376675433,2,25
1376675497,1,26
1376675557,1,26
1376675616,2,25
1376675669,2,25
1376675712,3,24
1376675793,3,24
1376675860,4,23
1376675906,6,21
1376676028,6,21
1376676092,7,20
1376676145,7,20
1376676275,9,18
1376676342,10,17
1376676345,9,18
1376676520,9,18
1376676526,10,17
1376676702,9,18
1376676742,10,17
1376677362,9,18
1376677370,8,19
1376677650,4,23
1376677715,4,23
1376677754,4,23
1376677840,4,23
1376677876,5,22
1376677918,6,21
1376678024,4,23
1376678027,4,23
1376678249,0,27
1376678676,1,26
1376678794,2,25
1376679033,3,24
1376679160,3,24
1376679224,6,21
1376679253,7,20
1376679391,6,21
1376679762,5,22
1376679821,2,25
1376679824,3,24
1376679940,2,25
1376679961,0,27
1376680538,1,26
1376680820,0,27
1376681424,0,27
1376681852,0,27
1376682455,0,27
1376683059,0,27
1376683235,1,26
1376683281,2,25
1376683311,3,24
1376683958,4,23
1376683985,3,24
1376684038,3,24
1376684109,4,23
1376684169,3,24
1376684262,3,24
1376684272,2,25
1376684333,2,25
1376684435,1,25
1376684499,1,25
1376684559,1,25
1376684580,1,25
1376684681,2,24
1376684724,3,23
1376684800,4,21
1376684853,4,21
1376684976,5,21
1376685009,6,20
1376685099,6,20
1376685158,7,20
1376685215,7,20
1376685239,9,18
1376685671,9,18
1376685758,12,15
1376685965,11,16
1376686057,11,16
1376686097,12,15
1376686176,13,14
1376686242,13,14
1376686282,13,14
1376686345,14,13
1376686778,12,15
1376686800,12,15
1376686867,12,15
1376686931,14,13
1376687077,13,14
1376687129,13,14
1376687183,14,13
1376687245,15,12
1376687665,15,12
1376687722,16,11
1376687894,15,12
1376688498,15,12
1376688762,15,12
1376688816,15,12
1376688897,15,12
1376689041,16,11
1376689280,17,10
1376689902,17,10
1376689946,18,9
1376690550,18,9
1376691153,18,9
1376691318,19,8
1376691922,19,8
1376692222,20,7
1376692826,20,7
1376693429,20,7
1376693475,19,8
1376693526,18,9
1376693997,19,8
1376694244,20,7
1376694332,19,8
1376694453,19,8
1376694750,18,9
1376694769,17,10
1376694865,17,10
1376694929,17,10
1376694994,17,10
1376695411,15,12
1376695519,14,13
1376695652,14,13
1376695769,15,12
1376695812,16,11
1376696169,16,11
1376696207,17,10
1376696810,17,10
1376697039,16,11
1376697100,17,10
1376697583,16,11
1376697642,15,12
1376698245,15,12
1376698848,15,12
1376699358,15,12
1376699444,15,12
1376699557,15,12
1376699576,16,11
1376699634,17,10
1376699741,17,10
1376699744,18,9
1376699828,18,9
1376699891,18,9
1376699927,18,9
1376700080,18,9
1376700140,19,8
1376700264,18,9
1376700335,18,9
1376700369,19,8
1376700642,19,7
1376700657,20,6
1376701261,20,7
1376701702,20,7
1376701782,20,7
1376701838,20,7
1376701896,21,6
1376701949,21,6
1376702013,22,5
1376702082,22,5
1376702099,22,5
1376702180,23,4
1376702351,23,4
1376702442,24,3
1376702500,24,3
1376702783,24,3
1376703387,24,3
1376703990,24,3
1376704594,24,3
1376705197,24,3
1376705501,22,5
1376705513,21,6
1376706088,21,6
1376706125,22,5
1376706205,21,6
1376706240,22,5
1376706844,22,5
1376707447,22,5
1376708051,22,5
1376708192,21,6
1376708795,21,6
1376709399,21,6
1376710003,21,6
1376710606,21,6
1376711209,21,6
1376711813,21,6
1376712255,20,7
1376712331,20,7
1376712395,21,6
1376712999,21,6
1376713602,21,6
1376713656,21,6
1376713769,22,5
1376713838,22,5
1376713897,21,6
1376713905,22,5
1376714509,22,5
1376715113,22,5
1376715716,22,5
1376716319,22,5
1376716923,22,5
1376717526,22,5
1376718130,22,5
1376718733,22,5
1376719337,22,5
1376719940,22,5
1376720130,23,4
1376720408,22,5
1376721011,22,5
1376721615,22,5
1376722218,22,5
1376722822,22,5
1376723120,21,6
1376723723,21,6
1376723907,22,5
1376724510,22,5
1376724588,23,4
1376725225,24,3
1376725337,24,3
1376725456,25,2
1376726062,24,3
1376726490,25,2
1376726573,25,2
1376726666,26,1
1376726740,27,0
1376726811,26,1
1376726880,25,2
1376727484,25,2
1376728088,25,2
1376728691,25,2
1376729203,23,4
1376729296,22,5
1376729354,23,4
1376729590,22,5
1376729692,21,6
1376729781,20,7
1376729833,18,9
1376730079,14,13
1376730258,15,12
1376730318,16,11
1376730558,17,10
1376730767,17,10
1376730893,16,11
1376730981,17,10
1376731063,15,12
1376731086,14,13
1376731176,15,12
1376731243,17,10
1376731296,17,10
1376731329,18,9
1376731464,17,10
1376731631,16,11
1376731695,17,10
1376732007,14,13
1376732083,15,12
1376732261,17,10
1376732478,16,11
1376732788,13,14
1376732848,14,13
1376733016,13,14
1376733102,14,13
1376733207,14,13
1376733243,15,12
1376733319,15,12
1376733349,16,11
1376733640,15,12
1376733703,13,14
1376733728,12,15
1376734143,13,14
1376734302,11,16
1376734452,12,15
1376734781,11,16
1376734826,11,16
1376734900,10,17
1376734944,10,17
1376734967,9,18
1376735080,8,19
1376735406,7,20
1376735551,8,19
1376735610,7,20
1376735729,6,21
1376735799,4,23
1376736000,1,26
1376736067,3,24
1376736214,2,25
1376736400,1,26
1376736419,2,25
1376736508,1,26
1376736554,2,25
1376736639,2,25
1376736699,1,26
1376736759,2,25
1376737150,2,25
1376737208,3,24
1376737271,3,24
1376737309,4,23
1376737602,3,24
1376737722,1,26
1376737784,2,25
1376737792,0,27
1376737873,1,26
1376737961,0,27
1376738005,3,24
1376738044,4,23
1376738084,4,22
1376738200,3,23
1376738244,4,22
1376738369,4,22
1376738403,5,21
1376738546,6,20
1376738605,5,21
1376738675,4,22
1376738734,4,22
1376738794,5,21
1376738856,6,19
1376738911,7,19
1376739000,10,15
1376739065,9,16
1376739140,9,16
1376739212,7,19
1376739237,8,18
1376739305,7,19
1376739668,6,20
1376739808,6,20
1376739884,7,19
1376739891,5,21
1376740117,4,22
1376740223,0,26
1376740351,0,26
1376740419,0,26
1376740478,0,26
1376740574,0,26
1376740651,0,26
1376740757,0,26
1376740830,1,25
1376740890,0,26
1376740957,0,26
1376741183,0,26
1376741241,0,26
1376741302,1,25
1376741404,0,26
1376741502,0,26
1376741561,0,26
1376741624,1,25
1376741650,0,26
1376741729,0,26
1376741784,0,26
1376741852,0,26
1376741892,1,25
1376742044,0,26
1376742154,0,26
1376742220,1,25
1376742273,1,25
1376742328,0,26
1376742444,2,24
1376742496,0,26
1376742580,2,24
1376742630,4,22
1376742675,5,21
1376742767,4,22
1376742827,3,23
1376742978,2,23
1376743017,1,24
1376743134,0,25
1376743236,1,24
1376743258,0,25
1376743655,0,25
1376743782,0,25
1376743818,2,23
1376743891,1,24
1376744021,0,25
1376744077,1,24
1376744096,1,24
1376744151,1,24
1376744258,0,26
1376744308,1,25
1376744435,1,25
1376744542,0,26
1376744599,0,26
1376744677,0,26
1376744899,1,25
1376744939,0,26
1376745264,0,26
1376745333,0,26
1376745460,0,26
1376745537,0,26
1376745630,0,26
1376745671,0,26
1376745910,0,26
1376745950,0,26
1376746090,0,26
1376746168,1,25
1376746231,2,24
1376746303,0,26
1376746423,0,26
1376746476,0,26
1376746541,0,26
1376746571,0,26
1376746639,0,26
1376747203,0,26
1376747249,0,26
1376747429,0,26
1376747769,0,26
1376747845,1,25
1376747903,0,26
1376748038,0,26
1376748512,0,26
1376748554,0,26
1376748890,2,24
1376748961,1,25
1376749294,2,24
1376749348,1,25
1376749416,2,24
1376749529,5,21
1376749599,4,22
1376749724,3,23
1376749746,1,25
1376749812,1,25
1376749878,2,24
1376750024,3,23
1376750083,4,22
1376750233,3,23
1376750382,3,23
1376750388,2,24
1376750541,1,25
1376750592,2,24
1376750744,1,25
1376750764,2,24
1376750854,0,26
1376750915,0,26
1376750983,1,25
1376750986,0,26
1376751092,0,26
1376751155,1,25
1376751181,0,26
1376751284,0,26
1376751340,0,26
1376751463,2,24
1376751575,1,25
1376751606,1,25
1376751679,1,25
1376751761,2,24
1376751804,3,23
1376751827,3,23
1376751930,3,23
1376751981,5,21
1376752043,4,22
1376752303,4,22
1376752347,5,21
1376752406,2,24
1376752469,3,23
1376752530,4,22
1376752585,6,20
1376752656,5,21
1376752841,4,22
1376752844,3,23
1376753202,3,23
1376753257,3,23
1376753372,5,21
1376753629,4,22
1376753803,5,21
1376753826,5,21
1376754021,3,23
1376754083,3,23
1376754113,3,23
1376754553,3,23
1376754617,3,23
1376754761,2,24
1376754927,4,22
1376755003,4,22
1376755055,2,24
1376755275,1,25
1376755313,0,26
1376755705,0,26
1376755753,0,25
1376755820,0,25
1376755911,0,25
1376755964,0,25
1376756077,0,25
1376756203,1,24
1376756263,0,25
1376756322,1,24
1376756367,0,25
1376756436,0,25
1376756495,0,25
1376756543,0,25
1376756608,0,25
1376756678,2,23
1376756711,3,22
1376756790,4,21
1376756883,7,18
1376756982,7,18
1376756989,9,16
1376757059,8,17
1376757205,7,18
1376757256,7,18
1376757341,9,16
1376757385,10,15
1376757507,9,16
1376757582,9,16
1376757643,10,15
1376757669,12,13
1376757744,12,13
1376757812,11,14
1376757878,12,13
1376758004,11,14
1376758064,10,15
1376758084,11,14
1376758184,11,14
1376758239,12,13
1376758285,13,12
1376758348,15,10
1376758509,14,11
1376758620,14,11
1376758696,14,11
1376758755,14,11
1376758826,10,15
1376758903,11,14
1376758906,10,15
1376758979,11,14
1376759123,10,15
1376759194,11,14
1376759258,13,12
1376759364,14,11
1376759537,12,13
1376759724,10,15
1376759778,9,16
1376759848,7,18
1376760043,9,16
1376760084,10,15
1376760162,9,16
1376760222,5,20
1376760284,3,22
1376760376,2,23
1376760438,1,24
1376760683,2,23
1376760938,1,24
1376760949,2,23
1376761124,0,25
1376761127,1,24
1376761234,0,25
1376761602,0,25
1376761656,0,25
1376762019,1,24
1376762035,0,25
1376762127,0,25
1376762203,1,24
1376762301,4,21
1376762439,4,21
1376762503,4,21
1376762568,3,22
1376762677,0,25
1376762734,0,25
1376762750,0,25
1376762838,0,25
1376762968,0,25
1376763024,1,24
1376763137,1,24
1376763221,2,23
1376763248,4,21
1376763340,4,21
1376763392,5,20
1376763555,6,19
1376763643,6,19
1376763757,5,20
1376763874,4,21
1376763892,3,22
1376764295,2,23
1376764311,3,22
1376764482,3,22
1376764485,2,23
1376764732,3,22
1376764824,2,23
1376765228,3,22
1376765365,4,21
1376765622,5,20
1376765703,4,21
1376765921,3,22
1376765966,5,20
1376766160,6,19
1376766567,6,19
1376766591,6,19
1376766745,7,18
1376766879,8,17
1376766967,8,17
1376767100,8,17
1376767179,6,19
1376767212,7,18
1376767343,8,17
1376767511,9,16
1376767601,8,17
1376767654,8,17
1376767771,10,15
1376767788,11,14
1376767910,10,15
1376768077,10,15
1376768144,12,13
1376768200,11,13
1376768263,11,13
1376768297,12,12
1376768555,11,13
1376768598,10,15
1376768684,10,15
1376768742,10,15
1376768777,11,14
1376768864,12,13
1376768904,11,14
1376769124,10,15
1376769728,10,15
1376769770,9,16
1376769918,9,16
1376770379,10,15
1376770588,9,16
1376770805,9,16
1376770903,9,16
1376771131,8,17
1376771487,5,20
1376771883,4,21
1376772566,3,22
1376772598,2,23
1376772698,2,23
1376772758,3,22
1376772791,4,21
1376773303,4,21
1376773387,5,20
1376773930,4,21
1376774024,1,24
1376774627,1,24
1376774901,0,25
1376775505,0,25
1376775583,1,24
1376775598,2,23
1376775762,2,23
1376775766,1,24
1376776370,1,24
1376776897,0,25
1376777120,1,24
1376777724,1,24
1376777861,0,25
1376777888,1,24
1376778067,2,23
1376778671,2,23
1376779001,0,25
1376779182,0,25
1376779220,3,22
1376779823,3,22
1376780427,3,22
1376781041,3,22
1376781104,3,22
1376781106,5,20
1376781336,4,21
1376781348,3,22
1376781951,3,22
1376782283,4,21
1376782587,5,20
1376782636,5,20
1376782903,6,19
1376783460,7,18
1376783557,9,16
1376783604,9,16
1376783857,8,17
1376783871,7,18
1376784318,8,17
1376784424,7,18
1376784929,6,19
1376785065,7,18
1376785294,6,19
1376785898,6,19
1376786350,7,18
1376786548,6,19
1376787151,6,19
1376787544,7,18
1376788148,7,18
1376788742,8,17
1376788795,8,17
1376789192,8,17
1376789321,9,16
1376789925,9,16
1376790395,8,17
1376790431,8,17
1376790496,9,16
1376791099,9,16
1376791703,9,16
1376792306,9,16
1376792910,9,16
1376793513,9,16
1376794117,9,16
1376794720,9,16
1376795324,9,16
1376795442,10,15
1376796045,10,15
1376796649,10,15
1376797252,10,15
1376797856,10,15
1376798459,10,15
1376799063,10,15
1376799666,10,15
1376799717,11,14
1376800321,11,14
1376800924,11,14
1376801528,11,14
1376801607,10,15
1376802210,10,15
1376802814,10,15
1376803418,10,15
1376803992,9,16
1376804595,9,16
1376804826,8,17
1376805431,8,17
1376806034,8,17
1376806638,8,17
1376806937,7,18
1376806985,6,19
1376807589,6,19
1376808192,6,19
1376808797,6,19
1376808941,5,20
1376808981,6,19
1376809585,6,19
1376809645,6,19
1376809710,7,18
1376809747,8,17
1376810044,8,17
1376810134,7,18
1376810169,7,18
1376810245,8,17
1376810357,10,15
1376810961,10,15
1376811318,11,14
1376811446,12,13
1376812025,13,12
1376812085,13,12
1376812631,12,13
1376812689,11,14
1376812876,11,14
1376812910,12,13
1376813025,10,13
1376813062,10,14
1376813666,10,14
1376814075,10,14
1376814139,11,13
1376814194,10,14
1376814403,9,15
1376815006,9,15
1376815610,9,15
1376816214,9,15
1376816357,8,16
1376816621,8,16
1376816745,7,17
1376816772,6,18
1376817093,6,18
1376817200,8,16
1376817535,9,15
1376817742,10,14
1376817805,9,15
1376817875,8,16
1376818115,9,15
1376818299,9,15
1376818349,10,14
1376818952,10,14
1376819356,9,15
1376819520,11,13
1376820124,11,13
1376820511,12,12
1376821114,12,12
1376821289,10,14
1376821355,11,13
1376821489,10,14
1376821877,8,16
1376822480,8,16
1376822625,8,17
1376822649,8,17
1376822871,6,19
1376823187,5,20
1376823345,6,19
1376823363,6,19
1376823465,6,19
1376823519,7,18
1376823530,7,18
1376823633,7,18
1376823686,8,17
1376823708,8,17
1376823944,7,18
1376824089,7,18
1376824302,6,19
1376824409,6,19
1376824460,5,20
1376824768,4,21
1376824838,2,23
1376824856,1,24
1376824950,1,24
1376825024,1,24
1376825050,0,25
1376825352,1,24
1376825403,0,25
1376825562,1,24
1376825612,0,25
1376825681,0,25
1376825711,1,24
1376825863,0,24
1376825866,0,25
1376826523,0,25
1376826531,1,24
1376826928,0,25
1376827030,1,24
1376827105,0,25
1376827137,1,24
1376827480,1,24
1376827543,1,24
1376827602,0,25
1376827686,0,25
1376827742,0,25
1376828013,2,23
1376828037,0,25
1376828183,0,25
1376828787,0,25
1376828843,1,24
1376828897,3,22
1376829102,1,24
1376829201,0,25
1376829635,0,25
1376829739,0,25
1376829780,0,25
1376829923,0,25
1376830077,0,25
1376830157,0,25
1376830243,1,23
1376830293,3,22
1376830363,3,22
1376830365,4,21
1376830482,2,23
1376830537,3,22
1376830559,1,24
1376830832,0,25
1376830991,0,25
1376831195,0,25
1376831270,0,25
1376831382,0,25
1376831431,1,24
1376831499,0,25
1376831734,1,24
1376831780,0,25
1376831887,1,24
1376832017,0,25
1376832093,0,25
1376832161,2,22
1376832164,3,21
1376832279,3,21
1376832327,5,20
1376832377,5,20
1376832438,7,18
1376832601,7,18
1376832835,7,18
1376832930,8,17
1376832996,8,17
