1376208629,7,11
1376208932,8,10
1376208991,9,9
1376209019,10,8
1376209550,9,9
1376209639,10,8
1376209703,8,10
1376210063,7,11
1376210653,6,12
1376210713,6,12
1376211033,4,14
1376211049,5,13
1376211652,5,13
1376211964,4,14
1376212463,3,15
1376212718,1,17
1376212724,1,17
1376213327,1,17
1376213741,2,16
1376213764,3,15
1376214144,2,16
1376214331,2,16
1376214358,2,16
1376214860,3,15
1376214984,2,16
1376215406,1,17
1376215781,1,17
1376215792,0,18
1376216078,0,18
1376216104,0,18
1376216351,1,17
1376216555,1,17
1376216621,1,17
1376216666,1,17
1376216713,1,17
1376216770,2,16
1376217039,1,17
1376217157,1,17
1376217220,1,17
1376217403,1,17
1376217453,0,18
1376217509,0,18
1376217627,0,18
1376217694,0,18
1376218297,0,18
1376218901,0,18
1376219117,0,18
1376219201,1,17
1376219240,2,16
1376219416,3,15
1376219742,3,15
1376219798,1,17
1376219835,1,17
1376219923,1,17
1376219982,2,16
1376220036,2,16
1376220641,2,16
1376220943,0,18
1376221546,0,18
1376222150,0,18
1376222412,1,17
1376222935,1,17
1376223012,1,17
1376223048,1,17
1376223168,1,17
1376223304,1,17
1376223378,1,17
1376223462,2,16
1376223584,2,16
1376223586,3,15
1376223883,4,14
1376223983,4,14
1376224036,5,13
1376224286,4,14
1376224363,4,14
1376224413,6,12
1376224454,5,13
1376224498,4,14
1376224690,4,14
1376224760,6,12
1376225039,4,14
1376225125,3,15
1376225541,4,14
1376225624,3,15
1376225657,1,17
1376225786,0,18
1376226379,0,18
1376226495,0,18
1376226580,0,18
1376226618,0,18
1376226698,0,18
1376226725,0,18
1376226822,1,17
1376226872,1,17
1376226910,1,17
1376227001,2,16
1376227106,2,16
1376227138,3,15
1376227233,3,15
1376227296,3,15
1376227343,4,14
1376227534,5,13
1376227594,2,16
1376227634,2,16
1376227722,2,16
1376227725,1,17
1376228239,0,18
1376228379,0,18
1376228489,0,18
1376228828,0,18
1376228871,1,17
1376229033,0,18
1376229636,0,18
1376229780,0,18
1376229865,1,17
1376230086,0,18
1376230170,0,18
1376230212,1,17
1376230301,1,17
1376230423,2,16
1376230510,3,15
1376230595,5,13
1376230655,8,10
1376230675,10,8
1376230761,9,9
1376230840,11,7
1376230882,11,7
1376230915,12,6
1376231079,13,5
1376231380,12,6
1376231417,12,6
1376231476,12,5
1376231557,13,4
1376231602,13,4
1376231681,12,5
1376231743,12,5
1376231802,13,5
1376231848,14,4
1376232112,13,5
1376232220,13,5
1376232277,14,3
1376232340,13,4
1376232398,14,3
1376232461,13,4
1376232643,13,4
1376232761,14,3
1376232823,14,3
1376232869,14,3
1376232932,14,3
1376233178,13,4
1376233332,9,8
1376233914,9,8
1376234035,9,8
1376234109,9,8
1376234187,8,8
1376234236,6,10
1376234323,7,9
1376234382,8,8
1376234443,7,8
1376234494,6,9
1376234556,7,9
1376234587,6,10
1376234908,5,11
1376235035,7,9
1376235052,6,10
1376235362,7,10
1376235410,6,11
1376235644,5,12
1376235703,3,14
1376235757,3,14
1376235810,4,13
1376235848,6,11
1376236063,5,12
1376236094,2,15
1376236478,1,16
1376236489,0,17
1376237076,1,16
1376237135,2,15
1376237159,1,16
1376237354,2,15
1376237486,4,13
1376237542,5,12
1376237589,5,12
1376238069,6,11
1376238673,6,12
1376238964,6,12
1376239049,7,11
1376239085,8,10
1376239688,8,10
1376240178,11,7
1376240230,12,6
1376240321,12,6
1376240324,11,7
1376240681,12,6
1376240683,13,5
1376240915,9,9
1376241094,8,10
1376241106,9,9
1376241702,11,7
1376241935,10,8
1376241945,11,7
1376242549,11,7
1376242763,10,8
1376242840,10,8
1376242889,11,7
1376242952,10,8
1376243020,10,8
1376243030,11,7
1376243200,11,7
1376243239,11,7
1376243846,11,7
1376243966,8,10
1376244279,7,11
1376244329,5,13
1376244365,6,12
1376244454,5,13
1376244506,4,14
1376244572,3,15
1376244636,1,17
1376244655,2,16
1376244760,4,14
1376244919,3,15
1376245241,4,14
1376245264,5,13
1376245356,5,13
1376245396,5,13
1376245438,6,12
1376246042,5,13
1376246515,5,13
1376246837,5,13
1376246896,5,13
1376246974,6,12
1376247029,7,11
1376247207,8,10
1376247559,9,9
1376247723,9,9
1376247805,9,9
1376247849,10,8
1376248220,9,9
1376248823,9,9
1376248898,9,9
1376248909,8,10
1376249513,8,10
1376249726,9,9
1376249826,10,8
1376250370,11,7
1376250490,11,7
1376250559,12,6
1376250596,13,5
1376250990,13,5
1376251056,12,6
1376251094,13,5
1376251411,14,4
1376251987,14,4
1376252027,15,3
1376252089,15,3
1376252147,16,2
1376252209,15,3
1376252812,15,3
1376252938,14,4
1376253541,14,4
1376254145,14,4
1376254356,13,5
1376254469,12,6
1376254961,11,7
1376254964,10,8
1376255567,10,8
1376256171,10,8
1376256776,10,8
1376256883,10,7
1376256902,12,6
1376257033,11,7
1376257636,11,7
1376258131,11,7
1376258176,12,6
1376258220,13,5
1376258858,12,6
1376258872,11,7
1376259048,9,9
1376259651,9,9
1376260255,9,9
1376260858,9,9
1376261481,7,11
1376262085,7,11
1376262490,6,12
1376263094,6,12
1376263162,5,13
1376263765,5,13
1376264369,5,13
1376264972,5,13
1376265420,6,12
1376265647,5,13
1376265711,5,13
1376266314,5,13
1376266918,5,13
1376267521,5,13
1376268125,5,13
1376268728,5,13
1376269332,5,13
1376269935,5,13
1376270539,5,13
1376271142,5,13
1376271516,5,13
1376272119,5,13
1376272722,5,13
1376273326,5,13
1376273930,5,13
1376274533,5,13
1376275137,5,13
1376275740,5,13
1376276344,5,13
1376276947,5,13
1376277498,6,12
1376277761,5,13
1376278357,6,12
1376278960,6,12
1376279094,5,13
1376279697,5,13
1376280301,5,13
1376280904,5,13
1376281508,5,13
1376282111,5,13
1376282715,5,13
1376283318,5,13
1376283922,5,13
1376284527,5,13
1376285131,5,13
1376285734,5,13
1376286338,5,13
1376286941,5,13
1376287228,4,14
1376287387,5,13
1376287990,5,13
1376288070,5,13
1376288085,6,12
1376288177,5,13
1376288219,6,12
1376288441,6,12
1376288455,7,11
1376289058,7,11
1376289662,7,11
1376290265,7,11
1376290869,7,11
1376290911,6,12
1376291103,5,13
1376291478,4,14
1376291553,5,13
1376292005,4,14
1376292608,4,14
1376293212,4,14
1376293815,4,14
1376293892,3,15
1376294495,3,15
1376294555,4,14
1376295159,4,14
1376295342,5,13
1376295945,5,13
1376296549,5,13
1376297152,5,13
1376297225,4,14
1376297829,4,14
1376297970,3,15
1376298507,3,15
1376298525,4,14
1376299128,4,14
1376299384,5,13
1376299714,3,14
1376300012,3,14
1376300195,3,14
1376300237,3,14
1376300268,3,14
1376300372,4,13
1376300424,3,14
1376300490,4,13
1376300550,6,12
1376300571,5,13
1376300796,4,14
1376300862,4,14
1376300904,4,14
1376300980,4,14
1376301039,4,14
1376301047,5,13
1376301459,5,13
1376301474,6,12
1376301820,6,12
1376301848,5,13
1376302176,6,12
1376302779,6,12
1376302986,6,12
1376303043,7,11
1376303646,7,11
1376304155,6,12
1376304270,5,13
1376304330,5,13
1376304393,6,12
1376304419,5,12
1376304470,5,12
1376304573,5,13
1376304629,5,13
1376304694,5,13
1376304745,5,13
1376304789,6,12
1376304836,5,13
1376305234,6,12
1376305595,5,13
1376305627,4,14
1376305905,4,14
1376306509,4,14
1376306895,3,15
1376307207,2,16
1376307810,2,16
1376308288,3,15
1376308474,3,15
1376308491,4,14
1376309094,4,14
1376309243,3,15
1376309303,4,14
1376309365,6,12
1376309488,4,14
1376309796,4,14
1376309842,5,13
1376309912,7,11
1376309949,8,10
1376310419,8,10
1376311023,8,10
1376311182,7,11
1376311300,7,11
1376311345,6,12
1376311501,7,11
1376311689,7,11
1376312292,7,11
1376312443,7,11
1376312540,8,10
1376313084,8,10
1376313126,9,9
1376313221,9,9
1376313268,10,8
1376313340,9,9
1376313447,9,9
1376313490,10,8
1376313581,12,6
1376313631,11,7
1376313668,12,6
1376313760,11,7
1376313802,11,7
1376313846,12,6
1376313940,10,8
1376314001,10,8
1376314055,10,8
1376314064,11,7
1376314203,11,7
1376314356,12,6
1376314540,12,6
1376314553,12,6
1376314773,13,5
1376315315,12,6
1376315918,12,6
1376316017,11,7
1376316621,11,7
1376316820,11,7
1376316860,12,6
1376316908,13,5
1376316978,12,6
1376317028,12,6
1376317100,12,6
1376317297,11,7
1376317360,11,7
1376317422,11,7
1376317474,10,8
1376317519,11,7
1376317748,10,8
1376318068,10,8
1376318113,11,7
1376318717,11,7
1376318802,11,7
1376318804,12,6
1376319408,12,6
1376319662,10,8
1376320266,10,8
1376320780,8,9
1376320842,9,8
1376320944,7,10
1376321293,7,10
1376321897,7,10
1376321976,7,10
1376322041,7,10
1376322076,8,9
1376322161,8,9
1376322176,9,8
1376322339,9,8
1376322403,9,8
1376322413,10,7
1376323017,10,7
1376323179,12,5
1376323281,12,5
1376323330,13,4
1376323369,12,5
1376323973,12,5
1376324081,10,7
1376324132,10,7
1376324198,10,6
1376324263,11,4
1376324318,11,4
1376324381,10,5
1376324432,11,6
1376324475,12,5
1376324664,12,5
1376324742,12,5
1376324802,12,5
1376324849,13,4
1376325017,12,5
1376325152,11,6
1376325213,10,7
1376325228,10,7
1376325832,10,7
1376326052,9,8
1376326078,8,9
1376326380,7,10
1376326479,6,11
1376326531,6,11
1376326603,7,10
1376326606,8,9
1376326713,7,10
1376326864,6,11
1376327023,6,11
1376327074,9,8
1376327290,8,9
1376327359,7,10
1376327963,7,10
1376328037,8,9
1376328075,8,9
1376328161,7,10
1376328267,8,9
1376328334,6,11
1376328368,6,11
1376328460,7,10
1376328522,7,10
1376328538,9,8
1376328769,8,9
1376328924,7,10
1376329248,7,9
1376329373,6,10
1376329976,6,10
1376330072,7,9
1376330406,8,8
1376330790,9,7
1376330831,9,7
1376330905,10,6
1376331508,10,6
1376331752,9,7
1376331972,10,6
1376332576,10,6
1376333022,10,6
1376333051,10,6
1376333118,10,6
1376333161,11,5
1376333240,11,5
1376333844,11,5
1376334447,11,5
1376334647,10,6
1376335252,10,6
1376335841,10,6
1376335843,11,5
1376336230,10,6
1376336611,9,7
1376336638,8,8
1376337002,7,9
1376337269,6,10
1376337872,6,10
1376338476,6,10
1376339080,6,10
1376339683,6,10
1376339927,5,11
1376340531,5,11
1376341134,5,11
1376341579,4,12
1376342008,5,11
1376342063,6,10
1376342667,6,10
1376343270,6,10
1376343442,6,10
1376343504,6,10
1376343547,7,9
1376344150,7,9
1376344754,7,9
1376345365,7,9
1376345532,8,8
1376346135,8,8
1376346739,8,8
1376347342,8,8
1376347945,8,8
1376348549,8,8
1376349152,8,8
1376349756,8,8
1376350359,8,8
1376350840,10,6
1376351444,10,6
1376351559,11,5
1376351613,10,6
1376352217,10,6
1376352270,11,5
1376352873,11,5
1376352972,12,4
1376353576,12,4
1376353654,13,3
1376353708,13,3
1376353746,12,4
1376353923,13,3
1376354091,12,4
1376354257,12,4
1376354274,12,3
1376354877,12,4
1376355480,12,4
1376355880,13,3
1376355927,12,4
1376356531,12,4
1376357134,12,4
1376357916,12,4
1376358520,12,4
1376359123,12,4
1376359727,12,4
1376360331,12,4
1376360934,12,4
1376361538,12,4
1376362141,12,4
1376362497,11,5
1376363101,11,5
1376363705,11,5
1376364308,11,5
1376364911,11,5
1376365515,11,5
1376366119,11,5
1376366722,11,5
1376367083,11,5
1376367120,12,4
1376367724,12,4
1376368327,12,4
1376368931,12,4
1376369534,12,4
1376370138,12,4
1376370741,12,4
1376371345,12,4
1376371948,12,4
1376372552,12,4
1376373155,12,4
1376373759,12,4
1376374362,12,4
1376374828,11,5
1376374898,11,5
1376375275,12,4
1376375879,12,4
1376376482,12,4
1376377086,12,4
1376377689,12,4
1376377749,11,5
1376377788,10,6
1376378320,11,5
1376378465,10,6
1376378715,11,5
1376379318,11,5
1376379922,11,5
1376380525,11,5
1376381129,11,5
1376381733,11,5
1376382336,11,5
1376382940,11,5
1376382952,11,6
1376383541,11,6
1376383557,11,6
1376384161,11,6
1376384353,10,7
1376384958,10,7
1376385523,9,8
1376385633,9,8
1376385668,10,7
1376386272,10,7
1376386875,10,7
1376387479,10,7
1376388083,10,7
1376388519,11,6
1376388562,11,6
1376388591,12,5
1376388683,13,4
1376388748,13,4
1376388768,14,3
1376388876,13,4
1376388998,12,5
1376389053,12,5
1376389095,12,5
1376389699,12,5
1376389818,11,6
1376389929,12,5
1376390230,11,6
1376390580,10,7
1376390859,11,6
1376390970,10,7
1376391327,8,9
1376391522,6,11
1376391938,2,15
1376392475,1,16
1376392540,1,16
1376392601,1,15
1376392649,1,16
1376392695,2,15
1376393323,2,15
1376393325,1,16
1376393405,2,15
1376393763,1,16
1376394035,2,15
1376394390,1,16
1376394404,1,16
1376394930,0,17
1376395001,1,16
1376395013,0,17
1376395617,0,17
1376396221,0,17
1376396358,0,17
1376396403,1,16
1376397014,2,15
1376397618,2,15
1376397947,1,16
1376398551,1,16
1376399082,1,15
1376399139,2,15
1376399164,3,14
1376399260,4,13
1376399305,5,11
1376399359,6,10
1376399963,6,11
1376400391,5,12
1376400421,4,13
1376400573,2,15
1376400596,0,17
1376401146,0,17
1376401257,0,17
1376401862,0,17
1376402171,1,16
1376402383,0,17
1376402585,1,16
1376402891,1,16
1376402976,1,16
1376403028,1,16
1376403076,2,15
1376403145,1,16
1376403175,1,16
1376403231,2,15
1376403835,2,15
1376403930,3,14
1376403973,4,13
1376404342,5,12
1376404518,4,13
1376404677,2,15
1376405128,2,15
1376405145,3,14
1376405333,2,15
1376405439,3,14
1376405497,2,15
1376405614,2,15
1376405658,3,14
1376405690,4,13
1376405854,4,13
1376405869,5,12
1376406082,6,11
1376406686,6,11
1376406762,5,12
1376407046,5,12
1376407120,5,12
1376407160,5,12
1376407196,6,11
1376407280,5,12
1376407322,6,11
1376407926,6,11
1376408258,6,11
1376408862,6,11
1376409084,3,14
1376409137,2,15
1376409214,2,15
1376409260,3,14
1376409863,3,14
1376409942,3,14
1376409971,3,14
1376410092,3,14
1376410172,3,14
1376410196,3,14
1376410292,3,14
1376410328,2,15
1376410398,3,14
1376410512,4,13
1376410721,3,14
1376410841,3,14
1376410898,3,14
1376410956,2,15
1376410988,3,14
1376411056,4,13
1376411249,4,13
1376411290,8,9
1376411581,7,10
1376411756,5,12
1376411916,5,12
1376411964,6,11
1376412043,8,9
1376412087,9,8
1376412141,9,8
1376412181,11,6
1376412239,11,6
1376412322,12,5
1376412397,12,5
1376412452,13,4
1376412514,12,5
1376412563,11,6
1376412627,12,5
1376412811,10,7
1376412909,12,5
1376413162,11,6
1376413214,12,5
1376413818,12,5
1376413902,12,5
1376413961,12,5
1376413986,12,5
1376414122,10,7
1376414316,12,5
1376414379,12,5
1376414387,13,4
1376414656,13,4
1376414915,12,5
1376415390,11,6
1376415883,10,7
1376416495,9,8
1376416643,8,9
1376416831,7,10
1376417435,7,10
1376417562,7,10
1376417592,8,9
1376417675,8,9
1376417686,9,8
1376418079,8,9
1376418184,8,9
1376418272,9,8
1376418342,11,6
1376418367,12,5
1376418456,13,4
1376418490,12,5
1376418528,12,5
1376418613,12,5
1376418755,13,4
1376418902,12,5
1376418979,10,7
1376419016,11,6
1376419538,11,6
1376419567,12,5
1376420171,12,5
1376420775,12,5
1376421378,12,5
1376421852,13,4
1376422456,13,4
1376423060,13,4
1376423126,12,5
1376423177,13,4
1376423305,12,5
1376423513,10,7
1376423695,9,8
1376424299,9,8
1376424790,10,7
1376425394,10,7
1376425862,9,8
1376426465,9,8
1376427096,7,10
1376427700,7,10
1376428303,7,10
1376428387,8,9
1376428483,9,8
1376428989,8,9
1376429592,8,9
1376430196,8,9
1376430676,7,10
1376431113,7,10
1376431125,8,9
1376431729,8,9
1376432332,8,9
1376432936,8,9
1376433338,8,9
1376433462,7,10
1376434066,7,10
1376434301,6,11
1376434361,5,12
1376434657,6,11
1376434950,5,12
1376435554,5,12
1376436157,5,12
1376436338,6,11
1376436817,6,11
1376436829,7,10
1376437433,7,10
1376437601,6,11
1376438205,6,11
1376438809,6,11
1376439412,6,11
1376440016,6,11
1376440619,6,11
1376441223,6,11
1376441606,5,12
1376442210,5,12
1376442814,5,12
1376443417,5,12
1376444021,5,12
1376444319,5,12
1376444922,5,12
1376445525,5,12
1376446129,5,12
1376446732,5,12
1376447336,5,12
1376447940,5,12
1376448543,5,12
1376449147,5,12
1376449543,3,14
1376449567,2,15
1376450170,2,15
1376450547,3,14
1376451151,3,14
1376451754,3,14
1376452358,3,14
1376452961,3,14
1376453565,3,14
1376454168,3,14
1376454772,3,14
1376455376,3,14
1376455727,2,15
1376456331,2,15
1376456935,2,15
1376457367,3,14
1376457970,3,14
1376458535,4,13
1376458938,3,14
1376459541,3,14
1376460145,3,14
1376460748,3,14
1376460999,4,13
1376461602,4,13
1376462207,4,13
1376462813,4,13
1376463417,4,13
1376464020,4,13
1376464327,5,12
1376464388,5,12
1376464952,4,13
1376464967,5,12
1376465570,5,12
1376465743,5,12
1376465798,6,11
1376466401,6,11
1376467042,5,12
1376467645,5,12
1376468249,5,12
1376468377,6,11
1376468405,6,11
1376468501,7,10
1376468504,8,9
1376468632,7,10
1376468765,7,10
1376468882,7,10
1376468983,7,10
1376469017,8,9
1376469101,8,9
1376469140,9,8
1376469363,8,9
1376469632,7,10
1376470236,7,10
1376470269,6,11
1376470316,7,10
1376470388,6,11
1376470460,7,10
1376470868,7,10
1376470960,8,9
1376471071,7,10
1376471121,7,10
1376471161,8,9
1376471617,8,9
1376471650,9,8
1376472253,9,8
1376472523,6,11
1376472526,6,11
1376472678,7,10
1376472813,7,10
1376472844,8,10
1376473447,8,10
1376473708,9,9
1376474312,9,9
1376474437,9,9
1376474447,8,10
1376474855,7,11
1376475035,7,11
1376475048,8,10
1376475686,9,9
1376475757,8,10
1376475778,9,9
1376476123,10,8
1376476726,10,8
1376477329,10,8
1376477411,9,9
1376477895,10,8
1376477975,9,9
1376478518,8,10
1376478533,6,12
1376478606,6,12
1376479120,6,12
1376479158,7,11
1376479225,7,11
1376479276,6,12
1376479354,7,11
1376479899,6,12
1376480367,6,12
1376480403,7,11
1376480827,6,12
1376481431,6,12
1376481880,7,11
1376481931,8,10
1376481974,9,9
1376482037,10,8
1376482090,8,10
1376482253,8,10
1376482335,8,10
1376482418,8,10
1376482466,9,9
1376482522,11,7
1376482925,10,8
1376483224,9,9
1376483668,9,9
1376483721,8,10
1376483798,9,9
1376483861,9,8
1376483880,9,8
1376483974,8,9
1376484041,9,8
1376484200,8,9
1376484284,10,8
1376484398,10,8
1376484489,10,8
1376484542,11,7
1376484677,10,8
1376484763,9,9
1376484775,8,10
1376484876,6,12
1376484934,7,11
1376484970,8,10
1376485061,8,10
1376485127,7,11
1376485731,7,11
1376485902,7,11
1376485904,6,12
1376486154,6,12
1376486323,7,11
1376486338,6,12
1376486438,7,11
1376486457,8,10
1376486739,8,10
1376486766,8,10
1376486832,8,10
1376487435,8,10
1376487896,7,11
1376488184,8,10
1376488185,8,10
1376488358,8,10
1376488408,9,9
1376488443,10,8
1376488603,10,8
1376488663,12,6
1376489267,12,6
1376489365,13,5
1376489483,11,7
1376489615,10,8
1376489840,11,7
1376490131,13,5
1376490223,13,5
1376490367,14,4
1376490988,13,5
1376491113,13,5
1376491136,13,5
1376491232,13,5
1376491287,14,4
1376491891,14,4
1376492494,14,4
1376493098,14,4
1376493162,14,4
1376493165,13,5
1376493691,14,4
1376493738,13,5
1376493799,13,5
1376493876,14,4
1376493908,13,5
1376493985,14,4
1376494108,11,7
1376494711,11,7
1376494876,12,6
1376495216,13,5
1376495623,12,6
1376495630,11,7
1376495703,9,9
1376495802,10,8
1376495863,10,8
1376495891,11,7
1376495981,12,6
1376496007,12,6
1376496641,12,6
1376496850,13,5
1376497453,13,5
1376498057,13,5
1376498124,13,5
1376498376,12,6
1376498980,12,6
1376499222,11,7
1376499232,12,6
1376499463,11,7
1376499500,11,7
1376499560,13,5
1376499846,12,6
1376500450,12,6
1376500497,11,7
1376500836,10,8
1376500886,9,9
1376500919,8,10
1376500983,8,10
1376501520,7,11
1376502123,7,11
1376502282,6,12
1376502459,5,13
1376503063,5,13
1376503356,4,14
1376503542,4,14
1376503832,3,15
1376504380,3,15
1376504527,2,16
1376505130,2,16
1376505252,2,16
1376505377,0,18
1376505410,0,18
1376505471,1,17
1376505569,1,17
1376505627,1,17
1376505664,2,16
1376505732,2,16
1376505800,3,15
1376505843,4,14
1376506242,5,13
1376506280,4,14
1376506356,4,14
1376506391,5,13
1376506633,5,13
1376506698,7,11
1376506901,8,10
1376507505,8,10
1376507760,7,11
1376508039,7,11
1376508068,8,10
1376508130,7,11
1376508454,5,13
1376508507,4,14
1376508842,3,15
1376509422,3,15
1376509425,2,16
1376509838,3,15
1376509865,4,14
1376510140,3,14
1376510161,3,14
1376510436,2,15
1376510498,2,15
1376510513,2,15
1376510803,2,15
1376510852,2,15
1376510867,2,15
1376511157,2,15
1376511220,2,15
1376511276,0,17
1376511523,0,17
1376511574,0,17
1376511685,1,16
1376511876,1,16
1376511931,1,16
1376511949,2,15
1376512241,2,15
1376512278,2,15
1376512596,2,15
1376512635,2,15
1376512894,2,15
1376512961,2,15
1376512988,2,15
1376513318,2,15
1376513341,2,15
1376513679,2,15
1376513695,2,15
1376513861,1,16
1376514032,1,16
1376514048,1,16
1376514337,1,16
1376514402,1,16
1376514576,1,16
1376514631,1,16
1376514702,1,16
1376514751,1,16
1376514802,1,16
1376514842,2,15
1376514935,3,14
1376515058,3,14
1376515108,3,14
1376515421,3,14
1376515461,3,14
1376515775,3,14
1376515814,3,14
1376515938,2,15
1376516143,2,15
1376516168,2,15
1376516503,2,15
1376516520,2,15
1376516858,2,15
1376516908,0,17
1376517163,0,17
1376517212,0,17
1376517229,0,17
1376517516,0,17
1376517580,0,17
1376517882,0,17
1376517933,0,17
1376518235,0,17
1376518287,0,17
1376518600,0,17
1376518640,0,17
1376518953,0,17
1376518994,0,17
1376519111,1,16
1376519313,1,16
1376519350,2,15
1376519679,2,15
1376519703,2,15
1376520041,2,15
1376520057,2,15
1376520395,2,15
1376520410,2,15
1376520644,4,13
1376520699,5,12
1376520762,5,12
1376521052,5,12
1376521116,5,12
1376521418,4,13
1376521469,4,13
1376521783,4,13
1376521821,4,13
1376522136,4,13
1376522175,4,13
1376522260,5,12
1376522489,5,12
1376522527,5,12
1376522857,5,12
1376522880,5,12
1376523219,5,12
1376523234,5,12
1376523523,5,12
1376523572,5,12
1376523587,5,12
1376523877,5,12
1376523941,5,12
1376524230,5,12
1376524294,5,12
1376524362,5,12
1376524364,4,13
1376524603,4,13
1376524648,4,13
1376524962,4,13
1376525001,4,13
1376525316,4,13
1376525354,4,13
1376525448,3,14
1376525546,4,13
1376525669,4,13
1376525708,4,13
1376526037,4,13
1376526061,4,13
1376526263,5,12
1376526400,5,12
1376526415,5,12
1376526551,4,13
1376526753,4,13
1376526768,4,13
1376527058,4,13
1376527121,4,13
1376527411,4,13
1376527475,4,13
1376527778,4,13
1376527829,4,13
1376528143,4,13
1376528182,4,13
1376528497,4,13
1376528535,4,13
1376528849,4,13
1376528888,4,13
1376529217,4,13
1376529242,4,13
1376529580,4,13
1376529595,4,13
1376529884,4,13
1376529934,4,13
1376529949,4,13
1376530238,4,13
1376530302,4,13
1376530716,4,13
1376530954,4,13
1376531017,4,13
1376531320,4,13
1376531370,4,13
1376531673,4,13
1376531723,4,13
1376532038,4,13
1376532076,4,13
1376532391,4,13
1376532430,4,13
1376532760,4,13
1376532783,4,13
1376533122,4,13
1376533137,4,13
1376533475,4,13
1376533490,4,13
1376533722,5,12
1376533780,5,12
1376533828,5,12
1376533843,5,12
1376534133,5,12
1376534197,5,12
1376534500,5,12
1376534550,5,12
1376534853,5,12
1376534903,5,12
1376535218,5,12
1376535257,5,12
1376535571,5,12
1376535608,5,12
1376535939,5,12
1376535963,5,12
1376536301,5,12
1376536316,5,12
1376536510,4,13
1376536656,4,13
1376536670,4,13
1376536960,4,13
1376537008,4,13
1376537024,4,13
1376537261,5,12
1376537312,5,12
1376537376,5,12
1376537678,5,12
1376537729,5,12
1376538032,5,12
1376538083,5,12
1376538397,5,12
1376538436,5,12
1376538750,5,12
1376538789,5,12
1376539119,5,12
1376539143,5,12
1376539481,5,12
1376539496,5,12
1376539835,5,12
1376539849,5,12
1376540139,5,12
1376540202,5,12
1376540492,5,12
1376540556,5,12
1376540859,5,12
1376540909,5,12
1376541212,5,12
1376541264,4,13
1376541577,4,13
1376541616,4,13
1376541931,4,13
1376541972,4,13
1376542299,4,13
1376542323,4,13
1376542662,4,13
1376542676,4,13
1376543015,4,13
1376543030,4,13
1376543320,4,13
1376543383,4,13
1376543673,4,13
1376543736,4,13
1376544039,4,13
1376544091,4,13
1376544393,4,13
1376544443,4,13
1376544757,4,13
1376544796,4,13
1376545111,4,13
1376545150,4,13
1376545479,4,13
1376545503,4,13
1376545842,4,13
1376545856,4,13
1376546195,4,13
1376546208,4,13
1376546499,4,13
1376546562,4,13
1376546852,4,13
1376546915,4,13
1376547219,3,14
1376547270,3,14
1376547573,3,14
1376547624,3,14
1376547928,3,15
1376548531,3,15
1376549135,3,15
1376549557,2,16
1376550120,2,16
1376550173,3,15
1376550777,3,15
1376551380,3,15
1376551753,2,16
1376551830,2,16
1376551868,3,15
1376551910,4,14
1376552513,4,14
1376553117,4,14
1376553502,4,14
1376553636,3,15
1376554240,3,15
1376554482,3,15
1376554484,2,16
1376554600,2,16
1376554618,2,16
1376555110,1,17
1376555440,0,18
1376556044,0,18
1376556648,0,18
1376557252,0,18
1376557605,0,18
1376557671,0,18
1376557758,0,18
1376558294,0,18
1376558606,0,18
1376558659,0,18
1376558722,0,18
1376558800,0,18
1376558819,1,17
1376558921,2,16
1376558955,1,17
1376559510,1,17
1376559566,1,17
1376560049,3,15
1376560111,4,14
1376560153,4,14
1376560202,4,14
1376560295,4,14
1376560337,4,14
1376560394,5,13
1376560457,5,13
1376560492,6,12
1376560704,5,13
1376560823,3,15
1376561426,3,15
1376562030,3,15
1376562633,3,15
1376563029,4,14
1376563214,2,16
1376563348,0,18
1376563952,0,18
1376564555,0,18
1376564682,0,18
1376564737,0,18
1376564775,1,17
1376564860,1,17
1376564891,2,16
1376565146,2,16
1376565213,4,14
1376565229,5,13
1376565522,4,14
1376565893,3,15
1376566132,2,16
1376566284,2,16
1376566354,2,16
1376566420,4,14
1376566617,2,16
1376566688,2,16
1376566893,2,16
1376566941,4,14
1376567545,4,14
1376567716,5,13
1376568319,5,13
1376568508,6,12
1376569038,6,12
1376569101,6,12
1376569347,3,15
1376569413,4,14
1376569440,5,13
1376569575,4,14
1376570173,4,14
1376570242,5,13
1376570440,4,14
1376570458,3,15
1376570534,3,15
1376570593,4,14
1376571196,4,14
1376571297,3,15
1376571638,2,16
1376571659,1,17
1376572087,0,18
1376572710,0,18
1376572729,0,18
1376572877,0,18
1376573012,0,18
1376573054,0,18
1376573111,1,17
1376573742,1,17
1376573746,0,18
1376573838,0,18
1376573892,0,18
1376573972,1,17
1376573998,0,18
1376574093,0,18
1376574156,1,17
1376574197,0,18
1376574541,0,18
1376574671,0,18
1376574762,1,17
1376574788,0,18
1376574841,1,17
1376575151,1,17
1376575187,2,16
1376575298,3,15
1376575537,1,17
1376575691,1,17
1376575769,3,15
1376575837,4,14
1376575865,6,12
1376576468,6,12
1376576572,4,14
1376576655,4,14
1376576692,5,13
1376577068,3,15
1376577126,2,15
1376577222,1,17
1376577269,1,17
1376577288,2,16
1376577433,3,15
1376577520,4,14
1376578002,4,14
1376578018,5,13
1376578621,5,13
1376579029,4,14
1376579254,4,14
1376579301,5,13
1376579373,6,11
1376579442,6,11
1376579450,7,10
1376579562,7,10
1376579596,8,9
1376579667,8,9
1376579742,9,8
1376579801,10,7
1376579809,12,6
1376580001,14,4
1376580048,13,5
1376580341,11,7
1376580363,9,9
1376580461,8,10
1376580519,9,9
1376580555,10,8
1376580649,9,9
1376581003,10,8
1376581017,11,7
1376581195,10,8
1376581412,10,8
1376581463,10,8
1376581697,11,7
1376581782,11,7
1376581784,12,6
1376581882,11,7
1376581923,11,7
1376581984,10,8
1376582080,11,7
1376582282,12,6
1376582432,14,4
1376582488,14,4
1376582530,14,4
1376582617,13,5
1376582649,14,4
1376582794,13,5
1376582853,13,5
1376582913,14,4
1376582944,13,5
1376583102,13,5
1376583161,14,4
1376583206,14,4
1376583339,13,5
1376583400,12,6
1376583535,13,5
1376583751,12,6
1376584051,13,5
1376584083,12,6
1376584652,13,5
1376584710,14,4
1376584943,12,6
1376585546,12,6
1376586150,12,6
1376586401,11,7
1376586423,10,8
1376586506,9,9
1376586555,11,7
1376587159,11,7
1376587721,12,6
1376587756,10,8
1376588361,9,9
1376588964,9,9
1376589204,7,11
1376589519,8,10
1376590123,8,10
1376590135,7,11
1376590357,7,11
1376590370,8,10
1376590974,8,10
1376591418,6,12
1376591490,6,12
1376591562,6,12
1376591602,8,10
1376592206,8,10
1376592441,8,10
1376592512,9,9
1376592579,9,9
1376592590,10,8
1376592939,10,8
1376593518,11,7
1376593570,10,8
1376594077,8,10
1376594132,7,11
1376594175,7,11
1376594366,5,13
1376594561,4,14
1376594903,4,14
1376594981,5,13
1376595028,5,13
1376595077,6,12
1376595188,7,11
1376595394,6,12
1376595516,3,15
1376595577,3,15
1376595616,3,15
1376595703,5,13
1376595704,5,13
1376596104,6,12
1376596243,5,13
1376596287,5,13
1376596337,6,12
1376596875,5,13
1376597025,5,13
1376597122,6,12
1376597156,7,11
1376597383,7,11
1376597395,8,10
1376597468,9,9
1376598081,9,9
1376598118,10,8
1376598246,11,7
1376598850,11,7
1376598973,12,6
1376599421,13,5
1376599454,13,5
1376599595,13,5
1376599628,14,4
1376600001,13,5
1376600490,14,4
1376600537,15,3
1376600608,15,3
1376600725,13,5
1376601328,13,5
1376601932,13,5
1376602086,12,6
1376602396,12,6
1376602430,13,5
1376603034,13,5
1376603637,13,5
1376604268,12,6
1376604340,12,6
1376604351,13,5
1376604711,12,6
1376605200,11,7
1376605803,11,7
1376606407,11,7
1376606501,11,7
1376606556,12,6
1376606611,13,5
1376607223,13,5
1376607826,13,5
1376608430,13,5
1376609033,13,5
1376609262,13,5
1376609264,13,5
1376609345,14,4
1376609424,14,4
1376609476,15,3
1376610079,15,3
1376610564,14,4
1376611167,14,4
1376611393,13,5
1376611996,13,5
1376612600,13,5
1376613204,13,5
1376613807,13,5
1376614411,13,5
1376615014,13,5
1376615619,13,5
1376616223,13,5
1376616760,12,6
1376617114,12,6
1376617717,12,6
1376618320,12,6
1376618923,12,6
1376619527,12,6
1376620130,12,6
1376620734,12,6
1376621338,12,6
1376621941,12,6
1376622545,12,6
1376623148,12,6
1376623418,10,8
1376624022,10,8
1376624625,10,8
1376625229,10,8
1376625832,10,8
1376626436,10,8
1376627083,10,8
1376627085,11,7
1376627643,12,6
1376628246,12,6
1376628850,12,6
1376629453,12,6
1376630057,12,6
1376630660,12,6
1376631264,12,6
1376631867,12,6
1376632471,12,6
1376633074,12,6
1376633379,12,6
1376633387,13,5
1376633990,13,5
1376634593,13,5
1376635197,13,5
1376635801,13,5
1376636404,13,5
1376637008,13,5
1376637210,14,4
1376637814,14,4
1376638418,14,4
1376639021,14,4
1376639625,14,4
1376639743,14,4
1376639777,15,3
1376639852,14,4
1376640456,14,4
1376640701,15,3
1376641016,14,4
1376641527,13,5
1376642063,14,4
1376642544,13,5
1376643147,13,5
1376643166,12,6
1376643514,13,5
1376644118,13,5
1376644542,12,6
1376644550,12,6
1376644698,10,8
1376644885,9,9
1376645359,10,8
1376645502,10,8
1376645504,9,9
1376646107,9,9
1376646711,9,9
1376647315,9,9
1376647918,9,9
1376648012,6,12
1376648046,5,13
1376648167,4,14
1376648262,4,14
1376648308,5,13
1376648405,5,13
1376648477,6,12
1376648527,6,12
1376648566,7,11
1376648637,8,10
1376649241,8,10
1376649477,9,9
1376649876,8,10
1376649901,7,11
1376650157,6,12
1376650239,5,13
1376650298,4,13
1376650346,2,16
1376650937,1,17
1376651441,1,17
1376651451,0,18
1376651733,0,18
1376651751,1,17
1376652103,2,16
1376652113,1,17
1376652268,2,16
1376652427,1,17
1376652480,0,18
1376652628,1,17
1376653108,1,17
1376653127,2,16
1376653290,1,17
1376653460,2,16
1376653533,2,16
1376653587,2,16
1376653611,3,15
1376654227,2,15
1376654427,2,15
1376654463,2,15
1376654540,0,17
1376654613,0,17
1376654672,0,17
1376654738,1,16
1376654774,0,17
1376654837,0,17
1376654982,0,17
1376655088,0,18
1376655151,0,18
1376655202,0,18
1376655233,1,17
1376655491,0,18
1376656094,0,18
1376656348,0,18
1376656384,1,17
1376656459,2,16
1376656831,2,16
1376656850,3,15
1376657073,2,16
1376657142,2,16
1376657161,4,14
1376657441,2,16
1376657503,2,16
1376657545,1,17
1376657613,1,17
1376657680,0,18
1376657800,0,18
1376657837,0,18
1376657920,1,17
1376658222,0,18
1376658245,0,18
1376658403,0,18
1376658411,0,18
1376658852,1,17
1376659233,0,18
1376659837,0,18
1376660196,0,18
1376660246,2,16
1376660298,2,16
1376660370,3,15
1376660443,3,15
1376660502,2,16
1376660537,4,14
1376660676,4,14
1376660692,5,13
1376660835,4,14
1376660908,4,14
1376660928,5,12
1376661083,5,12
1376661144,5,12
1376661186,5,12
1376661277,5,12
1376661337,6,11
1376661374,8,9
1376661432,8,9
1376661515,10,7
1376661583,10,7
1376661641,11,6
1376661683,11,6
1376661728,12,5
1376661804,12,5
1376661848,13,4
1376662181,14,4
1376662324,13,5
1376662450,13,5
1376662498,14,4
1376662810,15,3
1376662895,14,4
1376663195,13,5
1376663321,10,8
1376663432,10,8
1376663501,7,10
1376663562,6,12
1376663602,8,10
1376663829,9,9
1376664296,8,10
1376664518,7,11
1376664696,7,11
1376664721,7,11
1376664878,7,11
1376664933,8,10
1376664963,9,9
1376665231,7,11
1376665836,7,11
1376665992,8,10
1376666064,9,9
1376666198,9,9
1376666246,10,8
1376666310,10,8
1376666374,9,9
1376666441,8,10
1376666495,8,10
1376666537,8,10
1376666571,7,11
1376666829,6,12
1376667086,6,12
1376667244,7,11
1376667396,6,12
1376667410,7,11
1376667642,6,12
1376667761,7,11
1376667821,6,12
1376668074,5,13
1376668183,5,13
1376668244,5,13
1376668296,3,15
1376668317,3,15
1376668409,3,15
1376668445,4,14
1376669049,4,14
1376669140,6,12
1376669320,5,13
1376669548,6,12
1376670013,5,13
1376670322,6,12
1376670461,4,14
1376671065,4,14
1376671164,4,14
1376671211,5,13
1376671336,5,13
1376671421,5,13
1376671483,5,13
1376671536,5,13
1376671573,6,12
1376671951,2,16
1376672025,2,16
1376672026,2,16
1376672434,2,16
1376672592,3,15
1376672779,4,14
1376672862,4,14
1376672878,5,13
1376673520,5,13
1376673530,5,13
1376673636,7,11
1376673746,5,13
1376673883,5,13
1376674047,3,15
1376674119,4,14
1376674170,3,15
1376674215,3,15
1376674251,4,14
1376674620,2,16
1376675142,1,17
1376675377,1,17
1376675387,0,18
1376675992,0,18
1376676088,1,17
1376676155,1,17
1376676573,1,17
1376676624,3,15
1376676914,1,17
1376677518,1,17
1376678137,2,16
1376678741,2,16
1376678908,3,15
1376679512,3,15
1376679933,2,16
1376679952,3,15
1376680544,2,16
1376680775,2,16
1376681379,2,16
1376681762,3,15
1376681860,2,16
1376682232,1,17
1376682501,0,18
1376682692,0,18
1376682787,2,16
1376683003,2,16
1376683088,0,18
1376683691,0,18
1376684078,0,18
1376684124,1,17
1376684184,2,16
1376684296,1,17
1376684899,1,17
1376685223,0,18
1376685826,0,18
1376686430,0,18
1376687033,0,18
1376687637,0,18
1376688240,0,18
1376688843,0,18
1376689350,0,18
1376689365,0,18
1376689969,0,18
1376690321,2,16
1376690926,2,16
1376691530,2,16
1376692134,2,16
1376692737,2,16
1376693148,1,17
1376693752,1,17
1376694270,0,18
1376694874,0,18
1376695477,0,18
1376696081,0,18
1376696684,0,18
1376697039,0,18
1376697078,1,17
1376697682,1,17
1376697809,1,17
1376697970,0,18
1376698286,1,17
1376698604,1,17
1376698637,0,18
1376698718,1,17
1376698736,2,16
1376698841,2,16
1376698847,3,15
1376699019,3,15
1376699069,5,13
1376699137,5,13
1376699176,6,12
1376699320,6,12
1376699358,7,11
1376699538,5,13
1376699851,4,14
1376699908,4,14
1376699975,4,14
1376700578,4,14
1376701176,3,15
1376701458,2,16
1376701596,2,16
1376701614,3,15
1376701949,4,14
1376702553,4,14
1376702807,3,15
1376703512,3,15
1376703605,3,15
1376704209,3,15
1376704812,3,15
1376705416,3,15
1376706019,3,15
1376706623,3,15
1376707226,3,15
1376707830,3,15
1376708433,3,15
1376708901,2,16
1376709505,2,16
1376710108,2,16
1376710712,2,16
1376711315,2,16
1376711919,2,16
1376712524,0,17
1376713128,0,17
1376713648,1,16
1376714251,1,16
1376714855,1,16
1376715459,1,16
1376716062,1,16
1376716665,1,16
1376717263,1,16
1376717266,0,17
1376717869,0,17
1376718473,0,17
1376719076,0,17
1376719680,0,17
1376720283,0,17
1376720887,0,17
1376721490,0,17
1376722094,0,17
1376722698,0,17
1376723301,0,17
1376723905,0,17
1376724508,0,17
1376725112,0,17
1376725170,0,17
1376725774,0,17
1376726377,0,17
1376726980,0,17
1376727584,0,17
1376728188,0,17
1376728279,1,16
1376728882,1,16
1376729273,0,17
1376729876,0,17
1376730480,0,17
1376731083,0,17
1376731340,1,16
1376731562,0,17
1376732167,0,17
1376732623,0,17
1376732642,1,16
1376732724,2,15
1376733210,1,16
1376733456,0,17
1376734060,0,17
1376734113,1,16
1376734150,0,17
1376734238,0,17
1376734264,0,17
1376734344,1,16
1376734408,0,17
1376734456,0,17
1376734526,1,16
1376735130,1,16
1376735733,1,16
1376735890,1,17
1376736494,1,17
1376737097,1,17
1376737300,1,17
1376737308,0,18
1376737721,1,17
1376737779,1,17
1376737920,0,18
1376738523,0,18
1376739126,0,18
1376739271,1,17
1376739619,0,18
1376740223,0,18
1376740826,0,18
1376741430,0,18
1376741904,1,17
1376742507,1,17
1376742630,1,17
1376742738,2,16
1376742941,1,17
1376742947,0,18
1376743082,0,18
1376743680,0,18
1376743839,1,17
1376743899,1,17
1376744059,1,17
1376744129,0,18
1376744164,0,18
1376744262,0,18
1376744293,1,17
1376744388,1,17
1376744482,2,16
1376744608,3,15
1376744720,3,15
1376744769,2,16
1376744855,3,15
1376744977,6,12
1376745038,7,11
1376745074,8,10
1376745164,8,10
1376745220,9,9
1376745276,8,10
1376745340,10,8
1376745368,9,9
1376745552,10,8
1376745703,9,9
1376745718,7,11
1376745944,7,11
1376745957,8,10
1376746062,8,10
1376746122,9,9
1376746126,10,8
1376746188,10,8
1376746297,9,8
1376746360,10,7
1376746423,9,8
1376746468,7,10
1376746520,7,10
1376746661,8,9
1376746722,9,8
1376746881,8,9
1376746964,8,9
1376747023,9,8
1376747036,9,8
1376747374,9,8
1376747443,8,9
1376747445,7,10
1376747679,6,11
1376747742,6,11
1376747793,8,9
1376747967,8,9
1376748042,8,9
1376748090,8,9
1376748395,7,10
1376748445,7,10
1376748612,7,10
1376748663,8,9
1376748758,8,9
1376748794,8,9
1376748853,8,9
1376748920,9,8
1376749111,8,9
1376749149,8,9
1376749478,8,9
1376749502,8,9
1376749664,9,8
1376749680,9,8
1376749840,9,8
1376749853,9,8
1376750193,9,8
1376750206,9,8
1376750280,10,7
1376750497,10,7
1376750558,10,7
1376750862,10,7
1376750910,10,7
1376751224,10,7
1376751284,11,6
1376751578,11,6
1376751614,11,6
1376751943,11,6
1376751999,10,7
1376752299,10,7
1376752349,10,7
1376752420,10,7
1376752460,10,7
1376752506,8,9
1376752586,9,8
1376752658,9,8
1376752671,9,8
1376752962,9,8
1376753022,8,9
1376753314,8,9
1376753373,8,9
1376753679,8,9
1376753728,8,9
1376753844,9,8
1376753917,9,8
1376753954,11,6
1376754044,11,6
1376754081,11,6
1376754396,12,5
1376754464,11,6
1376754470,10,7
1376754570,10,7
1376754634,8,9
1376754687,8,9
1376754764,9,8
1376754822,9,8
1376754873,11,6
1376755000,12,5
1376755009,11,6
1376755119,10,7
1376755179,10,7
1376755211,11,6
1376755478,11,6
1376755528,10,7
1376755584,8,9
1376755782,8,9
1376755845,7,10
1376755955,7,10
1376756018,9,8
1376756045,11,6
1376756135,11,6
1376756197,10,7
1376756283,10,7
1376756362,10,7
1376756443,9,7
1376756504,11,5
1376756562,11,5
1376756589,9,7
1376756675,8,8
1376756696,9,7
1376756776,10,6
1376756860,11,5
1376756883,11,5
1376757099,12,4
1376757153,11,5
1376757212,11,5
1376757236,11,5
1376757397,11,5
1376757409,11,5
1376757565,11,5
1376757589,11,5
1376757940,11,5
1376758180,11,5
1376758216,11,5
1376758294,11,5
1376758461,10,6
1376758601,10,6
1376758664,11,5
1376758666,11,5
1376758767,12,4
1376758790,11,5
1376758998,11,5
1376759350,11,5
1376759679,11,5
1376759722,11,5
1376760031,11,5
1376760054,11,5
1376760146,10,6
1376760329,8,8
1376760384,8,8
1376760408,8,8
1376760549,9,7
1376760760,9,7
1376761113,9,7
1376761231,9,7
1376761299,9,7
1376761342,8,8
1376761467,8,8
1376761599,9,7
1376761718,8,8
1376761820,8,8
1376762172,8,8
1376762211,7,9
1376762381,6,10
1376762450,5,11
1376762616,3,13
1376762631,4,12
1376762734,5,11
1376762796,6,10
1376762826,7,9
1376763023,6,10
1376763474,5,11
1376763847,5,11
1376763931,5,11
1376764362,4,12
1376764375,3,13
1376764724,3,13
1376764758,0,17
1376764962,0,17
1376765015,0,17
1376765316,0,17
1376765367,0,17
1376765680,0,17
1376765719,0,17
1376765802,0,17
1376765861,0,17
1376765896,0,17
1376765979,0,17
1376766034,1,16
1376766073,1,16
1376766387,1,16
1376766425,1,16
1376766762,1,16
1376766778,1,16
1376767054,2,15
1376767121,1,16
1376767146,2,15
1376767421,0,17
1376767483,0,17
1376767772,0,17
1376767836,0,17
1376768137,0,17
1376768188,0,17
1376768321,0,17
1376768328,0,17
1376768501,0,17
1376768538,0,17
1376768851,0,17
1376768893,0,17
1376769103,0,17
1376769148,1,16
1376769224,1,16
1376769244,1,16
1376769336,3,14
1376769522,5,12
1376769581,5,12
1376769599,4,13
1376769854,5,12
1376769934,5,12
1376769948,5,12
1376770123,6,11
1376770238,6,11
1376770300,6,11
1376770604,6,11
1376770655,6,11
1376770958,6,11
1376771008,6,11
1376771322,6,11
1376771360,6,11
1376771674,6,11
1376771711,6,11
1376772040,6,11
1376772064,6,11
1376772402,6,11
1376772416,6,11
1376772704,7,10
1376772754,7,10
1376772767,7,10
1376772940,7,10
1376772984,8,9
1376773061,8,9
1376773121,8,9
1376773171,9,8
1376773424,9,8
1376773474,9,8
1376773527,10,7
1376773781,10,7
1376773824,10,7
1376773987,8,9
1376774140,8,9
1376774177,8,9
1376774384,7,10
1376774437,7,10
1376774504,7,10
1376774557,9,8
1376774643,8,9
1376774860,8,9
1376774883,8,9
1376775222,8,9
1376775235,8,9
1376775572,8,9
1376775588,8,9
1376775885,8,9
1376775941,9,8
1376776244,9,8
1376776293,9,8
1376776602,9,8
1376776645,9,8
1376776960,9,8
1376776997,9,8
1376777313,9,8
1376777350,9,8
1376777679,9,8
1376777702,9,8
1376778041,9,8
1376778055,9,8
1376778393,9,8
1376778406,9,8
1376778697,9,8
1376778759,9,8
1376779061,9,8
1376779110,10,7
1376779150,11,6
1376779425,11,6
1376779462,11,6
1376779777,11,6
1376779814,11,6
1376780143,11,6
1376780166,11,6
1376780499,11,6
1376780519,11,6
1376780857,11,6
1376780870,11,6
1376781162,11,6
1376781223,11,6
1376781514,11,6
1376781576,11,6
1376781885,11,6
1376781928,11,6
1376782122,11,6
1376782182,11,6
1376782239,11,6
1376782287,11,6
1376782597,11,6
1376782634,11,6
1376782965,11,6
1376782986,11,6
1376783324,11,6
1376783338,11,6
1376783677,11,6
1376783690,11,6
1376783851,9,8
1376783981,9,8
1376784043,9,8
1376784334,9,8
1376784395,9,8
1376784698,9,8
1376784747,9,8
1376785062,9,8
1376785100,9,8
1376785415,9,8
1376785451,9,8
1376785782,9,8
1376785807,9,8
1376786138,9,8
1376786158,9,8
1376786504,9,8
1376786511,8,9
1376786802,8,9
1376786863,8,9
1376787155,8,9
1376787216,8,9
1376787520,8,9
1376787568,8,9
1376787883,8,9
1376787920,8,9
1376788238,7,9
1376788303,6,11
1376788603,6,11
1376788626,6,11
1376788965,6,11
1376788979,6,11
1376789317,6,11
1376789331,6,11
1376789621,6,11
1376789684,6,11
1376789915,6,11
1376789973,6,11
1376790035,6,11
1376790343,6,11
1376790387,7,10
1376790628,6,11
1376790702,6,11
1376790740,6,11
1376791054,6,11
1376791121,6,11
1376791244,6,11
1376791246,7,10
1376791420,7,10
1376791445,7,10
1376791610,7,10
1376791700,7,10
1376791782,7,10
1376791818,8,9
1376792134,8,9
1376792148,8,9
1376792358,7,10
1376792439,7,10
1376792501,7,10
1376792803,7,10
1376792853,7,10
1376793154,7,10
1376793205,7,10
1376793374,5,12
1376793520,5,12
1376793557,5,12
1376793872,5,12
1376793910,5,12
1376794242,5,12
1376794262,5,12
1376794601,5,12
1376794615,5,12
1376794904,5,12
1376794953,5,12
1376794968,5,12
1376795257,4,13
1376795320,4,13
1376795622,4,13
1376795672,4,13
1376795975,4,13
1376796025,4,13
1376796339,4,13
1376796377,4,13
1376796691,4,13
1376796729,4,13
1376797058,4,13
1376797081,4,13
1376797419,4,13
1376797434,4,13
1376797724,4,13
1376797771,4,13
1376797788,4,13
1376798076,4,13
1376798139,4,13
1376798441,4,13
1376798491,4,13
1376798794,4,13
1376798843,4,13
1376799158,4,13
1376799196,4,13
1376799511,4,13
1376799549,4,13
1376799880,4,13
1376799901,4,13
1376800238,4,13
1376800253,4,13
1376800361,5,12
1376800543,5,12
1376800591,5,12
1376800606,5,12
1376800895,5,12
1376800959,5,12
1376801261,5,12
1376801311,5,12
1376801625,5,12
1376801663,5,12
1376801977,5,12
1376802015,5,12
1376802142,4,13
1376802343,4,13
1376802368,4,13
1376802697,4,13
1376802719,4,13
1376803059,4,13
1376803073,4,13
1376803363,4,13
1376803412,4,13
1376803426,4,13
1376803665,3,14
1376803717,3,14
1376803778,3,14
1376804081,3,14
1376804132,3,14
1376804445,3,14
1376804484,3,14
1376804734,2,15
1376804797,2,15
1376804836,2,15
1376805155,2,15
1376805194,2,15
1376805523,2,15
1376805546,2,15
1376805822,2,15
1376805884,1,16
1376805899,1,16
1376806236,1,16
1376806251,1,16
1376806541,1,16
1376806604,1,16
1376806893,1,16
1376806957,1,16
1376807258,1,16
1376807309,1,16
1376807622,1,16
1376807663,1,16
1376807975,1,16
1376808014,1,16
1376808327,1,16
1376808367,1,16
1376808700,1,16
1376808721,1,16
1376809004,0,16
1376809058,0,17
1376809075,0,17
1376809364,0,17
1376809411,0,17
1376809427,0,17
1376809715,0,17
1376809779,0,17
1376810081,0,17
1376810131,0,17
1376810434,0,17
1376810486,0,17
1376810798,0,17
1376810840,0,17
1376811151,0,17
1376811191,0,17
1376811519,0,17
1376811543,0,17
1376811880,0,17
1376811895,0,17
1376812184,0,17
1376812232,0,17
1376812248,0,17
1376812537,0,17
1376812601,0,17
1376812903,0,17
1376812953,0,17
1376813255,0,17
1376813304,0,17
1376813487,1,16
1376813619,1,16
1376813661,0,17
1376813973,0,17
1376814013,0,17
1376814150,1,16
1376814247,2,15
1376814340,2,15
1376814364,2,15
1376814701,2,15
1376814716,2,15
1376814903,1,16
1376815054,1,16
1376815069,1,16
1376815358,1,16
1376815421,1,16
1376815723,1,16
1376815774,1,16
1376815913,0,17
1376816076,0,17
1376816127,0,17
1376816441,1,16
1376816480,1,16
1376816745,0,17
1376816794,0,17
1376816832,0,17
1376817164,0,17
1376817185,0,17
1376817520,1,16
1376817541,1,16
1376817740,0,17
1376817878,0,17
1376817893,0,17
1376818182,0,17
1376818232,0,17
1376818246,0,17
1376818470,0,17
1376818535,1,16
1376818598,1,16
1376818901,1,16
1376818951,1,16
1376819018,0,17
1376819082,0,17
1376819092,0,17
1376819264,0,17
1376819303,0,17
1376819618,0,17
1376819653,0,17
1376819984,0,17
1376820007,0,17
1376820345,0,17
1376820360,0,17
1376820696,0,17
1376820712,0,17
1376821001,0,17
1376821065,0,17
1376821354,0,17
1376821417,0,17
1376821718,0,17
1376821770,0,17
1376822083,0,17
1376822122,0,17
1376822308,0,17
1376822435,0,17
1376822475,0,17
1376822788,0,17
1376822827,0,17
1376823164,0,17
1376823179,0,17
1376823516,0,17
1376823531,0,17
1376823820,0,17
1376823883,0,17
1376823920,0,17
1376823976,0,17
1376824064,1,16
1376824086,0,17
1376824173,0,17
1376824237,0,17
1376824538,0,17
1376824589,0,17
1376824902,0,17
1376824941,0,17
1376825255,0,17
1376825294,0,17
1376825565,1,16
1376825624,2,15
1376825647,2,15
1376825747,1,16
1376825981,1,16
1376826001,1,16
1376826097,0,17
1376826169,0,17
1376826339,0,17
1376826354,0,17
1376826643,0,17
1376826691,0,17
1376826759,0,17
1376826842,0,17
1376826939,0,17
1376826997,0,17
1376827060,0,17
1376827363,0,17
1376827412,0,17
1376827714,0,17
1376827767,0,17
1376828080,0,17
1376828119,0,17
1376828380,1,16
1376828443,1,16
1376828467,1,16
1376828557,1,16
1376828577,2,15
1376828800,2,15
1376828824,2,15
1376829161,2,15
1376829176,2,15
1376829513,2,15
1376829529,2,15
1376829817,2,15
1376829878,2,15
1376830170,2,15
1376830231,2,15
1376830268,4,13
1376830538,4,13
1376830588,4,13
1376830903,4,13
1376830941,4,13
1376831128,4,13
1376831191,5,12
1376831256,6,11
1376831296,7,10
1376831398,6,11
1376831610,6,11
1376831648,6,11
1376831978,6,11
1376832003,6,11
1376832251,7,10
1376832339,9,8
1376832403,9,8
1376832461,5,12
1376832507,6,11
1376832693,6,11
1376832707,6,11
1376832816,4,13
1376832997,4,13
