1376208290,17,24
1376208894,17,24
1376209497,17,24
1376210101,17,24
1376210705,17,24
1376211309,17,24
1376211913,17,24
1376212516,17,24
1376213120,17,24
1376213723,17,24
1376214327,17,24
1376214931,17,24
1376215535,17,24
1376216139,17,24
1376216532,17,24
1376216609,19,22
1376217213,19,22
1376217817,19,22
1376218421,19,22
1376219026,19,22
1376219630,19,22
1376219950,18,23
1376220554,18,23
1376221158,18,23
1376221762,18,23
1376222366,18,23
1376222733,16,25
1376223337,16,25
1376223941,16,25
1376224545,16,25
1376225019,16,25
1376225066,17,24
1376225092,17,24
1376225156,18,23
1376226356,18,23
1376226960,18,23
1376227564,18,23
1376227829,17,24
1376228432,17,24
1376229036,17,24
1376229640,17,24
1376229945,17,24
1376230388,17,24
1376230992,17,24
1376231595,17,24
1376232199,17,24
1376232582,16,25
1376232586,15,26
1376233190,15,26
1376233794,15,26
1376234397,15,26
1376235002,15,26
1376235606,15,26
1376236209,15,26
1376236813,15,26
1376237417,15,26
1376237519,14,27
1376238123,14,27
1376238727,14,27
1376239132,13,28
1376239746,12,29
1376239801,12,29
1376240369,11,30
1376240972,11,30
1376241576,11,30
1376242180,11,30
1376242602,11,30
1376242638,12,29
1376242716,11,30
1376242750,12,29
1376243354,12,29
1376243958,12,29
1376244562,12,29
1376245166,12,29
1376245329,13,28
1376245933,13,28
1376246033,12,29
1376246637,12,29
1376247240,12,29
1376248161,12,29
1376248721,10,31
1376249324,10,31
1376249928,10,31
1376250532,10,31
1376251136,10,31
1376251685,9,32
1376252289,9,32
1376252893,9,32
1376253001,8,33
1376253605,8,33
1376254209,8,33
1376254812,8,33
1376255416,8,33
1376256021,8,33
1376256625,8,33
1376256681,8,33
1376256756,7,34
1376256773,7,34
1376257377,7,34
1376257981,7,34
1376258359,6,35
1376258962,6,35
1376259456,6,35
1376259563,7,34
1376260167,7,34
1376260203,6,35
1376260807,6,35
1376261411,6,35
1376262015,6,35
1376262619,6,35
1376263223,6,35
1376263827,6,35
1376264431,6,35
1376265035,6,35
1376265639,6,35
1376266243,6,35
1376266480,3,38
1376266536,3,38
1376266578,3,38
1376266644,3,38
1376266685,3,38
1376267289,3,38
1376267893,3,38
1376268497,3,38
1376269101,3,38
1376269705,3,38
1376270421,3,38
1376271025,3,38
1376271629,3,38
1376272233,3,38
1376272837,3,38
1376273441,3,38
1376274045,3,38
1376274649,3,38
1376275252,3,38
1376275856,3,38
1376276460,3,38
1376277063,3,38
1376277667,3,38
1376278271,3,38
1376278875,3,38
1376279479,3,38
1376280083,3,38
1376280687,3,38
1376281291,3,38
1376281895,3,38
1376282499,3,38
1376283102,3,38
1376283706,3,38
1376284310,3,38
1376284914,3,38
1376285518,3,38
1376286122,3,38
1376286725,3,38
1376287117,4,37
1376287721,4,37
1376288324,4,37
1376288928,4,37
1376289533,4,37
1376289620,4,37
1376289666,5,36
1376289709,6,35
1376289851,7,34
1376290455,7,34
1376290953,9,32
1376291557,9,32
1376292043,10,31
1376292647,11,30
1376293250,11,30
1376293855,11,30
1376294458,11,30
1376295062,11,30
1376295666,11,30
1376296270,11,30
1376296874,11,30
1376297478,11,30
1376298082,11,30
1376298686,11,30
1376299875,10,31
1376300478,10,31
1376301082,10,31
1376301686,10,31
1376302289,10,31
1376302893,10,31
1376303497,10,31
1376304101,10,31
1376304704,10,31
1376305308,10,31
1376305912,10,31
1376306238,11,30
1376306842,11,30
1376306882,11,30
1376306930,12,29
1376307534,12,29
1376308138,12,29
1376308742,12,29
1376309346,12,29
1376309950,12,29
1376310871,12,29
1376311474,12,29
1376311964,12,29
1376312568,11,30
1376313819,11,30
1376313824,11,30
1376314428,11,30
1376314899,12,29
1376315503,12,29
1376316107,12,29
1376316710,12,29
1376317229,13,28
1376317279,13,28
1376317356,14,27
1376317959,14,27
1376318563,14,27
1376319220,14,27
1376319231,15,26
1376319838,16,25
1376320406,15,26
1376320432,15,26
1376320873,14,27
1376320952,14,27
1376321556,14,27
1376322160,14,27
1376322637,13,28
1376322787,14,27
1376322873,12,27
1376322934,12,29
1376323425,11,30
1376323808,10,31
1376323949,9,32
1376324449,8,33
1376325053,8,33
1376325657,8,33
1376326149,7,34
1376326752,7,34
1376327223,8,33
1376327826,8,33
1376328343,8,33
1376328353,7,34
1376328956,7,34
1376329019,7,34
1376329627,7,34
1376329699,8,33
1376329751,9,32
1376330355,9,32
1376330425,8,33
1376331028,8,33
1376331632,8,33
1376331714,8,33
1376332333,8,33
1376332937,8,33
1376333541,8,33
1376334144,8,33
1376334198,8,33
1376334801,8,33
1376334842,6,35
1376335446,6,35
1376336050,6,35
1376336654,6,35
1376337258,6,35
1376337862,6,35
1376338466,6,35
1376339070,6,35
1376339674,6,35
1376340278,6,35
1376340882,6,35
1376341486,6,35
1376342090,6,35
1376342694,6,35
1376343299,6,35
1376343902,6,35
1376344506,6,35
1376345110,6,35
1376345714,6,35
1376346318,6,35
1376346922,6,35
1376347526,6,35
1376348130,6,35
1376348733,6,35
1376349337,6,35
1376349941,6,35
1376350545,6,35
1376351148,6,35
1376351752,6,35
1376352356,6,35
1376352960,6,35
1376353564,6,35
1376354168,6,35
1376354772,6,35
1376355376,6,35
1376355980,6,35
1376356826,6,35
1376357430,6,35
1376358035,6,35
1376358639,6,35
1376359242,6,35
1376359846,6,35
1376360450,6,35
1376361053,6,35
1376361657,6,35
1376362261,6,35
1376362865,6,35
1376363469,6,35
1376364072,6,35
1376364676,6,35
1376365280,6,35
1376365884,6,35
1376366488,6,35
1376367092,6,35
1376367695,6,35
1376368298,6,35
1376368902,6,35
1376369506,6,35
1376370110,6,35
1376370714,6,35
1376371002,6,35
1376371005,7,34
1376371608,7,34
1376371841,7,34
1376371882,8,33
1376371960,7,34
1376372563,7,34
1376373167,7,34
1376373697,8,33
1376374038,9,32
1376374642,9,32
1376374962,9,32
1376374964,10,31
1376375568,10,31
1376375724,10,31
1376375757,11,30
1376375917,12,29
1376376521,12,29
1376376919,13,28
1376377523,13,28
1376378128,13,28
1376378732,13,28
1376379092,13,28
1376379127,14,27
1376379187,13,28
1376379791,13,28
1376380395,13,28
1376380999,13,28
1376381603,13,28
1376381741,14,27
1376381786,14,27
1376381831,15,26
1376382434,15,26
1376383038,15,26
1376383642,15,26
1376384246,15,26
1376384850,15,26
1376385454,15,26
1376385529,14,27
1376386133,14,27
1376386737,14,27
1376387341,14,27
1376387945,14,27
1376388549,14,27
1376389153,14,27
1376389756,14,27
1376390360,14,27
1376390964,14,27
1376391335,14,26
1376391369,15,25
1376391973,15,26
1376393176,15,26
1376393780,15,26
1376394384,15,26
1376394988,15,26
1376395591,15,26
1376395961,15,26
1376395964,16,25
1376396330,16,25
1376396390,17,24
1376397598,17,24
1376398202,17,24
1376398805,17,24
1376399409,17,24
1376400013,17,24
1376400616,17,24
1376401232,16,25
1376401836,16,25
1376402439,16,25
1376403043,16,25
1376403139,17,24
1376403743,17,24
1376404078,18,23
1376404681,18,23
1376405285,18,23
1376405889,18,23
1376406493,18,23
1376406979,17,24
1376407061,17,24
1376407108,18,23
1376407529,17,24
1376407691,17,24
1376407832,18,23
1376407867,19,22
1376408471,19,22
1376409075,19,22
1376409679,19,22
1376409783,18,23
1376410124,19,22
1376410728,19,22
1376411331,19,22
1376411967,18,23
1376412571,18,23
1376412802,17,24
1376413181,16,24
1376413219,16,25
1376413823,16,25
1376414427,16,25
1376415031,16,25
1376415634,16,25
1376416238,16,25
1376416556,15,26
1376417160,15,26
1376417765,15,26
1376418368,15,26
1376418972,15,26
1376419576,15,26
1376419916,14,27
1376420520,14,27
1376420713,15,26
1376420830,14,27
1376421434,14,27
1376422085,12,29
1376422196,11,30
1376422800,11,30
1376423404,11,30
1376424008,11,30
1376424612,11,30
1376425216,11,30
1376425819,11,30
1376426419,10,31
1376427022,10,31
1376427626,10,31
1376428229,10,31
1376428833,10,31
1376429437,10,31
1376430041,10,31
1376430644,10,31
1376431248,10,31
1376431852,10,31
1376432456,10,31
1376433060,10,31
1376433663,10,31
1376434267,10,31
1376434871,10,31
1376435316,9,32
1376435920,9,32
1376436524,9,32
1376437128,9,32
1376437732,9,32
1376438335,9,32
1376438939,9,32
1376439543,9,32
1376440147,9,32
1376440751,9,32
1376441354,9,32
1376441958,9,32
1376442562,9,32
1376443223,9,32
1376443827,9,32
1376444430,9,32
1376445034,9,32
1376445638,9,32
1376446241,9,32
1376446845,9,32
1376447448,9,32
1376448052,9,32
1376448656,9,32
1376449259,9,32
1376449863,9,32
1376450467,9,32
1376451071,9,32
1376451674,9,32
1376452278,9,32
1376452882,9,32
1376453486,9,32
1376454090,9,32
1376454694,9,32
1376455298,9,32
1376455902,9,32
1376456506,9,32
1376457110,9,32
1376457713,9,32
1376458317,9,32
1376458921,9,32
1376459419,10,31
1376459803,10,31
1376459805,11,30
1376460409,11,30
1376461027,12,29
1376461631,12,29
1376462235,12,29
1376462671,14,27
1376463099,15,26
1376463704,15,26
1376464308,15,26
1376464912,15,26
1376465516,15,26
1376466120,15,26
1376466723,15,26
1376467327,15,26
1376467931,15,26
1376468003,16,25
1376468607,16,25
1376469211,16,25
1376469814,16,25
1376470418,16,25
1376470714,15,26
1376471318,15,26
1376471922,15,26
1376472404,14,26
1376472428,15,26
1376472515,14,26
1376472568,15,26
1376473172,15,26
1376473776,15,26
1376474380,15,26
1376474984,15,26
1376475590,15,26
1376476194,15,26
1376476798,15,26
1376477401,15,26
1376478005,15,26
1376478438,15,26
1376478482,16,25
1376479086,16,25
1376479690,16,25
1376480293,16,25
1376480897,16,25
1376481501,16,25
1376482105,16,25
1376482709,16,25
1376483233,15,26
1376483837,15,26
1376484440,15,26
1376485044,15,26
1376485648,15,26
1376486251,15,26
1376486855,15,26
1376487460,15,26
1376487504,14,27
1376487644,14,27
1376487680,15,26
1376488284,15,26
1376488888,15,26
1376489492,15,26
1376490095,15,26
1376490699,15,26
1376491304,15,26
1376491908,15,26
1376492511,15,26
1376493780,15,26
1376493863,15,26
1376494480,14,27
1376494494,13,28
1376494590,14,27
1376495194,14,27
1376495757,13,28
1376496361,13,28
1376496965,13,28
1376497568,13,28
1376498172,13,28
1376498776,13,28
1376499380,13,28
1376499516,14,27
1376500120,14,27
1376500724,14,27
1376501032,13,28
1376501636,13,28
1376502240,13,28
1376502844,13,28
1376502951,12,29
1376503544,12,29
1376503578,11,30
1376503615,10,31
1376504219,10,31
1376504823,10,31
1376505427,10,31
1376505761,9,32
1376505765,8,33
1376506368,8,33
1376506973,8,33
1376507577,8,33
1376508181,8,33
1376508785,8,33
1376509388,8,33
1376509992,8,33
1376510595,8,33
1376511200,8,33
1376511804,8,33
1376512997,8,33
1376513600,8,33
1376514204,8,33
1376514808,8,33
1376515411,8,33
1376516015,8,33
1376516620,8,33
1376517224,8,33
1376517640,7,34
1376518244,7,34
1376518848,7,34
1376519452,7,34
1376520056,7,34
1376520660,7,34
1376521264,7,34
1376521868,7,34
1376522471,7,34
1376523075,7,34
1376523679,7,34
1376524283,7,34
1376524887,7,34
1376525491,7,34
1376526094,7,34
1376526698,7,34
1376527302,7,34
1376527906,7,34
1376528510,7,34
1376529114,7,34
1376529620,7,34
1376530224,7,34
1376530828,7,34
1376531432,7,34
1376532035,7,34
1376532640,7,34
1376533244,7,34
1376533847,7,34
1376534451,7,34
1376535055,7,34
1376535659,7,34
1376536263,7,34
1376536867,7,34
1376537471,7,34
1376538074,7,34
1376538678,7,34
1376539282,7,34
1376539885,7,34
1376540489,7,34
1376541093,7,34
1376541696,7,34
1376542300,7,34
1376542904,7,34
1376543507,7,34
1376544111,7,34
1376544715,7,34
1376545318,7,34
1376545922,7,34
1376546526,7,34
1376547097,7,34
1376547139,8,33
1376547743,8,33
1376549042,8,33
1376549646,8,33
1376550249,8,33
1376550853,8,33
1376551457,8,33
1376552061,8,33
1376552664,8,33
1376553268,8,33
1376553872,8,33
1376554476,8,33
1376555683,8,33
1376555692,8,33
1376556296,8,33
1376556900,8,33
1376557503,8,33
1376558108,8,33
1376558711,8,33
1376559315,8,33
1376559919,8,33
1376560522,8,33
1376561126,8,33
1376561730,8,33
1376562334,8,33
1376562938,8,33
1376563542,8,33
1376564146,8,33
1376564750,8,33
1376565354,8,33
1376565958,8,33
1376566561,8,33
1376567166,8,33
1376567770,8,33
1376568373,8,33
1376568479,8,33
1376568761,8,33
1376568793,8,33
1376568844,8,33
1376569024,8,33
1376569086,9,32
1376569355,10,31
1376569959,10,31
1376570321,9,32
1376570480,9,32
1376570558,11,30
1376571162,11,30
1376571766,11,30
1376572370,11,30
1376572974,11,30
1376573502,11,30
1376573640,11,30
1376573718,12,29
1376574322,12,29
1376574925,12,29
1376575529,12,29
1376576132,12,29
1376576736,12,29
1376577340,12,29
1376577944,12,29
1376578547,12,29
1376579151,12,29
1376579755,12,29
1376580359,12,29
1376580438,11,30
1376580494,11,30
1376580570,11,30
1376580596,12,29
1376581123,11,30
1376581146,10,31
1376581750,10,31
1376582354,10,31
1376582958,10,31
1376583562,10,31
1376584166,10,31
1376584770,10,31
1376585374,10,31
1376585978,10,31
1376586342,10,31
1376586346,9,32
1376586464,9,32
1376586472,8,32
1376586639,9,32
1376587242,9,32
1376587846,9,32
1376588450,9,32
1376589055,9,32
1376589658,9,32
1376590262,9,32
1376590866,9,32
1376591187,8,33
1376591791,8,33
1376592957,8,33
1376593561,8,33
1376594165,8,33
1376594768,8,33
1376595372,8,33
1376595976,8,33
1376596580,8,33
1376597184,8,33
1376597788,8,33
1376598392,8,33
1376598995,8,33
1376599599,8,33
1376600203,8,33
1376600807,8,33
1376601411,8,33
1376602015,8,33
1376602619,8,33
1376603223,8,33
1376603827,8,33
1376604431,8,33
1376605035,8,33
1376605639,8,33
1376606243,8,33
1376606358,8,33
1376606387,9,32
1376606991,9,32
1376607594,9,32
1376608198,9,32
1376608479,8,33
1376609083,8,33
1376609687,8,33
1376610291,8,33
1376610643,9,32
1376611248,9,32
1376611851,9,32
1376612302,8,33
1376612379,8,33
1376612488,9,32
1376613092,9,32
1376613696,9,32
1376613761,9,32
1376613765,8,33
1376614369,8,33
1376614972,8,33
1376615576,8,33
1376616030,8,33
1376616633,8,33
1376617237,8,33
1376617841,8,33
1376618445,8,33
1376619048,8,33
1376619652,8,33
1376620256,8,33
1376620724,8,33
1376620726,8,33
1376620826,8,33
1376621085,8,32
1376621113,8,32
1376621170,9,31
1376621262,9,31
1376621307,9,30
1376621360,9,30
1376621398,10,29
1376621641,9,30
1376622244,9,32
1376622848,9,32
1376623452,9,32
1376624056,9,32
1376624660,9,32
1376624922,9,32
1376624945,9,32
1376625101,9,32
1376625145,8,33
1376625176,8,33
1376625278,8,33
1376625335,8,33
1376625368,7,34
1376625972,7,34
1376626576,7,34
1376627180,7,34
1376627784,7,34
1376628388,7,34
1376628992,7,34
1376629595,7,34
1376630198,7,34
1376630578,8,33
1376630767,8,33
1376631029,8,33
1376631569,8,33
1376631779,8,33
1376631864,7,34
1376632372,6,35
1376632780,6,35
1376632809,7,34
1376633412,7,34
1376634016,7,34
1376634620,7,34
1376635224,7,34
1376635828,7,34
1376636084,8,33
1376636689,8,33
1376637293,8,33
1376637897,8,33
1376638348,8,33
1376638388,8,33
1376638991,8,33
1376639595,8,33
1376640199,8,33
1376641495,8,33
1376642098,8,33
1376642702,8,33
1376643306,8,33
1376643910,8,33
1376644514,8,33
1376645118,8,33
1376645162,7,34
1376645766,7,34
1376646370,7,34
1376646974,7,34
1376647578,7,34
1376648182,7,34
1376648786,7,34
1376649390,7,34
1376649994,7,34
1376650598,7,34
1376650823,6,35
1376651427,6,35
1376652031,6,35
1376652635,6,35
1376653239,6,35
1376653639,7,34
1376653895,6,35
1376654499,6,35
1376655102,6,35
1376655707,6,35
1376656310,6,35
1376656914,6,35
1376657250,7,34
1376657854,7,34
1376658026,8,33
1376658630,8,33
1376659234,8,33
1376659838,8,33
1376660442,8,33
1376661045,8,33
1376661635,9,32
1376661860,8,33
1376662463,8,33
1376663068,8,33
1376663672,8,33
1376664276,8,33
1376664879,8,33
1376665483,8,33
1376665961,8,33
1376665989,10,31
1376666593,10,31
1376667197,10,31
1376667801,10,31
1376668405,10,31
1376668660,11,30
1376669264,11,30
1376669867,11,30
1376670472,11,30
1376671075,11,30
1376671679,11,30
1376672285,11,30
1376672889,11,30
1376673493,11,30
1376674097,11,30
1376674701,11,30
1376675304,11,30
1376675908,11,30
1376676512,11,30
1376676905,10,31
1376676979,10,31
1376677019,10,31
1376677552,9,32
1376678155,9,32
1376678759,9,32
1376679363,9,32
1376679967,9,32
1376680570,9,32
1376681174,9,32
1376681778,9,32
1376682382,9,32
1376682985,9,32
1376683589,9,32
1376684193,9,32
1376684797,9,32
1376684950,7,34
1376685554,7,34
1376686158,7,34
1376686762,7,34
1376687366,7,34
1376687970,7,34
1376688574,7,34
1376689178,7,34
1376689782,7,34
1376690387,7,34
1376690991,7,34
1376691594,7,34
1376692198,7,34
1376692802,7,34
1376693406,7,34
1376694010,7,34
1376694614,7,34
1376695218,7,34
1376695822,7,34
1376696426,7,34
1376697030,7,34
1376697633,7,34
1376698202,6,35
1376698806,6,35
1376699410,6,35
1376700014,6,35
1376700618,6,35
1376701222,6,35
1376701826,6,35
1376702499,6,35
1376703103,6,35
1376703707,6,35
1376704312,6,35
1376704916,6,35
1376705520,6,35
1376706124,6,35
1376706728,6,35
1376707332,6,35
1376707936,6,35
1376708540,6,35
1376709144,6,35
1376709748,6,35
1376710352,6,35
1376710956,6,35
1376711560,6,35
1376712164,6,35
1376712768,6,35
1376713371,6,35
1376713975,6,35
1376714579,6,35
1376715183,6,35
1376715787,6,35
1376716391,6,35
1376716995,6,35
1376717599,6,35
1376718203,6,35
1376718807,6,35
1376719411,6,35
1376719976,7,34
1376720580,7,34
1376721183,7,34
1376721787,7,34
1376722391,7,34
1376722722,6,35
1376722896,7,34
1376723499,7,34
1376724110,7,34
1376724714,7,34
1376725318,7,34
1376725604,6,35
1376725787,6,35
1376726390,6,35
1376726994,6,35
1376727598,6,35
1376728202,6,35
1376728424,6,35
1376728565,6,35
1376728696,5,36
1376729300,5,36
1376729593,6,35
1376730465,6,35
1376730522,6,35
1376730552,6,35
1376730615,6,35
1376731218,6,35
1376731822,6,35
1376732426,6,35
1376733030,6,35
1376733634,6,35
1376734238,6,35
1376734842,6,35
1376735446,6,35
1376736050,6,35
1376736654,6,35
1376737258,6,35
1376737861,6,35
1376738465,6,35
1376739069,6,35
1376739673,6,35
1376740277,6,35
1376740881,6,35
1376741484,6,35
1376741709,5,36
1376741802,6,35
1376741852,7,34
1376742456,7,34
1376743060,7,34
1376743664,7,34
1376743886,8,33
1376744490,8,33
1376745094,8,33
1376745698,8,33
1376745765,8,33
1376745774,9,32
1376746378,9,32
1376746981,9,32
1376747183,10,31
1376747787,10,31
1376748024,9,32
1376748141,8,33
1376748745,8,33
1376749349,8,33
1376749953,8,33
1376750557,8,33
1376751161,8,33
1376751765,8,33
1376752369,8,33
1376752973,8,33
1376753577,8,33
1376754346,8,33
1376754355,7,34
1376754524,7,34
1376754707,7,34
1376754712,8,33
1376755316,8,33
1376755920,8,33
1376756524,8,33
1376756867,8,33
1376756903,10,31
1376757361,10,31
1376757454,10,30
1376757526,10,30
1376757531,11,29
1376758134,11,30
1376758738,11,30
1376759341,11,30
1376759561,10,31
1376760165,10,31
1376760602,9,32
1376761206,9,32
1376761809,9,32
1376762419,9,32
1376763023,9,32
1376763627,9,32
1376764231,9,32
1376764834,9,32
1376765437,9,32
1376766041,9,32
1376766645,9,32
1376767250,9,32
1376767891,9,32
1376769166,9,32
1376769172,9,32
1376769776,9,32
1376770380,9,32
1376771144,9,32
1376771151,8,33
1376771755,8,33
1376772358,8,33
1376772962,8,33
1376773566,8,33
1376774170,8,33
1376774774,8,33
1376775378,8,33
1376775982,8,33
1376776586,8,33
1376777190,8,33
1376777794,8,33
1376778398,8,33
1376779001,8,33
1376779090,7,34
1376779694,7,34
1376780298,7,34
1376780901,7,34
1376781505,7,34
1376782109,7,34
1376782714,7,34
1376783017,6,35
1376783620,6,35
1376784225,6,35
1376784829,6,35
1376785433,6,35
1376786037,6,35
1376786227,5,36
1376786831,5,36
1376787435,5,36
1376788039,5,36
1376788824,5,36
1376789428,5,36
1376790031,5,36
1376790636,5,36
1376791240,5,36
1376791844,5,36
1376792448,5,36
1376793051,5,36
1376793655,5,36
1376794259,5,36
1376794863,5,36
1376795467,5,36
1376796071,5,36
1376796675,5,36
1376797279,5,36
1376797883,5,36
1376798487,5,36
1376799091,5,36
1376799695,5,36
1376800863,5,36
1376801466,5,36
1376802071,5,36
1376802674,5,36
1376803278,5,36
1376803882,5,36
1376804486,5,36
1376805090,5,36
1376805694,5,36
1376805914,6,35
1376806518,6,35
1376807122,6,35
1376807726,6,35
1376808910,6,35
1376809514,6,35
1376810119,6,35
1376810722,6,35
1376811326,6,35
1376811484,7,34
1376812088,7,34
1376812349,8,33
1376812952,8,33
1376813556,8,33
1376814160,8,33
1376814764,8,33
1376815368,8,33
1376815720,9,32
1376816324,9,32
1376816928,9,32
1376817531,9,32
1376817863,8,33
1376818467,8,33
1376819071,8,33
1376819674,8,33
1376820278,8,33
1376820882,8,33
1376821236,6,35
1376821840,6,35
1376822444,6,35
1376823047,6,35
1376823651,6,35
1376824255,6,35
1376824859,6,35
1376826034,6,35
1376826535,5,36
1376827139,5,36
1376827355,6,35
1376827958,6,35
1376828563,6,35
1376829167,6,35
1376829406,6,35
1376829410,5,36
1376830013,5,36
1376830617,5,36
1376831221,5,36
1376831825,5,36
1376832429,5,36
