1376208378,3,17
1376208981,3,17
1376209585,3,17
1376210189,3,17
1376210536,4,16
1376210654,3,17
1376210968,4,16
1376211345,4,16
1376211353,5,15
1376211941,6,14
1376212496,5,15
1376213100,5,15
1376213704,5,15
1376214118,6,14
1376214722,6,14
1376214945,6,14
1376215003,7,13
1376215010,8,12
1376215273,7,13
1376215423,7,13
1376215425,6,14
1376216029,6,14
1376216127,5,15
1376216325,5,15
1376216328,4,16
1376216931,4,16
1376217535,4,16
1376218127,4,16
1376218361,3,17
1376218965,3,17
1376219569,3,17
1376220173,3,17
1376220441,2,18
1376220486,2,18
1376221089,2,18
1376221203,3,17
1376221330,4,16
1376221935,4,16
1376222489,3,17
1376222739,5,15
1376223342,5,15
1376223946,5,15
1376224082,4,16
1376224686,4,16
1376225290,4,16
1376225419,3,17
1376226023,3,17
1376226332,3,17
1376226353,3,17
1376226458,4,16
1376226475,5,15
1376227079,5,15
1376227159,6,14
1376227762,6,14
1376227908,5,15
1376228370,6,14
1376228973,6,14
1376229074,5,15
1376229678,5,15
1376230281,5,15
1376230885,5,15
1376231321,6,14
1376231802,5,15
1376232361,6,14
1376232782,5,15
1376233399,4,16
1376233545,4,16
1376233547,3,17
1376234150,3,17
1376234289,2,18
1376234893,2,18
1376235496,2,18
1376236100,2,18
1376236707,1,19
1376236945,2,18
1376237549,2,18
1376238153,2,18
1376238756,2,18
1376238830,1,19
1376239171,0,20
1376239774,0,20
1376240378,0,20
1376240981,0,20
1376241586,0,20
1376241690,1,19
1376242293,1,19
1376242449,0,20
1376243052,0,20
1376243657,0,20
1376244260,0,20
1376244865,0,20
1376245469,0,20
1376246073,0,20
1376246139,1,19
1376246743,1,19
1376246922,1,19
1376246980,5,15
1376247039,9,11
1376247047,10,10
1376247650,10,10
1376248254,10,10
1376248857,10,10
1376249463,10,10
1376249783,9,11
1376250387,9,11
1376250990,9,11
1376251594,9,11
1376252198,9,11
1376252477,10,10
1376253081,10,10
1376253684,10,10
1376254288,10,10
1376254743,9,11
1376254947,11,9
1376255551,11,9
1376255614,9,11
1376255675,8,12
1376255743,8,12
1376255758,8,12
1376256366,7,13
1376256969,7,13
1376257574,7,13
1376258178,7,13
1376258781,7,13
1376259036,6,14
1376259085,6,14
1376259136,7,13
1376259740,7,13
1376260344,7,13
1376260947,7,13
1376261551,7,13
1376262154,7,13
1376262758,7,13
1376263362,7,13
1376263788,6,14
1376264392,6,14
1376264995,6,14
1376265531,5,15
1376266135,5,15
1376266423,4,15
1376266482,3,17
1376266544,3,17
1376267148,3,17
1376267751,3,17
1376268354,3,17
1376268958,3,17
1376269562,3,17
1376270165,3,17
1376270738,3,17
1376271341,3,17
1376271945,3,17
1376272549,3,17
1376273152,3,17
1376273756,3,17
1376274359,3,17
1376274963,3,17
1376275566,3,17
1376276170,3,17
1376276773,3,17
1376277377,3,17
1376277980,3,17
1376278584,3,17
1376279188,3,17
1376279791,3,17
1376280395,3,17
1376280999,3,17
1376281602,3,17
1376282206,3,17
1376282810,3,17
1376283414,3,17
1376284018,3,17
1376284621,3,17
1376285225,3,17
1376285794,2,18
1376286380,2,18
1376286436,3,17
1376286910,2,18
1376287514,2,18
1376288117,2,18
1376288318,2,18
1376288922,2,18
1376289376,3,17
1376289782,4,16
1376289917,5,15
1376289967,4,16
1376290101,5,15
1376290235,6,14
1376290345,5,15
1376290404,4,16
1376290646,5,15
1376290999,6,14
1376291602,6,14
1376291787,7,13
1376292220,7,13
1376292228,8,12
1376292641,7,13
1376293064,7,13
1376293066,6,14
1376293265,5,15
1376293663,5,15
1376293666,6,14
1376294270,6,14
1376294788,5,15
1376295393,5,15
1376295441,4,16
1376296044,4,16
1376296437,5,15
1376297040,5,15
1376297644,5,15
1376298247,5,15
1376298851,5,15
1376299455,5,15
1376300059,5,15
1376300663,5,15
1376301266,5,15
1376301484,4,16
1376302088,4,16
1376302691,4,16
1376303056,3,17
1376303660,3,17
1376304264,3,17
1376304322,3,17
1376304352,4,16
1376304506,5,15
1376304570,5,15
1376304633,7,13
1376304969,6,14
1376305573,6,14
1376306003,7,13
1376306060,7,13
1376306664,7,13
1376306946,8,12
1376307005,9,11
1376307609,9,11
1376308212,9,11
1376308416,10,10
1376308733,9,11
1376308944,8,12
1376309263,8,12
1376309270,9,11
1376309422,9,11
1376309500,9,11
1376310071,10,10
1376310675,10,10
1376310815,11,9
1376311419,11,9
1376312022,11,9
1376312626,11,9
1376313178,12,8
1376313340,11,9
1376313701,10,10
1376314304,10,10
1376314514,9,11
1376314615,8,12
1376315035,7,13
1376315640,7,13
1376316269,8,12
1376316872,8,12
1376317020,7,13
1376317334,6,14
1376317405,5,15
1376317477,6,14
1376318080,6,14
1376318427,7,13
1376319020,7,13
1376319149,5,15
1376319190,6,14
1376319794,6,14
1376320036,5,15
1376320263,6,14
1376320867,6,14
1376320958,7,13
1376321043,8,12
1376321317,4,16
1376321346,3,17
1376321950,3,17
1376322554,3,17
1376323123,2,18
1376323185,2,18
1376323197,2,18
1376323801,2,18
1376324406,2,18
1376324653,3,17
1376325042,3,17
1376325077,1,19
1376325306,0,20
1376325682,0,20
1376326286,0,20
1376326783,0,20
1376326842,0,20
1376326848,1,19
1376326920,0,20
1376327524,0,20
1376328129,0,20
1376328283,1,19
1376328696,2,18
1376329074,3,17
1376329303,1,19
1376329446,0,20
1376330049,0,20
1376330653,0,20
1376331256,0,20
1376331638,0,20
1376331703,1,19
1376331746,2,18
1376332351,2,18
1376332610,1,19
1376333214,1,19
1376333818,1,19
1376334422,1,19
1376335025,1,19
1376335261,0,20
1376335403,0,20
1376336006,0,20
1376336611,0,20
1376337215,0,20
1376337818,0,20
1376338422,0,20
1376339025,0,20
1376339629,0,20
1376340233,0,20
1376340836,0,20
1376341440,0,20
1376342044,0,20
1376342648,0,20
1376343251,0,20
1376343855,0,20
1376344458,0,20
1376345062,0,20
1376345666,0,20
1376346270,0,20
1376346873,0,20
1376347477,0,20
1376348080,0,20
1376348684,0,20
1376349287,0,20
1376349891,0,20
1376350495,0,20
1376351099,0,20
1376351702,0,20
1376352306,0,20
1376352909,0,20
1376353513,0,20
1376354116,0,20
1376354720,0,20
1376355323,0,20
1376355927,0,20
1376356531,0,20
1376357293,0,20
1376357897,0,20
1376358500,0,20
1376359105,0,20
1376359708,0,20
1376360312,0,20
1376360915,0,20
1376361520,0,20
1376362124,0,20
1376362729,0,20
1376363332,0,20
1376363936,0,20
1376364539,0,20
1376365144,0,20
1376365723,0,20
1376365725,1,19
1376366329,1,19
1376366932,1,19
1376367536,1,19
1376368139,1,19
1376368744,1,19
1376369348,1,19
1376369952,1,19
1376370555,1,19
1376371159,1,19
1376371762,1,19
1376372366,1,19
1376372969,1,19
1376373573,1,19
1376373609,0,20
1376373690,1,19
1376373738,0,20
1376374341,0,20
1376374613,1,19
1376374714,1,19
1376374998,2,18
1376375601,2,18
1376376122,1,19
1376376298,0,20
1376376703,2,18
1376376729,3,17
1376376876,4,16
1376376989,3,17
1376377130,2,18
1376377505,1,19
1376378109,1,19
1376378667,2,18
1376379103,2,18
1376379123,2,18
1376379669,3,17
1376379887,2,18
1376380332,2,18
1376380398,1,19
1376380801,0,20
1376381405,0,20
1376381841,0,20
1376381907,0,20
1376382525,0,20
1376383129,0,20
1376383733,0,20
1376384337,0,20
1376384941,0,20
1376385544,0,20
1376386147,0,20
1376386752,0,20
1376387356,0,20
1376387959,0,20
1376388563,0,20
1376389166,0,20
1376389770,0,20
1376390374,0,20
1376390434,1,19
1376391011,2,18
1376391221,3,17
1376391826,3,17
1376392197,2,18
1376392801,2,18
1376393140,2,18
1376393189,3,16
1376393794,3,17
1376393856,4,16
1376393901,4,16
1376394192,5,15
1376394616,6,14
1376395221,6,14
1376395337,5,15
1376395417,4,16
1376395834,3,17
1376396438,3,17
1376397042,3,17
1376397646,3,17
1376398251,3,17
1376398854,3,17
1376399458,3,17
1376399591,3,17
1376399644,4,16
1376399736,4,16
1376399762,5,15
1376399917,5,15
1376399958,6,14
1376400562,6,14
1376401165,6,14
1376401769,6,14
1376402372,6,14
1376402971,7,13
1376403258,8,12
1376403861,8,12
1376404063,7,13
1376405057,7,13
1376405204,7,13
1376405205,8,12
1376405809,8,12
1376406413,8,12
1376407017,8,12
1376407621,8,12
1376408224,8,12
1376408828,8,12
1376409082,7,13
1376409659,8,12
1376409823,7,13
1376410427,7,13
1376410616,6,14
1376411239,6,14
1376411288,7,13
1376411330,6,14
1376411586,5,15
1376412018,4,16
1376412404,0,20
1376412618,1,19
1376412728,0,20
1376413333,0,20
1376413841,1,19
1376414139,0,20
1376414743,0,20
1376415347,0,20
1376415507,1,19
1376416111,1,19
1376416714,1,19
1376417318,1,19
1376417487,0,20
1376417755,0,20
1376418359,0,20
1376418962,0,20
1376419257,1,19
1376419507,0,20
1376420130,0,20
1376420174,0,20
1376420369,1,19
1376420972,1,19
1376421576,1,19
1376422179,1,19
1376422510,0,20
1376423114,0,20
1376423717,0,20
1376424321,0,20
1376424924,0,20
1376425430,0,20
1376461938,0,20
1376462085,0,20
1376462145,0,22
1376462205,0,25
1376462207,0,25
1376462765,0,25
1376462812,0,25
1376463242,0,25
1376463337,0,25
1376463462,0,25
1376463507,0,25
1376464738,0,25
1376464808,0,25
1376465226,0,25
1376465464,0,25
1376465618,0,25
1376465787,0,25
1376465820,0,25
1376465991,0,25
1376466089,0,25
1376466163,0,29
1376466210,0,35
1376466937,0,16
1376467087,0,16
1376467319,0,16
1376467461,0,16
1376468064,0,16
1376468499,1,15
1376468555,1,15
1376468590,3,13
1376469182,2,14
1376469468,1,15
1376469626,1,15
1376469656,2,14
1376469854,1,15
1376470116,2,14
1376470184,3,13
1376470788,3,13
1376471391,3,13
1376471995,3,13
1376472439,2,14
1376472628,1,15
1376473232,1,15
1376473829,0,16
1376474256,0,16
1376474276,2,14
1376474879,2,14
1376475483,2,14
1376475599,1,15
1376476202,1,15
1376476806,1,15
1376477074,0,16
1376477303,0,16
1376477332,1,15
1376477936,1,15
1376478146,0,16
1376478749,0,16
1376479353,0,16
1376479957,0,16
1376480015,0,16
1376480057,1,15
1376480661,1,15
1376480904,0,16
1376481260,1,15
1376481864,1,15
1376482300,2,14
1376482360,3,13
1376482964,3,13
1376483568,3,13
1376484172,3,13
1376484775,3,13
1376484908,3,13
1376484949,4,12
1376485064,4,12
1376485084,5,11
1376485688,5,11
1376486292,5,11
1376486895,5,11
1376487499,5,11
1376487575,4,12
1376487835,3,13
1376488137,1,15
1376488741,1,15
1376489344,1,15
1376489616,2,14
1376490219,2,14
1376490823,2,14
1376491427,2,14
1376491919,1,15
1376492523,1,15
1376493609,0,16
1376494213,0,16
1376494816,0,16
1376495420,0,16
1376495737,0,16
1376495861,0,16
1376495877,0,16
1376496480,0,16
1376496815,0,16
1376496834,1,15
1376497169,0,16
1376497280,1,15
1376497883,1,15
1376498143,1,15
1376498145,0,16
1376498416,1,15
1376498660,0,16
1376498685,0,16
1376498851,0,16
1376499093,0,16
1376499112,1,15
1376499715,1,15
1376500319,1,15
1376500938,0,16
1376501541,0,16
1376501852,0,16
1376501915,0,16
1376502519,0,16
1376503122,0,16
1376503726,0,16
1376504330,0,16
1376504934,0,16
1376505537,0,16
1376506141,0,16
1376506710,2,14
1376507314,2,14
1376507918,2,14
1376508521,2,14
1376508580,2,14
1376508596,3,13
1376509200,3,13
1376509804,3,13
1376510408,3,13
1376510478,3,13
1376510590,3,13
1376511193,3,13
1376511817,4,12
1376512421,4,12
1376512557,3,13
1376513161,3,13
1376513764,3,13
1376514368,3,13
1376514971,3,13
1376515235,2,14
1376515838,2,14
1376516442,2,14
1376516855,1,15
1376517460,1,15
1376517635,0,16
1376518239,0,16
1376518843,0,16
1376519447,0,16
1376520050,0,16
1376520654,0,16
1376521142,0,16
1376521746,0,16
1376522349,0,16
1376522953,0,16
1376523556,0,16
1376524160,0,16
1376524763,0,16
1376525367,0,16
1376525970,0,16
1376526574,0,16
1376527177,0,16
1376527781,0,16
1376528384,0,16
1376528988,0,16
1376529592,0,16
1376530195,0,16
1376530800,0,16
1376531286,0,16
1376531889,0,16
1376532493,0,16
1376533096,0,16
1376533699,0,16
1376534303,0,16
1376534907,0,16
1376535512,0,16
1376536115,0,16
1376536719,0,16
1376537322,0,16
1376537736,0,16
1376537776,1,15
1376538380,1,15
1376538983,1,15
1376539587,1,15
1376540191,1,15
1376540795,1,15
1376541399,1,15
1376542003,1,15
1376542606,1,15
1376543210,1,15
1376543813,1,15
1376544029,0,16
1376544633,0,16
1376545063,0,16
1376546675,0,16
1376546799,0,20
1376546838,0,20
1376547012,0,20
1376547113,0,20
1376547204,0,20
1376547235,0,20
1376547302,0,20
1376547906,0,20
1376548032,0,20
1376548237,0,20
1376548283,0,20
1376548465,0,20
1376548690,0,20
1376548779,0,20
1376548791,0,20
1376548943,0,20
1376549186,0,20
1376549366,0,20
1376549422,0,20
1376549558,0,20
1376549618,1,19
1376550221,1,19
1376550693,1,19
1376551242,1,19
1376551265,2,18
1376551868,2,18
1376552322,2,18
1376552382,2,18
1376552430,2,18
1376552503,1,19
1376552556,1,19
1376552609,1,19
1376552739,1,19
1376552777,0,20
1376552820,1,19
1376553423,1,19
1376553754,2,18
1376553793,3,17
1376554414,3,17
1376554439,4,16
1376555043,4,16
1376555305,5,15
1376555604,4,16
1376556076,5,15
1376556457,4,16
1376556762,4,16
1376556767,5,15
1376557370,5,15
1376557540,6,14
1376557705,5,15
1376558309,5,15
1376558912,5,15
1376559516,5,15
1376560119,5,15
1376560241,2,18
1376560387,1,19
1376560466,0,20
1376561069,0,20
1376561673,0,20
1376562276,0,20
1376562322,1,19
1376562925,1,19
1376563421,1,19
1376563442,0,20
1376563505,0,20
1376564061,1,19
1376564362,2,18
1376564733,3,17
1376565336,3,17
1376565695,4,16
1376565867,4,16
1376565900,4,16
1376566348,5,15
1376566721,6,14
1376567325,6,14
1376567929,6,14
1376568532,6,14
1376568682,7,13
1376569285,7,13
1376569857,6,14
1376570461,6,14
1376571065,6,14
1376571482,7,13
1376572086,7,13
1376572689,7,13
1376572889,7,13
1376572931,7,13
1376573025,8,12
1376573629,8,12
1376573803,7,13
1376574407,7,13
1376575011,7,13
1376575614,7,13
1376576195,7,13
1376576212,8,12
1376576761,7,13
1376577015,8,12
1376577141,7,13
1376577212,8,12
1376577816,8,12
1376578054,8,12
1376578067,9,11
1376578711,8,12
1376578904,9,11
1376579110,8,12
1376579714,8,12
1376580318,8,12
1376580386,7,13
1376580990,7,13
1376581351,6,14
1376581644,6,14
1376581712,6,14
1376581750,8,12
1376582034,7,13
1376582638,7,13
1376582902,6,14
1376583506,6,14
1376583936,5,15
1376584036,6,14
1376584396,5,15
1376584591,4,16
1376584763,3,17
1376584825,2,18
1376584948,1,19
1376585495,1,19
1376585504,2,18
1376586109,2,18
1376586271,2,18
1376586306,3,16
1376586583,3,16
1376586585,4,15
1376587189,4,16
1376587691,3,17
1376588078,2,18
1376588683,2,18
1376589286,2,18
1376589890,2,18
1376590104,3,17
1376590708,3,17
1376590849,3,17
1376591203,4,16
1376591754,3,17
1376592358,3,17
1376592615,2,18
1376592752,1,19
1376593356,1,19
1376593627,0,20
1376594231,0,20
1376594834,0,20
1376595438,0,20
1376596042,0,20
1376596645,0,20
1376597249,0,20
1376597852,0,20
1376598441,0,20
1376598491,0,20
1376599095,0,20
1376599698,0,20
1376600302,0,20
1376600905,0,20
1376601509,0,20
1376602113,0,20
1376602528,1,19
1376603132,1,19
1376603170,0,20
1376603774,0,20
1376604396,0,20
1376604459,0,20
1376604522,0,20
1376604536,0,20
1376605140,0,20
1376605744,0,20
1376605903,0,20
1376605928,1,19
1376606532,1,19
1376607136,1,19
1376607601,0,20
1376608205,0,20
1376608808,0,20
1376609412,0,20
1376610016,0,20
1376610620,0,20
1376611223,0,20
1376611827,0,20
1376612431,0,20
1376613034,0,20
1376613638,0,20
1376614242,0,20
1376614845,0,20
1376615448,0,20
1376616052,0,20
1376616316,0,20
1376616920,0,20
1376617523,0,20
1376618127,0,20
1376618730,0,20
1376619334,0,20
1376619937,0,20
1376620541,0,20
1376621145,0,20
1376621748,0,20
1376622352,0,20
1376622955,0,20
1376623559,0,20
1376624163,0,20
1376624766,0,20
1376625369,0,20
1376625973,0,20
1376626577,0,20
1376626826,1,19
1376627430,1,19
1376628034,1,19
1376628078,2,18
1376628681,2,18
1376629263,1,19
1376629866,1,19
1376630470,1,19
1376631073,1,19
1376631677,1,19
1376632280,1,19
1376632884,1,19
1376633488,1,19
1376633743,1,19
1376633751,2,18
1376634355,2,18
1376634959,2,18
1376635563,2,18
1376636166,2,18
1376636770,2,18
1376637373,2,18
1376637977,2,18
1376638197,1,19
1376638800,1,19
1376639006,0,20
1376639610,0,20
1376640213,0,20
1376640237,1,19
1376640840,1,19
1376640909,0,20
1376641512,0,20
1376641650,0,20
1376641666,1,19
1376642270,1,19
1376642429,2,18
1376643033,2,18
1376643482,1,19
1376644086,1,19
1376644689,1,19
1376645022,1,19
1376645035,2,18
1376645639,2,18
1376646243,2,18
1376646847,2,18
1376647292,3,17
1376647693,2,18
1376648297,2,18
1376648623,1,19
1376648772,0,20
1376648856,0,20
1376648881,1,19
1376649485,1,19
1376650090,1,19
1376650693,1,19
1376651297,1,19
1376651494,1,19
1376651517,2,18
1376652121,2,18
1376652725,2,18
1376653328,2,18
1376653463,3,17
1376654067,3,17
1376654197,3,17
1376654209,5,15
1376654491,4,15
1376654533,4,15
1376654863,4,16
1376655466,4,16
1376656071,4,16
1376656165,5,15
1376656770,5,15
1376657023,6,14
1376657627,6,14
1376658231,6,14
1376658834,6,14
1376659060,6,14
1376659077,7,13
1376659681,7,13
1376660285,7,13
1376660888,7,13
1376660969,6,14
1376661573,6,14
1376662176,6,14
1376662780,6,14
1376663003,7,13
1376663260,8,12
1376663864,8,12
1376664467,8,12
1376664625,7,13
1376665229,7,13
1376665833,7,13
1376666437,7,13
1376667042,7,13
1376667645,7,13
1376667874,5,15
1376668050,6,14
1376668654,6,14
1376669000,8,12
1376669346,7,13
1376669825,6,14
1376670397,5,15
1376670502,6,14
1376671106,6,14
1376671183,6,14
1376671200,7,13
1376671397,6,14
1376671517,5,15
1376671723,6,14
1376672329,6,14
1376672519,5,15
1376673123,5,15
1376673727,5,15
1376674267,6,14
1376674871,6,14
1376675083,4,16
1376675086,3,17
1376675689,3,17
1376676293,3,17
1376676814,2,18
1376677179,1,19
1376677783,1,19
1376678386,1,19
1376678990,1,19
1376679340,2,18
1376679944,2,18
1376680409,2,18
1376680432,4,16
1376681036,4,16
1376681640,4,16
1376682244,4,16
1376682848,4,16
1376683453,4,16
1376683899,3,17
1376684137,4,16
1376684612,3,17
1376685216,3,17
1376685820,3,17
1376686424,3,17
1376687028,3,17
1376687631,3,17
1376688235,3,17
1376688320,2,18
1376688923,2,18
1376689527,2,18
1376690131,2,18
1376690734,2,18
1376691338,2,18
1376691495,1,19
1376691884,1,19
1376691887,0,20
1376692490,0,20
1376693095,0,20
1376693699,0,20
1376694303,0,20
1376694906,0,20
1376695510,0,20
1376696115,0,20
1376696719,0,20
1376697323,0,20
1376697927,0,20
1376698531,0,20
1376699134,0,20
1376699738,0,20
1376700341,0,20
1376700945,0,20
1376701548,0,20
1376702152,0,20
1376702703,0,20
1376702826,0,20
1376703429,0,20
1376704033,0,20
1376704636,0,20
1376705240,0,20
1376705845,0,20
1376706449,0,20
1376707052,0,20
1376707656,0,20
1376708260,0,20
1376708863,0,20
1376709468,0,20
1376710072,0,20
1376710675,0,20
1376711280,0,20
1376711884,0,20
1376712489,0,20
1376713092,0,20
1376713696,0,20
1376714300,0,20
1376714904,0,20
1376715508,0,20
1376716113,0,20
1376716717,0,20
1376717322,0,20
1376717925,0,20
1376718529,0,20
1376719132,0,20
1376719736,0,20
1376719904,0,20
1376719915,1,19
1376720519,1,19
1376720733,2,18
1376721338,2,18
1376721525,2,18
1376721548,3,17
1376722053,4,16
1376722657,4,16
1376723196,4,16
1376723216,5,15
1376723820,5,15
1376724146,6,14
1376724750,6,14
1376725353,6,14
1376725905,6,14
1376725922,7,13
1376726526,7,13
1376727129,7,13
1376727733,7,13
1376728338,7,13
1376728896,7,13
1376728913,8,12
1376729324,8,12
1376729326,7,13
1376729443,8,12
1376730047,8,12
1376730650,8,12
1376730986,9,11
1376731475,11,9
1376732080,11,9
1376732684,11,9
1376733287,11,9
1376733891,11,9
1376734494,11,9
1376734984,9,11
1376735310,7,13
1376735914,7,13
1376736517,7,13
1376736695,7,13
1376736729,7,13
1376737332,7,13
1376737936,7,13
1376738111,6,14
1376738202,6,14
1376738211,8,12
1376738325,6,14
1376738929,6,14
1376739532,6,14
1376740136,6,14
1376740740,6,14
1376741299,7,13
1376741902,7,13
1376742126,8,12
1376742730,8,12
1376743333,8,12
1376743908,7,13
1376744127,7,13
1376744147,8,12
1376744751,8,12
1376745355,8,12
1376745611,7,13
1376745773,6,14
1376746061,6,14
1376746094,8,12
1376746212,7,13
1376746815,7,13
1376747377,7,13
1376747393,8,12
1376747806,7,13
1376747808,6,14
1376748440,7,13
1376748800,6,14
1376749032,5,15
1376749636,5,15
1376750239,5,15
1376750440,6,14
1376750682,6,13
1376750696,7,13
1376750821,6,14
1376751425,6,14
1376752029,6,14
1376752071,5,15
1376752674,5,15
1376753278,5,15
1376753881,5,15
1376754525,5,15
1376754544,6,14
1376754937,6,14
1376754956,7,13
1376755561,7,13
1376756194,7,13
1376756215,8,12
1376756824,7,13
1376757040,7,13
1376757057,8,12
1376757521,9,11
1376758125,9,11
1376758729,9,11
1376759332,9,11
1376759442,9,11
1376759455,10,10
1376759691,9,11
1376759888,8,12
1376760354,7,13
1376760973,8,12
1376761576,8,12
1376761725,7,13
1376761938,6,14
1376762258,5,15
1376762862,5,15
1376763466,5,15
1376763499,4,16
1376764005,4,16
1376764010,5,15
1376764211,4,16
1376764356,5,15
1376764637,3,17
1376765240,3,17
1376765844,3,17
1376766456,2,18
1376767059,2,18
1376767663,2,18
1376768266,2,18
1376768870,2,18
1376769473,2,18
1376770077,2,18
1376770681,2,18
1376770917,2,18
1376770967,2,18
1376771079,3,17
1376771683,3,17
1376772286,3,17
1376772890,3,17
1376773494,3,17
1376774097,3,17
1376774701,3,17
1376775304,3,17
1376775908,3,17
1376776511,3,17
1376777115,3,17
1376777718,3,17
1376778322,3,17
1376778925,3,17
1376779529,3,17
1376779559,2,18
1376780163,2,18
1376780766,2,18
1376781369,2,18
1376781974,2,18
1376782579,2,18
1376783182,2,18
1376783787,2,18
1376784392,2,18
1376784797,1,19
1376785401,1,19
1376786006,1,19
1376786609,1,19
1376787213,1,19
1376787821,0,20
1376788428,0,20
1376789114,0,20
1376789718,0,20
1376790321,0,20
1376790925,0,20
1376791529,0,20
1376792132,0,20
1376792736,0,20
1376793339,0,20
1376793943,0,20
1376794547,0,20
1376795150,0,20
1376795754,0,20
1376796357,0,20
1376796961,0,20
1376797564,0,20
1376798169,0,20
1376798773,0,20
1376799377,0,20
1376799980,0,20
1376800584,0,20
1376801188,0,20
1376801791,0,20
1376802395,0,20
1376802999,0,20
1376803602,0,20
1376804206,0,20
1376804809,0,20
1376805413,0,20
1376806017,0,20
1376806621,0,20
1376807225,0,20
1376807828,0,20
1376808432,0,20
1376808858,1,19
1376809461,1,19
1376810065,1,19
1376810669,1,19
1376811284,0,20
1376811888,0,20
1376812491,0,20
1376812601,1,19
1376813204,1,19
1376813808,1,19
1376814088,0,20
1376814692,0,20
1376815295,0,20
1376815899,0,20
1376816502,0,20
1376817106,0,20
1376817710,0,20
1376818314,0,20
1376818917,0,20
1376819565,1,19
1376820169,1,19
1376820772,1,19
1376821376,1,19
1376821979,1,19
1376822254,0,20
1376822286,1,19
1376822436,1,19
1376822459,1,19
1376823063,1,19
1376823519,0,20
1376824123,0,20
1376824727,0,20
1376824779,1,19
1376825383,1,19
1376825987,1,19
1376826591,1,19
1376826766,1,19
1376826810,1,19
1376827231,0,20
1376827834,0,20
1376828438,0,20
1376829042,0,20
1376829646,0,20
1376830250,0,20
1376830786,1,19
1376831390,1,19
1376831710,0,20
1376832313,0,20
1376832806,1,19
1376832878,2,18
1376832933,2,18
1376832980,4,16
