1376208387,0,21
1376208941,1,20
1376209545,1,20
1376209699,1,20
1376210303,1,20
1376210906,1,20
1376211510,1,20
1376212114,1,20
1376212717,1,20
1376212899,0,21
1376212912,0,21
1376213516,0,21
1376214119,0,21
1376214723,0,21
1376215223,0,21
1376215826,0,21
1376216430,0,21
1376216669,1,20
1376216709,0,21
1376217313,0,21
1376217916,0,21
1376218105,0,21
1376218709,0,21
1376219313,0,21
1376219917,0,21
1376220520,0,21
1376221124,0,21
1376221728,0,21
1376222331,0,21
1376222935,0,21
1376223538,0,21
1376224142,0,21
1376224746,0,21
1376225349,0,21
1376225953,0,21
1376226557,0,21
1376227160,0,21
1376227764,0,21
1376228367,0,21
1376229299,0,21
1376229904,0,21
1376230507,0,21
1376230722,0,21
1376230778,0,21
1376231251,0,21
1376231270,0,21
1376231398,0,21
1376231481,0,21
1376231529,1,20
1376232133,1,20
1376232736,1,20
1376233340,1,20
1376233943,1,20
1376235141,1,20
1376235718,2,19
1376236037,1,20
1376236342,0,21
1376236946,0,21
1376237550,0,21
1376238153,0,21
1376238757,0,21
1376239361,0,21
1376239964,0,21
1376240568,0,21
1376241172,0,21
1376241775,0,21
1376242379,0,21
1376242983,0,21
1376243586,0,21
1376244190,0,21
1376244794,0,21
1376245398,0,21
1376246002,0,21
1376247225,0,21
1376247230,0,21
1376247834,0,21
1376248438,0,21
1376249041,0,21
1376250316,0,21
1376250921,0,21
1376251524,0,21
1376252128,0,21
1376252732,0,21
1376254000,0,21
1376254604,0,21
1376255887,0,21
1376256491,0,21
1376257095,0,21
1376257698,0,21
1376258302,0,21
1376258906,0,21
1376259509,0,21
1376260113,0,21
1376260716,0,21
1376261320,0,21
1376261923,0,21
1376262527,0,21
1376263131,0,21
1376263734,0,21
1376264338,0,21
1376264942,0,21
1376265546,0,21
1376266150,0,21
1376266753,0,21
1376267357,0,21
1376267961,0,21
1376268565,0,21
1376269169,0,21
1376269772,0,21
1376270376,0,21
1376270678,0,21
1376271282,0,21
1376271886,0,21
1376272489,0,21
1376273093,0,21
1376273696,0,21
1376274300,0,21
1376274903,0,21
1376275507,0,21
1376276111,0,21
1376276714,0,21
1376277318,0,21
1376277922,0,21
1376278525,0,21
1376279129,0,21
1376279732,0,21
1376279773,0,21
1376279842,0,21
1376280070,0,21
1376280715,0,21
1376281646,0,21
1376282249,0,21
1376282853,0,21
1376283456,0,21
1376284060,0,21
1376284664,0,21
1376285268,0,21
1376285871,0,21
1376286475,0,21
1376286995,0,21
1376287233,0,21
1376287782,0,21
1376287784,1,20
1376288388,1,20
1376288992,1,20
1376289595,1,20
1376290199,1,20
1376290253,2,19
1376290540,1,20
1376291144,1,20
1376291534,0,21
1376292137,0,21
1376292741,0,21
1376293384,0,21
1376293466,0,21
1376294069,0,21
1376294673,0,21
1376295276,0,21
1376295880,0,21
1376296483,0,21
1376297087,0,21
1376298459,0,21
1376298464,0,21
1376299068,0,21
1376299672,0,21
1376300275,0,21
1376300879,0,21
1376302144,0,21
1376302748,0,21
1376303352,0,21
1376303955,0,21
1376304559,0,21
1376305163,0,21
1376305766,0,21
1376306369,0,21
1376306973,0,21
1376307585,0,21
1376308189,0,21
1376308792,0,21
1376309396,0,21
1376309484,0,21
1376310167,0,21
1376310771,0,21
1376311374,0,21
1376311978,0,21
1376312582,0,21
1376313186,0,21
1376313789,0,21
1376314393,0,21
1376314899,1,20
1376315503,1,20
1376316106,1,20
1376316710,1,20
1376317313,1,20
1376317917,1,20
1376318521,1,20
1376319125,1,20
1376319728,1,20
1376320333,1,20
1376320498,0,21
1376321103,0,21
1376321707,0,21
1376322311,0,21
1376322914,0,21
1376322963,0,21
1376323567,0,21
1376324170,0,21
1376324563,0,21
1376324572,1,20
1376325176,1,20
1376325780,1,20
1376326234,1,20
1376326303,1,20
1376326335,1,20
1376326880,2,19
1376327007,1,20
1376327610,1,20
1376328214,1,20
1376328341,1,20
1376328367,2,19
1376328970,2,19
1376329150,3,18
1376329420,2,19
1376329575,1,19
1376329636,1,20
1376329698,1,20
1376329768,1,20
1376329844,0,21
1376330447,0,21
1376331051,0,21
1376331654,0,21
1376332258,0,21
1376332334,0,21
1376332371,0,21
1376332975,0,21
1376333578,0,21
1376334182,0,21
1376334785,0,21
1376335389,0,21
1376335993,0,21
1376336596,0,21
1376337200,0,21
1376337804,0,21
1376338407,0,21
1376339011,0,21
1376339615,0,21
1376340218,0,21
1376340669,0,21
1376340738,0,21
1376341341,0,21
1376341945,0,21
1376342548,0,21
1376343152,0,21
1376343756,0,21
1376344360,0,21
1376344964,0,21
1376345567,0,21
1376346171,0,21
1376346774,0,21
1376347378,0,21
1376347981,0,21
1376348585,0,21
1376349188,0,21
1376349792,0,21
1376350395,0,21
1376350999,0,21
1376351603,0,21
1376352206,0,21
1376352810,0,21
1376353302,0,21
1376353336,1,20
1376353939,1,20
1376354543,1,20
1376355146,1,20
1376355750,1,20
1376356353,1,20
1376357076,1,20
1376357680,1,20
1376358283,1,20
1376358887,1,20
1376359490,1,20
1376360094,1,20
1376360697,1,20
1376361301,1,20
1376361904,1,20
1376362508,1,20
1376363112,1,20
1376363715,1,20
1376364318,1,20
1376364922,1,20
1376365526,1,20
1376365877,0,21
1376366480,0,21
1376367084,0,21
1376367687,0,21
1376368291,0,21
1376368895,0,21
1376369498,0,21
1376370101,0,21
1376370705,0,21
1376371309,0,21
1376371912,0,21
1376372516,0,21
1376373153,0,21
1376373221,0,21
1376373265,1,20
1376373869,1,20
1376374472,1,20
1376375076,1,20
1376375680,1,20
1376376283,1,20
1376376641,2,19
1376376651,2,19
1376377255,2,19
1376378189,2,19
1376378459,3,18
1376379063,3,18
1376379480,2,19
1376379992,3,18
1376380596,3,18
1376380663,3,18
1376380697,4,17
1376381301,4,17
1376381906,4,17
1376382510,4,17
1376382799,4,17
1376382854,4,17
1376383001,4,17
1376383086,5,16
1376383130,6,15
1376383734,6,15
1376384337,6,15
1376384941,6,15
1376385544,6,15
1376386148,6,15
1376386752,6,15
1376387356,6,15
1376387959,6,15
1376388564,6,15
1376389169,6,15
1376389554,5,16
1376390157,5,16
1376390519,6,15
1376391123,6,15
1376391655,7,14
1376392259,7,14
1376392381,6,15
1376392985,6,15
1376393589,6,15
1376394192,6,15
1376394689,7,14
1376395292,7,14
1376395381,7,14
1376395459,8,13
1376395536,9,12
1376395838,8,13
1376396442,8,13
1376397046,8,13
1376397649,8,13
1376398253,8,13
1376398725,7,14
1376399104,7,14
1376399159,8,13
1376399762,8,13
1376400366,8,13
1376400909,7,14
1376401513,7,14
1376402380,7,14
1376402598,7,14
1376403202,7,14
1376403806,7,14
1376404041,8,13
1376404645,8,13
1376404903,9,12
1376404905,10,11
1376405183,11,10
1376405787,11,10
1376405882,10,11
1376406024,9,12
1376406629,9,12
1376407169,8,13
1376407773,8,13
1376408098,7,14
1376408717,7,14
1376409321,7,14
1376409924,7,14
1376410279,8,13
1376410879,7,14
1376411482,7,14
1376411578,6,15
1376412181,6,15
1376412785,6,15
1376413270,7,14
1376413874,7,14
1376414477,7,14
1376415081,7,14
1376415684,7,14
1376416288,7,14
1376416422,7,14
1376416475,7,14
1376416513,8,13
1376417116,8,13
1376417720,8,13
1376417906,9,12
1376418510,9,12
1376419113,9,12
1376419717,9,12
1376420322,9,12
1376420929,9,12
1376421187,8,13
1376421556,7,14
1376422160,7,14
1376422764,7,14
1376423367,7,14
1376423979,7,14
1376424476,6,15
1376425080,6,15
1376425684,6,15
1376425924,5,16
1376426101,4,17
1376426705,4,17
1376427308,4,17
1376427577,3,18
1376428181,3,18
1376428784,3,18
1376429388,3,18
1376429991,3,18
1376430595,3,18
1376431199,3,18
1376431380,2,19
1376431984,2,19
1376432588,2,19
1376433191,2,19
1376433795,2,19
1376434302,1,20
1376434343,1,20
1376434461,0,21
1376435065,0,21
1376435668,0,21
1376436272,0,21
1376436876,0,21
1376437479,0,21
1376438083,0,21
1376438686,0,21
1376439290,0,21
1376439893,0,21
1376440497,0,21
1376440660,1,20
1376440976,0,21
1376441579,0,21
1376442183,0,21
1376442787,0,21
1376443473,0,21
1376444076,0,21
1376444680,0,21
1376445284,0,21
1376445887,0,21
1376446491,0,21
1376447094,0,21
1376447698,0,21
1376448301,0,21
1376448905,0,21
1376449508,0,21
1376450112,0,21
1376450715,0,21
1376451319,0,21
1376451922,0,21
1376452192,0,21
1376452837,0,21
1376453441,0,21
1376454045,0,21
1376454648,0,21
1376455252,0,21
1376455855,0,21
1376456459,0,21
1376457062,0,21
1376457276,0,21
1376457880,0,21
1376458483,0,21
1376459087,0,21
1376459690,0,21
1376460294,0,21
1376460912,0,21
1376460955,1,20
1376461083,0,21
1376461686,0,21
1376461749,1,20
1376462203,1,20
1376462205,2,19
1376462358,3,18
1376462803,3,18
1376462805,2,19
1376463409,2,19
1376464013,2,19
1376464631,3,18
1376464828,4,17
1376465432,4,17
1376465955,3,18
1376466580,3,18
1376466593,4,17
1376467197,4,17
1376467312,3,18
1376467916,3,18
1376468519,3,18
1376469123,3,18
1376469726,3,18
1376470330,3,18
1376470933,3,18
1376471537,3,18
1376472140,3,18
1376472744,3,18
1376473347,3,18
1376473951,3,18
1376474555,3,18
1376475158,3,18
1376475761,3,18
1376475885,3,18
1376476488,4,17
1376477092,4,17
1376477696,4,17
1376478300,4,17
1376478444,4,17
1376478477,5,16
1376479080,5,16
1376479684,5,16
1376480288,5,16
1376480891,5,16
1376481495,5,16
1376482098,5,16
1376482283,4,17
1376483584,4,17
1376483665,4,17
1376483713,4,17
1376483876,4,17
1376484189,5,16
1376484793,5,16
1376485397,5,16
1376486000,5,16
1376486604,5,16
1376487208,5,16
1376487811,5,16
1376488415,5,16
1376488658,6,15
1376489262,6,15
1376489436,5,16
1376490040,5,16
1376490102,5,16
1376490110,6,15
1376490714,6,15
1376491317,6,15
1376491921,6,15
1376492524,6,15
1376492586,6,15
1376492643,6,15
1376492715,7,14
1376492768,6,15
1376493095,6,15
1376493139,7,14
1376493273,6,15
1376493308,6,15
1376493518,7,14
1376493871,8,13
1376493915,7,14
1376494519,7,14
1376494718,8,13
1376495322,8,13
1376495478,7,14
1376495892,6,15
1376496495,6,15
1376497099,6,15
1376497643,6,15
1376497689,7,14
1376498292,7,14
1376498896,7,14
1376498986,7,14
1376499005,6,15
1376499608,6,15
1376499907,7,14
1376500242,5,14
1376500292,3,18
1376500895,3,18
1376501499,3,18
1376502102,3,18
1376502205,2,19
1376502290,1,20
1376502894,1,20
1376503497,1,20
1376504101,1,20
1376504705,1,20
1376505308,1,20
1376505912,1,20
1376506515,1,20
1376507119,1,20
1376507722,1,20
1376508326,1,20
1376508930,1,20
1376509533,1,20
1376510137,1,20
1376510740,1,20
1376511344,1,20
1376511947,1,20
1376512551,1,20
1376513156,1,20
1376513760,1,20
1376514364,1,20
1376514968,1,20
1376515571,1,20
1376515661,1,20
1376515668,2,19
1376516272,2,19
1376516875,2,19
1376517479,2,19
1376518083,2,19
1376518687,2,19
1376518891,3,18
1376519495,3,18
1376520099,3,18
1376520492,4,17
1376521095,4,17
1376521699,4,17
1376522244,3,18
1376522468,2,19
1376523072,2,19
1376523676,2,19
1376523943,1,20
1376524547,1,20
1376525150,1,20
1376525754,1,20
1376526357,1,20
1376526961,1,20
1376527565,1,20
1376528168,1,20
1376528772,1,20
1376529376,1,20
1376529876,1,20
1376529911,1,20
1376530515,1,20
1376531118,1,20
1376531722,1,20
1376532325,1,20
1376532929,1,20
1376533532,1,20
1376534136,1,20
1376534739,1,20
1376535343,1,20
1376535947,1,20
1376536550,1,20
1376537154,1,20
1376537757,1,20
1376538361,1,20
1376538965,1,20
1376539568,1,20
1376540172,1,20
1376540775,1,20
1376541379,1,20
1376541982,1,20
1376542586,1,20
1376543190,1,20
1376543793,1,20
1376544396,1,20
1376545000,1,20
1376545603,1,20
1376546207,1,20
1376546810,1,20
1376547414,1,20
1376548018,1,20
1376548621,1,20
1376549225,1,20
1376549828,1,20
1376550432,1,20
1376551056,1,20
1376551120,2,19
1376551163,2,19
1376551207,2,19
1376551290,3,18
1376551894,3,18
1376552498,3,18
1376553101,3,18
1376553705,3,18
1376554309,3,18
1376554912,3,18
1376555516,3,18
1376556119,3,18
1376556723,3,18
1376557326,3,18
1376557930,3,18
1376558533,3,18
1376558610,4,17
1376559060,3,18
1376559664,3,18
1376560268,3,18
1376560872,3,18
1376562101,3,18
1376562705,3,18
1376563308,3,18
1376563838,3,18
1376563847,4,17
1376564451,4,17
1376564888,5,16
1376565491,5,16
1376566723,5,16
1376566728,5,16
1376567332,5,16
1376567935,5,16
1376568189,4,17
1376568458,5,16
1376569061,5,16
1376569373,6,15
1376569977,6,15
1376570580,6,15
1376571014,6,15
1376571618,6,15
1376572221,6,15
1376572824,6,15
1376572863,5,16
1376573467,5,16
1376574070,5,16
1376574674,5,16
1376575003,5,16
1376575023,5,16
1376575122,5,16
1376575181,5,16
1376575226,6,15
1376575301,7,14
1376575456,6,15
1376576060,6,15
1376576664,6,15
1376576716,5,16
1376577023,6,15
1376577342,6,15
1376577383,6,15
1376577470,6,15
1376577563,7,14
1376577604,8,13
1376578208,8,13
1376578811,8,13
1376579415,8,13
1376580018,8,13
1376580622,8,13
1376580876,7,14
1376580901,6,15
1376581505,6,15
1376582108,6,15
1376582712,6,15
1376583315,6,15
1376583692,6,15
1376583808,6,15
1376583837,7,14
1376584441,7,14
1376584992,6,15
1376585595,6,15
1376586199,6,15
1376586343,6,15
1376586351,7,14
1376586814,7,14
1376586858,8,13
1376587462,8,13
1376588056,7,14
1376588352,6,14
1376588397,5,16
1376589001,5,16
1376589605,5,16
1376590208,5,16
1376590812,5,16
1376591416,5,16
1376592019,5,16
1376592623,5,16
1376592804,7,14
1376593104,6,15
1376593708,6,15
1376593882,5,16
1376593956,4,17
1376593997,4,17
1376594083,4,17
1376594103,4,17
1376594707,4,17
1376595912,4,17
1376596515,4,17
1376597119,4,17
1376597723,4,17
1376598326,4,17
1376598884,4,17
1376598886,3,18
1376599490,3,18
1376599617,2,19
1376600221,2,19
1376600824,2,19
1376601149,1,20
1376601752,1,20
1376602356,1,20
1376602959,1,20
1376603563,1,20
1376604167,1,20
1376604770,1,20
1376605374,1,20
1376605977,1,20
1376606581,1,20
1376607184,1,20
1376607788,1,20
1376608391,1,20
1376608995,1,20
1376609141,1,20
1376609148,2,19
1376609752,2,19
1376610355,2,19
1376610959,2,19
1376611562,2,19
1376612166,2,19
1376612770,2,19
1376613373,2,19
1376613977,2,19
1376614580,2,19
1376615183,2,19
1376615787,2,19
1376616274,2,19
1376616877,2,19
1376617481,2,19
1376618085,2,19
1376618688,2,19
1376619292,2,19
1376619896,2,19
1376620499,2,19
1376621103,2,19
1376621707,2,19
1376622310,2,19
1376622914,2,19
1376623517,2,19
1376624121,2,19
1376624724,2,19
1376625328,2,19
1376625931,2,19
1376626535,2,19
1376627138,2,19
1376627742,2,19
1376628345,2,19
1376628949,2,19
1376630144,2,19
1376630153,2,19
1376630757,2,19
1376631360,2,19
1376631699,2,19
1376631711,3,18
1376632315,3,18
1376632918,3,18
1376633443,3,18
1376633471,4,17
1376634075,4,17
1376634678,4,17
1376635282,4,17
1376635885,4,17
1376636816,4,17
1376637311,5,16
1376637915,5,16
1376638139,4,17
1376638743,4,17
1376639346,4,17
1376639950,4,17
1376640554,4,17
1376641158,4,17
1376641761,4,17
1376642365,4,17
1376642968,4,17
1376643572,4,17
1376644175,4,17
1376644422,4,17
1376644424,5,16
1376645028,5,16
1376645631,5,16
1376646130,3,18
1376647363,3,18
1376647372,3,18
1376647484,3,18
1376647504,4,17
1376648108,4,17
1376648711,4,17
1376649315,4,17
1376649919,4,17
1376650522,4,17
1376651126,4,17
1376651149,3,18
1376651498,2,19
1376651526,2,19
1376651679,3,18
1376651739,4,17
1376652343,4,17
1376652947,4,17
1376654143,4,17
1376654149,4,17
1376654753,4,17
1376655357,4,17
1376655960,4,17
1376656564,4,17
1376657168,4,17
1376657773,4,17
1376658098,4,17
1376658150,4,17
1376658265,5,16
1376658868,5,16
1376659472,5,16
1376660076,5,16
1376660679,5,16
1376661283,5,16
1376661886,5,16
1376662102,6,15
1376662706,6,15
1376662927,7,14
1376662994,8,13
1376663056,7,14
1376663659,7,14
1376664263,7,14
1376664866,7,14
1376665469,7,14
1376666062,6,15
1376666225,5,16
1376666366,5,15
1376666441,5,15
1376666479,5,15
1376666520,5,15
1376666603,5,15
1376666645,6,14
1376667248,6,15
1376667834,5,16
1376668287,4,17
1376668890,4,17
1376669257,3,18
1376669315,4,17
1376669919,4,17
1376670523,4,17
1376671126,4,17
1376671730,4,17
1376672333,4,17
1376672937,4,17
1376673024,5,16
1376673627,5,16
1376673703,4,17
1376673706,5,16
1376674310,5,16
1376674913,5,16
1376675517,5,16
1376676120,5,16
1376676725,5,16
1376677328,5,16
1376677931,5,16
1376678535,5,16
1376679139,5,16
1376679743,5,16
1376680346,5,16
1376680950,5,16
1376681208,4,17
1376681829,3,18
1376682433,3,18
1376683037,3,18
1376683640,3,18
1376684244,3,18
1376684847,3,18
1376685451,3,18
1376686054,3,18
1376686658,3,18
1376687854,3,18
1376687939,3,18
1376688543,3,18
1376689146,3,18
1376689750,3,18
1376690353,3,18
1376690957,3,18
1376691151,2,19
1376691755,2,19
1376692358,2,19
1376692962,2,19
1376693565,2,19
1376694169,2,19
1376694773,2,19
1376695377,2,19
1376695500,2,19
1376696104,2,19
1376696529,3,18
1376697133,3,18
1376697736,3,18
1376698340,3,18
1376698943,3,18
1376699287,3,18
1376699891,3,18
1376700494,3,18
1376701097,3,18
1376701701,3,18
1376702305,3,18
1376702675,3,18
1376702718,3,18
1376703121,3,18
1376703724,3,18
1376704328,3,18
1376704932,3,18
1376705535,3,18
1376706139,3,18
1376706743,3,18
1376707346,3,18
1376707950,3,18
1376708553,3,18
1376709157,3,18
1376709760,3,18
1376710364,3,18
1376710967,3,18
1376711571,3,18
1376711948,3,18
1376712040,4,17
1376712644,4,17
1376713247,4,17
1376713851,4,17
1376714455,4,17
1376715058,4,17
1376715662,4,17
1376716265,4,17
1376716869,4,17
1376717473,4,17
1376718076,4,17
1376718680,4,17
1376719283,4,17
1376719887,4,17
1376720490,4,17
1376721094,4,17
1376721483,3,18
1376722816,3,18
1376723419,3,18
1376724023,3,18
1376724627,3,18
1376725231,3,18
1376725834,3,18
1376726438,3,18
1376727042,3,18
1376727481,3,18
1376727616,2,19
1376728219,2,19
1376728823,2,19
1376729426,2,19
1376730030,2,19
1376730633,2,19
1376731237,2,19
1376731614,3,18
1376732217,3,18
1376732821,3,18
1376733425,3,18
1376734029,3,18
1376734098,2,19
1376734199,2,19
1376734281,3,18
1376734326,4,17
1376734930,4,17
1376735533,4,17
1376736137,4,17
1376736582,3,18
1376737186,3,18
1376737789,3,18
1376738009,4,17
1376738612,4,17
1376739216,4,17
1376739820,4,17
1376739845,3,18
1376740335,4,16
1376740966,4,17
1376740974,5,16
1376741577,5,16
1376742181,5,16
1376742500,4,17
1376743104,4,17
1376744294,4,17
1376744898,4,17
1376745502,4,17
1376745935,4,17
1376745984,5,16
1376746587,5,16
1376746665,6,15
1376747896,6,15
1376748500,6,15
1376749104,6,15
1376749708,6,15
1376749901,4,17
1376750504,4,17
1376751108,4,17
1376751711,4,17
1376752315,4,17
1376752459,3,18
1376753063,3,18
1376753667,3,18
1376754271,3,18
1376755363,3,18
1376755369,3,18
1376755972,3,18
1376756575,3,18
1376757179,3,18
1376757783,3,18
1376757872,2,19
1376757914,2,19
1376758517,2,19
1376759121,2,19
1376759409,3,18
1376760013,3,18
1376760617,3,18
1376761222,3,18
1376761826,3,18
1376762429,3,18
1376763033,3,18
1376763587,3,18
1376764192,2,19
1376764794,2,19
1376765398,2,19
1376766002,2,19
1376766606,2,19
1376766944,1,20
1376767592,1,20
1376768196,1,20
1376768799,1,20
1376769403,1,20
1376769729,1,20
1376769773,2,19
1376770377,2,19
1376770961,3,18
1376771565,3,18
1376772168,3,18
1376772592,2,19
1376773196,2,19
1376773510,1,20
1376774114,1,20
1376774718,1,20
1376775322,1,20
1376775925,1,20
1376776529,1,20
1376777133,1,20
1376777737,1,20
1376778340,1,20
1376778944,1,20
1376779548,1,20
1376780151,1,20
1376780755,1,20
1376781358,1,20
1376781962,1,20
1376782565,1,20
1376783169,1,20
1376783772,1,20
1376784376,1,20
1376784980,1,20
1376785271,1,20
1376785406,1,20
1376786011,1,20
1376786614,1,20
1376787218,1,20
1376787822,1,20
1376788426,1,20
1376789072,1,20
1376789676,1,20
1376790279,1,20
1376790883,1,20
1376791487,1,20
1376792090,1,20
1376792694,1,20
1376793298,1,20
1376793901,1,20
1376794505,1,20
1376794786,1,20
1376794814,2,19
1376795769,2,19
1376796372,2,19
1376796976,2,19
1376797579,2,19
1376798182,2,19
1376798786,2,19
1376799390,2,19
1376799994,2,19
1376800597,2,19
1376801201,2,19
1376801805,2,19
1376802409,2,19
1376803013,2,19
1376803616,2,19
1376804220,2,19
1376804824,2,19
1376805427,2,19
1376806031,2,19
1376806381,3,18
1376806985,3,18
1376807588,3,18
1376808192,3,18
1376808795,3,18
1376809399,3,18
1376810002,3,18
1376810606,3,18
1376811209,3,18
1376811813,3,18
1376812416,3,18
1376813020,3,18
1376814242,3,18
1376814846,3,18
1376815065,3,18
1376815082,2,19
1376816369,2,19
1376816972,2,19
1376817576,2,19
1376818180,2,19
1376818784,2,19
1376819388,2,19
1376819991,2,19
1376820595,2,19
1376821199,2,19
1376821803,2,19
1376822407,2,19
1376823011,2,19
1376823615,2,19
1376824219,2,19
1376824823,2,19
1376825426,2,19
1376825781,1,20
1376826385,1,20
1376826989,1,20
1376827592,1,20
1376828196,1,20
1376828799,1,20
1376829403,1,20
1376830006,1,20
1376830609,1,20
1376831213,1,20
1376831728,1,20
1376831781,1,20
1376832385,1,20
1376832464,2,19
