1376208407,0,23
1376209011,0,23
1376209132,0,23
1376209204,0,23
1376209808,0,23
1376210103,0,23
1376210199,0,23
1376210335,0,23
1376210393,1,22
1376210997,1,22
1376211061,2,21
1376211669,1,22
1376212272,1,22
1376212876,1,22
1376213480,1,22
1376214083,1,22
1376214687,1,22
1376215291,1,22
1376215895,1,22
1376216499,1,22
1376216602,1,22
1376216640,2,21
1376217243,2,21
1376217847,2,21
1376218451,2,21
1376219055,2,21
1376219658,2,21
1376220262,2,21
1376220866,2,21
1376221469,2,21
1376222074,2,21
1376222192,2,21
1376222796,2,21
1376223400,2,21
1376224003,2,21
1376224361,1,22
1376224965,1,22
1376225201,1,22
1376225257,1,22
1376225862,1,22
1376226466,1,22
1376227069,1,22
1376227673,1,22
1376228277,1,22
1376228881,1,22
1376229485,1,22
1376230088,1,22
1376230692,1,22
1376231296,1,22
1376231348,0,23
1376231952,0,23
1376232557,0,23
1376233161,0,23
1376233764,0,23
1376234368,0,23
1376234684,1,22
1376234687,0,23
1376235291,0,23
1376235895,0,23
1376236498,0,23
1376237102,0,23
1376237624,0,23
1376237970,2,21
1376238261,1,22
1376238865,1,22
1376239269,0,23
1376239873,0,23
1376240477,0,23
1376241081,0,23
1376241684,0,23
1376242288,0,23
1376242423,0,22
1376242438,1,22
1376242509,0,23
1376243141,0,23
1376243239,0,23
1376243844,0,23
1376244448,0,23
1376245052,0,23
1376245656,0,23
1376246260,0,23
1376246864,0,23
1376247467,0,23
1376248071,0,23
1376248675,0,23
1376249279,0,23
1376249882,0,23
1376250487,0,23
1376251091,0,23
1376251695,0,23
1376252299,0,23
1376252902,0,23
1376253506,0,23
1376254110,0,23
1376254714,0,23
1376255317,0,23
1376255921,0,23
1376256480,0,23
1376257084,0,23
1376257689,0,23
1376258292,0,23
1376258896,0,23
1376259500,0,23
1376260104,0,23
1376260708,0,23
1376261317,0,23
1376261921,0,23
1376262525,0,23
1376263128,0,23
1376263732,0,23
1376264336,0,23
1376264940,0,23
1376265543,0,23
1376266147,0,23
1376266751,0,23
1376267355,0,23
1376267958,0,23
1376268563,0,23
1376269166,0,23
1376269770,0,23
1376270374,0,23
1376270978,0,23
1376271258,0,23
1376271862,0,23
1376272466,0,23
1376273069,0,23
1376273673,0,23
1376274277,0,23
1376274880,0,23
1376275484,0,23
1376276088,0,23
1376276692,0,23
1376277295,0,23
1376277899,0,23
1376278503,0,23
1376279107,0,23
1376279711,0,23
1376280314,0,23
1376280918,0,23
1376281522,0,23
1376282125,0,23
1376282730,0,23
1376283334,0,23
1376283938,0,23
1376284541,0,23
1376285145,0,23
1376285749,0,23
1376286353,0,23
1376286957,0,23
1376287561,0,23
1376288165,0,23
1376288769,0,23
1376289373,0,23
1376289976,0,23
1376290580,0,23
1376291184,0,23
1376291501,0,23
1376291509,1,22
1376292113,1,22
1376292522,1,22
1376292530,0,23
1376292854,1,22
1376293240,0,23
1376293844,0,23
1376294449,0,23
1376294623,0,23
1376294635,1,22
1376295239,1,22
1376295843,1,22
1376296447,1,22
1376297051,1,22
1376297654,1,22
1376298258,1,22
1376298862,1,22
1376299466,1,22
1376300069,1,22
1376300673,1,22
1376300816,2,21
1376300895,2,21
1376301499,2,21
1376302103,2,21
1376302664,2,21
1376302666,3,20
1376303020,2,21
1376303239,1,22
1376303599,0,23
1376304204,0,23
1376304808,0,23
1376305412,0,23
1376306015,0,23
1376306618,0,23
1376307222,0,23
1376307532,0,23
1376308136,0,23
1376308740,0,23
1376309344,0,23
1376309493,0,23
1376310097,0,23
1376310701,0,23
1376311304,0,23
1376311908,0,23
1376312512,0,23
1376313116,0,23
1376313493,1,22
1376314096,1,22
1376314700,1,22
1376315304,1,22
1376315907,1,22
1376316511,1,22
1376317115,1,22
1376317719,1,22
1376318322,1,22
1376318926,1,22
1376319530,1,22
1376319845,0,23
1376320449,0,23
1376321052,0,23
1376321656,0,23
1376322260,0,23
1376322864,0,23
1376323468,0,23
1376324071,0,23
1376324675,0,23
1376325279,0,23
1376325883,0,23
1376326537,0,23
1376326798,0,23
1376327402,0,23
1376327607,0,23
1376328211,0,23
1376328814,0,23
1376329418,0,23
1376329655,0,23
1376329776,1,22
1376329839,1,22
1376329905,2,21
1376329907,1,22
1376330511,1,22
1376331116,1,22
1376331719,1,22
1376332195,0,23
1376332800,0,23
1376333404,0,23
1376333620,0,23
1376334224,0,23
1376334828,0,23
1376335432,0,23
1376336039,0,23
1376336269,0,23
1376336369,0,23
1376336409,1,22
1376337013,1,22
1376337616,1,22
1376338220,1,22
1376338824,1,22
1376339427,1,22
1376340031,1,22
1376340635,1,22
1376341239,1,22
1376341843,1,22
1376342447,1,22
1376342554,0,23
1376343157,0,23
1376343761,0,23
1376344365,0,23
1376344969,0,23
1376345573,0,23
1376346177,0,23
1376346781,0,23
1376347384,0,23
1376347988,0,23
1376348592,0,23
1376349196,0,23
1376349720,0,23
1376350330,0,23
1376350934,0,23
1376351538,0,23
1376352141,0,23
1376352745,0,23
1376353349,0,23
1376353953,0,23
1376354557,0,23
1376355160,0,23
1376355764,0,23
1376356368,0,23
1376356972,0,23
1376357657,0,23
1376358261,0,23
1376358865,0,23
1376359469,0,23
1376360072,0,23
1376360676,0,23
1376361280,0,23
1376361884,0,23
1376362487,0,23
1376363091,0,23
1376363695,0,23
1376364299,0,23
1376364903,0,23
1376365507,0,23
1376366111,0,23
1376366715,0,23
1376367319,0,23
1376367922,0,23
1376368526,0,23
1376369130,0,23
1376369734,0,23
1376370338,0,23
1376370796,0,23
1376371400,0,23
1376372004,0,23
1376372607,0,23
1376373211,0,23
1376373815,0,23
1376374419,0,23
1376375022,0,23
1376375626,0,23
1376376230,0,23
1376376794,0,23
1376377398,0,23
1376378002,0,23
1376378605,0,23
1376378633,0,23
1376379237,0,23
1376379841,0,23
1376380053,1,22
1376380656,1,22
1376381260,1,22
1376381593,0,23
1376382093,0,23
1376382697,0,23
1376383302,0,23
1376383403,0,23
1376383484,0,23
1376384088,0,23
1376384209,0,23
1376384330,0,23
1376384411,0,23
1376385014,0,23
1376385618,0,23
1376386222,0,23
1376386826,0,23
1376387429,0,23
1376387892,1,22
1376388496,1,22
1376389099,1,22
1376389703,1,22
1376390307,1,22
1376390911,1,22
1376390982,0,23
1376391586,0,23
1376392190,0,23
1376392794,0,23
1376393398,0,23
1376394001,0,23
1376394605,0,23
1376395209,0,23
1376395813,0,23
1376396417,0,23
1376397021,0,23
1376397625,0,23
1376398228,0,23
1376398832,0,23
1376399436,0,23
1376400040,0,23
1376400644,0,23
1376401247,0,23
1376401851,0,23
1376402455,0,23
1376403059,0,23
1376403365,1,22
1376403968,1,22
1376404572,1,22
1376405176,1,22
1376405780,1,22
1376405950,0,23
1376406554,0,23
1376407158,0,23
1376407762,0,23
1376408366,0,23
1376408970,0,23
1376409574,0,23
1376410178,0,23
1376410782,0,23
1376411386,0,23
1376411975,1,22
1376412579,1,22
1376413183,1,22
1376413359,0,23
1376413964,0,23
1376414139,1,22
1376414539,0,23
1376415143,0,23
1376415603,0,23
1376416207,0,23
1376416810,0,23
1376417414,0,23
1376418018,0,23
1376418622,0,23
1376419225,0,23
1376419829,0,23
1376420433,0,23
1376421038,0,23
1376421642,0,23
1376422245,0,23
1376422849,0,23
1376423453,0,23
1376424057,0,23
1376424660,0,23
1376425264,0,23
1376425868,0,23
1376426472,0,23
1376427075,0,23
1376427679,0,23
1376428283,0,23
1376428887,0,23
1376429491,0,23
1376430094,0,23
1376430698,0,23
1376431302,0,23
1376431905,0,23
1376432509,0,23
1376433114,0,23
1376433718,0,23
1376434327,0,23
1376434932,0,23
1376435536,0,23
1376436140,0,23
1376436743,0,23
1376437347,0,23
1376437951,0,23
1376438555,0,23
1376439158,0,23
1376439762,0,23
1376440366,0,23
1376440970,0,23
1376441574,0,23
1376442177,0,23
1376442781,0,23
1376443385,0,23
1376444057,0,23
1376444661,0,23
1376445265,0,23
1376445869,0,23
1376446473,0,23
1376447077,0,23
1376447680,0,23
1376448284,0,23
1376448888,0,23
1376449492,0,23
1376450095,0,23
1376450699,0,23
1376451303,0,23
1376451907,0,23
1376452510,0,23
1376453114,0,23
1376453718,0,23
1376454322,0,23
1376454926,0,23
1376455529,0,23
1376456133,0,23
1376456737,0,23
1376457341,0,23
1376457944,0,23
1376458549,0,23
1376459153,0,23
1376459756,0,23
1376460360,0,23
1376460964,0,23
1376461568,0,23
1376462171,0,23
1376462775,0,23
1376463379,0,23
1376463983,0,23
1376464586,0,23
1376465190,0,23
1376465794,0,23
1376466398,0,23
1376467002,0,23
1376467605,0,23
1376468239,1,22
1376468844,1,22
1376469447,1,22
1376470050,1,22
1376470653,1,22
1376471261,1,22
1376471617,1,22
1376471802,1,22
1376471949,1,22
1376472129,1,22
1376472732,1,22
1376473351,1,22
1376473954,1,22
1376474526,3,20
1376475130,3,20
1376475733,3,20
1376476260,2,21
1376476865,2,21
1376477299,1,22
1376477904,1,22
1376478508,1,22
1376479112,1,22
1376479716,1,22
1376480320,1,22
1376480924,1,22
1376481528,1,22
1376482131,1,22
1376482337,0,23
1376482941,0,23
1376483545,0,23
1376484149,0,23
1376484753,0,23
1376485357,0,23
1376485961,0,23
1376486565,0,23
1376487168,0,23
1376487772,0,23
1376488376,0,23
1376488979,0,23
1376489583,0,23
1376490187,0,23
1376490791,0,23
1376491395,0,23
1376491998,0,23
1376492602,0,23
1376493206,0,23
1376493810,0,23
1376494413,0,23
1376495017,0,23
1376495621,0,23
1376496226,0,23
1376496830,0,23
1376497433,0,23
1376498038,0,23
1376498642,0,23
1376499245,0,23
1376499541,1,22
1376500145,1,22
1376500597,3,20
1376500665,3,20
1376500692,3,20
1376501296,3,20
1376501899,3,20
1376502503,3,20
1376502873,4,19
1376503477,4,19
1376503528,3,20
1376504096,2,21
1376504526,3,20
1376505130,3,20
1376505733,3,20
1376506001,3,20
1376506010,4,19
1376506638,3,20
1376507242,3,20
1376507846,3,20
1376508450,3,20
1376509054,3,20
1376509658,3,20
1376510262,3,20
1376510865,3,20
1376511469,3,20
1376512073,3,20
1376512677,3,20
1376513281,3,20
1376513884,3,20
1376514488,3,20
1376514583,3,20
1376514586,2,21
1376515190,2,21
1376515793,2,21
1376516073,0,23
1376516677,0,23
1376517281,0,23
1376517669,0,23
1376517806,0,23
1376518410,0,23
1376519013,0,23
1376519617,0,23
1376520221,0,23
1376520825,0,23
1376521429,0,23
1376522033,0,23
1376522637,0,23
1376523240,0,23
1376523844,0,23
1376524448,0,23
1376525052,0,23
1376525656,0,23
1376526259,0,23
1376526863,0,23
1376527467,0,23
1376528071,0,23
1376528674,0,23
1376529278,0,23
1376529882,0,23
1376530459,0,23
1376530827,0,23
1376530861,0,23
1376531465,0,23
1376532069,0,23
1376532672,0,23
1376533276,0,23
1376533879,0,23
1376534483,0,23
1376535087,0,23
1376535691,0,23
1376536294,0,23
1376536899,0,23
1376537502,0,23
1376538106,0,23
1376538710,0,23
1376539313,0,23
1376539917,0,23
1376540521,0,23
1376541125,0,23
1376541728,0,23
1376542332,0,23
1376542936,0,23
1376543540,0,23
1376544143,0,23
1376544747,0,23
1376545351,0,23
1376545956,0,23
1376546559,0,23
1376547163,0,23
1376547767,0,23
1376548371,0,23
1376548974,0,23
1376549578,0,23
1376550182,0,23
1376550786,0,23
1376551389,0,23
1376551993,0,23
1376552597,0,23
1376553201,0,23
1376553804,0,23
1376554032,1,22
1376554635,1,22
1376555239,1,22
1376555843,1,22
1376556325,0,23
1376556929,0,23
1376557533,0,23
1376557891,1,22
1376558013,2,21
1376558616,2,21
1376558812,1,22
1376559416,1,22
1376560019,1,22
1376560647,3,20
1376561252,3,20
1376561810,2,21
1376562413,2,21
1376563017,2,21
1376563621,2,21
1376564225,2,21
1376564829,2,21
1376565463,2,21
1376565465,3,20
1376566069,3,20
1376566673,3,20
1376567276,3,20
1376567880,3,20
1376568222,4,19
1376568641,5,18
1376568649,6,17
1376569253,6,17
1376569722,7,16
1376569774,8,15
1376569900,7,16
1376569948,7,16
1376570001,7,16
1376570028,7,16
1376570124,8,15
1376570439,8,15
1376570556,8,15
1376570645,9,14
1376570899,8,15
1376571098,8,15
1376571114,8,15
1376571218,9,14
1376571263,9,13
1376571330,10,12
1376571934,10,13
1376572538,10,13
1376572939,10,13
1376573203,9,14
1376573209,8,15
1376573743,8,15
1376573762,9,14
1376573848,10,13
1376574451,10,13
1376575055,10,13
1376575659,10,13
1376576263,10,13
1376576495,10,13
1376576594,10,13
1376576638,11,12
1376577242,11,12
1376577747,9,14
1376578352,9,14
1376578956,9,14
1376579179,9,14
1376579258,10,13
1376579271,11,12
1376579366,12,11
1376579486,12,11
1376579560,13,10
1376579840,14,9
1376579887,15,8
1376580493,15,8
1376581096,15,8
1376581700,15,8
1376582304,15,8
1376582907,15,8
1376583511,15,8
1376583825,13,10
1376584429,13,10
1376585033,13,10
1376585637,13,10
1376586240,13,10
1376586844,13,10
1376586970,11,12
1376587160,10,13
1376587764,10,13
1376588365,11,12
1376588680,11,12
1376589285,11,12
1376589889,11,12
1376590004,11,12
1376590027,12,11
1376590630,12,11
1376591234,12,11
1376591838,12,11
1376592442,12,11
1376593045,12,11
1376593649,12,11
1376594253,12,11
1376594857,12,11
1376595460,12,11
1376595918,13,10
1376596522,13,10
1376597125,13,10
1376597729,13,10
1376598333,13,10
1376598937,13,10
1376599000,13,10
1376599064,13,10
1376599082,13,10
1376599152,13,10
1376599295,15,8
1376599346,16,7
1376599950,16,7
1376600553,16,7
1376600779,15,8
1376601383,15,8
1376601986,15,8
1376602590,15,8
1376603194,15,8
1376603798,15,8
1376604401,15,8
1376605005,15,8
1376605609,15,8
1376605827,14,9
1376606382,12,11
1376606415,11,12
1376606458,11,12
1376607062,11,12
1376607666,11,12
1376608270,11,12
1376608875,11,12
1376609478,11,12
1376610082,11,12
1376610686,11,12
1376611290,11,12
1376611893,11,12
1376612497,11,12
1376613101,11,12
1376613705,11,12
1376614314,11,12
1376614918,11,12
1376615522,11,12
1376616127,11,12
1376616854,11,12
1376617458,11,12
1376618062,11,12
1376618666,11,12
1376619269,11,12
1376619873,11,12
1376620477,11,12
1376621081,11,12
1376621685,11,12
1376622289,11,12
1376622893,11,12
1376623496,11,12
1376624100,11,12
1376624704,11,12
1376625308,11,12
1376625911,11,12
1376626515,11,12
1376627119,11,12
1376627723,11,12
1376628326,11,12
1376628855,11,12
1376628897,12,11
1376629501,12,11
1376630105,12,11
1376630709,12,11
1376631312,12,11
1376631916,12,11
1376632520,12,11
1376633124,12,11
1376633728,12,11
1376634332,12,11
1376634935,12,11
1376635539,12,11
1376636143,12,11
1376636747,12,11
1376637264,13,10
1376637869,13,10
1376638473,13,10
1376638844,12,10
1376638883,12,11
1376639195,11,12
1376639800,11,12
1376640403,11,12
1376641007,11,12
1376641611,11,12
1376642215,11,12
1376642819,11,12
1376643374,10,13
1376643978,10,13
1376644581,10,13
1376644895,11,12
1376645498,11,12
1376645727,10,13
1376646331,10,13
1376646935,10,13
1376647539,10,13
1376648142,10,13
1376648746,10,13
1376649037,9,14
1376649098,9,14
1376649191,8,15
1376649795,8,15
1376650399,8,15
1376650723,8,15
1376650750,9,14
1376651354,9,14
1376651958,9,14
1376652562,9,14
1376653166,9,14
1376653769,9,14
1376654373,9,14
1376654977,9,14
1376655141,9,14
1376655745,9,14
1376656363,8,15
1376656967,8,15
1376657571,8,15
1376658175,8,15
1376658824,8,15
1376658827,7,16
1376659431,7,16
1376660035,7,16
1376660639,7,16
1376660768,6,17
1376661372,6,17
1376661976,6,17
1376662580,6,17
1376663183,6,17
1376663787,6,17
1376664391,6,17
1376664995,6,17
1376665064,7,16
1376665668,7,16
1376666272,7,16
1376666875,7,16
1376667479,7,16
1376668083,7,16
1376668687,7,16
1376668768,6,17
1376669372,6,17
1376669711,5,18
1376670314,5,18
1376670918,5,18
1376671523,5,18
1376672126,5,18
1376672731,5,18
1376673335,5,18
1376673939,5,18
1376674543,5,18
1376675178,6,17
1376675782,6,17
1376676386,6,17
1376676989,6,17
1376677593,6,17
1376678197,6,17
1376678801,6,17
1376679404,6,17
1376680008,6,17
1376680612,6,17
1376681216,6,17
1376681820,6,17
1376682424,6,17
1376683027,6,17
1376683631,6,17
1376683843,5,18
1376683850,4,19
1376684455,4,19
1376685058,4,19
1376685662,4,19
1376686266,4,19
1376686869,4,19
1376687473,4,19
1376688077,4,19
1376688450,3,20
1376689054,3,20
1376689658,3,20
1376690261,3,20
1376690865,3,20
1376691469,3,20
1376692073,3,20
1376692676,3,20
1376693286,3,20
1376693890,3,20
1376694493,3,20
1376695097,3,20
1376695701,3,20
1376696305,3,20
1376696909,3,20
1376697513,3,20
1376698117,3,20
1376698721,3,20
1376699325,3,20
1376699928,3,20
1376700586,2,21
1376700605,2,21
1376701209,2,21
1376701770,1,22
1376702374,1,22
1376702978,1,22
1376703261,1,22
1376703344,1,22
1376703742,0,23
1376704345,0,23
1376704949,0,23
1376705553,0,23
1376706156,0,23
1376706760,0,23
1376707364,0,23
1376707968,0,23
1376708572,0,23
1376709176,0,23
1376709780,0,23
1376710384,0,23
1376710987,0,23
1376711591,0,23
1376712195,0,23
1376712799,0,23
1376713403,0,23
1376714006,0,23
1376714610,0,23
1376715214,0,23
1376715818,0,23
1376716421,0,23
1376717025,0,23
1376717629,0,23
1376718233,0,23
1376718836,0,23
1376719440,0,23
1376720044,0,23
1376720648,0,23
1376721252,0,23
1376721856,0,23
1376722460,0,23
1376723064,0,23
1376723401,1,22
1376724005,1,22
1376724609,1,22
1376724943,1,22
1376724949,0,23
1376725553,0,23
1376726156,0,23
1376726760,0,23
1376727364,0,23
1376727968,0,23
1376728571,0,23
1376729175,0,23
1376729780,0,23
1376730384,0,23
1376730988,0,23
1376731048,0,23
1376731071,0,23
1376731180,1,22
1376731783,1,22
1376732387,1,22
1376732991,1,22
1376733595,1,22
1376734199,1,22
1376734803,1,22
1376735407,1,22
1376736011,1,22
1376736614,1,22
1376737218,1,22
1376737822,1,22
1376738425,1,22
1376738963,0,23
1376739135,0,23
1376739739,0,23
1376740344,0,23
1376740787,1,22
1376741390,1,22
1376741994,1,22
1376742598,1,22
1376743202,1,22
1376743805,1,22
1376744409,1,22
1376745013,1,22
1376745617,1,22
1376746221,1,22
1376746300,1,22
1376746332,2,21
1376746935,2,21
1376747539,2,21
1376747586,3,20
1376748190,3,20
1376748795,3,20
1376749399,3,20
1376750003,3,20
1376750606,3,20
1376751210,3,20
1376751284,1,22
1376751291,0,23
1376751895,0,23
1376752499,0,23
1376753103,0,23
1376753707,0,23
1376754310,0,23
1376754914,0,23
1376755518,0,23
1376756122,0,23
1376756726,0,23
1376757330,0,23
1376757934,0,23
1376758538,0,23
1376759142,0,23
1376759746,0,23
1376759959,1,22
1376760502,0,23
1376761105,0,23
1376761709,0,23
1376762313,0,23
1376762917,0,23
1376763521,0,23
1376764124,0,23
1376764727,0,23
1376765331,0,23
1376765934,0,23
1376766538,0,23
1376767142,0,23
1376767746,0,23
1376768349,0,23
1376768953,0,23
1376769557,0,23
1376770161,0,23
1376770764,0,23
1376771368,0,23
1376771973,0,23
1376772577,0,23
1376773180,0,23
1376773784,0,23
1376774388,0,23
1376775014,0,23
1376775618,0,23
1376776221,0,23
1376776826,0,23
1376777429,0,23
1376778039,0,23
1376778643,0,23
1376779247,0,23
1376779851,0,23
1376780455,0,23
1376781059,0,23
1376781663,0,23
1376782266,0,23
1376782870,0,23
1376782957,1,22
1376783085,2,21
1376783689,2,21
1376784294,2,21
1376784897,2,21
1376785501,2,21
1376786105,2,21
1376786709,2,21
1376787312,2,21
1376787690,2,21
1376787756,1,22
1376787772,1,22
1376788723,1,22
1376788729,1,22
1376789333,1,22
1376789658,1,22
1376790262,1,22
1376790866,1,22
1376791469,1,22
1376792073,1,22
1376792677,1,22
1376793281,1,22
1376793884,1,22
1376794488,1,22
1376795092,1,22
1376795381,1,22
1376795427,1,22
1376796031,1,22
1376796636,1,22
1376796704,1,22
1376796712,0,23
1376797315,0,23
1376797919,0,23
1376798523,0,23
1376799126,0,23
1376799730,0,23
1376800334,0,23
1376800938,0,23
1376801541,0,23
1376802145,0,23
1376802749,0,23
1376803353,0,23
1376803956,0,23
1376804560,0,23
1376805164,0,23
1376805768,0,23
1376806372,0,23
1376806975,0,23
1376807579,0,23
1376808183,0,23
1376808787,0,23
1376809391,0,23
1376809995,0,23
1376810599,0,23
1376810895,1,22
1376811216,1,22
1376811241,1,22
1376811335,2,21
1376811846,1,22
1376812450,1,22
1376813054,1,22
1376813658,1,22
1376814261,1,22
1376814865,1,22
1376815469,1,22
1376816073,1,22
1376816677,1,22
1376817280,1,22
1376817884,1,22
1376818488,1,22
1376819093,1,22
1376819697,1,22
1376820300,1,22
1376820629,3,20
1376821233,3,20
1376821838,3,20
1376822442,3,20
1376823046,3,20
1376823649,3,20
1376824253,3,20
1376824857,3,20
1376825461,3,20
1376826065,3,20
1376826669,3,20
1376827273,3,20
1376827877,3,20
1376828481,3,20
1376829084,3,20
1376829688,3,20
1376830291,3,20
1376830895,3,20
1376831499,3,20
1376832103,3,20
1376832706,3,20
