1376208516,15,9
1376208814,15,9
1376208912,15,9
1376208963,16,8
1376209566,16,8
1376210169,16,8
1376210773,16,8
1376211376,16,8
1376211432,17,7
1376212035,17,7
1376212639,17,7
1376213243,17,7
1376213846,17,7
1376214449,17,7
1376215053,17,7
1376215091,18,6
1376215695,18,6
1376216298,18,6
1376216902,18,6
1376217505,18,6
1376218107,18,6
1376218710,18,6
1376219019,17,7
1376219622,17,7
1376219745,18,6
1376219746,18,6
1376220348,18,6
1376220952,18,6
1376221555,18,6
1376221741,17,7
1376222343,17,7
1376222947,17,7
1376223549,17,7
1376224153,17,7
1376224405,18,6
1376225008,18,6
1376225611,18,6
1376226215,18,6
1376226545,17,7
1376227148,17,7
1376227751,17,7
1376228198,18,6
1376228801,18,6
1376228981,19,5
1376229584,19,5
1376230187,19,5
1376230702,19,5
1376230875,20,4
1376231478,20,4
1376231616,19,5
1376232219,19,5
1376232822,19,5
1376233425,19,5
1376233638,18,6
1376234241,18,6
1376234844,18,6
1376235447,18,6
1376236050,18,6
1376236653,18,6
1376237256,18,6
1376237860,18,6
1376238249,18,6
1376238344,19,5
1376238947,19,5
1376239467,20,4
1376239699,20,4
1376239733,20,4
1376240336,20,4
1376240939,20,4
1376241543,20,4
1376241656,21,3
1376242260,21,3
1376242863,21,3
1376243467,21,3
1376244069,21,3
1376244673,21,3
1376245276,21,3
1376245880,21,3
1376246482,21,3
1376247086,21,3
1376247689,21,3
1376248293,21,3
1376248896,21,3
1376249500,21,3
1376250102,21,3
1376250705,21,3
1376251308,21,3
1376251743,20,4
1376252347,20,4
1376252950,20,4
1376253554,20,4
1376254157,20,4
1376254760,20,4
1376255151,19,5
1376255754,19,5
1376256358,19,5
1376256961,19,5
1376257565,19,5
1376258168,19,5
1376258473,18,6
1376258549,18,6
1376258613,19,5
1376259216,19,5
1376259580,18,6
1376260183,18,6
1376260786,18,6
1376261389,18,6
1376261992,18,6
1376262596,18,6
1376263046,17,7
1376263648,17,7
1376264252,17,7
1376264855,17,7
1376265458,17,7
1376266060,17,7
1376266664,17,7
1376267267,17,7
1376267871,17,7
1376268475,17,7
1376269078,17,7
1376269681,17,7
1376270285,17,7
1376270889,17,7
1376271492,17,7
1376272119,17,7
1376272132,17,7
1376272735,17,7
1376273338,17,7
1376273941,17,7
1376274544,17,7
1376275147,17,7
1376275260,16,8
1376275863,16,8
1376276467,16,8
1376277069,16,8
1376277673,16,8
1376278275,16,8
1376278878,16,8
1376279481,16,8
1376280084,16,8
1376280687,16,8
1376281290,16,8
1376281924,16,8
1376282527,16,8
1376283130,16,8
1376283733,16,8
1376284336,16,8
1376284950,16,8
1376285553,16,8
1376285955,15,9
1376286560,15,9
1376287163,15,9
1376287767,15,9
1376287880,14,10
1376287934,15,9
1376288059,15,9
1376288615,14,10
1376289218,14,10
1376289821,14,10
1376289867,15,9
1376290470,15,9
1376291073,15,9
1376291479,14,10
1376292081,14,10
1376292685,14,10
1376292846,13,11
1376293303,14,10
1376293915,14,10
1376294376,13,11
1376294447,12,12
1376294827,13,11
1376295430,13,11
1376296033,13,11
1376296637,13,11
1376297137,13,11
1376297150,14,10
1376297735,15,9
1376298272,15,9
1376298343,16,8
1376298345,15,9
1376298948,15,9
1376299475,15,9
1376300078,15,9
1376300608,14,10
1376301211,14,10
1376301288,13,11
1376301892,13,11
1376302494,13,11
1376302961,13,11
1376302964,12,12
1376303567,12,12
1376304170,12,12
1376304610,11,13
1376305214,11,13
1376305817,11,13
1376306196,11,13
1376306211,12,12
1376306814,12,12
1376307218,11,13
1376307398,12,12
1376307445,11,13
1376308048,11,13
1376308652,11,13
1376309256,11,13
1376309765,12,12
1376310020,13,11
1376310623,13,11
1376311228,14,10
1376311455,13,11
1376312058,13,11
1376312661,13,11
1376313265,13,11
1376313450,12,12
1376313633,13,11
1376313758,12,12
1376313771,13,11
1376314374,13,11
1376314978,13,11
1376315253,14,10
1376315364,15,9
1376315910,14,10
1376316292,13,11
1376316348,12,12
1376316697,13,11
1376316994,14,10
1376317301,16,8
1376317304,16,8
1376317907,16,8
1376318316,17,7
1376318368,17,7
1376318431,18,6
1376318967,17,7
1376319297,16,8
1376319523,17,7
1376319637,18,6
1376319862,19,5
1376320284,18,6
1376320339,19,5
1376320783,19,5
1376320792,20,4
1376320870,21,3
1376320936,21,3
1376321022,22,2
1376321080,22,2
1376321135,22,2
1376321179,23,1
1376321782,23,1
1376322385,23,1
1376322621,21,3
1376322995,21,3
1376323052,22,2
1376323303,21,3
1376323311,22,2
1376323613,23,1
1376323712,23,1
1376323753,24,0
1376323960,23,1
1376324059,24,0
1376324663,24,0
1376325266,24,0
1376325438,23,1
1376325882,22,2
1376326071,21,3
1376326171,22,2
1376326660,21,3
1376326689,20,4
1376327043,19,5
1376327353,18,6
1376327760,17,7
1376327822,16,8
1376327982,15,9
1376327984,14,10
1376328440,13,11
1376328500,14,10
1376328884,15,9
1376329487,15,9
1376329720,16,8
1376329901,16,8
1376329910,17,7
1376330552,16,8
1376330614,15,9
1376331217,15,9
1376331517,14,10
1376331529,15,9
1376331642,16,8
1376331783,14,10
1376331851,13,11
1376332348,14,10
1376332564,15,9
1376332916,14,10
1376333323,15,9
1376333376,16,8
1376333732,15,9
1376334234,16,8
1376334838,16,8
1376335039,17,7
1376335431,16,8
1376335993,15,9
1376336596,15,9
1376337200,15,9
1376337471,14,10
1376338074,14,10
1376338678,14,10
1376339281,14,10
1376339885,14,10
1376340488,14,10
1376341091,14,10
1376341694,14,10
1376342012,13,11
1376342615,13,11
1376342740,13,11
1376342745,13,11
1376343348,13,11
1376343517,12,12
1376344120,12,12
1376344215,11,13
1376344519,10,14
1376344839,9,15
1376344896,9,15
1376345073,8,16
1376345095,8,16
1376345251,8,16
1376345269,9,15
1376345636,9,15
1376346239,9,15
1376346843,9,15
1376347470,9,15
1376347486,10,14
1376348090,10,14
1376348693,10,14
1376348754,9,15
1376349358,9,15
1376349961,9,15
1376350565,9,15
1376350750,10,14
1376351354,10,14
1376351957,10,14
1376352560,10,14
1376353164,10,14
1376353767,10,14
1376354370,10,14
1376354974,10,14
1376355577,10,14
1376356180,10,14
1376356784,10,14
1376357387,10,14
1376357990,10,14
1376358524,10,14
1376358531,10,14
1376359134,10,14
1376359592,9,15
1376360196,9,15
1376360799,9,15
1376361402,9,15
1376362005,9,15
1376362609,9,15
1376363212,9,15
1376363815,9,15
1376364418,9,15
1376365022,9,15
1376365625,9,15
1376366229,9,15
1376366832,9,15
1376367435,9,15
1376368038,9,15
1376368641,9,15
1376369245,9,15
1376369848,9,15
1376370451,9,15
1376371054,9,15
1376371657,9,15
1376372260,9,15
1376372864,9,15
1376373466,9,15
1376374070,9,15
1376374267,8,16
1376374709,7,17
1376374729,8,16
1376375145,8,16
1376375163,9,15
1376375767,9,15
1376376370,9,15
1376376574,10,14
1376377177,10,14
1376377780,10,14
1376378383,10,14
1376378987,10,14
1376379589,10,14
1376379864,9,15
1376380467,9,15
1376381070,9,15
1376381255,10,14
1376381559,10,14
1376381575,11,13
1376382178,11,13
1376382369,12,12
1376382972,12,12
1376383575,12,12
1376384177,12,12
1376384780,12,12
1376385384,12,12
1376385564,12,12
1376385593,12,12
1376386196,12,12
1376386333,13,11
1376386478,14,10
1376386840,14,10
1376386846,14,10
1376386948,14,10
1376386997,14,10
1376387056,14,10
1376387107,14,10
1376387190,14,10
1376387228,14,10
1376387315,14,10
1376387335,14,10
1376387429,14,10
1376387488,15,9
1376387551,14,9
1376387596,14,10
1376388199,14,10
1376388802,14,10
1376389405,14,10
1376390007,14,10
1376390111,13,11
1376390715,13,11
1376391319,13,11
1376391729,12,12
1376392235,13,11
1376392648,12,12
1376392709,12,12
1376392769,13,11
1376392801,12,12
1376393404,12,12
1376394007,12,12
1376394610,12,12
1376395213,12,12
1376395816,12,12
1376396420,12,12
1376396724,13,11
1376396793,13,11
1376396856,13,11
1376396885,14,10
1376397489,14,10
1376398092,14,10
1376398284,15,9
1376398380,14,10
1376398805,13,11
1376399103,12,12
1376399373,12,12
1376399386,13,11
1376399563,14,10
1376399564,14,10
1376399886,15,9
1376400488,15,9
1376401092,15,9
1376401695,15,9
1376401796,14,10
1376402375,13,11
1376402494,13,11
1376402507,14,10
1376403038,14,10
1376403104,15,9
1376403114,16,8
1376403202,17,7
1376403519,17,6
1376403583,18,5
1376403628,18,5
1376403676,18,5
1376403930,19,4
1376403972,20,3
1376404355,20,3
1376404419,20,4
1376404439,21,3
1376405043,21,3
1376405646,21,3
1376406207,20,4
1376406811,20,4
1376406936,20,4
1376407000,20,4
1376407008,21,3
1376407226,22,2
1376407829,22,2
1376407953,22,2
1376408003,23,1
1376408074,22,2
1376408678,22,2
1376409281,22,2
1376409571,22,2
1376410175,22,2
1376410296,22,2
1376410346,24,0
1376410399,22,2
1376410446,23,1
1376411049,23,1
1376411162,22,2
1376411263,22,2
1376411272,23,1
1376411432,21,3
1376411559,20,4
1376411624,20,4
1376411682,21,3
1376412286,21,3
1376412524,21,3
1376412576,22,1
1376412641,22,2
1376412671,23,1
1376412754,23,1
1376413168,22,2
1376413345,22,2
1376413799,21,3
1376414142,22,2
1376414773,21,3
1376415377,21,3
1376415572,22,2
1376415897,21,3
1376416500,21,3
1376416744,20,4
1376416862,19,5
1376417464,19,5
1376417561,18,6
1376417618,19,5
1376417709,20,4
1376417923,20,4
1376417952,22,2
1376418555,22,2
1376418982,21,3
1376419139,22,2
1376419784,23,1
1376419961,22,2
1376420011,23,1
1376420614,23,1
1376421218,23,1
1376421432,22,2
1376421523,21,3
1376422126,21,3
1376422624,22,2
1376422842,22,2
1376422845,21,3
1376423448,21,3
1376424052,21,3
1376424654,21,3
1376424918,20,4
1376425521,20,4
1376426124,20,4
1376426728,20,4
1376427331,20,4
1376427935,20,4
1376428537,20,4
1376428839,19,5
1376429443,19,5
1376430046,19,5
1376430649,19,5
1376431252,19,5
1376431856,19,5
1376432458,19,5
1376433062,19,5
1376433664,19,5
1376434268,19,5
1376434871,19,5
1376435475,19,5
1376435854,20,4
1376436457,20,4
1376437061,20,4
1376437665,20,4
1376438267,20,4
1376438871,20,4
1376439474,20,4
1376440078,20,4
1376440681,20,4
1376441079,20,4
1376441131,20,4
1376441734,20,4
1376442337,20,4
1376442939,20,4
1376443543,20,4
1376444146,20,4
1376444920,20,4
1376444932,20,4
1376445536,20,4
1376446139,20,4
1376446743,20,4
1376447346,20,4
1376447949,20,4
1376448552,20,4
1376449156,20,4
1376449759,20,4
1376450363,20,4
1376450965,20,4
1376451569,20,4
1376452172,20,4
1376452775,20,4
1376453378,20,4
1376453981,20,4
1376454583,20,4
1376455186,20,4
1376455790,20,4
1376456393,20,4
1376456996,20,4
1376457600,20,4
1376458203,20,4
1376458806,20,4
1376459410,20,4
1376460013,20,4
1376460607,19,5
1376461210,19,5
1376461844,18,6
1376462447,18,6
1376462812,17,7
1376462970,18,6
1376463573,18,6
1376464176,18,6
1376464781,18,6
1376465035,17,7
1376465359,17,7
1376465962,17,7
1376466565,17,7
1376466608,18,6
1376467211,18,6
1376467409,19,5
1376467943,18,6
1376468306,19,5
1376468872,20,5
1376469340,20,5
1376469395,21,4
1376469426,21,4
1376470029,21,4
1376470633,21,4
1376470778,22,3
1376471381,22,3
1376471984,22,3
1376472589,22,3
1376473192,22,3
1376473356,23,2
1376473561,22,3
1376474164,22,3
1376474483,21,4
1376474601,22,3
1376475203,22,3
1376475284,22,3
1376475286,21,4
1376475889,21,4
1376476451,20,5
1376477053,20,5
1376477278,18,7
1376477380,18,7
1376477389,19,6
1376477655,20,5
1376478258,20,5
1376478740,21,4
1376479343,21,4
1376479784,21,4
1376479829,23,2
1376480431,23,2
1376480589,24,1
1376481192,24,1
1376481795,24,1
1376482399,24,1
1376483001,24,1
1376483605,24,1
1376484207,24,1
1376484811,24,1
1376485415,24,1
1376486018,24,1
1376486621,24,1
1376487225,24,1
1376487828,24,1
1376488432,24,1
1376488524,23,2
1376489127,23,2
1376489486,24,1
1376489696,25,0
1376490299,25,0
1376490841,24,1
1376491445,24,1
1376491928,23,2
1376492155,20,5
1376492455,21,4
1376492561,21,4
1376492571,22,3
1376493078,21,4
1376493343,24,1
1376493600,25,0
1376493912,24,1
1376494404,25,0
1376495007,25,0
1376495610,25,0
1376496213,25,0
1376496817,25,0
1376497420,25,0
1376497464,24,1
1376497607,25,0
1376498210,25,0
1376498302,24,1
1376498386,24,1
1376498388,25,0
1376498902,24,1
1376498982,24,1
1376499013,25,0
1376499616,25,0
1376499859,24,1
1376500463,24,1
1376500922,23,2
1376501317,22,3
1376501921,22,3
1376502215,23,2
1376502471,22,3
1376502675,19,5
1376502830,19,5
1376503304,19,6
1376503324,18,7
1376503926,18,7
1376504533,18,7
1376505134,18,7
1376505737,18,7
1376506340,18,7
1376506944,18,7
1376507526,18,7
1376507839,19,6
1376508442,19,6
1376509045,19,6
1376509648,19,6
1376510252,19,6
1376510855,19,6
1376511459,19,6
1376512061,19,6
1376512665,19,6
1376513268,19,6
1376513871,19,6
1376514474,19,6
1376515078,19,6
1376515681,19,6
1376515924,18,7
1376516483,18,7
1376516546,18,7
1376516578,18,7
1376516654,17,8
1376516742,17,8
1376516783,17,8
1376516849,18,7
1376516918,18,7
1376516956,17,8
1376517016,17,8
1376517165,17,8
1376517219,19,6
1376517822,19,6
1376518425,19,6
1376519029,19,6
1376519739,20,5
1376520342,20,5
1376520945,20,5
1376521552,20,5
1376522155,20,5
1376522758,20,5
1376523362,20,5
1376523964,20,5
1376524568,20,5
1376525171,20,5
1376525775,20,5
1376526377,20,5
1376526981,20,5
1376527584,20,5
1376528186,20,5
1376528789,20,5
1376529391,20,5
1376529995,20,5
1376530598,20,5
1376531308,20,5
1376531403,20,5
1376532006,20,5
1376532609,20,5
1376533213,20,5
1376533815,20,5
1376534418,20,5
1376535022,20,5
1376535625,20,5
1376536228,20,5
1376536832,20,5
1376537435,20,5
1376538039,20,5
1376538641,20,5
1376539245,20,5
1376539847,20,5
1376540451,20,5
1376541053,20,5
1376541656,20,5
1376542260,20,5
1376542863,20,5
1376543466,20,5
1376544069,20,5
1376544556,21,4
1376545160,21,4
1376545763,21,4
1376546366,21,4
1376546969,21,4
1376547573,21,4
1376548176,21,4
1376548780,21,4
1376549383,21,4
1376549992,20,5
1376550540,18,7
1376551144,18,7
1376551587,19,6
1376552186,18,7
1376552790,18,7
1376552932,17,8
1376553340,17,8
1376553458,17,8
1376553518,17,8
1376553561,17,8
1376553599,17,7
1376553678,19,5
1376554296,20,5
1376554332,19,6
1376554700,20,5
1376554891,21,4
1376555323,21,4
1376555331,22,3
1376555537,21,4
1376555662,20,5
1376556265,20,5
1376556731,19,6
1376557334,19,6
1376557937,19,6
1376558540,19,6
1376559144,19,6
1376559475,18,7
1376560078,18,7
1376560295,16,9
1376560385,14,11
1376560450,13,12
1376560591,13,12
1376560662,15,10
1376561178,16,9
1376561782,16,9
1376562041,15,10
1376562644,15,10
1376562761,15,10
1376562770,13,12
1376562865,13,12
1376562929,15,10
1376562998,16,9
1376563178,17,8
1376563781,17,8
1376564385,17,8
1376564671,16,9
1376564787,15,10
1376564815,14,11
1376565418,14,11
1376566021,14,11
1376566447,13,12
1376566533,13,12
1376566547,14,11
1376566657,15,10
1376567082,15,10
1376567375,15,10
1376567386,15,10
1376567990,15,10
1376568593,15,10
1376569154,14,11
1376569757,14,11
1376570019,13,12
1376570224,12,13
1376570361,12,13
1376570441,13,12
1376570444,12,13
1376570725,13,12
1376570983,13,11
1376571029,14,10
1376571163,13,10
1376571194,13,11
1376571797,13,12
1376572400,13,12
1376573004,13,12
1376573061,14,11
1376573376,14,11
1376573621,15,10
1376573923,16,9
1376574268,15,10
1376574871,15,10
1376575475,15,10
1376576078,15,10
1376576139,14,11
1376576742,14,11
1376577345,14,11
1376577739,15,10
1376578030,16,9
1376578634,16,9
1376578958,15,10
1376579501,16,9
1376580104,16,9
1376580690,15,10
1376580770,15,10
1376580843,16,9
1376581447,16,9
1376581901,17,8
1376582486,18,7
1376582597,19,6
1376582921,19,6
1376582924,17,8
1376583522,17,8
1376583531,18,7
1376583688,17,8
1376584225,17,8
1376584277,18,7
1376584390,19,6
1376584994,19,6
1376585597,19,6
1376586201,19,6
1376586804,19,6
1376586916,20,5
1376587520,20,5
1376587737,22,3
1376587818,23,2
1376588069,22,3
1376588177,23,2
1376588780,23,2
1376589384,23,2
1376589482,22,3
1376590086,22,3
1376590689,22,3
1376590990,21,3
1376591167,22,2
1376591785,21,3
1376591843,20,4
1376591898,20,4
1376592328,20,4
1376592403,21,4
1376592438,20,5
1376592523,20,5
1376592580,20,5
1376592614,20,5
1376592670,20,5
1376592734,20,5
1376593336,20,5
1376593722,20,5
1376593724,21,4
1376593834,20,5
1376593932,20,5
1376593998,21,4
1376594498,22,2
1376594519,24,1
1376595122,24,1
1376595725,24,1
1376596328,24,1
1376596720,24,1
1376596752,25,0
1376597354,25,0
1376597957,25,0
1376598560,25,0
1376599163,25,0
1376599766,25,0
1376600368,25,0
1376600972,25,0
1376601575,25,0
1376602179,25,0
1376602899,25,0
1376603073,25,0
1376603095,25,0
1376603699,25,0
1376604302,25,0
1376604905,25,0
1376605924,25,0
1376606527,25,0
1376607130,25,0
1376607733,25,0
1376608337,25,0
1376608940,25,0
1376609543,25,0
1376610147,25,0
1376610750,25,0
1376611353,25,0
1376611956,25,0
1376612382,22,3
1376612422,22,3
1376612452,22,3
1376613055,22,3
1376613658,22,3
1376614262,22,3
1376614865,22,3
1376615468,22,3
1376616071,22,3
1376616674,22,3
1376617277,22,3
1376617720,22,3
1376617727,22,3
1376618330,22,3
1376618933,22,3
1376619536,22,3
1376620140,22,3
1376620743,22,3
1376621346,22,3
1376621949,22,3
1376622232,21,4
1376622836,21,4
1376623439,21,4
1376624042,21,4
1376624646,21,4
1376625249,21,4
1376625852,21,4
1376626456,21,4
1376627059,21,4
1376627662,21,4
1376628265,21,4
1376628869,21,4
1376629472,21,4
1376630075,21,4
1376630679,21,4
1376631282,21,4
1376631885,21,4
1376632488,21,4
1376633092,21,4
1376633318,20,5
1376633921,20,5
1376634456,20,5
1376634520,20,5
1376634528,21,4
1376634938,21,4
1376635268,20,5
1376635840,21,4
1376636324,20,5
1376636927,20,5
1376637531,20,5
1376637698,20,5
1376637735,20,5
1376637822,21,4
1376638103,21,4
1376638163,22,3
1376638766,22,3
1376639369,22,3
1376639972,22,3
1376640575,22,3
1376641179,22,3
1376641782,22,3
1376642386,22,3
1376642888,22,3
1376642980,22,3
1376643028,23,2
1376643630,23,2
1376643703,23,2
1376643706,22,3
1376644025,23,2
1376644628,23,2
1376645232,23,2
1376645797,24,1
1376646343,24,1
1376646346,23,2
1376646682,22,2
1376646750,21,4
1376647353,21,4
1376647596,21,4
1376647636,21,3
1376647674,22,2
1376648195,21,3
1376648249,22,2
1376648853,22,3
1376649456,22,3
1376649860,21,4
1376649895,20,5
1376650498,20,5
1376650969,20,5
1376651200,20,5
1376651212,21,4
1376651814,21,4
1376651995,20,5
1376652329,21,4
1376652837,22,3
1376653105,23,2
1376653178,24,1
1376653187,25,0
1376653791,25,0
1376654394,25,0
1376654998,25,0
1376655601,25,0
1376656204,25,0
1376656808,25,0
1376657411,25,0
1376658014,25,0
1376658618,25,0
1376659221,25,0
1376659824,25,0
1376660426,25,0
1376661029,25,0
1376661633,25,0
1376662236,25,0
1376662839,25,0
1376663442,25,0
1376664046,25,0
1376664649,25,0
1376665253,25,0
1376665856,25,0
1376666459,25,0
1376667062,25,0
1376667335,24,1
1376667486,23,2
1376667807,21,4
1376667885,20,5
1376667894,21,4
1376668182,20,5
1376668555,19,6
1376669158,19,6
1376669367,20,5
1376669402,21,4
1376670006,21,4
1376670608,21,4
1376671100,22,3
1376671705,22,3
1376672308,22,3
1376672574,21,4
1376673030,20,5
1376673404,21,4
1376673732,22,3
1376673819,23,2
1376673885,23,2
1376673887,24,1
1376674491,24,1
1376675094,24,1
1376675594,23,2
1376676104,22,3
1376676708,22,3
1376677311,22,3
1376677915,22,3
1376678012,21,4
1376678029,21,4
1376678203,20,5
1376678321,19,5
1376678335,19,6
1376678429,19,6
1376678479,19,6
1376678571,19,6
1376678734,19,6
1376678808,19,6
1376678974,20,5
1376679461,19,6
1376680065,19,6
1376680479,18,7
1376681026,17,7
1376681083,17,8
1376681383,17,8
1376681437,18,7
1376682040,18,7
1376682214,19,6
1376682817,19,6
1376683421,19,6
1376684024,19,6
1376684627,19,6
1376685230,19,6
1376685834,19,6
1376686437,19,6
1376687041,19,6
1376687644,19,6
1376688247,19,6
1376688850,19,6
1376689156,18,7
1376689759,18,7
1376690362,18,7
1376690966,18,7
1376691569,18,7
1376692171,17,8
1376692774,17,8
1376693378,17,8
1376693980,17,8
1376694584,17,8
1376695186,17,8
1376695790,17,8
1376696393,17,8
1376696656,15,10
1376697260,15,10
1376697863,15,10
1376698467,15,10
1376699070,15,10
1376699673,15,10
1376699838,14,11
1376700441,14,11
1376701044,14,11
1376701647,14,11
1376702249,14,11
1376702853,14,11
1376703456,14,11
1376704119,14,11
1376704212,14,11
1376704815,14,11
1376705418,14,11
1376706022,14,11
1376706624,14,11
1376707228,14,11
1376707831,14,11
1376708435,14,11
1376709038,14,11
1376709641,14,11
1376710244,14,11
1376710288,13,12
1376710892,13,12
1376711496,13,12
1376712099,13,12
1376712702,13,12
1376713306,13,12
1376713909,13,12
1376714512,13,12
1376715115,13,12
1376715719,13,12
1376716322,13,12
1376716925,13,12
1376717528,13,12
1376718132,13,12
1376718735,13,12
1376719339,13,12
1376719942,13,12
1376720545,13,12
1376721049,12,13
1376721634,11,14
1376722238,11,14
1376722485,10,15
1376723088,10,15
1376723691,10,15
1376723790,11,14
1376724393,11,14
1376724997,11,14
1376725600,11,14
1376726203,11,14
1376726772,12,13
1376727375,12,13
1376727978,12,13
1376728582,12,13
1376729134,13,12
1376729737,13,12
1376730340,13,12
1376730944,13,12
1376731020,13,12
1376731181,12,13
1376731227,11,14
1376731466,12,13
1376731491,11,14
1376731816,12,13
1376732419,12,13
1376732983,13,12
1376733074,12,13
1376733705,12,13
1376733763,14,11
1376733890,14,11
1376733946,14,11
1376734550,14,11
1376735153,14,11
1376735407,13,12
1376735676,12,13
1376735888,11,14
1376736008,12,13
1376736611,12,13
1376736688,11,14
1376737291,11,14
1376737893,11,14
1376738144,12,13
1376738771,13,12
1376738850,12,13
1376739452,12,13
1376739581,12,13
1376739602,13,12
1376740205,13,12
1376740808,13,12
1376741080,15,10
1376741128,16,9
1376741361,15,10
1376741713,16,9
1376742317,16,9
1376742413,15,10
1376743017,15,10
1376743140,16,9
1376743743,16,9
1376744673,16,9
1376745031,15,10
1376745637,15,10
1376746240,15,10
1376746843,15,10
1376747085,15,10
1376747088,14,11
1376747691,14,11
1376748161,14,11
1376748253,15,10
1376748321,15,10
1376748381,16,9
1376748449,17,8
1376748992,18,7
1376749595,18,7
1376749757,16,9
1376750360,16,9
1376750679,16,9
1376750721,18,7
1376750829,17,8
1376751179,18,7
1376751640,18,7
1376752139,19,6
1376752225,20,5
1376752469,20,5
1376752516,20,5
1376752570,20,5
1376752614,20,5
1376752702,20,5
1376752777,19,6
1376752965,19,6
1376753025,18,7
1376753070,18,7
1376753137,19,6
1376753172,18,7
1376753229,19,6
1376753831,19,6
1376754110,18,7
1376754714,18,7
1376755317,18,7
1376755385,16,9
1376755776,15,10
1376756116,16,9
1376756163,16,9
1376756765,16,9
1376757146,16,9
1376757443,17,8
1376757615,18,7
1376757716,19,6
1376758140,20,5
1376758421,20,5
1376758430,21,4
1376758572,20,5
1376758725,21,4
1376758986,20,5
1376759213,19,6
1376759816,19,6
1376760120,20,5
1376760722,20,5
1376761036,21,4
1376761640,21,4
1376761965,20,5
1376761974,19,6
1376762578,19,6
1376763181,19,6
1376763310,20,5
1376763761,19,6
1376763851,20,5
1376764454,20,5
1376765057,20,5
1376765660,20,5
1376766264,20,5
1376766867,20,5
1376766949,19,6
1376767092,18,7
1376767695,18,7
1376768298,18,7
1376768902,18,7
1376769505,18,7
1376770043,19,6
1376770233,19,6
1376770347,20,5
1376770376,19,6
1376770458,20,5
1376771062,20,5
1376771665,20,5
1376772164,19,6
1376772173,19,6
1376772777,19,6
1376773380,19,6
1376773982,19,6
1376774348,20,5
1376774950,20,5
1376775553,20,5
1376775774,19,6
1376776377,19,6
1376776981,19,6
1376777583,19,6
1376777831,18,7
1376778434,18,7
1376778735,17,8
1376778824,16,9
1376778843,16,9
1376779243,14,10
1376779302,14,11
1376779351,14,11
1376779954,14,11
1376780240,15,10
1376780843,15,10
1376781446,15,10
1376782085,15,10
1376782688,15,10
1376783291,15,10
1376783894,15,10
1376784497,15,10
1376785101,15,10
1376785706,15,10
1376786309,15,10
1376786668,14,11
1376787272,14,11
1376787874,14,11
1376788477,14,11
1376789080,14,11
1376789684,14,11
1376790085,15,10
1376790519,15,10
1376791122,15,10
1376791725,15,10
1376792329,15,10
1376792932,15,10
1376793535,15,10
1376794138,15,10
1376794742,15,10
1376794845,14,11
1376795317,13,12
1376795920,13,12
1376796524,13,12
1376797127,13,12
1376797730,13,12
1376798333,13,12
1376798937,13,12
1376799540,13,12
1376800143,13,12
1376800746,13,12
1376801350,13,12
1376801953,13,12
1376802557,13,12
1376803159,13,12
1376803762,13,12
1376804365,13,12
1376804968,13,12
1376805571,13,12
1376806174,13,12
1376806778,13,12
1376807300,14,11
1376807904,14,11
1376808488,13,12
1376809092,13,12
1376809382,12,13
1376809457,13,12
1376810061,13,12
1376810481,14,11
1376811085,14,11
1376811688,14,11
1376812292,14,11
1376812895,14,11
1376813498,14,11
1376814101,14,11
1376814705,14,11
1376814876,13,12
1376814945,13,12
1376814976,13,12
1376815055,13,12
1376815069,14,11
1376815262,13,12
1376815865,13,12
1376816468,13,12
1376817071,13,12
1376817673,13,12
1376818276,13,12
1376818880,13,12
1376819483,13,12
1376820086,13,12
1376820689,13,12
1376821026,12,13
1376821208,13,12
1376821811,13,12
1376822414,13,12
1376822491,14,11
1376823094,14,11
1376823698,14,11
1376824302,14,11
1376824905,14,11
1376825509,14,11
1376826112,14,11
1376826716,14,11
1376827319,14,11
1376827946,12,13
1376828188,12,13
1376828225,13,12
1376828557,14,11
1376829159,14,11
1376829247,13,12
1376829544,14,11
1376830147,14,11
1376830750,14,11
1376831353,14,11
1376831956,14,11
1376832334,13,12
1376832457,13,12
1376832470,14,11
