1376208750,24,20
1376208822,24,20
1376208830,25,19
1376209434,25,19
1376209696,24,20
1376210065,23,21
1376210370,22,22
1376210801,22,22
1376210830,23,21
1376211218,22,22
1376211433,23,21
1376212036,23,21
1376212640,23,21
1376213244,23,21
1376213350,22,22
1376213954,22,22
1376214403,22,22
1376214461,22,22
1376214815,24,20
1376215402,23,21
1376215446,22,22
1376215697,23,21
1376216300,23,21
1376216904,23,21
1376217508,24,20
1376218112,24,20
1376218649,24,20
1376218724,25,19
1376218880,27,17
1376219211,26,18
1376219473,27,17
1376220077,27,17
1376220681,27,17
1376220781,28,16
1376221284,27,17
1376221326,26,18
1376221930,26,18
1376222534,26,18
1376223138,26,18
1376223183,27,17
1376223787,27,17
1376224106,27,17
1376224134,28,16
1376224231,26,18
1376224410,27,17
1376224484,27,17
1376224534,28,16
1376224672,27,17
1376225081,27,17
1376225089,28,16
1376225359,28,16
1376225436,28,16
1376225538,28,16
1376226124,29,15
1376226224,29,15
1376226824,30,14
1376226982,30,14
1376227039,31,13
1376227643,31,13
1376228246,31,13
1376228339,31,13
1376228709,31,13
1376229194,32,12
1376229798,32,12
1376229884,33,11
1376229886,34,10
1376230490,34,10
1376230652,35,9
1376231137,34,10
1376231188,34,10
1376231263,33,11
1376231866,33,11
1376231978,34,10
1376232506,35,9
1376232559,34,10
1376232599,35,9
1376233203,35,9
1376233807,35,9
1376234410,35,9
1376234917,34,10
1376235521,34,10
1376235866,33,11
1376236307,32,12
1376236390,31,13
1376236512,31,13
1376236549,32,12
1376237042,31,13
1376237143,31,13
1376237145,32,12
1376237803,32,12
1376237891,31,13
1376238027,33,11
1376238124,32,12
1376238173,33,11
1376238284,32,12
1376238326,32,12
1376238930,32,12
1376239534,32,12
1376239652,31,13
1376240255,31,13
1376240767,31,13
1376240811,32,12
1376241064,31,13
1376241668,31,13
1376241938,32,12
1376242398,31,13
1376242476,30,14
1376242492,31,13
1376242718,30,14
1376243184,29,15
1376243788,29,15
1376244274,28,16
1376244745,29,15
1376245349,29,15
1376245953,29,15
1376246408,28,16
1376247011,28,16
1376247615,28,16
1376248219,28,16
1376248724,29,15
1376248756,30,14
1376249360,30,14
1376249964,30,14
1376250222,30,14
1376250284,31,13
1376250292,32,12
1376250583,32,12
1376250629,33,11
1376251127,32,12
1376251731,32,12
1376251928,30,14
1376252535,29,15
1376253138,29,15
1376253742,29,15
1376254346,29,15
1376254799,27,17
1376255403,27,17
1376255574,28,16
1376255821,27,17
1376256425,27,17
1376256562,24,20
1376256813,23,21
1376257416,23,21
1376258020,23,21
1376258160,24,20
1376258764,24,20
1376259025,21,23
1376259629,21,23
1376259909,21,23
1376259952,22,22
1376260882,22,22
1376261461,23,21
1376262065,23,21
1376262461,22,22
1376262576,21,23
1376263180,21,23
1376263359,20,24
1376263391,20,24
1376263995,20,24
1376264599,20,24
1376265202,20,24
1376265604,20,24
1376266208,20,24
1376266812,20,24
1376267416,20,24
1376268019,20,24
1376268047,19,25
1376268650,19,25
1376269254,19,25
1376269858,19,25
1376270462,19,25
1376271066,19,25
1376271495,19,25
1376272098,19,25
1376272703,19,25
1376273306,19,25
1376273912,19,25
1376274515,19,25
1376275028,20,24
1376275632,20,24
1376276235,20,24
1376276839,20,24
1376277443,20,24
1376278047,20,24
1376278651,20,24
1376279255,20,24
1376279859,20,24
1376280463,20,24
1376281067,20,24
1376281670,20,24
1376282282,21,23
1376282497,20,24
1376282888,21,23
1376283492,21,23
1376284096,21,23
1376284700,21,23
1376285304,21,23
1376285706,20,24
1376286284,19,25
1376286889,19,25
1376287541,20,24
1376287644,21,23
1376288015,21,23
1376288065,22,22
1376288360,23,21
1376288441,24,20
1376288660,24,20
1376288694,25,19
1376288824,26,18
1376289427,26,18
1376289483,27,17
1376290087,28,16
1376290300,28,16
1376290312,29,15
1376290423,29,15
1376290664,29,15
1376290713,31,13
1376290752,32,12
1376291317,33,11
1376291351,32,12
1376291436,31,13
1376291465,32,12
1376292026,31,13
1376292162,31,13
1376292165,32,12
1376292271,32,12
1376292300,33,11
1376292403,33,11
1376292413,34,10
1376292473,35,9
1376292746,36,8
1376292797,37,7
1376293401,37,7
1376294005,37,7
1376294609,37,7
1376294743,38,6
1376295346,38,6
1376295950,38,6
1376296081,37,7
1376297018,37,7
1376297622,37,7
1376298167,37,7
1376298273,37,7
1376298362,37,7
1376298464,38,6
1376298547,37,7
1376298663,37,7
1376299267,37,7
1376299870,37,7
1376300474,37,7
1376300789,38,6
1376301393,38,6
1376301606,37,7
1376301883,37,7
1376301886,38,6
1376302533,39,5
1376302815,39,5
1376302903,39,5
1376302905,39,5
1376303080,39,5
1376303090,40,4
1376303244,40,4
1376303308,40,4
1376303354,40,4
1376303443,40,4
1376303445,39,5
1376303827,39,5
1376304444,39,5
1376304509,38,6
1376305113,38,6
1376305651,40,4
1376305742,41,3
1376306019,42,2
1376306105,43,1
1376306709,43,1
1376307228,42,2
1376307832,42,2
1376308015,43,1
1376308084,42,2
1376308688,42,2
1376309293,42,2
1376309897,42,2
1376310506,42,2
1376310603,42,2
1376310941,41,3
1376310982,41,3
1376311016,41,3
1376311263,42,2
1376311867,42,2
1376312122,41,3
1376312726,41,3
1376312947,42,2
1376313307,43,1
1376313549,42,2
1376313697,43,1
1376314301,43,1
1376314440,42,2
1376314633,41,3
1376314669,41,3
1376315273,41,3
1376315876,41,3
1376316480,41,3
1376316844,40,4
1376317337,41,3
1376317941,41,3
1376318545,41,3
1376318711,42,2
1376318863,42,2
1376318923,43,1
1376319128,42,2
1376319298,43,1
1376319560,42,2
1376319919,41,3
1376320523,41,3
1376321126,41,3
1376321730,41,3
1376321773,42,2
1376321922,41,3
1376322015,41,3
1376322053,42,2
1376322282,42,2
1376322345,42,2
1376322397,43,1
1376323001,43,1
1376323605,43,1
1376323949,42,2
1376324018,41,3
1376324299,42,2
1376324374,41,3
1376324830,41,3
1376324878,41,3
1376325082,42,2
1376325119,41,3
1376325193,40,4
1376325266,40,4
1376325329,39,5
1376325534,40,4
1376325726,39,5
1376325777,40,4
1376326064,40,4
1376326123,41,3
1376326126,42,2
1376326329,43,1
1376326544,42,2
1376326779,41,3
1376326830,40,4
1376326892,39,5
1376326949,39,5
1376327025,39,5
1376327034,40,4
1376327335,41,3
1376327440,40,4
1376327680,40,4
1376327689,41,3
1376327863,41,3
1376327873,42,2
1376328290,41,3
1376328412,40,4
1376328560,39,5
1376328640,37,7
1376328798,39,5
1376329380,38,6
1376329983,38,6
1376330166,37,7
1376330792,38,6
1376331396,38,6
1376331699,37,7
1376331856,36,8
1376332461,35,9
1376332711,36,8
1376333294,35,9
1376333558,35,9
1376333587,36,8
1376334190,36,8
1376334398,36,8
1376334455,37,7
1376334517,36,8
1376334559,37,7
1376334591,37,7
1376334667,37,7
1376334752,37,7
1376334793,38,6
1376335396,38,6
1376336011,37,7
1376336615,37,7
1376337219,37,7
1376337391,38,6
1376337995,38,6
1376338302,36,8
1376338843,36,8
1376338883,36,8
1376339487,36,8
1376339776,35,9
1376340380,35,9
1376340984,35,9
1376341102,34,10
1376341396,33,11
1376342000,33,11
1376342604,33,11
1376343208,33,11
1376343812,33,11
1376344415,33,11
1376345018,33,11
1376345622,33,11
1376346021,34,10
1376346061,34,10
1376346139,34,10
1376346206,35,9
1376346810,35,9
1376347413,35,9
1376348017,35,9
1376348621,35,9
1376349224,35,9
1376349828,35,9
1376350432,35,9
1376351036,35,9
1376351640,35,9
1376352243,35,9
1376352847,35,9
1376353406,34,10
1376354010,34,10
1376354613,34,10
1376355217,34,10
1376355582,33,11
1376355591,32,12
1376356195,32,12
1376356798,32,12
1376357240,32,12
1376357322,32,12
1376357325,33,11
1376357888,33,11
1376357932,33,11
1376357992,33,11
1376358596,33,11
1376359200,33,11
1376359803,33,11
1376360407,33,11
1376361011,33,11
1376361614,33,11
1376361699,34,10
1376362303,34,10
1376362906,34,10
1376363510,34,10
1376364114,34,10
1376364718,34,10
1376365322,34,10
1376365925,34,10
1376366529,34,10
1376367132,34,10
1376367502,35,9
1376368074,36,8
1376368218,35,9
1376368822,35,9
1376369426,35,9
1376370030,35,9
1376370633,35,9
1376371237,35,9
1376371841,35,9
1376372273,34,10
1376372522,33,11
1376373037,32,12
1376373442,31,13
1376374046,31,13
1376374112,31,13
1376374127,32,12
1376374242,32,12
1376374244,31,13
1376374848,31,13
1376375373,31,13
1376375417,32,12
1376375553,31,13
1376375743,32,12
1376376209,31,13
1376376270,31,12
1376376332,32,11
1376376517,33,10
1376376739,33,10
1376376819,34,9
1376376861,36,7
1376376943,36,7
1376376993,38,5
1376377075,39,4
1376377522,40,3
1376377554,41,3
1376377659,41,3
1376377714,40,4
1376378318,40,4
1376378769,39,5
1376378893,40,4
1376379032,41,3
1376379182,42,2
1376379399,41,3
1376380003,41,3
1376380357,40,4
1376380960,40,4
1376381080,41,3
1376381261,40,4
1376381443,40,4
1376381449,42,2
1376382052,42,2
1376382153,43,1
1376382725,42,2
1376382912,41,3
1376383516,41,3
1376383983,42,2
1376384587,42,2
1376384683,42,2
1376384686,43,1
1376385289,43,1
1376385893,43,1
1376386463,42,2
1376386599,43,1
1376386789,42,2
1376387270,41,3
1376387874,41,3
1376388478,41,3
1376389081,41,3
1376389718,39,5
1376390023,39,5
1376390026,40,4
1376390629,40,4
1376391233,40,4
1376391303,40,4
1376391347,41,3
1376391918,42,2
1376392522,42,2
1376393125,42,2
1376393303,41,3
1376393907,41,3
1376393978,41,3
1376394022,42,2
1376394173,41,3
1376394468,40,4
1376394713,41,3
1376394878,40,4
1376395481,40,4
1376395535,41,3
1376395944,41,3
1376396547,41,3
1376396681,41,3
1376397285,41,3
1376397888,41,3
1376398492,41,3
1376398661,41,3
1376398703,41,3
1376398749,41,3
1376398790,41,3
1376398893,41,3
1376398951,41,3
1376399011,41,3
1376399070,41,3
1376399112,43,1
1376399716,43,1
1376400319,43,1
1376400923,43,1
1376401106,43,1
1376401201,43,1
1376401544,43,1
1376402148,42,2
1376402536,43,1
1376403140,43,1
1376403744,43,1
1376404675,43,1
1376405280,43,1
1376405884,43,1
1376406336,42,2
1376406402,42,2
1376406441,41,3
1376406482,42,2
1376406572,40,4
1376406616,41,3
1376406684,42,2
1376406723,43,1
1376407327,43,1
1376407931,43,1
1376408312,42,2
1376408484,41,3
1376408665,42,2
1376408963,41,3
1376409043,43,1
1376409343,42,2
1376409384,41,3
1376409518,40,4
1376409704,40,4
1376409706,41,3
1376409996,42,2
1376410528,42,2
1376410597,42,2
1376410628,41,3
1376410881,42,2
1376410973,41,3
1376411074,42,2
1376411319,43,1
1376411384,43,1
1376411398,43,1
1376412002,43,1
1376412395,44,0
1376412461,42,2
1376412505,43,1
1376412574,41,3
1376412618,41,3
1376412670,41,3
1376412866,40,4
1376413003,40,4
1376413006,39,5
1376413071,38,6
1376413253,37,7
1376413395,38,6
1376413757,37,7
1376413840,38,6
1376413890,39,5
1376413939,39,5
1376413983,40,4
1376414337,39,5
1376414584,38,6
1376414708,39,5
1376414856,40,4
1376415460,40,4
1376415580,40,4
1376415591,41,3
1376416195,41,3
1376416346,40,4
1376416423,39,5
1376416472,39,5
1376416529,39,5
1376416598,39,5
1376416765,38,6
1376417021,37,7
1376417444,36,8
1376417447,35,9
1376417776,34,10
1376418007,35,9
1376418311,34,10
1376418354,33,11
1376418423,32,12
1376419027,32,12
1376419082,33,11
1376419686,33,11
1376420022,32,12
1376420051,33,11
1376420134,33,11
1376420183,33,11
1376420251,33,11
1376420317,33,11
1376420328,33,11
1376420932,33,11
1376421354,32,12
1376421958,32,12
1376422166,31,13
1376422642,30,14
1376422756,29,15
1376423360,29,15
1376423536,28,16
1376423732,27,17
1376424336,27,17
1376424940,27,17
1376425059,25,19
1376425355,24,19
1376425395,24,19
1376425472,24,19
1376425707,24,19
1376425746,24,19
1376425791,23,20
1376426215,22,21
1376426819,22,21
1376427423,22,21
1376428027,22,21
1376428632,22,21
1376429237,22,21
1376429841,22,21
1376430396,23,20
1376430438,24,19
1376431042,24,19
1376431645,24,19
1376432249,24,19
1376432853,24,19
1376433104,23,20
1376433707,23,20
1376434312,23,20
1376434916,23,20
1376435519,23,20
1376436123,23,20
1376436726,23,20
1376437330,23,20
1376437410,22,21
1376437723,22,21
1376437734,24,19
1376438338,24,19
1376438942,24,19
1376439440,23,20
1376440045,23,20
1376440649,23,20
1376441253,23,20
1376441857,23,20
1376442398,22,21
1376443002,22,21
1376443606,22,21
1376444297,22,21
1376444901,22,21
1376445504,22,21
1376446108,22,21
1376446711,22,21
1376447315,22,21
1376447919,22,21
1376448271,23,20
1376448875,23,20
1376449479,23,20
1376450082,23,20
1376450686,23,20
1376451290,23,20
1376451894,23,20
1376452498,23,20
1376453102,23,20
1376453705,23,20
1376453852,24,19
1376454456,24,19
1376454775,25,18
1376454875,26,17
1376455479,26,17
1376455931,27,16
1376456535,27,16
1376457138,27,16
1376457742,27,16
1376458346,27,16
1376458749,26,17
1376458961,25,18
1376459479,25,18
1376459738,26,17
1376460101,27,16
1376460705,27,16
1376460951,26,17
1376461232,27,16
1376461321,26,17
1376461402,27,16
1376461573,27,16
1376461617,28,15
1376461702,29,14
1376461979,30,13
1376462168,31,12
1376462771,31,12
1376463199,32,11
1376463540,33,10
1376463636,35,8
1376463940,35,8
1376464004,36,7
1376464007,35,8
1376464152,34,9
1376464292,34,9
1376464334,35,8
1376464414,36,7
1376464756,37,6
1376465187,37,6
1376465232,38,5
1376465419,37,6
1376465551,37,6
1376465605,38,5
1376465664,39,4
1376465833,40,3
1376466221,41,2
1376466824,41,2
1376467116,41,2
1376467149,41,2
1376467421,42,1
1376468025,42,1
1376468215,41,2
1376468445,42,2
1376468491,41,3
1376468536,43,2
1376468916,43,2
1376468959,44,1
1376469326,43,2
1376469930,43,2
1376470303,43,2
1376470907,43,2
1376471480,44,1
1376472083,44,1
1376472267,43,2
1376472871,43,2
1376473464,44,1
1376474068,44,1
1376474672,44,1
1376474964,45,0
1376475319,44,1
1376475923,44,1
1376475999,45,0
1376476604,45,0
1376476898,44,1
1376477034,45,0
1376477638,45,0
1376478242,45,0
1376478845,45,0
1376479363,44,1
1376479818,44,1
1376479862,45,0
1376480465,45,0
1376480673,44,1
1376480857,43,2
1376481155,42,3
1376481758,42,3
1376482244,43,2
1376482246,42,3
1376482850,42,3
1376483454,42,3
1376484057,42,3
1376484270,43,2
1376484874,43,2
1376485477,43,2
1376485513,42,3
1376485930,43,2
1376486534,43,2
1376486980,44,1
1376487583,44,1
1376488149,45,0
1376488382,44,1
1376488605,44,1
1376488607,43,2
1376489111,43,1
1376489158,43,2
1376489762,43,2
1376489924,43,2
1376489984,43,2
1376490015,44,1
1376490619,44,1
1376491161,45,0
1376491303,44,1
1376491939,44,1
1376492017,45,0
1376492621,45,0
1376493224,45,0
1376493595,44,1
1376494242,43,2
1376494302,43,2
1376494310,44,1
1376494440,43,2
1376495044,43,2
1376495625,43,2
1376495633,44,1
1376495733,42,3
1376496067,41,4
1376496692,42,3
1376496725,41,4
1376496798,40,5
1376497302,39,6
1376497341,40,5
1376497586,41,4
1376497765,42,3
1376498124,41,3
1376498204,42,2
1376498233,43,1
1376498608,43,1
1376498795,44,0
1376499399,44,0
1376500003,44,0
1376500129,43,1
1376500723,42,2
1376501326,42,2
1376501617,43,1
1376501683,42,2
1376502287,42,2
1376502890,42,2
1376503494,42,2
1376503724,42,2
1376503727,41,3
1376504381,41,3
1376504406,41,3
1376504536,40,4
1376504841,40,4
1376504886,41,3
1376505162,42,2
1376505289,41,3
1376505387,40,4
1376505484,39,5
1376505747,40,4
1376505787,40,4
1376505902,40,4
1376505966,40,4
1376506016,41,3
1376506147,40,4
1376506248,39,5
1376506851,39,5
1376507262,39,5
1376507866,39,5
1376508251,39,5
1376508854,39,5
1376509458,39,5
1376509784,39,5
1376509786,40,4
1376510081,39,5
1376510088,40,4
1376510298,39,5
1376510791,40,4
1376510856,40,4
1376510872,40,4
1376510971,40,4
1376510987,40,4
1376511061,40,4
1376511664,40,4
1376512268,40,4
1376512871,40,4
1376513475,40,4
1376513587,39,5
1376514190,39,5
1376514674,40,4
1376514739,39,5
1376514834,38,6
1376515437,38,6
1376515816,36,8
1376516420,36,8
1376517024,36,8
1376517582,35,9
1376517752,35,9
1376517794,35,9
1376517882,35,9
1376517916,35,9
1376517960,35,9
1376518050,35,9
1376518206,34,10
1376518809,34,10
1376519413,34,10
1376519796,35,9
1376520172,34,10
1376520776,34,10
1376521381,34,10
1376521984,34,10
1376522448,33,11
1376523052,33,11
1376523655,33,11
1376524259,33,11
1376524862,33,11
1376525466,33,11
1376526070,33,11
1376526674,33,11
1376527278,33,11
1376527881,33,11
1376528125,32,12
1376528729,32,12
1376529268,31,13
1376529701,30,14
1376529757,30,14
1376530281,29,15
1376530696,29,15
1376531300,29,15
1376531903,29,15
1376532507,29,15
1376533110,29,15
1376533714,29,15
1376534317,29,15
1376534921,29,15
1376535524,29,15
1376536128,29,15
1376536592,30,14
1376537196,30,14
1376537340,30,14
1376537943,30,14
1376538547,30,14
1376539151,30,14
1376539755,30,14
1376540359,30,14
1376540962,30,14
1376541521,30,14
1376541523,31,13
1376542127,31,13
1376542731,31,13
1376543334,31,13
1376543938,31,13
1376544542,31,13
1376545145,31,13
1376545749,31,13
1376546353,31,13
1376546919,32,12
1376547564,32,12
1376547643,33,11
1376548246,33,11
1376548329,34,10
1376548449,33,11
1376549053,33,11
1376549476,34,10
1376550079,34,10
1376550348,33,11
1376550952,33,11
1376551227,32,12
1376551832,32,12
1376552007,31,13
1376552612,31,13
1376553216,31,13
1376553343,29,15
1376553684,29,15
1376553708,30,14
1376554229,30,14
1376554258,31,13
1376554862,31,13
1376555482,30,14
1376555527,30,14
1376556131,30,14
1376556519,29,15
1376556560,30,14
1376557164,30,14
1376557768,30,14
1376558372,30,14
1376558920,31,13
1376559376,32,12
1376559521,33,11
1376560142,34,10
1376560549,33,11
1376560633,32,12
1376561237,32,12
1376561301,31,13
1376561761,30,14
1376562283,30,14
1376562300,31,13
1376562904,31,13
1376563053,30,14
1376563099,29,15
1376563703,29,15
1376563975,29,15
1376564367,28,16
1376564612,27,17
1376565158,27,17
1376565202,28,16
1376565731,29,15
1376566336,29,15
1376566941,29,15
1376567545,29,15
1376567693,29,15
1376567778,29,15
1376567921,30,14
1376567942,30,14
1376568066,30,14
1376568128,30,14
1376568178,31,13
1376568628,31,13
1376568684,33,11
1376569288,33,11
1376569891,33,11
1376570018,33,11
1376570094,33,11
1376570148,34,10
1376570752,34,10
1376571233,35,9
1376571381,34,10
1376571985,34,10
1376572589,34,10
1376572939,34,10
1376572983,35,9
1376573143,34,10
1376573380,34,10
1376573387,35,9
1376573891,35,9
1376574257,35,9
1376574861,35,9
1376575040,35,9
1376575073,35,9
1376575177,36,8
1376575296,36,8
1376575834,36,8
1376575878,35,9
1376575974,35,9
1376576041,36,8
1376576126,35,9
1376576730,35,9
1376577334,35,9
1376577356,36,8
1376577700,35,9
1376578083,35,9
1376578162,35,9
1376578501,34,10
1376579110,34,10
1376579179,35,9
1376579783,35,9
1376580391,34,9
1376580420,34,10
1376580534,35,9
1376580689,34,10
1376581293,34,10
1376581360,35,9
1376581584,36,8
1376582018,36,8
1376582052,36,8
1376582095,37,7
1376582699,37,7
1376583139,36,8
1376583743,36,8
1376584077,35,9
1376584639,36,8
1376585243,36,8
1376585847,36,8
1376586422,35,9
1376586492,35,9
1376586533,35,9
1376586604,35,9
1376586653,36,8
1376586740,36,8
1376586817,37,7
1376586856,38,6
1376587408,38,6
1376587482,40,4
1376587497,40,4
1376587578,41,3
1376587699,41,3
1376587770,42,2
1376587807,42,2
1376587858,44,0
1376588462,44,0
1376589066,44,0
1376589490,43,1
1376589856,44,0
1376590459,44,0
1376591063,44,0
1376591667,44,0
1376591772,43,1
1376591858,42,2
1376592041,42,2
1376592221,42,2
1376592229,43,1
1376592833,43,1
1376593361,43,1
1376593370,44,0
1376593974,44,0
1376594301,43,1
1376594369,41,3
1376594444,41,3
1376594486,40,4
1376594512,40,4
1376594999,41,3
1376595539,42,2
1376595943,41,3
1376595946,40,4
1376596179,41,3
1376596225,41,3
1376596268,41,3
1376596347,41,3
1376596390,40,3
1376596469,39,5
1376597072,39,5
1376597676,39,5
1376597720,38,6
1376598323,38,6
1376598927,38,6
1376598980,36,8
1376599477,36,8
1376599522,37,7
1376599748,36,7
1376599835,36,8
1376599882,36,8
1376599924,36,8
1376600007,37,7
1376600611,37,7
1376601215,37,7
1376601818,37,7
1376602325,38,6
1376602841,38,6
1376602922,38,6
1376603103,37,7
1376603646,39,5
1376603711,38,6
1376603984,37,7
1376604143,36,8
1376604284,36,8
1376604286,35,9
1376604890,35,9
1376605176,34,10
1376605779,34,10
1376606391,34,10
1376606995,34,10
1376607362,33,11
1376607966,33,11
1376608569,33,11
1376609173,33,11
1376609410,32,12
1376610013,32,12
1376610617,32,12
1376611220,32,12
1376611303,32,12
1376611310,33,11
1376611940,33,11
1376612200,31,13
1376612207,32,12
1376612311,32,12
1376612347,32,12
1376612388,32,12
1376612992,32,12
1376613596,32,12
1376614199,32,12
1376614803,32,12
1376615315,31,13
1376615918,31,13
1376616522,31,13
1376617094,31,13
1376617697,31,13
1376618301,31,13
1376618905,31,13
1376619508,31,13
1376620112,31,13
1376620599,32,12
1376620650,33,11
1376621132,32,12
1376621736,32,12
1376622339,32,12
1376622575,33,11
1376623179,33,11
1376623782,33,11
1376624386,33,11
1376624989,33,11
1376625593,33,11
1376626155,34,10
1376626759,34,10
1376627363,34,10
1376627967,34,10
1376628399,35,9
1376629003,35,9
1376629607,35,9
1376630211,35,9
1376630814,35,9
1376631083,34,10
1376631160,34,10
1376631619,33,11
1376631662,32,12
1376631877,31,13
1376632480,31,13
1376632876,32,12
1376633479,32,12
1376633774,32,12
1376633850,32,12
1376633921,32,12
1376633957,32,12
1376634016,31,13
1376634075,32,13
1376634211,31,14
1376634275,31,14
1376634880,31,14
1376634935,32,13
1376635540,32,13
1376635647,32,13
1376635692,33,12
1376635948,34,11
1376636201,34,11
1376636238,35,10
1376636292,34,11
1376636896,34,11
1376637323,35,10
1376637670,34,11
1376637762,36,9
1376638335,36,9
1376638424,38,7
1376638433,39,6
1376638512,39,6
1376638556,40,5
1376638639,41,4
1376639243,41,4
1376639418,41,4
1376639462,42,3
1376640066,42,3
1376640669,42,3
1376641273,42,3
1376641876,42,3
1376642480,42,3
1376643084,42,3
1376643277,43,2
1376643881,43,2
1376644104,45,0
1376644708,45,0
1376644857,44,1
1376645125,45,0
1376645729,45,0
1376645959,44,1
1376646002,43,2
1376646457,44,1
1376646582,43,2
1376647186,43,2
1376647790,43,2
1376648393,43,2
1376648597,42,3
1376649201,42,3
1376649626,41,4
1376650119,41,4
1376650167,42,3
1376650331,42,3
1376650402,43,2
1376650552,43,2
1376650674,43,2
1376650761,43,2
1376650842,43,2
1376650903,43,2
1376650906,42,3
1376651351,41,4
1376652192,40,4
1376652233,40,4
1376652437,40,4
1376652604,40,4
1376652730,41,4
1376652774,40,5
1376652857,39,6
1376653461,38,7
1376653881,39,6
1376654485,39,6
1376654767,39,6
1376654852,40,5
1376654903,40,5
1376654947,41,4
1376655551,41,4
1376655696,42,3
1376656300,42,3
1376656364,41,4
1376656367,40,5
1376656725,40,5
1376656749,41,4
1376657353,41,4
1376657615,40,5
1376658212,41,4
1376658816,41,4
1376658938,40,5
1376659004,41,4
1376659609,41,4
1376659896,42,3
1376659946,41,4
1376660128,40,5
1376660732,40,5
1376660984,39,5
1376661028,38,7
1376661395,36,9
1376661811,36,9
1376661856,37,8
1376661928,37,8
1376662017,37,8
1376662128,37,8
1376662292,37,8
1376662416,37,8
1376662453,37,8
1376662535,37,8
1376662576,38,7
1376662702,38,7
1376662734,39,6
1376663142,40,5
1376663323,40,5
1376663331,41,4
1376663885,42,3
1376664187,40,5
1376664791,40,5
1376665395,40,5
1376666006,40,5
1376666039,41,4
1376666643,41,4
1376667247,41,4
1376667850,41,4
1376668057,42,3
1376668171,41,4
1376668288,40,5
1376668459,39,6
1376668576,40,5
1376668897,41,4
1376669081,41,4
1376669088,42,3
1376669619,43,2
1376669994,42,3
1376670266,41,4
1376670384,40,5
1376670935,41,4
1376671524,40,5
1376671574,41,4
1376672181,40,5
1376672457,39,6
1376672723,38,7
1376672795,38,7
1376672812,38,7
1376673253,37,8
1376673857,37,8
1376674287,37,8
1376674315,38,7
1376674372,37,8
1376674975,37,8
1376675477,38,7
1376675970,37,8
1376676177,36,9
1376676749,36,9
1376676782,37,8
1376677063,37,8
1376677065,36,9
1376677669,36,9
1376678103,37,8
1376678707,37,8
1376678850,36,9
1376679454,36,9
1376680058,36,9
1376680661,36,9
1376680892,36,9
1376680936,37,8
1376681416,37,8
1376681492,38,7
1376681562,39,6
1376681565,40,5
1376682168,40,5
1376682343,40,5
1376682346,39,6
1376682950,39,6
1376683180,39,6
1376683232,40,5
1376683783,38,7
1376683786,37,8
1376684390,37,8
1376684685,37,8
1376684687,36,9
1376684856,36,9
1376684891,37,8
1376685494,37,8
1376686098,37,8
1376686444,36,9
1376687048,36,9
1376687261,36,9
1376687269,37,8
1376687531,36,9
1376687595,36,9
1376688199,36,9
1376688803,36,9
1376689407,36,9
1376690010,36,9
1376690430,36,9
1376690474,37,8
1376691078,37,8
1376691628,36,9
1376692232,36,9
1376692276,37,8
1376692880,37,8
1376693483,37,8
1376694087,37,8
1376694691,37,8
1376695053,36,9
1376695085,35,10
1376695689,35,10
1376696293,35,10
1376696543,34,11
1376697146,34,11
1376697461,32,13
1376698064,32,13
1376698668,32,13
1376698913,33,12
1376699138,32,13
1376699528,31,14
1376700132,31,14
1376700736,31,14
1376701339,31,14
1376701459,32,13
1376701548,31,14
1376702193,30,15
1376702797,30,15
1376703487,30,15
1376703580,30,15
1376703863,29,16
1376704444,30,15
1376705048,30,15
1376705651,30,15
1376706255,30,15
1376706859,30,15
1376706984,32,13
1376707587,32,13
1376707839,31,14
1376708077,30,15
1376708680,30,15
1376709284,30,15
1376710215,30,15
1376710710,30,15
1376710767,31,14
1376711371,31,14
1376711975,31,14
1376712579,31,14
1376713182,31,14
1376713660,30,15
1376714263,30,15
1376714867,30,15
1376715470,30,15
1376716074,30,15
1376716678,30,15
1376717281,30,15
1376717885,30,15
1376718488,30,15
1376719092,30,15
1376719696,30,15
1376720300,30,15
1376720904,30,15
1376721508,30,15
1376722012,29,16
1376722195,28,17
1376722409,27,18
1376722960,28,17
1376723384,28,17
1376723386,29,16
1376723600,30,15
1376724204,30,15
1376724840,28,17
1376725444,28,17
1376725771,27,18
1376725811,27,18
1376726416,27,18
1376726921,27,18
1376726964,28,17
1376727568,28,17
1376728172,28,17
1376728468,27,18
1376728641,27,18
1376728692,27,18
1376728736,28,17
1376729341,28,17
1376729558,28,17
1376729602,29,16
1376729659,28,17
1376729742,28,17
1376729785,29,16
1376730039,28,17
1376730644,28,17
1376730869,27,18
1376731162,28,17
1376731766,28,17
1376732370,28,17
1376732974,29,16
1376733371,28,17
1376733975,28,17
1376734274,29,16
1376734458,28,17
1376734544,28,17
1376734564,28,17
1376735169,28,17
1376735302,28,17
1376735356,30,15
1376735505,30,15
1376735568,31,14
1376736128,30,15
1376736346,30,15
1376736998,28,17
1376737358,29,16
1376737961,29,16
1376738179,30,15
1376738224,31,14
1376738408,32,13
1376738658,33,12
1376738739,33,12
1376738749,34,11
1376739144,33,12
1376739226,33,12
1376739236,33,12
1376739464,33,12
1376739538,34,11
1376739702,35,10
1376739787,36,9
1376739831,35,10
1376740120,36,9
1376740724,36,9
1376740785,36,9
1376740791,36,9
1376741395,36,9
1376741999,36,9
1376742456,36,9
1376742582,37,8
1376742589,38,7
1376743168,38,7
1376743197,39,6
1376743297,38,7
1376743835,38,7
1376743879,39,6
1376743995,40,5
1376744406,40,5
1376744494,40,5
1376744551,41,4
1376745156,41,4
1376745179,40,5
1376745783,40,5
1376746219,41,4
1376746823,41,4
1376747125,41,4
1376747177,42,3
1376747781,42,3
1376747921,42,3
1376747984,42,3
1376748044,41,4
1376748076,41,4
1376748223,41,4
1376748267,42,3
1376748323,42,3
1376748927,42,3
1376749089,43,2
1376749692,43,2
1376750018,42,3
1376750277,43,2
1376750881,43,2
1376751229,43,2
1376751338,43,2
1376751525,42,3
1376751563,43,2
1376751629,44,1
1376751663,43,2
1376752125,43,2
1376752169,43,2
1376752244,43,2
1376752287,43,2
1376752408,43,2
1376752974,43,2
1376753578,43,2
1376754181,43,2
1376754273,43,2
1376754310,44,1
1376754754,44,1
1376754936,43,2
1376755225,44,1
1376755829,44,1
1376756433,44,1
1376756622,44,1
1376757195,44,1
1376757262,43,2
1376757705,43,2
1376757742,41,4
1376758116,41,4
1376758168,42,3
1376758259,42,3
1376758371,42,3
1376758784,42,3
1376758827,43,2
1376758994,44,1
1376759063,43,2
1376759416,43,2
1376759499,44,1
1376760102,44,1
1376760706,44,1
1376761310,44,1
1376761382,42,3
1376761828,41,3
1376761856,40,5
1376762193,41,4
1376762519,42,3
1376762911,41,4
1376762945,41,4
1376763578,39,6
1376763623,38,7
1376763768,36,9
1376764125,34,10
1376764284,34,11
1376764325,34,11
1376764382,33,12
1376765024,34,11
1376765628,34,11
1376766232,34,11
1376766836,34,11
1376767304,34,11
1376767908,34,11
1376768564,33,12
1376769168,33,12
1376769460,32,13
1376770065,32,13
1376770669,32,13
1376771273,32,13
1376771920,31,14
1376771954,30,15
1376772557,30,15
1376773173,30,15
1376773399,30,15
1376773474,30,15
1376773531,30,15
1376773604,30,15
1376773682,30,15
1376773954,29,16
1376774558,29,16
1376775162,29,16
1376775609,29,16
1376776213,29,16
1376776796,30,15
1376777399,30,15
1376778003,30,15
1376778606,30,15
1376779210,30,15
1376779814,30,15
1376779958,29,16
1376780107,28,17
1376780711,28,17
1376781316,28,17
1376781919,28,17
1376782242,28,17
1376782289,27,18
1376782893,27,18
1376783496,27,18
1376783637,26,19
1376784241,26,19
1376784854,26,19
1376785458,26,19
1376785800,25,20
1376786404,25,20
1376787008,25,20
1376787612,25,20
1376787749,26,19
1376788574,25,20
1376788648,25,20
1376789252,25,20
1376789421,24,21
1376789892,24,21
1376789936,24,21
1376790581,24,21
1376790643,24,21
1376791246,24,21
1376791850,24,21
1376792454,24,21
1376793058,24,21
1376793424,25,20
1376794029,25,20
1376794632,25,20
1376795236,25,20
1376795447,24,21
1376795449,23,22
1376795560,23,22
1376796164,23,22
1376796768,23,22
1376797371,23,22
1376797975,23,22
1376798204,22,23
1376798264,21,23
1376798267,21,24
1376798871,21,24
1376799474,21,24
1376800078,21,24
1376800991,21,24
1376801371,22,23
1376801975,22,23
1376802105,22,23
1376802117,23,22
1376802605,24,21
1376803209,24,21
1376803813,24,21
1376804417,24,21
1376805021,24,21
1376805625,24,21
1376806229,24,21
1376806652,23,21
1376806686,23,22
1376807290,23,22
1376807894,23,22
1376808497,23,22
1376809271,23,22
1376809875,23,22
1376810478,23,22
1376810794,24,21
1376811397,24,21
1376811452,25,20
1376812056,25,20
1376812660,25,20
1376812825,24,21
1376812849,23,22
1376813456,23,22
1376814062,23,22
1376814669,24,21
1376815273,24,21
1376815579,24,21
1376815665,25,20
1376815667,24,21
1376815785,24,21
1376815788,25,20
1376816392,25,20
1376816996,25,20
1376817368,26,19
1376817454,27,18
1376818058,27,18
1376818662,27,18
1376818781,27,18
1376818833,29,16
1376819437,29,16
1376819854,29,16
1376819908,31,14
1376820015,30,15
1376820619,30,15
1376820875,29,16
1376821050,31,14
1376821531,32,13
1376821750,32,13
1376821795,33,12
1376821979,31,14
1376822137,32,13
1376822443,32,13
1376822488,33,12
1376823092,33,12
1376823451,32,13
1376823474,31,14
1376823639,31,14
1376823701,30,15
1376823944,30,15
1376823946,29,16
1376824225,30,15
1376824828,30,15
1376824916,30,15
1376825563,29,16
1376825625,30,15
1376826228,30,15
1376826667,31,14
1376826955,30,15
1376827523,29,16
1376828080,28,17
1376828112,28,17
1376828616,29,16
1376829030,28,17
1376829052,28,17
1376829656,28,17
1376830260,28,17
1376830863,28,17
1376831467,28,17
1376831970,28,17
1376832014,29,16
1376832055,30,15
1376832524,31,14
1376832983,30,15
