1376208292,8,20
1376208896,8,20
1376209500,8,20
1376210025,8,20
1376210027,7,21
1376210632,7,21
1376210855,6,22
1376210899,6,22
1376210985,4,24
1376211027,4,24
1376211054,5,23
1376211658,5,23
1376212243,4,24
1376212699,5,23
1376213303,5,23
1376213617,5,23
1376213627,5,23
1376213737,4,24
1376213875,2,26
1376214103,2,26
1376214110,4,24
1376214713,4,24
1376215003,4,24
1376215006,5,23
1376215455,5,23
1376215538,6,22
1376215629,5,23
1376216091,4,24
1376216695,4,24
1376217037,4,24
1376217103,5,23
1376217708,5,23
1376218311,5,23
1376218437,6,22
1376218577,4,24
1376218719,4,24
1376218772,5,23
1376218829,5,23
1376218899,4,24
1376218950,1,27
1376219012,1,27
1376219074,1,27
1376219107,2,26
1376219202,3,25
1376219260,6,22
1376219464,7,21
1376219912,6,22
1376220516,6,22
1376220637,4,24
1376220739,5,23
1376221103,5,23
1376221241,5,23
1376221248,6,22
1376221852,6,22
1376221964,5,23
1376222270,4,24
1376222580,3,25
1376223184,3,25
1376223788,3,25
1376224392,3,25
1376224531,4,24
1376224801,3,25
1376224990,4,24
1376225263,4,24
1376225265,5,23
1376225502,4,24
1376225617,5,23
1376225660,6,22
1376226264,6,22
1376226349,5,23
1376226700,3,25
1376226761,2,26
1376226812,2,26
1376226834,1,27
1376226896,1,27
1376227500,1,27
1376227892,0,28
1376228496,0,28
1376229100,0,28
1376229703,0,28
1376229877,1,27
1376230258,0,28
1376230357,0,28
1376230421,0,28
1376230536,0,28
1376230580,0,28
1376231185,0,28
1376231675,1,27
1376231730,0,28
1376232335,0,28
1376232938,0,28
1376233273,1,27
1376233664,0,28
1376233691,0,28
1376233762,0,28
1376233828,0,28
1376233900,1,27
1376233919,0,28
1376234015,0,28
1376234075,0,28
1376234128,0,28
1376234177,1,27
1376234434,2,26
1376234732,2,26
1376234764,3,25
1376234985,4,24
1376235051,3,25
1376235521,2,26
1376236058,2,26
1376236124,3,25
1376236145,4,24
1376236197,5,23
1376236279,5,23
1376236336,6,22
1376236405,6,22
1376236471,7,21
1376236534,7,21
1376236584,8,20
1376237188,8,20
1376237792,8,20
1376238396,8,20
1376238762,9,19
1376239228,9,19
1376239297,9,19
1376239343,9,19
1376239451,11,17
1376239514,11,17
1376239583,11,17
1376239645,12,16
1376240249,12,16
1376240854,12,16
1376240983,12,16
1376240986,11,17
1376241303,10,18
1376241398,10,18
1376241426,11,17
1376242032,11,17
1376242469,12,16
1376242720,9,19
1376242781,8,20
1376242832,8,20
1376242892,9,19
1376242947,12,16
1376243344,13,15
1376243728,12,16
1376244332,12,16
1376244937,12,16
1376245541,12,16
1376245855,11,17
1376246502,11,17
1376246510,12,16
1376246964,11,17
1376247456,9,19
1376248061,9,19
1376248633,8,20
1376249237,8,20
1376249841,8,20
1376250444,8,20
1376250716,9,19
1376251320,9,19
1376251924,9,19
1376252286,8,20
1376252890,8,20
1376253495,8,20
1376254099,8,20
1376254703,8,20
1376255306,8,20
1376255910,8,20
1376256514,8,20
1376257118,8,20
1376257722,8,20
1376258326,8,20
1376258930,8,20
1376259533,8,20
1376260137,8,20
1376260741,8,20
1376261345,8,20
1376261948,8,20
1376262552,8,20
1376263156,8,20
1376263760,8,20
1376264364,8,20
1376264563,8,20
1376264599,11,17
1376265204,11,17
1376265808,11,17
1376266411,11,17
1376267015,11,17
1376267619,11,17
1376268223,11,17
1376268826,11,17
1376269430,11,17
1376270035,11,17
1376270638,11,17
1376271242,11,17
1376271846,11,17
1376272402,11,17
1376273006,11,17
1376273610,11,17
1376274214,11,17
1376274817,11,17
1376275421,11,17
1376276025,11,17
1376276629,11,17
1376277233,11,17
1376277836,11,17
1376278440,11,17
1376279044,11,17
1376279648,11,17
1376280251,11,17
1376280855,11,17
1376281459,11,17
1376282063,11,17
1376282667,11,17
1376283272,11,17
1376283876,11,17
1376284480,11,17
1376285084,11,17
1376285370,10,18
1376285974,10,18
1376286579,10,18
1376287183,10,18
1376287716,11,17
1376288320,11,17
1376288603,13,15
1376288711,12,16
1376288864,12,16
1376288867,11,17
1376289475,10,18
1376290122,10,18
1376290148,10,18
1376290275,11,17
1376290411,11,17
1376290450,12,16
1376291077,11,17
1376291106,11,17
1376291539,10,18
1376291677,8,20
1376291794,8,20
1376291862,9,19
1376292466,9,19
1376292783,10,18
1376293291,9,19
1376293895,9,19
1376294007,8,20
1376294612,8,20
1376294664,9,19
1376295268,9,19
1376295859,10,18
1376296464,10,18
1376297067,10,18
1376297671,10,18
1376298275,10,18
1376298880,10,18
1376299484,10,18
1376300121,11,17
1376300725,11,17
1376301193,12,16
1376301798,12,16
1376302402,12,16
1376303006,12,16
1376303259,13,15
1376303863,13,15
1376304468,13,15
1376305091,14,14
1376305696,14,14
1376306311,13,15
1376306915,13,15
1376307336,12,16
1376307940,12,16
1376308473,11,17
1376309078,11,17
1376309681,11,17
1376309802,12,16
1376309874,11,17
1376310479,11,17
1376310652,10,18
1376311256,10,18
1376311860,10,18
1376312464,10,18
1376313067,10,18
1376313595,9,19
1376314200,9,19
1376314804,9,19
1376315408,9,19
1376315550,8,20
1376316154,8,20
1376316515,9,19
1376317119,9,19
1376317276,9,19
1376317311,10,18
1376317424,11,17
1376318028,11,17
1376318633,11,17
1376319243,11,17
1376319578,9,19
1376319702,9,19
1376319749,10,18
1376319811,10,18
1376319858,10,18
1376320463,10,18
1376321066,10,18
1376321258,10,18
1376321285,11,17
1376321441,12,16
1376321679,13,15
1376322201,12,16
1376322806,12,16
1376322955,13,15
1376323270,12,16
1376323394,12,16
1376323439,13,15
1376323529,13,15
1376323567,14,14
1376323704,15,13
1376324309,15,13
1376324337,14,14
1376324475,16,12
1376324825,17,11
1376324900,16,12
1376325223,15,13
1376325450,16,12
1376325575,17,11
1376326180,17,11
1376326222,18,10
1376326423,18,10
1376326425,19,9
1376326549,18,10
1376326636,19,9
1376326954,18,10
1376327043,19,9
1376327169,20,8
1376327243,18,10
1376327322,18,10
1376327368,18,10
1376327433,20,8
1376327610,20,8
1376327982,20,8
1376327991,21,7
1376328063,20,8
1376328489,21,7
1376329030,20,8
1376329634,20,8
1376330143,20,8
1376330159,22,6
1376330622,21,6
1376330658,20,8
1376330911,21,6
1376331091,20,7
1376331550,19,8
1376332154,19,9
1376332759,19,9
1376332882,18,10
1376333441,16,12
1376334045,16,12
1376334649,16,12
1376334903,15,13
1376335061,16,12
1376335092,17,11
1376335697,17,11
1376336301,17,11
1376336905,17,11
1376337281,15,13
1376337885,15,13
1376338489,15,13
1376338598,15,13
1376338875,15,13
1376339480,15,13
1376340084,15,13
1376340688,15,13
1376341292,15,13
1376341672,14,14
1376341725,14,14
1376341793,14,14
1376342398,14,14
1376342780,14,14
1376343384,14,14
1376343987,14,14
1376344592,14,14
1376345197,14,14
1376345800,14,14
1376346404,14,14
1376346879,13,15
1376346914,13,15
1376347517,13,15
1376348121,13,15
1376348725,13,15
1376349329,13,15
1376349933,13,15
1376350538,13,15
1376351141,13,15
1376351746,13,15
1376352350,13,15
1376352954,13,15
1376353558,13,15
1376354161,13,15
1376354765,13,15
1376355369,13,15
1376355972,13,15
1376356576,13,15
1376357180,13,15
1376357785,13,15
1376358388,13,15
1376358804,13,15
1376359409,13,15
1376360014,13,15
1376360617,13,15
1376361221,13,15
1376361825,13,15
1376362429,13,15
1376363034,13,15
1376363637,13,15
1376364241,13,15
1376364845,13,15
1376365449,13,15
1376366052,13,15
1376366656,13,15
1376367260,13,15
1376367864,13,15
1376368468,13,15
1376369071,13,15
1376369675,13,15
1376370279,13,15
1376370883,13,15
1376371487,13,15
1376372091,13,15
1376372695,13,15
1376373298,13,15
1376373572,14,14
1376374176,14,14
1376374756,13,15
1376375304,14,14
1376375544,13,15
1376376149,13,15
1376376337,13,15
1376376381,14,13
1376376808,13,14
1376376869,12,15
1376377350,12,15
1376377402,12,15
1376377453,12,15
1376377522,12,15
1376377565,11,16
1376378053,11,16
1376378091,12,15
1376378615,11,16
1376378789,11,16
1376379283,11,16
1376379285,10,17
1376379696,9,18
1376380002,7,20
1376380039,5,22
1376380643,5,23
1376381248,5,23
1376381742,5,23
1376381754,6,22
1376382358,6,22
1376382809,5,23
1376383414,5,23
1376383931,6,22
1376383983,5,23
1376384076,6,22
1376384123,5,23
1376384174,6,22
1376384779,6,22
1376385382,6,22
1376385986,6,22
1376386590,6,22
1376386840,6,22
1376386851,7,21
1376387443,7,21
1376387477,9,19
1376388031,9,19
1376388059,10,18
1376388664,10,18
1376388982,11,17
1376389586,11,17
1376390078,12,16
1376390682,12,16
1376391287,12,16
1376391518,13,15
1376391542,14,14
1376392146,14,14
1376392774,15,13
1376392895,16,12
1376392961,17,10
1376393052,16,11
1376393658,16,12
1376394262,16,12
1376394811,17,11
1376394920,15,13
1376395035,15,13
1376395079,16,12
1376395683,16,12
1376396038,15,13
1376396642,15,13
1376396756,14,14
1376397361,14,14
1376397964,14,14
1376398235,13,15
1376398839,13,15
1376399443,13,15
1376400046,13,15
1376400259,14,14
1376400863,14,14
1376401467,14,14
1376402071,14,14
1376402233,15,13
1376402839,15,13
1376403443,15,13
1376404047,15,13
1376404651,15,13
1376405265,14,14
1376405316,12,16
1376405378,12,16
1376405415,12,16
1376405476,11,17
1376406079,11,17
1376406684,11,17
1376407152,11,17
1376407222,12,16
1376407475,13,15
1376407878,11,17
1376408020,11,17
1376408078,13,15
1376408682,13,15
1376408923,13,15
1376408933,14,14
1376409537,14,14
1376409639,15,13
1376410168,16,12
1376410243,15,13
1376410295,14,14
1376410342,16,12
1376410946,16,12
1376411019,16,12
1376411081,16,12
1376411095,16,12
1376411200,17,11
1376411477,19,9
1376412081,19,9
1376412148,17,11
1376412215,17,11
1376412228,17,11
1376412328,18,10
1376412387,19,9
1376412849,19,9
1376412940,19,9
1376412965,20,8
1376413204,19,9
1376413782,19,9
1376413785,18,10
1376414389,18,10
1376414494,17,10
1376414524,17,11
1376414826,18,10
1376415172,17,11
1376415777,17,11
1376416003,17,11
1376416009,19,9
1376416121,18,10
1376416725,18,10
1376416768,17,11
1376416842,17,11
1376416897,17,11
1376416926,18,10
1376416981,19,9
1376417607,18,10
1376417664,18,10
1376417734,19,9
1376418163,19,9
1376418185,21,7
1376418790,21,7
1376419369,20,8
1376419956,19,9
1376420560,19,9
1376421164,19,9
1376421179,20,8
1376421511,19,9
1376421578,19,9
1376421628,19,9
1376421654,20,8
1376422257,20,8
1376422861,20,8
1376423465,20,8
1376423983,20,8
1376423986,19,9
1376424132,20,8
1376424736,20,8
1376425346,20,8
1376425529,17,11
1376426111,16,12
1376426716,16,12
1376427319,16,12
1376427923,16,12
1376428047,15,13
1376428652,15,13
1376429256,15,13
1376429859,15,13
1376430463,15,13
1376431067,15,13
1376431670,15,13
1376432274,15,13
1376432575,16,12
1376433179,16,12
1376433772,15,13
1376434376,15,13
1376434979,15,13
1376435583,15,13
1376436187,15,13
1376436791,15,13
1376437395,15,13
1376438000,15,13
1376438603,15,13
1376439207,15,13
1376439811,15,13
1376440416,15,13
1376441019,15,13
1376441623,15,13
1376442227,15,13
1376442831,15,13
1376443435,15,13
1376444038,15,13
1376444642,15,13
1376445200,15,13
1376445804,15,13
1376446408,15,13
1376447012,15,13
1376447616,15,13
1376448219,15,13
1376448823,15,13
1376449427,15,13
1376450031,15,13
1376450635,15,13
1376451238,15,13
1376451842,15,13
1376452446,15,13
1376453050,15,13
1376453653,15,13
1376454257,15,13
1376454862,15,13
1376455466,15,13
1376456069,15,13
1376456673,15,13
1376457277,15,13
1376457881,15,13
1376458033,14,14
1376458637,14,14
1376459241,14,14
1376459612,14,14
1376459653,15,13
1376460258,15,13
1376460862,15,13
1376461465,15,13
1376461581,16,12
1376461819,17,11
1376462045,16,12
1376462200,17,11
1376462803,17,11
1376462857,18,10
1376462868,19,9
1376463162,18,10
1376463216,17,11
1376463600,16,12
1376463811,15,13
1376464289,15,13
1376464320,16,12
1376464602,16,12
1376464610,17,11
1376465084,15,13
1376465585,16,12
1376465803,15,13
1376465815,15,13
1376466068,16,12
1376466475,15,13
1376467079,15,13
1376467334,14,14
1376467673,13,15
1376467799,14,14
1376468081,14,14
1376468090,15,13
1376468399,15,13
1376468859,16,12
1376469464,16,12
1376469700,15,13
1376469996,14,14
1376470220,15,13
1376470825,15,13
1376470983,14,14
1376471588,14,14
1376472191,14,14
1376472456,12,16
1376472574,12,16
1376472593,12,16
1376472697,13,15
1376472745,14,14
1376473350,14,14
1376473840,14,14
1376473848,15,13
1376474452,15,13
1376475056,15,13
1376475135,16,12
1376475740,16,12
1376475865,18,10
1376476469,18,10
1376477085,18,10
1376477145,16,12
1376477203,16,12
1376477265,17,11
1376477272,18,10
1376477876,18,10
1376478480,18,10
1376478638,17,11
1376478649,16,12
1376478922,15,13
1376479527,15,13
1376480132,15,13
1376480736,15,13
1376481172,14,14
1376481776,14,14
1376482380,14,14
1376482984,14,14
1376483259,13,15
1376483863,13,15
1376484467,13,15
1376485071,13,15
1376485675,13,15
1376486143,12,16
1376486747,12,16
1376487351,12,16
1376487955,12,16
1376488560,12,16
1376489163,12,16
1376489414,11,17
1376489555,10,18
1376490160,10,18
1376490764,10,18
1376491139,11,17
1376491783,11,17
1376491793,12,16
1376492398,12,16
1376492491,10,18
1376493095,10,18
1376493133,11,17
1376493252,12,16
1376493414,13,15
1376494018,13,15
1376494142,14,14
1376494294,14,14
1376494317,14,14
1376494424,14,13
1376494476,14,13
1376494544,14,13
1376494586,14,13
1376494611,14,13
1376495074,13,14
1376495143,13,14
1376495173,13,14
1376495253,14,13
1376495349,14,13
1376495414,15,12
1376495719,14,13
1376495849,15,12
1376496045,16,11
1376496180,15,12
1376496597,14,13
1376496784,13,14
1376497388,13,15
1376497671,12,16
1376498324,13,15
1376498433,12,16
1376498471,11,17
1376499096,13,15
1376499556,13,15
1376499588,14,14
1376500191,14,14
1376500795,14,14
1376501399,14,14
1376501818,15,13
1376502422,15,13
1376502996,14,14
1376503304,15,13
1376503364,16,12
1376503875,17,11
1376504134,17,11
1376506287,13,15
1376506892,13,15
1376507496,13,15
1376508042,13,15
1376508045,14,14
1376508649,14,14
1376509253,14,14
1376509858,14,14
1376510467,14,14
1376510646,12,16
1376511250,12,16
1376511856,12,16
1376512460,12,16
1376512764,12,16
1376512805,13,15
1376513409,13,15
1376513851,12,16
1376513917,12,16
1376514521,12,16
1376514803,13,15
1376514839,12,16
1376515444,12,16
1376516048,12,16
1376516652,12,16
1376517256,12,16
1376517860,12,16
1376518464,12,16
1376519067,12,16
1376519671,12,16
1376520276,12,16
1376520881,12,16
1376521075,11,17
1376521680,11,17
1376522285,11,17
1376522888,11,17
1376523223,10,18
1376523827,10,18
1376524430,10,18
1376525034,10,18
1376525261,9,19
1376525316,9,19
1376525920,9,19
1376526480,8,20
1376527084,8,20
1376527689,8,20
1376528194,7,21
1376528798,7,21
1376529402,7,21
1376530005,7,21
1376530609,7,21
1376531213,7,21
1376531604,6,22
1376532207,6,22
1376532811,6,22
1376533416,6,22
1376534019,6,22
1376534622,6,22
1376535226,6,22
1376535830,6,22
1376536434,6,22
1376537037,6,22
1376537641,6,22
1376538245,6,22
1376538849,6,22
1376539452,6,22
1376540056,6,22
1376540660,6,22
1376541264,6,22
1376541867,6,22
1376542471,6,22
1376543075,6,22
1376543679,6,22
1376544283,6,22
1376544888,6,22
1376545491,6,22
1376546096,6,22
1376546700,6,22
1376547303,6,22
1376547907,6,22
1376548512,6,22
1376549116,6,22
1376549720,6,22
1376550325,6,22
1376550920,5,23
1376551524,5,23
1376551996,4,24
1376552601,4,24
1376553205,4,24
1376553810,4,24
1376554300,5,23
1376554904,5,23
1376555022,6,22
1376555034,7,21
1376555187,6,22
1376555321,7,21
1376555926,7,21
1376556015,7,21
1376556057,8,20
1376556661,8,20
1376557300,9,19
1376557345,9,19
1376557418,9,19
1376557432,9,19
1376557543,10,18
1376558147,10,18
1376558751,10,18
1376559258,9,19
1376559862,9,19
1376559942,9,19
1376559945,10,18
1376560181,9,19
1376560785,9,19
1376561389,9,19
1376561992,9,19
1376562281,10,18
1376562319,10,18
1376562379,10,18
1376562456,10,18
1376562487,11,17
1376563092,11,17
1376563695,11,17
1376563809,10,18
1376564413,10,18
1376564563,9,19
1376565167,9,19
1376565770,9,19
1376566374,9,19
1376566588,10,18
1376566953,9,19
1376567000,9,19
1376567076,8,20
1376567103,9,19
1376567707,9,19
1376567830,8,20
1376568434,8,20
1376569038,8,20
1376569117,7,21
1376569721,7,21
1376569946,6,22
1376570533,7,21
1376571137,7,21
1376571740,7,21
1376571926,8,20
1376572529,8,20
1376572549,8,20
1376572666,8,20
1376572763,8,20
1376572830,8,19
1376573051,6,21
1376573126,6,21
1376573198,6,21
1376573262,7,20
1376573300,6,21
1376573333,7,20
1376573482,6,21
1376573561,6,21
1376573597,6,21
1376573633,7,20
1376574237,7,21
1376574340,5,23
1376574986,4,24
1376575300,3,25
1376575871,2,26
1376575929,1,27
1376576463,0,28
1376577078,0,28
1376577162,0,28
1376577276,1,27
1376577393,2,26
1376577560,2,26
1376577626,1,27
1376577695,0,28
1376577759,0,28
1376577793,1,27
1376577861,2,26
1376577891,2,26
1376578019,1,27
1376578122,1,27
1376578225,1,27
1376578282,2,26
1376578775,2,26
1376578809,3,25
1376579414,3,25
1376580019,3,25
1376580086,3,25
1376580115,3,25
1376580211,4,24
1376580283,4,24
1376580324,3,25
1376580456,5,23
1376580580,5,23
1376580623,7,21
1376580691,6,22
1376580709,6,22
1376580767,5,23
1376581138,4,24
1376581305,4,24
1376581391,4,24
1376581450,5,23
1376581658,6,22
1376582020,6,22
1376582029,7,21
1376582101,7,21
1376582705,7,21
1376582861,5,23
1376582885,5,23
1376583040,5,23
1376583083,5,23
1376583109,8,20
1376583713,8,20
1376583806,8,20
1376583881,9,19
1376584046,10,18
1376584451,11,17
1376584718,9,19
1376584835,9,19
1376584940,10,18
1376585009,10,18
1376585038,11,17
1376585245,10,18
1376585300,10,18
1376585380,11,17
1376585497,10,18
1376585521,11,17
1376585606,10,18
1376586210,10,18
1376586815,10,18
1376586878,11,17
1376587483,11,17
1376588086,11,17
1376588690,11,17
1376589294,11,17
1376589762,12,16
1376589794,13,15
1376589882,12,16
1376589885,13,15
1376590182,13,15
1376590242,11,17
1376590581,12,16
1376590646,13,15
1376590702,12,16
1376590758,12,16
1376590806,13,15
1376591365,13,15
1376591429,14,14
1376592032,14,14
1376592101,12,15
1376592142,12,16
1376592747,12,16
1376593352,12,16
1376593704,13,15
1376594079,13,15
1376594089,14,14
1376594268,13,15
1376594871,13,15
1376595475,13,15
1376596080,13,15
1376596234,11,17
1376596838,11,17
1376597442,11,17
1376597500,12,16
1376598104,12,16
1376598708,12,16
1376599312,12,16
1376599917,12,16
1376600520,12,16
1376601125,12,16
1376601729,12,16
1376602333,12,16
1376602938,12,16
1376603543,12,16
1376604146,12,16
1376604750,12,16
1376604853,10,18
1376605458,10,18
1376606061,10,18
1376606665,10,18
1376607269,10,18
1376607874,10,18
1376608478,10,18
1376609082,10,18
1376609686,10,18
1376610290,10,18
1376610677,9,19
1376611281,9,19
1376611886,9,19
1376612489,9,19
1376613093,9,19
1376613697,9,19
1376613939,9,19
1376614037,9,19
1376614089,9,18
1376614143,9,18
1376614192,10,17
1376614796,10,18
1376615400,10,18
1376616003,10,18
1376616618,10,18
1376617222,10,18
1376618003,10,18
1376618607,10,18
1376618804,9,19
1376619409,9,19
1376620012,9,19
1376620616,9,19
1376621221,9,19
1376621824,9,19
1376622428,9,19
1376623032,9,19
1376623635,9,19
1376624239,9,19
1376624843,9,19
1376625447,9,19
1376626051,9,19
1376626656,9,19
1376627259,9,19
1376627863,9,19
1376628467,9,19
1376629071,9,19
1376629675,9,19
1376630278,9,19
1376630882,9,19
1376631486,9,19
1376632090,9,19
1376632694,9,19
1376633299,9,19
1376633902,9,19
1376634199,10,18
1376634803,10,18
1376635225,11,17
1376635383,10,18
1376635834,10,18
1376635875,11,16
1376636479,11,17
1376636592,12,16
1376637198,12,16
1376637802,12,16
1376638407,12,16
1376638539,12,16
1376638641,12,16
1376638703,12,16
1376638779,12,16
1376638811,12,16
1376638875,12,16
1376639009,12,16
1376639032,14,14
1376639142,15,13
1376639746,15,13
1376640349,15,13
1376640953,15,13
1376641063,15,12
1376641101,15,13
1376641150,16,12
1376641755,16,12
1376642358,16,12
1376642963,16,12
1376643193,16,12
1376643243,17,11
1376643847,17,11
1376644304,17,11
1376644355,17,11
1376644960,17,11
1376645477,18,10
1376646081,18,10
1376646388,18,10
1376646417,19,9
1376647021,19,9
1376647625,19,9
1376648229,19,9
1376648823,18,10
1376648918,17,11
1376649316,18,10
1376649672,17,11
1376649864,18,10
1376649913,19,9
1376650209,18,10
1376650540,19,9
1376650594,19,9
1376650657,18,10
1376650688,17,11
1376650959,17,11
1376651072,18,10
1376651089,17,11
1376651197,17,11
1376651294,17,11
1376651445,17,11
1376651447,18,10
1376651989,17,11
1376652282,18,10
1376652315,17,11
1376652398,18,10
1376652462,18,10
1376652465,17,11
1376652960,16,12
1376653396,17,11
1376653517,18,10
1376654122,18,10
1376654164,18,10
1376654214,19,9
1376654818,19,9
1376655422,19,9
1376656026,19,9
1376656630,19,9
1376656837,20,8
1376657442,20,8
1376658047,20,8
1376658651,20,8
1376658999,19,9
1376659011,19,9
1376659113,18,10
1376659181,18,10
1376659240,18,10
1376659656,16,12
1376659743,17,11
1376659843,17,11
1376659857,18,10
1376660006,17,11
1376660072,17,11
1376660122,17,11
1376660624,17,11
1376660627,18,10
1376660882,17,11
1376661065,18,10
1376661669,18,10
1376662191,17,11
1376662795,17,11
1376663399,17,11
1376663985,18,10
1376664588,18,10
1376664678,19,9
1376665282,19,9
1376665602,20,8
1376665721,20,8
1376665898,21,7
1376666014,20,8
1376666080,19,9
1376666490,19,9
1376666542,20,8
1376666924,20,8
1376666935,21,7
1376667456,20,8
1376667583,20,8
1376667585,21,7
1376667683,21,7
1376667914,20,8
1376668518,20,8
1376668599,21,7
1376668928,20,8
1376669346,19,9
1376669950,19,9
1376670508,20,8
1376670622,19,9
1376671227,19,9
1376671339,20,8
1376671404,19,9
1376671557,20,8
1376671645,20,8
1376671684,19,9
1376671844,19,9
1376671846,20,8
1376672105,22,6
1376672178,21,7
1376672338,22,6
1376672661,22,6
1376672724,22,6
1376672798,22,6
1376672920,22,6
1376672985,23,5
1376672988,21,7
1376673280,21,7
1376673320,22,6
1376673721,21,7
1376673879,21,7
1376673931,21,7
1376673999,23,5
1376674047,23,5
1376674652,23,5
1376675256,23,5
1376675318,22,6
1376675374,22,6
1376675439,22,6
1376675450,23,5
1376675762,22,6
1376675923,23,5
1376675926,24,4
1376676091,23,5
1376676105,23,5
1376676714,23,5
1376677175,24,4
1376677292,23,5
1376677699,24,4
1376678303,24,4
1376678438,22,6
1376679042,22,6
1376679646,22,6
1376680250,22,6
1376680454,22,6
1376680501,22,6
1376681104,22,6
1376681708,22,6
1376682312,22,6
1376682901,23,5
1376683506,23,5
1376683862,24,4
1376684465,24,4
1376685069,24,4
1376685674,24,4
1376686278,24,4
1376686765,25,3
1376687240,24,4
1376687844,24,4
1376688448,24,4
1376689052,24,4
1376689655,24,4
1376690259,24,4
1376690486,23,5
1376691090,23,5
1376691694,23,5
1376692297,23,5
1376692902,23,5
1376693506,23,5
1376694110,23,5
1376694714,23,5
1376695318,23,5
1376695922,23,5
1376696527,23,5
1376697093,23,5
1376697129,24,4
1376697733,24,4
1376698337,24,4
1376698941,24,4
1376699545,24,4
1376700149,24,4
1376700552,22,6
1376701157,22,6
1376701760,22,6
1376702370,22,6
1376702974,22,6
1376703577,22,6
1376704181,22,6
1376704482,22,6
1376704486,22,6
1376705090,22,6
1376705694,22,6
1376706297,22,6
1376706901,22,6
1376707505,22,6
1376708109,22,6
1376708713,22,6
1376709317,22,6
1376709921,22,6
1376710525,22,6
1376711128,22,6
1376711732,22,6
1376712336,22,6
1376712939,22,6
1376713543,22,6
1376714147,22,6
1376714751,22,6
1376715355,22,6
1376715958,22,6
1376716562,22,6
1376717166,22,6
1376717770,22,6
1376718374,22,6
1376718979,22,6
1376719582,22,6
1376720186,22,6
1376720790,22,6
1376721394,22,6
1376721998,22,6
1376722602,22,6
1376723260,21,7
1376723309,20,8
1376723913,20,8
1376724015,19,9
1376724476,20,8
1376725080,20,8
1376725178,21,7
1376725782,21,7
1376725904,21,7
1376725907,20,8
1376725998,20,8
1376726036,21,7
1376726290,21,7
1376726918,21,7
1376726976,22,6
1376727097,23,5
1376727143,23,5
1376727197,23,5
1376727278,23,5
1376727331,23,5
1376727934,23,5
1376728538,23,5
1376729024,22,6
1376729033,23,5
1376729563,23,5
1376729571,21,7
1376729740,21,7
1376729799,22,6
1376729862,22,6
1376729890,23,5
1376730495,23,5
1376731099,23,5
1376731421,22,6
1376731829,21,7
1376731891,21,7
1376732496,21,7
1376733099,21,7
1376733148,19,9
1376733401,20,8
1376733461,21,7
1376734065,21,7
1376734485,20,8
1376734494,19,9
1376735105,18,10
1376735214,18,10
1376735321,18,10
1376735357,19,9
1376735623,19,9
1376735626,20,8
1376736231,20,8
1376736835,20,8
1376737440,20,8
1376738008,18,10
1376738618,18,10
1376738860,19,9
1376739397,20,8
1376740002,20,8
1376740605,20,8
1376741210,20,8
1376741814,20,8
1376742452,20,8
1376742505,20,8
1376742557,21,7
1376742627,21,7
1376742682,21,7
1376742712,22,6
1376743316,22,6
1376743419,21,7
1376743542,22,6
1376743711,22,6
1376743773,23,5
1376744376,23,5
1376744841,21,7
1376745017,22,6
1376745275,21,7
1376745864,19,9
1376746298,21,7
1376746642,22,6
1376746775,23,5
1376747380,23,5
1376747539,22,6
1376747604,22,6
1376747649,22,6
1376747765,22,6
1376748369,22,6
1376748915,20,8
1376749537,19,9
1376750142,19,9
1376750746,19,9
1376751150,18,10
1376751519,14,14
1376751561,13,15
1376751642,13,15
1376751660,12,16
1376751933,12,16
1376751990,13,15
1376752027,14,14
1376752160,16,12
1376752764,16,12
1376753381,17,11
1376753505,17,11
1376753507,18,10
1376754112,18,10
1376754464,16,12
1376754763,18,10
1376755367,18,10
1376755641,19,9
1376756245,19,9
1376756592,17,11
1376756652,17,11
1376756744,17,11
1376756766,15,13
1376756850,17,11
1376757007,16,12
1376757477,17,11
1376758090,16,12
1376758412,18,10
1376758470,19,9
1376758956,18,10
1376758991,18,10
1376759067,18,10
1376759143,18,10
1376759191,19,9
1376759796,19,9
1376760399,19,9
1376761003,19,9
1376761029,22,6
1376761634,22,6
1376762238,22,6
1376762835,20,8
1376763439,20,8
1376763885,20,8
1376763925,19,9
1376764529,19,9
1376764959,20,8
1376765562,20,8
1376766166,20,8
1376766771,20,8
1376767375,20,8
1376767625,19,9
1376768230,19,9
1376768357,20,8
1376768961,20,8
1376769565,20,8
1376769880,21,7
1376770484,21,7
1376770676,20,8
1376770955,22,6
1376771013,23,5
1376771027,23,5
1376771138,23,5
1376771163,24,4
1376771768,24,4
1376772193,25,3
1376772798,25,3
1376773402,25,3
1376774005,25,3
1376774609,25,3
1376775214,25,3
1376775819,25,3
1376776180,24,4
1376776785,24,4
1376777389,24,4
1376777994,24,4
1376778400,22,6
1376779004,22,6
1376779607,22,6
1376780211,22,6
1376780815,22,6
1376781419,22,6
1376782022,22,6
1376782626,22,6
1376783230,22,6
1376783835,22,6
1376784438,22,6
1376785042,22,6
1376785646,22,6
1376785828,21,7
1376786432,21,7
1376787036,21,7
1376787640,21,7
1376788243,21,7
1376788301,20,8
1376788334,20,8
1376788480,19,9
1376789085,19,9
1376789689,19,9
1376790292,19,9
1376790800,19,9
1376791405,19,9
1376792010,19,9
1376792613,19,9
1376793217,19,9
1376793821,19,9
1376794424,19,9
1376795028,19,9
1376795632,19,9
1376796236,19,9
1376796840,19,9
1376797444,19,9
1376798048,19,9
1376798651,19,9
1376799255,19,9
1376799860,19,9
1376800464,19,9
1376801068,19,9
1376801672,19,9
1376802275,19,9
1376802879,19,9
1376803483,19,9
1376804087,19,9
1376804691,19,9
1376805295,19,9
1376805899,19,9
1376806261,19,9
1376806366,19,9
1376806394,20,8
1376806454,20,8
1376806537,20,8
1376806564,21,7
1376807168,21,7
1376807478,20,8
1376808082,20,8
1376808686,20,8
1376809291,20,8
1376809894,20,8
1376810498,20,8
1376811102,20,8
1376811705,20,8
1376812309,20,8
1376812913,20,8
1376813013,18,10
1376813618,18,10
1376814106,19,9
1376814711,19,9
1376815315,19,9
1376815919,19,9
1376816523,19,9
1376817126,19,9
1376817730,19,9
1376818340,19,9
1376818944,19,9
1376819563,20,8
1376819588,21,7
1376820192,21,7
1376820450,20,8
1376820696,19,9
1376820763,19,9
1376820805,19,9
1376820864,19,9
1376820924,19,9
1376820983,19,9
1376821276,20,8
1376821453,21,7
1376822057,21,7
1376822661,21,7
1376823265,21,7
1376823869,21,7
1376824473,21,7
1376824764,22,6
1376825368,22,6
1376825972,22,6
1376826575,22,6
1376827179,22,6
1376827783,22,6
1376828387,22,6
1376828991,22,6
1376829595,22,6
1376830200,22,6
1376830804,22,6
1376831407,22,6
1376832011,22,6
1376832615,22,6
