1376208497,16,9
1376209101,16,9
1376209542,16,9
1376209551,17,8
1376210154,17,8
1376210758,17,8
1376211308,16,9
1376211497,17,8
1376212100,17,8
1376212578,16,9
1376212817,17,8
1376213421,17,8
1376213864,17,8
1376213910,19,6
1376214363,19,6
1376214522,19,6
1376214802,18,7
1376215406,18,7
1376216010,18,7
1376216334,18,7
1376216394,19,6
1376216998,19,6
1376217601,19,6
1376217703,17,8
1376218307,17,8
1376218910,17,8
1376219514,17,8
1376219803,17,8
1376219815,18,7
1376220003,17,8
1376220281,18,7
1376220294,19,6
1376220631,18,7
1376220837,17,8
1376221441,17,8
1376222082,18,7
1376222686,18,7
1376222958,15,10
1376223562,15,10
1376223737,16,9
1376224340,16,9
1376224944,16,9
1376225507,15,10
1376226111,15,10
1376226183,16,9
1376226477,17,8
1376227081,17,8
1376227216,16,9
1376227819,16,9
1376228423,16,9
1376228896,15,10
1376229142,15,10
1376229745,15,10
1376230349,15,10
1376230885,16,9
1376231488,16,9
1376232092,16,9
1376232158,16,9
1376232173,16,9
1376232776,16,9
1376233380,16,9
1376234017,16,9
1376234048,17,8
1376234125,17,8
1376234150,18,7
1376234262,19,6
1376234866,19,6
1376235026,18,7
1376235629,18,7
1376235899,17,8
1376236319,18,7
1376236923,18,7
1376237552,20,5
1376238218,22,3
1376238312,23,2
1376238915,23,2
1376239519,23,2
1376239680,22,3
1376240284,22,3
1376240887,22,3
1376241491,22,3
1376242020,21,4
1376242472,21,4
1376242541,21,4
1376242577,21,4
1376242777,21,4
1376242828,21,4
1376242867,21,4
1376243081,21,4
1376243172,21,4
1376243471,21,4
1376243532,21,4
1376243609,22,3
1376243695,22,3
1376243786,22,3
1376243869,22,3
1376243977,23,2
1376244486,22,3
1376244627,23,2
1376244654,24,1
1376245257,24,1
1376245861,24,1
1376246327,23,2
1376246930,23,2
1376247534,23,2
1376248137,23,2
1376248573,24,1
1376249176,24,1
1376249529,23,2
1376250132,23,2
1376250736,23,2
1376251339,23,2
1376251943,23,2
1376252248,24,1
1376252851,24,1
1376252957,23,2
1376253437,22,3
1376253583,20,5
1376254187,20,5
1376254790,20,5
1376255394,20,5
1376255740,18,7
1376255856,19,6
1376256280,18,7
1376256336,18,7
1376256399,18,7
1376256408,19,6
1376257012,19,6
1376257615,19,6
1376258219,19,6
1376258822,19,6
1376259426,19,6
1376260029,19,6
1376260633,19,6
1376260777,17,8
1376261380,17,8
1376261984,17,8
1376262587,17,8
1376263191,17,8
1376263794,17,8
1376264398,17,8
1376265002,17,8
1376265605,17,8
1376266209,17,8
1376266812,17,8
1376267416,17,8
1376268019,17,8
1376268623,17,8
1376269133,16,9
1376269736,16,9
1376270340,16,9
1376270943,16,9
1376271547,16,9
1376272173,16,9
1376272776,16,9
1376273380,16,9
1376273983,16,9
1376274587,16,9
1376275190,16,9
1376275794,16,9
1376276397,16,9
1376277001,16,9
1376277604,16,9
1376278208,16,9
1376278811,16,9
1376279415,16,9
1376280018,16,9
1376280622,16,9
1376281226,16,9
1376281829,16,9
1376282433,16,9
1376283036,16,9
1376283639,16,9
1376283657,15,10
1376284260,15,10
1376284864,15,10
1376285467,15,10
1376286071,15,10
1376286572,16,9
1376287175,16,9
1376287778,17,8
1376287787,18,7
1376288083,18,7
1376288092,19,6
1376288465,18,7
1376288562,17,8
1376288741,16,9
1376288786,15,10
1376289299,14,11
1376289550,13,12
1376289596,14,11
1376289760,13,12
1376289926,14,11
1376289954,13,12
1376290059,11,14
1376290527,9,16
1376290833,11,14
1376290869,10,15
1376291069,9,16
1376291154,8,17
1376291587,7,18
1376291703,5,20
1376292307,5,20
1376292450,4,21
1376292685,3,22
1376293181,2,23
1376293242,2,23
1376293245,1,24
1376293390,0,25
1376293885,1,24
1376294438,0,25
1376295041,0,25
1376295645,0,25
1376296248,0,25
1376296535,0,25
1376296571,0,25
1376296641,0,25
1376296674,1,24
1376297278,1,24
1376297882,1,24
1376298486,1,24
1376299089,1,24
1376299564,0,25
1376300168,0,25
1376300771,0,25
1376301375,0,25
1376301539,1,24
1376302079,2,23
1376302231,3,22
1376302333,4,21
1376302452,3,22
1376302844,2,23
1376302846,1,24
1376302918,2,23
1376303003,3,22
1376303607,3,22
1376304210,3,22
1376304814,3,22
1376305043,2,23
1376305241,1,24
1376305249,2,23
1376305608,1,24
1376305763,2,23
1376306307,3,22
1376306911,3,22
1376307220,4,21
1376307269,3,22
1376307555,2,23
1376307818,3,22
1376308379,2,23
1376308496,3,22
1376309099,3,22
1376309300,2,23
1376309704,3,22
1376309862,3,22
1376309880,4,21
1376309994,5,20
1376310598,5,20
1376310697,4,21
1376311302,4,21
1376311840,4,21
1376311849,5,20
1376312378,5,20
1376312389,6,19
1376312993,6,19
1376313252,5,20
1376313583,4,21
1376314052,3,22
1376314655,3,22
1376315259,3,22
1376315862,3,22
1376316386,4,21
1376316989,4,21
1376317098,5,20
1376317702,5,20
1376317741,4,21
1376318371,4,21
1376318415,5,20
1376319018,5,20
1376319282,4,21
1376319384,3,22
1376319988,3,22
1376320067,3,22
1376320070,4,21
1376320135,5,20
1376320739,5,20
1376320989,6,19
1376321104,5,20
1376321153,4,21
1376321337,3,22
1376321728,2,23
1376322097,3,22
1376322276,3,22
1376322337,3,22
1376322574,3,22
1376322600,5,20
1376322741,7,18
1376323035,5,20
1376323122,5,20
1376323134,6,19
1376323244,7,18
1376323293,7,18
1376323342,9,16
1376323541,11,14
1376323602,9,16
1376323614,9,16
1376323700,10,15
1376323782,10,15
1376323843,12,13
1376323883,15,10
1376323933,16,9
1376323984,17,8
1376324075,19,6
1376324152,20,5
1376324555,21,4
1376324671,21,4
1376324731,22,3
1376324916,22,3
1376325096,24,1
1376325214,25,0
1376325320,24,1
1376325570,25,0
1376326173,25,0
1376326777,25,0
1376327368,25,0
1376327741,24,1
1376327853,23,2
1376328456,22,3
1376329059,22,3
1376329577,23,2
1376329723,22,3
1376329869,21,4
1376330472,21,4
1376330793,20,5
1376331074,19,6
1376331281,19,6
1376331293,20,5
1376331897,20,5
1376332423,20,5
1376332426,19,6
1376332964,20,5
1376333568,20,5
1376333747,19,6
1376334350,19,6
1376334651,18,7
1376335053,17,8
1376335176,16,9
1376335231,17,8
1376335834,17,8
1376336438,17,8
1376337042,17,8
1376337646,17,8
1376338251,17,8
1376338857,17,8
1376339461,17,8
1376340066,17,8
1376340671,17,8
1376341276,17,8
1376341880,17,8
1376342484,17,8
1376342778,17,8
1376343381,17,8
1376343985,17,8
1376344588,17,8
1376345192,17,8
1376345358,16,9
1376345961,16,9
1376346220,17,8
1376346823,17,8
1376347427,17,8
1376348030,17,8
1376348370,15,10
1376348974,15,10
1376349578,15,10
1376350181,15,10
1376350785,15,10
1376351388,15,10
1376351992,15,10
1376352595,15,10
1376353199,15,10
1376353802,15,10
1376354406,15,10
1376355010,15,10
1376355613,15,10
1376356217,15,10
1376356820,15,10
1376357424,15,10
1376358027,15,10
1376358574,15,10
1376359178,15,10
1376359781,15,10
1376360385,15,10
1376360988,15,10
1376361592,15,10
1376362195,15,10
1376362799,15,10
1376363402,15,10
1376364006,15,10
1376364609,15,10
1376365213,15,10
1376365817,15,10
1376366420,15,10
1376367024,15,10
1376367627,15,10
1376368230,15,10
1376368834,15,10
1376369438,15,10
1376369962,14,11
1376370565,14,11
1376371169,14,11
1376371772,14,11
1376372013,13,12
1376372617,13,12
1376373104,14,11
1376373164,15,10
1376373166,14,11
1376373770,14,11
1376374377,14,11
1376374723,14,11
1376374759,15,10
1376374866,14,11
1376375108,13,12
1376375333,14,11
1376375456,13,12
1376375658,12,13
1376375996,11,14
1376376155,10,15
1376376269,11,14
1376376408,10,15
1376376492,11,14
1376376763,8,17
1376376870,7,18
1376377031,6,19
1376377176,4,21
1376377212,5,20
1376377670,4,21
1376378274,4,21
1376378922,2,23
1376378938,2,23
1376379450,3,22
1376379580,1,24
1376379627,2,23
1376379725,3,22
1376380174,3,22
1376380449,2,23
1376380705,1,24
1376380811,0,25
1376381078,1,24
1376381681,1,24
1376381994,0,25
1376382598,0,25
1376383201,0,25
1376383269,0,25
1376383338,0,25
1376383369,1,24
1376383478,2,23
1376383903,2,23
1376383911,3,22
1376384514,3,22
1376385118,3,22
1376385722,3,22
1376386325,3,22
1376386929,3,22
1376387243,1,24
1376387846,1,24
1376387896,3,22
1376388356,4,21
1376388868,5,20
1376389111,6,19
1376389659,5,20
1376390262,5,20
1376390866,5,20
1376391470,5,20
1376391951,4,21
1376392119,3,22
1376392484,5,20
1376392647,4,21
1376393250,4,21
1376393706,3,22
1376394310,3,22
1376394359,4,21
1376394913,2,23
1376395517,2,23
1376395721,1,24
1376395940,0,25
1376396436,1,24
1376396864,1,24
1376396872,0,25
1376397475,0,25
1376398079,0,25
1376398682,0,25
1376399286,0,25
1376399569,1,24
1376399882,2,23
1376400486,2,23
1376401117,3,22
1376401226,4,21
1376401830,4,21
1376402433,4,21
1376403037,4,21
1376403641,4,21
1376404145,5,20
1376404586,2,23
1376404650,3,22
1376404781,3,22
1376404788,4,21
1376405392,4,21
1376405995,4,21
1376406599,4,21
1376406988,5,20
1376407133,4,21
1376407603,5,20
1376407921,6,19
1376408068,4,20
1376408141,4,20
1376408152,6,18
1376408345,7,17
1376408433,8,16
1376408616,9,15
1376408649,10,14
1376408935,9,15
1376409104,11,13
1376409191,12,12
1376409795,12,12
1376409958,13,11
1376410162,15,9
1376410303,15,9
1376410422,17,7
1376410472,17,7
1376410502,18,6
1376410576,19,5
1376410780,20,4
1376410841,20,4
1376410884,21,3
1376410936,20,4
1376411135,21,3
1376411324,21,3
1376411371,23,1
1376411974,23,1
1376412584,22,2
1376412741,22,2
1376413035,23,1
1376413505,22,2
1376413879,23,1
1376414230,22,2
1376414488,23,1
1376414708,22,2
1376415204,23,1
1376415807,23,1
1376416412,23,1
1376417016,23,1
1376417142,22,2
1376417349,21,3
1376417419,21,3
1376418022,21,3
1376418325,20,4
1376418892,19,5
1376419298,19,5
1376419899,18,6
1376420494,19,5
1376421090,18,6
1376421500,19,5
1376421529,18,6
1376422133,18,6
1376422312,17,7
1376422915,17,7
1376423519,17,7
1376424122,17,7
1376424725,17,7
1376425543,17,7
1376425574,18,6
1376426203,18,6
1376426206,17,7
1376426809,17,7
1376427413,17,7
1376428016,17,7
1376428252,16,8
1376428855,16,8
1376429484,16,8
1376430088,16,8
1376430692,16,8
1376431295,16,8
1376431899,16,8
1376431974,15,9
1376432442,14,10
1376433046,14,10
1376433649,14,10
1376434253,14,10
1376434402,15,9
1376435005,15,9
1376435609,15,9
1376436212,15,9
1376436816,15,9
1376437419,15,9
1376438023,15,9
1376438627,15,9
1376439230,15,9
1376439833,15,9
1376440437,15,9
1376441041,15,9
1376441644,15,9
1376442248,15,9
1376442851,15,9
1376443455,15,9
1376444058,15,9
1376444662,15,9
1376444970,15,9
1376445573,15,9
1376446177,15,9
1376446780,15,9
1376447384,15,9
1376447987,15,9
1376448591,15,9
1376449194,15,9
1376449798,15,9
1376450401,15,9
1376451005,15,9
1376451608,15,9
1376452212,15,9
1376452815,15,9
1376453419,15,9
1376454023,15,9
1376454626,15,9
1376455230,15,9
1376455833,15,9
1376456105,14,10
1376456709,14,10
1376457312,14,10
1376457916,14,10
1376458244,13,11
1376458848,13,11
1376458939,12,12
1376459251,13,11
1376459855,13,11
1376460458,13,11
1376460570,12,13
1376460772,11,14
1376461043,12,13
1376461319,11,14
1376461656,11,14
1376461762,10,15
1376461833,9,16
1376461993,8,17
1376462313,7,18
1376462439,6,19
1376462675,7,18
1376463072,6,19
1376463363,5,20
1376463513,5,20
1376463635,3,22
1376463767,2,23
1376464065,2,23
1376464067,3,22
1376464289,2,23
1376464422,1,24
1376464926,0,25
1376465062,1,24
1376465665,1,24
1376465723,2,23
1376465773,3,22
1376466108,2,23
1376466436,1,24
1376466572,1,24
1376466626,0,25
1376467230,0,25
1376467834,0,25
1376468437,0,25
1376469041,0,25
1376469644,0,25
1376470248,0,25
1376470851,0,25
1376471020,1,24
1376471120,2,23
1376471724,2,23
1376472327,2,23
1376472361,1,24
1376472965,1,24
1376473569,1,24
1376473875,2,23
1376474167,1,24
1376474298,2,23
1376474444,2,23
1376474774,1,24
1376474981,1,24
1376474989,0,25
1376475592,0,25
1376476196,0,25
1376476569,1,24
1376477046,2,23
1376477136,3,22
1376477595,2,23
1376477834,3,22
1376478438,3,22
1376479041,3,22
1376479217,3,22
1376479262,4,21
1376479416,5,20
1376479521,6,19
1376479743,7,18
1376479823,8,17
1376480113,7,18
1376480717,7,18
1376480921,6,19
1376481111,5,20
1376481452,4,21
1376482056,4,21
1376482099,3,22
1376482702,3,22
1376483306,3,22
1376483384,3,22
1376483386,2,23
1376483990,2,23
1376484593,2,23
1376485197,2,23
1376485800,2,23
1376486404,2,23
1376486493,3,22
1376487097,3,22
1376487700,3,22
1376488304,3,22
1376488562,2,23
1376488783,2,23
1376488785,3,22
1376489169,4,21
1376489773,4,21
1376490377,4,21
1376490740,5,20
1376491260,4,21
1376491532,5,20
1376491903,7,18
1376492482,8,17
1376492944,9,16
1376493023,11,14
1376493344,11,14
1376493370,13,12
1376493786,13,12
1376493974,14,11
1376494106,16,9
1376494709,16,9
1376494925,17,8
1376495139,17,8
1376495204,17,8
1376495244,17,8
1376495274,18,7
1376495384,19,6
1376495408,21,4
1376495457,22,3
1376496061,22,3
1376496193,21,4
1376496256,22,3
1376496447,23,2
1376496728,24,1
1376496822,23,2
1376497426,23,2
1376497522,23,2
1376497903,24,1
1376498144,24,1
1376498748,24,1
1376499351,24,1
1376499955,24,1
1376500009,23,2
1376500612,23,2
1376500783,22,3
1376501014,24,1
1376501617,24,1
1376502221,24,1
1376502824,24,1
1376503428,24,1
1376503921,24,1
1376504524,24,1
1376505127,24,1
1376505731,24,1
1376505925,23,2
1376506058,24,1
1376506662,24,1
1376506872,23,2
1376507008,24,1
1376507611,24,1
1376508215,24,1
1376508818,24,1
1376509422,24,1
1376510025,24,1
1376510629,24,1
1376511233,24,1
1376511333,23,2
1376511936,23,2
1376512106,22,3
1376512710,22,3
1376513025,22,3
1376513027,21,4
1376513630,21,4
1376514234,21,4
1376514837,21,4
1376515414,20,5
1376516018,20,5
1376516621,20,5
1376516813,19,6
1376517284,18,7
1376517887,18,7
1376518491,18,7
1376519094,18,7
1376519698,18,7
1376519864,18,7
1376519891,16,9
1376520495,16,9
1376521098,16,9
1376521702,16,9
1376522305,16,9
1376522909,16,9
1376523512,16,9
1376524116,16,9
1376524720,16,9
1376525323,16,9
1376525926,16,9
1376526530,16,9
1376527133,16,9
1376527737,16,9
1376527844,14,11
1376527846,13,12
1376528450,13,12
1376529053,13,12
1376529657,13,12
1376530260,13,12
1376530457,13,12
1376530528,13,12
1376530588,13,12
1376530645,14,11
1376531372,14,11
1376531456,14,11
1376532059,14,11
1376532663,14,11
1376533266,14,11
1376533869,14,11
1376534473,14,11
1376535076,14,11
1376535680,14,11
1376535839,13,12
1376536442,13,12
1376536822,14,11
1376537426,14,11
1376538030,14,11
1376538633,14,11
1376539237,14,11
1376539840,14,11
1376540444,14,11
1376541047,14,11
1376541651,14,11
1376542254,14,11
1376542858,14,11
1376543461,14,11
1376544065,14,11
1376544668,14,11
1376545272,14,11
1376545875,14,11
1376546479,14,11
1376547083,14,11
1376547686,14,11
1376548290,14,11
1376548894,14,11
1376549497,14,11
1376550101,14,11
1376550704,14,11
1376551308,14,11
1376551911,14,11
1376552515,14,11
1376553119,14,11
1376553722,14,11
1376554022,15,10
1376554626,15,10
1376555181,14,11
1376555784,14,11
1376556388,14,11
1376556991,14,11
1376557595,14,11
1376558198,14,11
1376558802,14,11
1376559456,14,11
1376559477,15,10
1376560080,15,10
1376560684,15,10
1376560733,16,9
1376560870,15,10
1376561473,15,10
1376561668,14,11
1376562271,14,11
1376562542,15,10
1376563146,15,10
1376563749,15,10
1376564180,14,11
1376564303,12,13
1376564360,12,13
1376564422,13,12
1376564517,14,11
1376565120,14,11
1376565724,14,11
1376566327,14,11
1376566931,14,11
1376567534,14,11
1376568138,14,11
1376568741,14,11
1376569345,14,11
1376569863,13,12
1376569931,14,11
1376569977,15,10
1376570581,15,10
1376570845,16,9
1376571277,17,8
1376571881,17,8
1376572484,17,8
1376573088,17,8
1376573691,17,8
1376574101,17,8
1376574104,18,7
1376574707,18,7
1376575287,17,8
1376575890,17,8
1376576481,17,8
1376576597,17,8
1376577201,17,8
1376577347,16,9
1376577421,16,9
1376577482,17,8
1376578085,17,8
1376578689,17,8
1376579292,17,8
1376579736,16,9
1376580339,16,9
1376580821,14,11
1376580850,14,11
1376581336,15,10
1376581940,15,10
1376582543,15,10
1376583147,15,10
1376583547,16,9
1376583779,15,10
1376583974,14,11
1376584434,15,10
1376585038,15,10
1376585263,12,13
1376585289,12,13
1376585892,12,13
1376586495,12,13
1376586583,12,13
1376586592,13,12
1376587196,13,12
1376587799,13,12
1376588042,14,11
1376588425,13,12
1376588576,14,11
1376589179,14,11
1376589800,13,12
1376589858,13,12
1376589931,13,12
1376589954,14,11
1376590558,14,11
1376591161,14,11
1376591765,14,11
1376592369,14,11
1376592629,13,12
1376593233,13,12
1376593836,13,12
1376594440,13,12
1376594664,14,11
1376595042,14,11
1376595044,13,12
1376595648,13,12
1376596251,13,12
1376596854,13,12
1376597458,13,12
1376598062,13,12
1376598665,13,12
1376599269,13,12
1376599872,13,12
1376600476,13,12
1376601080,13,12
1376601683,13,12
1376602287,13,12
1376602683,12,13
1376603286,12,13
1376603890,12,13
1376604493,12,13
1376605097,12,13
1376605700,12,13
1376606304,12,13
1376606907,12,13
1376607511,12,13
1376608114,12,13
1376608718,12,13
1376609322,12,13
1376609925,12,13
1376610266,11,14
1376610869,11,14
1376611473,11,14
1376612077,11,14
1376612680,11,14
1376613284,11,14
1376613887,11,14
1376614491,11,14
1376615094,11,14
1376615698,11,14
1376616301,11,14
1376616905,11,14
1376617508,11,14
1376617772,11,14
1376618375,11,14
1376618617,12,13
1376619221,12,13
1376619825,12,13
1376620428,12,13
1376621032,12,13
1376621635,12,13
1376622239,12,13
1376622842,12,13
1376623446,12,13
1376624049,12,13
1376624653,12,13
1376625256,12,13
1376625860,12,13
1376626463,12,13
1376627067,12,13
1376627670,12,13
1376628274,12,13
1376628878,12,13
1376629481,12,13
1376630084,12,13
1376630688,12,13
1376631291,12,13
1376631396,11,14
1376631999,11,14
1376632603,11,14
1376633206,11,14
1376633291,10,15
1376633364,8,17
1376633921,7,18
1376634525,7,18
1376634961,6,19
1376635328,5,20
1376635417,5,20
1376635444,5,20
1376635525,5,20
1376635588,6,19
1376635682,5,20
1376635817,4,21
1376635941,3,22
1376636320,2,23
1376636339,2,23
1376636943,2,23
1376637546,2,23
1376637750,3,22
1376637786,4,21
1376637856,3,22
1376638012,2,23
1376638616,2,23
1376638761,2,23
1376639011,1,24
1376639614,1,24
1376640218,1,24
1376640821,1,24
1376641425,1,24
1376641686,2,23
1376641959,1,24
1376642563,1,24
1376643167,1,24
1376643703,1,24
1376643709,0,25
1376644313,0,25
1376644917,0,25
1376645241,0,25
1376645269,1,24
1376645872,1,24
1376645935,2,23
1376646539,2,23
1376647142,2,23
1376647507,3,22
1376647871,4,21
1376647927,5,20
1376648455,4,21
1376649059,4,21
1376649321,5,20
1376649924,5,20
1376650528,5,20
1376651007,6,19
1376651360,5,20
1376651963,5,20
1376652567,5,20
1376652592,4,21
1376652902,5,20
1376653063,4,21
1376653666,4,21
1376653996,5,20
1376654599,5,20
1376655202,5,20
1376655806,5,20
1376655872,4,21
1376656036,3,22
1376656321,2,23
1376656925,2,23
1376657529,2,23
1376658132,2,23
1376658457,3,22
1376659061,3,22
1376659646,4,21
1376659875,3,22
1376659951,3,22
1376659986,4,21
1376660589,4,21
1376661193,4,21
1376661797,4,21
1376661981,5,20
1376662253,6,19
1376662857,6,19
1376663460,6,19
1376664105,6,19
1376664135,6,19
1376664224,6,19
1376664281,6,19
1376664312,7,18
1376664544,6,19
1376665147,6,19
1376665750,6,19
1376666042,7,18
1376666258,8,17
1376666564,8,17
1376666762,8,17
1376667366,8,17
1376667448,9,16
1376668052,9,16
1376668655,9,16
1376668706,10,15
1376669277,11,14
1376669360,12,13
1376669964,12,13
1376670569,12,13
1376670899,13,12
1376671503,13,12
1376671750,14,11
1376671840,15,10
1376672444,15,10
1376673047,15,10
1376673651,15,10
1376674225,14,11
1376674724,14,11
1376674771,15,10
1376674799,16,9
1376674896,15,10
1376675499,15,10
1376675655,14,11
1376676271,15,10
1376676597,15,10
1376676690,15,10
1376676807,16,9
1376676864,16,9
1376676903,16,9
1376676975,16,9
1376677055,17,8
1376677289,16,9
1376677354,15,10
1376677957,15,10
1376678461,16,9
1376678528,15,10
1376679131,15,10
1376679735,15,10
1376680238,16,9
1376680841,16,9
1376681445,16,9
1376682048,16,9
1376682289,15,10
1376682753,16,9
1376682887,15,10
1376683059,16,9
1376683663,16,9
1376684266,16,9
1376684870,16,9
1376685000,15,10
1376685604,15,10
1376686207,15,10
1376686466,16,9
1376686602,17,8
1376687205,17,8
1376687678,18,7
1376688282,18,7
1376688886,18,7
1376689489,18,7
1376689646,18,7
1376690249,18,7
1376690853,18,7
1376691456,18,7
1376692049,19,6
1376692653,19,6
1376693256,19,6
1376693803,19,6
1376693830,20,5
1376694434,20,5
1376695038,20,5
1376695515,19,6
1376696119,19,6
1376696722,19,6
1376697326,19,6
1376697929,19,6
1376698533,19,6
1376699136,19,6
1376699740,19,6
1376700343,19,6
1376700947,19,6
1376701550,19,6
1376702154,19,6
1376702757,19,6
1376703361,19,6
1376704167,19,6
1376704243,19,6
1376704251,19,6
1376704855,19,6
1376705458,19,6
1376706062,19,6
1376706665,19,6
1376707269,19,6
1376707872,19,6
1376708476,19,6
1376709079,19,6
1376709683,19,6
1376710287,19,6
1376710890,19,6
1376711494,19,6
1376712097,19,6
1376712701,19,6
1376713304,19,6
1376713908,19,6
1376714511,19,6
1376715115,19,6
1376715718,19,6
1376716322,19,6
1376716925,19,6
1376717529,19,6
1376718132,19,6
1376718736,19,6
1376719339,19,6
1376719943,19,6
1376720546,19,6
1376721150,19,6
1376721753,19,6
1376722357,19,6
1376722961,19,6
1376723564,19,6
1376724164,19,6
1376724191,20,5
1376724794,20,5
1376725398,20,5
1376726001,20,5
1376726054,21,4
1376726658,21,4
1376726726,20,5
1376727330,20,5
1376727933,20,5
1376728537,20,5
1376729140,20,5
1376729324,20,5
1376729326,21,4
1376729474,20,5
1376729921,21,4
1376730525,21,4
1376731129,21,4
1376731285,20,5
1376731889,20,5
1376732024,19,6
1376732290,20,5
1376732564,20,5
1376732566,19,6
1376732967,18,7
1376733571,18,7
1376734174,18,7
1376734778,18,7
1376735276,17,8
1376735549,17,8
1376735581,18,7
1376736185,18,7
1376736788,18,7
1376736908,19,6
1376737512,19,6
1376738116,19,6
1376738719,19,6
1376739323,19,6
1376739679,20,5
1376740148,19,6
1376740752,19,6
1376741355,19,6
1376741958,19,6
1376742426,18,7
1376743030,18,7
1376743633,18,7
1376744237,18,7
1376744494,18,7
1376744527,19,6
1376745130,19,6
1376745369,20,5
1376745972,20,5
1376746594,16,9
1376746772,17,8
1376747376,17,8
1376747979,17,8
1376748583,17,8
1376748614,18,7
1376749218,18,7
1376749737,19,6
1376749826,18,7
1376749860,19,6
1376750360,18,7
1376750706,17,8
1376751231,16,9
1376751884,16,9
1376751893,17,8
1376752102,18,7
1376752706,18,7
1376752840,19,6
1376753228,20,5
1376753832,20,5
1376753973,22,3
1376754043,22,3
1376754061,24,1
1376754665,24,1
1376755005,25,0
1376755609,25,0
1376756212,25,0
1376756816,25,0
1376757419,25,0
1376758023,25,0
1376758229,23,2
1376758833,23,2
1376759114,24,1
1376759359,25,0
1376759963,25,0
1376760402,24,1
1376760690,23,2
1376760730,22,3
1376761334,22,3
1376761508,22,3
1376761554,23,2
1376762157,23,2
1376762385,23,2
1376762440,22,3
1376762493,22,3
1376762545,22,3
1376762592,22,3
1376762672,23,2
1376762703,24,1
1376762785,25,0
1376763388,25,0
1376763741,24,1
1376764306,23,2
1376764647,24,1
1376765011,23,2
1376765614,23,2
1376766218,23,2
1376766821,23,2
1376767425,23,2
1376767767,22,3
1376768370,22,3
1376768472,22,3
1376768596,22,3
1376768672,22,3
1376768802,22,3
1376768838,23,2
1376769442,23,2
1376770046,23,2
1376770355,23,2
1376770375,24,1
1376770979,24,1
1376771583,24,1
1376772187,24,1
1376772790,24,1
1376773394,24,1
1376773870,23,2
1376774072,22,3
1376774675,22,3
1376775279,22,3
1376775882,22,3
1376776486,22,3
1376777089,22,3
1376777693,22,3
1376778296,22,3
1376778807,21,4
1376779126,20,5
1376779729,20,5
1376779816,18,7
1376780419,18,7
1376781023,18,7
1376781626,18,7
1376782230,18,7
1376782833,18,7
1376783437,18,7
1376783862,16,9
1376784465,16,9
1376785069,16,9
1376785672,16,9
1376785747,15,10
1376786351,15,10
1376786954,15,10
1376787558,15,10
1376788161,15,10
1376788765,15,10
1376789144,15,10
1376789152,16,9
1376789755,16,9
1376790359,16,9
1376790575,16,9
1376791178,16,9
1376791782,16,9
1376792386,16,9
1376792989,16,9
1376793593,16,9
1376794196,16,9
1376794800,16,9
1376795403,16,9
1376796007,16,9
1376796538,15,10
1376797141,15,10
1376797745,15,10
1376798348,15,10
1376798952,15,10
1376799555,15,10
1376800159,15,10
1376800762,15,10
1376801366,15,10
1376801969,15,10
1376802573,15,10
1376803176,15,10
1376803780,15,10
1376804383,15,10
1376804987,15,10
1376805590,15,10
1376806194,15,10
1376806554,14,11
1376807039,15,10
1376807643,15,10
1376808246,15,10
1376808850,15,10
1376809345,15,10
1376809376,15,10
1376809979,15,10
1376810583,15,10
1376810980,16,9
1376811584,16,9
1376812187,16,9
1376812830,17,8
1376813434,17,8
1376814037,17,8
1376814641,17,8
1376815244,17,8
1376815848,17,8
1376816451,17,8
1376817055,17,8
1376817659,17,8
1376818262,17,8
1376818331,16,9
1376818935,16,9
1376819538,16,9
1376820142,16,9
1376820745,16,9
1376821349,16,9
1376821952,16,9
1376822556,16,9
1376823159,16,9
1376823763,16,9
1376823846,17,8
1376824337,16,9
1376824940,16,9
1376825544,16,9
1376826147,16,9
1376826751,16,9
1376827354,16,9
1376827857,17,8
1376828136,16,9
1376828223,16,9
1376828292,17,8
1376828895,17,8
1376829498,17,8
1376830102,17,8
1376830705,17,8
1376831309,17,8
1376831912,17,8
1376832023,18,7
1376832627,18,7
