1376208357,4,15
1376208879,4,15
1376208926,5,14
1376208995,6,13
1376209019,7,12
1376209225,7,12
1376209253,8,11
1376209440,9,10
1376210044,9,10
1376210647,9,10
1376210837,10,9
1376210965,11,8
1376211195,12,7
1376211265,10,9
1376211694,12,7
1376212001,12,7
1376212063,12,7
1376212118,12,7
1376212149,12,7
1376212229,12,7
1376212314,12,7
1376212379,13,6
1376212461,13,6
1376212493,14,5
1376213096,14,5
1376213602,15,4
1376214192,16,3
1376214795,16,3
1376215327,17,2
1376215931,17,2
1376216077,17,2
1376216113,18,1
1376216276,18,1
1376216358,18,1
1376216962,18,1
1376217096,19,0
1376217700,19,0
1376218176,18,1
1376218335,19,0
1376218613,18,1
1376219174,16,3
1376219260,16,3
1376219268,17,2
1376219872,17,2
1376219955,19,0
1376220558,19,0
1376221162,19,0
1376221766,19,0
1376222369,19,0
1376222973,19,0
1376223577,19,0
1376224181,19,0
1376224785,19,0
1376225373,18,1
1376225977,18,1
1376226402,17,2
1376226943,17,2
1376226952,17,2
1376227555,17,2
1376228099,16,3
1376228501,15,4
1376228608,15,4
1376228982,16,3
1376229041,15,4
1376229644,15,4
1376230248,15,4
1376230602,16,3
1376230613,17,2
1376231010,16,3
1376231198,15,4
1376231443,14,5
1376231456,14,5
1376232060,14,5
1376232480,13,6
1376233083,13,6
1376233687,13,6
1376234290,13,6
1376234922,13,6
1376234978,12,7
1376234988,13,6
1376235592,13,6
1376236195,13,6
1376236843,12,7
1376236849,10,9
1376237022,10,8
1376237024,11,8
1376237095,12,7
1376237443,14,5
1376237445,15,4
1376237664,13,6
1376237737,13,6
1376237797,13,6
1376237845,14,5
1376237975,15,4
1376238173,16,3
1376238313,17,2
1376238600,16,3
1376238740,17,2
1376239343,17,2
1376239449,18,1
1376239537,17,2
1376240011,16,3
1376240226,15,4
1376240315,13,6
1376240919,13,6
1376240956,14,5
1376241560,14,5
1376242062,15,4
1376242071,16,3
1376242236,15,4
1376242446,14,5
1376242543,15,4
1376242782,16,3
1376243442,17,2
1376243444,18,1
1376244048,18,1
1376244651,18,1
1376245255,18,1
1376245327,19,0
1376245495,17,2
1376246099,17,2
1376246703,17,2
1376246918,17,2
1376247521,17,2
1376248043,17,2
1376248118,17,2
1376248153,18,1
1376248285,19,0
1376248888,19,0
1376248924,18,1
1376249073,18,1
1376249141,17,2
1376249183,19,0
1376249605,18,1
1376249664,17,2
1376250278,18,1
1376250342,18,1
1376250345,19,0
1376250948,19,0
1376251552,19,0
1376252156,19,0
1376252759,19,0
1376253363,19,0
1376253754,17,2
1376253968,16,3
1376254158,17,2
1376254241,17,2
1376254261,18,1
1376254865,18,1
1376255475,17,2
1376256078,17,2
1376256682,17,2
1376257277,16,3
1376257880,16,3
1376258462,15,4
1376259066,15,4
1376259669,15,4
1376260272,15,4
1376260472,15,4
1376261008,13,6
1376261467,12,7
1376262070,12,7
1376262674,12,7
1376263277,12,7
1376263881,12,7
1376264484,12,7
1376265088,12,7
1376265691,12,7
1376266295,12,7
1376266899,12,7
1376267502,12,7
1376268106,12,7
1376268709,12,7
1376269313,12,7
1376269916,12,7
1376270520,12,7
1376271123,12,7
1376271752,12,7
1376271795,12,7
1376272398,12,7
1376273002,12,7
1376273086,12,7
1376273690,12,7
1376274293,12,7
1376274897,12,7
1376275501,12,7
1376276104,12,7
1376276708,12,7
1376277311,12,7
1376277915,12,7
1376278518,12,7
1376279122,12,7
1376279725,12,7
1376280251,13,6
1376280854,13,6
1376281458,13,6
1376282061,13,6
1376282665,13,6
1376283269,13,6
1376283595,12,7
1376283702,13,6
1376283762,14,5
1376284155,14,5
1376284196,15,4
1376284799,15,4
1376285402,15,4
1376285814,16,3
1376286418,16,3
1376286683,17,2
1376286822,17,2
1376286840,17,2
1376286938,18,1
1376286960,17,2
1376287337,16,3
1376287888,17,2
1376288458,18,1
1376288618,18,1
1376288683,18,1
1376288774,17,2
1376288970,18,1
1376289203,17,2
1376289272,18,1
1376289875,18,1
1376289910,19,0
1376290284,19,0
1376290331,19,0
1376290934,19,0
1376291538,19,0
1376292141,19,0
1376292754,18,1
1376293038,17,2
1376293118,17,2
1376293241,18,1
1376293590,18,1
1376293620,19,0
1376293804,18,1
1376294350,17,2
1376294438,17,2
1376294447,18,1
1376295050,18,1
1376295654,18,1
1376295776,17,2
1376296239,17,2
1376296248,18,1
1376296851,18,1
1376297455,18,1
1376298059,18,1
1376298663,18,1
1376299268,18,1
1376299636,17,2
1376300239,17,2
1376300842,17,2
1376301446,17,2
1376301507,18,1
1376301539,19,0
1376302142,19,0
1376302242,19,0
1376302245,18,1
1376302663,17,2
1376303268,17,2
1376303365,16,3
1376303968,16,3
1376303996,17,2
1376304633,16,3
1376304815,17,2
1376305142,16,3
1376305421,15,4
1376305443,17,2
1376305737,16,3
1376306120,15,4
1376306727,15,4
1376307330,15,4
1376307934,15,4
1376308122,15,4
1376308125,14,5
1376308241,14,5
1376308249,15,4
1376308853,15,4
1376309497,15,4
1376309563,17,2
1376309882,16,3
1376310486,16,3
1376311090,16,3
1376311412,16,3
1376311462,17,2
1376311500,19,0
1376312104,19,0
1376312347,18,1
1376312410,17,2
1376313020,17,2
1376313624,17,2
1376313875,18,1
1376314478,18,1
1376314998,18,1
1376315601,18,1
1376315731,18,1
1376316335,18,1
1376316354,18,1
1376316693,17,2
1376317297,17,2
1376317901,17,2
1376318167,18,1
1376318852,19,0
1376319100,18,1
1376319175,18,1
1376319228,19,0
1376319831,19,0
1376320157,18,1
1376320760,18,1
1376321138,14,5
1376321622,15,4
1376322225,15,4
1376322402,15,4
1376322466,15,4
1376322642,15,4
1376322644,14,5
1376323248,14,5
1376323318,13,6
1376323391,12,7
1376323711,13,6
1376323788,12,7
1376323999,10,9
1376324421,11,8
1376325024,11,8
1376325207,10,9
1376325281,10,9
1376325291,11,8
1376325402,11,8
1376325461,13,6
1376325470,14,5
1376325732,15,4
1376325802,14,5
1376325959,15,4
1376326418,16,3
1376326467,17,2
1376326543,16,3
1376326636,17,2
1376326983,16,3
1376327039,17,2
1376327113,16,3
1376327404,18,1
1376328008,18,1
1376328085,17,2
1376328372,18,1
1376328450,16,3
1376328587,18,1
1376329191,18,1
1376329558,17,2
1376329639,15,4
1376329771,12,7
1376329961,13,6
1376329991,13,6
1376330079,11,8
1376330493,12,7
1376330541,11,8
1376330724,12,7
1376331289,11,8
1376331514,11,8
1376331555,12,7
1376331607,12,7
1376331729,13,6
1376331788,12,7
1376332121,10,9
1376332208,10,9
1376332796,9,10
1376332953,9,10
1376332964,10,9
1376333127,9,10
1376333497,9,10
1376333508,10,9
1376334112,10,9
1376334388,9,10
1376334463,9,9
1376334499,9,10
1376334748,8,11
1376335352,8,11
1376335955,8,11
1376336559,8,11
1376337153,10,9
1376337325,10,9
1376337929,10,9
1376338292,9,10
1376338656,10,9
1376338924,11,8
1376339527,11,8
1376339601,10,9
1376339800,10,8
1376339810,11,8
1376340133,12,7
1376340268,11,8
1376340491,10,9
1376340686,9,10
1376340796,7,12
1376341210,6,13
1376341378,7,12
1376341982,7,12
1376342192,6,13
1376342796,6,13
1376343328,5,14
1376343931,5,14
1376343945,6,13
1376344356,5,14
1376344959,5,14
1376345563,5,14
1376346166,5,14
1376346244,4,15
1376346695,5,14
1376347299,5,14
1376347441,4,15
1376348044,4,15
1376348422,3,16
1376348788,2,17
1376348836,2,17
1376348913,2,17
1376348950,3,16
1376349553,3,16
1376350156,3,16
1376350760,3,16
1376351364,3,16
1376351682,3,16
1376351684,2,17
1376352288,2,17
1376352892,2,17
1376353495,2,17
1376354099,2,17
1376354702,2,17
1376354799,1,18
1376355403,1,18
1376356006,1,18
1376356610,1,18
1376357110,2,17
1376357629,2,17
1376358158,2,17
1376358202,2,17
1376358402,2,17
1376359006,2,17
1376359609,2,17
1376360241,1,18
1376360844,1,18
1376361447,1,18
1376362051,1,18
1376362655,1,18
1376363258,1,18
1376363862,1,18
1376364465,1,18
1376365068,1,18
1376365672,1,18
1376366275,1,18
1376366716,2,17
1376367319,2,17
1376367923,2,17
1376368526,2,17
1376369130,2,17
1376369733,2,17
1376370337,2,17
1376370941,2,17
1376371544,2,17
1376372148,2,17
1376372751,2,17
1376372981,2,17
1376373000,3,16
1376373280,4,15
1376373306,5,14
1376373562,4,15
1376374165,4,15
1376374456,5,14
1376374516,6,13
1376374602,6,13
1376374617,7,12
1376375082,7,12
1376375095,8,11
1376375171,8,11
1376375215,7,12
1376375559,7,12
1376375682,7,12
1376375685,6,13
1376375786,5,14
1376376060,4,15
1376376572,5,14
1376376642,7,12
1376376700,9,10
1376376735,10,9
1376376940,10,9
1376376950,11,8
1376377237,12,7
1376377335,13,6
1376377902,15,4
1376377948,16,3
1376378188,16,3
1376378769,17,2
1376378969,17,2
1376379128,18,1
1376379306,18,1
1376379556,19,0
1376379706,18,1
1376380059,19,0
1376380348,18,1
1376380404,19,0
1376381007,19,0
1376381611,19,0
1376382214,19,0
1376382818,19,0
1376383421,19,0
1376384025,19,0
1376384634,18,1
1376384909,19,0
1376385513,19,0
1376385893,18,1
1376386496,18,1
1376387100,18,1
1376387342,17,2
1376387490,17,2
1376387508,17,2
1376387623,17,2
1376387721,18,1
1376388325,18,1
1376388425,17,2
1376388959,15,4
1376389274,14,5
1376389878,14,5
1376389948,15,4
1376390551,15,4
1376391155,15,4
1376391279,17,2
1376391337,17,2
1376391345,18,1
1376391922,17,2
1376391985,16,3
1376392267,16,3
1376392855,15,4
1376393458,15,4
1376394062,15,4
1376394665,15,4
1376395194,14,5
1376395580,13,6
1376396184,13,6
1376396788,13,6
1376397342,13,6
1376397353,14,5
1376397957,14,5
1376398122,14,5
1376398124,15,4
1376398728,15,4
1376398805,14,5
1376399309,15,4
1376399913,15,4
1376400517,15,4
1376400545,13,6
1376400694,14,5
1376401295,13,6
1376401417,14,5
1376402021,14,5
1376402246,14,5
1376402322,15,3
1376402338,15,3
1376402420,16,2
1376402980,17,1
1376402995,19,0
1376403181,18,1
1376403784,18,1
1376404154,17,2
1376404264,16,3
1376404868,16,3
1376405159,17,2
1376405610,18,1
1376405885,19,0
1376406504,18,1
1376406919,17,2
1376407346,18,1
1376407472,17,2
1376407505,16,3
1376408109,16,3
1376408158,15,4
1376408338,14,5
1376408698,15,4
1376408787,15,4
1376408822,16,3
1376408902,16,3
1376408934,17,2
1376409508,16,3
1376409579,15,4
1376409611,16,3
1376409881,16,3
1376409883,17,2
1376410033,18,1
1376410530,18,1
1376410559,19,0
1376411077,18,1
1376411088,19,0
1376411299,18,1
1376411387,17,2
1376411691,16,3
1376411862,16,3
1376411871,17,2
1376411932,15,4
1376412343,16,3
1376412352,17,2
1376412934,16,3
1376413062,16,3
1376413065,17,2
1376413179,17,2
1376413188,18,1
1376413284,19,0
1376413434,18,1
1376413597,19,0
1376414201,19,0
1376414676,18,1
1376414921,17,2
1376415525,17,2
1376415702,18,1
1376415705,19,0
1376416308,19,0
1376416722,18,1
1376416862,17,2
1376417407,18,1
1376417516,17,2
1376417670,16,3
1376418273,16,3
1376418500,15,4
1376418924,16,3
1376419528,16,3
1376419898,15,4
1376420271,14,5
1376420381,14,5
1376420391,15,4
1376420465,16,3
1376420824,15,4
1376421428,15,4
1376421699,14,5
1376422016,15,4
1376422627,14,5
1376422720,14,5
1376422877,12,7
1376423481,12,7
1376424085,12,7
1376424314,13,6
1376424367,14,5
1376424970,14,5
1376425285,15,4
1376425839,13,6
1376426443,13,6
1376426704,12,7
1376427308,12,7
1376427927,11,8
1376428530,11,8
1376429134,9,10
1376429646,8,11
1376429981,7,12
1376430584,7,12
1376431063,6,13
1376431618,5,14
1376432222,5,14
1376432408,4,15
1376432539,4,15
1376432614,3,16
1376432670,4,15
1376432783,4,15
1376432821,5,14
1376432922,5,14
1376432972,6,13
1376433575,6,13
1376433987,7,12
1376434590,7,12
1376435194,7,12
1376435797,7,12
1376436401,7,12
1376437004,7,12
1376437608,7,12
1376438211,7,12
1376438815,7,12
1376439419,7,12
1376440022,7,12
1376440626,7,12
1376441229,7,12
1376441833,7,12
1376442437,7,12
1376443040,7,12
1376443644,7,12
1376444248,7,12
1376444563,7,12
1376445166,7,12
1376445763,7,12
1376445776,8,11
1376446380,8,11
1376446983,8,11
1376447588,8,11
1376448192,8,11
1376448796,8,11
1376449400,8,11
1376450003,8,11
1376450607,8,11
1376451210,8,11
1376451814,8,11
1376452417,8,11
1376453021,8,11
1376453079,9,10
1376453683,9,10
1376454286,9,10
1376454890,9,10
1376455493,9,10
1376456097,9,10
1376456702,9,10
1376457307,9,10
1376457910,9,10
1376458476,9,10
1376458510,10,9
1376459113,10,9
1376459291,11,8
1376459600,10,9
1376459836,9,10
1376460394,10,9
1376460796,9,10
1376461108,10,9
1376461711,10,9
1376461752,9,10
1376462355,9,10
1376462419,10,9
1376463009,11,8
1376463220,12,7
1376463261,13,6
1376463311,14,5
1376463439,15,4
1376463489,16,3
1376463556,16,3
1376463687,17,2
1376463749,18,1
1376463873,19,0
1376464477,19,0
1376465081,19,0
1376465684,19,0
1376466288,19,0
1376466891,19,0
1376467202,18,1
1376467707,19,0
1376468310,19,0
1376468652,18,1
1376468928,17,2
1376469194,18,1
1376469253,18,1
1376469380,19,0
1376469983,19,0
1376470587,19,0
1376470902,18,1
1376470956,19,0
1376471560,19,0
1376472163,19,0
1376472768,19,0
1376473253,18,1
1376473843,18,1
1376473845,19,0
1376474449,19,0
1376475053,19,0
1376475656,19,0
1376476260,19,0
1376476863,19,0
1376477468,19,0
1376477923,18,1
1376478378,17,2
1376478682,18,1
1376478965,17,2
1376479225,16,3
1376479645,15,4
1376479717,15,4
1376479727,16,3
1376480330,16,3
1376480934,16,3
1376481025,17,2
1376481090,18,1
1376481660,19,0
1376481773,18,1
1376482377,18,1
1376482981,18,1
1376483584,18,1
1376484188,18,1
1376484269,19,0
1376484350,18,1
1376484954,18,1
1376485591,19,0
1376485871,18,1
1376486153,17,2
1376486757,17,2
1376486858,17,2
1376486867,18,1
1376487103,18,1
1376487106,19,0
1376487408,18,1
1376487778,18,1
1376487892,18,1
1376488063,18,1
1376488080,19,0
1376488684,19,0
1376489287,19,0
1376489891,19,0
1376490494,19,0
1376491098,19,0
1376491238,18,1
1376491363,18,1
1376491366,19,0
1376491471,17,2
1376492075,17,2
1376492142,17,2
1376492182,16,3
1376492404,16,3
1376492543,17,2
1376492904,18,1
1376493326,19,0
1376493826,19,0
1376494430,19,0
1376494769,19,0
1376494786,19,0
1376495169,18,1
1376495372,17,2
1376495803,16,3
1376495843,15,4
1376495890,16,3
1376496023,17,2
1376496100,17,2
1376496108,18,1
1376496456,19,0
1376496506,19,0
1376496609,19,0
1376496733,19,0
1376496829,18,1
1376497038,17,2
1376497542,18,1
1376497645,16,3
1376498249,16,3
1376498492,16,3
1376498518,17,2
1376498615,18,1
1376498640,19,0
1376499216,16,3
1376499295,18,1
1376499434,18,1
1376499547,19,0
1376500148,18,1
1376500241,17,2
1376500312,16,3
1376500398,15,4
1376500478,16,3
1376500588,15,4
1376500898,15,4
1376500907,16,3
1376501510,16,3
1376501580,15,4
1376501776,14,5
1376501859,15,4
1376501873,16,3
1376502477,16,3
1376502627,15,4
1376503062,15,4
1376503089,15,4
1376503169,14,5
1376503692,15,4
1376503742,14,5
1376503802,12,7
1376503901,13,6
1376504533,11,8
1376504717,12,7
1376504762,11,8
1376504830,11,8
1376504922,12,7
1376505000,11,8
1376505237,10,9
1376505481,8,11
1376505566,8,11
1376505640,9,10
1376505698,9,10
1376505729,12,7
1376506303,13,6
1376506304,13,6
1376506908,13,6
1376507511,13,6
1376507802,13,6
1376507804,12,7
1376508013,13,6
1376508382,14,5
1376508915,14,5
1376508961,15,4
1376509424,15,4
1376509432,16,3
1376510037,16,3
1376510641,16,3
1376511244,16,3
1376511476,15,4
1376511540,14,5
1376512144,14,5
1376512450,13,6
1376512542,13,6
1376512565,14,5
1376513169,14,5
1376513392,13,6
1376513995,13,6
1376514267,12,7
1376514870,12,7
1376515233,13,6
1376515836,13,6
1376516440,13,6
1376516721,12,7
1376517325,12,7
1376517849,11,8
1376518191,10,9
1376518795,10,9
1376519296,9,10
1376519639,10,9
1376520244,10,9
1376520847,10,9
1376521191,9,10
1376521795,9,10
1376522399,9,10
1376522683,8,11
1376522688,7,12
1376523292,7,12
1376523490,6,13
1376523554,7,12
1376523920,6,13
1376524524,6,13
1376525129,6,13
1376525542,7,12
1376525912,6,13
1376525943,5,14
1376526034,5,14
1376526076,6,13
1376526679,6,13
1376527283,6,13
1376527581,5,14
1376527657,5,14
1376527719,6,13
1376528323,6,13
1376528663,7,12
1376529267,7,12
1376529870,7,12
1376530474,7,12
1376530958,7,12
1376531363,6,13
1376531407,7,12
1376532012,7,12
1376532615,7,12
1376533220,7,12
1376533824,7,12
1376534427,7,12
1376535031,7,12
1376535635,7,12
1376536240,7,12
1376536843,7,12
1376537447,7,12
1376537772,7,12
1376537811,8,11
1376537894,9,10
1376538498,9,10
1376539016,10,9
1376539176,9,10
1376539340,10,9
1376539944,10,9
1376540547,10,9
1376541151,10,9
1376541754,10,9
1376542357,10,9
1376542962,10,9
1376543566,10,9
1376544169,10,9
1376544773,10,9
1376545102,11,8
1376545705,11,8
1376546240,10,9
1376546844,10,9
1376547067,11,8
1376547278,12,7
1376547285,12,7
1376547889,12,7
1376548492,12,7
1376549096,12,7
1376549633,11,8
1376550237,11,8
1376550358,12,7
1376550843,13,6
1376551111,14,5
1376551715,14,5
1376552318,14,5
1376552922,14,5
1376553526,14,5
1376554130,14,5
1376554694,16,3
1376555298,16,3
1376555611,16,3
1376555640,17,2
1376555921,17,2
1376555928,18,1
1376556533,18,1
1376557136,18,1
1376557740,18,1
1376558343,18,1
1376558947,18,1
1376559550,18,1
1376560154,18,1
1376560588,19,0
1376561192,19,0
1376561795,19,0
1376562399,19,0
1376563002,19,0
1376563606,19,0
1376564062,18,1
1376564115,18,1
1376564719,18,1
1376564926,17,2
1376565392,16,3
1376565516,17,2
1376565789,18,1
1376566396,18,1
1376566560,19,0
1376567164,19,0
1376567768,19,0
1376568372,19,0
1376568941,18,1
1376569546,18,1
1376569800,19,0
1376570189,18,1
1376570792,18,1
1376571187,17,2
1376571234,18,1
1376571598,17,2
1376572202,17,2
1376572721,16,3
1376573325,16,3
1376573928,16,3
1376574116,16,3
1376574235,16,3
1376574288,15,4
1376574492,14,5
1376575058,15,4
1376575662,15,4
1376576266,15,4
1376576869,15,4
1376577473,15,4
1376577578,16,3
1376577750,16,3
1376577773,17,2
1376577987,18,1
1376578404,17,2
1376579008,17,2
1376579611,17,2
1376579806,16,3
1376580421,15,4
1376581025,15,4
1376581392,14,5
1376581538,13,6
1376581597,13,6
1376581605,14,5
1376582208,14,5
1376582278,13,6
1376582882,13,6
1376583485,13,6
1376583712,14,5
1376584086,15,4
1376584533,13,6
1376585126,14,5
1376585605,13,6
1376585669,13,6
1376585736,14,5
1376585801,14,5
1376585815,15,4
1376586019,15,4
1376586563,16,3
1376586612,16,3
1376587215,16,3
1376587819,16,3
1376588422,16,3
1376588480,15,4
1376589038,14,5
1376589070,14,5
1376589219,13,6
1376589789,12,7
1376589880,12,7
1376589929,12,7
1376589959,13,6
1376590203,14,5
1376590761,13,6
1376590842,13,6
1376590902,13,6
1376590910,14,5
1376590966,13,6
1376591503,12,7
1376591836,13,6
1376592219,13,6
1376592230,14,5
1376592333,13,6
1376592701,14,5
1376592704,15,4
1376593307,15,4
1376593879,14,5
1376594019,15,4
1376594360,14,5
1376594733,13,6
1376594880,12,7
1376595484,12,7
1376595783,12,7
1376596178,13,6
1376596224,14,5
1376596299,15,4
1376596363,15,3
1376596399,15,3
1376596443,16,3
1376596879,17,2
1376597371,19,0
1376597974,19,0
1376598578,19,0
1376598686,18,1
1376599290,18,1
1376599894,18,1
1376600498,18,1
1376601083,17,2
1376601687,17,2
1376602145,18,1
1376602286,19,0
1376602467,18,1
1376603071,18,1
1376603471,17,2
1376604075,17,2
1376604679,17,2
1376604820,17,2
1376605424,17,2
1376606028,17,2
1376606632,17,2
1376607236,17,2
1376607840,17,2
1376608443,17,2
1376609047,17,2
1376609650,17,2
1376610253,17,2
1376610858,17,2
1376611462,17,2
1376612066,17,2
1376612669,17,2
1376613273,17,2
1376613642,16,3
1376613691,15,4
1376613745,15,4
1376613821,16,3
1376613857,17,2
1376614461,17,2
1376615064,17,2
1376615628,16,3
1376616232,16,3
1376616835,16,3
1376617361,16,3
1376617965,16,3
1376618568,16,3
1376619172,16,3
1376619283,16,3
1376619285,15,4
1376619889,15,4
1376620492,15,4
1376621096,15,4
1376621699,15,4
1376622303,15,4
1376622906,15,4
1376623510,15,4
1376624113,15,4
1376624717,15,4
1376625321,15,4
1376625924,15,4
1376626527,15,4
1376627131,15,4
1376627734,15,4
1376628339,15,4
1376628943,15,4
1376629403,16,3
1376629443,17,2
1376630047,17,2
1376630086,16,3
1376630289,15,4
1376630892,15,4
1376631497,15,4
1376632240,15,4
1376632553,15,4
1376632707,15,4
1376632765,14,5
1376633106,13,6
1376633710,13,6
1376634314,13,6
1376634919,13,6
1376635120,13,6
1376635163,13,6
1376635232,13,6
1376635525,12,7
1376636130,12,7
1376636570,13,6
1376636855,14,5
1376637459,14,5
1376638062,14,5
1376638116,14,5
1376638127,15,4
1376638216,16,3
1376638631,15,4
1376638696,15,4
1376638782,16,3
1376639125,14,5
1376639395,15,4
1376639999,15,4
1376640604,15,4
1376641208,15,4
1376641822,16,3
1376642082,16,3
1376642084,17,2
1376642688,17,2
1376643291,17,2
1376643895,17,2
1376644499,17,2
1376645102,17,2
1376645706,17,2
1376646309,17,2
1376646913,17,2
1376647516,17,2
1376648120,17,2
1376648424,16,3
1376648503,15,4
1376649107,15,4
1376649710,15,4
1376650002,14,5
1376650022,15,4
1376650422,16,3
1376650430,17,2
1376651033,17,2
1376651394,16,3
1376651997,16,3
1376652054,15,4
1376652658,15,4
1376653232,12,7
1376653601,12,7
1376653662,14,5
1376653950,15,4
1376654554,15,4
1376655159,15,4
1376655223,15,4
1376655225,16,3
1376655396,17,2
1376655585,18,1
1376656189,18,1
1376656794,18,1
1376657060,17,2
1376657409,18,1
1376657683,18,1
1376657709,18,1
1376658313,18,1
1376658464,17,2
1376659068,17,2
1376659671,17,2
1376660113,16,3
1376660396,17,2
1376660513,17,2
1376660626,17,2
1376661213,16,3
1376661259,17,2
1376661862,17,2
1376662468,17,2
1376663078,14,5
1376663473,15,4
1376663744,15,4
1376663752,16,3
1376664357,16,3
1376664565,17,2
1376665117,15,4
1376665379,14,5
1376665702,15,4
1376666309,15,4
1376666773,14,5
1376666921,14,5
1376666933,15,4
1376667069,16,3
1376667677,17,2
1376667783,18,1
1376667880,18,1
1376667889,19,0
1376668493,19,0
1376669097,19,0
1376669415,19,0
1376669483,19,0
1376669552,18,1
1376669579,19,0
1376669710,18,1
1376670251,17,2
1376670709,16,3
1376670792,17,2
1376671396,17,2
1376671778,18,1
1376671788,19,0
1376672391,19,0
1376672995,19,0
1376673599,19,0
1376674202,19,0
1376674476,16,3
1376674587,17,2
1376674821,15,4
1376674919,14,5
1376675515,15,4
1376676019,16,3
1376676623,16,3
1376677226,16,3
1376677400,16,3
1376678004,16,3
1376678607,16,3
1376679211,16,3
1376679814,16,3
1376679968,17,2
1376680572,17,2
1376680746,18,1
1376681350,18,1
1376681683,17,2
1376681802,16,3
1376682182,15,4
1376682786,15,4
1376683389,15,4
1376683993,15,4
1376684302,16,3
1376684906,16,3
1376685510,16,3
1376686113,16,3
1376686673,17,2
1376687276,17,2
1376687880,17,2
1376688484,17,2
1376689110,16,3
1376689713,16,3
1376690317,16,3
1376690679,15,4
1376691282,15,4
1376691886,15,4
1376692490,15,4
1376693093,15,4
1376693665,14,5
1376694268,14,5
1376694328,13,6
1376694931,13,6
1376695497,12,7
1376695890,11,8
1376696493,11,8
1376697097,11,8
1376697700,11,8
1376698304,11,8
1376698907,11,8
1376699201,9,9
1376699227,9,10
1376699497,9,10
1376699528,10,9
1376700131,10,9
1376700735,10,9
1376701124,9,10
1376701727,9,10
1376702331,9,10
1376702934,9,10
1376703841,9,10
1376704289,10,9
1376704893,10,9
1376705497,10,9
1376706100,10,9
1376706705,10,9
1376707309,10,9
1376707448,12,7
1376708052,12,7
1376708656,12,7
1376709259,12,7
1376709863,12,7
1376710466,12,7
1376711070,12,7
1376711673,12,7
1376712277,12,7
1376712880,12,7
1376713484,12,7
1376713678,11,8
1376714281,11,8
1376714885,11,8
1376715402,12,7
1376716005,12,7
1376716608,12,7
1376717212,12,7
1376717815,12,7
1376718419,12,7
1376718895,11,8
1376719498,11,8
1376720130,10,9
1376720733,10,9
1376720885,11,8
1376721488,11,8
1376722092,11,8
1376722172,12,7
1376722775,12,7
1376723379,12,7
1376723982,12,7
1376724586,12,7
1376725190,12,7
1376725793,12,7
1376726397,12,7
1376726869,11,8
1376727472,11,8
1376727798,10,9
1376728401,10,9
1376729005,10,9
1376729608,10,9
1376729800,10,9
1376729811,11,8
1376730267,11,8
1376730400,11,8
1376730411,12,7
1376731064,13,6
1376731090,14,5
1376731271,15,4
1376731875,15,4
1376732011,16,3
1376732077,18,1
1376732621,19,0
1376733224,19,0
1376733695,18,1
1376733875,17,2
1376734081,16,3
1376734685,16,3
1376735288,16,3
1376735892,16,3
1376736100,16,3
1376736108,17,2
1376736712,17,2
1376737315,17,2
1376737919,17,2
1376738223,16,3
1376738358,17,2
1376738559,16,3
1376738604,15,4
1376738694,14,5
1376739298,14,5
1376739907,14,5
1376740510,14,5
1376740799,13,6
1376741427,14,5
1376742031,14,5
1376742519,14,5
1376742528,15,4
1376743131,15,4
1376743463,16,3
1376744066,16,3
1376744371,17,2
1376744536,16,3
1376744900,16,3
1376744964,16,2
1376745041,18,1
1376745088,18,1
1376745162,18,1
1376745179,18,0
1376745782,18,1
1376746385,18,1
1376746989,18,1
1376747045,18,1
1376747157,18,1
1376747500,18,1
1376747517,18,0
1376747853,17,1
1376748456,17,2
1376748631,17,2
1376748667,18,0
1376749054,16,2
1376749658,16,3
1376749815,15,4
1376750419,15,4
1376750530,14,5
1376750729,15,4
1376751329,14,5
1376751933,14,5
1376752537,14,5
1376753140,14,5
1376753744,14,5
1376754059,13,6
1376754164,14,5
1376754200,16,3
1376754255,17,2
1376754880,16,3
1376754889,15,4
1376755445,13,6
1376756049,13,6
1376756383,13,6
1376756386,14,5
1376756712,14,5
1376756776,15,4
1376756981,15,4
1376757584,15,4
1376757636,16,3
1376758240,16,3
1376758595,17,2
1376759198,17,2
1376759263,17,2
1376759265,18,1
1376759869,18,1
1376760085,17,2
1376760200,16,3
1376760241,17,2
1376760312,15,4
1376760916,15,4
1376760996,15,4
1376761028,16,2
1376761169,17,1
1376761773,17,2
1376762377,17,2
1376762468,18,1
1376762677,17,2
1376762784,16,3
1376763354,17,2
1376763958,17,2
1376764354,15,4
1376764484,18,1
1376764521,19,0
1376765103,18,1
1376765196,19,0
1376765799,19,0
1376765859,18,1
1376766462,18,1
1376767053,17,2
1376767656,17,2
1376768260,17,2
1376768664,16,3
1376768786,16,3
1376768854,17,2
1376768956,16,3
1376769560,16,3
1376770163,16,3
1376770401,14,5
1376770592,11,8
1376771189,10,9
1376771304,11,8
1376771542,11,8
1376771625,13,6
1376772228,13,6
1376772832,13,6
1376773435,13,6
1376774039,13,6
1376774126,12,7
1376774730,12,7
1376775333,12,7
1376775937,12,7
1376776540,12,7
1376776893,11,8
1376777496,11,8
1376778100,11,8
1376778341,11,8
1376778350,12,7
1376778584,11,8
1376778608,10,9
1376779212,10,9
1376779815,10,9
1376780419,10,9
1376781022,10,9
1376781631,9,10
1376782234,9,10
1376782769,8,11
1376783372,8,11
1376783496,7,12
1376784100,7,12
1376784293,6,13
1376784897,6,13
1376785500,6,13
1376786104,6,13
1376786707,6,13
1376787311,6,13
1376787758,6,13
1376787773,7,12
1376788376,7,12
1376788980,7,12
1376789583,7,12
1376790154,7,12
1376790758,7,12
1376791361,7,12
1376791841,7,12
1376791954,7,12
1376791980,8,11
1376792084,9,10
1376792106,11,8
1376792710,11,8
1376792846,11,8
1376793338,11,8
1376793372,12,7
1376793975,12,7
1376794579,12,7
1376795182,12,7
1376795565,12,7
1376795575,13,6
1376796179,13,6
1376796782,13,6
1376797386,13,6
1376797989,13,6
1376798593,13,6
1376799196,13,6
1376799800,13,6
1376800403,13,6
1376801007,13,6
1376801611,13,6
1376802214,13,6
1376802818,13,6
1376803421,13,6
1376804025,13,6
1376804628,13,6
1376805232,13,6
1376805541,12,7
1376806144,12,7
1376806718,11,8
1376807322,11,8
1376807925,11,8
1376808461,12,7
1376809065,12,7
1376809543,11,8
1376809938,12,7
1376810562,13,6
1376810741,13,6
1376810750,14,5
1376811353,14,5
1376811956,14,5
1376812560,14,5
1376812981,13,6
1376813320,12,7
1376813924,12,7
1376814527,12,7
1376815131,12,7
1376815644,12,7
1376815773,13,6
1376815893,12,7
1376815957,13,6
1376815986,12,7
1376816265,12,7
1376816296,15,4
1376816670,14,5
1376816936,13,6
1376817539,13,6
1376818143,13,6
1376818784,14,5
1376819132,15,4
1376819323,15,4
1376819342,17,2
1376819946,17,2
1376820097,17,2
1376820129,18,1
1376820501,16,3
1376821105,16,3
1376821708,16,3
1376822311,16,3
1376822915,16,3
1376823112,16,3
1376823179,16,3
1376823520,15,4
1376823528,16,3
1376824169,16,3
1376824385,16,3
1376824523,17,2
1376824577,17,2
1376824624,18,1
1376824810,19,0
1376825413,19,0
1376826017,19,0
1376826621,19,0
1376827225,19,0
1376827829,19,0
1376828433,19,0
1376829037,19,0
1376829640,19,0
1376829749,18,1
1376830169,17,2
1376830779,17,2
1376830805,19,0
1376831408,19,0
1376832013,19,0
1376832382,18,1
1376832761,18,1
1376832764,17,2
