1376208588,23,14
1376209003,23,14
1376209011,24,13
1376209406,25,12
1376210010,25,12
1376210059,25,12
1376210135,26,11
1376210202,26,11
1376210204,27,10
1376210792,28,9
1376211156,29,8
1376211457,30,7
1376211520,31,6
1376211555,32,5
1376211584,32,5
1376212188,32,5
1376212352,32,5
1376212409,33,4
1376213012,33,4
1376213302,34,3
1376213849,35,2
1376213935,36,1
1376214067,37,0
1376214676,35,2
1376214984,34,3
1376215591,33,4
1376215723,33,4
1376216218,33,4
1376216278,33,4
1376216377,35,2
1376216433,35,2
1376216445,35,2
1376216922,34,3
1376217526,34,3
1376217957,33,4
1376218561,33,4
1376218804,34,3
1376218856,33,4
1376219083,32,5
1376219104,31,6
1376219196,31,6
1376219258,28,9
1376219267,27,10
1376219871,27,10
1376220475,27,10
1376220998,25,12
1376221020,25,12
1376221093,25,12
1376221181,25,12
1376221231,27,10
1376221460,26,11
1376221575,25,12
1376221608,25,12
1376221771,26,11
1376221838,28,9
1376221848,28,9
1376221908,29,8
1376222234,28,9
1376222799,28,9
1376222808,29,8
1376223412,29,8
1376224015,29,8
1376224430,28,9
1376224890,27,10
1376225141,26,11
1376225240,26,11
1376225276,27,10
1376225574,26,11
1376226209,23,14
1376226228,22,15
1376226341,22,15
1376226349,24,13
1376226492,23,14
1376226558,22,15
1376226632,23,14
1376226695,24,13
1376226758,25,12
1376226786,25,12
1376226868,25,12
1376226909,26,11
1376227238,26,11
1376227294,28,9
1376227324,28,9
1376227927,28,9
1376228345,27,10
1376228441,27,10
1376228501,28,9
1376228520,29,8
1376228675,29,8
1376228742,29,8
1376228908,29,8
1376229145,28,9
1376229390,27,10
1376229681,28,9
1376229986,29,8
1376230152,29,8
1376230249,29,8
1376230337,29,8
1376230404,30,7
1376230455,32,5
1376231059,32,5
1376231662,32,5
1376232083,31,6
1376232314,31,6
1376232433,29,8
1376233036,29,8
1376233176,28,9
1376233242,27,10
1376233247,26,11
1376233335,24,13
1376233704,25,12
1376234307,25,12
1376234799,25,12
1376234852,26,11
1376234882,24,13
1376235019,25,12
1376235068,26,11
1376235194,24,13
1376235282,24,13
1376235353,24,13
1376235957,24,13
1376236560,24,13
1376236720,24,13
1376236780,24,13
1376236830,25,12
1376236873,26,11
1376236996,26,11
1376237121,27,10
1376237291,28,9
1376237519,28,9
1376237619,29,8
1376237831,28,9
1376238134,29,8
1376238316,28,9
1376238521,26,11
1376238624,24,13
1376239001,24,13
1376239004,23,14
1376239320,23,14
1376239509,23,14
1376239553,24,13
1376239993,26,11
1376240617,27,10
1376241221,27,10
1376241880,28,9
1376241883,29,8
1376241982,29,8
1376242256,28,9
1376242422,29,8
1376242643,30,7
1376242714,30,7
1376242974,28,9
1376243082,27,10
1376243233,28,9
1376243393,27,10
1376243797,25,12
1376243807,24,13
1376244411,24,13
1376244563,25,12
1376244838,23,14
1376245337,24,13
1376245677,25,12
1376246280,25,12
1376246883,25,12
1376247487,25,12
1376247582,25,12
1376247585,26,11
1376247683,26,11
1376247769,26,11
1376247882,26,11
1376247941,26,11
1376247987,24,13
1376248057,24,13
1376248080,24,13
1376248540,23,14
1376248822,23,14
1376248844,23,14
1376248988,22,15
1376249081,22,15
1376249178,23,14
1376249616,23,14
1376249635,25,12
1376249799,26,11
1376249829,27,10
1376250184,28,9
1376250626,27,10
1376251229,27,10
1376251833,27,10
1376252300,28,9
1376252500,28,9
1376252503,27,10
1376253093,26,11
1376253640,27,10
1376254170,28,9
1376254368,27,10
1376254606,27,10
1376254693,28,9
1376254724,28,9
1376254827,28,9
1376254907,28,9
1376254965,29,8
1376255312,30,7
1376255357,28,9
1376255468,28,9
1376255511,28,9
1376256085,27,10
1376256602,26,11
1376256853,24,13
1376256982,24,13
1376257586,24,13
1376258190,24,13
1376258793,24,13
1376259397,24,13
1376260001,24,13
1376260604,24,13
1376261011,23,14
1376261137,23,14
1376261147,24,13
1376261751,24,13
1376262355,24,13
1376262958,24,13
1376263561,24,13
1376264165,24,13
1376264768,24,13
1376265372,24,13
1376265975,24,13
1376266579,24,13
1376267183,24,13
1376267786,24,13
1376268390,24,13
1376268993,24,13
1376269597,24,13
1376270200,24,13
1376270804,24,13
1376271407,24,13
1376271918,24,13
1376272522,24,13
1376273126,24,13
1376273729,24,13
1376274333,24,13
1376274936,24,13
1376275540,24,13
1376276143,24,13
1376276747,24,13
1376277350,24,13
1376277677,25,12
1376278280,25,12
1376278650,24,13
1376279254,24,13
1376279857,24,13
1376280461,24,13
1376281064,24,13
1376281668,24,13
1376282271,24,13
1376282784,25,12
1376283187,24,13
1376283791,24,13
1376284329,23,14
1376284496,24,13
1376285100,24,13
1376285195,23,14
1376285798,23,14
1376286394,22,15
1376286600,23,14
1376287203,23,14
1376287806,23,14
1376288306,22,15
1376288361,22,15
1376288421,22,15
1376288464,22,15
1376288559,23,14
1376288848,22,15
1376288938,23,14
1376289018,24,13
1376289100,25,12
1376289130,25,12
1376289214,26,11
1376289550,25,12
1376289686,24,13
1376289810,25,12
1376290016,26,11
1376290233,26,11
1376290357,27,10
1376290532,28,9
1376290619,27,10
1376290957,28,9
1376291300,29,8
1376291561,29,8
1376291569,30,7
1376292172,30,7
1376292775,30,7
1376292916,29,8
1376293519,29,8
1376293837,29,8
1376293862,29,8
1376293954,30,7
1376294241,31,6
1376294545,30,7
1376295021,29,8
1376295161,28,9
1376295192,27,10
1376295276,26,11
1376295459,25,12
1376295612,24,13
1376295713,25,12
1376295933,26,11
1376296124,26,11
1376296728,26,11
1376297332,26,11
1376297658,27,10
1376298262,27,10
1376298740,27,10
1376298788,28,9
1376299068,27,10
1376299361,27,10
1376299364,26,11
1376299967,26,11
1376300305,27,10
1376300335,26,11
1376300874,26,11
1376300976,26,11
1376301034,27,10
1376301153,28,9
1376301756,28,9
1376302360,28,9
1376303007,29,8
1376303310,30,7
1376303579,29,8
1376303800,29,8
1376304205,28,9
1376304809,28,9
1376305031,27,10
1376305107,27,10
1376305159,27,10
1376305232,28,9
1376305337,29,8
1376305661,29,8
1376305663,30,7
1376305817,30,7
1376305859,31,6
1376305941,30,7
1376306216,29,8
1376306813,29,8
1376306878,30,7
1376307136,31,6
1376307283,31,6
1376307293,32,5
1376307897,32,5
1376308301,31,6
1376308487,30,7
1376309091,30,7
1376309453,29,8
1376309714,28,9
1376310338,27,10
1376310581,26,11
1376310701,26,11
1376310710,27,10
1376311109,25,12
1376311230,24,13
1376311600,23,14
1376312239,24,13
1376312842,24,13
1376312897,23,14
1376313092,22,15
1376313339,21,16
1376313573,20,17
1376313748,20,17
1376313795,22,15
1376313849,21,16
1376314272,20,17
1376314875,20,17
1376315106,19,18
1376315199,20,17
1376315258,20,17
1376315266,21,16
1376315347,20,17
1376315616,19,18
1376315863,19,18
1376315876,19,18
1376315977,20,17
1376316153,20,17
1376316203,21,16
1376316245,21,16
1376316298,22,15
1376316700,19,17
1376316722,19,18
1376316961,17,20
1376317060,17,20
1376317085,19,18
1376317164,20,17
1376317539,19,18
1376317754,18,19
1376317928,18,19
1376318061,17,20
1376318188,18,19
1376318235,18,19
1376318441,19,18
1376318654,20,17
1376318819,21,16
1376318978,21,16
1376319000,21,16
1376319101,23,14
1376319221,24,13
1376319305,25,12
1376319378,24,13
1376319971,23,14
1376320178,22,15
1376320476,22,15
1376320486,23,14
1376321089,23,14
1376321255,24,13
1376321674,23,14
1376322015,24,13
1376322088,26,11
1376322160,26,11
1376322193,27,10
1376322390,25,12
1376322878,24,13
1376323042,24,13
1376323076,25,12
1376323152,26,11
1376323270,27,10
1376323834,25,12
1376323889,26,11
1376324071,25,12
1376324105,25,12
1376324159,25,12
1376324259,24,13
1376324317,23,14
1376324605,23,14
1376324740,24,13
1376324908,26,11
1376325065,25,12
1376325142,25,12
1376325334,25,12
1376325402,27,10
1376325440,24,13
1376325521,23,14
1376325673,21,15
1376325882,22,14
1376325905,21,15
1376325950,20,16
1376326343,21,15
1376326536,20,16
1376326600,17,19
1376326641,19,17
1376326689,19,17
1376326775,21,15
1376326841,21,15
1376326870,22,14
1376326908,23,13
1376326994,22,14
1376327030,23,13
1376327134,22,14
1376327248,20,16
1376327319,19,17
1376327328,20,16
1376327452,19,17
1376327779,20,16
1376327815,21,15
1376327917,21,15
1376327925,22,14
1376328095,23,13
1376328207,24,12
1376328509,24,12
1376328563,26,10
1376328882,25,11
1376328983,23,13
1376329134,24,12
1376329600,24,12
1376329630,25,11
1376329777,26,10
1376329819,25,11
1376329883,26,10
1376330016,25,11
1376330045,24,12
1376330120,25,11
1376330322,24,12
1376330324,23,13
1376330668,24,12
1376330877,22,14
1376330928,21,15
1376331015,19,17
1376331304,18,18
1376331428,16,20
1376331551,15,21
1376331873,13,23
1376332119,12,24
1376332286,10,26
1376332818,9,27
1376333231,8,28
1376333556,6,30
1376334099,7,29
1376334195,7,29
1376334258,7,29
1376334321,9,27
1376334400,8,28
1376334497,9,27
1376334578,8,28
1376334599,10,26
1376334932,10,26
1376334949,11,25
1376335505,9,27
1376335641,8,28
1376335899,8,28
1376335936,8,28
1376336021,8,28
1376336069,9,27
1376336314,8,28
1376336766,7,29
1376336938,6,30
1376337097,4,32
1376337578,3,33
1376337592,2,34
1376337692,4,32
1376337871,5,31
1376337906,7,29
1376337999,8,28
1376338047,10,26
1376338116,11,25
1376338176,11,25
1376338207,11,25
1376338249,11,25
1376338360,11,25
1376338418,11,25
1376338458,12,24
1376338647,12,24
1376339251,12,24
1376339855,12,24
1376340149,10,26
1376340191,8,28
1376340393,9,27
1376340461,11,25
1376340505,12,24
1376340811,13,23
1376341210,12,24
1376341813,12,24
1376342022,13,23
1376342059,13,23
1376342097,14,22
1376342777,14,22
1376343380,14,22
1376343502,14,22
1376343536,15,21
1376343839,16,20
1376344443,16,20
1376345046,16,20
1376345381,16,20
1376345412,17,19
1376346042,17,19
1376346044,16,20
1376346450,17,19
1376346689,17,19
1376346726,18,18
1376347181,17,19
1376347236,17,19
1376347299,17,19
1376347343,18,18
1376347534,17,19
1376348138,17,19
1376348742,17,19
1376349185,16,20
1376349789,16,20
1376350148,17,19
1376350275,18,18
1376350353,20,16
1376350704,20,16
1376351307,20,16
1376351540,21,15
1376352143,21,15
1376352747,21,15
1376353351,21,15
1376353954,21,15
1376354558,21,15
1376355161,21,15
1376355765,21,15
1376356368,21,15
1376356972,21,15
1376357576,21,15
1376358315,21,15
1376358918,21,15
1376359522,21,15
1376359992,20,16
1376360596,20,16
1376360863,20,16
1376360918,22,14
1376361522,22,14
1376362125,22,14
1376362729,22,14
1376363332,22,14
1376363936,22,14
1376364539,22,14
1376365143,22,14
1376365746,22,14
1376366350,22,14
1376366953,22,14
1376367557,22,14
1376368161,22,14
1376368764,22,14
1376369138,23,13
1376369623,24,12
1376370069,23,13
1376370673,23,13
1376370903,24,12
1376371507,24,12
1376371947,25,11
1376372550,25,11
1376372847,24,12
1376373451,24,12
1376374054,24,12
1376374127,23,13
1376374209,23,13
1376374259,23,13
1376374306,23,13
1376374951,23,13
1376375002,22,14
1376375082,22,14
1376375134,22,14
1376375201,22,14
1376375261,22,14
1376375304,22,14
1376375375,23,13
1376375434,23,13
1376375500,24,12
1376375556,24,12
1376375614,24,12
1376375630,24,12
1376375908,24,12
1376375937,24,12
1376376056,25,11
1376376163,25,11
1376376222,26,10
1376376277,26,10
1376376337,28,8
1376376402,28,8
1376376452,28,8
1376376523,28,8
1376376578,28,8
1376376637,28,8
1376376702,28,8
1376376727,29,7
1376376819,29,7
1376376859,29,7
1376376920,29,7
1376376987,29,7
1376377043,29,7
1376377115,29,7
1376377165,29,7
1376377189,29,7
1376377257,30,6
1376377516,29,7
1376377567,28,8
1376377622,29,7
1376378140,29,7
1376378149,30,6
1376378749,29,7
1376379218,29,7
1376379225,30,6
1376379504,29,7
1376379618,28,8
1376379788,28,8
1376379874,28,8
1376380146,29,7
1376380410,28,8
1376381001,30,6
1376381032,29,7
1376381119,28,8
1376381306,27,9
1376381909,27,9
1376381934,26,10
1376382569,25,11
1376382636,24,12
1376383240,24,12
1376383361,24,12
1376383364,25,11
1376383967,25,11
1376384198,25,11
1376384279,26,10
1376384350,26,10
1376384386,27,9
1376384479,26,10
1376384683,25,11
1376384726,24,12
1376384769,24,12
1376385032,23,13
1376385153,23,13
1376385261,23,13
1376385315,23,13
1376385402,23,13
1376385422,23,13
1376385874,22,14
1376385965,21,15
1376386062,20,16
1376386090,17,19
1376386280,16,20
1376386312,17,19
1376386377,17,19
1376386437,18,18
1376386971,17,19
1376387078,18,18
1376387203,18,18
1376387205,17,19
1376387303,16,20
1376387837,15,21
1376387907,17,19
1376388252,15,21
1376388578,15,21
1376388675,15,21
1376388746,16,20
1376388778,17,19
1376389070,17,19
1376389174,18,18
1376389298,16,20
1376389361,17,19
1376390008,17,19
1376390465,16,20
1376390604,16,20
1376390664,17,19
1376390740,19,17
1376390761,20,16
1376390879,19,17
1376391034,19,17
1376391046,20,16
1376391127,19,17
1376391214,20,16
1376391254,19,17
1376391579,20,16
1376391702,20,16
1376391705,21,15
1376392062,22,14
1376392220,21,15
1376392811,20,16
1376393415,21,15
1376393621,21,15
1376394225,21,15
1376394828,21,15
1376395432,21,15
1376395495,19,17
1376395609,18,18
1376396012,17,19
1376396072,16,20
1376396418,15,21
1376396897,14,22
1376397267,13,23
1376397336,13,23
1376397833,12,24
1376398154,13,23
1376398757,13,23
1376399143,11,25
1376399746,11,25
1376400110,9,27
1376400253,10,26
1376400857,10,26
1376401116,10,25
1376401171,11,25
1376401228,12,24
1376401269,13,23
1376401805,12,24
1376402135,13,23
1376402252,12,24
1376402318,12,24
1376402675,13,23
1376402730,14,22
1376403150,13,23
1376403168,12,24
1376403267,13,23
1376403569,12,24
1376403778,11,25
1376404122,11,25
1376404124,10,26
1376404237,11,25
1376404777,13,23
1376405202,13,23
1376405220,13,23
1376405316,13,23
1376405356,13,23
1376405432,13,23
1376405490,14,22
1376405682,13,23
1376405728,12,24
1376405789,12,24
1376405852,12,24
1376405922,14,22
1376405944,16,20
1376405987,15,21
1376406051,14,22
1376406157,13,23
1376406583,14,22
1376406767,13,23
1376406921,14,22
1376407092,15,21
1376407696,15,21
1376408186,14,22
1376408356,15,21
1376408425,14,22
1376408551,13,23
1376408623,12,24
1376409026,12,24
1376409093,13,23
1376409161,12,24
1376409164,11,25
1376409397,12,24
1376409409,11,25
1376409654,12,24
1376409822,12,24
1376409825,11,25
1376409936,10,26
1376409984,8,28
1376410052,8,28
1376410073,9,27
1376410283,8,28
1376410360,8,28
1376410410,7,29
1376410593,7,29
1376410613,8,28
1376410753,7,29
1376410833,5,31
1376410901,6,30
1376410928,6,30
1376411021,6,30
1376411079,7,28
1376411127,9,26
1376411179,10,25
1376411419,11,24
1376411548,11,24
1376411586,13,22
1376411738,13,22
1376411801,15,20
1376411861,14,21
1376411895,13,22
1376411969,11,22
1376412041,8,27
1376412085,7,28
1376412237,6,29
1376412451,6,29
1376412514,5,30
1376412549,6,29
1376412631,6,29
1376412650,7,28
1376412804,5,30
1376412880,5,30
1376412929,5,30
1376412957,8,26
1376413243,8,26
1376413295,8,26
1376413307,11,23
1376413421,11,23
1376413427,13,21
1376413494,12,22
1376413691,13,21
1376413825,12,22
1376413944,11,23
1376414046,10,24
1376414136,9,26
1376414268,7,28
1376414366,7,28
1376414503,6,29
1376414536,6,29
1376414677,5,30
1376414758,4,31
1376414923,3,32
1376414949,3,32
1376415043,3,32
1376415045,4,31
1376415280,3,32
1376415338,3,32
1376415400,4,31
1376415456,4,31
1376415490,4,31
1376415570,4,31
1376415637,4,32
1376415675,5,31
1376415757,3,33
1376415800,4,32
1376415880,4,32
1376415924,4,32
1376416003,5,31
1376416297,6,30
1376416333,7,29
1376416396,8,28
1376416530,8,28
1376416576,8,28
1376416663,9,27
1376416678,10,26
1376416749,10,26
1376416802,11,25
1376416901,10,26
1376416937,9,27
1376417017,10,26
1376417051,9,27
1376417142,8,28
1376417198,7,29
1376417234,6,30
1376417465,7,29
1376417862,6,30
1376417971,4,32
1376418025,3,33
1376418140,4,32
1376418258,2,34
1376418310,3,33
1376418416,2,34
1376418593,1,35
1376418993,0,36
1376419475,0,36
1376419504,1,35
1376419608,0,36
1376419753,1,35
1376419951,1,35
1376420006,1,35
1376420105,1,35
1376420166,1,35
1376420261,2,34
1376420264,3,33
1376420428,3,33
1376420605,3,33
1376420677,3,33
1376420705,5,31
1376421150,4,32
1376421752,3,33
1376422200,2,34
1376422362,1,35
1376422421,1,35
1376422428,0,36
1376423031,0,36
1376423285,0,36
1376423904,0,36
1376424394,1,35
1376424901,0,36
1376425505,0,36
1376425900,0,36
1376425942,1,35
1376426546,1,35
1376426889,0,36
1376427492,0,36
1376428096,0,36
1376428699,0,36
1376428839,1,35
1376428884,1,35
1376428909,2,34
1376429081,1,35
1376429105,0,36
1376429500,0,36
1376429527,1,35
1376429731,1,35
1376429775,2,34
1376430140,2,34
1376430167,3,33
1376430503,1,35
1376431107,1,35
1376431221,1,35
1376431244,2,34
1376431404,2,34
1376431440,3,33
1376431532,4,32
1376431594,4,32
1376431632,5,31
1376432236,5,31
1376432595,4,32
1376433199,4,32
1376433803,4,32
1376434406,4,32
1376435010,4,32
1376435613,4,32
1376435917,4,32
1376436030,5,31
1376436055,5,31
1376436135,6,30
1376436751,4,32
1376437355,4,32
1376437700,5,31
1376437771,5,31
1376437791,6,30
1376438395,6,30
1376438998,6,30
1376439602,6,30
1376440205,6,30
1376440809,6,30
1376441412,6,30
1376442016,6,30
1376442619,6,30
1376443223,6,30
1376443826,6,30
1376444430,6,30
1376444727,8,28
1376445330,8,28
1376445934,8,28
1376446537,8,28
1376447141,8,28
1376447744,8,28
1376448348,8,28
1376448806,7,29
1376448853,7,29
1376448936,7,29
1376448956,8,28
1376449559,8,28
1376450163,8,28
1376450766,8,28
1376451370,8,28
1376451973,8,28
1376452577,8,28
1376453180,8,28
1376453784,8,28
1376454388,8,28
1376454991,8,28
1376455325,8,28
1376455453,8,28
1376455542,9,26
1376455573,10,26
1376455708,10,26
1376455756,11,25
1376455804,12,24
1376456408,12,24
1376456730,11,25
1376457302,10,26
1376457462,10,26
1376457513,9,27
1376457870,10,26
1376458228,11,25
1376458832,11,25
1376459435,11,25
1376459733,12,24
1376460168,11,25
1376460629,10,26
1376460702,10,26
1376460720,11,25
1376460926,11,25
1376461409,11,25
1376461452,12,24
1376461581,13,23
1376461629,13,23
1376461714,14,22
1376461783,15,21
1376461825,18,18
1376461887,18,18
1376461908,19,17
1376462015,20,16
1376462100,19,17
1376462315,19,17
1376462371,19,17
1376462404,20,16
1376462449,20,16
1376462556,23,13
1376462601,24,12
1376462921,24,12
1376462930,25,11
1376463458,25,11
1376463488,26,10
1376463600,25,11
1376463703,24,12
1376464307,24,12
1376464512,25,11
1376464932,24,12
1376464999,23,13
1376465040,22,14
1376465256,22,14
1376465294,23,13
1376465898,23,13
1376465968,24,12
1376466320,23,13
1376466592,22,14
1376467196,22,14
1376467799,22,14
1376468138,21,15
1376468259,20,16
1376468734,21,15
1376469338,21,15
1376469660,20,16
1376470264,20,16
1376470477,20,16
1376470718,18,18
1376471021,17,19
1376471033,16,20
1376471182,15,21
1376471232,15,21
1376471318,17,19
1376471416,18,18
1376471704,17,19
1376472308,17,19
1376472373,16,20
1376472481,15,21
1376472564,16,20
1376472768,15,21
1376473038,14,22
1376473358,15,21
1376473404,16,20
1376473437,17,19
1376473719,16,20
1376474079,15,21
1376474091,14,22
1376474288,13,23
1376474377,14,22
1376474435,13,23
1376474859,14,22
1376475101,14,22
1376475147,15,21
1376475462,14,22
1376475478,12,24
1376476081,11,25
1376476399,12,24
1376476526,12,24
1376476559,11,25
1376476664,10,26
1376477078,10,26
1376477109,11,25
1376477174,12,24
1376477543,11,25
1376477586,9,27
1376477657,9,27
1376477740,10,26
1376477829,11,25
1376478026,10,26
1376478180,11,25
1376478646,11,25
1376478750,12,24
1376479242,11,25
1376479567,10,26
1376479657,10,26
1376479670,11,25
1376479769,11,25
1376480373,11,25
1376480474,10,26
1376480612,11,25
1376481216,11,25
1376481258,10,26
1376481682,9,27
1376481943,7,29
1376482117,5,31
1376482242,5,30
1376482404,5,30
1376482426,6,29
1376482917,5,30
1376483561,0,35
1376483569,0,35
1376483743,0,35
1376483769,1,34
1376483919,1,34
1376484200,0,35
1376484742,0,35
1376484823,1,34
1376484859,0,35
1376485463,0,36
1376486066,0,36
1376486670,0,36
1376486840,0,36
1376486916,1,35
1376486971,2,34
1376487014,3,33
1376487054,2,34
1376487153,2,34
1376487196,3,33
1376487598,1,35
1376487861,0,36
1376488303,0,36
1376488328,1,35
1376488412,2,34
1376488457,1,35
1376488546,1,35
1376488999,0,36
1376489603,0,36
1376490206,0,36
1376490810,0,36
1376491359,0,36
1376491484,0,36
1376491594,0,36
1376491898,1,35
1376492021,1,35
1376492081,2,34
1376492313,2,34
1376492376,4,32
1376492442,5,31
1376492503,6,30
1376492530,8,28
1376492611,9,27
1376492905,8,28
1376492977,7,29
1376493025,8,28
1376493172,7,29
1376493678,6,30
1376493748,7,29
1376494033,8,28
1376494153,7,29
1376494702,6,30
1376494960,7,29
1376495064,6,30
1376495120,5,31
1376495161,5,31
1376495246,6,30
1376495667,7,29
1376495832,6,30
1376496105,4,32
1376496127,5,31
1376496189,6,30
1376496251,4,32
1376496508,5,31
1376496889,4,32
1376497183,3,33
1376497214,4,32
1376497338,1,35
1376497445,0,36
1376497770,1,35
1376498005,1,35
1376498070,1,35
1376498150,2,34
1376498232,3,33
1376498707,2,34
1376498753,1,35
1376499401,0,36
1376499518,0,36
1376499822,0,36
1376499878,0,36
1376500473,0,36
1376500484,0,36
1376500712,1,35
1376500761,0,36
1376500961,1,35
1376501105,0,36
1376501494,0,36
1376501533,0,36
1376502137,0,36
1376502565,0,36
1376502610,0,36
1376502818,0,36
1376502880,2,34
1376502939,3,33
1376503109,2,34
1376503618,1,35
1376503748,0,36
1376504018,0,36
1376504059,0,36
1376504430,0,36
1376504473,0,36
1376504523,0,36
1376505127,0,36
1376505266,0,36
1376505291,1,35
1376505374,2,34
1376505550,0,36
1376505736,1,35
1376506340,1,35
1376506572,0,36
1376507200,0,36
1376507253,1,35
1376507307,2,34
1376507531,1,35
1376507917,0,36
1376508278,0,36
1376508317,0,36
1376508564,1,35
1376508644,1,35
1376508746,1,35
1376508804,2,34
1376508949,1,35
1376509057,1,35
1376509084,3,33
1376509241,4,32
1376509763,3,33
1376510053,2,34
1376510139,2,34
1376510163,3,33
1376510348,2,34
1376510417,1,35
1376510646,0,36
1376511250,0,36
1376511779,0,36
1376511860,0,36
1376511920,0,36
1376512524,0,36
1376512900,0,36
1376512947,2,34
1376513127,1,35
1376513731,1,35
1376514334,1,35
1376514802,1,35
1376514854,3,33
1376515458,3,33
1376516061,3,33
1376516583,2,34
1376517186,2,34
1376517790,2,34
1376518160,2,34
1376518225,2,34
1376518253,3,33
1376518856,3,33
1376519459,3,33
1376519720,4,32
1376520323,4,32
1376520926,4,32
1376521530,4,32
1376522134,4,32
1376522737,4,32
1376522796,3,33
1376523102,4,32
1376523705,4,32
1376523867,5,31
1376524471,5,31
1376524589,6,30
1376524714,7,29
1376524763,7,29
1376524785,8,28
1376525243,7,29
1376525847,7,29
1376526451,7,29
1376527054,7,29
1376527657,7,29
1376528261,7,29
1376528470,7,29
1376528605,7,29
1376528671,7,29
1376528743,7,29
1376528769,7,29
1376528858,7,29
1376528951,7,29
1376529006,7,29
1376529154,8,28
1376529472,8,28
1376529561,8,28
1376529631,8,28
1376529680,9,27
1376529813,9,27
1376529849,10,26
1376530452,10,26
1376531203,10,26
1376531209,10,26
1376531813,10,26
1376531921,9,27
1376532143,8,28
1376532222,8,28
1376532239,8,28
1376532843,8,28
1376533446,8,28
1376534049,8,28
1376534617,8,28
1376534642,8,28
1376534737,9,27
1376534907,9,27
1376534926,10,26
1376535205,11,25
1376535809,11,25
1376536413,11,25
1376537016,11,25
1376537620,11,25
1376538223,11,25
1376538827,11,25
1376539430,11,25
1376539538,11,25
1376539556,12,24
1376540159,12,24
1376540763,12,24
1376541366,12,24
1376541970,12,24
1376542206,13,23
1376542809,13,23
1376543413,13,23
1376543725,12,24
1376544329,12,24
1376544933,12,24
1376545536,12,24
1376546140,12,24
1376546744,12,24
1376547347,12,24
1376547732,11,25
1376548035,12,24
1376548415,11,25
1376549018,11,25
1376549622,11,25
1376549776,10,26
1376550142,9,27
1376550392,8,28
1376550996,8,28
1376551600,8,28
1376551646,7,29
1376552173,8,28
1376552302,7,29
1376552649,6,30
1376552905,5,31
1376553509,5,31
1376553734,4,32
1376554337,4,32
1376554481,5,31
1376554657,5,31
1376554682,6,30
1376554973,7,29
1376555576,7,29
1376555811,6,30
1376556220,7,29
1376556823,7,29
1376557007,6,30
1376557174,7,29
1376557714,8,28
1376558233,9,27
1376558837,9,27
1376559453,8,28
1376560057,8,28
1376560212,8,28
1376560302,10,26
1376560768,9,27
1376560957,7,29
1376561065,7,29
1376561084,8,28
1376561612,9,27
1376562099,9,27
1376562102,8,28
1376562418,9,27
1376562815,10,26
1376563108,7,29
1376563175,7,29
1376563193,8,28
1376563269,8,28
1376563378,8,28
1376563462,8,28
1376563493,8,28
1376563581,9,27
1376563638,9,27
1376563695,10,26
1376563943,9,27
1376563985,6,30
1376564489,4,32
1376564748,3,33
1376564804,3,33
1376564912,3,33
1376564981,4,32
1376565009,4,32
1376565067,5,31
1376565195,6,30
1376565400,6,30
1376565461,7,29
1376565480,8,28
1376565591,7,29
1376566195,7,29
1376566720,6,30
1376566722,5,31
1376567069,5,31
1376567091,6,30
1376567541,5,31
1376567797,5,31
1376568148,4,32
1376568181,3,33
1376568260,4,32
1376568431,5,31
1376568577,3,32
1376568602,2,34
1376569056,2,34
1376569080,3,33
1376569410,1,35
1376569475,1,35
1376569485,2,34
1376569583,3,33
1376569762,2,34
1376569788,3,33
1376570071,3,33
1376570110,2,34
1376570304,3,33
1376570466,2,34
1376570585,0,36
1376570665,1,35
1376570856,1,35
1376570894,2,34
1376570957,3,33
1376571301,3,33
1376571378,3,33
1376571449,4,32
1376571486,5,31
1376571690,5,31
1376571710,6,30
1376572212,5,31
1376572279,4,32
1376572358,3,33
1376572411,3,33
1376572880,3,33
1376572932,4,32
1376573183,4,32
1376573203,5,31
1376573528,4,32
1376574132,4,32
1376574185,2,34
1376574276,2,34
1376574307,2,34
1376574392,2,34
1376574411,4,32
1376574510,4,32
1376574862,3,33
1376575238,2,34
1376575346,1,35
1376575898,1,35
1376575961,0,36
1376576241,0,36
1376576266,1,35
1376576432,0,36
1376576449,0,36
1376576558,0,36
1376576610,2,34
1376576629,2,34
1376576936,1,35
1376577540,1,35
1376577757,0,36
1376578361,0,36
1376578965,0,36
1376579569,0,36
1376580172,0,36
1376580776,0,36
1376581235,0,36
1376581260,1,35
1376581649,0,36
1376581721,0,36
1376581744,0,36
1376582348,0,36
1376582478,0,36
1376582789,1,35
1376582982,0,36
1376583239,0,36
1376583582,1,35
1376583605,1,35
1376583649,2,34
1376583762,1,35
1376583764,0,36
1376584368,0,36
1376584715,0,36
1376584772,1,35
1376584857,0,36
1376584941,0,36
1376584989,1,35
1376585077,1,35
1376585131,0,36
1376585260,0,36
1376585293,1,35
1376585364,0,36
1376585420,0,35
1376585500,0,34
1376585527,0,35
1376585975,0,35
1376586000,1,34
1376586161,1,34
1376586164,0,35
1376586768,0,36
1376587371,0,36
1376587975,0,36
1376588617,0,36
1376588636,0,36
1376588686,3,33
1376588840,3,33
1376588975,3,33
1376589017,3,33
1376589097,4,32
1376589120,5,31
1376589521,5,31
1376589524,4,32
1376589612,3,33
1376590216,3,33
1376590334,1,35
1376590369,0,36
1376590711,0,36
1376590736,1,35
1376591214,1,35
1376591315,0,36
1376591555,1,35
1376591831,1,35
1376592200,0,36
1376592803,0,36
1376593407,0,36
1376594010,0,36
1376594191,0,36
1376594262,1,35
1376594273,2,34
1376594341,3,33
1376594526,2,34
1376594717,1,35
1376594824,0,36
1376595233,0,36
1376595565,0,36
1376595609,2,34
1376595796,2,34
1376595840,3,33
1376595938,2,34
1376596092,1,35
1376596334,0,36
1376596937,0,36
1376597542,0,36
1376598145,0,36
1376598749,0,36
1376599353,0,36
1376599957,0,36
1376599969,0,36
1376600057,0,36
1376600109,1,35
1376600184,1,35
1376600229,2,34
1376600288,3,33
1376600330,4,32
1376600474,4,32
1376600528,5,31
1376600611,5,31
1376600658,6,30
1376600705,5,31
1376600746,5,31
1376600803,5,31
1376601407,5,31
1376601631,6,30
1376602236,6,30
1376602362,6,30
1376603022,6,30
1376603082,6,30
1376603686,6,30
1376603859,7,29
1376603914,5,31
1376604024,4,32
1376604090,6,29
1376604146,6,30
1376604389,5,31
1376604993,5,31
1376605059,5,31
1376605663,5,31
1376605809,5,31
1376605899,5,31
1376605950,5,31
1376606022,6,30
1376606082,7,29
1376606117,7,29
1376606193,7,29
1376606256,8,28
1376606292,8,28
1376606335,8,28
1376606552,8,28
1376606607,8,28
1376606668,8,28
1376606688,9,27
1376606755,8,28
1376606936,7,29
1376607177,7,29
1376607355,6,30
1376607837,6,30
1376608229,6,30
1376608299,7,29
1376608303,7,29
1376608541,7,29
1376608891,7,29
1376608911,8,28
1376609018,8,27
1376609034,9,27
1376609130,9,27
1376609200,10,26
1376609262,10,26
1376609321,9,27
1376609380,9,27
1376609435,9,27
1376609472,9,27
1376609561,9,27
1376609619,11,25
1376609784,11,25
1376609861,12,24
1376609917,12,24
1376609967,13,23
1376609987,13,23
1376610136,13,23
1376610307,13,23
1376610383,13,23
1376610545,13,23
1376610597,13,23
1376610724,13,23
1376610850,13,23
1376610985,13,23
1376611056,13,23
1376611121,13,23
1376611142,13,23
1376611328,13,23
1376611407,13,23
1376611652,13,23
1376611736,13,23
1376611880,12,24
1376612003,12,24
1376612074,12,24
1376612124,12,24
1376612189,13,23
1376612217,14,22
1376612335,14,22
1376612431,14,22
1376612532,14,22
1376612695,14,22
1376612755,14,22
1376612881,14,22
1376612971,14,22
1376612988,14,22
1376613155,14,22
1376613447,14,22
1376613521,14,22
1376613610,14,22
1376614123,14,22
1376614403,14,22
1376614463,14,22
1376614536,14,22
1376614602,14,22
1376614645,14,22
1376615022,14,22
1376615024,14,22
1376615271,14,22
1376615491,14,22
1376615583,14,22
1376615733,14,22
1376615923,14,22
1376615963,14,22
1376616082,14,22
1376616133,14,22
1376616242,14,22
1376616396,14,22
1376616721,14,22
1376616849,14,22
1376616892,14,22
1376617219,14,22
1376617541,14,22
1376617629,14,22
1376618040,14,22
1376618161,14,22
1376618309,14,22
1376618368,14,22
1376618409,14,22
1376618575,14,22
1376618919,14,22
1376619018,14,22
1376619135,14,22
1376619198,14,22
1376619330,14,22
1376619385,14,22
1376619631,14,22
1376619746,14,22
1376620170,14,22
1376620369,14,22
1376620483,14,22
1376620484,14,22
1376620736,14,22
1376620798,14,22
1376620875,14,22
1376621009,14,22
1376621167,14,22
1376621327,14,22
1376621430,14,22
1376621562,16,20
1376621618,17,19
1376621708,17,19
1376621800,17,19
1376621862,17,19
1376621914,17,19
1376621993,17,19
1376622076,17,19
1376622149,17,19
1376622222,17,19
1376622333,17,19
1376622368,17,19
1376622726,17,19
1376622782,17,19
1376622881,17,19
1376622925,17,19
1376622994,17,19
1376623088,17,19
1376623161,17,19
1376623209,17,19
1376623361,17,19
1376623399,17,19
1376623475,17,19
1376623531,17,19
1376623547,17,19
1376623636,17,19
1376623712,17,19
1376623766,17,19
1376623842,17,19
1376623921,16,20
1376624001,16,20
1376624069,15,21
1376624108,15,21
1376624196,15,21
1376624241,15,21
1376624383,15,21
1376624503,15,21
1376624562,15,21
1376624579,15,21
1376624667,15,21
1376624725,15,21
1376624802,15,21
1376624981,15,21
1376625090,15,21
1376625183,15,21
1376625432,15,21
1376625633,15,21
1376625677,15,21
1376625811,15,21
1376625859,15,21
1376625935,15,21
1376625986,15,21
1376626046,15,21
1376626117,15,21
1376626243,15,21
1376626303,15,21
1376626323,15,21
1376626422,15,21
1376626471,15,21
1376626543,15,21
1376626602,15,21
1376626662,15,21
1376626720,15,21
1376626832,15,21
1376626874,15,21
1376626989,15,21
1376627131,15,21
1376627202,15,21
1376627307,15,21
1376627361,15,21
1376627391,15,21
1376627493,15,21
1376627613,15,21
1376627665,15,21
1376627760,15,21
1376627822,15,21
1376627915,15,21
1376627949,15,21
1376628139,15,21
1376628208,15,21
1376628283,15,21
1376628284,15,21
1376628397,15,21
1376628436,16,20
1376628507,16,20
1376628563,16,20
1376628614,16,20
1376628684,16,20
1376628720,16,20
1376628816,16,20
1376628879,16,20
1376628888,16,20
1376628960,16,20
1376629047,16,20
1376629120,16,20
1376629239,16,20
1376629348,16,20
1376629393,16,20
1376629450,16,20
1376629497,16,20
1376629655,16,20
1376629712,16,20
1376629762,16,20
1376629843,16,20
1376629895,16,20
1376629962,16,20
1376630131,16,20
1376630181,16,20
1376630226,16,20
1376630309,16,20
1376630436,16,20
1376630607,16,20
1376630670,16,20
1376630688,16,20
1376630798,16,20
1376630853,16,20
1376630921,16,20
1376630971,16,20
1376631024,17,19
1376631072,17,19
1376631163,17,19
1376631188,17,19
1376631275,17,19
1376631341,17,19
1376631376,17,19
1376631462,17,19
1376631518,17,19
1376631583,18,18
1376631636,18,18
1376631798,18,18
1376631923,18,18
1376632002,18,18
1376632063,18,18
1376632094,18,18
1376632164,18,18
1376632213,18,18
1376632299,18,18
1376632396,18,18
1376632483,18,18
1376632583,18,18
1376632623,18,18
1376632705,18,18
1376632782,18,18
1376632792,18,18
1376632856,18,18
1376632953,18,18
1376633022,18,18
1376633080,18,18
1376633111,18,18
1376633155,18,18
1376633254,18,18
1376633320,18,18
1376633324,18,18
1376633406,18,18
1376633497,18,18
1376633523,18,18
1376633593,18,18
1376633664,18,18
1376633714,18,18
1376633772,18,18
1376633841,18,18
1376633948,19,17
1376634015,19,17
1376634114,19,17
1376634221,19,17
1376634282,19,17
1376634310,19,17
1376634399,19,17
1376634423,19,17
1376634522,20,16
1376634641,20,16
1376634688,20,16
1376634751,20,16
1376634801,20,16
1376634874,20,16
1376634938,20,16
1376634988,21,15
1376635048,21,15
1376635121,21,15
1376635144,21,15
1376635242,21,15
1376635301,22,14
1376635360,22,14
1376635403,22,14
1376635477,21,15
1376635519,21,15
1376635591,21,15
1376635661,21,15
1376635714,21,15
1376635764,21,15
1376635824,21,15
1376635858,21,15
1376635933,21,15
1376636016,21,15
1376636079,21,15
1376636141,20,16
1376636188,21,15
1376636233,21,15
1376636305,21,15
1376636346,21,15
1376636432,21,15
1376636504,21,15
1376636539,21,15
1376636617,21,15
1376636633,21,15
1376636741,21,15
1376636763,20,16
1376636928,20,16
1376637093,20,16
1376637148,19,17
1376637222,19,17
1376637282,21,15
1376637337,21,15
1376637392,22,14
1376637457,22,14
1376637512,22,14
1376637540,22,14
1376637639,22,14
1376637700,22,14
1376637727,22,14
1376637822,22,14
1376637866,21,15
1376637917,21,15
1376637974,20,16
1376638015,20,16
1376638417,19,17
1376638427,20,16
1376638542,20,16
1376638600,20,16
1376638723,20,16
1376638726,20,16
1376638805,20,16
1376638854,20,16
1376638947,20,16
1376639020,20,16
1376639039,20,16
1376639111,20,16
1376639149,20,16
1376639253,20,16
1376639366,20,16
1376639439,20,16
1376639495,20,16
1376639520,20,16
1376639588,20,16
1376639644,20,16
1376639737,20,16
1376639754,20,16
1376639804,20,16
1376639866,19,17
1376639925,19,17
1376640161,18,18
1376640282,18,18
1376640329,19,17
1376640363,19,17
1376640558,19,17
1376640637,19,17
1376640702,20,16
1376640820,21,15
1376640854,21,15
1376640930,21,15
1376640969,22,14
1376641044,22,14
1376641103,22,14
1376641180,22,14
1376641208,22,14
1376641257,23,14
1376641360,23,14
1376641422,24,13
1376641454,24,13
1376641541,24,13
1376641582,24,13
1376641647,24,13
1376641768,25,12
1376641841,25,12
1376641895,23,14
1376641982,23,14
1376642081,23,14
1376642133,23,14
1376642191,23,14
1376642262,23,14
1376642319,23,14
1376642442,24,13
1376642484,24,13
1376642607,24,13
1376642653,23,14
1376642803,23,14
1376642861,24,13
1376643019,21,16
1376643132,21,16
1376643187,21,16
1376643280,23,14
1376643338,23,14
1376643373,23,14
1376643516,23,14
1376643533,23,14
1376643682,22,15
1376644161,22,15
1376644227,24,13
1376644422,25,12
1376644424,24,13
1376644870,24,13
1376645061,23,14
1376645665,23,14
1376646222,23,14
1376646231,24,13
1376646342,24,13
1376646579,23,14
1376646938,20,17
1376647087,19,18
1376647126,18,19
1376647217,17,20
1376647821,17,20
1376648424,17,20
1376648742,16,21
1376648783,15,22
1376648847,15,22
1376648908,13,24
1376649034,10,27
1376649155,11,26
1376649196,11,26
1376649657,11,26
1376649729,10,27
1376649802,11,26
1376649855,10,27
1376649972,8,29
1376650038,9,28
1376650171,10,27
1376650207,9,28
1376650293,10,27
1376650353,10,27
1376650424,10,27
1376650475,12,25
1376650484,12,25
1376650591,11,26
1376650681,11,26
1376650726,12,25
1376650953,13,24
1376651052,12,25
1376651245,12,25
1376651295,14,23
1376651474,13,24
1376651539,12,25
1376651607,12,25
1376652182,13,24
1376652280,12,25
1376652503,13,24
1376652703,11,26
1376652723,11,26
1376653327,11,26
1376653417,11,26
1376653717,11,26
1376653782,13,24
1376653785,12,25
1376653887,11,26
1376654340,9,28
1376654442,10,27
1376654482,10,27
1376654548,9,28
1376655056,8,29
1376655538,7,30
1376655629,7,30
1376655650,8,29
1376656121,7,30
1376656174,7,30
1376656222,6,31
1376656302,6,31
1376656352,9,28
1376656936,10,27
1376657540,10,27
1376657668,9,28
1376657744,10,27
1376657975,10,27
1376658041,11,26
1376658062,12,25
1376658161,12,25
1376658221,13,24
1376658250,13,24
1376658343,13,24
1376658401,13,24
1376658464,13,24
1376658465,13,24
1376658573,13,24
1376658639,13,24
1376658703,13,24
1376658763,13,24
1376658821,13,24
1376658883,13,24
1376658919,13,24
1376659087,12,25
1376659230,12,25
1376659295,12,25
1376659361,12,25
1376659417,12,25
1376659442,12,25
1376659499,12,25
1376659692,11,26
1376660023,9,28
1376660056,10,27
1376660372,10,27
1376660549,10,27
1376660640,10,27
1376660724,10,27
1376660784,10,27
1376660856,11,26
1376660962,11,26
1376661086,9,28
1376661152,9,28
1376661222,11,26
1376661269,12,25
1376661320,13,24
1376661441,12,25
1376661520,12,25
1376661534,13,24
1376661620,13,24
1376661701,13,24
1376661762,12,25
1376661819,13,24
1376661882,13,24
1376661927,12,25
1376661991,12,25
1376662052,12,25
1376662123,12,25
1376662180,12,25
1376662243,12,25
1376662298,12,25
1376662345,13,24
1376662414,12,25
1376662572,11,26
1376662651,11,26
1376662723,11,26
1376662780,11,26
1376662833,11,26
1376662901,12,25
1376662956,13,24
1376663022,13,24
1376663059,13,24
1376663143,13,24
1376663195,13,24
1376663389,12,25
1376663793,13,24
1376663981,13,24
1376663989,13,24
1376664163,11,26
1376664223,10,27
1376664265,10,27
1376664448,9,28
1376664788,10,27
1376665123,9,28
1376665182,8,29
1376665404,9,28
1376665536,8,29
1376665721,7,30
1376665741,8,29
1376665855,8,29
1376665940,9,28
1376665966,8,29
1376666202,8,29
1376666221,9,28
1376666493,8,29
1376666519,6,31
1376666836,7,30
1376667103,9,28
1376667251,9,28
1376667682,9,28
1376667705,10,27
1376667822,10,27
1376667862,12,25
1376668466,12,25
1376668778,12,25
1376668817,11,26
1376668884,11,26
1376668951,13,24
1376668983,13,24
1376669064,14,23
1376669168,14,23
1376669313,14,23
1376669412,14,23
1376669498,14,23
1376669741,12,25
1376669795,12,25
1376669859,12,25
1376669911,8,29
1376669965,8,29
1376670007,7,30
1376670055,7,30
1376670135,6,31
1376670219,6,31
1376670443,6,31
1376670580,4,33
1376670618,6,31
1376670692,4,33
1376670738,4,33
1376670824,4,33
1376670880,3,34
1376670939,3,34
1376671001,2,35
1376671061,2,35
1376671220,2,35
1376671296,1,36
1376671356,0,37
1376671418,0,37
1376671468,0,37
1376671535,0,37
1376671564,0,37
1376671657,0,37
1376671713,0,37
1376671775,0,37
1376671797,1,36
1376671902,1,36
1376671905,0,37
1376672009,0,37
1376672182,0,37
1376672209,1,36
1376672428,1,36
1376673032,1,36
1376673068,1,36
1376673185,1,36
1376673323,1,36
1376673569,1,36
1376673859,2,35
1376673991,2,35
1376674110,0,37
1376674222,0,37
1376674298,0,37
1376674305,1,36
1376674405,1,36
1376674430,2,35
1376674609,1,36
1376674685,0,37
1376675160,0,37
1376675217,0,37
1376675354,0,37
1376675507,0,37
1376675680,0,37
1376675735,0,37
1376675983,0,37
1376676149,1,36
1376676259,2,35
1376676462,3,34
1376676519,3,34
1376676677,2,35
1376677280,2,35
1376677538,1,36
1376677561,0,37
1376677768,0,37
1376677802,0,37
1376678142,0,37
1376678745,0,37
1376679207,0,37
1376679448,0,37
1376679576,1,36
1376679625,0,37
1376679701,0,37
1376679754,2,35
1376679818,3,34
1376680175,2,35
1376680233,2,35
1376680301,2,35
1376680304,1,36
1376680557,1,36
1376680652,1,36
1376680711,1,36
1376680780,1,36
1376680835,1,36
1376680938,1,36
1376681023,2,35
1376681051,0,37
1376681106,0,37
1376681162,0,37
1376681210,0,37
1376681302,0,37
1376681352,0,37
1376681484,0,37
1376681682,0,37
1376681851,0,37
1376682012,0,37
1376682146,0,37
1376682523,0,37
1376682900,0,37
1376682988,0,37
1376683062,0,37
1376683114,0,37
1376683718,0,37
1376683957,0,37
1376684561,0,37
1376684809,0,37
1376685329,0,37
1376685399,0,37
1376686002,0,37
1376686597,0,37
1376686624,1,36
1376686686,1,36
1376687049,1,36
1376687461,1,36
1376688065,1,36
1376688203,1,36
1376688582,1,36
1376688584,1,36
1376688748,0,37
1376689351,0,37
1376689955,0,37
1376690302,0,37
1376690351,2,35
1376690471,2,35
1376690574,2,35
1376690675,2,35
1376690767,2,35
1376690818,3,34
1376690921,3,34
1376690981,3,34
1376691023,3,34
1376691091,4,33
1376691157,2,35
1376691394,2,35
1376691458,2,35
1376691515,2,35
1376691574,3,34
1376691641,3,34
1376691666,4,33
1376691875,4,33
1376691913,5,32
1376692030,5,32
1376692418,5,32
1376692759,5,32
1376692867,5,32
1376693005,5,32
1376693083,5,32
1376693099,6,31
1376693482,5,32
1376693516,4,33
1376693615,5,32
1376693917,5,32
1376694521,5,32
1376694523,5,32
1376694618,4,33
1376694679,4,33
1376694990,4,33
1376695594,4,33
1376695648,4,33
1376696033,3,34
1376696495,3,34
1376696556,5,32
1376696575,4,33
1376696634,4,33
1376696717,3,34
1376697132,3,34
1376697462,3,34
1376697489,3,34
1376697760,3,34
1376697764,3,34
1376698301,3,34
1376698361,2,35
1376698364,2,35
1376698481,2,35
1376698488,2,35
1376698998,2,35
1376699251,2,35
1376699309,2,35
1376699346,3,34
1376699440,3,34
1376699500,4,33
1376699613,4,33
1376699734,4,33
1376700147,4,33
1376700274,5,32
1376700448,5,32
1376700592,5,32
1376700932,5,32
1376701031,5,32
1376701204,5,32
1376701644,5,32
1376701726,5,32
1376702083,5,32
1376702528,5,32
1376702575,5,32
1376702742,5,32
1376702788,5,32
1376702831,5,32
1376703121,5,32
1376703267,5,32
1376703342,5,32
1376703594,5,32
1376704000,5,32
1376704009,5,32
1376704118,5,32
1376704292,5,32
1376704411,5,32
1376704490,5,32
1376704583,5,32
1376704900,5,32
1376705108,5,32
1376705259,5,32
1376705362,5,32
1376705488,4,33
1376705545,4,33
1376705616,4,33
1376705688,4,33
1376705875,4,33
1376706081,4,33
1376706176,4,33
1376706483,4,33
1376706919,4,33
1376706979,4,33
1376707016,4,33
1376707435,4,33
1376707717,4,33
1376707800,4,33
1376708061,4,33
1376708096,4,33
1376708162,4,33
1376708524,4,33
1376708774,4,33
1376708848,4,33
1376708921,4,33
1376709372,4,33
1376709610,4,33
1376709691,4,33
1376709735,6,31
1376709864,6,31
1376710069,6,31
1376710250,6,31
1376710460,6,31
1376710707,6,31
1376710836,6,31
1376711365,6,31
1376711490,6,31
1376711557,6,31
1376711570,6,31
1376711781,6,31
1376711872,6,31
1376711944,6,31
1376712341,6,31
1376712370,6,31
1376712509,6,31
1376712587,6,31
1376712821,6,31
1376712824,6,31
1376713030,6,31
1376713074,6,31
1376713168,6,31
1376713214,6,31
1376713301,6,31
1376713401,6,31
1376713508,6,31
1376713566,6,31
1376713643,6,31
1376713715,6,31
1376713873,6,31
1376714202,6,31
1376714206,6,31
1376714441,6,31
1376714443,6,31
1376714803,6,31
1376714861,6,31
1376715170,6,31
1376715330,6,31
1376715395,6,31
1376715626,6,31
1376715854,6,31
1376715937,6,31
1376715990,6,31
1376716116,6,31
1376716154,6,31
1376716232,6,31
1376716253,6,31
1376716421,6,31
1376716464,6,31
1376716539,6,31
1376716717,6,31
1376716772,6,31
1376716819,7,30
1376716895,7,30
1376716922,7,30
1376717008,7,30
1376717123,7,30
1376717198,7,30
1376717215,7,30
1376717421,7,30
1376717620,7,30
1376717764,7,30
1376717855,7,30
1376717921,7,30
1376718274,7,30
1376718698,7,30
1376718762,7,30
1376719354,7,30
1376719410,7,30
1376719429,8,29
1376719825,8,29
1376719961,8,29
1376720285,8,29
1376720355,8,29
1376720958,8,29
1376721402,8,29
1376721451,8,29
1376721639,8,29
1376721700,8,29
1376721807,8,29
1376721939,8,29
1376721945,8,29
1376722069,8,29
1376722175,8,29
1376722220,8,29
1376722361,7,30
1376722408,6,31
1376722934,6,31
1376723081,6,31
1376723308,6,31
1376723788,6,31
1376723810,7,30
1376723945,7,30
1376724061,6,31
1376724660,5,32
1376725263,5,32
1376725345,4,33
1376725405,3,34
1376725536,3,34
1376725552,3,34
1376725656,3,34
1376725686,3,34
1376725823,3,34
1376725883,4,33
1376725952,4,33
1376725979,4,33
1376726070,3,34
1376726124,3,34
1376726161,3,34
1376726225,4,33
1376726274,4,33
1376726373,4,33
1376726424,4,33
1376726458,4,33
1376726559,4,33
1376726598,4,33
1376726680,4,32
1376726781,5,32
1376726836,6,31
1376726910,7,30
1376727159,7,30
1376727276,7,30
1376727371,7,30
1376727616,7,30
1376727697,7,30
1376727740,9,28
1376727815,9,28
1376727855,11,26
1376728415,11,26
1376728466,11,26
1376728588,11,26
1376728675,11,26
1376728771,11,26
1376728842,12,25
1376728906,12,25
1376728983,12,25
1376729262,12,25
1376729288,12,25
1376729702,13,24
1376729783,13,24
1376729955,13,24
1376730041,13,24
1376730094,12,25
1376730145,12,25
1376730208,12,25
1376730337,12,25
1376730392,12,25
1376730463,13,24
1376730508,13,24
1376730763,13,24
1376730811,12,25
1376730861,12,25
1376731002,12,25
1376731022,13,24
1376731191,12,25
1376731303,12,25
1376731304,12,25
1376731409,12,25
1376731439,12,25
1376731543,12,25
1376731653,12,25
1376731708,12,25
1376731842,10,27
1376731872,10,27
1376731954,11,26
1376732016,11,26
1376732034,11,26
1376732116,12,25
1376732218,11,26
1376732323,11,26
1376732496,11,26
1376732560,11,26
1376732613,11,26
1376732914,11,26
1376733037,9,28
1376733068,9,28
1376733214,9,28
1376733267,10,27
1376733503,10,27
1376733560,9,28
1376733823,8,29
1376734088,7,30
1376734179,8,29
1376734229,9,28
1376734323,9,28
1376734953,9,28
1376735018,9,28
1376735135,9,28
1376735259,9,28
1376735406,9,28
1376735611,10,27
1376735744,10,27
1376735775,10,27
1376735834,8,29
1376736368,7,30
1376736533,7,30
1376736637,7,30
1376736673,8,29
1376736809,8,29
1376736911,8,29
1376737030,8,29
1376737153,8,29
1376737533,8,29
1376737584,7,30
1376737866,7,30
1376737958,7,30
1376737977,8,29
1376738189,8,29
1376738226,8,29
1376738275,7,30
1376738357,7,30
1376738502,6,31
1376738519,6,31
1376738618,6,31
1376738644,7,30
1376739158,7,30
1376739224,8,29
1376739232,7,30
1376739402,7,30
1376739452,7,30
1376739822,7,30
1376739860,6,31
1376739917,5,32
1376740022,4,33
1376740116,4,33
1376740175,4,33
1376740761,3,34
1376740793,3,34
1376741114,1,36
1376741269,1,36
1376741504,1,36
1376741518,0,37
1376741605,1,36
1376741671,1,36
1376741705,2,35
1376741896,1,36
1376741983,1,36
1376741985,1,36
1376742117,1,36
1376742187,1,36
1376742341,1,36
1376742365,1,36
1376742416,2,35
1376742584,2,35
1376742794,1,36
1376743061,1,36
1376743122,1,36
1376743183,1,36
1376743220,2,35
1376743292,2,35
1376743319,3,34
1376743507,2,35
1376743685,2,35
1376743888,1,36
1376743962,1,36
1376743988,1,36
1376744143,2,35
1376744151,3,34
1376744298,2,35
1376744441,2,35
1376744485,2,35
1376744508,1,36
1376744643,0,37
1376744744,1,36
1376744804,1,36
1376744836,2,35
1376744902,1,36
1376744973,1,36
1376745036,0,37
1376745066,0,37
1376745223,0,37
1376745281,1,36
1376745330,0,37
1376745727,0,37
1376745818,1,36
1376745855,1,36
1376745901,2,35
1376746054,2,35
1376746171,2,35
1376746236,2,35
1376746252,4,33
1376746354,4,33
1376746421,3,34
1376746529,3,34
1376746556,4,33
1376746715,4,33
1376747072,5,32
1376747112,6,31
1376747239,6,31
1376747301,4,33
1376747366,4,33
1376747438,4,33
1376747491,2,35
1376747707,2,35
1376747784,1,36
1376747909,0,37
1376748037,0,37
1376748081,0,37
1376748118,0,37
1376748197,0,37
1376748588,0,37
1376748756,0,37
1376748793,1,36
1376749047,1,36
1376749072,2,35
1376749360,2,35
1376749424,1,36
1376749471,0,37
1376750075,0,37
1376750253,0,37
1376750316,0,37
1376750383,0,37
1376750432,0,37
1376750459,0,37
1376750563,1,36
1376750629,1,36
1376750933,1,36
1376751041,1,36
1376751072,2,35
1376751162,3,34
1376751297,2,35
1376751599,2,35
1376751703,1,36
1376751763,0,37
1376751790,0,37
1376751942,1,36
1376751997,0,37
1376752052,1,36
1376752117,1,36
1376752172,1,36
1376752223,1,36
1376752403,1,36
1376752580,1,36
1376752828,0,37
1376753203,1,36
1376753253,2,35
1376753381,2,35
1376753452,1,36
1376753863,0,37
1376753906,1,36
1376754236,1,36
1376754320,1,36
1376754374,2,35
1376754436,1,36
1376754473,2,35
1376754571,1,36
1376754631,1,36
1376755064,1,36
1376755114,1,36
1376755179,1,36
1376755358,3,34
1376755420,2,35
1376755428,2,35
1376755541,2,35
1376755590,2,35
1376755648,2,35
1376755687,2,35
1376755764,3,34
1376755827,4,33
1376755850,5,32
1376756454,5,32
1376756614,5,32
1376756683,6,31
1376756743,10,27
1376756790,12,25
1376756974,12,25
1376757026,10,27
1376757271,10,27
1376757325,10,27
1376757394,11,25
1376757425,9,27
1376757506,9,27
1376757527,10,26
1376757641,9,27
1376757660,8,28
1376757782,8,28
1376758207,8,28
1376758598,7,29
1376758614,7,29
1376758777,6,30
1376758827,6,30
1376758854,7,29
1376759020,6,30
1376759161,5,32
1376759262,5,32
1376759272,5,32
1376759375,5,32
1376759497,1,36
1376759563,0,37
1376759621,0,37
1376759678,0,37
1376759719,0,37
1376759803,0,37
1376759841,2,35
1376759912,0,37
1376759957,0,37
1376760042,0,37
1376760102,0,37
1376760147,0,37
1376760410,0,37
1376760632,0,37
1376761235,0,37
1376761839,0,37
1376761957,0,37
1376761985,1,36
1376762145,1,36
1376762186,2,35
1376762250,2,35
1376762358,2,35
1376762444,3,34
1376762505,5,32
1376762564,5,32
1376762596,5,32
1376762633,6,31
1376762713,6,31
1376762779,7,30
1376762844,8,29
1376762879,9,28
1376763035,10,27
1376763097,11,26
1376763149,11,26
1376763220,13,24
1376763355,13,24
1376763440,13,24
1376763562,13,24
1376763595,13,24
1376763702,13,24
1376763757,15,22
1376763823,14,23
1376763826,13,24
1376763943,14,23
1376764004,16,21
1376764103,15,22
1376764223,15,22
1376764266,14,23
1376764385,14,23
1376764476,14,23
1376764506,14,23
1376764551,14,23
1376764697,12,25
1376764958,12,25
1376765019,13,24
1376765083,13,24
1376765122,12,25
1376765324,12,25
1376765376,13,24
1376765535,13,24
1376765594,13,24
1376765635,11,26
1376765744,11,26
1376765781,13,24
1376765851,11,26
1376765947,11,26
1376766035,11,26
1376766115,11,26
1376766185,11,26
1376766257,10,27
1376766344,7,30
1376766740,8,29
1376766883,8,29
1376766885,8,29
1376766953,8,29
1376767157,8,29
1376767199,8,29
1376767484,8,29
1376767486,8,29
1376767588,8,29
1376767646,9,28
1376767772,10,27
1376767820,10,27
1376767882,10,27
1376768016,10,27
1376768160,10,27
1376768365,9,28
1376768390,9,28
1376768658,8,29
1376768762,8,29
1376768973,8,29
1376769212,8,29
1376769240,8,29
1376769342,8,29
1376769417,8,29
1376769552,8,29
1376769825,8,29
1376769910,8,29
1376770037,8,29
1376770184,8,29
1376770186,8,29
1376770342,8,29
1376770408,8,29
1376770471,8,29
1376770513,9,28
1376770566,9,28
1376770664,9,28
1376770713,8,29
1376770841,8,29
1376770852,8,29
1376770935,8,29
1376771074,8,29
1376771106,8,29
1376771179,8,29
1376771324,10,27
1376771325,10,27
1376771434,10,27
1376771630,10,27
1376771709,10,27
1376771774,10,27
1376771835,12,25
1376772040,10,27
1376772245,10,27
1376772302,10,27
1376772361,10,27
1376772574,9,28
1376772652,9,28
1376772759,9,28
1376773046,9,28
1376773474,9,28
1376773872,9,28
1376773921,9,28
1376774150,9,28
1376774322,8,29
1376774412,8,29
1376774563,8,29
1376774566,7,30
1376774981,7,30
1376775143,7,30
1376775256,7,30
1376775523,7,30
1376775576,10,27
1376775723,10,27
1376775810,10,27
1376776139,10,27
1376776220,10,27
1376776296,10,27
1376776322,10,27
1376776458,10,27
1376776542,11,26
1376776843,11,26
1376776847,11,26
1376776930,11,26
1376777077,11,26
1376777143,11,26
1376777165,11,26
1376777261,11,26
1376777279,11,26
1376777354,11,26
1376777428,11,26
1376777563,12,25
1376777622,12,25
1376777640,12,25
1376777689,12,25
1376777782,12,25
1376777812,11,26
1376777893,11,26
1376777932,11,26
1376777996,11,26
1376778164,11,26
1376778224,12,25
1376778273,14,23
1376778333,13,24
1376778381,13,24
1376778581,13,24
1376778588,13,24
1376778730,13,24
1376778798,13,24
1376778865,13,24
1376779059,12,25
1376779154,12,25
1376779241,12,25
1376779467,12,25
1376779499,12,25
1376779696,12,25
1376779806,12,25
1376779862,12,25
1376779925,12,25
1376780016,12,25
1376780082,12,25
1376780125,14,23
1376780182,14,23
1376780504,14,23
1376780506,14,23
1376780613,14,23
1376780734,14,23
1376780802,14,23
1376780863,14,23
1376780906,12,25
1376780934,12,25
1376781017,12,25
1376781104,12,25
1376781119,12,25
1376781174,12,25
1376781247,12,25
1376781315,12,25
1376781383,12,25
1376781627,12,25
1376781684,12,25
1376782139,12,25
1376782218,12,25
1376782332,12,25
1376782412,12,25
1376782489,12,25
1376782565,12,25
1376782642,12,25
1376782832,12,25
1376782878,12,25
1376783067,12,25
1376783331,12,25
1376783440,12,25
1376783466,12,25
1376783582,12,25
1376783674,12,25
1376783793,12,25
1376783808,12,25
1376784163,12,25
1376784210,12,25
1376784270,11,26
1376784303,11,26
1376784464,12,25
1376784513,13,24
1376784582,13,24
1376784645,13,24
1376784698,14,23
1376784761,14,23
1376784810,14,23
1376784883,14,23
1376784940,14,23
1376785004,14,23
1376785060,14,23
1376785123,14,23
1376785183,14,23
1376785241,14,23
1376785304,14,23
1376785364,14,23
1376785422,14,23
1376785480,14,23
1376785596,14,23
1376785656,14,23
1376785844,14,23
1376785875,14,23
1376785965,14,23
1376786021,14,23
1376786084,14,23
1376786140,14,23
1376786205,15,22
1376786258,15,22
1376786318,15,22
1376786385,15,22
1376786443,15,22
1376786506,15,22
1376786562,15,22
1376786608,15,22
1376786684,16,21
1376786740,16,21
1376786792,16,21
1376786853,16,21
1376786920,16,21
1376786983,16,21
1376787041,16,21
1376787104,16,21
1376787165,16,21
1376787224,16,21
1376787283,16,21
1376787338,16,21
1376787400,16,21
1376787463,16,21
1376787520,16,21
1376787645,16,21
1376787652,16,21
1376787923,16,21
1376788063,16,21
1376788124,16,21
1376788368,16,21
1376788539,16,21
1376788596,16,21
1376788663,16,21
1376788747,16,21
1376788809,16,21
1376788938,16,21
1376789012,16,21
1376789053,16,21
1376789101,16,21
1376789177,16,21
1376789242,16,21
1376789290,16,21
1376789341,16,21
1376789442,16,21
1376789502,16,21
1376789560,16,21
1376789612,16,21
1376789679,16,21
1376789745,16,21
1376789800,16,21
1376789854,15,22
1376789983,15,22
1376790042,15,22
1376790097,15,22
1376790112,15,22
1376790256,15,22
1376790376,15,22
1376790630,15,22
1376790787,15,22
1376790991,15,22
1376791080,15,22
1376791208,16,21
1376791299,16,21
1376791320,17,20
1376791413,17,20
1376791501,17,20
1376791632,17,20
1376791702,17,20
1376791779,17,20
1376791843,17,20
1376791904,17,20
1376791962,17,20
1376792022,17,20
1376792079,17,20
1376792145,17,20
1376792199,17,20
1376792261,17,20
1376792385,17,20
1376792439,17,20
1376792925,17,20
1376792927,17,20
1376793044,17,20
1376793102,17,20
1376793164,17,20
1376793226,17,20
1376793281,17,20
1376793342,17,20
1376793383,17,20
1376793453,17,20
1376793650,17,20
1376794254,17,20
1376794841,17,20
1376794875,17,20
1376795200,17,20
1376795262,17,20
1376795324,17,20
1376795381,17,20
1376795430,17,20
1376795465,17,20
1376795549,17,20
1376795608,17,20
1376795656,17,20
1376795728,17,20
1376795794,17,20
1376795853,17,20
1376795894,17,20
1376796036,17,20
1376796104,17,20
1376796108,17,20
1376796212,17,20
1376796290,17,20
1376796458,17,20
1376796523,17,20
1376796581,17,20
1376796686,17,20
1376796840,17,20
1376796901,17,20
1376797055,17,20
1376797122,17,20
1376797184,17,20
1376797238,17,20
1376797281,17,20
1376797331,17,20
1376797366,17,20
1376797443,17,20
1376797517,17,20
1376797556,17,20
1376797647,17,20
1376797723,17,20
1376797782,17,20
1376797889,17,20
1376797946,17,20
1376798024,17,20
1376798084,17,20
1376798140,17,20
1376798155,17,20
1376798249,17,20
1376798279,17,20
1376798882,17,20
1376799486,17,20
1376800089,17,20
1376800693,17,20
1376801296,17,20
1376801781,17,20
1376801864,17,20
1376801867,17,20
1376801984,17,20
1376802037,17,20
1376802099,17,20
1376802109,17,20
1376802264,17,20
1376802313,17,20
1376802393,17,20
1376802454,17,20
1376802486,17,20
1376802705,17,20
1376802759,17,20
1376802790,17,20
1376803122,17,20
1376803222,17,20
1376803304,17,20
1376803357,17,20
1376803480,17,20
1376803538,17,20
1376803604,17,20
1376803663,17,20
1376803709,17,20
1376803784,17,20
1376803830,16,21
1376804434,16,21
1376805038,16,21
1376805181,15,22
1376805558,16,21
1376806162,16,21
1376806303,16,21
1376806439,16,21
1376806545,16,21
1376806648,16,21
1376806688,15,22
1376806888,15,22
1376806957,15,22
1376806994,15,22
1376807144,15,22
1376807147,15,22
1376807264,15,22
1376807525,15,22
1376807645,15,22
1376807704,15,22
1376807778,15,22
1376808056,15,22
1376808156,15,22
1376808173,15,22
1376808250,15,22
1376808463,15,22
1376808614,15,22
1376808795,15,22
1376808893,15,22
1376809106,15,22
1376809634,14,23
1376809821,14,23
1376809927,14,23
1376810048,14,23
1376810202,13,24
1376810265,13,24
1376810323,13,24
1376810440,13,24
1376810499,13,24
1376810563,13,24
1376810684,13,24
1376810735,13,24
1376810802,13,24
1376810841,13,24
1376810923,13,24
1376810977,13,24
1376811024,13,24
1376811150,13,24
1376811223,13,24
1376811253,13,24
1376811333,13,24
1376811351,13,24
1376811429,13,24
1376811482,13,24
1376811538,13,24
1376811644,12,25
1376811697,12,24
1376811755,13,24
1376811825,13,24
1376811920,13,24
1376812000,13,24
1376812016,13,24
1376812103,13,24
1376812227,13,24
1376812264,14,23
1376812642,14,23
1376812851,14,23
1376812917,14,23
1376813081,13,24
1376813117,12,25
1376813155,12,25
1376813384,11,26
1376813553,11,26
1376813573,11,26
1376813633,11,26
1376813701,11,26
1376814031,11,26
1376814102,11,26
1376814239,11,26
1376814384,11,26
1376814438,11,26
1376814585,11,26
1376814611,11,26
1376814675,11,26
1376815047,11,26
1376815091,11,26
1376815408,11,26
1376815452,11,26
1376815494,11,26
1376815766,12,25
1376816151,12,25
1376816362,12,25
1376816720,12,25
1376816924,12,25
1376816926,12,25
1376817217,12,25
1376817270,12,25
1376817345,12,25
1376817360,12,25
1376817511,12,25
1376817581,12,25
1376817634,12,25
1376817763,12,25
1376817824,13,24
1376817885,14,23
1376817929,15,22
1376817986,15,22
1376818060,14,23
1376818123,14,23
1376818165,14,23
1376818218,14,23
1376818300,15,22
1376818364,14,23
1376818407,15,21
1376818481,16,21
1376818544,16,21
1376818605,16,21
1376818648,17,20
1376818721,17,20
1376818728,17,20
1376818798,18,19
1376818887,18,19
1376818964,18,19
1376819139,18,19
1376819237,18,19
1376819323,18,19
1376819362,18,19
1376819483,16,21
1376819622,16,21
1376819684,16,21
1376819714,16,21
1376819800,16,21
1376819836,16,21
1376819868,16,21
1376819998,16,21
1376820104,16,21
1376820227,16,21
1376820333,16,21
1376820454,16,21
1376820554,16,21
1376820680,16,21
1376820768,16,21
1376821095,14,23
1376821166,14,23
1376821395,14,23
1376821602,14,23
1376821709,14,23
1376821837,14,23
1376821881,14,23
1376822276,14,23
1376822444,14,23
1376822482,14,23
1376822550,14,23
1376822596,13,24
1376822677,13,24
1376822744,13,24
1376822804,13,24
1376822849,13,24
1376822975,15,22
1376823044,15,22
1376823104,15,22
1376823185,14,23
1376823649,14,23
1376823701,14,23
1376823760,14,23
1376823823,14,23
1376823886,15,22
1376823945,15,22
1376824000,14,23
1376824064,15,22
1376824123,15,22
1376824181,15,22
1376824245,15,22
1376824304,16,21
1376824361,16,21
1376824421,16,21
1376824476,16,21
1376824544,16,21
1376825101,15,22
1376825529,15,22
1376825602,15,22
1376825675,17,20
1376826019,16,21
1376826400,16,21
1376826642,16,21
1376826838,15,22
1376826927,14,23
1376827530,14,23
1376827841,15,22
1376827987,14,23
1376828291,14,23
1376828398,15,22
1376828470,15,22
1376828506,16,21
1376829123,15,22
1376829755,16,21
1376829778,17,20
1376830162,15,22
1376830766,15,22
1376830841,15,22
1376830875,16,21
1376831309,16,21
1376831478,16,21
1376831616,17,20
1376831644,18,19
1376831720,17,20
1376831787,17,20
1376832042,18,19
1376832646,18,19
1376832798,17,20
