1376208415,11,10
1376209018,11,10
1376209148,10,11
1376209321,8,13
1376209600,7,14
1376209982,6,15
1376210254,5,16
1376210858,5,16
1376211104,3,18
1376211277,4,17
1376211393,2,19
1376211428,2,19
1376211693,0,20
1376211717,0,21
1376212165,1,20
1376212269,0,21
1376212558,1,20
1376213083,0,21
1376213687,0,21
1376214085,0,21
1376214224,0,21
1376214439,0,21
1376214489,1,20
1376214607,1,20
1376214657,2,19
1376215260,2,19
1376215356,1,20
1376215366,0,21
1376215534,0,21
1376215601,1,20
1376215657,1,20
1376215682,0,21
1376215758,0,21
1376215815,0,21
1376215900,1,20
1376216064,1,20
1376216121,2,19
1376216200,0,21
1376216250,1,20
1376216367,1,20
1376216431,1,20
1376216486,1,20
1376216535,2,19
1376216646,3,18
1376216914,2,19
1376217041,2,19
1376217090,2,19
1376217183,0,21
1376217341,1,20
1376217382,1,20
1376217433,0,21
1376217575,2,19
1376217758,1,20
1376217823,0,21
1376217841,0,21
1376217903,1,20
1376218180,0,21
1376218327,0,21
1376218440,0,21
1376218534,0,21
1376218573,0,21
1376218655,0,21
1376218722,2,19
1376218752,3,18
1376219043,2,19
1376219375,0,21
1376219979,0,21
1376220015,1,20
1376220075,0,21
1376220425,2,19
1376220583,0,21
1376220686,0,21
1376220755,1,20
1376220766,2,19
1376220862,1,20
1376220996,0,21
1376221055,0,21
1376221090,0,21
1376221181,0,21
1376221208,0,21
1376221811,0,21
1376221903,1,20
1376221912,0,21
1376222023,0,21
1376222075,1,20
1376222095,0,21
1376222322,0,21
1376222354,1,20
1376222434,1,20
1376222460,2,19
1376222741,1,20
1376222910,2,19
1376222973,0,21
1376223162,2,19
1376223194,0,21
1376223243,1,20
1376223335,2,19
1376223939,2,19
1376224052,1,20
1376224291,2,19
1376224575,1,20
1376225179,1,20
1376225238,0,21
1376225841,0,21
1376225959,1,20
1376225989,0,21
1376226163,0,21
1376226165,0,21
1376226326,2,19
1376226382,1,20
1376226457,2,19
1376226516,5,16
1376226641,5,16
1376226700,7,14
1376226762,6,15
1376226772,6,15
1376226916,4,17
1376226970,0,21
1376227573,0,21
1376227747,1,20
1376227955,2,19
1376227987,3,18
1376228068,3,18
1376228143,3,18
1376228201,2,19
1376228262,2,19
1376228303,2,19
1376228347,3,18
1376228415,4,17
1376228601,3,18
1376228661,3,18
1376228722,3,18
1376228795,4,17
1376228837,4,17
1376228919,5,16
1376228981,2,19
1376229021,3,18
1376229108,2,19
1376229182,0,21
1376229280,0,21
1376229342,0,21
1376229504,1,20
1376229563,0,21
1376229700,0,21
1376229716,0,21
1376230320,0,21
1376230582,0,21
1376230757,0,21
1376230807,2,19
1376230865,0,21
1376230962,2,19
1376231074,3,18
1376231180,3,18
1376231378,2,19
1376231498,3,18
1376231855,3,18
1376231918,3,18
1376231971,1,20
1376232042,1,20
1376232081,1,20
1376232142,2,19
1376232219,0,21
1376232264,0,21
1376232398,0,21
1376232429,2,19
1376232599,1,20
1376232883,1,20
1376232939,0,21
1376233001,3,18
1376233047,4,17
1376233121,3,18
1376233179,4,17
1376233210,2,19
1376233265,1,20
1376233596,2,19
1376233617,3,18
1376233721,3,18
1376233765,4,17
1376233864,6,15
1376234017,7,14
1376234140,5,16
1376234184,6,15
1376234383,7,14
1376234440,6,15
1376234447,5,16
1376234733,2,19
1376234786,1,20
1376234834,1,20
1376234867,2,19
1376235020,0,21
1376235605,0,21
1376235676,0,21
1376235748,0,21
1376235801,0,21
1376235869,0,21
1376236451,1,20
1376236570,0,21
1376236781,1,20
1376236829,1,20
1376236896,2,19
1376236960,0,21
1376237000,1,20
1376237322,0,21
1376237400,1,20
1376237791,0,21
1376238281,1,20
1376238397,1,20
1376238911,3,18
1376239273,1,20
1376239405,1,20
1376239537,2,19
1376239587,2,19
1376239625,3,18
1376239879,2,19
1376240137,3,18
1376240258,3,18
1376240540,4,17
1376240965,1,20
1376241022,2,19
1376241302,1,20
1376241569,0,21
1376241762,0,21
1376241765,1,20
1376241849,2,19
1376241921,1,20
1376241981,0,21
1376242043,1,20
1376242100,2,19
1376242447,1,20
1376242508,3,18
1376242602,2,19
1376242660,3,18
1376242841,2,19
1376242895,3,18
1376242907,4,17
1376243139,4,17
1376243189,7,14
1376243302,7,14
1376243376,8,13
1376243438,9,12
1376244042,9,12
1376244088,8,13
1376244136,8,13
1376244178,9,12
1376244381,10,11
1376244480,9,12
1376244701,10,11
1376244730,11,10
1376244845,9,12
1376244934,8,13
1376245100,8,13
1376245226,9,12
1376245275,10,11
1376245867,9,12
1376246078,7,14
1376246681,7,14
1376246828,6,15
1376247383,5,16
1376247519,6,15
1376247641,6,15
1376247674,4,17
1376247853,5,16
1376247895,4,17
1376248081,2,19
1376248140,1,20
1376248480,1,20
1376248538,1,20
1376248564,3,18
1376249078,2,19
1376249111,1,20
1376249177,0,21
1376249314,0,21
1376249376,0,21
1376249407,1,20
1376249517,0,21
1376250121,0,21
1376250190,0,21
1376250276,0,21
1376250322,1,20
1376250577,1,20
1376250618,2,19
1376250837,2,19
1376250886,3,18
1376250973,2,19
1376251054,2,19
1376251097,2,19
1376251198,2,19
1376251246,3,18
1376251524,2,19
1376251641,0,21
1376252245,0,21
1376252849,0,21
1376253204,0,21
1376253274,0,21
1376253321,1,20
1376253457,0,21
1376253509,1,20
1376253582,2,19
1376253684,2,19
1376253761,2,19
1376253803,3,18
1376253942,4,17
1376254033,3,18
1376254082,3,18
1376254220,3,18
1376254302,3,18
1376254469,4,17
1376254897,3,18
1376254957,4,17
1376254974,3,18
1376255049,2,19
1376255172,3,18
1376255627,2,19
1376256092,0,21
1376256221,0,21
1376256825,0,21
1376256984,3,18
1376257322,4,17
1376257554,3,18
1376257602,3,18
1376257801,4,17
1376257897,5,16
1376257953,5,16
1376258007,6,15
1376258460,5,16
1376258547,6,15
1376258583,7,14
1376258629,6,15
1376258730,7,14
1376258800,7,14
1376258825,7,14
1376258869,8,13
1376258961,7,14
1376259095,8,13
1376259152,8,13
1376259167,9,12
1376259770,9,12
1376260181,9,12
1376260189,10,11
1376260514,10,11
1376260545,9,12
1376260772,9,12
1376260831,11,10
1376261434,11,10
1376262038,11,10
1376262097,13,8
1376262132,14,7
1376262735,14,7
1376263047,14,7
1376263091,15,6
1376263592,16,5
1376264196,16,5
1376264770,14,7
1376264820,14,7
1376264964,14,7
1376265038,15,6
1376265081,16,5
1376265381,16,5
1376265456,17,4
1376265493,16,4
1376265578,17,4
1376265639,17,4
1376265719,16,5
1376266322,16,5
1376266624,16,5
1376266991,16,5
1376267075,16,5
1376267110,17,4
1376267200,16,5
1376267804,16,5
1376268408,16,5
1376269011,16,5
1376269614,16,5
1376270218,16,5
1376270910,16,5
1376271514,16,5
1376272118,16,5
1376272721,16,5
1376273325,16,5
1376273928,16,5
1376274532,16,5
1376275135,16,5
1376275739,16,5
1376276342,16,5
1376276946,16,5
1376277549,16,5
1376278153,16,5
1376278443,15,6
1376279048,15,6
1376279212,14,7
1376279817,14,7
1376280421,14,7
1376281025,14,7
1376281629,14,7
1376282233,14,7
1376282837,14,7
1376283282,12,9
1376283881,12,9
1376283912,14,7
1376284516,14,7
1376285120,14,7
1376285724,14,7
1376286328,14,7
1376286932,14,7
1376287090,15,6
1376287655,16,5
1376288258,16,5
1376288316,16,5
1376288371,15,6
1376288401,16,5
1376289031,15,6
1376289157,13,8
1376289311,14,7
1376289735,15,6
1376289906,14,7
1376290527,13,8
1376290792,12,9
1376290874,11,10
1376290954,12,9
1376291232,11,10
1376291349,10,11
1376291420,9,12
1376291667,8,13
1376291764,9,12
1376291823,8,13
1376292401,9,12
1376292473,10,11
1376292713,11,10
1376292918,12,9
1376293109,11,10
1376293131,10,11
1376293263,11,10
1376293540,10,11
1376293564,9,12
1376294098,10,11
1376294369,9,12
1376294961,8,13
1376295030,9,12
1376295634,9,12
1376295696,8,13
1376295937,7,14
1376296475,6,15
1376296860,5,16
1376297328,4,17
1376297417,4,17
1376297501,5,16
1376297676,4,17
1376297741,6,15
1376297769,7,14
1376297964,5,16
1376298319,4,17
1376298923,4,17
1376299296,5,16
1376299338,5,16
1376299382,6,15
1376299468,6,15
1376299591,5,16
1376299978,4,17
1376300082,4,17
1376300112,5,16
1376300153,5,16
1376300422,5,16
1376300491,5,18
1376300525,5,19
1376300646,6,18
1376300995,7,17
1376301059,8,16
1376301295,9,15
1376301363,10,14
1376301665,9,15
1376301782,10,14
1376302109,11,13
1376302641,10,14
1376302667,9,15
1376303020,7,16
1376303076,8,16
1376303104,7,17
1376303165,6,18
1376303256,6,18
1376303299,5,19
1376303577,6,18
1376303797,7,17
1376304120,8,16
1376304492,8,16
1376304569,8,16
1376304660,9,15
1376304713,8,16
1376304845,6,18
1376304933,5,19
1376304974,5,19
1376305059,5,19
1376305098,4,20
1376305147,5,19
1376305292,3,21
1376305841,2,22
1376305860,1,23
1376306463,1,23
1376307067,1,23
1376307199,0,24
1376307563,1,23
1376308102,0,24
1376308126,0,24
1376308730,0,24
1376309095,1,23
1376309699,1,23
1376310189,0,24
1376310323,1,23
1376310926,1,23
1376311266,0,24
1376311870,0,24
1376312187,0,24
1376312267,0,24
1376312363,0,24
1376312396,0,24
1376312491,1,23
1376312529,2,22
1376312569,3,21
1376313173,3,21
1376313627,4,20
1376313687,0,24
1376313719,1,23
1376313918,0,24
1376313974,0,24
1376314003,0,24
1376314607,0,24
1376315211,0,24
1376315478,0,24
1376316082,0,24
1376316679,1,23
1376316717,0,24
1376316811,0,24
1376316865,0,24
1376316922,1,23
1376316961,1,22
1376317179,1,22
1376317190,2,21
1376317262,1,22
1376317478,0,23
1376317525,0,23
1376317573,0,23
1376317659,1,22
1376317721,1,22
1376317723,0,23
1376318017,0,22
1376318034,0,23
1376318300,0,23
1376318382,0,23
1376318416,0,23
1376318481,0,23
1376318833,2,21
1376319090,0,23
1376319145,2,21
1376319169,2,21
1376319272,2,21
1376319314,2,21
1376319398,3,20
1376319422,3,20
1376319502,4,19
1376319558,6,17
1376319688,6,17
1376319720,7,16
1376319852,6,17
1376320231,5,18
1376320503,3,20
1376321064,2,21
1376321096,3,20
1376321201,3,20
1376321204,2,21
1376321367,2,21
1376321494,2,21
1376321601,2,21
1376321633,3,20
1376321801,3,20
1376321811,4,19
1376322029,5,18
1376322139,6,17
1376322208,8,15
1376322261,7,16
1376322333,6,17
1376322429,6,17
1376322517,5,18
1376322550,5,18
1376322761,4,19
1376322784,4,19
1376323042,4,19
1376323111,4,19
1376323225,6,17
1376323362,6,17
1376323405,6,17
1376323441,6,17
1376323562,6,17
1376323624,7,16
1376323682,7,16
1376323782,8,15
1376323838,8,15
1376323889,8,15
1376323936,9,14
1376324111,8,15
1376324163,8,15
1376324260,8,15
1376324268,9,14
1376324359,9,14
1376324442,10,13
1376324457,11,12
1376324597,12,11
1376325034,13,10
1376325073,14,9
1376325445,15,8
1376325592,14,9
1376325698,12,11
1376325796,12,11
1376325833,13,10
1376326090,12,11
1376326421,12,11
1376326476,13,10
1376326494,13,10
1376326649,13,10
1376326714,13,10
1376326777,12,11
1376326833,11,12
1376326859,10,13
1376326926,9,14
1376327019,10,13
1376327173,9,14
1376327244,8,15
1376327318,9,14
1376327402,8,15
1376327860,10,13
1376327888,11,12
1376327955,11,12
1376328205,12,11
1376328457,13,10
1376328616,12,11
1376328753,9,14
1376328874,8,15
1376328896,9,14
1376329114,8,15
1376329386,9,14
1376329432,8,15
1376329499,7,16
1376329670,6,17
1376329902,5,18
1376330200,5,18
1376330203,4,19
1376330421,3,20
1376330518,4,19
1376330578,3,20
1376330788,2,21
1376331028,1,22
1376331372,0,23
1376331943,1,22
1376332236,0,23
1376332267,0,23
1376332839,1,22
1376332883,1,22
1376333120,0,23
1376333194,1,22
1376333220,0,23
1376333824,0,23
1376333913,1,22
1376334334,0,23
1376334937,0,23
1376335358,0,23
1376335367,1,22
1376335478,1,22
1376335486,0,23
1376335889,1,22
1376336009,0,23
1376336613,0,23
1376337217,0,23
1376337282,1,22
1376337292,2,21
1376337480,3,20
1376337561,3,20
1376337621,3,20
1376338002,2,21
1376338586,1,22
1376338714,1,22
1376339233,2,21
1376339309,1,22
1376339644,0,23
1376340248,0,23
1376340851,0,23
1376341455,0,23
1376342058,0,23
1376342662,0,23
1376342803,0,23
1376342830,1,22
1376343434,1,22
1376343877,2,21
1376344484,2,21
1376345088,2,21
1376345188,1,22
1376345541,3,20
1376345707,2,21
1376346310,2,21
1376346914,2,21
1376347067,2,21
1376347166,3,20
1376347194,3,20
1376347298,4,19
1376347453,5,18
1376347599,5,18
1376347608,6,17
1376348134,4,19
1376348738,4,19
1376349341,4,19
1376349946,4,19
1376350550,4,19
1376350794,3,20
1376351398,3,20
1376352003,3,20
1376352607,3,20
1376353214,3,20
1376353818,3,20
1376354422,3,20
1376355025,3,20
1376355629,3,20
1376356232,3,20
1376356836,3,20
1376357311,3,20
1376357915,3,20
1376358519,3,20
1376358815,2,21
1376359421,2,21
1376360024,2,21
1376360629,2,21
1376361232,2,21
1376361837,2,21
1376362440,2,21
1376363044,2,21
1376363647,2,21
1376364251,2,21
1376364855,2,21
1376365457,1,22
1376366061,1,22
1376366664,1,22
1376367268,1,22
1376367871,1,22
1376368475,1,22
1376369079,1,22
1376369684,1,22
1376370287,1,22
1376370848,2,21
1376370989,4,19
1376371039,6,17
1376371080,7,16
1376371683,7,16
1376372287,7,16
1376372721,8,15
1376373067,7,16
1376373401,8,15
1376373447,8,15
1376373740,9,14
1376373799,10,13
1376373992,8,15
1376374049,8,15
1376374099,8,15
1376374152,9,14
1376374216,8,15
1376374377,7,16
1376374491,6,17
1376375033,5,18
1376375256,5,18
1376375267,6,17
1376375338,5,18
1376375557,6,17
1376375979,6,17
1376375988,5,18
1376376279,4,19
1376376296,4,19
1376376521,3,20
1376376562,3,20
1376376642,2,21
1376376644,3,20
1376377118,3,20
1376377126,4,19
1376377214,3,20
1376377300,2,21
1376377475,1,22
1376377511,1,22
1376377637,0,23
1376378241,0,23
1376378317,1,22
1376378622,1,22
1376378629,0,23
1376379233,0,23
1376379660,1,22
1376380263,1,22
1376380541,1,22
1376380543,2,21
1376380656,2,21
1376380696,2,21
1376380780,2,21
1376380804,3,20
1376380893,2,21
1376381285,1,22
1376381543,0,23
1376382090,1,22
1376382120,2,21
1376382388,0,23
1376382991,0,23
1376383595,0,23
1376383868,0,23
1376384516,0,23
1376384612,0,24
1376384646,0,24
1376384729,0,24
1376384756,0,23
1376384974,2,22
1376385064,1,23
1376385424,2,22
1376385610,1,23
1376385958,0,24
1376386173,0,24
1376386259,0,24
1376386780,0,24
1376386812,1,23
1376387311,0,24
1376387378,0,24
1376387416,0,24
1376387484,0,24
1376387559,0,24
1376387586,1,23
1376388190,1,23
1376388279,2,22
1376388373,1,23
1376388977,1,23
1376389296,1,23
1376389339,3,21
1376389901,2,22
1376389918,0,24
1376390374,1,23
1376390403,0,24
1376391007,0,24
1376391428,1,23
1376391557,0,24
1376391676,0,24
1376391746,0,24
1376391880,0,24
1376391916,1,23
1376392520,1,23
1376392810,0,24
1376393414,0,24
1376393743,0,24
1376393795,0,24
1376393824,0,24
1376393872,1,23
1376394475,1,23
1376394555,0,24
1376394595,1,23
1376395198,1,23
1376395299,1,23
1376395339,1,23
1376395463,2,22
1376396067,2,22
1376396375,3,21
1376396978,3,21
1376397133,0,24
1376397174,0,24
1376397577,1,23
1376397750,0,24
1376398353,0,24
1376398722,0,24
1376398773,1,23
1376398887,0,24
1376399490,0,24
1376399619,1,23
1376399793,2,22
1376399805,3,21
1376400078,3,21
1376400153,5,19
1376400756,5,19
1376400821,6,18
1376400824,5,19
1376400996,4,20
1376401013,3,21
1376401617,3,21
1376401720,2,22
1376401782,1,23
1376401808,1,23
1376401847,2,22
1376402171,1,23
1376402364,0,24
1376402438,0,24
1376402498,0,23
1376402530,0,23
1376402586,0,23
1376403018,1,22
1376403188,1,22
1376403480,0,23
1376404083,0,24
1376404288,1,23
1376404352,0,24
1376404793,1,23
1376405248,1,23
1376405278,1,23
1376405331,2,22
1376405658,3,21
1376405922,2,22
1376405983,6,18
1376406043,11,13
1376406075,12,12
1376406209,12,12
1376406265,13,11
1376406450,13,11
1376406482,14,10
1376406653,15,9
1376406756,16,8
1376406845,18,6
1376406930,19,5
1376407158,18,6
1376407529,18,6
1376407597,18,6
1376407637,19,5
1376407717,20,4
1376407834,20,4
1376407848,19,5
1376407951,18,6
1376408015,17,7
1376408044,18,6
1376408342,17,7
1376408441,17,7
1376408497,18,6
1376408534,19,5
1376408623,19,5
1376408633,20,4
1376408948,20,4
1376409034,21,3
1376409102,19,5
1376409129,20,4
1376409386,19,5
1376409619,18,6
1376409827,17,7
1376409923,18,6
1376410062,20,4
1376410334,19,5
1376410623,19,5
1376410722,20,4
1376410750,21,3
1376410799,20,4
1376410899,19,5
1376411264,18,6
1376411441,17,7
1376411475,15,9
1376411530,14,10
1376412068,13,11
1376412210,12,12
1376412268,13,11
1376412523,14,10
1376412553,15,9
1376413157,15,9
1376413358,17,7
1376413469,16,8
1376413573,15,9
1376413654,18,6
1376413722,19,5
1376413841,18,6
1376414160,19,5
1376414317,20,4
1376414352,19,5
1376414471,18,6
1376414957,19,5
1376415561,19,5
1376415636,19,5
1376415649,19,5
1376415787,20,4
1376416123,20,4
1376416125,19,5
1376416240,21,3
1376416250,22,2
1376416548,21,3
1376416662,21,3
1376416664,22,2
1376416863,22,2
1376416943,23,1
1376417061,24,0
1376417664,24,0
1376417800,24,0
1376418018,22,2
1376418562,21,3
1376418640,20,4
1376418752,19,5
1376418942,21,3
1376418999,21,3
1376419008,22,2
1376419161,20,4
1376419358,21,3
1376419827,19,5
1376419865,18,6
1376420050,18,6
1376420113,19,5
1376420219,17,7
1376420495,18,6
1376420545,18,6
1376420618,19,5
1376420822,18,6
1376420904,17,7
1376421312,18,6
1376421382,18,6
1376421459,18,6
1376421515,18,6
1376421541,19,5
1376421925,19,5
1376421994,20,4
1376422054,20,4
1376422582,21,3
1376422721,19,5
1376422761,18,6
1376422839,18,6
1376422847,19,5
1376423138,18,6
1376423232,16,8
1376423345,15,9
1376423485,14,10
1376424019,15,9
1376424138,15,9
1376424214,15,9
1376424271,15,9
1376424342,13,11
1376424372,15,9
1376424431,13,11
1376424507,14,10
1376424582,15,9
1376424624,16,8
1376424836,15,9
1376424940,15,9
1376425027,13,11
1376425091,11,13
1376425167,11,13
1376425269,11,13
1376425873,11,13
1376426477,11,13
1376427080,11,13
1376427684,11,13
1376428287,11,13
1376428406,9,15
1376428467,7,17
1376428536,7,17
1376428592,9,15
1376428892,8,16
1376428907,7,17
1376429029,7,17
1376429130,7,17
1376429172,7,17
1376429256,7,17
1376429284,8,16
1376429721,10,14
1376430324,10,14
1376430729,11,13
1376430926,10,14
1376431530,10,14
1376431699,8,16
1376432197,7,17
1376432225,8,16
1376432312,8,16
1376432348,9,15
1376432604,10,14
1376433208,10,14
1376433582,8,16
1376434186,8,16
1376434789,8,16
1376435110,9,15
1376435714,9,15
1376436317,9,15
1376436921,9,15
1376437524,9,15
1376437781,9,15
1376437841,9,15
1376437895,9,15
1376437926,10,14
1376438529,10,14
1376439133,10,14
1376439737,10,14
1376440340,10,14
1376440944,10,14
1376441546,10,14
1376441989,10,14
1376442061,10,14
1376442151,11,13
1376442754,11,13
1376443358,11,13
1376443707,11,13
1376444311,11,13
1376444915,11,13
1376445518,11,13
1376446121,11,13
1376446725,11,13
1376447329,11,13
1376447550,11,13
1376447669,11,13
1376448272,11,13
1376448876,11,13
1376449479,11,13
1376450083,11,13
1376450155,10,14
1376450759,10,14
1376451362,10,14
1376451966,10,14
1376452569,10,14
1376453173,10,14
1376453776,10,14
1376454380,10,14
1376454596,9,15
1376455199,9,15
1376455804,9,15
1376456408,9,15
1376457011,9,15
1376457486,10,14
1376458090,10,14
1376458694,10,14
1376459315,11,13
1376459713,10,14
1376460316,10,14
1376460542,11,13
1376460742,10,14
1376461215,11,13
1376461319,9,15
1376461423,8,16
1376461789,7,17
1376462143,7,17
1376462187,8,16
1376462229,9,15
1376462366,8,16
1376462485,9,15
1376462662,10,14
1376463138,9,15
1376463456,10,14
1376463507,8,16
1376463736,9,15
1376464003,9,15
1376464012,10,14
1376464087,9,15
1376464449,7,17
1376464518,8,16
1376464691,8,16
1376464834,7,17
1376465018,7,17
1376465069,6,18
1376465527,5,19
1376465797,5,19
1376465858,7,17
1376465895,8,16
1376465975,7,17
1376466143,5,19
1376466195,5,19
1376466335,5,19
1376466381,5,19
1376466491,3,21
1376466568,2,22
1376466637,2,22
1376466751,2,22
1376466878,3,21
1376466937,3,21
1376466979,4,20
1376467012,4,20
1376467308,3,21
1376467571,2,22
1376468175,2,22
1376468663,1,23
1376468908,0,24
1376469035,1,23
1376469387,2,22
1376469490,4,20
1376469555,3,21
1376470072,2,22
1376470398,1,23
1376470527,0,24
1376471141,0,24
1376471149,1,23
1376471248,0,24
1376471851,0,24
1376472078,0,24
1376472149,0,24
1376472753,0,24
1376473357,0,24
1376473518,1,23
1376473955,2,22
1376474023,1,22
1376474039,1,23
1376474143,1,23
1376474156,0,24
1376474216,1,23
1376474803,0,24
1376475406,0,24
1376476010,0,24
1376476301,0,24
1376476840,1,23
1376476894,1,23
1376476939,1,23
1376476971,2,22
1376477056,1,23
1376477192,2,22
1376477463,1,23
1376477524,2,22
1376477591,1,23
1376478038,1,23
1376478102,1,23
1376478161,2,22
1376478220,2,22
1376478268,3,21
1376478366,2,22
1376478759,2,22
1376478767,2,22
1376478860,1,23
1376478998,2,22
1376479358,0,24
1376479661,1,23
1376479681,0,24
1376480285,0,24
1376480455,0,24
1376480615,1,23
1376480710,1,23
1376480761,0,24
1376481000,0,24
1376481126,0,24
1376481198,0,24
1376481249,0,24
1376481296,1,23
1376481466,1,23
1376481848,0,24
1376482082,1,23
1376482242,1,23
1376482244,0,24
1376482694,0,24
1376482738,1,23
1376482824,0,24
1376483428,0,24
1376483606,1,23
1376484014,0,24
1376484153,0,24
1376484282,0,24
1376484398,0,24
1376484474,0,24
1376484534,0,24
1376484597,0,24
1376484652,0,24
1376484707,1,23
1376484823,1,23
1376484874,2,22
1376484904,3,21
1376484970,3,21
1376485048,4,20
1376485271,3,21
1376485478,2,22
1376486082,2,22
1376486215,3,21
1376486818,3,21
1376487069,1,23
1376487180,2,22
1376487271,3,21
1376487388,4,20
1376487462,2,22
1376487475,1,23
1376487711,0,24
1376487823,2,22
1376487865,5,19
1376488082,6,18
1376488137,5,19
1376488353,3,21
1376488703,1,23
1376488745,0,24
1376488873,1,23
1376488924,1,23
1376489014,1,23
1376489031,1,23
1376489634,1,23
1376490079,0,24
1376490138,1,23
1376490224,1,23
1376490226,0,24
1376490830,0,24
1376491297,0,24
1376491323,0,24
1376491396,1,23
1376491927,1,23
1376492015,0,24
1376492079,1,23
1376492214,2,22
1376492320,2,22
1376492384,3,21
1376492988,3,21
1376493312,2,22
1376493690,2,22
1376493728,3,21
1376493814,2,22
1376493922,2,22
1376493969,3,21
1376494133,2,22
1376494210,1,23
1376494272,2,22
1376494424,1,23
1376494436,0,24
1376494759,0,24
1376495443,3,21
1376495624,5,19
1376495679,4,20
1376495723,3,21
1376495768,4,20
1376495921,3,21
1376496105,2,22
1376496131,1,23
1376496219,1,23
1376496276,0,24
1376496329,0,24
1376496388,1,23
1376496629,1,23
1376496878,3,21
1376497046,4,20
1376497161,5,19
1376497350,4,20
1376497579,3,21
1376497902,1,23
1376497944,0,24
1376498049,0,24
1376498259,1,23
1376498311,0,24
1376498431,0,24
1376498446,0,24
1376498594,1,23
1376498803,1,23
1376498844,0,24
1376498921,0,24
1376498982,3,21
1376499103,1,23
1376499209,3,21
1376499423,1,23
1376500040,2,22
1376500178,1,23
1376500353,2,22
1376500482,2,22
1376500489,3,21
1376500635,2,22
1376501023,2,22
1376501028,0,24
1376501264,1,23
1376501624,1,23
1376501671,1,23
1376501741,1,23
1376501785,2,22
1376502205,1,23
1376502254,0,24
1376502398,1,23
1376502461,1,23
1376502470,2,22
1376502578,2,22
1376502620,3,21
1376502687,3,21
1376502718,4,20
1376502822,3,21
1376502883,4,20
1376502936,5,19
1376503007,5,19
1376503070,4,20
1376503137,3,21
1376503745,2,22
1376503866,1,23
1376503941,0,24
1376504044,0,24
1376504390,0,24
1376504504,0,24
1376504510,1,23
1376504761,0,24
1376505365,0,24
1376505628,0,24
1376505760,0,24
1376505819,0,24
1376505864,1,23
1376505909,2,22
1376506541,0,24
1376507144,0,24
1376507364,0,24
1376507385,0,24
1376508000,0,24
1376508514,1,23
1376508630,0,24
1376509234,0,24
1376509837,0,24
1376510441,0,24
1376510489,0,24
1376511092,0,24
1376511696,0,24
1376512299,0,24
1376512484,1,23
1376512488,2,22
1376512693,1,23
1376512751,0,24
1376513383,0,24
1376513431,0,24
1376513563,1,23
1376514167,1,23
1376514256,2,22
1376514341,4,20
1376514506,3,21
1376514560,4,20
1376514643,4,20
1376514645,4,20
1376514763,3,21
1376514810,3,21
1376514884,2,22
1376514907,2,22
1376515032,1,23
1376515123,2,22
1376515125,3,21
1376515564,1,23
1376515874,0,24
1376516478,0,24
1376517081,0,24
1376517685,0,24
1376518288,0,24
1376518743,1,23
1376518829,2,22
1376519433,2,22
1376520036,2,22
1376520410,1,23
1376521066,0,24
1376521128,0,24
1376521220,0,24
1376521300,0,24
1376521363,1,23
1376521399,1,23
1376521444,1,23
1376521506,0,24
1376522110,0,24
1376522673,0,24
1376522731,1,23
1376522915,0,24
1376523023,0,24
1376523058,1,23
1376523126,1,23
1376523221,2,22
1376523272,3,21
1376523349,3,21
1376523413,3,21
1376523477,4,20
1376523925,4,20
1376523958,5,19
1376524445,4,20
1376524902,3,21
1376525007,4,20
1376525097,4,20
1376525173,4,20
1376525244,4,20
1376525368,4,20
1376525404,5,19
1376525879,5,19
1376525970,5,19
1376526019,6,18
1376526154,7,17
1376526254,7,17
1376526298,8,16
1376526901,8,16
1376527146,8,16
1376527209,8,16
1376527277,9,15
1376527590,10,14
1376528193,10,14
1376528665,11,13
1376528888,10,14
1376529119,11,13
1376529723,11,13
1376530113,11,13
1376530260,10,14
1376530784,10,14
1376530817,11,13
1376531420,11,13
1376532024,11,13
1376532582,10,14
1376532605,7,17
1376532940,10,14
1376532966,11,13
1376533569,11,13
1376534172,11,13
1376534475,11,13
1376534559,11,13
1376534564,12,12
1376535156,12,12
1376535214,12,12
1376535277,12,12
1376535339,12,12
1376535378,13,11
1376535471,13,11
1376535613,13,11
1376535665,14,10
1376535758,15,9
1376536362,15,9
1376536779,16,8
1376536789,17,7
1376536973,18,6
1376537577,18,6
1376538181,18,6
1376538785,18,6
1376539388,18,6
1376539992,18,6
1376540187,17,7
1376540791,17,7
1376541394,17,7
1376541998,17,7
1376542602,17,7
1376543205,17,7
1376543809,17,7
1376544014,16,8
1376544617,16,8
1376545220,16,8
1376545824,16,8
1376546145,15,9
1376546749,15,9
1376547027,14,10
1376547630,14,10
1376547785,15,9
1376548389,15,9
1376548717,13,11
1376549014,12,12
1376549619,12,12
1376549784,13,11
1376550388,13,11
1376550991,13,11
1376551168,13,11
1376551250,12,12
1376551854,12,12
1376552236,12,12
1376552281,12,12
1376552366,13,11
1376552390,14,10
1376552994,14,10
1376553329,12,12
1376553402,12,12
1376553410,13,11
1376553616,12,12
1376553823,12,12
1376553825,11,13
1376553938,9,15
1376554438,8,16
1376554611,6,18
1376555214,6,18
1376555315,4,20
1376555784,1,23
1376556220,0,24
1376556240,0,24
1376556436,0,24
1376556517,0,24
1376556562,1,23
1376557181,1,23
1376557183,0,24
1376557298,0,24
1376557333,0,24
1376557771,0,24
1376558067,1,23
1376558177,0,24
1376558782,0,24
1376559166,0,24
1376559249,0,24
1376559293,0,24
1376559356,0,24
1376559598,1,23
1376560174,0,24
1376560512,1,23
1376560951,0,24
1376561008,1,23
1376561031,0,24
1376561609,0,24
1376561682,0,24
1376561684,0,24
1376561788,0,24
1376561856,1,23
1376561910,3,21
1376561980,4,20
1376562014,4,20
1376562083,4,20
1376562138,4,20
1376562214,4,20
1376562435,4,20
1376562597,3,21
1376562692,2,22
1376562724,2,22
1376562776,2,22
1376563047,2,22
1376563297,0,24
1376563417,0,24
1376563471,1,23
1376563503,2,22
1376563685,3,21
1376563943,2,22
1376564001,1,23
1376564315,1,23
1376564619,1,23
1376564670,1,23
1376564742,1,23
1376564779,1,23
1376564845,1,23
1376564943,1,23
1376565020,1,23
1376565582,1,23
1376566027,2,22
1376566160,2,22
1376566305,1,23
1376566908,1,23
1376567081,1,23
1376567135,1,23
1376567145,2,22
1376567231,2,22
1376567300,2,22
1376567366,1,23
1376567426,2,22
1376567502,1,23
1376567558,3,21
1376567582,4,20
1376567931,3,21
1376567985,2,22
1376568105,1,23
1376568270,1,23
1376568352,2,22
1376568461,2,22
1376568588,2,22
1376568671,1,23
1376568761,1,23
1376568819,1,23
1376568830,1,23
1376569439,1,23
1376570078,2,22
1376570218,1,23
1376570295,1,23
1376570374,3,21
1376570432,3,21
1376570465,3,21
1376570505,2,22
1376570830,2,22
1376571110,1,23
1376571496,1,23
1376571561,1,23
1376571654,1,23
1376571715,1,23
1376571815,1,23
1376572419,1,23
1376572832,2,22
1376573329,1,23
1376573404,1,23
1376573665,2,22
1376573689,1,23
1376573779,2,22
1376573824,1,23
1376573874,1,23
1376573957,2,22
1376574137,1,23
1376574204,1,23
1376574279,1,23
1376574317,1,23
1376574398,1,23
1376574435,1,23
1376574515,2,22
1376574562,2,22
1376574636,3,21
1376574679,2,22
1376574747,1,23
1376574768,2,22
1376574876,3,21
1376574936,3,21
1376575000,2,22
1376575045,1,23
1376575113,1,23
1376575161,1,23
1376575241,2,22
1376575302,0,24
1376575679,1,23
1376575817,2,22
1376576294,2,22
1376576379,0,24
1376576436,1,23
1376576500,2,22
1376576561,3,21
1376576608,2,22
1376576658,2,22
1376576706,2,22
1376576857,1,23
1376576905,1,23
1376576960,0,24
1376577036,0,24
1376577098,0,24
1376577162,1,23
1376577188,0,24
1376577452,0,24
1376577505,0,24
1376577579,0,24
1376577629,0,24
1376577656,1,23
1376577775,1,23
1376577917,0,23
1376577952,0,24
1376578046,0,24
1376578135,0,24
1376578213,1,23
1376578268,1,23
1376578356,2,22
1376578415,3,21
1376578443,2,22
1376578641,3,21
1376578690,4,20
1376578780,4,20
1376578824,1,23
1376579428,1,23
1376579497,1,23
1376579560,2,22
1376579562,3,21
1376579801,3,21
1376579857,4,20
1376579889,4,20
1376580038,3,21
1376580065,4,20
1376580439,5,19
1376580477,3,21
1376580964,2,22
1376581039,4,20
1376581428,4,20
1376581537,2,22
1376581577,3,21
1376581701,3,21
1376581758,3,21
1376581837,2,22
1376581875,2,22
1376581905,1,23
1376582192,1,23
1376582255,4,20
1376582430,3,21
1376582454,2,22
1376582635,1,23
1376582841,2,22
1376582919,1,23
1376582968,1,23
1376582993,3,21
1376583159,3,21
1376583221,2,22
1376583238,1,23
1376583332,0,24
1376583379,0,24
1376583461,0,24
1376583498,0,24
1376584102,0,24
1376584178,1,23
1376584227,0,23
1376584277,2,22
1376584361,3,21
1376584861,2,22
1376584961,2,22
1376585019,3,21
1376585068,5,19
1376585141,6,18
1376585147,7,17
1376585382,7,17
1376585423,8,16
1376585495,7,17
1376585681,6,18
1376585816,6,18
1376585921,6,18
1376585962,6,18
1376586028,7,17
1376586080,8,16
1376586133,9,15
1376586198,10,14
1376586245,11,13
1376586400,12,12
1376586459,15,9
1376586462,15,9
1376586572,17,7
1376586640,18,6
1376586686,17,7
1376586930,14,10
1376587002,15,9
1376587005,14,10
1376587149,13,11
1376587257,12,12
1376587472,11,13
1376587584,9,15
1376587634,7,17
1376588076,6,18
1376588202,8,16
1376588474,8,16
1376588532,9,15
1376588867,9,15
1376588977,9,15
1376589113,8,16
1376589264,8,16
1376589303,9,15
1376589401,7,17
1376589405,7,17
1376589515,7,17
1376589585,6,18
1376589800,6,18
1376589880,7,17
1376589912,7,17
1376589972,7,17
1376590056,7,17
1376590075,8,16
1376590679,8,16
1376590780,7,17
1376590839,6,18
1376590961,4,20
1376591022,4,20
1376591046,5,19
1376591104,5,19
1376591468,4,20
1376591839,3,21
1376591903,2,22
1376592193,1,23
1376592430,0,24
1376592490,1,23
1376592923,0,24
1376593171,0,24
1376593186,0,24
1376593297,0,24
1376593351,2,22
1376593450,2,22
1376593486,3,21
1376593575,2,22
1376593662,3,21
1376593720,2,22
1376593723,1,23
1376593902,1,23
1376593955,2,22
1376594108,1,23
1376594737,0,24
1376594751,0,24
1376595355,0,24
1376595427,1,23
1376595637,1,23
1376595693,0,24
1376595760,1,23
1376595786,0,24
1376595865,0,24
1376595887,0,24
1376596491,0,24
1376597141,0,24
1376597181,0,23
1376597262,0,24
1376597321,0,24
1376597364,0,24
1376597409,1,23
1376597469,0,24
1376597606,0,24
1376598196,1,23
1376598416,0,24
1376598473,0,24
1376599077,0,24
1376599681,0,24
1376599954,0,24
1376600318,0,24
1376600326,1,23
1376600663,0,24
1376601267,0,24
1376601882,0,24
1376601999,1,23
1376602420,1,23
1376602428,0,24
1376603031,0,24
1376603502,1,23
1376603852,1,23
1376603884,3,21
1376604490,4,20
1376605093,4,20
1376605697,4,20
1376606250,5,19
1376606854,5,19
1376607341,5,19
1376607381,6,18
1376607985,6,18
1376608589,6,18
1376609192,6,18
1376609439,6,18
1376609450,6,18
1376609505,6,18
1376609893,7,17
1376610452,6,18
1376610580,6,18
1376610641,6,18
1376610649,7,17
1376610758,8,16
1376610823,11,13
1376610883,14,10
1376610938,16,8
1376610966,17,7
1376611569,17,7
1376612172,17,7
1376612693,17,7
1376612803,18,6
1376612948,18,6
1376613074,19,5
1376613678,19,5
1376614281,19,5
1376614884,19,5
1376615488,19,5
1376616092,19,5
1376616515,19,5
1376617119,19,5
1376617723,19,5
1376618184,20,4
1376618788,20,4
1376619392,20,4
1376619995,20,4
1376620160,20,4
1376620207,21,3
1376620271,22,2
1376620320,23,1
1376620924,23,1
1376621527,23,1
1376622131,23,1
1376622620,22,2
1376622935,23,1
1376623538,23,1
1376624142,23,1
1376624745,23,1
1376625001,22,2
1376625604,22,2
1376626208,22,2
1376626811,22,2
1376627341,21,3
1376627944,21,3
1376628548,21,3
1376629151,21,3
1376629756,21,3
1376629790,22,2
1376630394,22,2
1376630498,21,3
1376631101,21,3
1376631705,21,3
1376632310,21,3
1376632913,21,3
1376633252,22,2
1376633499,21,3
1376634159,20,4
1376634259,21,3
1376634583,20,4
1376634585,19,5
1376635190,19,5
1376635562,17,7
1376635754,16,8
1376635808,15,9
1376636411,15,9
1376636447,14,10
1376636983,13,11
1376637158,12,12
1376637282,11,13
1376637582,11,13
1376637623,9,15
1376637926,8,16
1376637958,9,15
1376638005,8,16
1376638106,7,17
1376638376,6,18
1376638728,5,19
1376639021,5,19
1376639058,6,18
1376639134,5,19
1376639329,4,20
1376639496,3,21
1376639586,3,21
1376639683,4,20
1376639743,4,20
1376639753,4,20
1376639851,2,22
1376640002,2,22
1376640103,2,22
1376640155,2,22
1376640210,3,21
1376640281,2,22
1376640375,3,21
1376640758,4,20
1376640810,3,21
1376640869,3,21
1376640917,3,21
1376640987,4,20
1376641334,3,21
1376641952,2,22
1376642188,2,22
1376642495,4,20
1376642639,5,19
1376642870,4,20
1376643019,3,21
1376643333,4,20
1376643351,4,20
1376643450,4,20
1376643487,5,19
1376643619,6,18
1376644082,4,20
1376644686,4,20
1376645308,3,21
1376645334,2,22
1376645617,2,22
1376645654,3,21
1376645694,2,22
1376645801,1,23
1376646032,0,24
1376646636,0,24
1376647239,0,24
1376647843,0,24
1376648446,0,24
1376648621,0,24
1376648631,1,23
1376648770,0,24
1376649158,1,23
1376649204,1,23
1376649367,2,22
1376649915,2,22
1376650266,3,21
1376650870,3,21
1376651209,2,22
1376651702,3,21
1376652306,3,21
1376652909,3,21
1376653110,4,20
1376653713,4,20
1376653768,5,19
1376654081,4,20
1376654514,3,21
1376654741,3,21
1376654744,2,22
1376654841,2,22
1376654912,3,21
1376655206,4,20
1376655447,5,19
1376655763,5,19
1376655785,2,22
1376656177,2,22
1376656188,1,23
1376656537,2,22
1376657127,2,22
1376657161,3,21
1376657331,2,22
1376657499,2,22
1376657549,3,21
1376657620,5,19
1376657654,3,21
1376657804,3,21
1376658294,2,22
1376658511,2,22
1376658761,2,22
1376658822,1,23
1376658830,2,22
1376658937,1,23
1376658978,0,24
1376659594,0,24
1376659743,0,24
1376659828,0,24
1376659896,1,23
1376659929,2,22
1376660112,1,23
1376660409,0,24
1376660846,0,24
1376660898,0,24
1376661501,0,24
1376661999,0,24
1376662423,0,24
1376662482,0,24
1376662581,0,24
1376662653,0,24
1376662722,1,23
1376662743,0,24
1376662838,0,24
1376662899,0,24
1376662961,0,24
1376663023,0,24
1376663025,1,23
1376663136,0,24
1376663165,1,23
1376663342,0,24
1376663946,0,24
1376664137,0,24
1376664259,0,24
1376664862,0,24
1376665479,0,24
1376665519,1,23
1376665589,1,23
1376665614,2,22
1376665963,1,23
1376665978,0,24
1376666135,0,24
1376666147,1,23
1376666420,0,24
1376666981,0,24
1376667461,0,24
1376667463,1,23
1376667895,2,22
1376668003,1,22
1376668031,2,22
1376668464,1,23
1376668961,1,23
1376669015,1,23
1376669065,1,23
1376669097,1,23
1376669151,1,23
1376669309,2,22
1376669350,2,22
1376669438,3,21
1376669483,3,21
1376669533,5,19
1376669601,2,22
1376669711,1,23
1376670315,1,23
1376670697,0,24
1376671300,0,24
1376671779,0,24
1376671802,1,23
1376671942,0,24
1376672023,1,23
1376672073,1,23
1376672139,1,23
1376672170,2,22
1376672259,0,24
1376672316,0,24
1376672364,0,24
1376672448,0,24
1376672616,0,24
1376672630,0,24
1376672733,0,24
1376672774,1,23
1376672863,1,23
1376672918,1,23
1376672973,0,24
1376672987,0,24
1376673590,0,24
1376673747,0,24
1376673770,0,24
1376674099,1,23
1376674313,0,24
1376674394,1,23
1376674703,2,22
1376674771,2,22
1376674833,3,21
1376674884,5,19
1376675281,6,18
1376675419,6,18
1376675452,7,17
1376676099,8,16
1376676702,8,16
1376676843,7,17
1376677001,7,17
1376677063,6,18
1376677103,6,18
1376677158,7,17
1376677602,6,18
1376677649,5,19
1376677751,8,16
1376677920,7,17
1376678492,8,16
1376678563,9,15
1376678652,10,14
1376678904,11,13
1376679225,11,13
1376679238,10,14
1376679548,9,15
1376680152,9,15
1376680251,8,16
1376680815,7,17
1376680889,6,18
1376681073,5,19
1376681229,6,18
1376681348,5,19
1376681420,5,19
1376681485,5,19
1376681561,5,19
1376681566,6,18
1376681781,5,19
1376682385,5,19
1376682984,6,18
1376683390,5,19
1376683473,5,19
1376683527,6,18
1376683555,7,17
1376683879,8,16
1376684060,7,17
1376684141,7,17
1376684159,5,19
1376684646,6,18
1376684798,6,18
1376684806,7,17
1376685402,7,17
1376685447,5,19
1376686051,5,19
1376686479,6,18
1376686559,5,19
1376687163,5,19
1376687682,4,20
1376688286,4,20
1376688490,2,22
1376689094,2,22
1376689154,2,22
1376689781,2,22
1376689791,3,21
1376689899,4,20
1376689917,5,19
1376690025,7,17
1376690043,8,16
1376690623,8,16
1376690632,9,15
1376690775,10,14
1376690817,9,15
1376690981,8,16
1376691621,8,16
1376691678,9,15
1376691781,9,15
1376691943,9,15
1376691946,10,14
1376692023,9,15
1376692627,9,15
1376693016,8,16
1376693500,6,18
1376694103,6,18
1376694359,5,19
1376694521,7,17
1376694534,10,14
1376694935,10,14
1376694978,11,13
1376695060,11,13
1376695074,13,11
1376695677,13,11
1376696023,13,11
1376696050,15,9
1376696654,15,9
1376697281,14,10
1376697884,14,10
1376698110,14,10
1376698714,14,10
1376699095,13,11
1376699698,13,11
1376699781,10,14
1376699922,10,14
1376699938,13,11
1376700257,11,13
1376700860,11,13
1376701464,11,13
1376702076,11,13
1376702098,12,12
1376702159,12,12
1376702262,12,12
1376702303,12,12
1376702365,14,10
1376702441,14,10
1376702495,15,9
1376702562,15,9
1376702587,16,8
1376702903,16,8
1376702997,16,8
1376703601,16,8
1376704205,16,8
1376704534,16,8
1376704550,16,8
1376704642,16,8
1376704713,16,8
1376704794,17,7
1376705397,17,7
1376706001,17,7
1376706604,17,7
1376707208,17,7
1376707811,17,7
1376708416,17,7
1376708846,17,7
1376708920,17,7
1376709030,17,7
1376709065,18,6
1376709401,18,6
1376709409,19,5
1376710012,19,5
1376710616,19,5
1376711254,20,4
1376711857,20,4
1376712461,20,4
1376712673,19,5
1376713276,19,5
1376713881,19,5
1376714484,19,5
1376715089,19,5
1376715693,19,5
1376716297,19,5
1376716901,19,5
1376717160,18,6
1376717764,18,6
1376717969,19,5
1376718573,19,5
1376718856,18,6
1376719330,17,7
1376719934,17,7
1376720539,17,7
1376721148,17,7
1376721331,18,6
1376721934,18,6
1376722538,18,6
1376723141,18,6
1376723745,18,6
1376724388,17,7
1376724426,15,9
1376725030,15,9
1376725626,14,10
1376726030,13,11
1376726202,12,12
1376726204,11,13
1376726771,9,15
1376726983,9,15
1376726985,8,16
1376727067,7,17
1376727315,6,18
1376727363,6,18
1376727514,7,17
1376727567,8,16
1376727817,9,15
1376727842,10,14
1376727993,9,15
1376728006,9,15
1376728352,8,16
1376728408,7,17
1376728429,6,18
1376729032,6,18
1376729256,6,18
1376729283,7,17
1376729503,7,17
1376729508,5,19
1376729908,6,18
1376730179,5,19
1376730493,6,18
1376730563,5,19
1376730666,4,20
1376731269,4,20
1376731873,4,20
1376732477,4,20
1376732802,6,18
1376732846,7,17
1376732927,6,18
1376733328,6,18
1376733393,7,17
1376733448,7,17
1376734052,7,17
1376734587,5,19
1376735018,7,17
1376735065,8,16
1376735101,7,17
1376735439,4,20
1376735478,5,19
1376735622,4,20
1376735659,3,21
1376735722,1,23
1376735790,1,23
1376735821,1,23
1376735922,2,22
1376735955,3,21
1376736074,2,22
1376736309,1,23
1376736698,0,24
1376736908,1,23
1376737241,2,22
1376737378,3,21
1376738022,3,21
1376738074,5,19
1376738390,4,20
1376738586,5,19
1376738802,6,18
1376738842,5,19
1376738914,4,20
1376739343,3,21
1376739580,3,21
1376739610,4,20
1376739695,4,20
1376739736,5,19
1376739790,3,21
1376739862,4,20
1376739894,5,19
1376740498,5,19
1376740578,4,20
1376740783,2,22
1376740842,2,22
1376740868,3,21
1376741101,4,20
1376741441,3,21
1376741470,3,21
1376741547,2,22
1376741609,0,24
1376742213,0,24
1376742468,0,24
1376742637,0,24
1376742740,0,24
1376742783,0,24
1376742869,0,24
1376742960,0,24
1376743067,0,24
1376743153,0,24
1376743210,0,24
1376743286,0,24
1376743322,0,24
1376743387,0,24
1376743466,0,24
1376743585,1,23
1376743652,1,23
1376744255,1,23
1376744423,0,24
1376744861,1,23
1376744923,1,23
1376744930,1,23
1376745396,0,24
1376745763,1,23
1376745816,0,24
1376745834,0,24
1376746143,1,23
1376746265,2,22
1376746703,2,22
1376746856,1,23
1376747061,0,24
1376747664,0,24
1376747938,0,24
1376748031,0,24
1376748087,0,24
1376748691,0,24
1376748763,1,23
1376748824,1,23
1376748830,0,24
1376748939,0,24
1376749095,0,24
1376749170,0,24
1376749241,1,23
1376749301,0,24
1376749398,1,23
1376749440,0,24
1376749538,1,23
1376749584,0,24
1376749769,2,22
1376749884,5,19
1376750058,5,18
1376750091,5,17
1376750389,4,18
1376750801,5,17
1376750855,5,17
1376750916,7,15
1376751095,6,16
1376751154,6,16
1376751610,3,19
1376751933,3,19
1376752054,4,18
1376752124,5,17
1376752171,7,15
1376752226,8,14
1376752360,7,15
1376752456,6,16
1376752581,5,17
1376752659,5,17
1376752715,6,16
1376752779,6,16
1376752821,4,18
1376752879,5,17
1376752949,3,19
1376752978,4,18
1376753188,3,19
1376753622,1,21
1376753673,0,22
1376753701,1,21
1376753785,0,22
1376753863,0,22
1376753920,0,22
1376753978,0,22
1376754157,1,21
1376754220,1,21
1376754280,1,21
1376754329,2,20
1376754356,3,19
1376754454,3,19
1376754512,5,17
1376754731,6,16
1376754823,5,17
1376755135,4,18
1376755739,4,18
1376756342,4,18
1376756946,4,18
1376757024,3,19
1376757320,3,19
1376757662,2,20
1376757742,2,20
1376757793,3,19
1376757873,3,19
1376757920,4,18
1376758523,4,18
1376758663,4,18
1376758823,3,19
1376758977,3,19
1376759082,3,19
1376759143,3,19
1376759180,4,18
1376759239,5,17
1376759274,6,16
1376759404,6,16
1376759468,6,16
1376759528,7,15
1376759617,7,15
1376759642,8,14
1376759716,9,13
1376759922,10,12
1376759932,8,14
1376760032,4,18
1376760058,4,18
1376760204,1,21
1376760313,2,20
1376760697,1,21
1376760823,1,21
1376760831,0,22
1376760941,0,22
1376760999,0,22
1376761019,0,22
1376761622,0,22
1376761722,1,21
1376761778,2,20
1376761892,1,21
1376761958,1,21
1376762022,2,20
1376762085,3,19
1376762120,3,19
1376762194,3,19
1376762235,5,17
1376762321,6,16
1376762431,8,14
1376762476,8,14
1376762592,8,14
1376762683,8,14
1376762723,10,12
1376762814,9,13
1376762898,7,15
1376762977,5,17
1376763049,5,17
1376763161,5,17
1376763221,4,18
1376763263,3,19
1376763462,3,19
1376763465,4,18
1376764081,3,19
1376764244,3,19
1376764247,2,20
1376764408,4,18
1376764663,4,18
1376764670,2,20
1376764767,3,19
1376765380,2,20
1376765425,1,21
1376765452,2,20
1376765861,1,21
1376766019,0,22
1376766137,2,20
1376766741,2,20
1376767229,1,21
1376767245,1,21
1376767590,0,21
1376767618,0,22
1376768221,0,22
1376768825,0,22
1376769428,0,22
1376770050,1,21
1376770577,1,21
1376770822,0,22
1376770936,1,21
1376771545,1,21
1376771594,0,22
1376771789,1,21
1376771863,1,21
1376771866,0,22
1376772469,0,22
1376772589,0,22
1376773193,0,22
1376773252,0,22
1376773352,0,22
1376773412,1,21
1376773453,2,20
1376773532,2,20
1376773604,0,21
1376773659,1,20
1376773724,0,21
1376773782,0,21
1376773843,1,20
1376773893,0,21
1376773937,0,21
1376774052,0,21
1376774110,1,20
1376774277,2,19
1376774621,1,20
1376774632,2,19
1376775121,3,18
1376775282,3,18
1376775285,2,19
1376775416,1,20
1376776020,1,20
1376776124,0,21
1376776362,1,20
1376776365,2,19
1376776734,3,18
1376777048,4,17
1376777651,4,17
1376778210,4,17
1376778278,5,16
1376778882,5,16
1376779485,5,16
1376779765,5,16
1376779819,6,15
1376780422,6,15
1376780741,5,16
1376780789,7,14
1376780864,7,14
1376780882,9,12
1376781486,9,12
1376782090,9,12
1376782238,9,12
1376782249,10,11
1376782853,10,11
1376782941,9,12
1376783544,9,12
1376783623,10,11
1376783631,11,10
1376784234,11,10
1376784393,11,10
1376784437,12,9
1376784522,12,9
1376784563,14,7
1376784602,14,7
1376784683,14,7
1376784762,16,5
1376785132,15,6
1376785539,15,6
1376785573,16,5
1376786085,16,5
1376786087,17,4
1376786489,18,3
1376787092,18,3
1376787692,19,2
1376787717,20,1
1376788167,21,0
1376788770,21,0
1376789310,21,0
1376789915,21,0
1376790519,21,0
1376790612,20,1
1376791216,20,1
1376791534,20,2
1376791602,20,2
1376791630,21,1
1376791678,22,0
1376792283,22,0
1376792685,22,0
1376792687,22,0
1376793291,22,0
1376793894,22,0
1376794106,22,0
1376794710,22,0
1376795313,22,0
1376795916,22,0
1376796520,22,0
1376797123,22,0
1376797727,22,0
1376798331,22,0
1376798934,22,0
1376799538,22,0
1376800141,22,0
1376800746,22,0
1376801350,22,0
1376801954,22,0
1376802558,22,0
1376803162,22,0
1376803766,22,0
1376804370,22,0
1376804976,22,0
1376805580,22,0
1376806184,22,0
1376806789,22,0
1376807392,22,0
1376807498,21,1
1376807812,20,2
1376808416,20,2
1376809020,20,2
1376809624,20,2
1376809686,19,3
1376809997,18,4
1376810602,18,4
1376811206,18,4
1376811810,18,4
1376812413,18,4
1376812781,17,5
1376813385,17,5
1376813990,17,5
1376814461,16,6
1376814761,15,7
1376814813,13,9
1376814828,13,9
1376815244,13,9
1376815246,14,8
1376815535,13,9
1376815582,12,10
1376815638,11,11
1376815673,11,11
1376815770,11,11
1376815829,11,11
1376816418,10,12
1376816623,9,13
1376816626,8,14
1376817229,8,14
1376817684,9,13
1376818288,9,13
1376818384,10,12
1376818904,12,10
1376819508,12,10
1376819729,11,11
1376819780,10,12
1376819855,11,11
1376819879,11,11
1376819964,11,11
1376819992,12,10
1376820495,11,11
1376820688,12,10
1376821092,11,11
1376821696,11,11
1376822264,11,11
1376822272,12,10
1376822875,12,10
1376823229,11,11
1376823316,11,11
1376823920,11,11
1376824093,10,12
1376824419,8,14
1376824768,7,15
1376824803,6,16
1376825024,7,15
1376825060,6,16
1376825664,6,16
1376825725,6,16
1376825804,6,16
1376825858,5,17
1376825885,5,17
1376825977,5,17
1376826037,6,16
1376826236,6,16
1376826291,6,16
1376826387,7,15
1376826442,8,14
1376826566,8,14
1376826620,8,14
1376826688,7,15
1376826806,9,13
1376826884,11,11
1376826912,11,11
1376826968,12,10
1376827153,12,10
1376827225,12,10
1376827276,12,10
1376827351,14,8
1376827483,14,8
1376827532,14,8
1376827590,14,8
1376827656,14,8
1376827716,11,11
1376827902,11,11
1376827940,11,11
1376827970,12,10
1376828224,11,11
1376828589,11,11
1376828648,11,11
1376828723,11,11
1376828768,11,11
1376828857,11,11
1376828884,12,10
1376828935,12,10
1376828995,13,9
1376829599,13,9
1376830203,13,9
1376830841,12,10
1376830850,11,11
1376831321,11,11
1376831340,6,16
1376831549,6,16
1376831571,6,16
1376831721,7,15
1376831787,8,14
1376831837,10,12
1376831899,12,10
1376832043,13,9
1376832069,14,8
1376832261,12,10
1376832334,10,12
1376832597,9,13
1376832773,10,12
1376832942,9,13
1376832994,8,14
