1376208186,22,1
1376208789,22,1
1376209393,22,1
1376209997,22,1
1376210601,22,1
1376210892,21,2
1376211496,21,2
1376212100,19,4
1376212704,19,4
1376212860,17,6
1376213463,17,6
1376213520,16,7
1376213662,16,7
1376213760,17,6
1376213859,17,6
1376213894,18,5
1376214300,17,6
1376214384,17,6
1376214417,17,6
1376214507,17,6
1376215111,17,6
1376215401,16,7
1376215466,17,6
1376215602,17,6
1376215641,18,5
1376215670,19,4
1376215740,17,6
1376216179,19,4
1376216743,19,4
1376216748,17,6
1376216982,17,6
1376217042,19,4
1376217096,20,3
1376217160,22,1
1376217765,22,1
1376217981,21,2
1376218053,19,4
1376218235,20,3
1376218290,21,2
1376218440,19,4
1376218543,17,6
1376219146,17,6
1376219321,17,6
1376219367,18,5
1376219405,19,4
1376219924,19,4
1376219972,21,2
1376220556,20,3
1376221055,18,5
1376221659,18,5
1376221963,17,6
1376221968,16,7
1376222059,15,8
1376222125,14,9
1376222193,14,9
1376222242,14,9
1376222312,15,8
1376222562,15,8
1376222565,16,7
1376222792,15,8
1376222887,15,8
1376222959,16,7
1376223474,17,6
1376223683,15,8
1376223740,16,7
1376223785,17,6
1376224152,16,7
1376224755,16,7
1376225359,16,7
1376225397,15,8
1376225769,13,10
1376225889,13,10
1376225941,14,9
1376226013,14,9
1376226116,15,8
1376226319,15,8
1376226355,16,7
1376226462,17,6
1376226627,14,9
1376226650,12,11
1376226867,11,12
1376227157,12,11
1376227237,14,9
1376227520,13,10
1376228123,13,10
1376228441,11,12
1376228465,10,13
1376228921,12,11
1376229192,13,10
1376229633,11,12
1376229674,11,12
1376230050,12,11
1376230176,12,11
1376230226,13,10
1376230303,7,16
1376230331,7,16
1376230423,8,15
1376230542,8,15
1376230617,9,14
1376230900,8,15
1376231022,8,14
1376231044,9,14
1376231141,8,15
1376231203,8,15
1376231209,6,17
1376231622,5,18
1376232034,5,18
1376232102,6,17
1376232153,7,16
1376232199,8,15
1376232582,9,14
1376232758,10,13
1376233199,11,12
1376233265,12,11
1376233870,12,11
1376234477,11,12
1376234577,10,13
1376235181,10,13
1376235278,9,14
1376235287,8,15
1376235891,8,15
1376235968,6,17
1376236121,2,21
1376236241,1,22
1376236551,0,23
1376236771,0,23
1376236840,1,22
1376237021,1,22
1376237138,0,23
1376237213,1,22
1376237300,0,23
1376237375,0,23
1376237414,1,22
1376237515,2,21
1376237730,4,19
1376238189,2,21
1376238236,1,22
1376238317,2,21
1376238642,2,21
1376238759,5,18
1376238938,3,20
1376239043,2,21
1376239121,2,21
1376239232,3,20
1376239376,2,21
1376239811,4,19
1376239962,5,18
1376239972,6,17
1376240320,7,16
1376240352,9,14
1376240524,7,16
1376241128,7,16
1376241332,8,15
1376241349,7,16
1376241437,7,16
1376241474,6,17
1376241641,6,17
1376241689,6,17
1376241821,5,18
1376241843,6,17
1376241987,8,15
1376242586,9,14
1376242700,8,15
1376243192,7,16
1376243236,6,17
1376243862,6,17
1376243871,7,16
1376244475,7,16
1376245079,7,16
1376245224,8,15
1376245274,7,16
1376245415,7,16
1376245508,7,16
1376245608,7,16
1376245687,8,15
1376245729,7,16
1376245825,8,15
1376245897,9,14
1376246199,10,13
1376246228,12,11
1376246832,12,11
1376247180,12,11
1376247784,12,11
1376248388,12,11
1376248992,12,11
1376249102,10,13
1376249569,9,14
1376249756,10,13
1376250032,10,13
1376250101,10,13
1376250217,9,14
1376250822,9,14
1376250875,8,15
1376251035,6,17
1376251640,6,17
1376251825,5,18
1376251921,3,20
1376252525,3,20
1376253096,5,18
1376253701,5,18
1376253986,6,17
1376254038,6,17
1376254268,7,16
1376254871,7,16
1376255475,7,16
1376256090,8,15
1376256106,9,14
1376256397,11,12
1376257002,11,12
1376257605,11,12
1376257721,12,11
1376257781,12,11
1376257789,13,10
1376258393,13,10
1376258578,12,11
1376258860,13,10
1376259463,13,10
1376259798,12,11
1376260106,10,13
1376260451,8,15
1376260716,9,14
1376261319,9,14
1376261923,9,14
1376262255,8,15
1376262859,8,15
1376263463,8,15
1376264066,8,15
1376264670,8,15
1376265274,8,15
1376265878,8,15
1376266481,8,15
1376267085,8,15
1376267689,8,15
1376267958,9,14
1376268562,9,14
1376269166,9,14
1376269770,9,14
1376270373,9,14
1376271160,9,14
1376271763,9,14
1376272367,9,14
1376272970,9,14
1376273574,9,14
1376274178,9,14
1376274782,9,14
1376275386,9,14
1376275989,9,14
1376276593,9,14
1376277197,9,14
1376277801,9,14
1376278404,9,14
1376279008,9,14
1376279612,9,14
1376280216,9,14
1376280819,9,14
1376281423,9,14
1376282027,9,14
1376282631,9,14
1376283234,9,14
1376283407,8,15
1376284000,8,15
1376284008,9,14
1376284612,9,14
1376285216,9,14
1376285820,9,14
1376286423,9,14
1376287027,9,14
1376287642,10,13
1376288038,11,12
1376288642,11,12
1376289246,11,12
1376289597,12,11
1376290200,12,11
1376290269,10,13
1376290835,10,13
1376291038,11,12
1376291642,11,12
1376291910,10,13
1376292514,10,13
1376293118,10,13
1376293248,9,14
1376293852,9,14
1376294456,9,14
1376295061,9,14
1376295327,10,13
1376295932,10,13
1376295997,10,13
1376296109,11,12
1376296599,12,11
1376296642,13,10
1376297121,12,11
1376297725,12,11
1376298329,12,11
1376298932,12,11
1376299536,12,11
1376300140,12,11
1376300744,12,11
1376300894,11,12
1376301518,12,11
1376302122,12,11
1376302352,13,10
1376302444,14,9
1376303048,14,9
1376303432,15,8
1376304037,15,8
1376304101,15,8
1376304222,15,8
1376304243,16,7
1376304334,15,8
1376304938,15,8
1376305063,15,8
1376305092,15,8
1376305696,16,7
1376305782,16,7
1376305809,11,12
1376306413,11,12
1376306883,11,12
1376306954,10,13
1376307558,10,13
1376308162,10,13
1376308580,11,12
1376309184,11,12
1376309569,10,13
1376310173,10,13
1376310823,10,13
1376310879,12,11
1376311483,12,11
1376311985,11,12
1376312506,10,13
1376312714,9,14
1376312773,9,14
1376312827,9,14
1376312899,10,13
1376312950,10,13
1376313080,11,12
1376313685,11,12
1376314288,11,12
1376314894,11,12
1376315479,11,12
1376315527,11,12
1376315610,11,12
1376315659,12,11
1376315904,11,12
1376316508,11,12
1376316639,11,12
1376316647,12,11
1376317251,12,11
1376317534,11,12
1376318138,11,12
1376318742,11,12
1376319158,10,13
1376319761,10,13
1376319899,9,14
1376319992,8,15
1376320597,8,15
1376321201,8,15
1376321805,8,15
1376322409,8,15
1376322839,7,16
1376322995,6,17
1376323017,7,16
1376323181,8,15
1376323470,7,15
1376323497,7,16
1376323619,6,17
1376323769,7,16
1376323842,7,16
1376323860,8,15
1376324022,7,16
1376324066,5,18
1376324090,4,19
1376324216,3,20
1376324296,4,19
1376324462,5,18
1376324761,6,17
1376325007,5,18
1376325103,5,18
1376325105,4,19
1376325523,4,19
1376325526,3,20
1376325629,2,21
1376325797,1,22
1376325959,0,23
1376326096,0,23
1376326241,0,23
1376326399,1,22
1376326582,2,21
1376326749,1,22
1376327224,0,23
1376327439,1,22
1376327605,0,23
1376327661,0,23
1376327741,0,23
1376327770,0,23
1376327842,0,23
1376327968,0,23
1376328069,0,23
1376328672,0,23
1376328956,1,22
1376329119,0,23
1376329222,0,23
1376329299,1,22
1376329840,1,22
1376329847,0,23
1376330452,0,23
1376330618,0,23
1376330646,0,23
1376331116,1,22
1376331230,1,22
1376331541,1,22
1376332144,1,22
1376332748,1,22
1376333352,1,22
1376333455,0,23
1376333903,1,22
1376334258,2,21
1376334863,2,21
1376335422,1,22
1376335425,0,23
1376336048,0,23
1376336573,0,23
1376337178,0,23
1376337781,0,23
1376338385,0,23
1376338989,0,23
1376339593,0,23
1376340196,0,23
1376340800,0,23
1376340987,2,21
1376341591,2,21
1376342195,2,21
1376342798,2,21
1376343402,2,21
1376343519,3,20
1376343577,3,20
1376343611,4,19
1376344216,4,19
1376344819,4,19
1376345423,4,19
1376346027,4,19
1376346631,4,19
1376347235,4,19
1376347839,4,19
1376348443,4,19
1376349004,4,19
1376349608,4,19
1376349722,4,19
1376349795,4,19
1376349838,5,18
1376350441,5,18
1376351045,5,18
1376351649,5,18
1376352252,5,18
1376352489,4,19
1376353093,4,19
1376353696,4,19
1376354300,4,19
1376354904,4,19
1376355508,4,19
1376356111,4,19
1376356464,3,20
1376356554,3,20
1376357158,3,20
1376357561,3,20
1376358165,3,20
1376358770,3,20
1376359373,3,20
1376359977,3,20
1376360421,4,19
1376361024,4,19
1376361628,4,19
1376362232,4,19
1376362836,4,19
1376363440,4,19
1376364043,4,19
1376364647,4,19
1376365251,4,19
1376365855,4,19
1376366459,4,19
1376367062,4,19
1376367666,4,19
1376368270,4,19
1376368603,4,19
1376368605,5,18
1376369196,4,19
1376369801,4,19
1376370405,4,19
1376371008,4,19
1376371612,4,19
1376372216,4,19
1376372819,4,19
1376373423,4,19
1376373664,5,18
1376374268,5,18
1376374475,6,17
1376375079,6,17
1376375683,6,17
1376376287,6,17
1376376452,7,16
1376376469,8,15
1376377073,8,15
1376377193,9,14
1376377642,10,13
1376377721,9,14
1376377729,10,13
1376377938,11,12
1376378060,12,11
1376378485,11,12
1376378598,12,11
1376379202,12,11
1376379401,12,11
1376379404,11,12
1376380008,11,12
1376380612,11,12
1376380899,10,13
1376381135,9,14
1376381168,7,16
1376381772,7,16
1376382376,7,16
1376382767,6,17
1376383370,6,17
1376383529,7,16
1376384132,7,16
1376384736,7,16
1376385000,8,15
1376385605,8,15
1376386059,7,16
1376386405,7,16
1376386472,8,15
1376386608,7,16
1376387212,7,16
1376387481,6,17
1376387546,5,18
1376388083,4,19
1376388221,4,19
1376388254,5,18
1376388291,4,19
1376388506,5,18
1376389002,6,17
1376389019,6,16
1376389101,7,15
1376389705,7,16
1376390092,6,17
1376390695,6,17
1376391037,5,18
1376391206,4,19
1376391245,5,18
1376391635,4,19
1376391655,4,19
1376391745,3,20
1376391765,3,20
1376391878,3,20
1376391930,4,19
1376392040,3,20
1376392644,3,20
1376392886,2,21
1376392980,2,21
1376393584,2,21
1376394188,2,21
1376394754,3,20
1376394875,2,21
1376394939,2,21
1376394946,3,20
1376395550,3,20
1376396154,3,20
1376396727,2,21
1376396794,1,22
1376396806,1,22
1376397410,1,22
1376398014,1,22
1376398618,1,22
1376398675,0,23
1376399279,0,23
1376399883,0,23
1376400488,0,23
1376401092,0,23
1376401695,0,23
1376402299,0,23
1376402834,1,22
1376403090,0,23
1376403124,0,23
1376403164,0,23
1376403427,0,23
1376404031,0,23
1376404343,0,23
1376404400,1,22
1376404914,0,23
1376405339,1,22
1376405660,0,23
1376406220,0,23
1376406270,1,22
1376406874,1,22
1376407478,1,22
1376407626,0,23
1376408231,0,23
1376408379,0,23
1376408428,1,22
1376408462,2,21
1376408602,2,21
1376408882,2,21
1376409037,2,21
1376409117,2,21
1376409171,2,21
1376409265,3,20
1376409319,4,19
1376409435,5,18
1376409745,4,19
1376409968,3,20
1376410445,4,19
1376410574,3,20
1376410782,1,22
1376410784,0,23
1376410901,0,23
1376410912,1,22
1376411061,0,23
1376411103,0,23
1376411149,0,23
1376411339,1,22
1376411613,1,22
1376411652,2,21
1376411817,1,22
1376412421,1,22
1376412832,0,23
1376413436,0,23
1376414040,0,23
1376414643,0,23
1376415247,0,23
1376415851,0,23
1376416455,0,23
1376417059,0,23
1376417424,1,22
1376417862,1,22
1376417902,3,20
1376417989,2,21
1376418245,1,22
1376418848,1,22
1376419310,0,23
1376419913,0,23
1376420261,2,21
1376420317,1,22
1376420362,0,23
1376420967,0,23
1376421571,0,23
1376422175,0,23
1376422779,0,23
1376423042,2,21
1376423560,3,20
1376423897,2,21
1376424442,1,22
1376424748,2,21
1376424891,1,22
1376425494,1,22
1376425720,1,22
1376425726,0,23
1376426330,0,23
1376426793,1,22
1376426855,0,23
1376426922,0,23
1376426953,0,23
1376427010,0,23
1376427085,0,23
1376427158,0,23
1376427212,0,23
1376427236,0,23
1376427840,0,23
1376428443,0,23
1376429021,1,22
1376429081,3,19
1376429110,1,21
1376429200,3,19
1376429259,1,21
1376429294,3,19
1376429898,3,20
1376430036,1,22
1376430087,1,22
1376430331,0,23
1376430569,0,23
1376430594,0,23
1376430663,1,22
1376431298,3,20
1376431902,3,20
1376432506,3,20
1376433110,3,20
1376433714,3,20
1376434318,3,20
1376434922,3,20
1376435135,3,20
1376435323,3,20
1376435419,3,20
1376435493,3,19
1376435551,3,19
1376435612,3,19
1376435640,3,19
1376435733,3,20
1376435764,3,20
1376435853,3,20
1376435886,4,19
1376436021,4,19
1376436087,4,19
1376436132,5,18
1376436736,5,18
1376437339,5,18
1376437943,5,18
1376438547,5,18
1376439151,5,18
1376439755,5,18
1376440358,5,18
1376440962,5,18
1376441566,5,18
1376442170,5,18
1376442773,5,18
1376443377,5,18
1376443954,5,18
1376444559,5,18
1376445162,5,18
1376445766,5,18
1376446370,5,18
1376446974,5,18
1376447578,5,18
1376448182,5,18
1376448786,5,18
1376449389,5,18
1376449993,5,18
1376450597,5,18
1376451201,5,18
1376451804,5,18
1376452408,5,18
1376453012,5,18
1376453135,4,19
1376453739,4,19
1376454343,4,19
1376454947,4,19
1376455476,4,19
1376455500,4,19
1376456105,4,19
1376456709,4,19
1376456892,4,19
1376456961,3,20
1376457159,3,20
1376457204,3,20
1376457335,3,20
1376457402,3,20
1376457567,3,20
1376457691,3,20
1376457759,3,20
1376457911,3,20
1376458515,3,20
1376459120,3,20
1376459723,3,20
1376460327,3,20
1376460931,3,20
1376461263,2,21
1376461424,3,20
1376462028,3,20
1376462632,3,20
1376462949,2,21
1376463553,2,21
1376464157,2,21
1376464338,1,22
1376464946,1,22
1376464982,2,21
1376465254,3,20
1376465264,3,20
1376465366,4,19
1376465970,4,19
1376466574,4,19
1376466745,3,20
1376467349,3,20
1376467663,3,20
1376467665,4,19
1376468269,4,19
1376468873,4,19
1376469088,5,18
1376469692,5,18
1376469818,5,18
1376469826,6,17
1376470063,2,21
1376470179,3,20
1376470393,4,19
1376470728,4,19
1376470817,5,18
1376471421,5,18
1376472025,5,18
1376472579,6,17
1376473183,6,17
1376473800,5,18
1376474404,5,18
1376475014,5,18
1376475500,6,17
1376475543,6,17
1376475861,7,16
1376475893,8,15
1376476497,8,15
1376476650,7,16
1376477034,7,16
1376477169,7,16
1376477303,8,15
1376477427,8,15
1376477467,9,14
1376478070,9,14
1376478511,10,13
1376478548,11,12
1376478807,12,11
1376479411,12,11
1376479597,11,12
1376479610,10,13
1376479717,8,15
1376479757,10,13
1376479942,10,13
1376480185,10,13
1376480716,11,12
1376481343,12,11
1376481941,11,12
1376481965,9,14
1376482183,9,14
1376482232,8,15
1376482301,7,16
1376482310,7,16
1376482914,7,16
1376482989,6,17
1376483053,5,18
1376483117,5,18
1376483256,5,18
1376483288,6,17
1376483891,6,17
1376483981,6,17
1376484035,7,16
1376484064,7,16
1376484669,7,16
1376484856,8,15
1376485324,6,17
1376485913,5,18
1376486143,3,18
1376486187,0,23
1376486234,0,23
1376486602,1,22
1376486799,2,21
1376486869,1,22
1376487473,1,22
1376488077,1,22
1376488681,1,22
1376489284,1,22
1376489794,0,23
1376489864,0,23
1376490099,0,23
1376490126,1,22
1376490217,1,22
1376490821,1,22
1376491063,1,22
1376491065,0,23
1376491669,0,23
1376492273,0,23
1376492356,1,22
1376492892,2,21
1376493173,3,20
1376493376,2,21
1376493841,2,21
1376493934,3,20
1376494538,3,20
1376494554,2,21
1376494900,3,20
1376495505,3,20
1376495649,3,20
1376495713,4,19
1376495767,5,18
1376495887,4,19
1376496384,2,21
1376496448,1,22
1376496849,1,22
1376496900,1,22
1376497387,1,22
1376497466,1,22
1376497598,0,23
1376497613,0,23
1376498217,0,23
1376498821,0,23
1376499424,0,23
1376499509,1,22
1376500113,1,22
1376500717,1,22
1376501023,2,21
1376501381,1,22
1376501419,0,23
1376501491,1,22
1376501527,2,21
1376501671,3,20
1376502012,3,20
1376502615,1,11
1376502656,1,11
1376503261,1,11
1376503513,1,11
1376504431,1,11
1376504493,2,10
1376504518,2,10
1376504671,1,11
1376504741,0,12
1376504763,0,12
1376504854,1,11
1376504886,1,11
1376504947,1,11
1376505143,0,12
1376505187,0,12
1376505257,0,12
1376505401,1,11
1376506005,1,11
1376506608,1,11
1376506898,2,10
1376507376,2,10
1376507428,3,9
1376507514,2,10
1376508124,1,11
1376508728,1,11
1376508863,0,12
1376509060,0,12
1376509070,0,12
1376509159,0,12
1376509236,0,12
1376509840,0,12
1376510443,0,12
1376510857,2,10
1376510904,0,12
1376510981,0,12
1376511043,1,11
1376511047,2,10
1376511651,2,10
1376512284,2,10
1376512501,2,10
1376512545,2,10
1376512659,2,10
1376512736,3,9
1376513340,3,9
1376513944,3,9
1376514547,3,9
1376515151,3,9
1376515414,4,8
1376515476,5,7
1376515827,5,7
1376515883,5,7
1376515963,5,7
1376516022,6,6
1376516626,6,6
1376517229,6,6
1376517546,6,6
1376517635,8,4
1376517697,8,4
1376517743,10,2
1376517938,10,2
1376517947,11,1
1376518016,10,2
1376518183,8,4
1376518206,5,7
1376518285,5,7
1376518349,5,7
1376518399,6,6
1376518482,7,5
1376518515,8,4
1376518558,9,3
1376518628,9,3
1376518700,9,3
1376518744,9,3
1376518832,10,2
1376518885,11,1
1376518926,12,0
1376519500,11,1
1376519873,11,1
1376519955,11,1
1376519996,11,1
1376520157,11,1
1376520220,10,2
1376520258,11,1
1376520306,10,2
1376520872,9,3
1376521115,9,3
1376521183,6,6
1376521290,7,5
1376521893,7,5
1376522361,7,5
1376522442,7,5
1376522504,8,4
1376522618,9,3
1376523104,5,7
1376523150,5,7
1376523168,5,7
1376523772,5,7
1376524375,5,7
1376524976,3,9
1376525581,3,9
1376525963,1,11
1376526275,3,9
1376526523,3,9
1376526583,2,10
1376526694,2,9
1376526706,3,9
1376526926,3,9
1376526971,1,11
1376527048,1,11
1376527110,1,11
1376527240,1,11
1376527290,2,10
1376527882,1,11
1376528083,1,11
1376528086,2,10
1376528690,2,10
1376529294,2,10
1376529897,2,10
1376530356,2,21
1376530454,2,21
1376531057,2,21
1376531661,2,21
1376532264,2,21
1376532868,2,21
1376533472,2,21
1376534076,2,21
1376534680,2,21
1376535231,3,20
1376535836,3,20
1376536439,3,20
1376537043,3,20
1376537647,3,20
1376538251,3,20
1376538855,3,20
1376539458,3,20
1376540062,3,20
1376540666,3,20
1376541270,3,20
1376541873,3,20
1376542477,3,20
1376543081,3,20
1376543685,3,20
1376544304,4,19
1376544908,4,19
1376545512,4,19
1376546115,4,19
1376546179,5,18
1376546783,5,18
1376547387,5,18
1376548003,5,18
1376548010,6,17
1376548614,6,17
1376549218,6,17
1376549822,6,17
1376550426,6,17
1376550697,7,16
1376551301,7,16
1376551542,7,16
1376551548,5,18
1376551709,5,18
1376551774,5,18
1376551801,6,17
1376552404,6,17
1376552620,6,17
1376552646,7,16
1376552767,6,17
1376553371,6,17
1376553975,6,17
1376554579,6,17
1376555183,6,17
1376555626,5,18
1376556084,4,19
1376556184,4,19
1376556255,5,18
1376556342,3,20
1376556946,3,20
1376557550,3,20
1376557951,1,22
1376558555,1,22
1376559159,1,22
1376559694,1,22
1376559724,2,21
1376559809,2,21
1376559859,2,21
1376559916,2,21
1376559969,3,20
1376560050,1,22
1376560098,1,22
1376560152,1,22
1376560217,1,22
1376560291,3,20
1376560356,4,19
1376560403,5,18
1376560537,4,19
1376561140,4,19
1376561557,3,20
1376561619,3,20
1376561648,2,21
1376562074,2,21
1376562197,1,22
1376562267,1,22
1376562342,1,22
1376562387,2,21
1376562652,1,22
1376563256,1,22
1376563403,1,22
1376563474,3,20
1376563654,3,20
1376563686,4,19
1376564291,4,19
1376564894,4,19
1376565281,5,18
1376565885,5,18
1376566489,5,18
1376567093,5,18
1376567697,5,18
1376568116,3,20
1376568720,3,20
1376569122,2,21
1376569527,3,20
1376569627,5,18
1376569720,5,18
1376569770,5,18
1376569832,6,17
1376569852,7,16
1376570194,6,17
1376570391,7,16
1376570532,6,17
1376570612,4,19
1376570733,5,18
1376570802,4,19
1376570853,5,18
1376571179,5,18
1376571273,7,16
1376571361,6,17
1376571624,4,19
1376571809,3,20
1376571842,1,22
1376572446,1,22
1376573050,1,22
1376573381,1,22
1376573384,1,22
1376573587,1,22
1376573734,1,22
1376573785,0,23
1376573838,0,23
1376573980,1,22
1376574029,2,21
1376574633,2,21
1376574873,3,20
1376575268,2,21
1376575411,1,22
1376575603,1,22
1376575610,0,23
1376575676,1,22
1376576281,1,22
1376576884,1,22
1376577213,0,23
1376577323,0,23
1376577362,1,22
1376577536,2,21
1376577663,3,20
1376577810,3,20
1376577863,0,23
1376578466,0,23
1376579088,0,23
1376579693,0,23
1376580296,0,23
1376580581,0,23
1376580584,1,22
1376581003,1,22
1376581034,0,23
1376581157,0,23
1376581582,0,23
1376581878,0,23
1376581956,2,21
1376582194,3,20
1376582279,5,18
1376582600,3,20
1376582672,3,20
1376582737,4,19
1376582749,5,18
1376582821,6,17
1376582932,7,16
1376583057,7,16
1376583341,7,16
1376583344,8,15
1376583626,7,16
1376584047,6,17
1376584096,6,17
1376584138,6,17
1376584424,6,17
1376584428,7,16
1376584777,5,18
1376584902,4,19
1376584912,1,22
1376585516,0,12
1376585912,1,11
1376585961,1,11
1376586565,1,11
1376586719,0,12
1376587205,1,11
1376587713,1,11
1376587746,2,10
1376587928,0,12
1376588532,0,12
1376589136,0,12
1376589308,1,11
1376589402,1,11
1376589452,2,10
1376589582,1,10
1376589634,0,12
1376589878,1,11
1376589893,0,12
1376589993,0,12
1376590059,0,12
1376590111,0,12
1376590715,0,12
1376591319,0,12
1376591413,3,9
1376591503,3,9
1376591518,3,9
1376591587,4,8
1376591650,5,7
1376591755,4,8
1376592161,5,7
1376592237,4,8
1376592335,1,11
1376592703,1,11
1376592818,2,10
1376592839,3,9
1376592893,3,9
1376592989,4,8
1376593096,2,10
1376593175,1,11
1376593440,2,10
1376593815,1,11
1376594419,1,11
1376595023,1,11
1376595373,0,12
1376595977,0,12
1376596371,1,11
1376596975,1,11
1376597275,0,12
1376597879,0,12
1376598046,0,12
1376598136,0,12
1376598236,0,12
1376598303,0,12
1376598391,0,12
1376598995,0,12
1376599599,0,12
1376600203,0,12
1376600807,0,12
1376601411,0,12
1376602014,0,12
1376602618,0,12
1376603222,0,12
1376603826,0,12
1376604389,0,12
1376604447,1,11
1376604508,4,8
1376605112,4,8
1376605602,3,9
1376606205,3,9
1376606467,2,10
1376607100,3,9
1376607752,3,9
1376607821,3,9
1376607941,4,8
1376608037,4,8
1376608109,5,7
1376608129,5,7
1376608225,5,7
1376608263,5,7
1376608866,5,7
1376609471,5,7
1376609825,4,8
1376610429,4,8
1376610825,4,8
1376610828,5,7
1376611432,5,7
1376612036,5,7
1376612640,5,7
1376613244,5,7
1376613848,5,7
1376614451,5,7
1376615055,5,7
1376615659,5,7
1376616263,5,7
1376616762,5,18
1376616768,5,18
1376617371,5,18
1376617975,5,18
1376618579,5,18
1376619183,5,18
1376619786,5,18
1376620390,5,18
1376620994,5,18
1376621598,5,18
1376622202,5,18
1376622806,5,18
1376623410,5,18
1376624014,5,18
1376624617,5,18
1376625221,5,18
1376625825,5,18
1376626428,5,18
1376627032,5,18
1376627636,5,18
1376628240,5,18
1376628843,5,18
1376629297,5,18
1376629324,6,17
1376629731,5,18
1376630335,5,18
1376630938,5,18
1376631542,5,18
1376632146,5,18
1376632750,5,18
1376633354,5,18
1376633887,6,17
1376634491,6,17
1376635039,7,16
1376635642,7,16
1376636246,7,16
1376636459,8,15
1376637063,8,15
1376637496,7,16
1376638101,7,16
1376638704,7,16
1376639319,6,17
1376639923,6,17
1376640137,7,16
1376640282,6,17
1376640314,5,18
1376640918,5,18
1376641419,5,18
1376641450,6,17
1376642054,6,17
1376642658,6,17
1376643262,6,17
1376643865,6,17
1376644163,4,19
1376644241,4,19
1376644273,4,19
1376644361,5,18
1376644363,6,17
1376644967,6,17
1376645571,6,17
1376646101,7,16
1376646137,8,15
1376646479,6,17
1376647084,6,17
1376647687,6,17
1376648038,5,18
1376648642,5,18
1376648802,5,18
1376648809,6,17
1376648875,7,16
1376649517,6,16
1376649545,6,17
1376650150,6,17
1376650216,5,18
1376650294,6,17
1376650891,7,16
1376651495,7,16
1376652099,7,16
1376652314,8,15
1376652918,8,15
1376652964,9,14
1376653567,9,14
1376653903,8,15
1376654559,7,16
1376655163,7,16
1376655767,7,16
1376656041,7,16
1376656084,8,15
1376656209,8,15
1376656267,9,14
1376656406,10,13
1376656662,11,12
1376656807,10,13
1376657397,7,16
1376658001,7,16
1376658605,7,16
1376659208,7,16
1376659397,6,17
1376659460,7,16
1376659533,7,16
1376659546,8,15
1376659965,8,15
1376660116,8,15
1376660203,7,16
1376660206,6,17
1376660280,6,17
1376660352,6,16
1376660440,7,15
1376660599,6,16
1376660969,4,18
1376661284,3,19
1376661819,2,20
1376662096,3,19
1376662360,3,19
1376662369,4,18
1376662887,2,20
1376663470,1,21
1376663505,1,21
1376663589,1,21
1376663679,1,21
1376663760,1,21
1376663956,1,21
1376664014,1,21
1376664062,1,21
1376664322,2,20
1376664383,1,21
1376664459,0,22
1376664496,0,22
1376664883,1,21
1376664927,2,20
1376665105,0,22
1376665240,2,20
1376665529,2,20
1376665566,3,19
1376665631,4,18
1376666140,4,18
1376666148,5,17
1376666351,4,18
1376666955,4,19
1376667008,5,18
1376667102,5,18
1376667163,6,17
1376667254,6,17
1376667449,7,16
1376667477,7,16
1376667573,9,14
1376667616,11,12
1376668220,11,12
1376668824,11,12
1376669263,12,11
1376669468,10,13
1376669679,12,11
1376669729,12,11
1376669790,13,10
1376669849,13,10
1376669898,13,10
1376669933,14,9
1376670324,13,10
1376670402,13,10
1376670492,13,10
1376670574,13,10
1376670636,15,8
1376670856,13,10
1376671149,11,12
1376671205,11,12
1376671277,13,10
1376671565,14,9
1376671671,13,10
1376672275,13,10
1376672878,13,10
1376673482,13,10
1376673665,12,11
1376673837,9,14
1376674003,8,15
1376674113,7,16
1376674182,7,16
1376674218,4,19
1376674517,3,20
1376674601,3,20
1376674618,4,19
1376675222,4,19
1376675459,3,20
1376676063,3,20
1376676570,1,22
1376676744,2,21
1376677347,2,21
1376677471,0,23
1376677962,0,22
1376677972,1,21
1376678575,1,22
1376679070,0,23
1376679674,0,23
1376680278,0,23
1376680882,0,23
1376681485,0,23
1376681731,0,23
1376682335,0,23
1376682939,0,23
1376683543,0,23
1376683887,1,22
1376683963,2,21
1376684015,2,21
1376684052,3,20
1376684114,1,22
1376684491,0,23
1376684624,1,22
1376685207,0,23
1376685811,0,23
1376686415,0,23
1376687019,0,23
1376687520,1,22
1376688124,1,22
1376688760,0,23
1376688795,0,23
1376689114,1,22
1376689719,1,22
1376690322,1,22
1376690840,0,23
1376691444,0,23
1376691944,0,23
1376691963,2,21
1376692567,2,21
1376692995,1,22
1376693599,1,22
1376694037,0,23
1376694642,0,23
1376695246,0,23
1376695849,0,23
1376696254,2,21
1376696858,2,21
1376697202,3,20
1376697254,4,19
1376697858,4,19
1376698270,5,18
1376698873,5,18
1376699410,6,17
1376700014,6,17
1376700618,6,17
1376701221,6,17
1376701825,6,17
1376702066,7,16
1376702670,7,16
1376702855,6,17
1376702910,6,17
1376703162,6,17
1376703282,7,16
1376703886,7,16
1376704490,7,16
1376704553,6,17
1376705157,6,17
1376705583,5,18
1376706187,5,18
1376706791,5,18
1376707394,5,18
1376707998,5,18
1376708602,5,18
1376709206,5,18
1376709810,5,18
1376710414,5,18
1376711018,5,18
1376711621,5,18
1376712225,5,18
1376712829,5,18
1376713433,5,18
1376714036,5,18
1376714641,5,18
1376715244,5,18
1376715486,6,17
1376716090,6,17
1376716396,7,16
1376716569,6,17
1376717173,6,17
1376717777,6,17
1376718381,6,17
1376718929,7,16
1376719533,7,16
1376720136,7,16
1376720740,7,16
1376720966,8,15
1376721570,8,15
1376722174,8,15
1376722763,7,16
1376723022,8,15
1376723626,8,15
1376724229,8,15
1376724833,8,15
1376725437,8,15
1376725904,8,15
1376725932,9,14
1376726060,11,12
1376726370,10,13
1376726974,10,13
1376727452,9,14
1376727884,6,17
1376727890,6,17
1376728493,6,17
1376728839,6,17
1376728850,7,16
1376729454,7,16
1376729622,7,16
1376729628,5,18
1376729828,6,17
1376730432,6,17
1376731036,6,17
1376731639,6,17
1376732057,5,18
1376732661,5,18
1376733143,6,17
1376733747,6,17
1376734351,6,17
1376734751,5,18
1376735070,4,19
1376735673,4,19
1376735832,3,20
1376736442,3,20
1376736468,2,21
1376737072,2,21
1376737482,1,22
1376737489,0,23
1376738093,0,23
1376738500,0,23
1376738526,0,23
1376738574,1,22
1376738978,0,23
1376739027,0,23
1376739631,0,23
1376740064,0,23
1376740085,1,22
1376740291,1,22
1376740767,0,23
1376740815,0,23
1376740884,0,23
1376741012,1,22
1376741141,1,22
1376741148,0,23
1376741254,0,23
1376741300,0,23
1376741343,1,22
1376741663,0,23
1376741896,1,22
1376742499,1,22
1376743051,1,22
1376743122,2,21
1376743125,3,20
1376743729,3,20
1376743937,3,20
1376743977,2,21
1376744348,4,19
1376744952,4,19
1376745562,4,19
1376745822,5,18
1376746180,5,18
1376746187,6,17
1376746792,6,17
1376747007,6,17
1376747612,6,17
1376748095,4,19
1376748158,4,19
1376748219,4,19
1376748279,4,19
1376748326,5,18
1376748400,5,18
1376748524,4,19
1376748888,4,19
1376749002,3,20
1376749062,6,17
1376749121,5,18
1376749182,4,19
1376749229,5,18
1376749290,3,20
1376749587,2,21
1376749834,0,23
1376750442,1,22
1376750454,2,21
1376750737,3,20
1376751018,2,21
1376751342,1,22
1376751357,1,22
1376751556,1,22
1376751613,2,21
1376751695,4,19
1376751808,6,17
1376751868,4,19
1376752000,4,19
1376752119,4,19
1376752181,5,18
1376752837,4,19
1376752861,4,19
1376752917,4,19
1376753079,3,20
1376753103,3,20
1376753200,4,19
1376753262,5,18
1376753693,4,19
1376754107,3,20
1376754377,6,17
1376754419,7,16
1376754508,7,16
1376754922,6,17
1376754999,6,17
1376755098,6,17
1376755180,8,15
1376755244,7,16
1376755254,6,17
1376755323,4,19
1376755628,2,21
1376756188,3,20
1376756792,3,20
1376757291,2,21
1376757854,1,22
1376758145,0,23
1376758213,0,23
1376758346,0,23
1376758474,0,23
1376758533,1,22
1376758576,2,21
1376758653,3,20
1376758778,2,21
1376758954,2,21
1376759009,1,22
1376759030,1,22
1376759136,0,23
1376759163,0,23
1376759209,0,23
1376759813,0,23
1376760280,0,23
1376760288,1,22
1376760377,0,23
1376760464,1,22
1376760921,0,23
1376761408,0,23
1376761466,0,23
1376761600,0,23
1376761652,0,23
1376761720,0,23
1376762324,0,23
1376762859,1,22
1376763463,1,22
1376763559,0,23
1376764163,0,23
1376764767,0,23
1376765371,0,23
1376765441,0,23
1376766045,0,23
1376766500,0,23
1376767105,0,23
1376767708,0,23
1376768312,0,23
1376768877,0,23
1376769011,0,23
1376769056,1,22
1376769163,1,22
1376769180,2,21
1376769266,3,20
1376769343,4,19
1376769371,5,18
1376769559,4,19
1376769698,2,21
1376770002,2,21
1376770021,0,23
1376770405,0,23
1376770482,0,23
1376770497,0,23
1376770595,0,23
1376770709,0,23
1376770990,0,23
1376771044,0,23
1376771103,0,23
1376771152,0,23
1376771248,0,23
1376771302,1,22
1376771384,2,21
1376771387,2,21
1376771991,2,21
1376772253,1,22
1376772414,0,23
1376773018,0,23
1376773622,0,23
1376774062,1,22
1376774163,2,21
1376774317,1,22
1376774376,1,22
1376774414,1,22
1376774790,0,23
1376775394,0,23
1376775998,0,23
1376776602,0,23
1376777205,0,23
1376777809,0,23
1376778413,0,23
1376779017,0,23
1376779620,0,23
1376779824,1,22
1376780160,0,23
1376780764,0,23
1376781368,0,23
1376781972,0,23
1376782576,0,23
1376783082,0,23
1376783092,1,22
1376783696,1,22
1376784300,1,22
1376784904,1,22
1376785344,2,21
1376785948,2,21
1376786552,2,21
1376787156,2,21
1376787384,3,20
1376787988,3,20
1376788592,3,20
1376789195,3,20
1376789562,3,20
1376790167,3,20
1376790770,3,20
1376791374,3,20
1376791978,3,20
1376792581,3,20
1376793185,3,20
1376793789,3,20
1376794393,3,20
1376794997,3,20
1376795600,3,20
1376796204,3,20
1376796558,2,21
1376797162,2,21
1376797765,2,21
1376798369,2,21
1376798973,2,21
1376799577,2,21
1376800180,2,21
1376800784,2,21
1376801388,2,21
1376801992,2,21
1376802596,2,21
1376803199,2,21
1376803660,2,21
1376803714,3,20
1376804318,3,20
1376804922,3,20
1376805526,3,20
1376806130,3,20
1376806734,3,20
1376807337,3,20
1376807941,3,20
1376808545,3,20
1376809148,3,20
1376809752,3,20
1376810357,3,20
1376810961,3,20
1376811564,3,20
1376812185,3,20
1376812296,3,20
1376812393,4,19
1376812475,4,19
1376812556,4,19
1376812635,4,19
1376812708,5,18
1376812781,7,16
1376813385,7,16
1376813953,7,16
1376813991,8,15
1376814595,8,15
1376814781,9,14
1376815385,9,14
1376815804,8,15
1376815903,7,16
1376816507,7,16
1376817111,7,16
1376817715,7,16
1376818319,7,16
1376818615,6,17
1376819018,5,18
1376819622,5,18
1376820221,6,17
1376820244,7,16
1376820561,5,18
1376820598,5,18
1376820704,2,21
1376820746,2,21
1376821183,3,20
1376821229,3,20
1376821833,3,20
1376821892,1,22
1376822278,1,22
1376822496,2,21
1376822546,3,20
1376822802,2,21
1376823298,1,22
1376823945,1,22
1376823990,3,20
1376824020,4,19
1376824071,4,19
1376824155,5,18
1376824237,3,20
1376824285,2,21
1376824889,2,21
1376824940,0,23
1376825544,0,23
1376826147,0,23
1376826751,0,23
1376827355,0,23
1376827958,0,23
1376828562,0,23
1376829166,0,23
1376829770,0,23
1376830374,0,23
1376830977,0,23
1376831581,0,23
1376832015,1,22
1376832619,1,22
