1376208401,12,11
1376208994,13,10
1376209063,12,11
1376209105,10,13
1376209709,10,13
1376210313,10,13
1376210423,12,11
1376211026,12,11
1376211630,12,11
1376211682,11,12
1376212045,12,11
1376212649,12,11
1376213253,12,11
1376213656,13,10
1376213921,13,10
1376213967,13,10
1376214222,13,10
1376214278,14,9
1376214338,12,11
1376214455,12,11
1376214482,12,11
1376214536,12,11
1376215140,12,11
1376215709,12,11
1376215783,13,10
1376215816,15,8
1376216053,13,10
1376216096,13,10
1376216193,14,9
1376216236,14,9
1376216300,15,8
1376216431,16,7
1376216497,15,8
1376217100,15,8
1376217369,14,9
1376217670,15,8
1376217936,14,9
1376218534,14,9
1376218597,16,7
1376218999,15,8
1376219383,13,10
1376219986,13,10
1376220213,12,11
1376220346,11,12
1376220480,10,13
1376220581,9,14
1376220584,8,15
1376220689,9,14
1376220725,10,13
1376220989,11,12
1376221120,12,11
1376221171,12,11
1376221200,13,10
1376221386,12,11
1376221602,11,12
1376221609,10,13
1376222124,11,12
1376222188,11,12
1376222261,12,11
1376222268,14,9
1376222522,15,8
1376223126,15,8
1376223194,16,7
1376223568,17,6
1376223639,17,6
1376223683,20,3
1376223883,20,3
1376223886,19,4
1376224242,19,4
1376224245,18,5
1376224476,17,6
1376224543,18,5
1376224601,20,3
1376224729,20,3
1376224810,21,2
1376224864,21,2
1376224910,21,2
1376225139,21,2
1376225176,22,1
1376225545,21,2
1376225675,20,3
1376225759,19,4
1376226099,19,4
1376226110,20,3
1376226223,20,3
1376226270,20,3
1376226337,20,3
1376226346,21,2
1376226445,21,2
1376226484,22,1
1376226703,20,3
1376226733,20,3
1376226855,21,2
1376227286,23,0
1376227890,23,0
1376228494,23,0
1376229098,23,0
1376229669,22,1
1376230274,22,1
1376230622,20,3
1376230694,19,4
1376231192,19,4
1376231797,20,3
1376232073,22,1
1376232508,19,4
1376233112,19,4
1376233715,19,4
1376233839,20,3
1376233980,21,2
1376234296,19,4
1376234335,18,5
1376234448,17,6
1376234563,14,9
1376234662,14,9
1376234726,16,7
1376235330,16,7
1376235767,15,8
1376236335,17,6
1376236505,18,5
1376237013,19,4
1376237223,18,5
1376237352,16,7
1376237527,17,6
1376238269,16,7
1376238566,15,8
1376238959,16,7
1376239056,17,6
1376239152,18,5
1376239696,19,4
1376240351,16,7
1376240537,16,7
1376240773,17,6
1376241207,14,9
1376241811,14,9
1376242415,14,9
1376242454,13,10
1376243003,11,12
1376243134,12,11
1376243174,9,14
1376243715,8,15
1376243839,9,14
1376243922,9,14
1376243925,8,15
1376244580,8,15
1376245160,7,16
1376245587,6,17
1376245705,7,16
1376246310,7,16
1376246491,6,17
1376246560,6,17
1376246568,7,16
1376246851,7,16
1376246913,8,15
1376247144,9,14
1376247166,10,13
1376247564,8,15
1376247805,7,16
1376248176,6,17
1376248512,5,18
1376249005,4,19
1376249610,4,19
1376249729,3,20
1376249751,2,21
1376249957,0,23
1376250561,0,23
1376251166,0,23
1376251770,0,23
1376252374,0,23
1376252978,0,23
1376253582,0,23
1376254186,0,23
1376254300,0,23
1376254330,0,23
1376254387,0,23
1376254992,0,23
1376255596,0,23
1376256199,0,23
1376256379,1,22
1376256983,1,22
1376257587,1,22
1376258139,2,21
1376258191,3,20
1376258794,3,20
1376259398,3,20
1376259423,2,21
1376260028,2,21
1376260633,2,21
1376261236,2,21
1376261840,2,21
1376262444,2,21
1376263048,2,21
1376263122,2,21
1376263131,3,20
1376263735,3,20
1376264022,3,20
1376264025,1,22
1376264628,1,22
1376265232,1,22
1376265836,1,22
1376266439,1,22
1376267043,1,22
1376267647,1,22
1376268251,1,22
1376268855,1,22
1376269458,1,22
1376270062,1,22
1376270667,1,22
1376270937,0,23
1376271198,0,23
1376271801,0,23
1376272405,0,23
1376273009,0,23
1376273612,0,23
1376274216,0,23
1376274820,0,23
1376275423,0,23
1376276027,0,23
1376276631,0,23
1376277235,0,23
1376277839,0,23
1376278442,0,23
1376279046,0,23
1376279650,0,23
1376280254,0,23
1376280857,0,23
1376281461,0,23
1376282065,0,23
1376282669,0,23
1376283273,0,23
1376283877,0,23
1376284024,1,22
1376284629,1,22
1376285233,1,22
1376285837,1,22
1376285877,2,21
1376286514,1,22
1376287118,1,22
1376287722,1,22
1376288326,1,22
1376288613,2,21
1376288792,3,20
1376289368,3,20
1376289972,3,20
1376290417,3,20
1376290482,4,19
1376290777,5,18
1376291198,7,16
1376291726,9,14
1376292032,9,14
1376292115,10,13
1376292233,11,12
1376292632,12,11
1376292657,12,11
1376292717,12,11
1376293321,12,11
1376293730,11,12
1376294380,12,11
1376294984,12,11
1376295588,12,11
1376295732,13,10
1376295862,12,11
1376296096,13,10
1376296418,13,10
1376296428,14,9
1376296833,14,9
1376296864,15,8
1376297468,15,8
1376298071,15,8
1376298463,15,8
1376298500,16,7
1376299108,17,6
1376299712,17,6
1376300316,17,6
1376300921,17,6
1376301525,17,6
1376301589,16,7
1376301803,17,6
1376302410,18,5
1376303017,18,5
1376303133,17,6
1376303474,18,5
1376304079,18,5
1376304682,18,5
1376304838,17,6
1376305063,18,5
1376305630,17,6
1376305869,18,5
1376306201,18,5
1376306203,17,6
1376306809,17,6
1376307099,18,5
1376307280,18,5
1376307331,18,5
1376307935,18,5
1376308539,18,5
1376309143,18,5
1376309503,19,4
1376309610,20,3
1376309662,22,1
1376310266,22,1
1376310476,21,2
1376311080,21,2
1376311424,20,3
1376311765,19,4
1376312077,16,6
1376312123,16,7
1376312657,17,6
1376313261,17,6
1376313552,16,7
1376313600,15,8
1376314204,15,8
1376314807,15,8
1376315022,15,8
1376315025,16,7
1376315638,17,6
1376316242,17,6
1376316471,18,5
1376316726,19,4
1376317330,19,4
1376317933,19,4
1376318256,18,5
1376318373,18,5
1376318409,18,5
1376319013,18,5
1376319577,17,6
1376319586,17,6
1376319669,18,5
1376319773,19,4
1376319848,18,5
1376320397,19,4
1376320895,19,4
1376320911,19,4
1376321004,20,3
1376321608,20,3
1376321654,21,2
1376322018,22,1
1376322181,23,0
1376322401,23,0
1376322403,22,1
1376322660,23,0
1376322799,21,2
1376322984,20,3
1376323461,18,5
1376323773,19,4
1376323841,19,4
1376323844,18,5
1376323999,17,6
1376324060,16,7
1376324442,15,8
1376324445,14,9
1376324733,13,10
1376324911,13,10
1376324946,14,9
1376325388,13,10
1376325846,12,11
1376326058,13,10
1376326418,11,12
1376326427,10,13
1376326561,9,14
1376326628,8,15
1376326781,8,15
1376326784,7,16
1376326953,6,17
1376327557,6,17
1376327588,5,18
1376327671,5,18
1376327774,4,19
1376327886,4,19
1376327983,4,19
1376328005,6,17
1376328130,5,18
1376328734,5,18
1376328848,4,19
1376328942,3,20
1376328973,4,19
1376329341,3,20
1376329945,3,20
1376330141,3,20
1376330151,2,21
1376330479,0,23
1376331085,0,23
1376331688,0,23
1376331818,0,23
1376331824,1,22
1376332428,1,22
1376332821,2,21
1376333081,3,20
1376333685,3,20
1376334288,3,20
1376334916,1,22
1376335520,1,22
1376336123,1,22
1376336727,1,22
1376337171,0,23
1376337258,1,22
1376337862,1,22
1376338242,0,23
1376338848,0,23
1376339452,0,23
1376340056,0,23
1376340660,0,23
1376341264,0,23
1376341868,0,23
1376342427,0,23
1376342443,0,23
1376342532,0,23
1376343136,0,23
1376343740,0,23
1376344344,0,23
1376344948,0,23
1376344988,0,23
1376345592,0,23
1376346196,0,23
1376346800,0,23
1376347279,1,22
1376347883,1,22
1376348486,1,22
1376349090,1,22
1376349694,1,22
1376350298,1,22
1376350901,1,22
1376351505,1,22
1376352109,1,22
1376352713,1,22
1376353317,1,22
1376353920,1,22
1376354524,1,22
1376355128,1,22
1376355732,1,22
1376356335,1,22
1376356939,1,22
1376357599,1,22
1376358203,1,22
1376358808,1,22
1376359412,1,22
1376359571,1,22
1376359604,1,22
1376360207,1,22
1376360811,1,22
1376361415,1,22
1376362018,1,22
1376362622,1,22
1376363226,1,22
1376363831,1,22
1376364435,1,22
1376365038,1,22
1376365642,1,22
1376366246,1,22
1376366850,1,22
1376367454,1,22
1376368058,1,22
1376368662,1,22
1376369266,1,22
1376369870,1,22
1376369979,2,21
1376370583,2,21
1376371188,2,21
1376371483,2,21
1376371485,3,20
1376372089,3,20
1376372693,3,20
1376373298,3,20
1376373901,3,20
1376374003,4,19
1376374607,4,19
1376374962,2,21
1376375004,4,19
1376375311,4,19
1376375370,5,18
1376375974,5,18
1376376267,5,18
1376376337,6,17
1376376349,7,16
1376376502,7,16
1376376639,7,16
1376376677,8,15
1376376747,9,14
1376376874,10,13
1376376927,11,12
1376377111,12,11
1376377171,13,10
1376377212,14,9
1376377450,14,9
1376377573,14,9
1376377660,14,9
1376377699,16,7
1376377774,17,6
1376377950,16,7
1376378013,17,6
1376378082,17,6
1376378085,18,5
1376378321,18,5
1376378332,19,4
1376378937,19,4
1376379445,20,3
1376379760,21,2
1376380364,21,2
1376380837,20,3
1376381171,19,4
1376381775,19,4
1376382380,19,4
1376382984,19,4
1376383589,19,4
1376384192,19,4
1376384796,19,4
1376384832,20,3
1376384968,20,3
1376385024,21,2
1376385418,21,2
1376385479,21,2
1376386062,21,2
1376386210,21,2
1376386393,21,2
1376386747,21,2
1376387304,22,1
1376387674,21,2
1376387785,22,1
1376387941,21,2
1376388223,21,2
1376388237,19,4
1376388515,19,4
1376388566,20,3
1376388602,21,2
1376389207,21,2
1376389811,21,2
1376390415,21,2
1376391019,21,2
1376391622,21,2
1376392002,21,2
1376392005,22,1
1376392656,21,2
1376392925,20,3
1376393553,19,4
1376393619,18,5
1376394223,18,5
1376394827,18,5
1376395258,17,6
1376395697,16,6
1376395760,17,5
1376396365,17,6
1376396969,17,6
1376397187,16,7
1376397766,15,8
1376398370,15,8
1376398798,13,10
1376399403,13,10
1376399581,13,10
1376399719,11,12
1376400323,11,12
1376400511,12,11
1376401115,12,11
1376401719,12,11
1376401937,11,12
1376402264,12,11
1376402276,13,10
1376402363,12,11
1376402799,11,12
1376402810,11,12
1376403414,11,12
1376403582,9,14
1376403638,9,14
1376403695,10,13
1376403737,10,13
1376403802,11,12
1376404405,11,12
1376405009,11,12
1376405112,12,11
1376405743,13,10
1376406348,13,10
1376406951,13,10
1376407479,13,10
1376407488,14,9
1376408067,15,8
1376408367,14,9
1376408422,14,9
1376408828,13,10
1376409432,13,10
1376409825,13,10
1376409845,13,10
1376410453,12,11
1376410516,11,12
1376410705,11,12
1376410782,12,11
1376410825,13,10
1376411049,12,11
1376411352,11,12
1376411429,12,11
1376411561,13,10
1376411874,14,9
1376412042,13,10
1376412085,13,10
1376412155,14,9
1376412222,13,10
1376412263,14,9
1376412288,13,10
1376412887,12,11
1376413158,11,12
1376413564,12,11
1376413703,12,11
1376413833,13,10
1376414436,13,10
1376414623,13,10
1376414679,11,12
1376414918,9,14
1376414949,8,15
1376415553,8,15
1376415702,8,15
1376415731,8,15
1376416334,8,15
1376416386,7,16
1376416507,6,17
1376416663,7,16
1376417267,7,16
1376417338,6,17
1376417946,5,18
1376418550,5,18
1376418811,4,19
1376418880,4,19
1376418888,5,18
1376419036,4,19
1376419640,4,19
1376420017,2,21
1376420204,3,20
1376420216,4,19
1376420419,3,20
1376421023,3,20
1376421514,0,23
1376422119,0,23
1376422554,1,22
1376422712,2,21
1376423014,3,20
1376423619,3,20
1376424222,3,20
1376424619,2,21
1376425223,2,21
1376425826,2,21
1376426430,2,21
1376426779,1,22
1376426808,1,22
1376426950,0,23
1376427325,2,21
1376427721,3,20
1376428325,3,20
1376428754,1,22
1376429195,2,21
1376429692,1,22
1376430173,1,22
1376430551,0,23
1376430924,1,22
1376431528,1,22
1376431674,0,23
1376431895,0,22
1376431923,1,22
1376432529,0,23
1376432901,1,22
1376433505,1,22
1376434109,1,22
1376434301,0,23
1376434906,0,23
1376435509,0,23
1376436113,0,23
1376436477,1,22
1376437082,1,22
1376437686,1,22
1376438289,1,22
1376438893,1,22
1376439497,1,22
1376440101,1,22
1376440704,1,22
1376441308,1,22
1376441912,1,22
1376442516,1,22
1376443119,1,22
1376443723,1,22
1376444001,1,22
1376444605,1,22
1376445209,1,22
1376445812,1,22
1376446417,1,22
1376447021,1,22
1376447624,1,22
1376448228,1,22
1376448832,1,22
1376449436,1,22
1376450039,1,22
1376450643,1,22
1376451247,1,22
1376451851,1,22
1376452455,1,22
1376453058,1,22
1376453662,1,22
1376454266,1,22
1376454870,1,22
1376455473,1,22
1376456078,1,22
1376456684,1,22
1376456686,2,21
1376457290,2,21
1376457894,2,21
1376458498,2,21
1376459103,2,21
1376459642,3,20
1376460247,3,20
1376460851,3,20
1376461476,2,21
1376461932,2,21
1376461983,3,20
1376462075,3,20
1376462098,4,19
1376462265,4,19
1376462278,2,21
1376462882,2,21
1376463372,2,21
1376463977,2,21
1376464580,2,21
1376465184,2,21
1376465406,3,20
1376466011,3,20
1376466067,5,18
1376466283,5,18
1376466340,5,18
1376466361,6,17
1376466965,6,17
1376467054,5,18
1376467658,5,18
1376468263,5,18
1376468866,5,18
1376469080,4,19
1376469574,5,18
1376469636,6,17
1376470028,6,17
1376470632,6,17
1376470846,7,16
1376470932,8,15
1376471536,8,15
1376471622,9,14
1376472191,10,13
1376472795,10,13
1376473049,9,14
1376473097,8,15
1376473569,8,15
1376473657,9,14
1376473716,10,13
1376473780,10,13
1376473810,11,12
1376474414,11,12
1376475019,11,12
1376475622,11,12
1376476226,11,12
1376476830,11,12
1376477434,11,12
1376478037,11,12
1376478641,11,12
1376478762,11,12
1376478772,9,14
1376479377,9,14
1376479812,8,15
1376479940,9,14
1376480544,9,14
1376481149,9,14
1376481243,10,13
1376481567,10,13
1376481590,11,12
1376481718,10,13
1376482027,11,12
1376482111,12,11
1376482686,11,12
1376483291,11,12
1376483825,12,11
1376484003,13,10
1376484159,12,11
1376484763,12,11
1376485100,11,12
1376485704,11,12
1376486307,11,12
1376486426,12,11
1376487030,12,11
1376487132,11,12
1376487352,12,11
1376487514,12,11
1376487802,12,11
1376487881,12,11
1376487900,12,11
1376488238,11,12
1376488269,12,11
1376488873,12,11
1376489099,11,12
1376489248,10,13
1376489400,11,12
1376489535,10,13
1376489623,10,13
1376489626,11,12
1376490230,11,12
1376490664,12,11
1376491059,12,11
1376491069,13,10
1376491673,13,10
1376491808,11,12
1376492092,10,13
1376492455,9,14
1376492666,10,13
1376492776,9,14
1376492977,10,13
1376493028,10,13
1376493065,10,13
1376493153,11,12
1376493757,11,12
1376493971,10,13
1376494071,9,14
1376494144,8,15
1376494325,10,13
1376494482,8,15
1376494664,9,14
1376494757,10,13
1376494795,9,14
1376494963,8,15
1376495251,5,18
1376495855,5,18
1376495933,4,19
1376496105,4,19
1376496141,3,20
1376496371,2,21
1376496819,3,20
1376496881,3,20
1376496891,4,19
1376496967,5,18
1376497104,4,19
1376497268,3,20
1376497423,3,20
1376497474,2,21
1376497498,3,20
1376497818,2,21
1376498422,2,21
1376499026,2,21
1376499206,2,21
1376499445,2,21
1376499681,1,22
1376499905,1,22
1376500060,2,21
1376500209,2,21
1376500264,3,20
1376500782,4,19
1376500912,3,20
1376501453,2,21
1376501613,1,22
1376501903,0,22
1376501971,0,23
1376502033,1,22
1376502088,0,23
1376502692,0,23
1376502823,2,21
1376502825,1,22
1376503205,0,23
1376503810,0,23
1376504018,0,23
1376504218,1,22
1376504791,2,21
1376504914,1,22
1376505518,1,22
1376506122,1,22
1376506380,0,23
1376506984,0,23
1376507537,0,23
1376507605,0,23
1376507667,0,23
1376507691,0,23
1376507978,0,23
1376508020,1,22
1376508148,2,21
1376508414,1,22
1376508672,1,22
1376509276,1,22
1376509396,0,23
1376510000,0,23
1376510604,0,23
1376510644,1,22
1376511221,2,21
1376511261,3,20
1376511376,3,20
1376511759,2,21
1376512195,3,20
1376512452,3,20
1376512489,4,19
1376512580,3,20
1376512659,2,21
1376512694,2,21
1376512758,3,20
1376512815,4,19
1376513419,4,19
1376513650,3,20
1376513799,2,21
1376513823,1,22
1376514022,1,22
1376514096,1,22
1376514163,2,21
1376514514,2,21
1376514524,2,21
1376514630,2,21
1376514702,2,21
1376514716,4,19
1376514926,6,17
1376514951,5,18
1376515293,6,17
1376515511,4,19
1376516116,4,19
1376516201,3,20
1376516805,3,20
1376517409,3,20
1376517499,3,20
1376517575,4,19
1376517685,4,19
1376517748,2,21
1376517770,3,20
1376517878,3,20
1376517929,3,20
1376517995,3,20
1376518033,4,19
1376518064,4,19
1376518165,4,19
1376518243,4,19
1376518247,5,18
1376518358,5,18
1376518409,5,18
1376518434,5,18
1376518515,5,18
1376518547,6,17
1376518716,6,17
1376518733,6,17
1376518841,6,16
1376518865,6,16
1376518962,6,16
1376518998,6,16
1376519077,6,16
1376519460,5,17
1376519792,4,18
1376520234,4,18
1376520325,4,18
1376520361,5,17
1376520442,5,17
1376520468,6,16
1376521072,6,17
1376521676,6,17
1376521898,6,17
1376521964,6,17
1376522000,6,17
1376522604,6,17
1376523080,5,18
1376523684,5,18
1376524281,4,18
1376524326,4,19
1376524930,4,19
1376525048,3,20
1376525319,3,20
1376525360,4,19
1376525402,4,19
1376525482,4,19
1376525516,5,18
1376525618,5,18
1376525786,5,18
1376525850,5,18
1376525881,6,17
1376526485,6,17
1376526811,7,16
1376527416,7,16
1376528020,7,16
1376528623,7,16
1376528829,8,15
1376529433,8,15
1376530037,8,15
1376530413,8,15
1376531017,8,15
1376531620,8,15
1376532225,8,15
1376532828,8,15
1376533432,8,15
1376533711,7,16
1376533761,7,16
1376533820,8,15
1376533894,8,15
1376533934,9,14
1376534538,9,14
1376535142,9,14
1376535746,9,14
1376536349,9,14
1376536953,9,14
1376537557,9,14
1376538161,9,14
1376538765,9,14
1376539368,9,14
1376539973,9,14
1376540577,9,14
1376541510,9,14
1376542115,9,14
1376542719,9,14
1376543322,9,14
1376543926,9,14
1376544530,9,14
1376545133,9,14
1376545738,9,14
1376546341,9,14
1376546945,9,14
1376547549,9,14
1376548152,9,14
1376548398,10,13
1376549002,10,13
1376549606,10,13
1376550210,10,13
1376550813,10,13
1376551344,11,12
1376551948,11,12
1376552552,11,12
1376553155,11,12
1376553357,12,11
1376553962,12,11
1376554417,11,12
1376554444,11,12
1376554542,11,12
1376554597,11,12
1376554615,12,11
1376555218,12,11
1376555647,11,12
1376556251,11,12
1376556855,11,12
1376557160,11,12
1376557658,11,12
1376557669,12,11
1376558273,12,11
1376558877,12,11
1376559481,12,11
1376559746,11,12
1376559929,11,12
1376560533,11,12
1376560575,10,13
1376561179,10,13
1376561461,12,11
1376561677,9,14
1376561709,9,14
1376561907,9,14
1376561982,10,12
1376562006,11,12
1376562610,11,12
1376563057,10,13
1376563406,11,12
1376563495,10,13
1376563907,9,14
1376564542,10,13
1376565043,10,13
1376565051,11,12
1376565581,8,14
1376565595,8,15
1376566121,7,16
1376566124,6,17
1376566448,7,16
1376567052,7,16
1376567096,6,17
1376567179,6,17
1376567240,6,17
1376567284,7,16
1376567376,7,16
1376567432,8,15
1376567535,9,14
1376567691,8,15
1376567942,9,14
1376568002,8,15
1376568605,8,15
1376569209,8,15
1376569813,8,15
1376570416,8,15
1376571020,8,15
1376571123,8,15
1376571400,7,16
1376571883,7,16
1376571885,8,15
1376572412,7,16
1376573016,7,16
1376573255,7,16
1376573851,8,15
1376573920,8,15
1376574525,8,15
1376574598,7,16
1376574688,8,15
1376574777,9,14
1376574961,9,14
1376575180,10,13
1376575195,11,12
1376575293,11,12
1376575307,12,11
1376575539,13,10
1376575579,12,11
1376576183,12,11
1376576501,12,11
1376576540,14,9
1376576942,13,10
1376577388,13,10
1376577414,14,9
1376578018,14,9
1376578475,13,10
1376578653,12,11
1376578835,12,11
1376579351,11,12
1376579421,11,12
1376579480,12,11
1376579861,7,16
1376579878,6,17
1376580342,6,16
1376580358,7,16
1376580825,5,18
1376581411,6,17
1376581689,7,16
1376581961,7,16
1376581964,6,17
1376582186,5,18
1376582791,5,18
1376583394,5,18
1376583778,4,19
1376584381,4,19
1376584985,4,19
1376585589,4,19
1376585740,4,19
1376586329,4,19
1376586353,5,18
1376586957,5,18
1376587153,4,19
1376587239,4,19
1376587288,5,18
1376587418,5,18
1376587427,6,17
1376588009,8,15
1376588060,8,15
1376588098,9,14
1376588322,9,14
1376588346,9,14
1376588950,9,14
1376589554,9,14
1376589985,9,14
1376590017,10,13
1376590089,11,12
1376590152,11,12
1376590402,11,12
1376590457,11,11
1376590515,11,11
1376590561,12,11
1376591034,12,11
1376591120,12,11
1376591193,12,11
1376591206,13,10
1376591811,13,10
1376591966,14,9
1376592033,15,8
1376592236,14,9
1376592402,13,10
1376593006,13,10
1376593609,13,10
1376594214,13,10
1376594309,14,9
1376594457,14,9
1376594549,14,9
1376594614,13,10
1376594667,14,9
1376594714,14,9
1376594798,14,9
1376594822,14,9
1376594969,14,9
1376595081,12,11
1376595423,11,12
1376596028,11,12
1376596151,11,12
1376596194,11,12
1376596359,12,11
1376596409,11,11
1376596436,11,12
1376597040,11,12
1376597644,11,12
1376598248,11,12
1376598626,11,12
1376598656,12,11
1376598956,11,12
1376599560,11,12
1376599939,11,12
1376600019,13,10
1376600622,13,10
1376600734,11,12
1376601338,11,12
1376601563,12,11
1376602110,10,13
1376602715,10,13
1376602902,10,13
1376602905,11,12
1376603509,11,12
1376603858,11,12
1376604462,11,12
1376604992,10,13
1376605597,10,13
1376606200,10,13
1376606752,8,15
1376607356,8,15
1376607508,11,12
1376608112,11,12
1376608715,11,12
1376608766,11,12
1376609017,11,11
1376609033,12,11
1376609637,12,11
1376610240,12,11
1376610845,12,11
1376611267,13,10
1376611871,13,10
1376612318,14,9
1376612923,14,9
1376613527,14,9
1376614130,14,9
1376614734,14,9
1376615338,14,9
1376615677,16,7
1376616281,16,7
1376616805,16,7
1376617408,16,7
1376618013,16,7
1376618616,16,7
1376619220,16,7
1376619824,16,7
1376620428,16,7
1376621031,16,7
1376621635,16,7
1376622239,16,7
1376622843,16,7
1376623446,16,7
1376624050,16,7
1376624654,16,7
1376625259,16,7
1376625863,16,7
1376626467,16,7
1376627070,16,7
1376627674,16,7
1376628278,16,7
1376628450,17,6
1376628507,18,5
1376629111,18,5
1376629715,18,5
1376630319,18,5
1376630779,19,4
1376631382,19,4
1376631986,19,4
1376632157,18,5
1376632761,18,5
1376633364,18,5
1376633968,18,5
1376634572,18,5
1376635176,18,5
1376635780,18,5
1376636140,18,5
1376636163,19,4
1376636254,18,5
1376636454,19,4
1376637058,19,4
1376637216,19,4
1376637227,20,3
1376637831,20,3
1376638435,20,3
1376639039,20,3
1376639122,18,5
1376639726,18,5
1376639999,19,4
1376640603,19,4
1376641207,19,4
1376641443,20,3
1376642047,20,3
1376642432,21,2
1376643036,21,2
1376643639,21,2
1376644199,20,3
1376644468,21,2
1376645073,21,2
1376645406,21,2
1376645803,21,2
1376645812,22,1
1376646205,21,2
1376646809,21,2
1376647412,21,2
1376647433,20,3
1376647746,19,4
1376647852,20,3
1376648005,20,3
1376648068,21,2
1376648121,21,2
1376648190,21,2
1376648244,21,2
1376648281,22,1
1376648885,22,1
1376649489,22,1
1376650092,22,1
1376650696,22,1
1376651176,23,0
1376651780,23,0
1376652384,23,0
1376652987,23,0
1376653183,22,1
1376653588,20,3
1376653833,19,4
1376654344,18,5
1376654948,18,5
1376655552,18,5
1376655750,16,7
1376655962,15,8
1376656059,14,9
1376656083,14,9
1376656343,15,8
1376656777,12,11
1376656836,13,10
1376656873,14,9
1376656922,15,8
1376657140,16,7
1376657465,17,6
1376657525,16,7
1376657688,15,8
1376658292,15,8
1376658746,16,7
1376659266,14,9
1376659393,14,9
1376659472,14,9
1376659554,14,9
1376659756,14,9
1376660318,12,11
1376660437,14,9
1376660495,16,7
1376661098,16,7
1376661203,17,6
1376661808,17,6
1376662003,18,5
1376662041,19,4
1376662505,18,5
1376662900,19,4
1376663510,19,4
1376663799,18,5
1376664040,18,5
1376664086,18,5
1376664156,16,7
1376664205,18,5
1376664254,17,6
1376664344,18,5
1376664351,19,4
1376664764,20,3
1376665368,20,3
1376665458,19,4
1376665771,19,4
1376665797,20,3
1376665894,21,2
1376666498,21,2
1376666965,22,1
1376667196,22,1
1376667296,23,0
1376667355,22,1
1376667486,23,0
1376667607,22,1
1376667676,23,0
1376668280,23,0
1376668884,23,0
1376669487,23,0
1376670091,23,0
1376670540,22,1
1376671062,22,1
1376671065,21,2
1376671177,21,2
1376671207,20,3
1376671407,19,4
1376671479,18,5
1376671532,18,5
1376671580,19,4
1376671610,20,3
1376671976,19,4
1376672442,19,4
1376672501,16,7
1376672546,14,9
1376672912,10,13
1376672958,11,12
1376673561,11,12
1376673918,12,11
1376673988,12,11
1376674040,13,10
1376674644,13,10
1376675248,13,10
1376675852,13,10
1376675943,14,9
1376676044,14,9
1376676068,15,8
1376676510,14,9
1376676814,13,10
1376676905,14,9
1376677206,13,10
1376677809,13,10
1376678023,11,11
1376678062,11,12
1376678666,11,12
1376679270,11,12
1376679820,12,11
1376680424,12,11
1376680971,11,12
1376681490,12,11
1376681549,13,10
1376681914,14,9
1376681955,15,8
1376682559,15,8
1376683163,15,8
1376683690,16,7
1376683770,16,7
1376683835,18,5
1376683845,18,5
1376684132,17,6
1376684736,17,6
1376685340,17,6
1376685944,17,6
1376686547,17,6
1376686749,17,6
1376687354,17,6
1376687743,18,5
1376688162,18,5
1376688223,19,4
1376688245,19,4
1376688292,20,3
1376688895,20,3
1376688963,19,4
1376689064,19,4
1376689067,20,3
1376689553,19,4
1376689753,19,4
1376689839,19,4
1376690123,19,4
1376690168,20,3
1376690795,19,4
1376691399,19,4
1376691445,20,3
1376691501,20,3
1376692105,20,3
1376692242,20,3
1376692245,19,4
1376692849,19,4
1376693323,19,4
1376693332,20,3
1376693936,20,3
1376694517,19,4
1376695021,18,5
1376695463,17,6
1376696068,17,6
1376696380,18,5
1376696624,18,5
1376696636,20,3
1376696983,20,3
1376696986,21,2
1376697083,21,2
1376697686,21,2
1376698290,21,2
1376698894,21,2
1376699498,21,2
1376700102,21,2
1376700705,21,2
1376701309,21,2
1376701913,21,2
1376702072,22,1
1376702676,22,1
1376703200,22,1
1376703284,22,1
1376703888,22,1
1376704492,22,1
1376705096,22,1
1376705699,22,1
1376706303,22,1
1376706907,22,1
1376707510,22,1
1376708114,22,1
1376708718,22,1
1376709323,22,1
1376709926,22,1
1376710530,22,1
1376711134,22,1
1376711738,22,1
1376712341,22,1
1376712945,22,1
1376713549,22,1
1376714153,22,1
1376714757,22,1
1376715360,22,1
1376715964,22,1
1376716568,22,1
1376717172,22,1
1376717775,22,1
1376718379,22,1
1376718983,22,1
1376719586,22,1
1376720253,21,2
1376720269,21,2
1376720873,21,2
1376721477,21,2
1376722081,21,2
1376722685,21,2
1376723261,22,1
1376723872,21,2
1376724515,22,1
1376724542,21,2
1376725146,21,2
1376725750,21,2
1376726354,21,2
1376726921,21,2
1376726930,22,1
1376727534,22,1
1376727803,21,2
1376727994,20,3
1376728055,20,3
1376728124,21,2
1376728349,21,2
1376728400,22,1
1376729004,22,1
1376729608,22,1
1376729786,23,0
1376730390,23,0
1376730994,23,0
1376731234,21,2
1376731635,22,1
1376732120,23,0
1376732724,23,0
1376733328,23,0
1376733932,23,0
1376734455,22,1
1376735060,22,1
1376735664,22,1
1376735822,21,2
1376736195,22,1
1376736276,23,0
1376736721,22,1
1376736859,20,3
1376736945,20,3
1376737003,20,3
1376737044,21,2
1376737135,21,2
1376737329,22,1
1376737718,21,2
1376737728,20,3
1376738361,20,3
1376738964,20,3
1376739194,21,2
1376739735,22,1
1376740340,22,1
1376740808,21,2
1376741134,20,3
1376741156,19,4
1376741760,19,4
1376742389,20,3
1376742501,21,2
1376743104,21,2
1376743714,21,2
1376744019,20,3
1376744342,18,5
1376744516,17,6
1376744587,18,5
1376744820,19,4
1376745379,18,5
1376745463,18,5
1376745466,19,4
1376746069,19,4
1376746679,19,4
1376746793,21,2
1376747397,21,2
1376747800,21,2
1376747978,21,2
1376748096,22,1
1376748140,23,0
1376748745,23,0
1376749349,23,0
1376749913,22,1
1376750123,23,0
1376750342,22,1
1376750805,21,2
1376750808,22,1
1376751412,22,1
1376752016,22,1
1376752305,22,1
1376752308,21,2
1376752398,21,2
1376752453,22,1
1376752543,23,0
1376753130,21,2
1376753329,22,1
1376753933,22,1
1376754075,21,2
1376754445,22,1
1376755049,22,1
1376755652,22,1
1376755896,23,0
1376756500,23,0
1376757104,23,0
1376757707,23,0
1376757956,22,1
1376758133,21,2
1376758737,21,2
1376759038,19,4
1376759124,18,5
1376759443,17,6
1376759446,16,7
1376759976,16,7
1376760016,17,6
1376760161,17,6
1376760208,16,7
1376760331,15,8
1376760522,11,12
1376760568,11,12
1376760631,11,12
1376760715,10,13
1376761029,9,14
1376761099,7,16
1376761245,7,16
1376761287,10,13
1376761339,10,13
1376761943,10,13
1376762220,8,15
1376762895,6,17
1376762937,5,18
1376763142,6,17
1376763573,8,15
1376763655,7,16
1376764210,8,15
1376764604,9,14
1376764742,8,15
1376765094,7,16
1376765698,7,16
1376765860,7,16
1376765872,8,15
1376766098,7,16
1376766355,6,17
1376766942,6,17
1376766951,7,16
1376767509,5,18
1376768113,5,18
1376768691,5,18
1376768799,6,17
1376768855,7,16
1376768909,7,16
1376769020,7,15
1376769062,8,14
1376769164,8,14
1376769255,7,15
1376769328,8,14
1376769384,9,13
1376769877,10,12
1376770412,11,11
1376771016,11,12
1376771619,11,12
1376772224,11,12
1376772821,12,11
1376772897,13,10
1376773157,14,9
1376773384,14,9
1376773988,14,9
1376774139,14,9
1376774149,15,8
1376774753,15,8
1376775357,15,8
1376775961,15,8
1376776564,15,8
1376777168,15,8
1376777794,14,9
1376778320,14,9
1376778403,14,9
1376778465,16,7
1376778498,18,5
1376779102,18,5
1376779706,18,5
1376780309,18,5
1376780815,17,6
1376781419,17,6
1376781764,17,6
1376781802,19,4
1376782339,17,6
1376782943,17,6
1376783184,18,5
1376783619,19,4
1376783655,22,1
1376784259,22,1
1376784863,22,1
1376784919,21,2
1376785543,20,3
1376786148,20,3
1376786467,19,4
1376786577,20,3
1376786745,20,3
1376786748,21,2
1376787352,21,2
1376787956,21,2
1376788559,21,2
1376789163,21,2
1376789597,21,2
1376790201,21,2
1376790805,21,2
1376791409,21,2
1376792013,21,2
1376792616,21,2
1376793220,21,2
1376793342,21,2
1376793454,22,1
1376793507,22,1
1376793545,23,0
1376794148,23,0
1376794752,23,0
1376795356,23,0
1376795960,23,0
1376796564,23,0
1376796880,22,0
1376796933,19,4
1376797536,19,4
1376798140,19,4
1376798743,19,4
1376799347,19,4
1376799951,19,4
1376800555,19,4
1376801158,19,4
1376801762,19,4
1376802366,19,4
1376802970,19,4
1376803573,19,4
1376804177,19,4
1376804781,19,4
1376805385,19,4
1376805989,19,4
1376806258,20,3
1376806862,20,3
1376807466,20,3
1376808069,20,3
1376808674,20,3
1376809278,20,3
1376809882,20,3
1376810046,19,4
1376810652,20,3
1376811188,21,2
1376811228,20,3
1376811446,21,2
1376812050,21,2
1376812654,21,2
1376813258,21,2
1376813488,22,1
1376814092,22,1
1376814696,22,1
1376815300,22,1
1376815904,22,1
1376816421,22,1
1376816532,21,2
1376816675,20,3
1376816744,19,4
1376816803,19,4
1376816806,20,3
1376817410,20,3
1376817641,20,3
1376817822,19,4
1376817844,19,4
1376818391,21,2
1376818995,21,2
1376819561,21,2
1376819568,22,1
1376819744,22,1
1376819754,20,3
1376820358,20,3
1376820961,20,3
1376821236,21,2
1376821424,21,2
1376821431,19,4
1376821785,20,3
1376821822,20,3
1376822320,19,4
1376822347,18,5
1376822683,18,5
1376822736,20,3
1376822834,20,3
1376822897,19,4
1376822959,20,3
1376823563,20,3
1376824166,20,3
1376824459,20,3
1376824526,21,2
1376824588,22,1
1376824841,23,0
1376825445,23,0
1376826048,23,0
1376826652,23,0
1376826805,22,1
1376827417,23,0
1376828003,22,1
1376828187,20,3
1376828308,20,3
1376828383,22,1
1376828392,23,0
1376828995,23,0
1376829599,23,0
1376829764,22,1
1376830367,22,1
1376830977,22,1
1376831581,22,1
1376832093,21,2
1376832179,22,1
1376832783,22,1
