1376208308,12,9
1376208911,12,9
1376209515,12,9
1376210119,12,9
1376210559,12,9
1376210568,13,8
1376211171,13,8
1376211644,14,7
1376211652,15,6
1376211758,15,6
1376211803,16,5
1376211841,17,4
1376211941,16,5
1376211959,15,6
1376212108,16,5
1376212177,19,2
1376212781,19,2
1376213345,18,3
1376213948,18,3
1376214461,17,4
1376214493,16,5
1376215052,16,5
1376215103,18,3
1376215299,17,3
1376215307,17,4
1376215911,17,4
1376216358,16,5
1376216483,16,5
1376216523,17,4
1376217127,17,4
1376217282,14,7
1376217284,13,8
1376217888,13,8
1376218482,13,8
1376218484,12,9
1376218592,11,10
1376218720,10,11
1376218743,11,10
1376218806,10,11
1376219090,9,12
1376219612,9,12
1376219672,9,12
1376219739,10,11
1376219778,11,10
1376220162,10,11
1376220187,7,14
1376220231,6,15
1376220834,6,15
1376221292,5,16
1376221483,5,16
1376221485,4,17
1376221959,2,18
1376221999,2,19
1376222382,1,20
1376222441,1,20
1376222889,2,19
1376222930,1,20
1376223085,2,19
1376223158,2,19
1376223169,3,18
1376223477,1,20
1376223695,0,21
1376223932,1,20
1376224465,0,21
1376225069,0,21
1376225672,0,21
1376225791,0,21
1376225864,1,20
1376225883,2,19
1376225969,4,17
1376226395,5,16
1376226604,4,17
1376226680,5,16
1376227283,5,16
1376227516,5,16
1376227588,5,16
1376227724,5,16
1376227777,6,15
1376227842,6,15
1376227900,5,16
1376227939,5,16
1376227974,4,17
1376228324,5,16
1376228368,7,14
1376228503,7,14
1376228556,5,16
1376229159,5,16
1376229426,4,17
1376229548,6,15
1376229817,2,19
1376230118,3,18
1376230174,5,16
1376230208,7,14
1376230357,3,18
1376230379,1,20
1376230472,0,21
1376230541,1,20
1376230558,0,21
1376231161,0,21
1376231456,0,21
1376232060,0,21
1376232572,0,21
1376232611,2,19
1376232693,0,21
1376233061,0,21
1376233081,1,20
1376233267,0,21
1376233871,0,21
1376234263,1,20
1376234321,4,17
1376234381,5,16
1376234421,7,14
1376234508,7,13
1376234676,8,12
1376234983,7,13
1376234986,6,14
1376235104,3,17
1376235110,2,18
1376235224,1,19
1376235282,0,20
1376235322,0,20
1376235373,0,20
1376235464,0,20
1376235481,0,20
1376236110,0,20
1376236183,1,19
1376236787,1,19
1376236963,1,19
1376236973,0,20
1376237577,0,20
1376237727,1,19
1376238266,2,18
1376238745,3,17
1376238815,3,17
1376238957,4,16
1376239247,3,17
1376239600,2,18
1376239662,2,18
1376239664,3,17
1376239744,2,18
1376240181,1,19
1376240557,2,18
1376241161,2,18
1376241673,0,20
1376241914,0,20
1376242527,0,20
1376243131,0,20
1376243177,1,19
1376243442,0,20
1376243601,1,19
1376243740,1,19
1376243753,1,19
1376243824,0,20
1376244271,1,19
1376244396,2,18
1376244581,1,19
1376244592,3,17
1376244762,3,17
1376244765,2,18
1376244939,1,19
1376245046,0,20
1376245292,1,19
1376245473,1,19
1376245561,1,19
1376245661,1,19
1376245723,1,19
1376245982,0,20
1376246586,0,20
1376246800,1,19
1376247403,1,19
1376247938,1,19
1376247948,0,20
1376248467,1,19
1376248661,1,19
1376248663,0,20
1376249267,0,20
1376249870,0,20
1376250513,0,20
1376250536,0,20
1376250782,0,20
1376251386,0,20
1376251536,0,20
1376251591,2,18
1376251655,3,17
1376252113,2,18
1376252364,1,19
1376252415,1,19
1376252471,2,18
1376252514,3,17
1376253117,3,17
1376253721,3,17
1376254324,3,17
1376254635,4,16
1376254718,5,15
1376255074,5,15
1376255110,6,14
1376255150,7,13
1376255623,6,14
1376255657,7,13
1376256261,7,13
1376256840,8,12
1376257444,8,12
1376258047,8,12
1376258416,6,14
1376258724,7,13
1376258794,7,13
1376258845,8,12
1376258877,9,11
1376259480,9,11
1376259905,10,10
1376260509,10,10
1376261112,10,10
1376261716,10,10
1376262319,10,10
1376262583,11,9
1376263187,11,9
1376263531,12,8
1376263587,13,7
1376263759,13,7
1376263875,14,6
1376263949,14,6
1376263974,15,5
1376264577,15,5
1376264675,15,5
1376264739,15,5
1376264753,16,4
1376265356,16,4
1376265960,16,4
1376266563,16,4
1376267167,16,4
1376267313,16,4
1376267364,16,4
1376267432,16,4
1376268036,16,4
1376268639,16,4
1376268665,17,3
1376269269,17,3
1376269872,17,3
1376270476,17,3
1376271079,17,3
1376271683,17,3
1376272108,17,3
1376272712,17,3
1376273316,17,3
1376273919,17,3
1376274523,17,3
1376275126,17,3
1376275730,17,3
1376276333,17,3
1376276937,17,3
1376277540,17,3
1376278144,17,3
1376278747,17,3
1376279351,17,3
1376279954,17,3
1376280558,17,3
1376281161,17,3
1376281765,17,3
1376282020,18,2
1376282623,18,2
1376283227,18,2
1376283831,18,2
1376284434,18,2
1376285038,18,2
1376285641,18,2
1376286244,18,2
1376286848,18,2
1376286982,17,3
1376287585,17,3
1376287614,16,4
1376288217,16,4
1376288821,16,4
1376289458,16,4
1376289466,17,3
1376289681,16,4
1376289813,17,3
1376289963,18,2
1376290285,19,1
1376290436,18,2
1376290893,17,3
1376291496,17,3
1376291919,19,1
1376291974,17,3
1376291995,17,3
1376292071,16,4
1376292674,16,4
1376292872,15,5
1376292996,14,6
1376293600,14,6
1376293708,15,5
1376293756,16,4
1376294359,16,4
1376294962,16,4
1376295577,16,4
1376295586,17,3
1376295970,17,3
1376296517,17,3
1376296578,18,2
1376297182,18,2
1376297785,18,2
1376298389,18,2
1376298740,19,1
1376299343,19,1
1376299947,19,1
1376300179,19,1
1376300783,19,1
1376301386,19,1
1376301990,19,1
1376302123,18,2
1376302727,18,2
1376303347,18,2
1376303492,18,2
1376303519,19,1
1376303613,20,0
1376303754,18,2
1376304357,18,2
1376304420,17,3
1376304639,17,3
1376304687,18,2
1376304720,19,1
1376305330,18,2
1376305963,17,3
1376306010,16,4
1376306080,12,8
1376306257,9,11
1376306305,7,13
1376306546,6,14
1376306608,6,14
1376306637,6,14
1376306701,7,13
1376306890,6,14
1376306982,6,14
1376306984,5,15
1376307100,2,18
1376307115,2,18
1376307220,2,18
1376307242,3,17
1376307317,3,17
1376307358,4,16
1376307516,3,17
1376307542,3,17
1376307713,2,18
1376307877,2,18
1376308082,1,19
1376308183,2,18
1376308787,2,18
1376309263,2,18
1376309302,3,17
1376309846,3,17
1376309889,4,16
1376310032,5,15
1376310635,5,15
1376311239,5,15
1376311741,6,14
1376311871,5,15
1376311921,6,14
1376312552,5,15
1376312861,3,17
1376313273,2,18
1376313397,1,19
1376313499,1,19
1376313568,2,18
1376313639,4,16
1376313651,5,15
1376313903,4,16
1376314228,3,17
1376314299,2,18
1376314346,2,18
1376314482,2,18
1376314520,3,17
1376314623,1,19
1376314902,0,20
1376315505,0,20
1376315788,0,20
1376316391,0,20
1376316995,0,20
1376317498,1,19
1376317901,0,20
1376318504,0,20
1376318646,1,19
1376318699,0,20
1376318915,0,20
1376319519,0,20
1376319868,1,19
1376320302,1,19
1376320304,0,20
1376320908,0,20
1376321127,1,19
1376321482,0,20
1376322085,0,20
1376322689,0,20
1376323062,0,20
1376323065,1,19
1376323203,2,18
1376323806,2,18
1376323912,2,18
1376324515,2,18
1376324785,1,19
1376324918,0,20
1376324929,0,20
1376325032,0,20
1376325055,1,19
1376325174,0,20
1376325450,0,20
1376325691,1,19
1376325967,0,20
1376326286,0,20
1376326305,0,20
1376326565,0,20
1376327201,1,19
1376327226,0,20
1376327361,0,20
1376327443,2,18
1376327488,1,19
1376327735,0,20
1376328239,1,19
1376328400,1,19
1376328403,0,20
1376329007,0,20
1376329611,0,20
1376330214,0,20
1376330818,0,20
1376331419,0,20
1376331867,0,20
1376331935,0,20
1376332539,0,20
1376333083,1,19
1376333086,2,18
1376333618,1,19
1376333683,1,19
1376333757,1,19
1376333838,1,19
1376333909,1,19
1376333984,1,19
1376334007,0,20
1376334224,0,20
1376334343,0,20
1376334378,1,19
1376334687,0,20
1376334769,0,20
1376334872,1,19
1376334986,0,20
1376335518,0,20
1376335585,0,20
1376335719,0,20
1376335780,1,19
1376335804,0,20
1376335894,0,20
1376335927,1,19
1376336358,0,20
1376336430,1,19
1376336576,2,18
1376336862,2,18
1376336911,0,20
1376337514,0,20
1376338118,0,20
1376338721,0,20
1376339065,0,20
1376339669,0,20
1376340273,0,20
1376340876,0,20
1376341423,1,19
1376341467,2,18
1376341693,1,19
1376341768,1,19
1376341824,2,18
1376342428,2,18
1376343031,2,18
1376343635,2,18
1376343839,3,17
1376343968,4,16
1376344332,5,15
1376344936,5,15
1376345539,5,15
1376345965,4,16
1376346569,4,16
1376347172,4,16
1376347776,4,16
1376348379,4,16
1376348983,4,16
1376349462,3,17
1376349530,3,17
1376349642,3,17
1376349644,4,16
1376350248,4,16
1376350851,4,16
1376351454,4,16
1376352058,4,16
1376352662,4,16
1376353266,4,16
1376353334,4,16
1376353403,5,15
1376353434,6,14
1376354038,6,14
1376354641,6,14
1376355245,6,14
1376355848,6,14
1376356452,6,14
1376357055,6,14
1376357341,6,14
1376357393,7,13
1376357996,7,13
1376358496,7,13
1376359100,7,13
1376359703,7,13
1376360307,7,13
1376360911,7,13
1376361515,7,13
1376362118,7,13
1376362722,7,13
1376363326,7,13
1376363930,7,13
1376364534,7,13
1376365137,7,13
1376365741,7,13
1376366345,7,13
1376366949,7,13
1376367552,7,13
1376368156,7,13
1376368760,7,13
1376369364,7,13
1376369967,7,13
1376370571,7,13
1376371175,7,13
1376371779,7,13
1376372383,7,13
1376372986,7,13
1376373590,7,13
1376374194,7,13
1376374807,8,12
1376375020,9,11
1376375295,8,12
1376375430,9,11
1376375481,11,9
1376376085,11,9
1376376403,11,9
1376376405,10,10
1376376656,9,11
1376377259,9,11
1376377863,9,11
1376378112,8,12
1376378166,9,11
1376378771,9,11
1376379002,8,12
1376379606,8,12
1376380239,9,11
1376380296,11,9
1376380335,12,8
1376380367,13,7
1376380634,12,8
1376380897,12,8
1376380907,13,7
1376381073,12,8
1376381341,11,9
1376381406,10,10
1376381701,10,10
1376381863,10,10
1376381873,11,10
1376382083,10,11
1376382395,9,12
1376382705,9,12
1376382851,10,11
1376383293,9,12
1376383407,10,11
1376384011,10,11
1376384135,9,12
1376384276,10,11
1376384508,9,12
1376385112,9,12
1376385262,10,11
1376385564,9,12
1376386168,9,12
1376386662,10,11
1376386865,9,12
1376387169,8,13
1376387317,9,12
1376387786,6,15
1376388390,6,15
1376388994,6,15
1376389597,6,15
1376390201,6,15
1376390495,6,15
1376390545,7,14
1376390672,7,14
1376390710,8,13
1376390846,8,13
1376390956,7,14
1376391435,7,14
1376391559,7,14
1376392163,7,14
1376392291,6,15
1376392339,4,17
1376392415,4,17
1376392477,4,17
1376392516,4,17
1376392658,4,17
1376392698,5,16
1376392936,2,19
1376392988,2,19
1376393046,2,19
1376393116,1,20
1376393193,1,20
1376393260,2,19
1376393316,3,18
1376393373,3,18
1376393406,3,18
1376393453,5,16
1376394057,5,16
1376394449,2,19
1376394523,2,19
1376394625,2,19
1376394699,3,18
1376394763,5,16
1376394939,6,15
1376394998,6,15
1376395213,5,16
1376395817,5,16
1376396250,6,15
1376396660,5,16
1376396732,6,15
1376397151,6,15
1376397360,6,15
1376397582,6,15
1376397687,6,15
1376397746,7,14
1376397783,8,13
1376397940,6,15
1376398169,7,14
1376398240,6,15
1376398419,7,14
1376398456,8,13
1376398879,7,14
1376398985,6,15
1376399319,6,15
1376399348,7,14
1376399615,7,14
1376399679,9,12
1376399714,8,13
1376399893,6,15
1376400342,5,16
1376400946,5,16
1376401118,4,17
1376401663,3,18
1376401698,2,19
1376401802,1,20
1376401892,1,20
1376402009,1,20
1376402075,1,20
1376402437,0,21
1376403040,0,21
1376403644,0,21
1376404047,1,20
1376404349,0,21
1376404710,1,20
1376405020,1,20
1376405029,2,19
1376405200,1,19
1376405233,1,20
1376405442,1,20
1376405444,0,21
1376406048,0,21
1376406553,0,21
1376406636,0,21
1376406702,0,21
1376406761,1,20
1376406812,0,21
1376406866,0,21
1376406939,0,21
1376406981,0,21
1376407062,1,20
1376407123,0,21
1376407150,1,20
1376407239,1,20
1376407247,2,19
1376407532,0,21
1376407561,0,21
1376408164,0,21
1376408381,1,20
1376408624,2,19
1376408627,1,20
1376408700,0,21
1376409304,0,21
1376409917,1,20
1376410057,2,19
1376410242,1,19
1376410271,1,20
1376410341,0,21
1376410411,1,20
1376410521,0,21
1376410919,0,21
1376411361,0,21
1376411562,1,20
1376411569,0,21
1376412173,0,21
1376412761,0,21
1376412804,1,20
1376412875,2,19
1376412899,1,20
1376412992,1,20
1376413016,2,19
1376413089,1,20
1376413235,2,19
1376413262,0,21
1376413465,1,20
1376413657,0,21
1376413836,0,21
1376413898,1,20
1376413917,0,21
1376414499,0,21
1376414673,0,21
1376414709,0,21
1376415281,0,21
1376415325,0,21
1376415374,1,20
1376415434,0,21
1376415690,1,20
1376416043,2,19
1376416289,0,21
1376416348,0,21
1376416376,1,20
1376416590,0,20
1376416642,1,20
1376416710,2,19
1376416951,0,21
1376417013,0,21
1376417032,0,21
1376417490,1,20
1376417591,0,21
1376418195,0,21
1376418799,0,21
1376419123,1,20
1376419200,2,19
1376419573,3,18
1376420177,3,18
1376420420,0,21
1376420599,0,21
1376420952,1,20
1376421121,0,21
1376421211,0,21
1376421255,0,21
1376421859,0,21
1376422171,0,21
1376422506,0,21
1376422716,0,21
1376422825,0,21
1376422879,1,20
1376422914,2,19
1376423041,3,18
1376423139,3,18
1376423150,4,17
1376423755,4,17
1376423911,3,18
1376423964,2,19
1376424461,2,19
1376424490,1,20
1376424622,0,21
1376425226,0,21
1376425830,0,21
1376426434,0,21
1376426851,1,20
1376427066,2,19
1376427313,4,17
1376427445,2,19
1376427574,3,18
1376427620,4,17
1376427780,2,19
1376427849,1,20
1376427997,1,20
1376428033,2,19
1376428636,2,19
1376428700,1,20
1376428838,0,21
1376429442,0,21
1376430045,0,21
1376430649,0,21
1376431253,0,21
1376431556,1,20
1376432160,1,20
1376432457,2,19
1376433061,2,19
1376433664,2,19
1376434268,2,19
1376434773,2,19
1376434831,2,19
1376434872,3,18
1376435476,3,18
1376435855,3,18
1376435911,3,18
1376435956,3,18
1376436022,3,18
1376436134,3,18
1376436185,4,17
1376436789,4,17
1376437392,4,17
1376437752,5,16
1376438355,5,16
1376438959,5,16
1376439120,6,15
1376439723,6,15
1376440327,6,15
1376440422,6,15
1376440425,7,14
1376441028,7,14
1376441632,7,14
1376442236,7,14
1376442840,7,14
1376443443,7,14
1376444047,7,14
1376444651,7,14
1376444897,7,14
1376445501,7,14
1376446104,7,14
1376446584,8,13
1376447188,8,13
1376447792,8,13
1376448396,8,13
1376449000,8,13
1376449603,8,13
1376450207,8,13
1376450811,8,13
1376451415,8,13
1376452018,8,13
1376452644,7,14
1376453248,7,14
1376453851,7,14
1376454455,7,14
1376455059,7,14
1376455663,7,14
1376456266,7,14
1376456870,7,14
1376457473,7,14
1376458077,7,14
1376458680,7,14
1376459284,7,14
1376459888,7,14
1376460491,7,14
1376460781,8,13
1376461422,8,13
1376461425,9,12
1376461802,8,13
1376462406,8,13
1376462672,7,14
1376463266,6,15
1376463435,5,16
1376463842,4,17
1376464320,3,18
1376464923,3,18
1376465527,3,18
1376466130,3,18
1376466489,2,19
1376466922,1,20
1376467123,2,19
1376467698,1,20
1376468302,1,20
1376468756,0,21
1376469359,0,21
1376469963,0,21
1376470154,1,20
1376470221,2,19
1376470446,3,18
1376471024,1,20
1376471637,0,21
1376472240,0,21
1376472844,0,21
1376473448,0,21
1376474052,0,21
1376474655,0,21
1376475139,0,21
1376475258,0,21
1376475301,0,21
1376475392,1,20
1376475459,0,21
1376475486,0,21
1376476090,0,21
1376476540,1,20
1376476650,0,21
1376476881,1,20
1376477362,0,21
1376477965,0,21
1376478569,0,21
1376479173,0,21
1376479776,0,21
1376480380,0,21
1376480983,0,21
1376481587,0,21
1376482191,0,21
1376482468,0,21
1376482652,0,21
1376482679,1,20
1376483283,1,20
1376483881,0,21
1376484095,0,21
1376484105,0,21
1376484277,1,20
1376484427,0,21
1376485030,0,21
1376485173,1,20
1376485777,1,20
1376485820,0,21
1376485936,0,21
1376486006,1,20
1376486046,1,20
1376486115,2,19
1376486202,3,18
1376486225,2,19
1376486302,1,20
1376486339,2,19
1376486526,1,20
1376486860,0,21
1376486879,0,21
1376486955,0,21
1376487278,0,21
1376487550,0,21
1376487824,1,20
1376487934,2,19
1376488036,3,18
1376488182,4,17
1376488222,1,20
1376488476,0,21
1376488509,0,21
1376488652,0,21
1376488696,0,21
1376488812,0,21
1376488893,1,20
1376488948,0,21
1376489018,0,21
1376489061,0,21
1376489126,0,21
1376489730,0,21
1376489829,1,20
1376489895,0,21
1376490499,0,21
1376490929,0,21
1376491064,0,21
1376491123,1,20
1376491143,0,21
1376491302,0,21
1376491361,0,21
1376491590,1,20
1376492012,0,21
1376492071,0,21
1376492675,0,21
1376493098,0,21
1376493127,1,20
1376493489,0,21
1376494093,0,21
1376494271,0,21
1376494344,1,20
1376494447,0,21
1376494602,0,21
1376494614,1,20
1376494720,0,21
1376494745,1,20
1376494815,0,21
1376494902,0,21
1376494918,0,21
1376495021,2,19
1376495075,0,21
1376495131,0,21
1376495192,0,21
1376495261,1,20
1376495271,0,21
1376495412,1,20
1376495595,0,21
1376495830,0,21
1376495891,1,20
1376496044,2,19
1376496046,3,18
1376496267,1,20
1376496362,0,21
1376496966,0,21
1376497232,0,21
1376497296,0,21
1376497362,1,20
1376497375,0,21
1376497699,0,21
1376497765,0,21
1376497987,0,21
1376498591,0,21
1376498859,0,21
1376498884,1,20
1376499078,0,21
1376499682,0,21
1376499820,1,20
1376499859,0,21
1376500464,0,21
1376500518,0,21
1376500721,0,21
1376500815,0,21
1376501023,0,21
1376501411,0,21
1376502015,0,21
1376502699,0,21
1376502755,0,21
1376502802,1,20
1376502846,0,21
1376503449,0,21
1376504053,0,21
1376504183,0,21
1376504587,0,21
1376504803,0,21
1376504822,0,21
1376505426,0,21
1376506029,0,21
1376506124,1,20
1376506130,0,21
1376506721,0,21
1376506734,0,21
1376507338,0,21
1376507678,1,20
1376507718,0,21
1376507952,1,20
1376508098,0,21
1376508104,0,21
1376508171,0,21
1376508238,0,21
1376508841,0,21
1376509241,0,21
1376509263,0,21
1376509866,0,21
1376510103,0,21
1376510192,0,21
1376510796,0,21
1376511399,0,21
1376511441,0,21
1376511511,0,21
1376511633,0,20
1376511664,0,20
1376511788,0,20
1376511825,0,20
1376511940,0,21
1376511979,1,20
1376512294,0,21
1376512358,1,20
1376512480,0,21
1376513083,0,21
1376513687,0,21
1376513969,1,20
1376514156,0,21
1376514760,0,21
1376515365,0,21
1376515969,0,21
1376516365,1,20
1376516969,1,20
1376517573,1,20
1376517777,0,21
1376518380,0,21
1376518573,1,20
1376518640,2,19
1376518961,2,19
1376518969,3,18
1376519152,4,17
1376519755,4,17
1376520274,4,17
1376520356,5,16
1376520959,5,16
1376521563,5,16
1376522166,5,16
1376522499,6,15
1376522666,6,15
1376522736,6,15
1376522778,7,14
1376522879,7,14
1376522955,7,14
1376523005,8,13
1376523609,8,13
1376524212,8,13
1376524816,8,13
1376525420,8,13
1376525826,9,12
1376526430,9,12
1376527033,9,12
1376527637,9,12
1376528240,9,12
1376528844,9,12
1376529447,9,12
1376530050,9,12
1376530254,10,11
1376530633,9,12
1376530699,8,13
1376531302,8,13
1376531905,8,13
1376532508,8,13
1376533112,8,13
1376533537,5,16
1376534141,5,16
1376534744,5,16
1376535348,5,16
1376535413,5,16
1376535535,5,16
1376535612,5,15
1376536215,5,16
1376536819,5,16
1376537422,5,16
1376538026,5,16
1376538629,5,16
1376538922,4,17
1376539525,4,17
1376540129,4,17
1376540732,4,17
1376541336,4,17
1376541763,3,18
1376542367,3,18
1376542970,3,18
1376543573,3,18
1376544177,3,18
1376544780,3,18
1376545384,3,18
1376545988,3,18
1376546592,3,18
1376547195,3,18
1376547438,3,18
1376548042,3,18
1376548645,3,18
1376549249,3,18
1376549853,3,18
1376550456,3,18
1376550588,2,19
1376551192,2,19
1376551599,3,18
1376551902,2,18
1376551904,2,19
1376552507,2,19
1376552709,0,21
1376553313,0,21
1376553916,0,21
1376554520,0,21
1376555124,0,21
1376555394,1,20
1376555502,1,20
1376555505,2,19
1376556108,2,19
1376556712,2,19
1376556938,2,19
1376556946,3,18
1376557550,3,18
1376557660,1,20
1376558263,1,20
1376558683,1,20
1376558685,0,21
1376558797,0,21
1376558888,1,20
1376559160,1,20
1376559167,0,21
1376559771,0,21
1376560421,3,18
1376560449,4,17
1376560769,5,16
1376561372,5,16
1376561976,5,16
1376562441,2,19
1376562580,1,20
1376562630,2,19
1376562821,2,19
1376563424,2,19
1376563558,0,21
1376563681,0,21
1376564031,0,21
1376564635,0,21
1376565069,1,20
1376565368,0,21
1376565447,0,21
1376565505,0,21
1376565561,0,21
1376566164,0,21
1376566492,1,20
1376566640,0,21
1376566999,0,21
1376567051,1,20
1376567122,0,21
1376567614,0,21
1376567664,0,21
1376568268,0,21
1376568520,0,21
1376569124,0,21
1376569727,0,21
1376570331,0,21
1376570665,1,20
1376570772,1,20
1376570919,2,19
1376571025,3,18
1376571090,0,21
1376571693,0,21
1376571822,0,21
1376571844,0,21
1376571997,1,20
1376572353,2,19
1376572401,2,19
1376572424,3,18
1376572541,0,21
1376572589,0,21
1376572661,1,20
1376572680,0,21
1376573283,0,21
1376573886,0,21
1376574102,1,20
1376574154,1,20
1376574217,0,21
1376574244,0,21
1376574417,0,21
1376574506,1,20
1376574540,0,21
1376574636,0,21
1376574648,0,21
1376574758,1,20
1376574779,0,21
1376574873,1,20
1376574908,1,20
1376575013,1,20
1376575121,1,20
1376575231,0,21
1376575409,0,21
1376575468,0,21
1376575600,1,20
1376575619,0,21
1376575720,1,20
1376575731,0,21
1376576335,0,21
1376576828,1,20
1376577219,0,21
1376577614,1,20
1376578047,2,19
1376578171,1,20
1376578203,0,21
1376578295,1,20
1376578361,1,20
1376578364,2,19
1376578599,2,19
1376578660,1,20
1376578742,1,20
1376578840,3,18
1376578861,1,20
1376578912,2,19
1376579338,3,18
1376579466,4,17
1376579602,2,19
1376579654,2,19
1376579700,2,19
1376579801,3,18
1376579852,1,20
1376579928,1,20
1376580037,1,20
1376580079,1,20
1376580157,1,20
1376580271,2,19
1376580342,2,19
1376580396,2,19
1376580461,2,18
1376580520,2,18
1376580582,3,17
1376580616,4,16
1376580671,5,15
1376580708,6,14
1376580963,4,16
1376581036,3,17
1376581303,4,17
1376581580,3,18
1376581768,2,19
1376581833,0,21
1376582437,0,21
1376582533,0,21
1376582829,1,20
1376582903,0,21
1376583507,0,21
1376583544,0,21
1376583615,1,20
1376583650,0,21
1376584254,0,21
1376584661,0,21
1376584719,1,20
1376584726,0,21
1376584886,0,21
1376584957,1,20
1376585316,2,19
1376585560,1,20
1376585672,1,20
1376585726,1,20
1376585788,2,19
1376585981,2,19
1376586041,1,19
1376586098,1,20
1376586223,0,21
1376586243,1,20
1376586437,0,21
1376587041,0,21
1376587645,0,21
1376588248,0,21
1376588474,1,20
1376588648,2,19
1376588742,4,17
1376588802,4,17
1376588847,3,18
1376589223,4,17
1376589271,5,16
1376589336,4,17
1376589379,4,17
1376589427,5,16
1376590031,5,16
1376590656,3,18
1376590705,3,18
1376590814,4,17
1376591047,5,16
1376591253,5,16
1376591858,5,16
1376592160,3,18
1376592554,2,19
1376592931,1,20
1376593514,0,21
1376594117,0,21
1376594721,0,21
1376595324,0,21
1376595928,0,21
1376596531,0,21
1376596569,1,20
1376596820,1,20
1376596885,1,20
1376596955,1,20
1376597070,1,20
1376597674,1,20
1376597923,1,20
1376597926,0,21
1376598062,1,20
1376598248,2,19
1376598852,2,19
1376599455,2,19
1376599620,1,20
1376599716,1,20
1376599767,1,20
1376599791,2,19
1376599922,3,18
1376600525,3,18
1376600650,2,19
1376600822,2,19
1376600903,2,19
1376600928,3,18
1376601059,2,19
1376601663,2,19
1376602266,2,19
1376602603,2,19
1376602655,6,15
1376602699,8,13
1376603252,7,14
1376603267,7,14
1376603353,6,15
1376603387,7,14
1376603923,7,14
1376603925,8,13
1376604157,8,13
1376604188,9,12
1376604254,10,11
1376604857,10,11
1376605058,11,10
1376605117,11,10
1376605171,12,9
1376605774,12,9
1376605974,13,8
1376606578,13,8
1376606859,14,7
1376606908,14,7
1376606933,15,6
1376607440,15,6
1376607507,15,6
1376607719,15,6
1376607881,15,6
1376607935,15,5
1376608002,17,4
1376608048,17,4
1376608112,16,5
1376608165,17,4
1376608288,17,4
1376608362,17,4
1376608399,18,3
1376608483,18,3
1376608509,19,2
1376609112,19,2
1376609715,19,2
1376610319,19,2
1376610865,19,2
1376610941,19,2
1376610953,20,1
1376611061,20,1
1376611663,21,0
1376611706,21,0
1376611794,20,1
1376612398,20,1
1376613001,20,1
1376613161,20,1
1376613221,20,1
1376613824,20,1
1376614428,20,1
1376615031,20,1
1376615635,20,1
1376615854,20,1
1376616457,20,1
1376616954,20,1
1376617162,21,0
1376617218,20,1
1376617372,19,1
1376617700,19,1
1376618303,19,1
1376618907,19,1
1376619510,19,1
1376620114,19,1
1376620717,19,1
1376621077,20,1
1376621105,19,2
1376621708,19,2
1376622312,19,2
1376622915,19,2
1376623519,19,2
1376623819,18,3
1376624423,18,3
1376625026,18,3
1376625505,17,4
1376626108,17,4
1376626712,17,4
1376627315,17,4
1376627919,17,4
1376628453,18,3
1376629057,18,3
1376629661,18,3
1376630264,18,3
1376630912,17,4
1376631515,17,4
1376632119,17,4
1376632722,17,4
1376633326,17,4
1376633929,17,4
1376634533,17,4
1376635136,17,4
1376635478,18,3
1376635518,17,4
1376635569,18,3
1376636172,18,3
1376636776,18,3
1376637038,19,2
1376637642,19,2
1376638245,19,2
1376638662,19,2
1376638665,18,3
1376638957,17,4
1376639082,16,5
1376639098,16,5
1376639249,16,5
1376639377,17,4
1376639683,18,3
1376639770,18,3
1376639804,18,3
1376639923,18,3
1376640527,18,3
1376640913,19,2
1376641109,19,2
1376641234,19,2
1376641262,20,1
1376641866,20,1
1376641948,20,1
1376642248,19,2
1376642620,19,2
1376643223,19,2
1376643282,19,2
1376643305,20,1
1376643406,19,2
1376644010,19,2
1376644438,18,3
1376645041,18,3
1376645143,17,4
1376645304,18,3
1376645700,17,4
1376646100,16,5
1376646211,14,7
1376646268,13,8
1376646337,14,7
1376646347,15,6
1376646904,14,7
1376647500,15,6
1376648142,15,6
1376648150,13,8
1376648657,14,7
1376649283,14,7
1376649292,15,6
1376649454,15,6
1376649501,16,5
1376649790,15,6
1376650119,15,6
1376650128,16,5
1376650731,16,5
1376651142,16,5
1376651144,17,4
1376651538,16,5
1376651666,15,6
1376651718,14,7
1376651933,13,8
1376652536,13,8
1376652741,12,9
1376653101,13,8
1376653177,12,9
1376653222,11,10
1376653483,10,11
1376653486,9,12
1376653597,10,11
1376653888,7,14
1376653947,8,13
1376654255,8,13
1376654268,9,12
1376654380,9,12
1376654388,10,11
1376654758,9,12
1376654970,10,11
1376655037,9,12
1376655099,8,13
1376655544,9,12
1376655593,8,13
1376655749,6,15
1376656085,5,16
1376656338,3,18
1376656542,3,18
1376656544,2,19
1376656722,1,20
1376657325,1,20
1376657929,1,20
1376658532,1,20
1376659003,1,20
1376659010,0,21
1376659392,1,20
1376659680,2,19
1376659843,1,20
1376659845,0,21
1376659951,1,20
1376659981,0,21
1376660584,0,21
1376661188,0,21
1376661245,0,21
1376661634,0,21
1376661696,1,20
1376661753,2,19
1376661921,1,20
1376662060,1,20
1376662068,0,21
1376662671,0,21
1376663285,2,19
1376663579,1,20
1376664103,2,19
1376664219,1,20
1376664717,0,21
1376665020,1,20
1376665237,2,19
1376665350,1,20
1376665768,0,21
1376665883,0,21
1376665938,1,20
1376665980,2,19
1376666165,1,20
1376666235,0,21
1376666602,0,21
1376667206,0,21
1376667810,0,21
1376668413,1,20
1376668526,0,21
1376668841,0,21
1376668850,1,20
1376669501,2,19
1376669588,1,20
1376669671,3,18
1376669894,2,19
1376670042,2,19
1376670057,4,17
1376670284,3,18
1376670320,5,16
1376670364,6,15
1376670481,2,19
1376670613,1,20
1376670702,1,20
1376670704,0,21
1376670879,0,21
1376670889,1,20
1376671364,1,20
1376671372,2,19
1376671540,1,20
1376672010,1,20
1376672666,1,20
1376672747,3,18
1376673201,3,18
1376673257,4,17
1376673528,3,18
1376673968,2,19
1376674014,1,20
1376674171,0,21
1376674774,0,21
1376674841,1,20
1376674888,2,19
1376674957,1,20
1376674979,0,21
1376675258,0,21
1376675268,1,20
1376675924,1,20
1376675932,0,21
1376676613,1,20
1376676747,0,21
1376677351,0,21
1376677954,0,21
1376678558,0,21
1376679161,0,21
1376679765,0,21
1376679895,1,20
1376680499,1,20
1376680930,2,19
1376681534,2,19
1376682090,3,18
1376682464,2,18
1376682523,1,20
1376683127,1,20
1376683596,0,21
1376684200,0,21
1376684415,0,21
1376684477,0,21
1376684512,1,20
1376685116,1,20
1376685719,1,20
1376686323,1,20
1376686660,1,20
1376686667,0,21
1376687271,0,21
1376687777,0,21
1376688381,0,21
1376688984,0,21
1376689441,1,20
1376689664,1,20
1376689683,1,20
1376689776,0,21
1376689806,1,20
1376690258,1,20
1376690376,2,19
1376690427,3,18
1376690713,2,19
1376690784,1,20
1376690845,2,19
1376691222,2,19
1376691232,3,18
1376691835,3,18
1376692439,3,18
1376692753,2,19
1376692804,1,20
1376693082,1,20
1376693144,0,21
1376693186,1,20
1376693237,3,18
1376693432,4,17
1376694035,4,17
1376694638,4,17
1376695242,4,17
1376695846,4,17
1376696449,4,17
1376697052,4,17
1376697656,4,17
1376698236,2,19
1376698288,2,19
1376698469,3,18
1376698593,4,17
1376698714,5,16
1376698783,5,16
1376698808,6,15
1376699412,6,15
1376700016,6,15
1376700619,6,15
1376701223,6,15
1376701826,6,15
1376702430,6,15
1376703033,6,15
1376703637,6,15
1376704105,6,15
1376704214,6,15
1376704844,7,14
1376704902,7,14
1376704947,7,14
1376704976,8,13
1376705580,8,13
1376706184,8,13
1376706787,8,13
1376707391,8,13
1376707994,8,13
1376708598,8,13
1376709201,8,13
1376709805,8,13
1376710408,8,13
1376711012,8,13
1376711615,8,13
1376711818,7,14
1376712422,7,14
1376713025,7,14
1376713629,7,14
1376714232,7,14
1376714836,7,14
1376715439,7,14
1376715961,6,15
1376716565,6,15
1376717169,6,15
1376717772,6,15
1376718104,5,16
1376718163,5,16
1376718217,5,16
1376718267,5,16
1376718871,5,16
1376719474,5,16
1376720041,4,17
1376720644,4,17
1376721248,4,17
1376721851,4,17
1376722455,4,17
1376723058,4,17
1376723300,4,17
1376723491,4,17
1376724094,4,17
1376724698,4,17
1376725301,4,17
1376725769,5,16
1376725827,6,15
1376726013,5,16
1376726616,5,16
1376727220,5,16
1376727704,6,15
1376727836,4,17
1376727939,4,17
1376728001,5,16
1376728022,5,16
1376728070,6,15
1376728674,6,15
1376728818,8,13
1376729422,8,13
1376730026,8,13
1376730385,9,12
1376730989,9,12
1376731318,8,13
1376731922,8,13
1376732088,7,14
1376732630,6,15
1376733267,5,16
1376733464,4,17
1376733521,2,19
1376733824,2,19
1376734427,2,19
1376734492,1,20
1376735095,1,20
1376735655,0,21
1376736141,1,20
1376736278,1,20
1376736311,2,19
1376736402,3,18
1376736444,3,18
1376736508,4,17
1376736529,5,16
1376737132,5,16
1376737377,4,17
1376737738,5,16
1376737902,6,15
1376737956,5,15
1376737996,3,18
1376738321,2,19
1376738450,1,20
1376739080,0,21
1376739684,0,21
1376740287,0,21
1376740890,0,21
1376741494,0,21
1376742097,0,21
1376742701,0,21
1376742941,0,21
1376742950,1,20
1376743287,0,21
1376743425,1,20
1376743818,0,21
1376744421,0,21
1376745044,0,21
1376745100,1,20
1376745134,2,19
1376745190,3,18
1376745247,2,19
1376745318,4,17
1376745361,3,18
1376745441,2,19
1376745629,0,21
1376746118,1,20
1376746219,1,20
1376746251,2,19
1376746879,0,21
1376747482,0,21
1376747728,0,21
1376747942,1,20
1376748020,0,21
1376748335,1,20
1376748362,1,20
1376748462,1,20
1376748467,0,21
1376749146,1,20
1376749265,0,21
1376749869,0,21
1376750433,0,21
1376750890,2,19
1376751150,1,20
1376751186,0,21
1376751790,0,21
1376752393,0,21
1376752997,0,21
1376753126,1,20
1376753427,0,21
1376753982,1,20
1376754032,1,20
1376754084,2,19
1376754186,1,20
1376754790,1,20
1376755038,2,19
1376755289,2,19
1376755346,4,17
1376755429,3,18
1376755623,2,19
1376755845,3,18
1376755891,2,19
1376756195,3,18
1376756255,4,17
1376756307,4,17
1376756381,4,17
1376756400,5,16
1376756679,6,15
1376757134,6,15
1376757209,7,14
1376757268,7,14
1376757312,8,13
1376757571,6,15
1376757643,7,14
1376757763,7,14
1376757813,5,16
1376757876,6,15
1376757943,6,15
1376757945,5,16
1376758010,4,17
1376758183,4,17
1376758218,5,16
1376758540,9,12
1376758581,10,11
1376759184,10,11
1376759382,10,11
1376759441,10,11
1376759545,11,10
1376759804,10,11
1376759848,11,10
1376759924,11,10
1376759930,9,12
1376760172,8,13
1376760277,7,14
1376760320,7,14
1376760450,6,15
1376760577,4,17
1376760629,4,17
1376760701,6,15
1376760764,6,14
1376760781,8,13
1376760911,9,12
1376761085,8,13
1376761240,8,13
1376761252,9,12
1376761357,7,14
1376761425,6,15
1376761470,6,15
1376761532,6,15
1376761604,6,15
1376761640,6,15
1376761697,4,17
1376761790,4,17
1376761871,4,17
1376761964,4,17
1376762045,4,16
1376762121,4,16
1376762156,5,15
1376762476,4,16
1376762679,4,16
1376763282,4,17
1376763722,4,17
1376763935,5,16
1376764425,5,16
1376764540,3,18
1376764601,5,16
1376764903,4,17
1376764959,5,16
1376765438,4,17
1376765447,3,18
1376765744,3,18
1376765786,2,19
1376765859,2,19
1376765983,4,17
1376766001,1,20
1376766151,0,21
1376766755,0,21
1376767358,0,21
1376767776,1,20
1376767845,1,20
1376767847,0,21
1376768503,0,21
1376768529,2,19
1376768916,1,20
1376769451,0,21
1376770055,0,21
1376770143,1,20
1376770746,1,20
1376771350,1,20
1376771953,1,20
1376772545,2,19
1376772869,1,20
1376773473,1,20
1376774076,1,20
1376774273,1,20
1376774423,1,20
1376774456,2,19
1376775060,2,19
1376775663,2,19
1376776267,2,19
1376776871,2,19
1376777497,2,19
1376777551,2,19
1376777600,3,18
1376777853,4,17
1376778457,4,17
1376779060,4,17
1376779664,4,17
1376779687,4,17
1376780291,4,17
1376780608,5,16
1376780921,5,16
1376780959,5,16
1376780994,5,16
1376781079,5,16
1376781131,6,15
1376781735,6,15
1376782338,6,15
1376782473,7,14
1376783077,7,14
1376783624,7,14
1376784228,7,14
1376784831,7,14
1376785435,7,14
1376786038,7,14
1376786642,7,14
1376786705,6,15
1376786964,7,14
1376787568,7,14
1376788171,7,14
1376788612,6,15
1376789214,6,15
1376789818,6,15
1376790508,6,15
1376791111,6,15
1376791715,6,15
1376792318,6,15
1376792922,6,15
1376793525,6,15
1376793619,5,16
1376794222,5,16
1376794826,5,16
1376795429,5,16
1376796033,5,16
1376796636,5,16
1376797240,5,16
1376797843,5,16
1376798180,4,17
1376798783,4,17
1376799387,4,17
1376799990,4,17
1376800594,4,17
1376801198,4,17
1376801801,4,17
1376802404,4,17
1376802834,3,18
1376803437,3,18
1376804040,3,18
1376804200,2,19
1376804804,2,19
1376805407,2,19
1376806010,2,19
1376806564,1,20
1376807167,1,20
1376807637,2,19
1376808241,2,19
1376808483,1,20
1376809087,1,20
1376809690,1,20
1376810294,1,20
1376810897,1,20
1376811501,1,20
1376811814,2,19
1376812199,1,20
1376812661,2,19
1376813264,2,19
1376813868,2,19
1376814471,2,19
1376814794,4,17
1376815397,4,17
1376816001,4,17
1376816609,3,18
1376817212,3,18
1376817642,3,18
1376817684,4,17
1376818288,4,17
1376818401,3,18
1376819004,3,18
1376819232,4,17
1376819836,4,17
1376819983,2,19
1376820025,2,19
1376820104,2,19
1376820109,1,20
1376820713,1,20
1376821316,1,20
1376821920,1,20
1376822523,1,20
1376823127,1,20
1376823306,2,19
1376823403,1,20
1376823405,0,21
1376824009,0,21
1376824612,0,21
1376825216,0,21
1376825819,0,21
1376826423,0,21
1376827026,0,21
1376827531,1,20
1376827564,2,19
1376827963,1,20
1376828007,1,20
1376828046,1,20
1376828102,2,19
1376828200,1,19
1376828220,1,19
1376828555,1,19
1376828601,0,20
1376828861,0,20
1376828923,0,20
1376829214,0,20
1376829277,0,20
1376829581,0,20
1376829631,0,20
1376829941,0,20
1376829985,0,20
1376830300,0,20
1376830339,0,20
1376830694,0,20
1376830769,0,20
1376831022,0,20
1376831047,0,20
1376831202,1,19
1376831382,0,20
1376831402,0,20
1376831548,1,19
1376831741,0,20
1376831756,0,20
1376832096,0,20
1376832122,1,19
1376832292,0,20
1376832402,0,20
1376832513,0,20
1376832567,0,20
1376832756,0,20
1376832819,0,20
1376832849,0,20
1376832921,0,20
1376833000,0,20
