1376208562,3,15
1376208879,3,15
1376208918,3,15
1376209235,3,15
1376209274,3,15
1376209424,4,14
1376209590,4,14
1376209629,4,14
1376209963,4,14
1376209985,4,14
1376210320,4,14
1376210341,4,14
1376210682,4,14
1376210696,4,14
1376211038,4,14
1376211052,4,14
1376211343,4,14
1376211393,4,14
1376211407,4,14
1376211644,2,16
1376211699,2,16
1376211762,2,16
1376211782,3,15
1376212063,1,17
1376212118,1,17
1376212363,2,16
1376212423,3,15
1376212475,4,14
1376212500,5,13
1376212587,1,17
1376212783,1,17
1376212833,2,16
1376212962,2,16
1376212964,3,15
1376213139,3,15
1376213184,3,15
1376213501,3,15
1376213539,3,15
1376213673,4,14
1376213704,3,15
1376213864,3,15
1376213910,5,13
1376213981,6,12
1376214009,7,11
1376214163,6,12
1376214216,6,12
1376214256,6,12
1376214443,5,13
1376214583,5,13
1376214620,6,12
1376214862,2,16
1376214943,2,16
1376214965,2,16
1376215055,4,14
1376215090,6,12
1376215300,6,12
1376215321,6,12
1376215663,6,12
1376215677,6,12
1376216019,6,12
1376216050,5,13
1376216324,5,13
1376216375,5,13
1376216389,5,13
1376216680,5,13
1376216743,5,13
1376216744,5,13
1376217035,4,14
1376217100,4,14
1376217392,4,14
1376217455,4,14
1376217760,4,14
1376217811,4,14
1376218122,4,14
1376218167,4,14
1376218483,4,14
1376218523,4,14
1376218840,5,13
1376218886,6,12
1376219199,6,12
1376219238,6,12
1376219554,6,12
1376219594,6,12
1376219851,4,14
1376219910,4,14
1376219950,4,14
1376220284,4,14
1376220306,4,14
1376220640,4,14
1376220661,4,14
1376220760,5,13
1376220817,6,12
1376221002,6,12
1376221017,6,12
1376221357,4,14
1376221372,4,14
1376221539,4,14
1376221579,5,13
1376221616,6,12
1376221714,6,12
1376221730,6,12
1376222019,6,12
1376222083,6,12
1376222374,6,12
1376222438,6,12
1376222744,6,12
1376222796,6,12
1376222859,6,12
1376222917,7,11
1376222930,8,10
1376223103,8,10
1376223148,8,10
1376223464,8,10
1376223502,8,10
1376223703,8,10
1376223721,10,8
1376223819,10,8
1376223857,10,8
1376223929,10,8
1376223998,12,6
1376224173,12,6
1376224212,12,6
1376224279,11,7
1376224542,11,7
1376224566,11,7
1376224900,11,7
1376224931,7,11
1376225261,7,11
1376225275,7,11
1376225561,8,10
1376225616,8,10
1376225630,8,10
1376225921,8,10
1376225983,8,10
1376225984,8,10
1376226276,8,10
1376226340,8,10
1376226643,8,10
1376226694,8,10
1376227003,8,10
1376227061,9,9
1376227106,10,8
1376227181,9,9
1376227243,11,7
1376227294,12,6
1376227364,13,5
1376227402,14,4
1376227482,14,4
1376227601,10,8
1376227658,10,8
1376227719,10,8
1376227763,11,7
1376227833,8,10
1376227889,8,10
1376227991,8,10
1376228075,8,10
1376228114,8,10
1376228247,8,10
1376228442,8,10
1376228487,6,12
1376228801,6,12
1376228820,6,12
1376229160,6,12
1376229174,6,12
1376229444,6,12
1376229516,6,12
1376229556,6,12
1376229698,7,11
1376229820,5,13
1376229882,5,13
1376230174,5,13
1376230236,5,13
1376230460,4,14
1376230540,4,14
1376230591,4,14
1376230901,4,14
1376230945,4,14
1376231082,2,16
1376231085,0,18
1376231260,2,16
1376231299,2,16
1376231614,2,16
1376231652,2,16
1376231982,2,16
1376232007,2,16
1376232275,3,15
1376232343,4,14
1376232382,4,14
1376232430,5,13
1376232702,6,12
1376232754,5,13
1376232801,5,13
1376232878,5,13
1376232910,6,12
1376233056,6,12
1376233069,6,12
1376233360,6,12
1376233424,6,12
1376233715,4,14
1376233777,4,14
1376233925,4,14
1376234021,4,14
1376234082,4,14
1376234137,5,13
1376234187,6,12
1376234227,7,11
1376234441,7,11
1376234485,7,11
1376234599,5,13
1376234625,5,13
1376234802,5,13
1376234840,5,13
1376235155,5,13
1376235194,5,13
1376235304,6,12
1376235375,5,13
1376235435,4,14
1376235522,4,14
1376235552,4,14
1376235678,4,14
1376235751,6,12
1376235882,6,12
1376235902,6,12
1376236243,6,12
1376236304,7,11
1376236597,7,11
1376236654,7,11
1376236707,8,10
1376236739,9,9
1376236903,9,9
1376236962,10,8
1376236994,9,8
1376237041,9,9
1376237122,9,9
1376237193,10,8
1376237257,11,7
1376237321,11,7
1376237378,9,9
1376237438,7,11
1376237611,7,11
1376237675,7,11
1376237978,7,11
1376238029,7,11
1376238339,7,11
1376238383,7,11
1376238520,7,11
1376238573,9,9
1376238699,7,11
1376238737,7,11
1376239092,7,11
1376239151,8,10
1376239422,8,10
1376239446,8,10
1376239577,7,11
1376239722,7,11
1376239833,6,12
1376239900,6,12
1376239993,7,11
1376240077,7,11
1376240136,7,11
1376240157,7,11
1376240352,5,13
1376240504,5,13
1376240558,5,13
1376240680,3,15
1376240739,3,15
1376240803,4,14
1376240866,4,14
1376241028,5,13
1376241158,5,13
1376241221,5,13
1376241512,4,14
1376241574,4,14
1376241802,3,15
1376241879,3,15
1376241929,3,15
1376242239,3,15
1376242283,3,15
1376242599,3,15
1376242637,3,15
1376242755,1,17
1376242839,3,15
1376242898,4,14
1376242953,5,13
1376242995,6,12
1376243076,5,13
1376243183,5,13
1376243317,6,12
1376243351,6,12
1376243405,5,13
1376243489,5,13
1376243517,6,12
1376243683,6,12
1376243702,7,11
1376243747,6,12
1376243858,7,11
1376243897,9,9
1376243952,9,9
1376244037,9,9
1376244141,10,8
1376244173,11,7
1376244399,11,7
1376244461,10,8
1376244472,11,7
1376244618,12,6
1376244757,12,6
1376244772,12,6
1376244998,12,6
1376245042,12,6
1376245116,13,5
1376245129,14,4
1376245421,14,4
1376245472,14,4
1376245502,13,5
1376245778,13,5
1376245830,13,5
1376245845,13,5
1376246016,14,4
1376246136,15,3
1376246203,15,3
1376246413,14,4
1376246495,14,4
1376246562,15,3
1376246853,15,3
1376246919,15,3
1376247277,14,4
1376247330,15,3
1376247568,15,3
1376247636,13,5
1376247942,13,5
1376247995,13,5
1376248301,13,5
1376248355,13,5
1376248501,14,4
1376248661,14,4
1376248715,14,4
1376249021,14,4
1376249074,14,4
1376249435,14,4
1376249740,14,4
1376249858,15,3
1376249919,15,3
1376249945,16,2
1376250100,16,2
1376250153,16,2
1376250463,16,2
1376250512,16,2
1376250872,16,2
1376250994,13,5
1376251075,12,6
1376251183,12,6
1376251232,12,6
1376251542,12,6
1376251592,12,6
1376251902,12,6
1376251952,12,6
1376252263,12,6
1376252312,12,6
1376252623,12,6
1376252672,12,6
1376252979,12,6
1376253032,12,6
1376253339,12,6
1376253393,12,6
1376253699,12,6
1376253754,12,6
1376254060,12,6
1376254113,12,6
1376254295,13,5
1376254322,13,5
1376254422,14,4
1376254474,14,4
1376254533,15,3
1376254780,15,3
1376254834,15,3
1376255141,15,3
1376255195,15,3
1376255500,15,3
1376255554,15,3
1376255860,15,3
1376255913,15,3
1376256220,15,3
1376256274,15,3
1376256582,14,4
1376256633,14,4
1376256940,14,4
1376256994,14,4
1376257300,14,4
1376257354,14,4
1376257660,14,4
1376257713,14,4
1376258020,14,4
1376258074,14,4
1376258379,14,4
1376258433,14,4
1376258739,14,4
1376258792,14,4
1376259099,14,4
1376259153,14,4
1376259262,13,5
1376259463,13,5
1376259512,13,5
1376259823,13,5
1376259871,13,5
1376260041,14,4
1376260116,14,4
1376260183,14,4
1376260232,14,4
1376260543,14,4
1376260590,14,4
1376260902,14,4
1376260949,14,4
1376261261,14,4
1376261309,14,4
1376261620,14,4
1376261668,14,4
1376261980,14,4
1376262027,14,4
1376262339,14,4
1376262387,14,4
1376262699,14,4
1376262746,14,4
1376263057,14,4
1376263106,14,4
1376263417,14,4
1376263465,14,4
1376263777,14,4
1376263825,14,4
1376264143,14,4
1376264185,14,4
1376264502,14,4
1376264544,14,4
1376264862,14,4
1376264904,14,4
1376265221,14,4
1376265264,14,4
1376265581,14,4
1376265623,14,4
1376265941,14,4
1376265983,14,4
1376266300,14,4
1376266342,14,4
1376266660,14,4
1376266702,14,4
1376267020,14,4
1376267062,14,4
1376267379,14,4
1376267421,14,4
1376267739,14,4
1376267780,14,4
1376268099,14,4
1376268140,14,4
1376268458,14,4
1376268499,14,4
1376268818,14,4
1376268859,14,4
1376269177,14,4
1376269220,14,4
1376269537,14,4
1376269579,14,4
1376269896,14,4
1376269938,14,4
1376270257,14,4
1376270298,14,4
1376270615,14,4
1376270657,14,4
1376270975,14,4
1376271017,14,4
1376271335,14,4
1376271377,14,4
1376271695,14,4
1376271737,14,4
1376272055,14,4
1376272097,14,4
1376272360,14,4
1376272415,14,4
1376272457,14,4
1376272775,14,4
1376272816,14,4
1376273134,14,4
1376273176,14,4
1376273493,14,4
1376273535,14,4
1376273854,14,4
1376273895,14,4
1376274213,14,4
1376274255,14,4
1376274573,14,4
1376274615,14,4
1376274932,14,4
1376274974,14,4
1376275292,14,4
1376275333,14,4
1376275652,14,4
1376275694,14,4
1376276012,14,4
1376276054,14,4
1376276371,14,4
1376276413,14,4
1376276731,14,4
1376276772,14,4
1376277090,14,4
1376277133,14,4
1376277450,14,4
1376277491,14,4
1376277809,14,4
1376277851,14,4
1376278183,14,4
1376278211,14,4
1376278543,14,4
1376278570,14,4
1376278930,14,4
1376279263,14,4
1376279290,14,4
1376279373,13,5
1376279623,13,5
1376279649,13,5
1376279982,13,5
1376280008,13,5
1376280342,13,5
1376280368,13,5
1376280701,13,5
1376280728,13,5
1376281061,13,5
1376281087,13,5
1376281421,13,5
1376281446,13,5
1376281780,13,5
1376281806,13,5
1376282140,13,5
1376282166,13,5
1376282380,12,6
1376282503,12,6
1376282525,12,6
1376282863,12,6
1376282886,12,6
1376283222,12,6
1376283246,12,6
1376283582,12,6
1376283605,12,6
1376283942,12,6
1376283964,12,6
1376284302,12,6
1376284323,12,6
1376284657,12,6
1376284683,12,6
1376285021,12,6
1376285043,12,6
1376285380,12,6
1376285402,12,6
1376285740,12,6
1376285761,12,6
1376286100,12,6
1376286121,12,6
1376286460,12,6
1376286481,12,6
1376286641,10,8
1376286819,10,8
1376286841,10,8
1376286982,9,9
1376287100,8,10
1376287179,8,10
1376287200,8,10
1376287539,8,10
1376287560,8,10
1376287903,8,10
1376287918,8,10
1376288262,8,10
1376288278,8,10
1376288622,8,10
1376288649,7,11
1376288719,6,12
1376288981,6,12
1376288996,6,12
1376289086,5,13
1376289341,5,13
1376289356,5,13
1376289700,5,13
1376289715,5,13
1376289808,6,12
1376290059,6,12
1376290075,6,12
1376290419,6,12
1376290434,6,12
1376290574,5,13
1376290779,5,13
1376290841,5,13
1376290844,4,14
1376291140,4,14
1376291154,4,14
1376291498,4,14
1376291513,4,14
1376291858,4,14
1376291873,4,14
1376292217,4,14
1376292233,4,14
1376292319,3,15
1376292577,3,15
1376292592,3,15
1376292883,3,15
1376292935,3,15
1376292995,4,14
1376293011,5,13
1376293242,5,13
1376293294,5,13
1376293310,5,13
1376293602,5,13
1376293654,5,13
1376293669,5,13
1376293961,5,13
1376294013,5,13
1376294029,5,13
1376294091,4,14
1376294320,4,14
1376294373,4,14
1376294388,4,14
1376294679,4,14
1376294732,4,14
1376294771,3,15
1376294967,3,15
1376295040,4,14
1376295096,6,12
1376295127,7,11
1376295269,6,12
1376295314,5,13
1376295399,5,13
1376295451,6,12
1376295510,8,10
1376295576,9,9
1376295757,9,9
1376295823,9,9
1376295824,9,9
1376296116,9,9
1376296182,9,9
1376296184,9,9
1376296474,9,9
1376296543,8,10
1376296833,8,10
1376296902,8,10
1376297193,8,10
1376297262,8,10
1376297339,8,10
1376297429,8,10
1376297461,9,9
1376297552,9,9
1376297621,9,9
1376297678,9,9
1376297729,10,8
1376297912,10,8
1376297980,10,8
1376298271,9,9
1376298339,9,9
1376298629,9,9
1376298698,9,9
1376298988,9,9
1376299056,9,9
1376299362,9,9
1376299416,9,9
1376299722,9,9
1376299775,9,9
1376300080,9,9
1376300133,9,9
1376300443,9,9
1376300492,9,9
1376300803,9,9
1376300852,9,9
1376301163,9,9
1376301210,9,9
1376301333,8,10
1376301415,9,9
1376301522,9,9
1376301570,9,9
1376301880,9,9
1376301928,9,9
1376302240,9,9
1376302287,9,9
1376302599,9,9
1376302647,9,9
1376302957,9,9
1376303005,9,9
1376303150,8,10
1376303323,8,10
1376303365,8,10
1376303682,8,10
1376303723,8,10
1376303949,7,11
1376304041,7,11
1376304082,7,11
1376304322,7,11
1376304401,9,9
1376304461,9,9
1376304464,10,8
1376304759,10,8
1376304801,10,8
1376305118,10,8
1376305160,10,8
1376305222,10,8
1376305303,10,8
1376305354,12,6
1376305480,12,6
1376305525,13,5
1376305837,13,5
1376305878,13,5
1376306082,12,6
1376306195,12,6
1376306236,12,6
1376306554,12,6
1376306595,13,5
1376306913,13,5
1376306955,13,5
1376307272,13,5
1376307313,13,5
1376307631,13,5
1376307672,13,5
1376307990,13,5
1376308031,13,5
1376308292,13,5
1376308359,10,8
1376308406,11,8
1376308637,10,9
1376308704,10,9
1376309308,10,9
1376309380,11,8
1376309440,12,7
1376309501,12,7
1376309504,13,6
1376310107,13,6
1376310281,12,6
1376310330,8,11
1376310582,8,11
1376310617,9,10
1376310761,8,11
1376310764,7,12
1376311367,7,12
1376311903,7,12
1376311906,6,13
1376312174,4,15
1376312349,4,15
1376312613,5,14
1376312800,5,14
1376312808,6,13
1376312893,6,13
1376312975,6,13
1376313040,8,11
1376313644,8,11
1376314124,8,11
1376314127,9,10
1376314598,9,10
1376314607,10,9
1376315212,10,9
1376315609,9,10
1376315677,8,11
1376315725,9,10
1376316329,9,10
1376316932,9,10
1376317210,8,11
1376317814,8,11
1376318382,8,11
1376318385,9,10
1376318989,9,10
1376319577,8,11
1376320181,8,11
1376320785,8,11
1376321082,9,10
1376321200,9,10
1376321226,10,9
1376321612,10,9
1376321642,11,8
1376322059,12,7
1376322256,14,5
1376322597,15,4
1376323201,15,4
1376323476,14,4
1376323497,14,5
1376323775,13,6
1376323815,14,5
1376323888,13,6
1376323922,14,5
1376324139,15,4
1376324743,15,4
1376325060,15,4
1376325141,16,3
1376325182,17,2
1376325266,16,3
1376325291,17,2
1376325663,18,1
1376325745,17,2
1376325875,18,1
1376326000,16,3
1376326043,17,2
1376326122,17,2
1376326182,18,1
1376326184,19,0
1376326789,19,0
1376327058,17,2
1376327351,18,1
1376327955,18,1
1376328444,17,2
1376329047,17,2
1376329626,16,3
1376329722,16,3
1376329782,15,4
1376329796,16,3
1376330355,15,4
1376330410,14,5
1376330909,12,7
1376331461,11,8
1376331482,8,11
1376332086,8,11
1376332690,8,11
1376333024,9,10
1376333027,10,9
1376333129,10,9
1376333554,11,8
1376333706,11,8
1376333850,11,8
1376333884,12,7
1376334033,13,6
1376334636,13,6
1376335242,13,6
1376335538,12,7
1376335587,11,8
1376335881,12,7
1376336022,12,7
1376336050,13,6
1376336269,11,8
1376336802,11,8
1376336853,12,7
1376336909,13,6
1376336937,14,5
1376337321,11,8
1376337633,10,9
1376337746,9,10
1376338242,9,10
1376338251,10,9
1376338855,10,9
1376339459,10,9
1376339871,9,10
1376340440,8,11
1376341043,8,11
1376341647,8,11
1376342018,7,11
1376342323,7,11
1376342372,7,11
1376342622,7,11
1376342676,6,12
1376342726,6,12
1376343041,6,12
1376343079,6,12
1376343395,6,12
1376343433,6,12
1376343762,6,12
1376343786,6,12
1376344120,6,12
1376344140,6,12
1376344480,6,12
1376344493,6,12
1376344833,6,12
1376344846,6,12
1376345138,6,12
1376345201,6,12
1376345426,7,11
1376345492,7,11
1376345554,7,11
1376345862,7,11
1376345908,7,11
1376346223,7,11
1376346261,7,11
1376346577,7,11
1376346615,7,11
1376346942,7,11
1376346968,7,11
1376347159,7,11
1376347194,8,10
1376347300,8,10
1376347322,8,10
1376347662,8,10
1376347675,8,10
1376348023,8,10
1376348029,9,9
1376348321,9,9
1376348382,9,9
1376348674,9,9
1376348736,9,9
1376349040,9,9
1376349090,9,9
1376349400,9,9
1376349443,9,9
1376349760,9,9
1376349796,9,9
1376350113,9,9
1376350150,9,9
1376350483,9,9
1376350504,9,9
1376350838,9,9
1376350858,9,9
1376351198,9,9
1376351211,9,9
1376351551,9,9
1376351564,9,9
1376351856,9,9
1376351918,9,9
1376352222,9,9
1376352272,9,9
1376352582,9,9
1376352625,9,9
1376352941,9,9
1376352978,9,9
1376353295,9,9
1376353332,9,9
1376353661,9,9
1376353685,9,9
1376354018,9,9
1376354038,9,9
1376354379,9,9
1376354392,9,9
1376354731,9,9
1376354746,9,9
1376355037,9,9
1376355099,9,9
1376355391,9,9
1376355452,9,9
1376355762,9,9
1376355806,9,9
1376356122,9,9
1376356160,9,9
1376356475,9,9
1376356513,9,9
1376356843,9,9
1376356866,9,9
1376357201,9,9
1376357220,9,9
1376357561,9,9
1376357574,9,9
1376357914,9,9
1376357927,9,9
1376358219,9,9
1376358281,9,9
1376358758,9,9
1376358999,9,9
1376359013,9,9
1376359353,9,9
1376359366,9,9
1376359658,9,9
1376359719,9,9
1376360011,9,9
1376360075,9,9
1376360378,9,9
1376360427,9,9
1376360737,9,9
1376360782,9,9
1376361097,9,9
1376361135,9,9
1376361463,9,9
1376361488,9,9
1376361822,9,9
1376361841,9,9
1376362182,9,9
1376362196,9,9
1376362536,9,9
1376362549,9,9
1376362841,9,9
1376362902,9,9
1376363194,9,9
1376363255,9,9
1376363560,9,9
1376363609,9,9
1376363914,9,9
1376363963,9,9
1376364279,9,9
1376364317,9,9
1376364633,9,9
1376364670,9,9
1376365003,9,9
1376365024,9,9
1376365357,9,9
1376365377,9,9
1376365717,9,9
1376365730,9,9
1376366022,9,9
1376366082,9,9
1376366084,9,9
1376366375,9,9
1376366437,9,9
1376366741,9,9
1376366791,9,9
1376367101,9,9
1376367144,9,9
1376367459,9,9
1376367497,9,9
1376367814,9,9
1376367850,9,9
1376368181,9,9
1376368205,9,9
1376368539,9,9
1376368558,9,9
1376368799,8,10
1376368898,8,10
1376368911,8,10
1376369203,8,10
1376369251,8,10
1376369265,8,10
1376369557,8,10
1376369618,8,10
1376369910,8,10
1376369972,8,10
1376370281,8,10
1376370326,8,10
1376370641,8,10
1376370679,8,10
1376370994,8,10
1376371032,8,10
1376371362,8,10
1376371386,8,10
1376371720,8,10
1376371740,8,10
1376372080,8,10
1376372093,8,10
1376372433,8,10
1376372446,8,10
1376372738,8,10
1376372800,8,10
1376373092,8,10
1376373153,8,10
1376373462,8,10
1376373507,8,10
1376373816,8,10
1376373861,8,10
1376374176,8,10
1376374214,8,10
1376374542,8,10
1376374567,8,10
1376374901,8,10
1376374921,8,10
1376375261,7,11
1376375274,7,11
1376375335,6,12
1376375615,6,12
1376375628,6,12
1376375738,5,13
1376375919,5,13
1376375982,5,13
1376376006,5,13
1376376272,5,13
1376376334,5,13
1376376506,5,13
1376376641,5,13
1376376690,5,13
1376376747,6,12
1376376848,5,13
1376376997,5,13
1376377041,5,13
1376377356,5,13
1376377394,5,13
1376377475,4,14
1376377722,4,14
1376377747,4,14
1376378081,4,14
1376378101,4,14
1376378441,4,14
1376378466,4,14
1376378586,4,14
1376378672,6,12
1376378795,6,12
1376378807,6,12
1376379099,6,12
1376379148,7,11
1376379163,7,11
1376379452,7,11
1376379513,8,10
1376379823,8,10
1376379867,8,10
1376380176,8,10
1376380220,8,10
1376380536,8,10
1376380574,8,10
1376380614,6,12
1376380772,5,13
1376380903,5,13
1376380927,5,13
1376381261,5,13
1376381280,5,13
1376381621,5,13
1376381634,5,13
1376381782,4,14
1376381841,4,14
1376381896,4,14
1376381981,4,14
1376381992,5,13
1376382281,5,13
1376382343,5,13
1376382634,5,13
1376382696,5,13
1376382852,5,13
1376383000,5,13
1376383049,5,13
1376383118,5,13
1376383127,4,14
1376383360,5,13
1376383411,6,12
1376383719,6,12
1376383757,6,12
1376383914,7,11
1376384073,7,11
1376384110,7,11
1376384440,7,11
1376384465,7,11
1376384798,7,11
1376384818,7,11
1376384940,5,13
1376385158,5,13
1376385172,5,13
1376385512,5,13
1376385526,5,13
1376385817,5,13
1376385879,5,13
1376385964,6,12
1376386171,6,12
1376386233,6,12
1376386279,6,12
1376386305,7,11
1376386542,7,11
1376386587,7,11
1376386902,6,12
1376386940,6,12
1376386993,5,13
1376387081,5,13
1376387108,5,13
1376387192,6,12
1376387256,6,12
1376387293,6,12
1376387622,6,12
1376387647,6,12
1376387875,7,11
1376387980,7,11
1376388000,7,11
1376388200,7,11
1376388242,8,10
1376388342,8,10
1376388356,8,10
1376388702,9,9
1376388707,9,9
1376388999,9,9
1376389061,9,9
1376389264,10,8
1376389352,10,8
1376389415,10,8
1376389719,10,8
1376389768,10,8
1376390078,10,8
1376390123,10,8
1376390438,10,8
1376390476,10,8
1376390792,10,8
1376390830,10,8
1376391043,10,8
1376391046,9,9
1376391162,9,9
1376391183,9,9
1376391516,9,9
1376391536,9,9
1376391811,9,9
1376391877,9,9
1376391928,9,9
1376391973,9,9
1376392034,9,9
1376392112,10,8
1376392182,10,8
1376392230,10,8
1376392244,10,8
1376392535,10,8
1376392597,10,8
1376392902,10,8
1376392950,10,8
1376393177,10,8
1376393260,10,8
1376393303,10,8
1376393397,10,8
1376393619,11,7
1376393657,11,7
1376393973,10,8
1376394010,10,8
1376394343,10,8
1376394363,10,8
1376394697,8,10
1376394750,7,11
1376395057,7,11
1376395071,7,11
1376395363,8,10
1376395423,8,10
1376395424,8,10
1376395716,8,10
1376395778,8,10
1376396082,8,10
1376396133,8,10
1376396443,8,10
1376396486,8,10
1376396802,8,10
1376396840,8,10
1376397001,7,11
1376397155,7,11
1376397193,7,11
1376397522,7,11
1376397547,7,11
1376397880,7,11
1376397900,7,11
1376398000,7,11
1376398062,9,9
1376398123,9,8
1376398131,10,8
1376398240,10,8
1376398253,10,8
1376398594,10,8
1376398608,10,8
1376398900,10,8
1376398961,10,8
1376399253,10,8
1376399315,10,8
1376399619,10,8
1376399669,10,8
1376399979,10,8
1376400023,10,8
1376400339,10,8
1376400377,10,8
1376400436,11,7
1376400521,10,8
1376400566,11,7
1376400693,11,7
1376400730,12,7
1376400883,13,6
1376400925,14,5
1376400987,14,4
1376401047,15,3
1376401104,14,4
1376401151,15,4
1376401272,15,4
1376401427,14,5
1376401526,14,5
1376401598,16,3
1376401778,15,4
1376401883,15,4
1376401996,15,4
1376402030,16,3
1376402136,17,2
1376402740,17,2
1376403396,18,1
1376404001,18,1
1376404604,18,1
1376405208,18,1
1376405812,18,1
1376406327,16,3
1376406931,16,3
1376407256,17,2
1376407860,17,2
1376408104,16,3
1376408707,16,3
1376409311,16,3
1376409920,16,3
1376410062,15,4
1376410069,14,5
1376410677,15,4
1376410782,14,5
1376410793,14,5
1376410873,15,4
1376411184,14,5
1376411224,11,8
1376411604,10,9
1376411681,10,9
1376411781,11,8
1376412385,11,8
1376412533,10,9
1376413136,10,9
1376413348,8,11
1376413384,8,11
1376413888,7,12
1376414502,5,14
1376414520,5,14
1376414621,5,14
1376414657,7,12
1376414726,6,13
1376415330,6,13
1376415934,6,13
1376416254,5,14
1376416830,4,15
1376417005,2,17
1376417192,2,17
1376417251,2,17
1376417267,1,18
1376417350,0,19
1376417443,0,19
1376417479,0,19
1376417802,1,18
1376417841,2,17
1376417920,3,16
1376417966,3,16
1376418039,5,14
1376418277,5,14
1376418326,6,13
1376418393,7,12
1376418410,8,11
1376418494,8,11
1376418544,8,11
1376418762,8,11
1376418771,9,10
1376419382,8,11
1376419986,8,11
1376420352,9,10
1376420956,9,10
1376421119,10,9
1376421264,8,11
1376421451,7,12
1376421472,6,13
1376421532,5,14
1376422136,5,14
1376422261,3,16
1376422619,2,17
1376423223,2,17
1376423860,2,17
1376424464,2,17
1376424942,2,17
1376424944,1,18
1376425106,0,19
1376425124,0,19
1376425348,0,19
1376425407,1,18
1376425435,2,17
1376425505,1,18
1376426109,1,18
1376426226,0,19
1376426830,0,19
1376427433,0,19
1376428037,0,19
1376428641,0,19
1376429244,0,19
1376429848,0,19
1376430452,0,19
1376431056,0,19
1376431659,0,19
1376432263,0,19
1376432867,0,19
1376433471,0,19
1376434075,0,19
1376434678,0,19
1376435282,0,19
1376435886,0,19
1376436490,0,19
1376437093,0,19
1376437697,0,19
1376437840,0,19
1376437863,2,17
1376438466,2,17
1376439070,2,17
1376439449,2,17
1376440053,2,17
1376440657,2,17
1376441260,2,17
1376441864,2,17
1376442468,2,17
1376443072,2,17
1376443675,2,17
1376444279,2,17
1376444883,2,17
1376445156,2,17
1376445760,2,17
1376446363,2,17
1376446967,2,17
1376447571,2,17
1376448175,2,17
1376448779,2,17
1376449382,2,17
1376449986,2,17
1376450590,2,17
1376451194,2,17
1376451798,2,17
1376452402,2,17
1376453006,2,17
1376453610,2,17
1376454213,2,17
1376454817,2,17
1376455243,1,18
1376455847,1,18
1376456450,1,18
1376457054,1,18
1376457658,1,18
1376458262,1,18
1376458866,1,18
1376459469,1,18
1376460073,1,18
1376460677,1,18
1376461280,1,18
1376461554,0,19
1376462157,0,19
1376462761,0,19
1376463366,0,19
1376463969,0,19
1376464181,0,19
1376464190,1,18
1376464391,0,19
1376464994,0,19
1376465598,0,19
1376466202,0,19
1376466816,1,18
1376466883,1,18
1376466887,0,19
1376466991,1,18
1376467204,2,17
1376467564,1,18
1376468168,1,18
1376468583,1,18
1376468628,2,17
1376468741,4,15
1376469346,4,15
1376469949,4,15
1376470302,4,15
1376470304,3,16
1376470403,2,17
1376470539,1,18
1376470781,0,19
1376470822,0,19
1376470901,0,19
1376471023,0,19
1376471058,1,18
1376471442,1,18
1376471683,1,18
1376471728,2,17
1376471921,2,17
1376471999,2,17
1376472101,2,17
1376472129,3,16
1376472630,3,16
1376472658,4,15
1376473116,4,15
1376473433,4,15
1376473549,4,15
1376473639,5,14
1376473961,4,15
1376473964,3,16
1376474131,3,16
1376474200,4,15
1376474261,5,14
1376474312,5,14
1376474326,5,14
1376474930,5,14
1376475101,6,13
1376475163,6,13
1376475213,8,11
1376475273,9,10
1376475869,8,11
1376475907,7,12
1376476001,7,12
1376476010,8,11
1376476155,8,11
1376476191,9,10
1376476284,9,10
1376476353,9,10
1376476419,10,9
1376476482,10,9
1376476498,9,10
1376477102,9,10
1376477554,8,11
1376478158,8,11
1376478702,8,11
1376478705,9,10
1376479309,9,10
1376479919,9,10
1376480011,10,9
1376480080,11,8
1376480131,11,8
1376480172,12,7
1376480319,9,10
1376480380,9,10
1376480428,9,10
1376480500,11,8
1376480541,12,7
1376480683,11,8
1376480852,9,10
1376480917,9,10
1376480973,9,10
1376481004,9,10
1376481070,10,9
1376481154,12,7
1376481171,12,7
1376481294,12,7
1376481392,12,7
1376481439,12,7
1376482043,12,7
1376482647,12,7
1376483250,12,7
1376483854,12,7
1376484017,13,6
1376484475,14,5
1376484809,13,6
1376485113,14,5
1376485376,13,6
1376485467,12,7
1376485653,11,8
1376485959,10,9
1376486563,10,9
1376487167,10,9
1376487446,11,8
1376488050,11,8
1376488472,9,10
1376488710,7,12
1376488772,8,11
1376489069,8,11
1376489653,7,12
1376489730,8,11
1376490323,7,12
1376490732,7,12
1376490914,6,13
1376491518,6,13
1376491716,4,15
1376491954,0,19
1376492075,1,18
1376492134,0,19
1376492189,1,18
1376492261,1,18
1376492321,0,19
1376492330,0,19
1376492515,0,19
1376492579,0,19
1376492648,0,19
1376492841,0,19
1376492875,1,18
1376493078,0,19
1376493682,0,19
1376493940,0,19
1376493952,1,18
1376494590,2,17
1376494837,3,16
1376495441,3,16
1376495681,2,17
1376496284,2,17
1376496648,1,18
1376497252,1,18
1376497856,1,18
1376498459,1,18
1376498622,1,18
1376498629,0,19
1376499233,0,19
1376499837,0,19
1376500300,1,18
1376500361,0,19
1376500410,1,18
1376500479,4,15
1376500603,4,15
1376500607,3,16
1376500739,3,16
1376500844,3,16
1376500883,3,16
1376500960,4,15
1376501010,4,15
1376501034,5,14
1376501412,4,15
1376501834,3,16
1376502438,3,16
1376502823,3,16
1376502826,2,17
1376503430,2,17
1376503814,1,18
1376504049,1,18
1376504157,1,18
1376504523,1,18
1376505126,1,18
1376505660,0,19
1376506264,0,19
1376506868,0,19
1376507472,0,19
1376508076,0,19
1376508679,0,19
1376508819,1,18
1376508875,2,17
1376509479,2,17
1376510082,2,17
1376510320,2,17
1376510329,3,16
1376510727,2,17
1376510922,1,18
1376510973,0,19
1376511041,0,19
1376511056,0,19
1376511661,0,19
1376512264,0,19
1376512824,0,19
1376512868,0,19
1376513332,1,18
1376513936,1,18
1376514540,1,18
1376515144,1,18
1376515627,1,18
1376515676,0,19
1376516281,0,19
1376516884,0,19
1376517488,0,19
1376517969,0,19
1376518573,0,19
1376519177,0,19
1376519781,0,19
1376520400,1,18
1376521003,1,18
1376521607,1,18
1376522211,1,18
1376522815,1,18
1376523419,1,18
1376524022,1,18
1376524626,1,18
1376525230,1,18
1376525834,1,18
1376526193,2,17
1376526797,2,17
1376527401,2,17
1376528005,2,17
1376528608,2,17
1376529212,2,17
1376529816,2,17
1376530420,2,17
1376531023,2,17
1376531560,2,17
1376532164,2,17
1376532768,2,17
1376533371,2,17
1376533975,2,17
1376534579,2,17
1376535183,2,17
1376535786,2,17
1376536390,2,17
1376536994,2,17
1376537598,2,17
1376538202,2,17
1376538806,2,17
1376539410,2,17
1376540013,2,17
1376540617,2,17
1376541221,2,17
1376541825,2,17
1376542429,2,17
1376543032,2,17
1376543636,2,17
1376544240,2,17
1376544844,2,17
1376545447,2,17
1376546051,2,17
1376546655,2,17
1376546898,1,18
1376547218,0,19
1376547822,0,19
1376548426,0,19
1376549030,0,19
1376549634,0,19
1376550237,0,19
1376550841,0,19
1376551446,0,19
1376552049,0,19
1376552653,0,19
1376553257,0,19
1376553861,0,19
1376554464,0,19
1376555068,0,19
1376555672,0,19
1376556276,0,19
1376556880,0,19
1376557282,0,19
1376557307,0,19
1376557553,0,19
1376557645,1,18
1376557772,2,17
1376558376,2,17
1376558979,2,17
1376559583,2,17
1376559736,3,16
1376560334,2,17
1376560938,2,17
1376561543,2,17
1376561933,1,18
1376562025,1,18
1376562100,1,18
1376562158,0,19
1376562337,1,18
1376562522,1,18
1376562531,2,17
1376562892,1,18
1376563496,1,18
1376563732,1,18
1376563915,0,19
1376564530,2,17
1376565112,1,18
1376565716,1,18
1376565926,0,19
1376566530,0,19
1376566674,0,19
1376567259,0,19
1376567268,1,18
1376567373,2,17
1376567789,3,16
1376567860,5,14
1376567892,6,13
1376568495,6,13
1376568880,4,15
1376568992,2,17
1376569111,1,18
1376569163,1,18
1376569441,1,18
1376569519,2,17
1376569650,3,16
1376569772,3,16
1376569800,4,15
1376569994,4,15
1376570064,5,14
1376570134,5,14
1376570171,5,13
1376570250,6,13
1376570366,7,12
1376570923,5,14
1376571507,6,13
1376571872,3,16
1376571885,3,16
1376572489,3,16
1376572579,1,18
1376573004,2,17
1376573321,1,18
1376573360,1,18
1376573730,1,18
1376573862,1,18
1376573865,2,17
1376573972,0,19
1376574577,0,19
1376575180,0,19
1376575503,1,18
1376575645,2,17
1376575720,3,16
1376576277,4,15
1376576922,4,15
1376576929,2,17
1376577487,2,17
1376577680,1,18
1376577720,2,17
1376577881,2,17
1376577926,2,17
1376577996,4,15
1376578034,5,14
1376578082,5,14
1376578164,5,14
1376578239,6,13
1376578414,8,11
1376578451,9,10
1376579056,9,10
1376579153,10,9
1376579285,9,10
1376579555,6,13
1376579603,6,13
1376579676,6,13
1376579736,7,12
1376579776,7,12
1376579847,7,11
1376579919,8,11
1376579968,7,12
1376580035,8,11
1376580063,9,10
1376580630,7,12
1376581234,7,12
1376581452,7,12
1376581543,9,10
1376582059,8,11
1376582090,7,12
1376582441,5,14
1376582617,5,14
1376582626,6,13
1376583230,6,13
1376583399,9,10
1376583462,11,8
1376583522,12,7
1376583525,13,6
1376583663,13,6
1376583844,13,6
1376584171,13,6
1376584231,14,5
1376584344,14,5
1376584370,15,4
1376584477,13,6
1376584531,13,6
1376584575,14,5
1376584625,13,6
1376584949,12,7
1376584975,13,6
1376585082,13,6
1376585122,14,5
1376585485,13,6
1376585525,12,7
1376585612,11,8
1376585663,11,8
1376585691,12,7
1376585784,12,7
1376586028,13,6
1376586518,13,6
1376586528,14,5
1376586671,14,5
1376586713,14,5
1376586820,15,4
1376587062,15,4
1376587065,14,5
1376587231,15,4
1376587362,13,6
1376587531,13,6
1376587568,13,6
1376587715,14,5
1376587727,15,4
1376588318,15,4
1376588354,16,3
1376588415,16,3
1376588538,17,2
1376589141,17,2
1376589745,17,2
1376590349,17,2
1376590781,16,3
1376590797,18,1
1376591401,18,1
1376592011,18,1
1376592614,18,1
1376592788,15,4
1376593391,15,4
1376593717,13,5
1376593755,13,5
1376594083,13,5
1376594108,13,5
1376594442,13,5
1376594462,13,5
1376594603,12,6
1376594667,12,6
1376594700,13,5
1376594803,12,6
1376594816,12,6
1376595156,12,6
1376595169,12,6
1376595389,11,7
1376595461,11,7
1376595522,11,7
1376595524,11,7
1376595814,11,7
1376595877,11,7
1376596182,11,7
1376596231,11,7
1376596541,11,7
1376596584,11,7
1376596901,11,7
1376596939,11,7
1376597143,11,7
1376597164,13,5
1376597255,13,5
1376597293,13,5
1376597622,13,5
1376597646,13,5
1376597980,13,5
1376598000,13,5
1376598340,13,5
1376598354,13,5
1376598694,13,5
1376598708,13,5
1376598999,13,5
1376599062,13,5
1376599352,13,5
1376599422,13,5
1376599449,14,4
1376599597,14,4
1376599637,15,3
1376599720,15,3
1376599769,15,3
1376600071,15,4
1376600675,15,4
1376601280,15,4
1376601883,15,4
1376602487,15,4
1376603091,15,4
1376603695,15,4
1376604298,15,4
1376604622,13,6
1376605226,13,6
1376605412,12,7
1376605436,13,6
1376605505,13,6
1376605583,12,7
1376605748,13,6
1376605800,14,5
1376605951,14,5
1376605978,15,4
1376606581,15,4
1376607223,15,4
1376607226,13,6
1376607830,13,6
1376608434,13,6
1376608768,14,5
1376608814,15,4
1376609418,15,4
1376609801,14,5
1376610405,14,5
1376611009,14,5
1376611613,14,5
1376612216,14,5
1376612820,14,5
1376613424,14,5
1376614028,14,5
1376614632,14,5
1376615236,14,5
1376615840,14,5
1376616444,14,5
1376617047,14,5
1376617651,14,5
1376617956,14,5
1376618561,14,5
1376618644,14,5
1376618694,15,4
1376619297,15,4
1376619901,15,4
1376620505,15,4
1376621109,15,4
1376621712,15,4
1376622316,15,4
1376622920,15,4
1376623524,15,4
1376624128,15,4
1376624731,15,4
1376625335,15,4
1376625939,15,4
1376626543,15,4
1376627147,15,4
1376627751,15,4
1376628355,15,4
1376628959,15,4
1376629562,15,4
1376630166,15,4
1376630770,15,4
1376631373,15,4
1376631506,15,4
1376631541,16,3
1376631627,15,4
1376631773,14,5
1376632377,14,5
1376632981,14,5
1376633585,14,5
1376634189,14,5
1376634314,13,6
1376634435,12,7
1376635038,12,7
1376635176,13,6
1376635225,14,5
1376635829,14,5
1376636215,13,6
1376636819,13,6
1376637423,13,6
1376637715,12,7
1376638320,12,7
1376638722,12,7
1376638725,11,8
1376639228,11,8
1376639832,11,8
1376640435,11,8
1376640553,8,11
1376640669,7,12
1376640710,8,11
1376641313,8,11
1376641842,7,12
1376641849,5,14
1376642453,5,14
1376643056,5,14
1376643151,4,15
1376643755,4,15
1376644359,4,15
1376644962,5,14
1376645007,3,16
1376645071,4,15
1376645675,4,15
1376646279,4,15
1376646520,5,14
1376647123,5,14
1376647727,5,14
1376648331,5,14
1376648765,5,14
1376648854,6,13
1376648913,7,12
1376648926,8,11
1376649531,8,11
1376649743,9,10
1376649791,10,9
1376649976,8,11
1376650438,7,12
1376651042,7,12
1376651679,7,12
1376651795,8,11
1376651816,8,11
1376651975,8,11
1376652080,9,10
1376652269,10,9
1376652873,10,9
1376653477,10,9
1376654080,10,9
1376654684,10,9
1376655288,10,9
1376655471,9,10
1376656075,9,10
1376656341,8,11
1376656945,8,11
1376657549,5,14
1376657570,4,15
1376657914,1,18
1376658503,1,18
1376659107,1,18
1376659495,0,19
1376659658,1,18
1376659713,1,18
1376659751,1,18
1376659838,1,18
1376659903,2,17
1376660065,2,17
1376660137,3,16
1376660260,4,15
1376660402,4,15
1376660451,5,14
1376660506,4,15
1376660570,4,15
1376660683,4,15
1376660686,5,14
1376661323,4,15
1376661688,2,17
1376662223,1,18
1376662296,1,18
1376662584,1,18
1376662618,2,17
1376663222,2,17
1376663730,3,16
1376664053,1,18
1376664245,0,19
1376664440,0,19
1376664521,1,18
1376664581,1,18
1376664630,2,17
1376665138,1,18
1376665251,0,19
1376665644,0,19
1376665684,1,18
1376666288,1,18
1376666794,0,19
1376666859,0,19
1376666917,0,19
1376666957,0,19
1376667030,0,19
1376667104,1,18
1376667151,1,18
1376667202,2,17
1376667291,2,17
1376667382,3,16
1376667427,3,16
1376667521,2,17
1376667754,3,16
1376667876,2,17
1376668481,2,17
1376668580,2,17
1376669184,2,17
1376669382,2,17
1376669385,3,16
1376669504,3,16
1376669506,4,15
1376670111,4,15
1376670313,4,15
1376670434,4,15
1376670641,5,14
1376670684,6,13
1376670743,5,14
1376670808,6,13
1376671003,5,14
1376671009,4,15
1376671165,6,13
1376671424,6,13
1376671477,6,13
1376671534,7,12
1376671695,8,11
1376672019,8,11
1376672058,9,10
1376672128,7,12
1376672149,5,14
1376672753,5,14
1376673133,4,15
1376673489,4,15
1376673534,5,14
1376673951,3,16
1376674109,1,18
1376674145,0,19
1376674229,1,18
1376674511,3,16
1376675115,3,16
1376675720,3,16
1376676323,3,16
1376676928,3,16
1376677532,3,16
1376677932,1,18
1376678536,1,18
1376679139,1,18
1376679328,4,15
1376679872,5,14
1376680150,5,14
1376680303,4,15
1376680333,5,14
1376680421,5,14
1376680459,7,12
1376681064,7,12
1376681131,7,12
1376681316,6,13
1376681394,5,13
1376681998,5,13
1376682602,5,13
1376683206,5,13
1376683809,5,13
1376684413,5,13
1376685017,5,13
1376685056,4,14
1376685660,4,14
1376686263,4,14
1376686364,3,15
1376686968,3,15
1376687572,3,15
1376688176,3,15
1376688779,3,15
1376689384,3,15
1376689686,4,14
1376689777,4,14
1376689808,5,13
1376689903,6,12
1376690025,7,11
1376690629,7,11
1376691233,7,11
1376691837,7,11
1376692440,7,11
1376693044,7,11
1376693648,7,11
1376694252,7,11
1376694856,7,11
1376694915,5,13
1376695518,5,13
1376696122,5,13
1376696324,6,13
1376696333,7,12
1376696938,7,12
1376697069,7,12
1376697155,9,10
1376697759,9,10
1376698363,9,10
1376698966,9,10
1376699570,9,10
1376700174,9,10
1376700778,9,10
1376701382,9,10
1376701986,9,10
1376702590,9,10
1376703194,9,10
1376703797,9,10
1376704362,9,10
1376704466,9,10
1376704541,9,10
1376704917,9,10
1376705522,9,10
1376706125,9,10
1376706729,9,10
1376707333,9,10
1376707936,9,10
1376708540,9,10
1376709144,9,10
1376709748,9,10
1376710352,9,10
1376710955,9,10
1376711559,9,10
1376712163,9,10
1376712767,9,10
1376713370,9,10
1376713925,8,11
1376714011,9,10
1376714125,8,11
1376714728,8,11
1376715332,8,11
1376715936,8,11
1376716540,8,11
1376717143,8,11
1376717747,8,11
1376718351,8,11
1376718955,8,11
1376719558,8,11
1376720162,8,11
1376720766,8,11
1376721144,9,10
1376721247,8,11
1376721852,8,11
1376722069,7,12
1376722712,6,13
1376722999,5,14
1376723559,4,15
1376724163,4,15
1376724767,4,15
1376725371,4,15
1376725975,4,15
1376726321,3,16
1376726378,3,16
1376726481,4,15
1376727084,4,15
1376727667,3,16
1376727758,3,16
1376727790,4,15
1376728394,4,15
1376728998,4,15
1376729515,4,15
1376729619,4,15
1376729696,5,14
1376729923,5,14
1376729957,6,13
1376730044,6,13
1376730046,7,12
1376730134,8,11
1376730533,9,10
1376731138,9,10
1376731229,7,12
1376731514,7,12
1376731579,8,11
1376731662,7,12
1376731701,7,12
1376731758,8,11
1376732362,8,11
1376732965,8,11
1376733569,8,11
1376733980,7,12
1376734584,7,12
1376734634,5,14
1376734712,5,14
1376734727,5,14
1376735331,5,14
1376735497,5,14
1376735552,6,13
1376735623,6,13
1376735663,7,12
1376736103,7,12
1376736159,9,10
1376736763,9,10
1376737349,9,10
1376737406,10,9
1376737460,10,9
1376737489,10,9
1376737723,11,8
1376738327,11,8
1376738635,10,9
1376739239,10,9
1376739843,10,9
1376740446,10,9
1376741050,10,9
1376741431,8,11
1376741893,7,12
1376742464,7,12
1376742521,9,10
1376742583,12,7
1376742626,12,7
1376742654,13,6
1376743159,14,5
1376743763,14,5
1376744367,14,5
1376744740,13,6
1376744798,10,9
1376744853,10,9
1376744899,10,9
1376744968,10,9
1376745033,12,7
1376745096,14,5
1376745462,14,5
1376745881,14,5
1376745916,14,5
1376746002,14,5
1376746005,15,4
1376746609,15,4
1376747213,15,4
1376747822,15,4
1376748426,15,4
1376749030,15,4
1376749649,16,3
1376749721,16,3
1376749782,16,3
1376749821,17,2
1376749850,16,3
1376749959,14,5
1376749974,14,5
1376750196,15,4
1376750221,16,3
1376750744,16,3
1376750789,16,3
1376751065,16,3
1376751674,16,3
1376752278,16,3
1376752656,14,5
1376753261,14,5
1376753864,14,5
1376754468,14,5
1376755072,14,5
1376755644,12,7
1376756223,13,6
1376756346,11,8
1376756525,12,7
1376756797,13,6
1376757401,13,6
1376758005,13,6
1376758513,12,7
1376758662,9,10
1376758723,9,10
1376758757,10,9
1376759360,10,9
1376759442,9,10
1376759495,5,14
1376760099,5,14
1376760132,6,13
1376760282,5,14
1376760644,4,15
1376760691,4,15
1376760712,4,15
1376761317,4,15
1376761920,4,15
1376762301,5,14
1376762379,3,16
1376762427,1,18
1376762492,0,19
1376762620,1,18
1376762650,0,19
1376762742,0,19
1376762923,1,18
1376762979,2,17
1376763018,0,19
1376763079,1,18
1376763194,1,18
1376763233,2,17
1376763837,2,17
1376764442,2,17
1376765053,1,18
1376765143,0,19
1376765191,0,19
1376765258,0,19
1376765312,0,19
1376765370,0,19
1376765413,0,19
1376765476,1,18
1376766079,1,18
1376766396,2,17
1376766584,1,18
1376766592,1,18
1376766662,2,17
1376766749,2,17
1376766789,3,16
1376767392,3,16
1376767996,3,16
1376768600,3,16
1376768953,4,15
1376769010,5,14
1376769175,5,14
1376769264,5,14
1376769328,1,18
1376769482,1,18
1376770086,1,18
1376770690,1,18
1376771294,1,18
1376771488,2,17
1376771772,3,16
1376771899,2,17
1376772503,2,17
1376772703,3,16
1376772997,2,17
1376773018,2,17
1376773124,2,17
1376773174,1,18
1376773203,1,18
1376773335,1,18
1376773412,1,18
1376773464,1,18
1376773539,1,18
1376773696,0,19
1376773800,1,18
1376774403,1,18
1376775007,1,18
1376775611,1,18
1376776216,0,19
1376776820,0,19
1376777424,0,19
1376778028,0,19
1376778631,0,19
1376779235,0,19
1376779839,0,19
1376780443,0,19
1376781047,0,19
1376781650,0,19
1376782254,0,19
1376782858,0,19
1376783462,0,19
1376784066,0,19
1376784669,0,19
1376785273,0,19
1376785877,0,19
1376786481,0,19
1376787084,0,19
1376787688,0,19
1376788292,0,19
1376788895,0,19
1376789500,0,19
1376790104,0,19
1376790760,0,19
1376791364,0,19
1376791968,0,19
1376792572,0,19
1376793175,0,19
1376793779,0,19
1376794383,0,19
1376794987,0,19
1376795387,0,19
1376795991,0,19
1376796594,0,19
1376797198,0,19
1376797802,0,19
1376798406,0,19
1376799009,0,19
1376799613,0,19
1376800217,0,19
1376800821,0,19
1376801425,0,19
1376802029,0,19
1376802633,0,19
1376803237,0,19
1376803840,0,19
1376804444,0,19
1376805048,0,19
1376805652,0,19
1376806255,0,19
1376806859,0,19
1376807296,0,19
1376807358,1,18
1376807962,1,18
1376808566,1,18
1376809182,1,18
1376809190,0,19
1376809794,0,19
1376810398,0,19
1376811002,0,19
1376811606,0,19
1376812209,0,19
1376812813,0,19
1376813417,0,19
1376813552,0,19
1376813590,1,18
1376813666,2,17
1376813793,1,18
1376813853,1,18
1376813913,0,19
1376814517,0,19
1376814761,0,19
1376814788,0,19
1376815392,0,19
1376815996,0,19
1376816600,0,19
1376816995,0,19
1376817404,0,19
1376817456,1,18
1376817564,1,18
1376817691,1,18
1376817727,2,17
1376817817,2,17
1376817843,3,16
1376817926,3,16
1376817954,4,15
1376818558,4,15
1376819162,4,15
1376819766,4,15
1376820400,4,15
1376820429,5,14
1376820492,5,14
1376820529,6,13
1376821088,7,12
1376821693,7,12
1376822296,7,12
1376822900,7,12
1376823463,7,12
1376823467,8,11
1376823733,6,13
1376824117,7,12
1376824165,8,11
1376824389,7,12
1376824479,8,11
1376824532,7,12
1376824588,6,13
1376824617,5,14
1376824713,6,13
1376824785,6,13
1376824788,7,12
1376824939,5,14
1376825134,2,17
1376825162,2,17
1376825289,3,16
1376825893,3,16
1376826497,3,16
1376826628,2,17
1376827053,1,18
1376827645,0,19
1376828249,0,19
1376828854,0,19
1376828905,0,19
1376828993,0,19
1376829516,1,18
1376829861,1,18
1376829979,1,18
1376830057,1,18
1376830100,1,18
1376830147,0,19
1376830751,0,19
1376831356,0,19
1376831960,0,19
1376832563,0,19
1376832861,0,19
1376832921,0,19
1376832984,1,18
1376833034,2,17
