1376208184,9,13
1376208797,8,14
1376208859,8,14
1376208929,8,14
1376208982,8,14
1376209060,6,16
1376209106,7,15
1376209401,6,16
1376209896,7,15
1376209943,7,15
1376210021,8,14
1376210023,9,13
1376210142,10,12
1376210156,11,11
1376210316,11,11
1376210354,11,11
1376210387,12,10
1376210834,11,11
1376211034,10,12
1376211103,10,11
1376211150,11,11
1376211174,12,10
1376211271,12,10
1376211307,13,9
1376211702,13,9
1376211704,14,8
1376211815,14,8
1376211842,15,7
1376211902,16,6
1376212188,15,7
1376212417,15,7
1376212456,15,7
1376212535,17,5
1376212843,16,6
1376212862,15,7
1376213309,16,6
1376213880,15,7
1376214154,15,7
1376214166,16,6
1376214307,16,6
1376214455,15,7
1376214776,15,7
1376214850,15,7
1376214938,17,5
1376214985,19,3
1376215013,20,2
1376215103,20,2
1376215168,21,1
1376215214,22,0
1376215472,20,2
1376215554,19,3
1376215709,21,1
1376215820,21,1
1376215933,21,1
1376215988,21,1
1376216046,21,1
1376216426,19,3
1376216499,20,2
1376216618,19,3
1376216671,17,5
1376216964,16,6
1376217039,16,6
1376217077,16,6
1376217118,17,5
1376217213,18,4
1376217278,18,4
1376217321,18,4
1376217369,18,4
1376217451,18,4
1376217553,17,5
1376217826,16,6
1376218055,15,7
1376218292,14,8
1376218552,15,7
1376218783,15,7
1376218790,17,5
1376219076,16,6
1376219253,15,7
1376219313,17,5
1376219378,15,6
1376219441,15,7
1376219497,13,9
1376219743,14,8
1376219858,12,10
1376219993,13,9
1376220113,12,10
1376220221,12,10
1376220273,13,9
1376220289,14,8
1376220503,14,8
1376220641,14,8
1376220652,15,7
1376220929,15,7
1376220998,14,8
1376221061,15,7
1376221068,15,7
1376221167,16,6
1376221239,17,5
1376221289,18,4
1376221309,19,3
1376221407,20,2
1376221723,20,2
1376221726,21,1
1376222191,20,2
1376222234,21,1
1376222839,21,1
1376223443,21,1
1376223485,20,2
1376223575,20,2
1376223612,20,2
1376223721,18,4
1376223802,18,4
1376223873,18,4
1376223935,18,4
1376224054,20,2
1376224119,20,2
1376224171,22,0
1376224339,22,0
1376224943,22,0
1376225547,22,0
1376225690,22,0
1376226001,22,0
1376226081,22,0
1376226412,21,1
1376227017,21,1
1376227620,21,1
1376228224,21,1
1376228828,21,1
1376229460,20,2
1376229742,20,2
1376229792,20,2
1376229879,21,1
1376229965,20,2
1376230021,20,2
1376230112,20,2
1376230144,21,1
1376230699,21,1
1376230724,21,1
1376230934,22,0
1376231537,22,0
1376232141,22,0
1376232745,22,0
1376233166,21,1
1376233416,21,1
1376233483,22,0
1376233497,22,0
1376234067,22,0
1376234440,22,1
1376234917,21,2
1376234956,21,2
1376235560,21,2
1376235795,19,4
1376235923,19,4
1376235982,21,2
1376236586,21,2
1376237190,21,2
1376237428,22,1
1376237494,23,0
1376237801,21,2
1376237803,22,1
1376238406,22,1
1376239010,22,1
1376239614,22,1
1376240218,22,1
1376240822,22,1
1376241426,22,1
1376242029,22,1
1376242633,22,1
1376243143,22,1
1376243154,23,0
1376243279,22,1
1376243885,23,0
1376244488,23,0
1376245092,23,0
1376245696,23,0
1376245951,22,1
1376246278,21,2
1376246776,20,3
1376247380,20,3
1376247984,20,3
1376248228,21,2
1376248281,22,1
1376248376,23,0
1376248979,23,0
1376249319,22,1
1376249923,22,1
1376250527,22,1
1376251132,22,1
1376251735,22,1
1376252339,22,1
1376252753,21,2
1376252919,22,1
1376252981,22,1
1376253008,23,0
1376253611,23,0
1376254215,23,0
1376254819,23,0
1376255113,22,1
1376255718,22,1
1376256322,22,1
1376256925,22,1
1376257529,22,1
1376258133,22,1
1376258737,22,1
1376259340,22,1
1376259944,22,1
1376260548,22,1
1376261152,22,1
1376261755,22,1
1376262359,22,1
1376262702,22,1
1376262704,23,0
1376263309,23,0
1376263912,23,0
1376264516,23,0
1376265120,23,0
1376265724,23,0
1376266328,23,0
1376266932,23,0
1376267536,23,0
1376268140,23,0
1376268568,22,1
1376269172,22,1
1376269776,22,1
1376270376,22,1
1376270980,22,1
1376271584,22,1
1376272188,22,1
1376272791,22,1
1376273395,22,1
1376273998,22,1
1376274602,22,1
1376275206,22,1
1376275811,22,1
1376276414,22,1
1376277018,22,1
1376277622,22,1
1376278225,22,1
1376278829,22,1
1376279433,22,1
1376280037,22,1
1376280641,22,1
1376281244,22,1
1376281848,22,1
1376282452,22,1
1376283056,22,1
1376283659,22,1
1376284263,22,1
1376284867,22,1
1376285471,22,1
1376286074,22,1
1376286678,22,1
1376287282,22,1
1376287886,22,1
1376288081,22,1
1376288097,22,1
1376288737,21,2
1376289341,21,2
1376289434,22,1
1376289731,21,2
1376290115,22,1
1376290222,21,2
1376290372,22,1
1376290842,22,1
1376290844,21,2
1376290993,21,2
1376291062,21,2
1376291105,22,1
1376291186,20,3
1376291219,21,2
1376291468,20,3
1376291803,20,3
1376291834,21,2
1376292439,21,2
1376293043,21,2
1376293647,21,2
1376294251,21,2
1376294855,21,2
1376295459,21,2
1376296063,21,2
1376296666,21,2
1376297270,21,2
1376297652,21,2
1376297683,21,2
1376297801,18,5
1376298405,18,5
1376298488,19,4
1376298713,20,3
1376298812,20,3
1376298847,21,2
1376299451,21,2
1376299643,20,3
1376300247,20,3
1376300651,20,3
1376300727,20,3
1376300787,20,3
1376300856,20,3
1376300901,21,2
1376301504,21,2
1376302108,21,2
1376302712,21,2
1376303255,21,2
1376303266,22,1
1376303383,21,2
1376303722,20,3
1376304043,21,2
1376304082,21,2
1376304156,23,0
1376304222,22,1
1376304279,22,1
1376304386,21,1
1376304416,21,2
1376304481,21,2
1376304583,21,2
1376304679,20,2
1376304736,20,3
1376305109,19,3
1376305169,19,4
1376305237,19,4
1376305297,19,4
1376305901,19,4
1376306506,19,4
1376306618,20,3
1376306681,20,3
1376306720,19,4
1376306773,18,5
1376307377,18,5
1376307582,16,6
1376307592,16,7
1376308063,16,7
1376308074,17,6
1376308482,17,5
1376308484,18,4
1376308764,17,5
1376309320,16,6
1376309815,15,7
1376310152,13,9
1376310756,13,10
1376311153,14,9
1376311758,14,9
1376312362,14,9
1376312859,13,10
1376312971,13,10
1376313575,13,10
1376314123,14,9
1376314175,14,9
1376314779,14,9
1376315383,14,9
1376315986,14,9
1376316590,14,9
1376317235,15,8
1376317296,16,7
1376317627,16,7
1376317690,17,5
1376317770,17,5
1376317796,18,5
1376317899,18,5
1376317907,19,4
1376318511,19,4
1376319115,19,4
1376319719,19,4
1376320322,19,4
1376320415,18,5
1376320943,18,5
1376321016,19,4
1376321061,18,5
1376321442,17,6
1376321498,17,6
1376321526,17,6
1376321667,16,7
1376321737,16,7
1376321783,17,6
1376321862,16,7
1376321993,15,8
1376322635,16,7
1376322680,17,6
1376322998,18,5
1376323333,17,6
1376323402,16,7
1376323598,17,6
1376323842,14,9
1376324080,13,10
1376324424,14,9
1376325028,14,9
1376325632,14,9
1376325971,13,10
1376326142,14,9
1376326676,15,8
1376327070,15,8
1376327118,14,9
1376327721,14,9
1376328325,14,9
1376328929,14,9
1376329036,13,10
1376329238,13,10
1376329252,13,10
1376329362,15,8
1376329966,15,8
1376330249,14,9
1376330677,11,12
1376330730,12,11
1376330794,14,9
1376330816,15,8
1376330895,14,9
1376330981,14,9
1376331078,15,8
1376331158,15,8
1376331191,17,6
1376331696,19,4
1376332092,18,5
1376332649,20,3
1376333253,20,3
1376333817,21,2
1376334390,20,3
1376334624,21,2
1376335228,21,2
1376335596,22,1
1376336200,22,1
1376336804,22,1
1376337407,22,1
1376338011,22,1
1376338616,22,1
1376339219,22,1
1376339296,21,2
1376339900,21,2
1376340504,21,2
1376341107,21,2
1376341711,21,2
1376341877,22,1
1376342173,20,3
1376342776,20,3
1376343223,21,2
1376343603,22,1
1376343876,21,2
1376343886,22,1
1376344490,22,1
1376344761,21,2
1376345364,21,2
1376345969,21,2
1376346573,21,2
1376347177,21,2
1376347780,21,2
1376348384,21,2
1376348988,21,2
1376349592,21,2
1376350050,20,3
1376350655,20,3
1376351259,20,3
1376351863,20,3
1376352467,20,3
1376353070,20,3
1376353674,20,3
1376354278,20,3
1376354882,20,3
1376355485,20,3
1376355660,19,4
1376356263,19,4
1376356777,19,4
1376357380,19,4
1376357984,19,4
1376358588,19,4
1376359192,19,4
1376359796,19,4
1376360399,19,4
1376361003,19,4
1376361608,19,4
1376362212,19,4
1376362816,19,4
1376363419,19,4
1376364023,19,4
1376364626,19,4
1376365230,19,4
1376365834,19,4
1376366438,19,4
1376367041,19,4
1376367645,19,4
1376368249,19,4
1376368853,19,4
1376369457,19,4
1376370060,19,4
1376370664,19,4
1376370800,20,3
1376371404,20,3
1376372008,20,3
1376372612,20,3
1376372852,20,3
1376372900,21,2
1376373504,21,2
1376373593,21,2
1376374197,21,2
1376374417,20,3
1376375021,20,3
1376375045,21,2
1376375665,22,1
1376376155,21,2
1376376420,20,3
1376376617,21,2
1376376936,20,3
1376376981,21,2
1376377585,21,2
1376377622,20,3
1376378226,20,3
1376378826,21,2
1376379262,22,1
1376379866,22,1
1376380470,22,1
1376380843,22,1
1376380846,21,2
1376381450,21,2
1376382103,22,1
1376382707,22,1
1376382782,21,2
1376383386,21,2
1376383995,20,3
1376384037,21,2
1376384641,21,2
1376384769,20,3
1376384939,19,4
1376385549,20,3
1376386153,20,3
1376386654,21,2
1376386685,20,3
1376386841,20,3
1376386863,18,5
1376387338,17,6
1376387942,17,6
1376388546,17,6
1376389122,16,7
1376389124,17,6
1376389521,18,5
1376390125,18,5
1376390349,19,4
1376390488,19,4
1376390519,20,3
1376390742,19,4
1376390754,20,3
1376390846,19,4
1376391450,19,4
1376391882,19,4
1376391884,20,3
1376392042,20,3
1376392115,20,3
1376392171,20,3
1376392208,21,2
1376392289,20,3
1376392893,20,3
1376393124,21,2
1376393727,21,2
1376393869,21,2
1376394188,22,1
1376394265,20,3
1376394718,21,2
1376395332,20,3
1376395473,21,2
1376396077,21,2
1376396681,21,2
1376396695,22,1
1376396842,21,2
1376397447,21,2
1376398050,21,2
1376398630,22,1
1376398905,22,1
1376398908,21,2
1376399512,21,2
1376399647,19,4
1376399867,18,5
1376400172,17,6
1376400776,17,6
1376401001,16,7
1376401616,15,8
1376402221,15,8
1376402563,15,8
1376402565,14,9
1376402720,14,9
1376402762,15,8
1376402815,15,8
1376402921,16,7
1376403090,15,8
1376403150,15,8
1376403212,16,7
1376403817,16,7
1376403861,13,10
1376404178,12,11
1376404224,11,12
1376404622,12,11
1376405142,10,13
1376405746,10,13
1376406032,11,12
1376406636,11,12
1376407001,11,12
1376407014,12,11
1376407319,11,12
1376407751,12,11
1376408355,12,11
1376408497,11,12
1376408717,10,13
1376408752,9,14
1376408912,10,13
1376408948,9,14
1376409421,7,16
1376409678,7,16
1376409757,7,16
1376409770,7,16
1376410048,7,16
1376410086,8,15
1376410161,8,15
1376410243,8,15
1376410246,9,14
1376410363,10,13
1376410364,10,13
1376410968,10,13
1376411340,9,14
1376411944,9,14
1376412212,8,15
1376412747,7,16
1376413023,8,15
1376413602,9,14
1376413663,9,14
1376413707,12,11
1376413763,12,11
1376413787,13,10
1376414391,13,10
1376414783,12,11
1376415387,12,11
1376415991,12,11
1376416464,13,10
1376416603,13,10
1376416606,14,9
1376416883,12,11
1376417057,11,12
1376417661,11,12
1376417737,12,11
1376418341,12,11
1376418455,12,11
1376418539,12,11
1376418591,13,10
1376418889,12,11
1376419493,12,11
1376419880,12,11
1376419909,13,10
1376420514,13,10
1376421117,13,10
1376421721,13,10
1376422325,13,10
1376422478,13,10
1376422530,14,9
1376422948,13,10
1376423002,13,10
1376423075,14,9
1376423535,15,8
1376423593,16,7
1376424197,16,7
1376424360,17,6
1376424964,17,6
1376425193,16,7
1376425797,16,7
1376426401,16,7
1376426911,15,8
1376426953,13,10
1376427556,13,10
1376428160,13,10
1376428764,13,10
1376429257,11,12
1376429860,11,12
1376430464,11,12
1376431018,10,13
1376431207,11,12
1376431569,10,13
1376432173,10,13
1376432612,9,14
1376433216,9,14
1376433820,9,14
1376434014,7,16
1376434618,7,16
1376435221,7,16
1376435825,7,16
1376436164,7,16
1376436200,8,15
1376436804,8,15
1376437408,8,15
1376438012,8,15
1376438615,8,15
1376439219,8,15
1376439823,8,15
1376440426,8,15
1376441030,8,15
1376441634,8,15
1376442238,8,15
1376442841,8,15
1376443178,8,15
1376443782,8,15
1376444386,8,15
1376444989,8,15
1376445593,8,15
1376446197,8,15
1376446801,8,15
1376447405,8,15
1376448008,8,15
1376448612,8,15
1376449216,8,15
1376449820,8,15
1376450424,8,15
1376451028,8,15
1376451633,8,15
1376452237,8,15
1376452840,8,15
1376453444,8,15
1376454048,8,15
1376454652,8,15
1376455255,8,15
1376455859,8,15
1376456463,8,15
1376457067,8,15
1376457671,8,15
1376458274,8,15
1376458878,8,15
1376459482,8,15
1376460085,8,15
1376460283,7,16
1376460291,8,15
1376460618,8,15
1376460702,9,14
1376461306,9,14
1376461484,8,15
1376461797,7,16
1376461898,7,16
1376461925,9,14
1376461998,10,13
1376462590,11,12
1376462674,11,12
1376463083,12,11
1376463363,13,10
1376463439,12,11
1376463866,11,12
1376463961,10,13
1376464097,11,12
1376464701,11,12
1376464859,12,11
1376465464,12,11
1376466073,12,11
1376466677,12,11
1376467120,13,10
1376467222,12,11
1376467662,12,11
1376467680,13,10
1376467823,12,11
1376468118,12,11
1376468175,12,11
1376468242,12,10
1376468278,13,9
1376468881,13,10
1376469484,13,10
1376469751,14,9
1376469963,14,9
1376470036,14,9
1376470640,14,9
1376471011,15,8
1376471062,13,10
1376471096,14,9
1376471168,12,11
1376471772,12,11
1376471922,11,12
1376471925,12,11
1376472282,13,10
1376472321,14,9
1376472925,14,9
1376473155,13,10
1376473770,12,11
1376474362,11,12
1376474620,11,12
1376474629,12,11
1376475233,12,11
1376475837,12,11
1376476441,12,11
1376476810,13,10
1376477414,13,10
1376477727,12,11
1376478299,13,10
1376478402,14,9
1376478560,15,8
1376479163,15,8
1376479193,16,7
1376479256,17,6
1376479860,17,6
1376480361,17,5
1376480386,17,5
1376480627,16,6
1376480996,16,6
1376481063,17,5
1376481331,16,6
1376481915,17,5
1376482203,16,6
1376482449,15,7
1376482596,16,6
1376483199,16,6
1376483803,16,6
1376484199,15,7
1376484703,15,7
1376484738,11,11
1376484823,11,11
1376484832,12,10
1376485327,11,11
1376485931,11,11
1376486505,12,10
1376486559,12,10
1376486609,13,9
1376486802,12,10
1376486845,12,10
1376486884,12,10
1376486983,12,10
1376487012,13,9
1376487102,12,10
1376487706,12,10
1376488309,12,10
1376488913,12,10
1376489144,12,10
1376489147,14,8
1376489210,13,9
1376489265,13,9
1376489376,14,8
1376489434,15,7
1376489514,14,8
1376489677,14,8
1376489700,14,8
1376490304,14,8
1376490693,12,10
1376491043,12,10
1376491079,13,9
1376491181,14,8
1376491189,15,7
1376491282,14,8
1376491483,15,7
1376491485,16,6
1376491754,16,6
1376491807,16,6
1376491921,15,7
1376491999,15,7
1376492081,15,7
1376492127,16,6
1376492261,15,7
1376492306,15,7
1376492348,15,7
1376492391,16,6
1376492670,17,5
1376492728,15,7
1376492765,16,6
1376493152,16,6
1376493212,17,5
1376493254,18,4
1376493308,19,3
1376493942,20,2
1376494001,19,3
1376494606,19,3
1376495209,19,3
1376495435,18,4
1376495557,18,4
1376495607,19,3
1376495683,20,2
1376495801,19,3
1376495903,20,2
1376496142,19,3
1376496269,20,2
1376496324,19,3
1376496928,19,3
1376497537,19,3
1376497656,18,4
1376497813,17,5
1376497889,16,6
1376498493,16,6
1376498531,17,5
1376498721,18,4
1376498797,17,5
1376499402,17,5
1376499542,18,4
1376499597,19,3
1376500042,20,2
1376500183,20,2
1376500239,19,3
1376500268,20,2
1376500447,19,3
1376500531,18,4
1376500550,17,5
1376500719,16,6
1376500727,17,5
1376500820,18,4
1376501425,18,4
1376502028,18,4
1376502293,17,5
1376502531,17,5
1376502642,18,4
1376502657,18,4
1376502734,18,4
1376502813,20,2
1376502863,20,2
1376502888,21,1
1376502948,20,2
1376503182,20,2
1376503192,18,4
1376503284,18,4
1376503360,20,1
1376503420,19,2
1376503429,20,1
1376504033,20,2
1376504637,20,2
1376504904,18,4
1376505338,18,4
1376505400,18,4
1376505408,19,3
1376506013,19,3
1376506616,19,3
1376507220,19,3
1376507564,19,3
1376507566,18,4
1376508170,18,4
1376508773,18,4
1376509199,17,5
1376509802,17,5
1376510231,18,4
1376510834,18,4
1376511438,18,4
1376511740,19,3
1376512343,19,3
1376512947,19,3
1376513551,19,3
1376514156,19,3
1376514171,18,4
1376514299,18,4
1376514904,18,4
1376515030,17,5
1376515633,17,5
1376516237,17,5
1376516792,16,6
1376516817,17,5
1376517421,17,5
1376518062,18,4
1376518073,19,3
1376518677,19,3
1376519281,19,3
1376519885,19,3
1376520488,19,3
1376521092,19,3
1376521542,19,3
1376521544,18,4
1376522148,18,4
1376522751,18,4
1376523355,18,4
1376523959,18,4
1376524563,18,4
1376525167,18,4
1376525770,18,4
1376526374,18,4
1376526977,18,4
1376527581,18,4
1376528185,18,4
1376528789,18,4
1376529576,18,4
1376529664,18,4
1376530268,18,4
1376530872,18,4
1376531476,18,4
1376532080,18,4
1376532683,18,4
1376533287,18,4
1376533891,18,4
1376534495,18,4
1376535098,18,4
1376535702,18,4
1376536306,18,4
1376536909,18,4
1376537513,18,4
1376538118,18,4
1376538721,18,4
1376539325,18,4
1376539929,18,4
1376540533,18,4
1376541137,18,4
1376541740,18,4
1376542344,18,4
1376542948,18,4
1376543552,18,4
1376544155,18,4
1376544759,18,4
1376545363,18,4
1376545967,18,4
1376546571,18,4
1376547174,18,4
1376547778,18,4
1376548382,18,4
1376548985,18,4
1376549589,18,4
1376550193,18,4
1376550545,19,3
1376550762,19,3
1376550766,20,2
1376551370,20,2
1376551975,20,2
1376552578,20,2
1376552801,20,2
1376552813,18,4
1376552959,18,4
1376552985,18,4
1376553054,18,4
1376553150,18,4
1376553222,19,3
1376553309,19,3
1376553363,20,2
1376553533,19,3
1376554137,19,3
1376554279,19,3
1376554310,20,2
1376554643,18,4
1376554810,17,5
1376555414,17,5
1376555920,15,7
1376556107,14,8
1376556712,14,8
1376557255,15,7
1376557839,15,7
1376557847,16,6
1376558431,15,7
1376558851,16,6
1376559368,16,6
1376559430,16,6
1376559724,16,6
1376559816,16,6
1376560421,16,6
1376560457,16,6
1376560531,16,6
1376560591,16,6
1376560660,16,6
1376560707,16,6
1376560763,16,6
1376561079,17,5
1376561202,18,4
1376561212,19,3
1376561816,19,3
1376562370,20,2
1376562880,20,2
1376562927,20,2
1376562952,21,1
1376563556,21,1
1376564159,21,1
1376564580,20,2
1376565184,20,2
1376565788,20,2
1376566392,20,2
1376566809,20,2
1376566889,21,1
1376566940,22,0
1376567544,22,0
1376568147,22,0
1376568751,22,0
1376569355,22,0
1376569960,22,0
1376570050,22,0
1376570094,22,0
1376570177,22,0
1376570652,21,1
1376570715,21,1
1376570888,22,0
1376571492,22,0
1376572096,22,0
1376572700,22,0
1376573303,22,0
1376573375,21,1
1376573477,21,1
1376573557,20,2
1376573611,20,2
1376574215,20,2
1376574286,19,3
1376574438,20,2
1376574975,20,2
1376575058,21,1
1376575090,20,2
1376575151,20,2
1376575755,20,2
1376575958,18,4
1376576479,17,5
1376576681,15,7
1376576718,16,6
1376576754,17,5
1376576857,18,4
1376576922,19,3
1376576964,21,1
1376577508,22,0
1376578112,22,0
1376578135,20,2
1376578739,20,2
1376579334,19,3
1376579850,18,4
1376579891,18,4
1376579979,18,4
1376580096,19,3
1376580159,17,5
1376580366,16,6
1376580819,16,6
1376581423,16,6
1376581633,15,7
1376582238,17,5
1376582621,18,4
1376582838,19,3
1376582993,19,3
1376583080,19,3
1376583124,21,1
1376583501,22,0
1376583759,21,1
1376583878,21,1
1376583887,22,0
1376584491,22,0
1376585095,22,0
1376585667,21,1
1376585837,22,0
1376586441,22,0
1376586502,19,3
1376586554,19,3
1376587182,19,3
1376587210,21,1
1376587362,20,2
1376587559,19,3
1376588054,18,4
1376588657,18,4
1376588717,16,6
1376589321,16,6
1376589508,16,6
1376589582,16,6
1376589620,16,6
1376589649,16,6
1376589742,16,6
1376589799,16,6
1376589867,17,5
1376589910,18,4
1376589992,19,3
1376590234,21,1
1376590263,22,0
1376590830,20,2
1376590886,20,2
1376590944,20,2
1376591348,19,3
1376591468,19,3
1376591545,19,3
1376591585,20,2
1376592092,20,2
1376592159,21,1
1376592221,22,0
1376592826,22,0
1376593429,22,0
1376594033,22,0
1376594637,22,0
1376595241,22,0
1376595844,22,0
1376595981,21,1
1376596585,21,1
1376596824,22,0
1376597428,22,0
1376598032,22,0
1376598636,22,0
1376599240,22,0
1376599844,22,0
1376600447,22,0
1376600708,21,1
1376600779,21,1
1376600831,22,0
1376601434,22,0
1376602037,22,0
1376602641,22,0
1376603245,22,0
1376603849,22,0
1376604452,22,0
1376605056,22,0
1376605660,22,0
1376606264,22,0
1376606867,22,0
1376607471,22,0
1376608075,22,0
1376608679,22,0
1376609283,22,0
1376609886,22,0
1376610490,22,0
1376610933,21,1
1376611537,21,1
1376612141,21,1
1376612745,21,1
1376613349,21,1
1376613953,21,1
1376614557,21,1
1376615161,21,1
1376615765,21,1
1376615975,21,1
1376616579,21,1
1376617183,21,1
1376617787,21,1
1376618390,21,1
1376618994,21,1
1376619598,21,1
1376620202,21,1
1376620805,21,1
1376621409,21,1
1376622013,21,1
1376622617,21,1
1376623221,21,1
1376623824,21,1
1376624428,21,1
1376625032,21,1
1376625636,21,1
1376626239,21,1
1376626843,21,1
1376627446,21,1
1376628050,21,1
1376628654,21,1
1376629258,21,1
1376629862,21,1
1376630465,21,1
1376631069,21,1
1376631673,21,1
1376631817,20,2
1376632208,20,3
1376632353,20,3
1376632393,20,2
1376632518,21,1
1376632721,22,0
1376632901,21,1
1376633505,21,1
1376634109,21,1
1376634712,21,1
1376635317,21,1
1376635417,21,1
1376635482,21,1
1376635490,22,0
1376636014,22,0
1376636599,21,1
1376636817,20,2
1376637064,21,2
1376637668,21,2
1376638272,21,2
1376638875,21,2
1376639423,22,1
1376639739,21,2
1376640342,21,2
1376640376,22,1
1376640980,22,1
1376641147,21,2
1376641326,20,3
1376641455,21,2
1376641996,20,3
1376642161,19,4
1376642766,19,4
1376643370,19,4
1376643701,18,5
1376643941,17,6
1376644020,17,6
1376644123,17,6
1376644126,16,7
1376644269,16,7
1376644869,17,6
1376645495,17,6
1376645506,18,5
1376645970,17,6
1376646575,17,6
1376646768,16,7
1376647226,15,8
1376647302,13,10
1376647330,14,9
1376647934,14,9
1376647999,15,8
1376648083,16,7
1376648687,16,7
1376649037,14,9
1376649093,14,9
1376649104,14,9
1376649707,14,9
1376649811,14,9
1376649875,16,7
1376649920,16,7
1376649989,17,6
1376650058,17,6
1376650067,18,5
1376650478,17,6
1376650486,16,7
1376650636,15,8
1376651013,16,7
1376651617,16,7
1376651938,14,9
1376652159,15,8
1376652333,15,8
1376652387,15,8
1376652434,15,8
1376652517,15,8
1376652579,17,6
1376652634,18,5
1376653128,17,6
1376653333,16,7
1376653421,16,7
1376653459,17,6
1376653871,16,7
1376654276,15,8
1376654881,15,8
1376655402,15,8
1376655404,14,9
1376656008,14,9
1376656097,13,10
1376656700,13,10
1376657304,13,10
1376657908,13,10
1376658512,13,10
1376658635,13,10
1376658696,14,9
1376658724,14,9
1376658780,14,9
1376658886,14,9
1376659112,13,10
1376659224,13,10
1376659262,14,9
1376659593,15,8
1376659635,14,9
1376660239,14,9
1376660499,13,10
1376660605,14,9
1376660665,15,8
1376661070,14,9
1376661200,14,9
1376661261,14,9
1376661297,15,8
1376661753,14,9
1376662086,13,10
1376662288,12,11
1376662406,10,13
1376662962,9,14
1376663583,8,15
1376663650,6,17
1376664120,5,18
1376664724,5,18
1376665083,1,22
1376665687,1,22
1376666017,1,22
1376666079,2,21
1376666202,2,21
1376666235,2,21
1376666284,3,20
1376666887,3,20
1376666963,4,19
1376667166,3,20
1376667356,2,21
1376667494,3,20
1376667566,2,21
1376667619,2,21
1376667657,3,20
1376667724,2,21
1376667923,1,22
1376667984,1,22
1376668018,1,22
1376668119,2,21
1376668244,1,22
1376668354,1,22
1376668423,1,21
1376668448,1,21
1376668495,1,21
1376668601,1,21
1376668625,1,21
1376668757,1,22
1376668804,1,22
1376668882,2,21
1376669013,2,21
1376669037,3,20
1376669181,2,21
1376669483,2,21
1376669562,3,20
1376669650,3,20
1376669716,3,20
1376669787,4,19
1376670027,3,20
1376670631,3,20
1376670762,3,20
1376670764,4,19
1376671368,4,19
1376672020,3,20
1376672308,3,20
1376672364,4,19
1376672397,5,18
1376672620,3,20
1376673016,3,20
1376673052,4,19
1376673275,5,18
1376673880,5,18
1376673917,6,17
1376673951,5,18
1376674093,3,20
1376674697,3,20
1376675300,3,20
1376675707,2,21
1376676061,3,20
1376676191,4,19
1376676795,4,19
1376677058,4,19
1376677100,4,19
1376677473,5,18
1376677649,4,19
1376677724,4,19
1376677731,5,18
1376677986,4,19
1376678590,4,19
1376679163,4,19
1376679166,5,18
1376679770,5,18
1376680374,5,18
1376680977,5,18
1376681331,4,19
1376681935,4,19
1376682539,4,19
1376683143,4,19
1376683746,4,19
1376684350,4,19
1376684954,4,19
1376685558,4,19
1376686062,4,19
1376686107,5,18
1376686137,6,17
1376686239,7,16
1376686843,7,16
1376687447,7,16
1376688051,7,16
1376688411,6,17
1376689014,6,17
1376689619,6,17
1376690202,6,17
1376690211,7,16
1376690279,8,15
1376690883,8,15
1376691487,8,15
1376692091,8,15
1376692694,8,15
1376693292,7,16
1376693444,8,15
1376693613,7,16
1376693835,9,14
1376694439,9,14
1376695043,9,14
1376695647,9,14
1376696251,9,14
1376696855,9,14
1376697459,9,14
1376698063,9,14
1376698357,8,15
1376698498,8,15
1376698568,9,14
1376699171,9,14
1376699265,9,14
1376699267,8,15
1376699871,8,15
1376700476,8,15
1376701080,8,15
1376701684,8,15
1376702380,8,15
1376702487,8,15
1376703091,8,15
1376703695,8,15
1376704298,8,15
1376704902,8,15
1376705506,8,15
1376706110,8,15
1376706713,8,15
1376707317,8,15
1376707921,8,15
1376708525,8,15
1376709129,8,15
1376709732,8,15
1376710336,8,15
1376710940,8,15
1376711544,8,15
1376712147,8,15
1376712751,8,15
1376713355,8,15
1376713475,6,17
1376714079,6,17
1376714684,6,17
1376715287,6,17
1376715891,6,17
1376716495,6,17
1376717098,6,17
1376717702,6,17
1376717843,7,16
1376718447,7,16
1376719051,7,16
1376719655,7,16
1376720258,7,16
1376720862,7,16
1376721466,7,16
1376722074,6,17
1376722577,5,18
1376723181,5,18
1376723785,5,18
1376724388,5,18
1376724992,5,18
1376725596,5,18
1376726200,5,18
1376726375,4,19
1376726565,4,19
1376726567,3,20
1376726876,2,21
1376727222,2,21
1376727231,3,20
1376727483,4,19
1376727817,3,20
1376728420,3,20
1376729024,3,20
1376729684,2,21
1376729930,1,22
1376730331,2,21
1376730934,2,21
1376731538,2,21
1376731880,1,22
1376732122,2,21
1376732733,3,20
1376732903,2,21
1376733017,1,22
1376733146,0,23
1376733750,0,23
1376734354,0,23
1376734901,1,22
1376735217,1,22
1376735317,2,21
1376735371,2,21
1376735470,2,21
1376735564,3,20
1376735617,4,19
1376735710,5,18
1376736095,6,17
1376736700,6,17
1376737304,6,17
1376737766,5,18
1376738370,5,18
1376738974,5,18
1376739032,4,19
1376739333,2,21
1376739737,2,21
1376739797,3,20
1376739831,4,19
1376740076,5,18
1376740680,5,18
1376740893,4,19
1376741497,4,19
1376741849,3,20
1376742454,3,20
1376742642,4,19
1376742704,4,19
1376742755,5,18
1376742795,6,17
1376743398,6,17
1376743664,6,17
1376743666,5,18
1376743832,5,18
1376743887,6,17
1376743965,5,18
1376743985,7,16
1376744590,7,16
1376745193,7,16
1376745709,7,16
1376745787,6,17
1376745858,6,17
1376746168,7,16
1376746238,7,16
1376746273,7,16
1376746343,7,16
1376746394,7,16
1376746545,7,16
1376746605,7,16
1376746615,8,15
1376747219,8,15
1376747479,9,14
1376748083,9,14
1376748284,9,14
1376748296,10,13
1376748899,10,13
1376749503,10,13
1376750107,10,13
1376750252,9,14
1376750741,10,13
1376751345,10,13
1376751365,9,14
1376751619,7,16
1376752224,7,16
1376752381,6,17
1376752476,4,19
1376752543,4,19
1376752546,5,18
1376752649,4,19
1376752706,5,18
1376753310,5,18
1376753444,5,18
1376753483,5,18
1376753558,6,17
1376753744,5,18
1376753773,2,21
1376753921,3,20
1376753984,5,18
1376754588,5,18
1376754689,6,17
1376755159,6,17
1376755529,7,16
1376756133,7,16
1376756736,7,16
1376756853,5,18
1376757199,5,18
1376757328,5,18
1376757368,5,18
1376757570,5,18
1376757671,5,18
1376758276,5,18
1376758879,5,18
1376759311,5,18
1376759432,5,18
1376759474,6,17
1376759537,7,16
1376759925,7,16
1376759927,8,15
1376760521,8,15
1376760529,9,14
1376760753,9,14
1376761144,9,14
1376761301,9,14
1376761343,10,13
1376761770,10,13
1376761806,11,12
1376761950,11,12
1376762004,11,12
1376762073,11,12
1376762106,12,11
1376762290,11,12
1376762775,12,11
1376762861,13,10
1376763465,13,10
1376763935,10,13
1376764029,8,15
1376764437,7,16
1376765041,7,16
1376765645,7,16
1376766194,5,18
1376766282,5,18
1376766330,6,17
1376766375,6,17
1376766468,5,18
1376766641,5,18
1376766679,6,17
1376767120,7,16
1376767723,7,16
1376768381,7,16
1376768392,8,15
1376768684,9,14
1376768722,10,13
1376769327,10,13
1376769930,10,13
1376770534,10,13
1376770873,11,12
1376771478,11,12
1376772082,11,12
1376772686,11,12
1376773063,11,12
1376773065,12,11
1376773669,12,11
1376774197,11,12
1376774800,11,12
1376775044,10,13
1376775083,9,14
1376775687,9,14
1376776290,9,14
1376776894,9,14
1376777499,9,14
1376778102,9,14
1376778706,9,14
1376779310,9,14
1376779915,10,13
1376780519,10,13
1376781123,10,13
1376781726,10,13
1376782330,10,13
1376782934,10,13
1376783538,10,13
1376784141,10,13
1376784745,10,13
1376785349,10,13
1376785953,10,13
1376786556,10,13
1376787160,10,13
1376787764,10,13
1376788779,10,13
1376789383,10,13
1376789988,10,13
1376790592,10,13
1376791195,10,13
1376791799,10,13
1376792403,10,13
1376793007,10,13
1376793611,10,13
1376793762,10,13
1376793777,12,11
1376794129,11,12
1376794732,11,12
1376795336,11,12
1376795940,11,12
1376796543,11,12
1376797147,11,12
1376797750,11,12
1376798354,11,12
1376798958,11,12
1376799561,11,12
1376800165,11,12
1376800769,11,12
1376801373,11,12
1376801976,11,12
1376802580,11,12
1376803184,11,12
1376803787,11,12
1376804391,11,12
1376804995,11,12
1376805599,11,12
1376806203,11,12
1376806806,11,12
1376807410,11,12
1376808014,11,12
1376808617,11,12
1376808943,12,11
1376809238,11,12
1376809841,11,12
1376810050,10,13
1376810193,10,13
1376810253,10,13
1376810269,11,12
1376810873,11,12
1376810955,10,13
1376811559,10,13
1376811654,11,12
1376811729,12,11
1376812333,12,11
1376812937,12,11
1376813524,11,12
1376814128,11,12
1376814686,10,13
1376814994,9,14
1376815315,10,13
1376815919,10,13
1376816523,10,13
1376817126,10,13
1376817730,10,13
1376818105,9,14
1376818710,9,14
1376818922,8,15
1376819080,8,15
1376819088,9,14
1376819427,11,12
1376819497,12,11
1376819827,11,12
1376820431,11,12
1376820666,9,14
1376820845,8,15
1376821167,7,16
1376821473,8,15
1376821537,6,16
1376821603,6,17
1376821825,7,16
1376822018,7,16
1376822077,7,16
1376822134,4,19
1376822320,4,19
1376822383,3,20
1376822438,4,19
1376822465,4,19
1376822592,4,19
1376822726,4,18
1376822772,7,16
1376823056,6,17
1376823693,7,16
1376823756,8,15
1376823817,8,15
1376824058,10,13
1376824118,10,13
1376824159,12,11
1376824483,12,11
1376824485,13,10
1376825090,13,10
1376825308,13,10
1376825381,13,10
1376825439,14,9
1376825460,15,8
1376826019,15,8
1376826209,16,7
1376826814,16,7
1376827418,16,7
1376827582,14,9
1376827716,15,8
1376828111,14,9
1376828172,15,8
1376828775,15,8
1376829024,14,9
1376829580,14,9
1376829672,14,9
1376829733,14,9
1376829804,15,8
1376830299,15,8
1376830306,16,7
1376830909,16,7
1376831513,16,7
1376832117,16,7
1376832721,16,7
