1376208567,45,14
1376209170,45,14
1376209774,45,14
1376210375,44,15
1376210620,44,15
1376210624,43,16
1376211004,44,15
1376211094,44,15
1376211136,44,15
1376211252,44,15
1376211297,46,13
1376211641,45,14
1376211850,46,13
1376212220,45,14
1376212339,43,16
1376212943,43,16
1376213310,43,16
1376213369,44,15
1376213393,45,14
1376213617,45,14
1376213670,46,13
1376213786,46,13
1376213813,47,12
1376214207,48,11
1376214810,48,11
1376215414,48,11
1376215715,47,12
1376216214,45,14
1376216432,46,13
1376216502,48,11
1376216527,49,10
1376216673,49,10
1376216710,50,9
1376217314,50,9
1376217437,49,10
1376217522,50,9
1376218126,50,9
1376218294,50,9
1376218349,50,9
1376218405,50,9
1376218479,50,9
1376218489,51,8
1376219093,51,8
1376219610,51,8
1376219681,50,9
1376219731,50,9
1376219777,51,8
1376219850,52,7
1376220160,51,8
1376220321,52,7
1376220393,53,6
1376220691,53,6
1376220732,54,5
1376220798,55,4
1376221401,55,4
1376222005,55,4
1376222277,54,5
1376222678,55,4
1376222722,56,3
1376222856,56,3
1376223340,55,4
1376223944,55,4
1376224354,54,5
1376224958,54,5
1376225142,55,4
1376225322,55,4
1376225382,56,3
1376225419,57,2
1376225845,58,1
1376225900,59,0
1376226503,59,0
1376227107,59,0
1376227710,59,0
1376228259,58,1
1376228863,58,1
1376229446,59,0
1376230049,59,0
1376230269,58,1
1376230872,58,1
1376231272,57,2
1376231559,56,3
1376231608,55,4
1376231740,55,4
1376231795,56,3
1376231862,56,3
1376231865,57,2
1376232159,57,2
1376232169,58,1
1376232310,59,0
1376232914,59,0
1376233513,57,2
1376233572,57,2
1376233631,57,2
1376233781,57,2
1376233794,59,0
1376234398,59,0
1376235002,59,0
1376235605,59,0
1376235891,58,1
1376236307,57,2
1376236590,56,3
1376236651,57,2
1376236754,57,2
1376236813,58,1
1376237417,58,1
1376238021,58,1
1376238234,57,2
1376238756,58,1
1376239074,57,2
1376239362,57,2
1376239404,56,3
1376239550,55,4
1376239769,56,3
1376239890,57,1
1376239991,56,2
1376240198,54,3
1376240216,54,4
1376240480,55,3
1376241084,55,4
1376241581,55,4
1376241597,56,3
1376242202,56,3
1376242808,57,2
1376242875,57,2
1376242953,58,1
1376243452,59,0
1376244027,58,1
1376244630,58,1
1376245160,57,2
1376245763,57,2
1376246367,57,2
1376246970,57,2
1376247201,58,1
1376247805,58,1
1376248408,58,1
1376249011,58,1
1376249615,58,1
1376250218,58,1
1376250822,58,1
1376251479,56,3
1376252083,56,3
1376252136,57,2
1376252740,57,2
1376252832,58,1
1376253436,58,1
1376253912,59,0
1376254516,59,0
1376254763,58,1
1376255367,58,1
1376255970,58,1
1376256436,57,2
1376257039,57,2
1376257643,57,2
1376258247,57,2
1376258850,57,2
1376259068,56,3
1376259672,56,3
1376260206,55,4
1376260810,55,4
1376261367,53,6
1376261551,54,5
1376262155,54,5
1376262759,54,5
1376263362,54,5
1376263966,54,5
1376264203,54,5
1376264205,55,4
1376264809,55,4
1376265413,55,4
1376265935,53,6
1376265987,52,7
1376266039,52,7
1376266109,53,6
1376266182,54,5
1376266224,55,4
1376266827,55,4
1376267430,55,4
1376268034,55,4
1376268638,55,4
1376268748,56,3
1376269149,57,2
1376269753,57,2
1376270356,57,2
1376270599,57,2
1376271203,57,2
1376271807,57,2
1376272411,57,2
1376273014,57,2
1376273618,57,2
1376274222,57,2
1376274826,57,2
1376275429,57,2
1376276017,56,3
1376276620,56,3
1376277224,56,3
1376277827,56,3
1376278431,56,3
1376279034,56,3
1376279638,56,3
1376280242,56,3
1376280846,56,3
1376281449,56,3
1376282052,56,3
1376282656,56,3
1376283260,56,3
1376283876,57,2
1376284094,56,3
1376284697,56,3
1376285301,56,3
1376285905,56,3
1376286508,56,3
1376287112,56,3
1376287715,56,3
1376288319,56,3
1376288731,57,2
1376289335,57,2
1376289429,58,1
1376289942,58,1
1376289945,57,2
1376290274,56,3
1376290878,56,3
1376291134,55,4
1376291226,54,5
1376291377,53,6
1376291980,53,6
1376292102,53,6
1376292329,52,7
1376292440,51,8
1376293044,51,8
1376293332,50,9
1376293393,49,10
1376293526,50,9
1376293692,49,10
1376293776,48,11
1376293843,48,11
1376293845,47,12
1376293962,48,11
1376294576,47,12
1376294750,46,13
1376295006,45,14
1376295610,45,14
1376295750,44,15
1376296203,45,14
1376296423,45,14
1376296432,46,13
1376296828,45,14
1376297159,46,13
1376297763,46,13
1376297984,44,14
1376297993,44,15
1376298553,44,15
1376298632,44,15
1376298716,44,15
1376298808,45,14
1376299411,45,14
1376299458,44,15
1376300062,44,15
1376300423,45,14
1376300463,46,13
1376301067,46,13
1376301366,45,14
1376301536,44,15
1376301683,43,16
1376302287,43,16
1376302635,42,17
1376302747,41,18
1376302936,42,17
1376303024,42,17
1376303074,43,16
1376303119,44,15
1376303192,43,16
1376303229,44,15
1376303501,43,16
1376303544,40,19
1376303599,39,20
1376303803,39,20
1376303853,41,18
1376303906,42,17
1376304042,42,17
1376304051,43,16
1376304124,43,16
1376304282,42,17
1376304342,46,13
1376304449,46,13
1376304477,47,12
1376305081,47,12
1376305165,46,13
1376305232,47,12
1376305635,46,13
1376306199,47,12
1376306803,47,12
1376307102,46,13
1376307496,47,12
1376307872,48,11
1376307931,49,10
1376308132,48,11
1376308282,49,10
1376308559,48,11
1376308746,49,10
1376309349,49,10
1376309592,49,10
1376309636,51,8
1376309802,48,11
1376309860,45,13
1376309864,45,14
1376310034,46,13
1376310438,45,14
1376310728,43,16
1376310786,44,15
1376311117,44,15
1376311128,45,14
1376311230,45,14
1376311420,46,13
1376311532,46,13
1376311580,48,11
1376311643,48,11
1376311754,49,10
1376311868,50,9
1376312228,51,8
1376312364,52,7
1376312527,51,8
1376312577,50,9
1376312645,48,11
1376313248,48,11
1376313365,47,12
1376313439,46,13
1376313483,47,12
1376313596,45,14
1376313749,46,13
1376314065,45,14
1376314655,46,13
1376314770,48,11
1376314810,50,9
1376315377,52,7
1376315493,52,7
1376315595,51,8
1376315670,50,9
1376315880,50,9
1376315952,49,10
1376316008,49,10
1376316306,50,9
1376316932,51,8
1376317058,51,8
1376317067,52,7
1376317671,52,7
1376317843,50,9
1376317848,48,11
1376318311,47,12
1376318339,48,11
1376318501,48,11
1376318503,49,10
1376318682,49,10
1376318692,50,9
1376318773,51,8
1376319333,52,7
1376319431,51,8
1376319559,51,8
1376319612,50,9
1376319701,50,9
1376319760,51,8
1376319803,50,9
1376319864,50,9
1376319996,51,8
1376320094,50,9
1376320178,50,9
1376320207,51,8
1376320529,50,9
1376321004,51,8
1376321314,50,9
1376321382,49,10
1376321798,50,9
1376321882,50,9
1376322033,51,8
1376322161,52,7
1376322203,52,7
1376322259,52,7
1376322343,53,6
1376322946,53,6
1376323036,52,7
1376323199,51,8
1376323524,52,7
1376323902,52,7
1376323922,54,5
1376324093,52,7
1376324257,52,7
1376324267,53,6
1376324378,54,5
1376324466,55,4
1376325040,53,6
1376325044,52,7
1376325454,53,6
1376325484,52,7
1376325737,53,6
1376325820,55,4
1376325905,54,5
1376325981,54,5
1376326063,55,4
1376326068,56,3
1376326285,55,4
1376326390,54,5
1376326461,51,8
1376327017,51,8
1376327123,52,7
1376327196,54,5
1376327333,53,6
1376327600,52,7
1376327890,53,6
1376327960,53,6
1376328010,53,6
1376328162,54,5
1376328224,53,6
1376328485,53,6
1376328697,53,6
1376328763,53,5
1376328784,53,6
1376328868,54,5
1376329063,54,5
1376329066,55,4
1376329302,56,3
1376329561,55,4
1376329915,56,3
1376330092,57,2
1376330696,57,2
1376330885,57,2
1376330934,58,1
1376331538,58,1
1376331725,57,2
1376332329,57,2
1376332693,58,1
1376333162,58,1
1376333766,58,1
1376334184,58,1
1376334430,58,1
1376334480,57,2
1376335084,57,2
1376335688,57,2
1376336291,57,2
1376336414,56,3
1376336617,57,2
1376337221,57,2
1376337696,58,1
1376337729,59,0
1376338332,59,0
1376338478,58,1
1376338781,59,0
1376339384,59,0
1376339844,57,2
1376340448,57,2
1376341052,57,2
1376341655,57,2
1376342259,57,2
1376342863,57,2
1376343466,57,2
1376344070,57,2
1376344473,55,4
1376345076,55,4
1376345680,55,4
1376346283,55,4
1376346887,55,4
1376347490,55,4
1376348094,55,4
1376348698,55,4
1376349301,55,4
1376349905,55,4
1376350177,53,6
1376350781,53,6
1376351384,53,6
1376351988,53,6
1376352592,53,6
1376353196,53,6
1376353799,53,6
1376354402,53,6
1376355006,53,6
1376355609,53,6
1376356213,53,6
1376356996,53,6
1376357600,53,6
1376358203,53,6
1376358807,53,6
1376359410,53,6
1376360014,53,6
1376360618,53,6
1376361221,53,6
1376361825,53,6
1376362428,53,6
1376363032,53,6
1376363635,53,6
1376364239,53,6
1376364843,53,6
1376365447,53,6
1376366051,53,6
1376366654,53,6
1376367258,53,6
1376367861,53,6
1376368465,53,6
1376369068,53,6
1376369672,53,6
1376370276,53,6
1376370879,53,6
1376371168,53,6
1376371771,53,6
1376372375,53,6
1376372978,53,6
1376373582,53,6
1376374185,53,6
1376374303,54,5
1376374560,55,4
1376374651,54,5
1376374690,53,6
1376375313,54,5
1376375426,55,4
1376375737,55,4
1376376096,56,3
1376376429,57,2
1376376792,57,2
1376377324,56,3
1376377469,55,4
1376377949,54,5
1376378125,53,6
1376378707,52,7
1376379252,51,8
1376379316,50,9
1376379458,49,10
1376379629,48,11
1376379687,47,12
1376379819,48,11
1376380293,49,10
1376380744,48,11
1376380902,49,10
1376381016,47,12
1376381441,48,11
1376381449,49,10
1376381619,51,8
1376381863,51,8
1376382321,50,9
1376382757,51,8
1376383360,51,8
1376383964,51,8
1376384568,51,8
1376384789,49,10
1376385144,47,12
1376385583,47,12
1376385624,48,11
1376385670,49,10
1376385888,48,11
1376386492,48,11
1376386656,48,11
1376386710,48,11
1376386771,49,10
1376386836,50,9
1376387041,51,8
1376387141,51,8
1376387200,50,9
1376387227,50,9
1376387332,49,10
1376387398,49,10
1376387654,49,10
1376387733,51,8
1376387801,51,8
1376387804,52,7
1376388451,51,8
1376388591,50,9
1376388781,47,11
1376388877,46,12
1376388937,46,13
1376389183,45,14
1376389235,45,14
1376389593,44,15
1376389782,44,15
1376389886,44,15
1376389985,45,14
1376390058,45,14
1376390141,45,14
1376390156,45,14
1376390251,43,16
1376390352,42,17
1376390418,42,17
1376390470,43,16
1376390736,42,17
1376390902,42,17
1376390974,43,16
1376391019,43,16
1376391098,43,16
1376391152,42,17
1376391199,43,16
1376391273,43,16
1376391336,45,14
1376391352,44,15
1376391535,43,16
1376391643,43,16
1376391692,41,18
1376391741,41,18
1376392003,41,18
1376392101,39,20
1376392161,40,19
1376392223,40,19
1376392259,41,18
1376392453,40,19
1376392541,41,18
1376392544,42,17
1376392756,43,16
1376392947,42,17
1376393368,42,17
1376393696,43,16
1376393846,41,18
1376394075,41,18
1376394157,42,17
1376394219,43,16
1376394230,45,14
1376394636,44,15
1376394698,44,15
1376394762,45,14
1376394822,46,13
1376394876,46,13
1376394928,47,12
1376394977,48,11
1376395322,47,12
1376395530,47,12
1376395601,47,12
1376395659,47,12
1376395717,48,11
1376396321,48,11
1376396417,46,13
1376396558,44,15
1376396658,43,16
1376396834,44,15
1376397042,45,14
1376397277,46,13
1376397448,47,12
1376397704,47,12
1376397763,49,10
1376397768,50,9
1376398293,49,10
1376398589,48,11
1376398768,47,12
1376399312,47,12
1376399481,48,11
1376399676,48,11
1376399739,48,11
1376399861,48,11
1376399914,49,10
1376399956,50,9
1376400545,49,10
1376400614,47,12
1376400663,45,14
1376400939,46,13
1376401035,45,14
1376401239,46,13
1376401289,48,11
1376401340,49,10
1376401905,48,11
1376401989,49,10
1376402593,49,10
1376402738,50,9
1376402856,50,9
1376402921,48,11
1376403032,49,10
1376403075,50,9
1376403204,51,8
1376403250,50,9
1376403379,47,12
1376403520,46,13
1376403529,47,12
1376403840,48,11
1376404097,50,9
1376404174,50,9
1376404188,50,9
1376404301,50,9
1376404440,50,9
1376404603,50,9
1376404611,51,8
1376404716,51,8
1376404774,52,7
1376404804,53,6
1376404940,53,6
1376405022,54,5
1376405055,56,3
1376405104,57,2
1376405257,56,3
1376405434,58,1
1376405477,58,1
1376405552,57,2
1376405597,58,1
1376405779,59,0
1376406383,59,0
1376406581,58,1
1376406687,57,2
1376406726,58,1
1376407169,58,1
1376407209,58,1
1376407303,58,1
1376407330,59,0
1376407934,59,0
1376408119,58,1
1376408233,57,2
1376408353,56,3
1376408491,55,4
1376408555,54,5
1376408620,55,4
1376408667,56,3
1376408729,57,2
1376408917,56,3
1376409018,57,2
1376409502,55,4
1376409606,55,4
1376409698,56,3
1376409709,55,4
1376409925,54,5
1376409997,55,4
1376410033,57,2
1376410121,57,2
1376410140,56,3
1376410231,57,2
1376410374,56,3
1376410699,54,5
1376410821,53,6
1376410862,54,5
1376410969,53,6
1376411069,52,7
1376411180,51,8
1376411332,50,9
1376411415,50,9
1376411564,49,10
1376411567,50,9
1376411885,52,7
1376411965,51,8
1376412000,51,8
1376412117,51,8
1376412223,53,6
1376412277,53,6
1376412345,55,4
1376412454,53,6
1376412511,54,5
1376412639,55,4
1376412739,56,3
1376412774,56,3
1376412993,58,1
1376413122,58,1
1376413124,59,0
1376413727,59,0
1376413945,58,1
1376413968,57,2
1376414527,56,3
1376414727,55,4
1376414957,56,3
1376415086,58,1
1376415690,58,1
1376415720,57,2
1376415878,58,1
1376415977,57,2
1376416221,57,2
1376416249,58,1
1376416542,57,2
1376416554,56,3
1376417158,56,3
1376417264,56,3
1376417324,53,6
1376417370,53,6
1376417412,54,5
1376417451,54,5
1376417564,55,4
1376417672,56,3
1376418276,56,3
1376418880,56,3
1376418926,55,4
1376419529,55,4
1376420133,55,4
1376420438,53,6
1376420479,53,6
1376420564,56,3
1376420576,56,3
1376420655,56,3
1376420707,56,3
1376420745,56,3
1376420845,55,4
1376420981,56,3
1376421584,56,3
1376422059,56,3
1376422071,57,2
1376422350,57,2
1376422375,58,1
1376422979,58,1
1376423582,58,1
1376423921,56,3
1376424525,56,3
1376424960,55,4
1376425115,56,3
1376425271,57,2
1376425493,56,3
1376426096,56,3
1376426440,55,3
1376426472,54,5
1376427075,54,5
1376427679,54,5
1376428283,54,5
1376428887,54,5
1376429322,54,5
1376429325,53,6
1376429390,52,7
1376429598,51,8
1376429677,50,9
1376430281,50,9
1376430884,50,9
1376431487,50,9
1376431581,49,10
1376432184,49,10
1376432654,50,9
1376433258,50,9
1376433861,50,9
1376434465,50,9
1376435069,50,9
1376435672,50,9
1376436276,50,9
1376436879,50,9
1376437483,50,9
1376438086,50,9
1376438690,50,9
1376439293,50,9
1376439897,50,9
1376440500,50,9
1376441104,50,9
1376441708,50,9
1376442312,50,9
1376442916,50,9
1376443401,50,9
1376444006,50,9
1376444609,50,9
1376445213,50,9
1376445817,50,9
1376446421,50,9
1376447024,50,9
1376447628,50,9
1376448231,50,9
1376448835,50,9
1376449438,50,9
1376450042,50,9
1376450646,50,9
1376451250,50,9
1376451853,50,9
1376452457,50,9
1376453061,50,9
1376453665,50,9
1376454269,50,9
1376454872,50,9
1376455476,50,9
1376456079,50,9
1376456683,50,9
1376456902,49,10
1376457506,49,10
1376458109,49,10
1376458326,48,11
1376458930,48,11
1376459533,48,11
1376460136,48,11
1376460637,48,11
1376460649,49,10
1376461252,49,10
1376461543,49,10
1376461552,50,9
1376462156,50,9
1376462324,50,9
1376462326,51,8
1376462529,50,9
1376462846,51,8
1376463081,52,7
1376463360,53,6
1376463540,52,7
1376463944,52,7
1376463977,50,9
1376464171,51,8
1376464706,52,7
1376464822,51,8
1376465021,52,7
1376465153,51,8
1376465277,50,9
1376465366,49,10
1376465679,49,10
1376465688,50,9
1376466292,50,9
1376466640,49,10
1376466752,48,11
1376466883,48,11
1376466894,48,11
1376467075,47,12
1376467382,45,14
1376467709,44,15
1376468238,43,16
1376468382,42,17
1376468390,41,18
1376468566,41,18
1376468568,42,17
1376468717,43,16
1376468943,42,17
1376469454,44,15
1376470057,44,15
1376470149,43,16
1376470233,44,15
1376470531,44,15
1376470567,45,14
1376470907,44,15
1376471112,43,15
1376471437,44,14
1376471602,43,15
1376472205,43,15
1376472809,43,15
1376472967,43,16
1376473262,42,17
1376473447,42,17
1376473532,42,17
1376473545,43,16
1376473640,44,15
1376473723,44,15
1376473726,43,16
1376474032,42,17
1376474221,40,19
1376474315,40,19
1376474383,39,20
1376474429,40,19
1376474467,42,17
1376474618,42,17
1376474983,42,17
1376475008,41,18
1376475063,40,19
1376475161,41,18
1376475192,41,18
1376475443,40,19
1376475591,39,20
1376475758,39,20
1376475881,40,19
1376475930,39,20
1376475998,38,21
1376476042,39,20
1376476280,39,20
1376476424,40,19
1376476842,40,19
1376476846,39,20
1376477217,38,21
1376477303,39,20
1376477339,41,18
1376477723,42,17
1376478127,43,16
1376478251,44,15
1376478572,41,18
1376479049,42,17
1376479479,41,18
1376479541,41,18
1376479598,43,15
1376479629,45,14
1376479704,43,16
1376479766,44,15
1376480209,43,16
1376480321,44,15
1376480486,46,13
1376480623,47,12
1376480730,48,11
1376480793,46,13
1376481213,46,13
1376481303,47,12
1376481399,47,12
1376481437,47,12
1376481476,48,11
1376481584,48,11
1376481633,48,11
1376481826,48,11
1376481929,47,12
1376481974,48,11
1376482122,48,11
1376482138,49,10
1376482508,48,11
1376482630,48,11
1376482723,49,10
1376482779,50,9
1376482950,50,9
1376483012,52,7
1376483038,53,6
1376483134,52,7
1376483165,53,6
1376483414,49,10
1376483613,48,11
1376483628,48,11
1376483850,48,11
1376484027,47,12
1376484264,45,14
1376484340,46,13
1376484370,46,13
1376484455,46,13
1376484656,46,13
1376484807,45,14
1376485003,46,13
1376485042,44,15
1376485217,44,15
1376485303,45,14
1376485343,44,15
1376485419,45,14
1376485474,46,12
1376485540,48,11
1376485551,49,10
1376485617,50,9
1376486022,49,10
1376486031,48,11
1376486138,45,14
1376486222,47,12
1376486310,46,13
1376486548,47,12
1376486652,46,13
1376486736,45,14
1376486776,45,14
1376486848,45,14
1376486907,45,14
1376486964,44,15
1376487020,44,15
1376487087,45,14
1376487104,45,14
1376487198,45,14
1376487245,46,13
1376487461,46,13
1376487517,45,14
1376487556,45,14
1376487631,46,13
1376487657,47,12
1376487761,48,11
1376488060,48,11
1376488085,49,10
1376488284,48,11
1376488470,47,12
1376488832,45,14
1376488948,45,14
1376488984,47,12
1376489261,48,11
1376489291,48,11
1376489503,45,14
1376489506,44,15
1376489637,45,14
1376489984,44,15
1376490036,43,16
1376490104,43,16
1376490157,43,16
1376490333,43,16
1376490397,43,16
1376490453,45,14
1376490518,45,14
1376490532,45,14
1376490701,45,14
1376490763,45,14
1376490804,45,14
1376490882,45,14
1376490975,45,14
1376491037,46,13
1376491355,43,16
1376491418,39,20
1376491508,37,22
1376491592,37,22
1376491654,38,21
1376491701,39,20
1376491843,39,20
1376492004,37,22
1376492050,37,22
1376492138,38,21
1376492179,39,20
1376492224,39,20
1376492299,39,20
1376492341,40,19
1376492494,38,21
1376492822,37,22
1376492918,37,22
1376492935,38,21
1376493397,36,23
1376493410,35,24
1376493495,36,23
1376493574,35,24
1376493688,36,23
1376493742,35,24
1376493944,34,25
1376493989,33,26
1376494047,32,27
1376494176,31,28
1376494226,31,28
1376494277,32,27
1376494357,34,25
1376494403,35,24
1376494532,36,23
1376494699,37,22
1376494774,38,21
1376494833,40,19
1376494859,41,18
1376494963,41,17
1376495016,41,18
1376495077,41,18
1376495119,41,18
1376495191,41,18
1376495318,41,18
1376495355,41,18
1376495593,41,18
1376495647,40,19
1376495725,41,18
1376495923,40,18
1376495926,40,19
1376496056,38,21
1376496130,39,20
1376496343,39,20
1376496352,40,19
1376496458,41,18
1376496495,42,17
1376496574,42,17
1376496934,41,18
1376496987,40,19
1376497019,41,18
1376497354,42,17
1376497483,43,16
1376497519,42,17
1376497601,44,15
1376497692,44,15
1376497752,45,14
1376498117,45,14
1376498246,45,14
1376498314,45,14
1376498379,46,13
1376498412,47,12
1376498498,49,10
1376498601,50,9
1376498771,49,10
1376498891,50,9
1376498970,49,10
1376499026,48,11
1376499082,50,9
1376499158,52,7
1376499220,53,6
1376499277,52,7
1376499443,53,6
1376499548,54,5
1376499632,53,6
1376499650,53,6
1376499763,53,6
1376499793,53,6
1376499871,54,5
1376499966,53,6
1376500162,53,6
1376500228,54,5
1376500279,55,4
1376500387,56,3
1376500476,57,2
1376500844,57,2
1376501114,56,3
1376501261,55,4
1376501275,57,2
1376501430,56,3
1376502034,56,3
1376502513,56,3
1376502546,57,1
1376502604,56,2
1376502796,57,1
1376503399,57,2
1376503842,58,1
1376503867,57,2
1376504470,57,2
1376505042,56,2
1376505060,56,3
1376505155,55,4
1376505222,55,4
1376505277,53,6
1376505330,54,5
1376505385,55,4
1376505942,55,4
1376506003,57,2
1376506113,56,3
1376506174,56,3
1376506222,56,3
1376506270,57,2
1376506873,57,2
1376506936,56,3
1376507226,57,2
1376507829,57,2
1376508103,56,3
1376508707,56,3
1376509182,55,4
1376509301,56,3
1376509656,57,2
1376509730,56,2
1376509843,56,3
1376509897,56,3
1376509956,56,3
1376510010,57,2
1376510614,57,2
1376511217,57,2
1376511821,57,2
1376512424,57,2
1376513028,57,2
1376513631,57,2
1376514235,57,2
1376514838,57,2
1376514941,56,3
1376514980,54,5
1376515129,53,6
1376515302,54,5
1376515325,55,4
1376515929,55,4
1376516533,55,4
1376517136,55,4
1376517740,55,4
1376517774,54,5
1376518378,54,5
1376518981,54,5
1376519493,52,7
1376520096,52,7
1376520700,52,7
1376521304,52,7
1376521907,52,7
1376522511,52,7
1376523115,52,7
1376523609,51,8
1376523671,51,8
1376524275,51,8
1376524879,51,8
1376525482,51,8
1376526086,51,8
1376526689,51,8
1376527089,52,7
1376527692,52,7
1376528296,52,7
1376528899,52,7
1376529503,52,7
1376529800,52,7
1376529933,52,7
1376530537,52,7
1376531140,52,7
1376531744,52,7
1376532347,52,7
1376532951,52,7
1376533554,52,7
1376534158,52,7
1376534762,52,7
1376535366,52,7
1376535969,52,7
1376536573,52,7
1376537177,52,7
1376537781,52,7
1376538385,52,7
1376538988,52,7
1376539592,52,7
1376540196,52,7
1376540799,52,7
1376541403,52,7
1376542006,52,7
1376542610,52,7
1376543213,52,7
1376543817,52,7
1376544420,52,7
1376545024,52,7
1376545628,52,7
1376546087,51,8
1376546690,51,8
1376547294,51,8
1376547897,51,8
1376548501,51,8
1376549105,51,8
1376549709,51,8
1376550312,51,8
1376550821,51,8
1376550824,50,9
1376551299,50,9
1376551308,51,8
1376551840,51,8
1376551853,52,7
1376552424,52,7
1376552476,53,6
1376553080,53,6
1376553683,53,6
1376554287,53,6
1376554897,54,5
1376554962,53,5
1376554971,54,4
1376555575,54,5
1376556086,55,4
1376556458,55,4
1376556467,56,3
1376557071,56,3
1376557675,56,3
1376557814,54,5
1376557890,53,6
1376558493,53,6
1376558856,50,9
1376559459,50,9
1376560063,50,9
1376560667,50,9
1376561271,50,9
1376561433,49,10
1376561502,50,9
1376561522,49,10
1376562125,49,10
1376562514,49,10
1376562563,50,9
1376562639,52,7
1376563113,52,7
1376563603,52,7
1376563621,53,6
1376564225,53,6
1376564532,53,6
1376564608,54,5
1376564652,54,5
1376564688,55,4
1376564834,56,3
1376564886,55,4
1376565522,55,4
1376565525,54,5
1376566017,55,4
1376566241,55,4
1376566274,52,7
1376566877,52,7
1376567005,51,8
1376567609,51,8
1376567765,52,7
1376568368,52,7
1376568971,52,7
1376569575,52,7
1376569621,51,8
1376569668,51,8
1376569752,52,7
1376569890,53,6
1376570123,52,7
1376570191,52,7
1376570242,52,7
1376570322,51,8
1376570380,51,8
1376570421,50,9
1376570493,52,7
1376570519,53,6
1376570907,53,6
1376570972,54,5
1376571029,53,6
1376571077,54,5
1376571162,54,5
1376571193,52,7
1376571398,48,11
1376571417,48,11
1376571511,51,8
1376571568,50,9
1376571641,52,7
1376571685,52,7
1376571708,53,6
1376572311,53,6
1376572817,51,8
1376573044,52,7
1376573453,52,7
1376573517,52,7
1376573619,53,6
1376574071,52,7
1376574675,52,7
1376575279,52,7
1376575442,51,8
1376576081,50,9
1376576226,50,9
1376576267,51,8
1376576841,50,9
1376576920,49,10
1376577523,49,10
1376577838,50,9
1376577970,49,10
1376578533,50,9
1376578623,51,8
1376578720,50,8
1376578748,51,8
1376578821,52,7
1376578929,52,7
1376578992,54,5
1376579595,54,5
1376580199,54,5
1376580397,53,6
1376580458,52,7
1376580506,52,7
1376580551,52,7
1376580610,52,7
1376580735,53,6
1376581291,53,6
1376581339,56,3
1376581943,56,3
1376582307,55,4
1376582425,54,5
1376582485,56,3
1376583089,56,3
1376583382,55,4
1376583985,55,4
1376584115,54,5
1376584177,55,4
1376584223,54,5
1376584402,55,4
1376584457,54,5
1376584518,55,4
1376585094,56,3
1376585697,56,3
1376586301,56,3
1376586905,55,4
1376587413,57,2
1376587482,56,3
1376588086,56,3
1376588363,54,5
1376588432,54,5
1376588621,54,5
1376588641,56,3
1376589244,56,3
1376589580,55,4
1376589813,54,5
1376590416,54,5
1376590874,54,5
1376590919,55,4
1376591071,56,3
1376591675,56,3
1376592279,56,3
1376592882,56,3
1376593486,56,3
1376594090,56,3
1376594263,56,3
1376594266,55,4
1376594892,54,5
1376595495,54,5
1376596099,54,5
1376596234,53,6
1376596282,53,6
1376596417,52,7
1376596481,51,8
1376596557,51,8
1376596658,51,8
1376596729,52,7
1376596839,53,6
1376597366,52,7
1376597622,49,10
1376597673,48,11
1376597802,50,9
1376597863,52,7
1376598514,53,6
1376598542,54,5
1376599146,54,5
1376599783,53,6
1376600073,51,8
1376600676,51,8
1376601161,51,8
1376601206,52,7
1376601642,50,9
1376602158,51,8
1376602684,49,10
1376603288,49,10
1376603891,49,10
1376604495,49,10
1376604582,50,9
1376604601,50,9
1376605205,50,9
1376605809,50,9
1376606412,50,9
1376607016,50,9
1376607619,50,9
1376608223,50,9
1376608826,50,9
1376609430,50,9
1376610034,50,9
1376610638,50,9
1376611241,50,9
1376611845,50,9
1376612075,51,8
1376612679,51,8
1376613283,51,8
1376613567,51,8
1376613592,52,7
1376613656,51,8
1376613746,52,7
1376613814,52,7
1376613874,52,7
1376613941,52,7
1376614002,52,6
1376614014,53,6
1376614168,54,5
1376614192,53,6
1376614302,53,6
1376614312,54,5
1376614915,54,5
1376615519,54,5
1376616201,54,5
1376616804,54,5
1376617408,54,5
1376618012,54,5
1376618616,54,5
1376619219,54,5
1376619823,54,5
1376620427,54,5
1376621031,54,5
1376621672,53,6
1376622275,53,6
1376622879,53,6
1376623482,53,6
1376624086,53,6
1376624690,53,6
1376625294,53,6
1376625897,53,6
1376626501,53,6
1376627104,53,6
1376627708,53,6
1376628312,53,6
1376628915,53,6
1376629519,53,6
1376630122,53,6
1376630726,53,6
1376631329,53,6
1376631933,53,6
1376632537,53,6
1376632698,52,7
1376633302,52,7
1376633905,52,7
1376634420,53,6
1376635023,53,6
1376635296,53,6
1376635337,54,5
1376635899,54,5
1376635903,53,6
1376636356,54,5
1376636960,54,5
1376637563,54,5
1376638167,54,5
1376638494,53,6
1376638762,52,7
1376638842,51,8
1376638865,51,8
1376639468,51,8
1376639703,50,9
1376639958,49,10
1376640093,48,11
1376640245,46,13
1376640516,46,12
1376640568,48,11
1376640597,49,10
1376640690,48,11
1376640744,48,11
1376640821,49,10
1376640907,51,8
1376640982,52,7
1376641215,51,8
1376641467,50,9
1376641507,48,11
1376641660,49,10
1376642264,49,10
1376642377,49,10
1376642391,50,9
1376642496,50,9
1376642553,48,11
1376642622,47,12
1376642628,45,14
1376643102,43,16
1376643361,42,17
1376643823,42,17
1376643863,41,18
1376643901,41,18
1376644164,39,20
1376644241,39,20
1376644303,41,18
1376644467,40,19
1376644706,41,18
1376644755,42,17
1376645166,41,18
1376645416,40,19
1376645793,40,19
1376645852,40,19
1376645899,39,20
1376645964,39,20
1376646005,40,19
1376646284,40,19
1376646287,39,20
1376646383,37,22
1376646432,37,22
1376646512,39,20
1376646624,39,20
1376646699,38,21
1376646822,38,21
1376646973,38,21
1376647029,38,21
1376647119,38,21
1376647153,39,20
1376647230,38,21
1376647331,38,21
1376647481,38,21
1376647483,39,20
1376647804,40,19
1376647890,38,21
1376648055,38,21
1376648143,40,19
1376648158,39,20
1376648689,38,21
1376648767,37,22
1376648842,36,23
1376649401,38,21
1376649498,38,21
1376649582,38,21
1376649622,37,22
1376649687,36,23
1376649760,36,23
1376649787,34,25
1376649864,35,24
1376650116,35,24
1376650161,36,23
1376650238,36,23
1376650286,37,22
1376650357,37,22
1376650394,38,21
1376650482,39,20
1376650493,39,20
1376650554,39,20
1376650659,36,23
1376650690,35,24
1376650782,33,26
1376650811,34,25
1376650863,34,25
1376650943,34,25
1376651064,34,25
1376651176,34,25
1376651245,35,24
1376651282,35,24
1376651354,36,23
1376651417,37,22
1376651962,37,22
1376652018,40,19
1376652093,38,21
1376652162,39,20
1376652204,41,18
1376652759,40,19
1376652872,41,18
1376653161,43,16
1376653216,42,17
1376653326,42,17
1376653395,43,16
1376653442,44,15
1376653495,43,16
1376653562,43,16
1376653654,44,15
1376653716,43,16
1376653802,44,15
1376653878,44,15
1376653922,45,14
1376654072,46,13
1376654140,44,15
1376654198,44,15
1376654246,43,16
1376654288,44,15
1376654621,42,16
1376654624,42,17
1376655144,40,19
1376655340,39,20
1376655440,39,20
1376655487,39,20
1376655575,39,20
1376655589,39,20
1376655652,40,19
1376655734,39,20
1376655803,40,19
1376655844,41,18
1376656179,39,20
1376656209,36,23
1376656417,38,21
1376656842,39,20
1376657446,39,20
1376657585,40,19
1376657720,42,17
1376657827,41,18
1376658288,40,19
1376658539,40,19
1376658608,40,19
1376658686,40,19
1376658741,41,18
1376658883,43,16
1376658939,42,17
1376658974,42,17
1376659055,40,19
1376659188,39,20
1376659386,40,19
1376659481,39,19
1376659490,39,20
1376659557,38,21
1376660015,38,21
1376660073,38,21
1376660112,39,20
1376660194,39,19
1376660317,40,18
1376660351,40,18
1376660438,41,17
1376660529,41,17
1376660603,40,18
1376660682,40,18
1376660742,40,18
1376660774,41,17
1376661025,40,18
1376661150,39,19
1376661440,40,19
1376661560,39,20
1376661696,38,21
1376661806,39,20
1376662107,39,20
1376662168,38,21
1376662208,38,21
1376662274,39,20
1376662523,38,21
1376663099,37,22
1376663459,38,21
1376663558,38,21
1376663615,37,22
1376663679,38,21
1376663738,39,20
1376663754,41,18
1376663916,42,17
1376664175,41,18
1376664429,40,19
1376664679,41,18
1376664880,41,18
1376664943,42,17
1376664975,41,18
1376665361,39,19
1376665369,39,20
1376665769,38,21
1376666002,35,23
1376666082,36,23
1376666096,34,25
1376666320,34,25
1376666382,35,24
1376666404,38,21
1376666564,38,21
1376666616,38,21
1376666722,38,21
1376666777,38,21
1376666818,39,20
1376666909,38,21
1376667098,38,21
1376667164,38,20
1376667220,36,22
1376667264,35,23
1376667335,37,21
1376667367,38,21
1376667463,37,22
1376667473,38,21
1376667901,37,22
1376667948,36,23
1376668091,35,24
1376668234,36,23
1376668273,37,22
1376668363,36,23
1376668450,35,24
1376668585,35,24
1376668781,34,25
1376668842,34,25
1376668883,36,23
1376668961,36,23
1376668976,38,21
1376669249,37,22
1376669304,36,23
1376669382,35,24
1376669425,36,23
1376669483,37,22
1376669593,36,23
1376669648,37,22
1376669716,37,21
1376669848,38,20
1376669923,39,19
1376669992,40,18
1376670097,39,19
1376670129,38,20
1376670276,37,21
1376670642,34,24
1376670726,35,24
1376670794,35,23
1376670879,36,22
1376670940,37,21
1376671004,37,21
1376671008,38,20
1376671470,36,22
1376671542,33,25
1376671609,33,25
1376671759,33,25
1376671833,33,25
1376671865,34,24
1376672179,35,23
1376672233,36,22
1376672679,37,21
1376672787,38,20
1376672889,38,20
1376672985,37,21
1376673017,38,20
1376673315,38,20
1376673353,37,21
1376673507,37,21
1376673577,37,21
1376673598,38,20
1376673741,40,18
1376674303,39,19
1376674320,38,20
1376674783,37,21
1376675395,37,21
1376675503,37,21
1376675507,38,20
1376675677,40,18
1376676280,40,18
1376676335,40,18
1376676394,42,16
1376676418,43,15
1376676484,43,15
1376676580,44,13
1376676796,43,14
1376677363,44,13
1376677412,45,13
1376677663,45,13
1376677715,45,13
1376677781,45,13
1376677889,45,13
1376677962,46,12
1376678073,45,13
1376678138,45,13
1376678180,46,12
1376678783,46,12
1376679387,46,12
1376679813,47,11
1376679836,48,10
1376680114,49,9
1376680718,49,9
1376681321,49,9
1376681925,49,9
1376682357,48,10
1376682961,48,10
1376683105,49,9
1376683709,49,9
1376684313,49,9
1376684916,49,9
1376685520,49,9
1376686124,49,9
1376686602,49,9
1376686616,49,9
1376686724,50,9
1376686782,49,9
1376686785,50,9
1376687389,50,9
1376687992,50,9
1376688596,50,9
1376689199,50,9
1376689803,50,9
1376690407,50,9
1376691011,50,9
1376691386,48,11
1376691989,48,11
1376692593,48,11
1376693196,48,11
1376693800,48,11
1376694403,48,11
1376695007,48,11
1376695610,48,11
1376695843,48,11
1376695846,47,12
1376696007,48,11
1376696611,48,11
1376696922,46,13
1376697526,46,13
1376698130,46,13
1376698733,46,13
1376699337,46,13
1376699941,46,13
1376700520,46,13
1376700530,47,12
1376701133,47,12
1376701737,47,12
1376702340,47,12
1376702600,47,12
1376702736,47,12
1376703341,47,12
1376703944,47,12
1376704548,47,12
1376705151,47,12
1376705755,47,12
1376706358,47,12
1376706962,47,12
1376707565,47,12
1376708197,46,13
1376708801,46,13
1376709405,46,13
1376710008,46,13
1376710612,46,13
1376711216,46,13
1376711820,46,13
1376712424,46,13
1376713027,46,13
1376713631,46,13
1376714234,46,13
1376714837,46,13
1376715441,46,13
1376716045,46,13
1376716242,44,15
1376716846,44,15
1376717449,44,15
1376718053,44,15
1376718656,44,15
1376719260,44,15
1376719864,44,15
1376720109,46,13
1376720713,46,13
1376721316,46,13
1376721920,46,13
1376722524,46,13
1376723127,46,13
1376723731,46,13
1376723880,45,14
1376724484,45,14
1376724881,46,13
1376725485,46,13
1376725747,47,12
1376725858,46,13
1376726024,45,14
1376726103,44,15
1376726623,46,13
1376726682,46,13
1376726686,45,14
1376726917,44,15
1376727213,45,14
1376727816,45,14
1376727859,44,15
1376727978,43,16
1376728226,39,20
1376728309,38,21
1376728784,38,21
1376728787,37,22
1376729064,36,23
1376729607,34,25
1376729654,32,27
1376729846,32,27
1376729883,31,28
1376730140,30,29
1376730458,30,29
1376730468,31,28
1376730820,31,28
1376730829,32,27
1376731433,32,27
1376731890,30,29
1376731980,30,29
1376732065,30,29
1376732128,30,29
1376732182,31,28
1376732251,32,27
1376732618,32,27
1376732662,34,25
1376732778,34,25
1376732862,34,25
1376732985,34,25
1376733007,34,25
1376733162,33,26
1376733254,32,27
1376733373,33,26
1376733520,30,29
1376733578,32,27
1376733629,31,28
1376733746,32,27
1376733884,32,27
1376733930,30,29
1376734003,29,30
1376734022,29,30
1376734086,28,31
1376734258,27,32
1376734351,27,32
1376734417,27,31
1376734439,28,30
1376734522,29,29
1376734601,27,31
1376734660,24,34
1376734792,22,36
1376734877,20,38
1376735184,21,37
1376735225,20,38
1376735324,19,39
1376735363,19,39
1376735745,17,41
1376735987,17,41
1376736042,18,40
1376736152,18,40
1376736223,17,41
1376736327,16,42
1376736362,17,41
1376736525,15,43
1376736531,15,43
1376736635,15,43
1376736671,15,43
1376736733,16,42
1376736814,16,42
1376736864,17,41
1376736917,17,41
1376737124,17,41
1376737182,17,41
1376737234,18,40
1376737275,19,39
1376737882,20,38
1376737962,21,37
1376738254,22,36
1376738324,22,36
1376738378,23,35
1376738418,23,35
1376738499,23,35
1376738531,24,34
1376738800,26,32
1376738968,26,32
1376739042,27,31
1376739046,28,30
1376739333,28,30
1376739405,28,30
1376739407,28,30
1376739511,29,29
1376739526,29,29
1376739625,29,29
1376739678,29,29
1376739714,30,28
1376739823,29,29
1376740044,29,29
1376740180,30,28
1376740244,30,28
1376740305,31,27
1376740468,30,28
1376740883,29,29
1376740916,28,30
1376741008,27,31
1376741085,28,30
1376741166,27,31
1376741441,25,33
1376741909,24,34
1376741947,24,34
1376742021,25,33
1376742217,24,33
1376742262,24,34
1376742379,23,35
1376742519,22,36
1376742642,23,35
1376742814,24,34
1376742936,24,34
1376743139,24,34
1376743226,25,33
1376743305,25,33
1376743355,27,31
1376743426,26,32
1376743477,26,32
1376743533,27,31
1376743553,26,32
1376743716,26,32
1376743760,27,31
1376743826,25,33
1376743874,25,33
1376743965,25,33
1376743969,26,32
1376744052,25,33
1376744144,25,33
1376744168,26,32
1376744245,26,32
1376744325,26,32
1376744365,27,31
1376744437,25,33
1376744503,24,34
1376744563,23,35
1376744619,22,36
1376744642,22,36
1376744843,20,38
1376744921,19,39
1376744964,19,39
1376745032,18,40
1376745207,20,38
1376745810,20,39
1376745945,20,39
1376745953,21,38
1376746061,20,39
1376746069,19,40
1376746235,19,40
1376746264,20,39
1376746603,19,40
1376746624,18,41
1376746710,16,43
1376746756,14,45
1376747025,13,46
1376747031,15,44
1376747197,16,43
1376747596,17,42
1376747799,18,41
1376747841,21,38
1376747999,20,39
1376748150,20,39
1376748186,20,38
1376748284,22,36
1376748340,23,35
1376748385,24,34
1376748454,23,35
1376748568,22,36
1376748644,22,36
1376748704,23,36
1376748936,23,36
1376748950,24,35
1376749122,25,34
1376749300,24,35
1376749332,24,35
1376749410,22,37
1376749475,22,37
1376749544,23,36
1376749550,24,35
1376749688,25,34
1376749925,24,35
1376750015,24,35
1376750046,25,34
1376750140,25,34
1376750194,27,31
1376750256,29,29
1376750292,30,28
1376750371,29,28
1376750399,29,29
1376750552,28,30
1376750752,27,31
1376750957,26,32
1376751032,25,33
1376751101,23,35
1376751149,24,34
1376751198,24,34
1376751284,26,32
1376751320,26,32
1376751354,29,28
1376751418,27,30
1376751497,25,32
1376751641,25,32
1376751651,26,31
1376751800,26,31
1376751883,26,31
1376751886,27,30
1376751949,27,30
1376752056,29,28
1376752109,28,29
1376752600,30,27
1376752703,31,26
1376753144,31,26
1376753206,31,26
1376753809,30,29
1376753896,29,30
1376753987,29,30
1376754105,28,31
1376754108,29,30
1376754231,28,31
1376754440,28,31
1376754598,29,30
1376754668,30,29
1376754715,29,30
1376754798,29,30
1376754872,31,28
1376755284,32,27
1376755335,32,27
1376755393,33,26
1376755651,33,26
1376755716,33,26
1376755729,34,25
1376755903,33,26
1376755965,31,28
1376755966,31,28
1376756132,33,26
1376756172,34,25
1376756624,35,24
1376756682,37,22
1376756782,38,21
1376757405,38,21
1376757431,39,20
1376757524,39,20
1376757547,40,19
1376757646,41,18
1376757648,42,17
1376757981,40,19
1376758584,40,19
1376759188,40,19
1376759264,37,22
1376759441,37,22
1376759497,38,21
1376759550,38,21
1376759617,39,20
1376759685,40,19
1376759687,41,18
1376759805,41,18
1376759817,42,17
1376759905,42,17
1376759985,41,18
1376760023,41,18
1376760099,42,17
1376760138,43,16
1376760217,45,14
1376760279,46,13
1376760312,46,13
1376760404,45,14
1376760465,46,13
1376760504,48,11
1376760573,48,11
1376760643,48,11
1376760653,48,11
1376761153,49,10
1376761346,48,11
1376761950,48,11
1376762050,47,12
1376762180,49,10
1376762358,50,9
1376762462,51,8
1376762724,52,7
1376762912,50,9
1376763498,51,8
1376764102,51,8
1376764704,51,8
1376765308,51,8
1376765911,51,8
1376766515,51,8
1376766924,53,6
1376767528,53,6
1376768131,53,6
1376768565,53,6
1376768568,52,7
1376769171,52,7
1376769775,52,7
1376770379,52,7
1376770982,52,7
1376771586,52,7
1376771779,51,8
1376771814,50,9
1376772397,48,11
1376772453,49,10
1376772895,48,11
1376773024,47,12
1376773627,47,12
1376773981,48,11
1376774290,46,13
1376774893,46,13
1376775497,46,13
1376776100,46,13
1376776704,46,13
1376777308,46,13
1376777911,46,13
1376778515,46,13
1376779119,46,13
1376779722,46,13
1376780326,46,13
1376780929,46,13
1376781533,46,13
1376782136,46,13
1376782740,46,13
1376783344,46,13
1376783947,46,13
1376784551,46,13
1376785155,46,13
1376785337,44,15
1376785941,44,15
1376786382,45,14
1376786986,45,14
1376787589,45,14
1376788193,45,14
1376788796,45,14
1376789001,44,15
1376789605,44,15
1376790208,44,15
1376790812,44,15
1376791415,44,15
1376792019,44,15
1376792622,44,15
1376793226,44,15
1376793829,44,15
1376794197,43,16
1376794801,43,16
1376795405,43,16
1376796008,43,16
1376796612,43,16
1376797215,43,16
1376797818,43,16
1376798422,43,16
1376799025,43,16
1376799629,43,16
1376800233,43,16
1376800836,43,16
1376801440,43,16
1376802044,43,16
1376802648,43,16
1376803252,43,16
1376803856,43,16
1376804460,43,16
1376805063,43,16
1376805667,43,16
1376806270,43,16
1376806874,43,16
1376807357,42,17
1376807960,42,17
1376808564,42,17
1376809043,43,16
1376809516,42,17
1376810120,42,17
1376810723,42,17
1376810750,41,18
1376811353,41,18
1376811957,41,18
1376812560,41,18
1376813164,41,18
1376813767,41,18
1376814371,41,18
1376814644,40,19
1376814647,41,18
1376814794,43,16
1376815065,44,15
1376815094,45,14
1376815139,46,13
1376815619,47,12
1376816143,48,11
1376816264,48,11
1376816314,47,12
1376816367,47,12
1376816970,47,12
1376817124,46,13
1376817728,46,13
1376818303,46,13
1376818355,47,12
1376818478,48,11
1376818919,47,12
1376819523,47,12
1376819583,46,13
1376820187,46,13
1376820791,46,13
1376821394,46,13
1376821997,46,13
1376822132,45,14
1376822356,43,16
1376822682,45,14
1376822744,45,14
1376822804,45,14
1376822815,45,14
1376823379,46,13
1376823514,47,12
1376823599,46,13
1376824202,46,13
1376824806,46,13
1376825410,46,13
1376826014,46,13
1376826617,46,13
1376827221,46,13
1376827315,45,14
1376827529,47,12
1376827961,47,12
1376827964,46,13
1376828568,46,13
1376829172,46,13
1376829631,46,13
1376829654,46,13
1376829908,47,12
1376830511,47,12
1376830717,47,12
1376830726,48,11
1376831330,48,11
1376831474,47,12
1376832078,47,12
1376832516,46,13
1376832663,45,14
