1376208593,12,4
1376209196,12,4
1376209749,11,5
1376210353,11,5
1376210957,11,5
1376211561,11,5
1376212164,11,5
1376212621,12,4
1376212872,12,4
1376212921,13,3
1376213525,13,3
1376214129,13,3
1376214733,13,3
1376215175,12,4
1376215254,13,3
1376215858,13,3
1376215997,12,4
1376216341,13,3
1376216479,11,5
1376217084,11,5
1376217688,11,5
1376217971,10,6
1376218352,11,5
1376218392,12,4
1376218996,12,4
1376219600,12,4
1376220022,12,4
1376220080,12,4
1376220158,13,3
1376220762,13,3
1376220922,13,3
1376221330,12,4
1376221720,10,6
1376222323,10,6
1376222675,11,5
1376223279,11,5
1376223883,11,5
1376224487,11,5
1376224858,9,7
1376225461,9,7
1376225534,8,8
1376225801,7,9
1376225816,6,10
1376226328,5,11
1376226932,5,11
1376227279,5,11
1376227362,5,11
1376227401,6,10
1376227531,4,12
1376227930,4,12
1376227971,2,14
1376228128,4,12
1376228252,3,13
1376228306,3,13
1376228380,3,13
1376228420,1,15
1376228492,1,15
1376228556,1,15
1376228623,2,13
1376228651,1,15
1376228795,1,15
1376228839,1,15
1376228913,2,14
1376228938,3,13
1376229085,3,13
1376229159,3,13
1376229218,4,12
1376229280,2,14
1376229321,2,14
1376229383,2,14
1376229609,2,14
1376229695,3,13
1376229752,4,12
1376229824,4,12
1376229883,4,12
1376229942,5,11
1376229996,5,11
1376230038,6,10
1376230276,7,9
1376230535,5,11
1376230713,4,12
1376230827,4,12
1376230873,5,11
1376230908,6,10
1376231299,6,10
1376231384,7,9
1376231428,8,8
1376231671,9,7
1376232103,9,7
1376232139,10,6
1376232274,9,7
1376232306,9,7
1376232350,10,6
1376232954,10,6
1376233233,10,6
1376233257,10,6
1376233391,10,6
1376233472,12,4
1376233650,11,5
1376233680,12,4
1376234284,12,4
1376234502,11,4
1376234559,10,6
1376235163,10,6
1376235277,10,6
1376235343,10,6
1376235387,10,6
1376235442,10,6
1376235537,11,5
1376236100,11,5
1376236234,12,4
1376236261,12,4
1376236376,12,4
1376236471,13,3
1376237075,13,3
1376237137,11,5
1376237741,11,5
1376238050,13,3
1376238600,12,4
1376238938,12,4
1376239026,11,5
1376239088,10,6
1376239216,9,7
1376239292,11,5
1376239500,10,6
1376239633,12,4
1376239782,12,4
1376239785,11,5
1376240389,11,5
1376240591,9,7
1376240680,9,7
1376240697,10,6
1376240801,10,6
1376240856,11,5
1376240922,11,5
1376240971,11,5
1376241042,11,5
1376241102,10,6
1376241160,11,5
1376241764,11,5
1376242044,12,4
1376242073,13,3
1376242448,13,3
1376242651,13,3
1376242808,13,3
1376243412,13,3
1376244015,13,3
1376244619,13,3
1376245223,13,3
1376245269,13,3
1376245600,12,4
1376245603,13,3
1376246093,11,5
1376246697,11,5
1376247143,10,6
1376247746,10,6
1376247933,9,7
1376248537,9,7
1376249141,9,7
1376249745,9,7
1376250349,9,7
1376250953,9,7
1376251556,9,7
1376252160,9,7
1376252764,9,7
1376253368,9,7
1376253972,9,7
1376254576,9,7
1376255180,9,7
1376255783,9,7
1376256387,9,7
1376256991,9,7
1376257594,9,7
1376258198,9,7
1376258802,9,7
1376259406,9,7
1376259762,9,7
1376259765,10,6
1376260368,10,6
1376260972,10,6
1376261576,10,6
1376262179,10,6
1376262783,10,6
1376263387,10,6
1376263991,10,6
1376264594,10,6
1376265203,11,5
1376265807,11,5
1376266069,10,6
1376266674,10,6
1376267277,10,6
1376267881,10,6
1376268485,10,6
1376268582,10,6
1376268584,9,7
1376269189,9,7
1376269793,9,7
1376270396,9,7
1376270899,9,7
1376271502,9,7
1376272106,9,7
1376272710,9,7
1376273314,9,7
1376273918,9,7
1376274521,9,7
1376275125,9,7
1376275729,9,7
1376276333,9,7
1376276936,9,7
1376277540,9,7
1376278144,9,7
1376278748,9,7
1376279352,9,7
1376279956,9,7
1376280560,9,7
1376281163,9,7
1376281767,9,7
1376281987,10,6
1376282591,10,6
1376283195,10,6
1376283799,10,6
1376284228,9,7
1376284832,9,7
1376285436,9,7
1376285845,8,8
1376286449,8,8
1376286978,7,9
1376287059,7,9
1376287068,8,8
1376287421,8,8
1376287450,9,7
1376287893,8,8
1376288469,7,9
1376288606,6,10
1376288772,7,9
1376289376,7,9
1376289980,7,9
1376290138,6,10
1376290246,5,11
1376290335,4,12
1376290441,3,13
1376291045,3,13
1376291650,3,13
1376291802,3,13
1376291848,5,11
1376292452,5,11
1376293056,5,11
1376293119,4,12
1376293258,5,11
1376293657,4,12
1376293814,3,13
1376294418,4,12
1376294492,3,13
1376294849,4,12
1376295453,4,12
1376295914,3,13
1376296079,2,14
1376296683,2,14
1376297159,1,15
1376297554,2,14
1376297586,3,13
1376298190,3,13
1376298582,1,15
1376298585,0,16
1376298755,0,16
1376298801,0,16
1376299405,0,16
1376300009,0,16
1376300613,0,16
1376301217,0,16
1376301820,0,16
1376301985,1,15
1376302589,1,15
1376303193,1,15
1376303299,1,15
1376303325,1,15
1376303409,1,15
1376303541,1,15
1376303568,2,14
1376304172,2,14
1376304460,1,15
1376304719,0,16
1376305323,0,16
1376305926,0,16
1376306530,0,16
1376307134,0,16
1376307738,0,16
1376307823,0,16
1376307827,1,15
1376308431,1,15
1376308511,2,14
1376309138,3,13
1376309314,4,12
1376309541,3,13
1376309839,3,13
1376309891,4,12
1376310495,4,12
1376311051,3,13
1376311356,3,13
1376311792,2,14
1376312023,1,15
1376312082,1,15
1376312099,2,14
1376312501,1,15
1376312532,1,15
1376312781,0,16
1376313333,0,16
1376313350,0,16
1376313953,0,16
1376314557,0,16
1376314615,0,16
1376314690,1,15
1376315179,0,16
1376315258,0,16
1376315288,0,16
1376315383,1,15
1376315424,0,16
1376315559,1,15
1376315759,0,16
1376316363,0,16
1376316574,1,15
1376317177,1,15
1376317253,2,14
1376317835,2,14
1376317901,3,13
1376317923,4,12
1376318529,4,12
1376318852,5,11
1376318890,6,10
1376319495,6,10
1376319763,6,10
1376319766,7,9
1376319842,8,8
1376320446,8,8
1376320617,7,9
1376320700,8,8
1376321305,8,8
1376321693,9,7
1376321863,10,6
1376322468,10,6
1376322969,9,7
1376323140,8,8
1376323761,9,7
1376323788,8,8
1376324125,9,7
1376324261,9,7
1376324289,10,6
1376324501,11,5
1376324611,11,5
1376324943,10,6
1376325356,11,5
1376325768,10,6
1376326412,10,6
1376326468,8,8
1376326539,7,8
1376326571,7,9
1376326622,8,8
1376327079,8,8
1376327105,9,7
1376327186,10,6
1376327218,9,7
1376327297,9,7
1376327360,10,6
1376327442,10,6
1376327445,11,5
1376327703,10,6
1376328219,10,6
1376328229,11,5
1376328833,11,5
1376329437,11,5
1376329900,11,5
1376329961,12,3
1376329964,11,4
1376330568,11,5
1376330768,11,5
1376330853,10,6
1376330911,10,6
1376330948,10,6
1376331032,11,5
1376331158,10,5
1376331172,10,5
1376331776,10,6
1376332239,10,6
1376332252,11,5
1376332583,10,6
1376332723,10,6
1376332725,11,5
1376333329,11,5
1376333423,10,6
1376333854,10,6
1376333880,11,5
1376334483,11,5
1376335087,11,5
1376335691,11,5
1376336295,11,5
1376336440,9,7
1376336535,9,7
1376336619,10,6
1376336679,10,6
1376336738,11,5
1376337342,11,5
1376337619,10,6
1376338223,10,6
1376338826,10,6
1376339430,10,6
1376340034,10,6
1376340638,10,6
1376341002,10,6
1376341005,9,7
1376341609,9,7
1376342213,9,7
1376342817,9,7
1376343420,9,7
1376344024,9,7
1376344632,8,8
1376345235,8,8
1376345839,8,8
1376346443,8,8
1376347047,8,8
1376347236,9,7
1376347840,9,7
1376348356,10,6
1376348959,10,6
1376349010,9,7
1376349615,9,7
1376350218,9,7
1376350822,9,7
1376351426,9,7
1376352030,9,7
1376352633,9,7
1376352940,9,7
1376352973,10,6
1376353053,11,5
1376353657,11,5
1376354261,11,5
1376354864,11,5
1376355468,11,5
1376356072,11,5
1376356676,11,5
1376357298,11,5
1376357902,11,5
1376358506,11,5
1376359110,11,5
1376359713,11,5
1376360317,11,5
1376360920,11,5
1376361524,11,5
1376362128,11,5
1376362732,11,5
1376363335,11,5
1376363939,11,5
1376364543,11,5
1376365147,11,5
1376365751,11,5
1376366354,11,5
1376366959,11,5
1376367563,11,5
1376368166,11,5
1376368770,11,5
1376369374,11,5
1376369978,11,5
1376370581,11,5
1376371185,11,5
1376371789,11,5
1376372298,10,6
1376372903,10,6
1376373184,9,7
1376373789,9,7
1376373878,9,7
1376373886,10,6
1376374120,9,7
1376374521,10,6
1376374949,9,7
1376375048,10,6
1376375652,10,6
1376375721,9,7
1376375993,8,8
1376376597,8,8
1376376835,7,9
1376376971,8,8
1376377045,8,8
1376377157,7,9
1376377761,7,9
1376378120,6,10
1376378246,7,9
1376378456,6,10
1376378590,5,11
1376379195,5,11
1376379357,4,12
1376379961,4,12
1376380020,5,11
1376380217,6,10
1376380608,5,11
1376381211,5,11
1376381573,6,10
1376381680,5,11
1376382101,5,11
1376382103,6,10
1376382438,6,10
1376382469,6,10
1376382631,4,12
1376382738,3,13
1376382891,4,12
1376383002,2,14
1376383298,1,15
1376383306,0,16
1376383910,0,16
1376384020,1,15
1376384047,0,16
1376384651,0,16
1376384852,1,15
1376384917,1,15
1376385130,2,14
1376385590,0,16
1376386194,0,16
1376386620,0,16
1376387264,1,15
1376387582,0,16
1376387670,0,16
1376387723,1,15
1376387862,1,15
1376387868,0,16
1376388473,0,16
1376388755,1,14
1376388773,0,15
1376389301,1,14
1376389304,2,13
1376389708,1,14
1376389828,0,15
1376389858,0,15
1376389952,1,14
1376390007,0,15
1376390078,0,15
1376390142,1,14
1376390285,1,14
1376390372,2,13
1376390976,2,14
1376391161,2,14
1376391218,2,14
1376391333,3,13
1376391462,3,12
1376391516,4,12
1376391572,3,13
1376391601,4,12
1376392204,4,12
1376392808,4,12
1376393311,2,14
1376393501,2,14
1376393504,3,13
1376393722,4,12
1376394146,2,14
1376394280,2,14
1376394336,3,13
1376394518,3,13
1376394571,4,12
1376394621,4,11
1376394659,5,10
1376395122,4,11
1376395134,3,12
1376395228,1,14
1376395271,2,13
1376395687,1,14
1376395864,0,15
1376396381,0,15
1376396394,0,15
1376396998,0,16
1376397602,0,16
1376398205,0,16
1376398809,0,16
1376399299,0,16
1376399382,1,15
1376399445,1,15
1376399899,2,14
1376400033,3,13
1376400157,4,12
1376400299,4,12
1376400401,4,12
1376400426,4,12
1376400519,4,12
1376400556,4,12
1376400642,5,11
1376400731,5,11
1376400828,5,11
1376400912,6,10
1376400989,6,10
1376401221,7,9
1376401321,6,10
1376401968,5,11
1376402126,4,12
1376402239,5,11
1376402843,5,11
1376403446,5,11
1376403760,6,10
1376403845,4,12
1376404449,4,12
1376405052,4,12
1376405656,4,12
1376406090,5,11
1376406222,5,11
1376406225,6,10
1376406334,7,9
1376406529,5,11
1376407133,5,11
1376407288,5,11
1376407334,6,10
1376407938,6,10
1376408361,7,9
1376408742,8,8
1376408845,7,9
1376409448,7,9
1376409875,6,10
1376409938,5,11
1376410543,5,11
1376411056,5,11
1376411143,7,9
1376411179,8,8
1376411370,9,7
1376411558,10,6
1376411802,10,6
1376411860,10,6
1376411885,10,6
1376411982,10,6
1376411991,11,5
1376412082,11,5
1376412376,10,6
1376412747,9,7
1376412995,9,7
1376413048,10,6
1376413652,10,6
1376414071,9,7
1376414675,9,7
1376414769,7,9
1376414906,8,8
1376415094,8,8
1376415175,10,6
1376415747,11,5
1376415977,10,6
1376416181,9,7
1376416437,8,8
1376416528,7,9
1376417056,7,9
1376417161,6,10
1376417765,6,10
1376417911,5,11
1376418477,4,12
1376419081,4,12
1376419685,4,12
1376420288,4,12
1376420892,4,12
1376421496,4,12
1376422100,4,12
1376422703,4,12
1376423307,4,12
1376423904,6,10
1376424509,6,10
1376425112,6,10
1376425716,6,10
1376426319,6,10
1376426923,6,10
1376427527,6,10
1376428131,6,10
1376428495,4,12
1376428900,5,11
1376428953,6,10
1376429557,6,10
1376430161,6,10
1376430456,7,9
1376431060,7,9
1376431399,6,10
1376431661,6,10
1376431664,5,11
1376431789,4,12
1376432393,4,12
1376432997,4,12
1376433601,4,12
1376434205,4,12
1376434808,4,12
1376435412,4,12
1376435610,3,13
1376436213,3,13
1376436817,3,13
1376437421,3,13
1376437517,2,14
1376438121,2,14
1376438725,2,14
1376439329,2,14
1376439933,2,14
1376440536,2,14
1376441140,2,14
1376441745,2,14
1376442348,2,14
1376442952,2,14
1376443700,2,14
1376444303,2,14
1376444907,2,14
1376445511,2,14
1376446115,2,14
1376446718,2,14
1376447322,2,14
1376447926,2,14
1376448530,2,14
1376449133,2,14
1376449363,3,13
1376449420,4,12
1376450024,4,12
1376450628,4,12
1376451232,4,12
1376451836,4,12
1376452439,4,12
1376453043,4,12
1376453647,4,12
1376454251,4,12
1376454855,4,12
1376455459,4,12
1376455774,3,13
1376456378,3,13
1376456982,3,13
1376457585,3,13
1376458189,3,13
1376458636,2,14
1376458792,1,15
1376459244,0,16
1376459848,0,16
1376460451,0,16
1376461061,0,16
1376461063,1,15
1376461667,1,15
1376462271,1,15
1376462486,0,16
1376463040,0,16
1376463098,0,16
1376463154,1,15
1376463463,0,16
1376464067,0,16
1376464604,0,16
1376465209,0,16
1376465812,0,16
1376466416,0,16
1376467021,0,16
1376467262,1,15
1376467811,0,16
1376468415,0,16
1376468799,0,16
1376468976,0,16
1376469580,0,16
1376469880,1,15
1376469888,2,14
1376470492,2,14
1376471096,2,14
1376471700,2,14
1376472304,2,14
1376472391,3,13
1376472995,3,13
1376473177,4,12
1376473781,4,12
1376474363,3,13
1376474967,3,13
1376475041,1,15
1376475046,0,16
1376475651,0,16
1376476255,0,16
1376476780,0,16
1376477384,0,16
1376477988,0,16
1376478592,0,16
1376478875,0,16
1376478899,0,16
1376479057,0,16
1376479101,0,16
1376479149,1,15
1376479205,2,14
1376479414,1,15
1376479662,1,15
1376479696,2,14
1376480189,1,15
1376480741,1,15
1376480801,1,15
1376480841,2,14
1376480891,1,15
1376481459,2,14
1376481517,2,14
1376481571,2,14
1376481587,3,13
1376482192,3,13
1376482796,3,13
1376483127,2,14
1376483226,0,16
1376483806,0,16
1376483886,1,15
1376483956,1,15
1376483987,2,14
1376484087,1,15
1376484213,2,14
1376484817,2,14
1376485208,1,15
1376485635,0,16
1376485721,0,16
1376485750,0,16
1376485842,1,15
1376485849,0,16
1376486010,0,16
1376486106,0,16
1376486184,1,15
1376486214,0,16
1376486293,0,16
1376486380,2,14
1376487043,2,14
1376487046,3,13
1376487181,2,14
1376487785,2,14
1376488388,2,14
1376488711,1,15
1376488810,2,14
1376488899,3,12
1376489503,3,13
1376489614,2,14
1376490218,2,14
1376490616,3,13
1376490688,3,13
1376490763,3,13
1376490766,4,12
1376491036,5,11
1376491095,5,11
1376491137,6,10
1376491340,7,9
1376491842,8,8
1376491884,8,8
1376492139,8,8
1376492147,9,7
1376492751,9,7
1376492849,9,7
1376492906,9,7
1376493303,8,8
1376493819,9,7
1376493882,10,6
1376493949,9,7
1376494408,7,9
1376494600,10,6
1376494723,8,8
1376494782,10,6
1376494812,9,7
1376494872,8,8
1376495186,9,7
1376495789,9,7
1376495968,8,8
1376496242,9,7
1376496848,10,6
1376496934,9,7
1376496966,10,6
1376497178,10,6
1376497657,10,6
1376497723,11,5
1376497804,9,7
1376498408,9,7
1376498488,10,6
1376499092,10,6
1376499696,10,6
1376499823,10,6
1376499870,10,6
1376500360,10,6
1376500587,9,7
1376500657,9,7
1376501057,8,8
1376501143,7,9
1376501151,8,8
1376501755,8,8
1376502359,8,8
1376502963,8,8
1376503254,9,7
1376503429,9,7
1376504066,8,8
1376504184,7,9
1376504788,7,9
1376504857,7,9
1376504905,7,9
1376504983,8,8
1376505030,8,8
1376505078,10,6
1376505161,9,7
1376505184,10,6
1376505642,10,6
1376505645,9,7
1376506055,7,9
1376506118,7,9
1376506133,7,9
1376506492,6,10
1376506812,4,12
1376506979,5,11
1376507583,5,11
1376508187,5,11
1376508790,5,11
1376509394,5,11
1376509539,5,11
1376509547,6,10
1376509996,5,11
1376510372,3,13
1376510976,3,13
1376511580,3,13
1376512089,4,12
1376512481,3,13
1376512493,3,13
1376512749,4,12
1376513352,4,12
1376513956,4,12
1376514560,4,12
1376515164,4,12
1376515404,5,11
1376516007,5,11
1376516611,5,11
1376517216,5,11
1376517819,5,11
1376518423,5,11
1376519027,5,11
1376519631,5,11
1376520234,5,11
1376520838,5,11
1376521122,4,12
1376521726,4,12
1376522329,4,12
1376522933,4,12
1376523537,4,12
1376524141,4,12
1376524744,4,12
1376525348,4,12
1376525918,3,13
1376526522,3,13
1376527125,3,13
1376527717,3,13
1376527782,4,12
1376528386,4,12
1376528852,3,13
1376529456,3,13
1376530099,3,13
1376530182,3,13
1376530786,3,13
1376531390,3,13
1376531994,3,13
1376532598,3,13
1376533201,3,13
1376533805,3,13
1376534409,3,13
1376534976,2,14
1376535025,2,14
1376535144,2,14
1376535222,2,14
1376535226,3,13
1376535829,3,13
1376536433,3,13
1376537037,3,13
1376537641,3,13
1376538245,3,13
1376538848,3,13
1376539452,3,13
1376540056,3,13
1376540660,3,13
1376541263,3,13
1376541868,3,13
1376542472,3,13
1376543075,3,13
1376543679,3,13
1376544283,3,13
1376544887,3,13
1376545490,3,13
1376546094,3,13
1376546653,2,14
1376547257,2,14
1376547861,2,14
1376548464,2,14
1376548842,2,14
1376548902,1,15
1376549506,1,15
1376550110,1,15
1376550714,1,15
1376551317,1,15
1376551921,1,15
1376552525,1,15
1376553054,0,16
1376553658,0,16
1376554262,0,16
1376554866,0,16
1376555470,0,16
1376556074,0,16
1376556678,0,16
1376557281,0,16
1376557841,0,16
1376557847,1,15
1376557937,1,15
1376558017,2,14
1376558081,2,14
1376558141,2,14
1376558202,3,13
1376558225,2,14
1376558296,2,14
1376558438,3,13
1376558465,2,14
1376558514,1,15
1376558682,2,14
1376558712,1,15
1376559315,1,15
1376559919,1,15
1376560523,1,15
1376561127,1,15
1376561615,0,16
1376561787,0,16
1376561809,1,15
1376562195,2,14
1376562558,3,13
1376562777,2,14
1376563120,2,13
1376563182,3,12
1376563241,4,11
1376563282,3,12
1376563316,4,11
1376563594,5,7
1376564169,4,8
1376564721,5,7
1376565025,5,7
1376565102,5,6
1376565160,5,7
1376565217,7,5
1376565822,7,5
1376565938,7,5
1376565988,7,5
1376566048,7,5
1376566087,8,4
1376566541,8,4
1376566546,6,6
1376567149,6,6
1376567753,6,6
1376568357,6,6
1376568961,6,6
1376569400,4,8
1376569563,3,9
1376569756,1,11
1376570010,2,10
1376570056,3,9
1376570262,4,8
1376570312,5,7
1376570413,4,8
1376570822,1,11
1376571189,0,12
1376571793,0,12
1376572396,0,12
1376573000,0,12
1376573605,0,12
1376573800,1,11
1376573818,0,12
1376573922,0,12
1376573981,1,11
1376574031,0,12
1376574214,0,12
1376574818,0,12
1376575422,0,12
1376576025,0,12
1376576629,0,12
1376577233,0,12
1376577497,0,12
1376577576,1,11
1376577601,0,12
1376578205,0,12
1376578809,0,12
1376579413,0,12
1376580016,0,12
1376580156,0,12
1376580195,0,12
1376580281,0,12
1376580342,0,12
1376580380,2,10
1376580727,0,12
1376581331,0,12
1376581380,2,10
1376581602,2,10
1376581630,3,9
1376581722,2,10
1376581763,2,10
1376581791,2,10
1376581897,1,11
1376581966,1,11
1376582410,2,10
1376582520,2,10
1376582742,2,10
1376582798,2,10
1376582850,3,9
1376582915,5,7
1376582954,3,9
1376583031,5,7
1376583166,5,7
1376583544,5,7
1376583641,5,7
1376583671,6,6
1376583741,7,5
1376583933,4,8
1376584043,5,7
1376584183,5,7
1376584238,6,6
1376584281,6,6
1376584885,6,6
1376585489,6,6
1376586093,6,6
1376586635,6,6
1376586685,7,5
1376586748,7,5
1376586822,8,4
1376586859,9,3
1376587463,9,3
1376588022,9,3
1376588031,10,2
1376588092,9,3
1376588696,9,3
1376589299,9,3
1376589903,9,3
1376589984,9,3
1376590043,9,3
1376590080,10,2
1376590172,9,3
1376590776,9,3
1376590886,8,4
1376591490,8,4
1376592093,8,4
1376592158,6,5
1376592187,2,10
1376592790,2,10
1376593394,2,10
1376593998,2,10
1376594492,2,10
1376594549,2,10
1376594592,3,9
1376595101,2,10
1376595129,3,9
1376595503,2,10
1376596107,2,10
1376596701,2,10
1376596739,3,9
1376597344,3,9
1376597948,3,9
1376598552,3,9
1376598934,1,11
1376599021,2,10
1376599091,3,9
1376599298,4,8
1376599350,5,7
1376599955,5,7
1376600559,5,7
1376601163,5,7
1376601766,5,7
1376602292,6,6
1376602361,5,7
1376602370,6,6
1376602974,6,6
1376603578,6,6
1376604182,6,6
1376604597,5,7
1376605201,5,7
1376605804,5,7
1376606439,6,6
1376607043,6,6
1376607665,6,6
1376607735,7,5
1376608292,7,5
1376608356,7,5
1376608387,8,4
1376608481,7,5
1376608484,8,4
1376609088,8,4
1376609652,9,3
1376610257,9,3
1376610860,9,3
1376611464,9,3
1376612068,9,3
1376612672,9,3
1376613276,9,3
1376613879,9,3
1376614483,9,3
1376615015,8,4
1376615619,8,4
1376616223,8,4
1376616502,8,4
1376617106,8,4
1376617710,8,4
1376618313,8,4
1376618917,8,4
1376619521,8,4
1376620125,8,4
1376620729,8,4
1376621332,8,4
1376621936,8,4
1376622540,8,4
1376623144,8,4
1376623747,8,4
1376624351,8,4
1376624955,8,4
1376625559,8,4
1376626162,8,4
1376626383,9,3
1376626986,9,3
1376627590,9,3
1376628194,9,3
1376628798,9,3
1376629401,9,3
1376630005,9,3
1376630608,9,3
1376631212,9,3
1376631816,9,3
1376632420,9,3
1376633023,9,3
1376633627,9,3
1376634231,9,3
1376634749,11,2
1376634995,12,2
1376635058,11,3
1376635120,10,4
1376635147,10,4
1376635253,11,4
1376635896,11,4
1376635935,12,4
1376636036,11,5
1376636124,10,6
1376636489,9,7
1376636622,9,7
1376636625,8,8
1376637229,8,8
1376637460,8,8
1376637468,9,7
1376638075,9,7
1376638679,9,7
1376639282,9,7
1376639408,10,6
1376640012,10,6
1376640616,10,6
1376641220,10,6
1376641361,9,7
1376641375,8,8
1376641749,7,9
1376642353,7,9
1376642947,8,8
1376643462,9,7
1376644066,9,7
1376644670,9,7
1376645004,10,6
1376645608,10,6
1376646212,10,6
1376646761,9,7
1376646790,11,5
1376647393,11,5
1376647902,11,5
1376647905,12,4
1376648509,12,4
1376649113,12,4
1376649717,12,4
1376649832,12,4
1376650009,12,4
1376650460,11,5
1376650520,10,6
1376651061,9,7
1376651665,9,7
1376651704,7,9
1376651828,6,10
1376652462,6,10
1376652519,6,10
1376652548,4,12
1376652699,3,13
1376652943,3,13
1376652982,2,14
1376653241,2,14
1376653275,3,13
1376653878,3,13
1376654481,3,13
1376655085,3,13
1376655689,3,13
1376655721,1,15
1376655817,0,16
1376656421,0,16
1376656427,1,15
1376656713,2,14
1376657290,0,16
1376657894,0,16
1376658497,0,16
1376658545,1,15
1376658637,0,16
1376658665,1,15
1376658787,2,14
1376659280,1,15
1376659356,0,16
1376659960,0,16
1376660012,0,16
1376660076,2,14
1376660101,0,16
1376660258,0,16
1376660312,2,14
1376660370,1,15
1376660441,1,15
1376660443,0,16
1376660534,0,16
1376660675,1,15
1376661024,0,16
1376661628,0,16
1376662232,0,16
1376662836,0,16
1376663439,0,16
1376664043,0,16
1376664647,0,16
1376664937,0,16
1376664963,0,16
1376665050,1,15
1376665654,1,15
1376665840,1,15
1376665895,2,14
1376665962,4,12
1376665976,5,11
1376666203,5,10
1376666213,6,10
1376666817,6,10
1376667003,7,9
1376667607,7,9
1376667929,7,9
1376667990,8,8
1376668054,6,10
1376668242,7,9
1376668297,8,8
1376668501,9,7
1376668590,9,7
1376668659,9,7
1376668782,10,6
1376668784,10,6
1376669387,10,6
1376669664,9,7
1376669846,10,6
1376670450,10,6
1376670694,10,6
1376670711,11,5
1376670919,10,6
1376671523,10,6
1376672127,10,6
1376672651,9,7
1376673051,9,7
1376673110,9,7
1376673221,10,6
1376673569,8,8
1376674173,8,8
1376674446,7,9
1376675050,7,9
1376675452,6,10
1376675653,5,11
1376676257,5,11
1376676463,5,11
1376676484,7,9
1376677087,7,9
1376677503,8,8
1376677759,7,9
1376678363,7,9
1376678967,7,9
1376679571,7,9
1376680175,7,9
1376680314,7,9
1376680392,7,9
1376680430,8,8
1376680662,7,9
1376680919,7,9
1376680983,7,9
1376681071,8,8
1376681675,8,8
1376682042,8,8
1376682069,8,8
1376682272,8,8
1376682342,8,8
1376682380,9,7
1376682572,10,6
1376682598,11,5
1376683157,12,4
1376683225,13,3
1376683830,13,3
1376684434,13,3
1376685037,13,3
1376685442,14,2
1376685668,13,3
1376686272,13,3
1376686875,13,3
1376687479,13,3
1376687539,14,2
1376688143,14,2
1376688746,14,2
1376689350,14,2
1376689954,14,2
1376690558,14,2
1376691161,14,2
1376691333,12,4
1376691937,12,4
1376692540,12,4
1376693144,12,4
1376693748,12,4
1376694352,12,4
1376694995,12,4
1376695055,12,4
1376695123,12,4
1376695158,13,3
1376695762,13,3
1376696365,13,3
1376696969,13,3
1376697573,13,3
1376698177,13,3
1376698780,13,3
1376699384,13,3
1376699988,13,3
1376700592,13,3
1376701195,13,3
1376701799,13,3
1376702403,13,3
1376702902,13,3
1376702982,13,3
1376702986,13,3
1376703589,13,3
1376704193,13,3
1376704796,13,3
1376705400,13,3
1376705952,12,4
1376706556,12,4
1376707160,12,4
1376707229,13,3
1376707297,14,2
1376707901,14,2
1376708505,14,2
1376709109,14,2
1376709712,14,2
1376710316,14,2
1376710920,14,2
1376711524,14,2
1376712127,14,2
1376712731,14,2
1376713335,14,2
1376713894,15,1
1376714498,15,1
1376715102,15,1
1376715705,15,1
1376716309,15,1
1376716913,15,1
1376717517,15,1
1376718121,15,1
1376718725,15,1
1376718822,15,1
1376718825,14,2
1376719429,14,2
1376720033,14,2
1376720637,14,2
1376721241,14,2
1376721845,14,2
1376722449,14,2
1376723052,14,2
1376723656,14,2
1376724260,14,2
1376724864,14,2
1376725467,14,2
1376726071,14,2
1376726675,14,2
1376727279,14,2
1376727695,15,1
1376728299,15,1
1376728843,15,1
1376728846,14,2
1376729255,13,3
1376729858,13,3
1376730463,13,3
1376730569,14,2
1376731173,14,2
1376731262,13,3
1376731866,13,3
1376732319,12,4
1376732355,11,5
1376732420,11,5
1376732501,13,3
1376732548,14,2
1376732922,13,3
1376732983,13,3
1376732986,14,2
1376733590,14,2
1376733837,13,3
1376734441,13,3
1376734601,11,5
1376735205,11,5
1376735809,11,5
1376736412,11,5
1376736639,11,5
1376736750,11,5
1376736823,11,5
1376736927,11,5
1376736998,12,4
1376737023,13,3
1376737627,13,3
1376737932,13,3
1376738016,11,5
1376738031,11,5
1376738634,11,5
1376738804,11,5
1376738807,12,4
1376739029,10,6
1376739272,9,7
1376739308,9,7
1376739357,10,6
1376739961,10,6
1376740604,9,7
1376740658,8,8
1376740711,8,8
1376740773,9,7
1376740801,10,6
1376741405,10,6
1376742009,10,6
1376742613,10,6
1376743232,9,7
1376743253,8,8
1376743827,8,8
1376743874,10,6
1376744203,9,7
1376744237,9,7
1376744310,9,7
1376744365,10,6
1376744682,8,8
1376745286,8,8
1376745890,8,8
1376746133,9,7
1376746188,8,8
1376746420,8,8
1376746428,9,7
1376746529,9,7
1376746593,9,7
1376746659,11,5
1376746723,8,8
1376747013,7,9
1376747074,7,9
1376747678,7,9
1376747777,8,8
1376748351,7,9
1376748660,6,10
1376749264,6,10
1376749405,7,9
1376749717,5,11
1376750290,4,12
1376750429,2,14
1376750540,3,13
1376750676,4,12
1376750797,6,10
1376750850,7,9
1376750882,8,8
1376751065,7,9
1376751597,6,10
1376752200,6,10
1376752527,7,9
1376752715,8,8
1376752768,9,7
1376752844,9,7
1376753448,9,7
1376753549,9,7
1376753598,6,10
1376753644,6,10
1376753737,6,9
1376753803,7,8
1376753806,8,7
1376754060,7,8
1376754401,7,8
1376754409,8,7
1376754673,7,8
1376754963,8,7
1376755289,7,8
1376755893,7,9
1376755932,6,10
1376756536,6,10
1376757139,6,10
1376757743,6,10
1376758176,4,12
1376758272,4,12
1376758364,4,12
1376758407,6,10
1376758713,4,12
1376759317,4,12
1376759921,4,12
1376760525,4,12
1376760923,3,13
1376760966,4,12
1376761064,4,12
1376761111,3,13
1376761152,4,12
1376761238,2,14
1376761760,1,15
1376761964,1,15
1376762025,0,16
1376762138,1,15
1376762660,1,15
1376762741,2,14
1376762779,3,13
1376762982,2,14
1376763566,3,13
1376764169,3,13
1376764484,3,13
1376764496,4,12
1376765100,4,12
1376765704,4,12
1376766308,4,12
1376766912,4,12
1376767516,4,12
1376767902,4,12
1376767906,5,11
1376768509,5,11
1376768647,3,13
1376768801,4,12
1376769405,4,12
1376770009,4,12
1376770613,4,12
1376771216,4,12
1376771820,4,12
1376772424,4,12
1376773028,4,12
1376773234,3,13
1376773254,2,14
1376773857,2,14
1376774263,1,15
1376774533,0,16
1376775137,0,16
1376775741,0,16
1376776344,0,16
1376776804,0,16
1376776878,0,16
1376777482,0,16
1376778086,0,16
1376778690,0,16
1376779294,0,16
1376779897,0,16
1376780502,0,16
1376781106,0,16
1376781709,0,16
1376782313,0,16
1376782917,0,16
1376783521,0,16
1376784124,0,16
1376784728,0,16
1376785332,0,16
1376785936,0,16
1376786540,0,16
1376787143,0,16
1376787747,0,16
1376788351,0,16
1376788955,0,16
1376789306,0,16
1376789352,0,16
1376789561,0,16
1376790164,0,16
1376790768,0,16
1376791372,0,16
1376791976,0,16
1376792579,0,16
1376793183,0,16
1376793787,0,16
1376794391,0,16
1376794994,0,16
1376795598,0,16
1376796202,0,16
1376796805,0,16
1376797409,0,16
1376798013,0,16
1376798617,0,16
1376799220,0,16
1376799824,0,16
1376800421,0,16
1376800430,1,15
1376801034,1,15
1376801638,1,15
1376802242,1,15
1376802846,1,15
1376803449,1,15
1376804053,1,15
1376804657,1,15
1376805261,1,15
1376805752,1,15
1376805858,1,15
1376805896,2,14
1376806499,2,14
1376807103,2,14
1376807707,2,14
1376808311,2,14
1376808918,1,15
1376809522,1,15
1376810125,1,15
1376810729,1,15
1376811333,1,15
1376811937,1,15
1376812541,1,15
1376812973,0,16
1376813417,0,16
1376813465,1,15
1376813677,1,15
1376813701,2,14
1376813913,2,14
1376813954,3,13
1376814558,3,13
1376815162,3,13
1376815765,3,13
1376816213,2,14
1376816413,1,15
1376816708,0,16
1376816976,1,15
1376817141,2,14
1376817745,2,14
1376818043,1,14
1376818084,0,16
1376818689,0,16
1376819292,0,16
1376819896,0,16
1376820500,0,16
1376821104,0,16
1376821445,1,15
1376822050,1,15
1376822221,0,16
1376822824,0,16
1376823429,0,16
1376824033,0,16
1376824637,0,16
1376825241,0,16
1376825844,0,16
1376826456,0,16
1376826797,0,16
1376826925,0,16
1376826991,1,15
1376827041,1,15
1376827084,2,14
1376827574,0,16
1376827761,0,16
1376827825,0,16
1376827869,1,15
1376827942,1,15
1376827972,2,14
1376828576,2,14
1376828894,0,16
1376829498,0,16
1376830101,0,16
1376830704,0,16
1376831308,0,16
1376831888,2,14
1376832150,3,13
1376832576,3,13
1376832627,4,12
1376832663,5,11
