1376208540,30,25
1376209144,30,25
1376209748,30,25
1376210352,30,25
1376210957,30,25
1376211253,31,24
1376211516,31,24
1376211533,32,23
1376211867,32,23
1376211917,32,23
1376212521,32,23
1376212585,31,24
1376213083,31,24
1376213086,30,25
1376213690,30,25
1376213770,31,24
1376214374,31,24
1376214632,31,24
1376214686,32,23
1376214756,32,23
1376214785,33,22
1376215319,32,23
1376215457,33,22
1376216061,33,22
1376216360,34,21
1376216667,35,20
1376216760,34,21
1376217270,33,22
1376217874,33,22
1376218478,33,22
1376219082,33,22
1376219102,32,23
1376219250,33,22
1376219303,32,23
1376219498,33,22
1376220101,33,22
1376220705,33,22
1376221209,34,21
1376221813,34,21
1376222417,34,21
1376223021,34,21
1376223362,36,19
1376223458,34,21
1376223519,36,19
1376224123,36,19
1376224418,37,18
1376224479,37,18
1376224499,38,17
1376224656,38,17
1376224721,38,17
1376224734,38,17
1376224819,38,17
1376224866,39,16
1376225500,40,15
1376225536,40,15
1376225594,40,15
1376225711,41,14
1376225803,41,14
1376225838,43,12
1376225918,42,12
1376225972,40,15
1376226037,41,14
1376226085,41,14
1376226154,42,13
1376226200,44,11
1376226247,44,11
1376226371,44,11
1376226429,45,10
1376226500,44,11
1376226959,45,10
1376227123,45,10
1376227126,46,9
1376227191,45,10
1376227448,43,12
1376227840,44,11
1376228122,45,10
1376228192,44,11
1376228205,44,11
1376228472,43,12
1376229071,44,11
1376229186,45,10
1376229258,46,9
1376229469,45,10
1376229802,45,10
1376229849,46,9
1376230452,46,9
1376230639,44,11
1376230749,46,9
1376231362,45,10
1376231965,45,10
1376232060,43,12
1376232664,43,12
1376233167,42,13
1376233535,43,12
1376233580,42,13
1376233621,44,11
1376234225,44,11
1376234339,43,12
1376234801,44,11
1376235224,43,12
1376235828,42,13
1376236481,39,16
1376237081,39,16
1376237685,39,16
1376238280,38,17
1376238746,36,19
1376239350,36,19
1376239953,36,19
1376240557,36,19
1376241130,35,20
1376241515,36,19
1376241922,35,20
1376242080,34,21
1376242684,34,21
1376243287,34,21
1376243877,32,23
1376244162,32,23
1376244164,33,22
1376244768,33,22
1376245373,33,22
1376245765,32,23
1376245997,31,24
1376246601,31,24
1376247204,31,24
1376247760,30,25
1376248364,30,25
1376248968,30,25
1376249199,28,27
1376249803,28,27
1376249921,29,26
1376249929,30,25
1376250532,30,25
1376251136,30,25
1376251265,28,27
1376251341,28,27
1376251376,29,26
1376251720,29,26
1376251762,30,25
1376251833,31,24
1376251891,30,25
1376251917,30,25
1376252010,31,24
1376252614,31,24
1376253084,31,24
1376253160,32,23
1376253207,34,21
1376253811,34,21
1376254415,34,21
1376254983,33,22
1376255587,33,22
1376256190,33,22
1376256794,33,22
1376257422,31,24
1376257429,29,26
1376257563,28,27
1376258167,28,27
1376258463,27,28
1376259066,27,28
1376259670,27,28
1376260273,27,28
1376260877,27,28
1376261481,27,28
1376262084,27,28
1376262533,28,27
1376263137,28,27
1376263740,28,27
1376264344,28,27
1376264948,28,27
1376265552,28,27
1376266156,28,27
1376266760,28,27
1376267363,28,27
1376267967,28,27
1376268570,28,27
1376269174,28,27
1376269777,28,27
1376270381,28,27
1376270984,28,27
1376271198,28,27
1376271802,28,27
1376272405,28,27
1376273010,28,27
1376273198,29,26
1376273803,29,26
1376274407,29,26
1376275012,29,26
1376275616,29,26
1376276219,29,26
1376276823,29,26
1376277094,29,26
1376277116,30,25
1376277720,30,25
1376277999,31,24
1376278602,31,24
1376279206,31,24
1376279820,31,24
1376280423,31,24
1376281027,31,24
1376281630,31,24
1376282234,31,24
1376282837,31,24
1376283441,31,24
1376284045,31,24
1376284659,32,23
1376285094,31,24
1376285402,30,25
1376285777,31,24
1376286312,30,25
1376286916,30,25
1376287101,29,26
1376287705,29,26
1376287743,30,25
1376288008,30,25
1376288031,31,24
1376288357,30,25
1376288603,31,24
1376288971,31,24
1376289018,32,23
1376289078,32,23
1376289179,33,22
1376289296,32,23
1376289430,31,24
1376290034,31,24
1376290110,32,23
1376290440,31,24
1376290741,32,23
1376290923,31,24
1376291342,30,25
1376291677,30,25
1376291686,31,24
1376292289,31,24
1376292893,31,24
1376293024,30,25
1376293430,29,26
1376294034,29,26
1376294638,29,26
1376295241,29,26
1376295845,29,26
1376296448,29,26
1376296801,28,27
1376296886,29,26
1376297491,29,26
1376298094,29,26
1376298698,29,26
1376299224,27,28
1376299286,27,28
1376299350,27,28
1376299419,27,28
1376299479,28,27
1376299488,29,26
1376300021,29,26
1376300030,30,25
1376300634,30,25
1376301121,29,26
1376301392,30,25
1376301517,29,26
1376301579,30,25
1376302183,30,25
1376302285,31,24
1376302833,32,23
1376302859,33,22
1376303463,33,22
1376304067,33,22
1376304392,34,21
1376304642,34,21
1376304762,33,22
1376304771,34,21
1376304996,33,22
1376305349,34,21
1376305802,35,20
1376306395,34,21
1376306988,33,22
1376307556,33,22
1376307602,35,20
1376308206,35,20
1376308811,35,20
1376309003,34,21
1376309606,34,21
1376309632,35,20
1376310275,36,19
1376310879,36,19
1376311357,37,18
1376311594,38,17
1376312198,38,17
1376312802,38,17
1376313405,38,17
1376314009,38,17
1376314612,38,17
1376314837,39,16
1376314973,40,15
1376315176,39,16
1376315544,37,18
1376316148,37,18
1376316650,36,19
1376317212,37,18
1376317816,37,18
1376317912,38,17
1376318038,37,18
1376318545,38,17
1376318737,39,16
1376319341,39,16
1376319725,40,15
1376319903,39,16
1376320156,40,15
1376320240,40,15
1376320243,39,16
1376320324,40,15
1376320467,39,16
1376320638,40,15
1376321242,40,15
1376321845,40,15
1376321957,41,14
1376322322,42,13
1376322509,41,14
1376322654,40,15
1376322715,41,14
1376323133,40,15
1376323265,39,16
1376323418,40,15
1376323568,41,14
1376323622,40,15
1376323825,39,16
1376324429,39,16
1376324622,41,14
1376324773,41,14
1376324957,42,13
1376325030,43,12
1376325341,43,12
1376325396,45,10
1376325500,45,10
1376325617,45,10
1376325655,46,9
1376326001,46,9
1376326004,47,8
1376326277,46,9
1376326570,47,8
1376327175,47,8
1376327339,46,9
1376327708,45,10
1376328297,45,10
1376328919,46,9
1376329157,45,10
1376329511,44,11
1376330115,44,11
1376330164,43,12
1376330472,42,13
1376330705,43,12
1376331265,42,13
1376331747,43,12
1376331787,44,11
1376332183,44,11
1376332193,45,10
1376332417,44,11
1376332958,43,12
1376333140,42,13
1376333744,42,13
1376334347,42,13
1376334951,42,13
1376335554,42,13
1376335641,43,12
1376335732,44,11
1376336356,45,10
1376336535,44,11
1376336772,43,12
1376337066,42,13
1376337268,41,14
1376337323,42,13
1376337455,43,12
1376337490,42,13
1376337639,43,12
1376337666,44,11
1376337734,44,11
1376337781,45,10
1376337972,46,9
1376338087,45,10
1376338719,45,10
1376338747,45,10
1376338831,46,9
1376338992,45,10
1376339030,45,10
1376339634,45,10
1376340124,44,11
1376340729,44,11
1376341333,44,11
1376341937,44,11
1376342367,45,10
1376342777,45,10
1376342895,46,9
1376343500,46,9
1376344103,46,9
1376344707,46,9
1376345292,45,10
1376345603,46,9
1376346207,46,9
1376346571,45,10
1376347140,45,10
1376347238,46,9
1376347322,46,9
1376347390,47,8
1376347479,47,8
1376347509,48,7
1376348113,48,7
1376348717,48,7
1376349320,48,7
1376349924,48,7
1376350527,48,7
1376350774,47,8
1376350802,46,9
1376351406,46,9
1376351873,47,8
1376352476,47,8
1376353080,47,8
1376353683,47,8
1376353944,46,9
1376354421,45,10
1376354501,44,11
1376354503,43,12
1376355107,43,12
1376355711,43,12
1376356315,43,12
1376356918,43,12
1376357597,43,12
1376358201,43,12
1376358804,43,12
1376359408,43,12
1376359505,44,11
1376360109,44,11
1376360713,44,11
1376361316,44,11
1376361920,44,11
1376362524,44,11
1376363128,44,11
1376363731,44,11
1376364335,44,11
1376364350,43,12
1376364574,44,11
1376365177,44,11
1376365781,44,11
1376366385,44,11
1376366989,44,11
1376367593,44,11
1376368196,44,11
1376368800,44,11
1376369403,44,11
1376370007,44,11
1376370610,44,11
1376370984,43,12
1376371589,43,12
1376371885,42,13
1376372253,43,12
1376372857,43,12
1376373460,43,12
1376374064,43,12
1376374667,43,12
1376375282,42,13
1376375687,41,14
1376375752,42,13
1376375902,43,12
1376376506,43,12
1376376621,40,15
1376377225,40,15
1376377509,39,16
1376378142,38,17
1376378383,38,17
1376378398,39,16
1376378850,38,17
1376379011,37,18
1376379634,38,17
1376379707,37,18
1376380052,38,17
1376380655,38,17
1376380839,39,16
1376381444,39,16
1376382047,39,16
1376382320,40,15
1376382924,40,15
1376383151,39,16
1376383755,39,16
1376384359,39,16
1376384963,39,16
1376385019,38,17
1376385623,38,17
1376386227,38,17
1376386830,38,17
1376387323,37,18
1376387380,37,18
1376387432,37,18
1376387489,37,18
1376388093,37,18
1376388696,37,18
1376388978,37,18
1376389061,39,16
1376389112,41,14
1376389166,42,13
1376389770,42,13
1376390123,43,12
1376390727,43,12
1376391331,43,12
1376391631,42,13
1376392234,42,13
1376392637,43,12
1376393075,43,12
1376393086,43,12
1376393263,43,12
1376393318,44,11
1376393412,44,11
1376393488,44,11
1376393692,43,12
1376393982,43,12
1376394010,44,11
1376394215,45,10
1376394819,45,10
1376395423,45,10
1376396026,45,10
1376396630,45,10
1376396758,44,11
1376396825,45,10
1376397429,45,10
1376397554,46,9
1376398158,46,9
1376398761,46,9
1376399365,46,9
1376399968,46,9
1376400218,47,8
1376400250,48,7
1376400855,48,7
1376401055,47,8
1376401106,44,11
1376401182,44,11
1376401199,44,11
1376401298,44,11
1376401356,47,8
1376401410,48,7
1376401874,49,6
1376402479,49,6
1376403083,49,6
1376403686,49,6
1376403995,47,8
1376404598,47,8
1376404658,45,10
1376404718,43,12
1376404776,43,12
1376404824,45,10
1376405222,46,9
1376405562,47,8
1376405607,49,6
1376405650,50,5
1376406248,51,4
1376406398,52,3
1376407002,52,3
1376407597,51,4
1376407646,52,3
1376407675,53,2
1376407738,54,1
1376407802,53,2
1376408278,52,3
1376408433,53,2
1376408873,54,1
1376408944,53,2
1376409057,52,3
1376409604,51,4
1376409876,49,6
1376409906,50,5
1376410057,52,3
1376410122,52,3
1376410172,53,2
1376410657,51,4
1376410843,51,4
1376410845,52,3
1376411046,53,2
1376411650,53,2
1376412022,52,3
1376412513,52,3
1376413001,53,2
1376413605,53,2
1376413716,54,1
1376413842,53,2
1376414097,52,3
1376414375,51,4
1376414655,50,5
1376415018,50,5
1376415059,51,4
1376415197,52,3
1376415362,53,2
1376415966,53,2
1376416163,54,1
1376416767,54,1
1376417263,54,1
1376417265,53,2
1376417869,53,2
1376418010,52,3
1376418134,50,5
1376418738,50,5
1376419343,51,4
1376420001,50,5
1376420041,51,4
1376420644,51,4
1376420872,52,3
1376421341,52,3
1376421343,51,4
1376421424,50,5
1376422028,50,5
1376422598,49,6
1376422776,49,6
1376422787,49,6
1376423390,49,6
1376423963,49,6
1376424035,50,5
1376424083,51,4
1376424122,52,3
1376424701,52,3
1376424741,53,2
1376424999,50,5
1376425028,50,5
1376425228,47,8
1376425786,46,9
1376426390,46,9
1376426993,46,9
1376427316,46,9
1376427918,47,8
1376428404,46,9
1376428529,46,9
1376429132,46,9
1376429537,47,8
1376429765,48,7
1376430369,48,7
1376430494,47,8
1376430551,46,9
1376431155,46,9
1376431759,46,9
1376432362,46,9
1376432553,43,12
1376433157,43,12
1376433390,43,12
1376433625,44,11
1376434035,42,13
1376434072,41,14
1376434676,41,14
1376435281,41,14
1376435884,41,14
1376436069,40,15
1376436672,40,15
1376437276,40,15
1376437879,40,15
1376438483,40,15
1376439086,40,15
1376439690,40,15
1376440294,40,15
1376440897,40,15
1376441502,40,15
1376442105,40,15
1376442708,40,15
1376443312,40,15
1376443995,40,15
1376444599,40,15
1376445203,40,15
1376445806,40,15
1376446034,41,14
1376446638,41,14
1376447241,41,14
1376447845,41,14
1376448448,41,14
1376449052,41,14
1376449656,41,14
1376450260,41,14
1376450513,42,13
1376451024,41,14
1376451628,41,14
1376452231,41,14
1376452835,41,14
1376453438,41,14
1376454042,41,14
1376454646,41,14
1376455250,41,14
1376455855,41,14
1376456459,41,14
1376457048,40,15
1376457653,40,15
1376458256,40,15
1376458860,40,15
1376458976,41,14
1376459580,41,14
1376459959,42,13
1376460563,42,13
1376460905,43,12
1376460990,42,13
1376461320,43,12
1376461573,44,11
1376461922,42,13
1376462235,43,12
1376462839,43,12
1376463300,42,13
1376463904,42,13
1376464508,42,13
1376464867,41,14
1376465068,40,15
1376465502,40,15
1376465509,41,14
1376466113,41,14
1376466218,40,15
1376466263,40,15
1376466337,40,15
1376466345,40,15
1376466463,40,15
1376466490,41,14
1376466613,42,13
1376466701,42,13
1376466723,43,12
1376466848,44,11
1376467451,44,11
1376467704,45,10
1376467770,45,10
1376467814,45,10
1376467890,45,10
1376467957,45,10
1376468015,47,8
1376468137,46,9
1376468362,46,9
1376468441,46,9
1376468546,46,9
1376468573,47,8
1376469177,47,8
1376469781,47,8
1376470359,45,10
1376470590,46,9
1376470678,47,8
1376471128,46,9
1376471296,47,8
1376471900,47,8
1376472076,46,9
1376472680,46,9
1376473281,47,8
1376473501,46,9
1376474105,46,9
1376474494,46,9
1376474564,47,8
1376474567,48,7
1376474705,49,6
1376475308,49,6
1376475383,48,7
1376475558,49,6
1376476061,48,7
1376476602,48,7
1376476659,47,8
1376476669,48,7
1376477273,48,7
1376477876,48,7
1376478326,49,6
1376478929,49,6
1376479270,48,7
1376479617,49,6
1376479914,50,5
1376480426,50,5
1376480461,50,5
1376480531,49,6
1376480596,49,6
1376480654,49,6
1376480936,49,6
1376481021,49,6
1376481053,50,5
1376481657,50,5
1376482162,51,4
1376482235,51,4
1376482335,51,4
1376482610,50,5
1376483215,50,5
1376483818,50,5
1376484396,50,4
1376484415,50,5
1376484697,46,9
1376485215,47,8
1376485682,48,7
1376485963,48,7
1376485996,48,7
1376486147,47,8
1376486751,47,8
1376487354,47,8
1376487958,47,8
1376488225,46,9
1376488829,46,9
1376489380,45,10
1376489472,44,11
1376489529,45,10
1376490011,46,9
1376490615,46,9
1376490853,45,10
1376490958,46,9
1376491562,46,9
1376491896,47,8
1376492065,48,7
1376492664,50,5
1376492707,51,4
1376493312,51,4
1376493691,52,3
1376494295,52,3
1376494558,53,2
1376495163,53,2
1376495614,54,1
1376496218,54,1
1376496461,53,2
1376496470,54,1
1376497074,54,1
1376497677,54,1
1376497798,53,2
1376497956,52,3
1376498380,51,4
1376498399,50,5
1376499003,50,5
1376499607,50,5
1376500210,50,5
1376500355,49,6
1376500455,50,5
1376500663,48,6
1376500693,48,7
1376500922,49,6
1376501431,50,5
1376501493,52,3
1376501528,53,2
1376502132,53,2
1376502735,53,2
1376502992,52,3
1376503397,51,4
1376503532,51,4
1376503558,51,4
1376503947,51,4
1376503979,52,3
1376504561,51,4
1376504861,51,4
1376504870,52,3
1376505161,52,3
1376505453,53,2
1376505505,52,3
1376506030,51,4
1376506315,50,5
1376506481,49,6
1376506510,48,7
1376506841,47,8
1376507444,47,8
1376507937,48,7
1376508541,48,7
1376509145,48,7
1376509748,48,7
1376510352,48,7
1376510837,49,6
1376511332,48,7
1376511936,48,7
1376512539,48,7
1376513021,47,8
1376513625,47,8
1376514228,47,8
1376514471,46,9
1376515075,46,9
1376515678,46,9
1376516282,46,9
1376516885,46,9
1376517275,44,11
1376517391,42,13
1376517995,42,13
1376518598,42,13
1376519202,42,13
1376519740,41,14
1376520345,41,14
1376520948,41,14
1376521552,41,14
1376522143,43,12
1376522747,43,12
1376523350,43,12
1376523890,42,13
1376524494,42,13
1376525097,42,13
1376525701,42,13
1376526305,42,13
1376526909,42,13
1376527513,42,13
1376528117,42,13
1376528698,41,14
1376529303,41,14
1376529907,41,14
1376530396,41,14
1376531000,41,14
1376531604,41,14
1376532207,41,14
1376532313,42,13
1376532917,42,13
1376533407,43,12
1376533654,44,11
1376534258,44,11
1376534861,44,11
1376535465,44,11
1376536069,44,11
1376536672,44,11
1376537266,43,12
1376537870,43,12
1376538473,43,12
1376539077,43,12
1376539681,43,12
1376540285,43,12
1376540889,43,12
1376541493,43,12
1376542096,43,12
1376542317,44,11
1376542921,44,11
1376543307,45,10
1376543910,45,10
1376544285,44,11
1376544352,43,12
1376544938,44,11
1376545541,44,11
1376546145,44,11
1376546748,44,11
1376547352,44,11
1376547956,44,11
1376548559,44,11
1376548781,43,12
1376549385,43,12
1376549989,43,12
1376550593,43,12
1376551196,43,12
1376551492,44,11
1376552096,44,11
1376552700,44,11
1376552945,43,12
1376553212,43,12
1376553319,43,12
1376553346,44,11
1376553434,45,10
1376554037,45,10
1376554641,45,10
1376555244,45,10
1376555385,45,10
1376555501,45,10
1376555503,46,9
1376555600,47,8
1376555861,49,6
1376556466,49,6
1376556808,48,7
1376556952,49,6
1376557088,47,8
1376557692,47,8
1376557758,46,9
1376558362,46,9
1376558488,48,7
1376558827,46,9
1376559431,46,9
1376559620,46,9
1376559747,46,9
1376559771,46,9
1376559852,46,9
1376559938,48,7
1376560542,48,7
1376560804,46,9
1376561132,45,10
1376561148,45,10
1376561255,43,12
1376561315,43,12
1376561345,44,11
1376561481,43,11
1376561561,44,11
1376561604,43,12
1376561637,43,12
1376561683,43,12
1376562202,43,12
1376562253,44,11
1376562333,44,11
1376562347,43,12
1376562971,44,11
1376563143,45,10
1376563752,47,8
1376563902,47,8
1376563904,48,7
1376564052,48,7
1376564560,47,8
1376564827,47,8
1376564921,47,8
1376564967,48,7
1376565080,48,6
1376565147,48,7
1376565233,47,8
1376565459,45,10
1376565485,45,10
1376565553,45,10
1376565589,45,10
1376566192,45,10
1376566600,45,10
1376566609,47,8
1376567020,48,7
1376567186,48,7
1376567348,48,7
1376567444,48,7
1376567980,48,7
1376567983,47,8
1376568084,48,7
1376568687,48,7
1376568963,48,7
1376569026,49,6
1376569630,49,6
1376569741,48,7
1376570345,48,7
1376570907,49,6
1376570974,49,6
1376571210,50,5
1376571237,51,4
1376571327,51,4
1376571348,52,3
1376571721,50,5
1376571986,49,6
1376572340,50,5
1376572412,50,5
1376572656,49,6
1376573260,49,6
1376573583,50,5
1376574001,49,6
1376574564,44,11
1376574628,44,11
1376574687,44,11
1376574754,44,11
1376575357,44,11
1376575443,42,13
1376576048,42,13
1376576471,43,12
1376576607,43,12
1376576669,44,11
1376576730,44,11
1376576759,45,10
1376576858,44,11
1376576908,44,11
1376576956,45,10
1376577098,47,8
1376577312,46,9
1376577782,47,8
1376578065,46,9
1376578160,46,9
1376578290,47,8
1376578894,47,8
1376579259,47,8
1376579288,45,10
1376579334,44,11
1376579417,43,12
1376579490,44,11
1376579920,44,11
1376579942,44,11
1376580009,43,12
1376580049,42,13
1376580633,41,14
1376580689,42,13
1376580931,41,14
1376581200,39,16
1376581641,40,15
1376581949,39,16
1376582121,38,17
1376582156,39,16
1376582255,40,15
1376582307,41,14
1376582372,40,15
1376582911,38,17
1376583282,38,17
1376583341,40,15
1376583398,40,15
1376583447,42,13
1376583480,43,12
1376584084,43,12
1376584297,42,13
1376584473,42,13
1376584538,43,12
1376584576,42,13
1376584718,43,12
1376585132,43,12
1376585252,43,12
1376585303,43,12
1376585907,43,12
1376586511,43,12
1376586799,42,13
1376587180,42,13
1376587189,43,12
1376587576,44,11
1376587879,43,12
1376587985,41,14
1376588039,41,14
1376588163,42,13
1376588262,42,12
1376588294,42,13
1376588375,43,12
1376588979,43,12
1376589555,44,11
1376589604,44,11
1376590208,44,11
1376590811,44,11
1376591415,44,11
1376592018,44,11
1376592622,44,11
1376593214,42,13
1376593817,42,13
1376594039,41,14
1376594261,41,14
1376594263,42,13
1376594867,42,13
1376595471,42,13
1376595816,42,13
1376595827,43,12
1376596431,43,12
1376596540,42,13
1376596560,41,14
1376597164,41,14
1376597727,42,13
1376598330,42,13
1376598934,42,13
1376599542,42,13
1376599545,41,14
1376600192,40,15
1376600796,40,15
1376601400,40,15
1376602003,40,15
1376602150,40,15
1376602282,40,15
1376602600,40,15
1376602652,41,14
1376602684,41,14
1376602782,41,14
1376602785,42,13
1376603021,42,13
1376603031,42,13
1376603635,42,13
1376604239,42,13
1376604756,41,14
1376605359,41,14
1376605963,41,14
1376606566,41,14
1376607170,41,14
1376607773,41,14
1376608377,41,14
1376608980,41,14
1376609030,40,15
1376609634,40,15
1376610237,40,15
1376610841,40,15
1376611444,40,15
1376612048,40,15
1376612309,40,15
1376612397,40,15
1376612467,41,14
1376612693,42,13
1376613297,42,13
1376613901,42,13
1376614504,42,13
1376615108,42,13
1376615712,42,13
1376616312,41,14
1376616801,41,14
1376617363,41,14
1376617371,42,13
1376617975,42,13
1376618578,42,13
1376618944,43,12
1376619547,43,12
1376619997,44,11
1376620601,44,11
1376621204,44,11
1376621808,44,11
1376622411,44,11
1376622636,44,11
1376622646,45,10
1376623238,45,10
1376623253,45,10
1376623857,45,10
1376623935,44,11
1376624538,44,11
1376625142,44,11
1376625746,44,11
1376626349,44,11
1376626952,44,11
1376627556,44,11
1376628160,44,11
1376628763,44,11
1376629264,45,10
1376629868,45,10
1376630471,45,10
1376630849,44,11
1376630915,43,12
1376631385,44,11
1376631412,43,12
1376631641,44,11
1376632245,44,11
1376632849,44,11
1376633453,44,11
1376634056,44,11
1376634660,44,11
1376634834,43,12
1376635059,44,11
1376635663,44,11
1376636267,44,11
1376636870,44,11
1376637474,44,11
1376637730,43,12
1376637809,44,11
1376638141,43,12
1376638768,44,11
1376639372,44,11
1376639976,44,11
1376640579,44,11
1376640597,43,12
1376641201,43,12
1376641623,44,11
1376642227,44,11
1376642363,44,11
1376642427,45,10
1376642884,46,9
1376642959,47,8
1376643563,47,8
1376644166,47,8
1376644770,47,8
1376644958,48,7
1376645113,46,9
1376645717,46,9
1376646321,46,9
1376646924,46,9
1376647433,47,8
1376647708,47,8
1376647738,48,7
1376648342,48,7
1376648852,47,8
1376648974,47,8
1376648986,48,7
1376649590,48,7
1376649855,47,8
1376650242,47,8
1376650245,46,9
1376650475,47,8
1376651078,47,8
1376651672,48,7
1376652183,47,8
1376652787,47,8
1376653390,47,8
1376653871,48,7
1376654475,48,7
1376655078,48,7
1376655683,48,7
1376656286,48,7
1376656890,48,7
1376657172,47,8
1376657361,47,8
1376657405,48,7
1376657477,48,7
1376657512,49,6
1376657757,48,7
1376658360,48,7
1376658881,47,7
1376658897,47,8
1376659123,48,7
1376659159,48,7
1376659216,48,7
1376659346,48,7
1376659412,48,7
1376659443,48,7
1376659551,47,8
1376659706,48,7
1376660310,48,7
1376660610,49,6
1376661214,49,6
1376661818,49,6
1376661920,48,7
1376662480,49,6
1376663084,49,6
1376663373,48,7
1376663443,49,6
1376664048,49,6
1376664160,49,6
1376664197,50,5
1376664397,49,6
1376665000,49,6
1376665604,49,6
1376666192,48,7
1376666217,49,6
1376666820,49,6
1376667076,50,5
1376667220,50,5
1376667231,51,4
1376667539,50,5
1376668143,50,5
1376668374,51,4
1376668978,51,4
1376669064,50,5
1376669136,52,3
1376669188,51,4
1376669220,52,3
1376669465,52,3
1376669741,53,2
1376670189,54,1
1376670440,53,2
1376670575,54,1
1376671178,54,1
1376671782,54,1
1376672314,53,2
1376672411,54,1
1376672600,55,0
1376672639,54,1
1376673243,54,1
1376673863,53,2
1376674270,52,3
1376674362,50,5
1376674965,50,5
1376675443,49,6
1376675826,50,5
1376676430,50,5
1376677034,50,5
1376677461,51,4
1376677602,51,4
1376677605,50,5
1376677828,51,4
1376678431,51,4
1376679035,51,4
1376679248,50,5
1376679791,51,4
1376680395,51,4
1376680999,51,4
1376681157,53,2
1376681620,52,3
1376681640,51,4
1376682243,51,4
1376682463,51,4
1376682507,52,3
1376682582,51,4
1376682608,51,4
1376682747,52,3
1376683352,52,3
1376683955,52,3
1376684033,51,4
1376684637,51,4
1376685046,50,5
1376685118,48,7
1376685494,47,8
1376686098,47,8
1376686702,47,8
1376686779,46,9
1376687383,46,9
1376687987,46,9
1376688590,46,9
1376689194,46,9
1376689797,46,9
1376690401,46,9
1376691004,46,9
1376691608,46,9
1376692212,46,9
1376692816,46,9
1376692928,45,10
1376693498,45,10
1376693508,46,9
1376694112,46,9
1376694716,46,9
1376695320,46,9
1376695885,45,10
1376696488,45,10
1376697092,45,10
1376697695,45,10
1376698298,45,10
1376698902,45,10
1376699136,46,9
1376699741,46,9
1376700344,46,9
1376700931,45,10
1376701535,45,10
1376702139,45,10
1376702430,43,12
1376702721,43,12
1376702796,43,12
1376702862,43,12
1376702917,44,11
1376702949,45,10
1376703283,45,10
1376703289,45,10
1376703893,45,10
1376704496,45,10
1376705100,45,10
1376705372,44,11
1376705974,44,11
1376706578,44,11
1376707182,44,11
1376707785,44,11
1376708389,44,11
1376708992,44,11
1376709595,44,11
1376709875,43,12
1376710478,43,12
1376711082,43,12
1376711685,43,12
1376712289,43,12
1376712891,43,12
1376713495,43,12
1376714098,43,12
1376714702,43,12
1376715211,44,11
1376715815,44,11
1376716418,44,11
1376717023,44,11
1376717626,44,11
1376718274,43,12
1376718878,43,12
1376719481,43,12
1376720085,43,12
1376720688,43,12
1376720967,44,11
1376721120,43,12
1376721724,43,12
1376722122,43,12
1376722150,41,14
1376722754,41,14
1376723357,41,14
1376723428,43,12
1376724033,43,12
1376724489,42,13
1376725093,42,13
1376725345,43,12
1376725782,43,12
1376725786,42,13
1376726389,42,13
1376727026,41,14
1376727063,41,14
1376727667,41,14
1376727902,42,13
1376728356,43,12
1376728960,43,12
1376729151,42,13
1376729383,42,13
1376729385,43,12
1376729989,43,12
1376730324,44,11
1376730928,44,11
1376731061,45,10
1376731103,44,11
1376731707,44,11
1376732310,44,11
1376732623,44,11
1376732626,45,10
1376733233,44,11
1376733786,44,11
1376733834,45,10
1376733927,45,10
1376733973,45,10
1376734155,45,10
1376734230,45,10
1376734339,45,10
1376734375,46,9
1376734471,47,8
1376734490,47,8
1376734550,48,7
1376734833,49,6
1376735051,48,7
1376735263,48,7
1376735305,49,6
1376735910,49,6
1376736452,49,6
1376736490,50,5
1376737094,50,5
1376737166,49,6
1376737770,49,6
1376738082,49,6
1376738085,48,7
1376738688,48,7
1376738906,48,7
1376738984,49,6
1376739017,50,5
1376739621,50,5
1376740059,50,5
1376740108,51,4
1376740156,50,5
1376740760,50,5
1376741073,50,5
1376741118,49,6
1376741318,49,6
1376741384,48,7
1376741387,47,8
1376741496,49,6
1376741719,49,6
1376741772,49,6
1376741825,49,6
1376741978,50,5
1376742008,50,5
1376742103,50,5
1376742105,51,4
1376742577,50,5
1376742824,48,7
1376743428,48,7
1376743920,47,8
1376744263,46,9
1376744361,47,8
1376744966,47,8
1376745569,47,8
1376745994,50,5
1376746318,49,6
1376746921,49,6
1376747441,49,6
1376747452,50,5
1376747652,51,4
1376747799,51,4
1376747857,51,3
1376747902,51,3
1376747939,52,2
1376748033,51,3
1376748072,52,2
1376748604,52,2
1376749207,52,3
1376749754,52,3
1376749825,52,2
1376749894,52,2
1376749921,52,2
1376750017,52,2
1376750620,52,3
1376751224,52,3
1376751388,51,4
1376751500,50,5
1376751612,50,5
1376751670,51,4
1376752022,52,3
1376752172,53,2
1376752202,54,1
1376752517,53,2
1376753120,53,2
1376753609,51,4
1376754213,51,4
1376754621,52,3
1376754703,52,3
1376754705,53,2
1376755052,52,3
1376755452,53,2
1376755712,52,3
1376755961,53,2
1376756124,52,3
1376756222,53,2
1376756606,54,1
1376756918,53,2
1376757204,54,1
1376757301,53,2
1376757500,54,1
1376757633,53,2
1376757915,51,4
1376758232,52,3
1376758532,51,4
1376758662,52,3
1376758760,53,2
1376759177,52,3
1376759781,52,3
1376760384,52,3
1376760841,51,4
1376760975,50,5
1376761117,50,5
1376761149,50,5
1376761231,51,4
1376761834,51,4
1376762438,51,4
1376763041,51,4
1376763387,52,3
1376763511,50,5
1376764116,50,5
1376764719,50,5
1376764869,49,6
1376765309,45,10
1376765481,44,11
1376765717,41,14
1376766321,41,14
1376766837,42,13
1376767152,43,12
1376767533,42,13
1376768137,42,13
1376768741,42,13
1376768885,40,15
1376769489,40,15
1376769740,39,16
1376770344,39,16
1376770947,39,16
1376771551,39,16
1376772155,39,16
1376772758,39,16
1376772941,38,17
1376773003,38,17
1376773057,38,17
1376773070,37,18
1376773674,37,18
1376773886,38,17
1376773948,39,16
1376774552,39,16
1376774683,39,16
1376774685,38,17
1376774795,38,17
1376774861,38,17
1376774871,39,16
1376775475,39,16
1376775597,38,17
1376775676,37,18
1376776280,37,18
1376776883,37,18
1376777487,37,18
1376778090,37,18
1376778694,37,18
1376779297,37,18
1376779903,37,18
1376779907,36,19
1376780511,36,19
1376781115,36,19
1376781719,36,19
1376782324,36,19
1376782928,36,19
1376783476,35,20
1376783942,34,21
1376784545,34,21
1376785149,34,21
1376785752,34,21
1376786356,34,21
1376786959,34,21
1376787563,34,21
1376787642,34,21
1376787651,35,20
1376788255,35,20
1376788858,35,20
1376789602,33,22
1376790206,33,22
1376790809,33,22
1376791413,33,22
1376792016,33,22
1376792620,33,22
1376793224,33,22
1376793828,33,22
1376794431,33,22
1376795023,33,22
1376795026,32,23
1376795629,32,23
1376796233,32,23
1376796628,31,24
1376797232,31,24
1376797835,31,24
1376798439,31,24
1376799042,31,24
1376799646,31,24
1376800262,32,23
1376800866,32,23
1376801471,32,23
1376802075,32,23
1376802680,32,23
1376802923,33,22
1376803527,33,22
1376804112,32,23
1376804716,32,23
1376805320,32,23
1376805924,32,23
1376806528,32,23
1376806776,31,24
1376807051,30,25
1376807655,30,25
1376808061,31,24
1376808221,31,24
1376808825,31,24
1376808961,32,23
1376809412,30,25
1376810016,30,25
1376810619,30,25
1376811223,30,25
1376811826,30,25
1376812430,30,25
1376813034,30,25
1376813637,30,25
1376814241,30,25
1376814844,30,25
1376815185,31,24
1376815230,32,23
1376815471,30,25
1376816075,30,25
1376816678,30,25
1376817282,30,25
1376817885,30,25
1376818489,30,25
1376819093,30,25
1376819697,30,25
1376820301,30,25
1376820401,32,23
1376820858,34,21
1376821461,34,21
1376822065,34,21
1376822668,34,21
1376823246,35,20
1376823850,35,20
1376824123,34,21
1376824626,33,22
1376825230,33,22
1376825834,33,22
1376826163,34,21
1376826767,34,21
1376827061,33,22
1376827069,32,23
1376827467,33,22
1376827592,33,22
1376827647,33,22
1376827930,34,21
1376828534,34,21
1376828790,33,22
1376829394,33,22
1376829534,32,23
1376830138,32,23
1376830458,30,25
1376830554,31,24
1376831158,31,24
1376831761,31,24
1376832279,30,25
1376832330,32,23
1376832917,33,22
