1376208475,49,20
1376209079,49,20
1376209657,48,21
1376209685,48,21
1376209751,49,20
1376210304,50,19
1376210863,49,20
1376210866,50,19
1376211470,50,19
1376212074,50,19
1376212181,48,21
1376212484,48,21
1376212487,47,22
1376212658,45,24
1376213263,45,24
1376213297,46,23
1376213338,45,24
1376213924,45,24
1376213938,43,26
1376214101,43,26
1376214120,45,24
1376214220,44,25
1376214231,43,26
1376214770,41,28
1376214835,41,28
1376214941,41,28
1376214984,44,25
1376215032,44,25
1376215089,44,25
1376215291,45,24
1376215373,45,24
1376215480,43,26
1376215513,43,26
1376215587,43,26
1376215650,44,25
1376215703,44,24
1376215769,45,23
1376215818,45,23
1376215901,48,21
1376215943,49,20
1376215993,50,19
1376216032,49,20
1376216256,48,21
1376216307,47,22
1376216366,47,22
1376216438,47,22
1376216490,48,21
1376216522,49,20
1376216854,49,20
1376216912,50,19
1376216949,51,18
1376217055,50,19
1376217659,50,19
1376218263,50,19
1376218481,50,19
1376218501,47,22
1376218740,46,23
1376219011,46,23
1376219029,47,22
1376219143,46,23
1376219146,45,24
1376219322,44,25
1376219334,44,25
1376219701,43,26
1376220304,40,29
1376220420,39,30
1376220520,38,31
1376220571,37,32
1376220907,36,33
1376220997,33,36
1376221149,31,38
1376221224,30,39
1376221297,30,39
1376221312,30,39
1376221620,29,40
1376221840,29,40
1376222001,29,40
1376222071,30,39
1376222144,30,39
1376222174,31,38
1376222320,32,37
1376222378,33,36
1376222412,34,35
1376222550,34,35
1376222614,33,36
1376222683,33,36
1376222695,31,38
1376223299,31,38
1376223818,31,38
1376223862,32,37
1376224004,32,37
1376224061,32,37
1376224118,31,38
1376224158,31,38
1376224208,31,38
1376224295,33,36
1376224357,34,35
1376224412,35,34
1376224435,36,33
1376224614,36,33
1376225064,36,33
1376225127,38,31
1376225460,38,31
1376225560,38,31
1376225615,37,32
1376225703,36,33
1376225758,37,32
1376225953,37,32
1376226012,37,32
1376226093,38,31
1376226159,39,30
1376226216,40,29
1376226253,41,28
1376226305,42,27
1376226641,41,28
1376226681,41,28
1376226731,41,28
1376226778,41,28
1376226863,40,29
1376226919,41,28
1376227066,41,28
1376227207,40,29
1376227266,39,30
1376227345,38,31
1376227422,38,31
1376227438,38,31
1376227496,38,31
1376227598,39,30
1376227626,40,29
1376227721,39,30
1376228322,41,28
1376228334,42,27
1376228430,43,26
1376228451,44,25
1376228528,44,25
1376228622,44,25
1376228654,44,25
1376228733,45,24
1376228804,45,24
1376228826,48,21
1376228923,50,19
1376228932,51,18
1376229000,51,18
1376229084,52,17
1376229212,52,17
1376229274,55,14
1376229305,54,15
1376229909,54,15
1376230085,55,14
1376230291,56,13
1376230307,56,13
1376230425,56,13
1376230527,55,14
1376230600,56,13
1376230651,55,14
1376230690,53,16
1376230770,51,18
1376231104,50,19
1376231200,51,18
1376231213,52,17
1376231366,50,19
1376231434,49,20
1376231490,46,23
1376231622,47,22
1376231678,48,21
1376231738,49,20
1376231803,49,20
1376231862,51,18
1376231911,54,15
1376231960,55,14
1376232250,54,15
1376232376,54,15
1376232430,54,15
1376232533,54,15
1376232597,55,14
1376232661,54,15
1376232731,52,17
1376232808,54,15
1376232919,56,13
1376232991,56,13
1376233138,56,13
1376233270,56,13
1376233364,56,13
1376233367,57,12
1376233431,56,13
1376233646,55,14
1376233668,54,15
1376233753,54,15
1376233835,53,15
1376233895,53,15
1376233943,53,15
1376234022,54,15
1376234025,53,16
1376234132,53,16
1376234171,54,15
1376234212,54,15
1376234321,56,13
1376234325,55,14
1376234397,56,13
1376234494,56,13
1376234682,56,13
1376234687,56,13
1376235291,56,13
1376235790,56,13
1376235903,54,15
1376236001,56,13
1376236058,55,14
1376236083,56,13
1376236301,57,12
1376236362,58,11
1376236413,60,9
1376236477,58,11
1376236534,58,11
1376236584,58,11
1376236623,57,12
1376237163,55,14
1376237768,55,14
1376238216,55,14
1376238252,56,13
1376238333,56,13
1376238458,58,11
1376238515,57,12
1376238596,57,12
1376238731,57,12
1376238880,56,13
1376238900,55,14
1376239120,55,14
1376239171,55,14
1376239242,55,14
1376239296,56,13
1376239310,56,13
1376239405,56,13
1376239475,56,13
1376239592,57,12
1376239654,56,13
1376239674,57,12
1376239843,58,11
1376239884,59,10
1376239949,62,7
1376240356,63,6
1376240550,64,5
1376240682,65,4
1376240737,65,4
1376240899,64,5
1376240979,65,4
1376241032,66,3
1376241069,66,3
1376241150,66,2
1376241203,66,2
1376241626,66,2
1376241821,66,2
1376241875,67,1
1376241925,67,2
1376241981,66,3
1376242571,65,4
1376242773,64,5
1376242954,64,5
1376242999,66,3
1376243067,65,4
1376243135,66,3
1376243152,66,3
1376243217,67,2
1376243285,66,3
1376243890,66,3
1376244224,64,5
1376244516,64,5
1376244535,64,5
1376244630,66,3
1376244845,66,3
1376244927,66,3
1376245277,65,4
1376245881,65,4
1376246486,65,4
1376246916,64,5
1376246978,64,5
1376247013,64,5
1376247053,65,4
1376247173,64,5
1376247615,64,5
1376247704,64,5
1376247923,64,5
1376248527,64,5
1376249066,63,6
1376249110,62,7
1376249715,62,7
1376250319,62,7
1376250801,63,6
1376251046,62,7
1376251113,62,7
1376251717,62,7
1376251849,62,7
1376252453,62,7
1376252901,64,5
1376253222,63,6
1376253309,64,5
1376253669,65,4
1376254273,65,4
1376254764,64,5
1376255369,64,5
1376255467,63,6
1376255916,64,5
1376256205,63,6
1376256283,63,6
1376256328,60,9
1376256386,60,9
1376256501,61,8
1376256557,61,8
1376256635,63,6
1376256662,64,5
1376256761,63,6
1376256782,63,6
1376256827,64,5
1376257432,64,5
1376258019,64,5
1376258031,65,4
1376258560,65,4
1376258608,66,3
1376259199,65,4
1376259436,65,4
1376259475,66,3
1376259606,65,4
1376260210,65,4
1376260814,65,4
1376261338,64,5
1376261479,65,4
1376262083,65,4
1376262342,65,4
1376262345,66,3
1376262571,67,2
1376262633,66,3
1376262656,67,2
1376262712,66,3
1376263339,66,3
1376263387,67,2
1376263454,66,3
1376263705,66,3
1376263761,66,3
1376264364,66,3
1376264968,66,3
1376265572,66,3
1376266176,66,3
1376266781,66,3
1376267384,66,3
1376267988,66,3
1376268592,66,3
1376269196,66,3
1376269761,65,4
1376270366,65,4
1376270970,65,4
1376271811,65,4
1376272415,65,4
1376273019,65,4
1376273622,65,4
1376274226,65,4
1376274830,65,4
1376275434,65,4
1376276037,65,4
1376276641,65,4
1376277246,65,4
1376277849,65,4
1376278453,65,4
1376279057,65,4
1376279661,65,4
1376280264,65,4
1376280868,65,4
1376281472,65,4
1376282075,65,4
1376282679,65,4
1376283283,65,4
1376283887,65,4
1376284453,66,3
1376285058,66,3
1376285662,66,3
1376285812,65,4
1376286417,65,4
1376286636,64,5
1376287240,64,5
1376287598,64,5
1376287607,65,4
1376287809,64,5
1376287952,63,6
1376288532,62,7
1376288690,61,8
1376289295,61,8
1376289356,62,7
1376289431,61,8
1376289939,61,8
1376289949,62,7
1376290012,61,8
1376290112,60,9
1376290579,61,8
1376290618,62,7
1376291005,61,8
1376291078,62,7
1376291130,63,6
1376291178,62,7
1376291295,61,8
1376291353,61,8
1376291425,60,9
1376291850,58,11
1376291900,57,12
1376292522,57,12
1376292525,56,13
1376292693,57,12
1376292818,56,13
1376293422,56,13
1376293996,55,14
1376294293,56,13
1376294358,55,14
1376294408,56,13
1376294497,55,14
1376294507,56,13
1376295112,56,13
1376295697,57,12
1376296302,57,12
1376296775,56,13
1376297380,56,13
1376297984,56,13
1376298461,56,13
1376298464,54,15
1376298752,54,15
1376298820,54,15
1376298861,55,14
1376299308,54,15
1376299720,53,16
1376300317,54,15
1376300350,55,14
1376300954,55,14
1376301399,51,18
1376301699,52,17
1376301738,53,16
1376301799,52,17
1376301881,53,16
1376302296,54,15
1376302901,54,15
1376303007,54,15
1376303081,52,17
1376303122,52,17
1376303162,53,16
1376303580,51,18
1376303741,51,18
1376303777,52,17
1376303849,52,17
1376303893,51,18
1376303926,51,18
1376304103,51,18
1376304120,51,18
1376304220,52,17
1376304282,53,16
1376304337,51,18
1376304455,51,18
1376304479,51,18
1376304553,51,18
1376304598,52,17
1376304738,52,17
1376304782,53,16
1376304881,54,15
1376305473,53,16
1376305486,53,16
1376305829,54,15
1376305890,55,14
1376305954,56,13
1376306199,57,12
1376306259,57,12
1376306302,58,11
1376306359,58,11
1376306442,58,11
1376306490,59,10
1376306560,59,10
1376306563,60,9
1376306635,59,10
1376306707,59,10
1376306746,60,9
1376307070,59,10
1376307151,58,11
1376307176,59,10
1376307553,58,11
1376307994,58,11
1376308053,58,11
1376308094,59,10
1376308184,59,10
1376308213,60,9
1376308293,60,9
1376308375,61,8
1376308506,60,9
1376308597,61,8
1376308607,62,7
1376309211,62,7
1376309815,62,7
1376310102,61,8
1376310160,60,9
1376310260,60,9
1376310328,61,8
1376310916,62,7
1376311049,62,7
1376311232,63,6
1376311294,63,6
1376311386,64,5
1376311722,63,6
1376311761,64,5
1376311896,64,5
1376311956,65,4
1376312016,66,3
1376312120,66,3
1376312149,66,3
1376312262,66,3
1376312264,67,2
1376312370,68,1
1376312430,67,2
1376312563,67,2
1376312567,66,3
1376313171,66,3
1376313330,65,4
1376313398,66,3
1376313459,66,3
1376313519,67,2
1376313559,67,2
1376313592,66,3
1376314196,66,3
1376314801,66,3
1376315040,65,4
1376315645,65,4
1376316249,65,4
1376316393,65,4
1376316406,66,3
1376316521,66,3
1376316560,66,3
1376316595,67,2
1376316686,66,3
1376316714,67,2
1376316809,66,3
1376316875,67,2
1376316932,66,3
1376316954,65,4
1376317049,67,2
1376317114,67,2
1376317162,67,2
1376317192,66,3
1376317796,66,3
1376318400,66,3
1376318907,67,2
1376318951,66,3
1376319556,66,3
1376319760,66,3
1376319770,67,2
1376319910,67,2
1376320115,66,3
1376320162,66,3
1376320283,68,1
1376320356,69,0
1376320394,67,2
1376320923,66,3
1376321527,66,3
1376321788,67,2
1376321970,66,3
1376322043,66,3
1376322068,64,5
1376322338,64,5
1376322348,65,4
1376322555,65,4
1376322635,66,3
1376322675,67,2
1376322756,67,2
1376322814,68,1
1376322881,67,2
1376323027,66,3
1376323085,66,3
1376323177,67,2
1376323243,64,4
1376323267,65,4
1376323389,66,3
1376323479,66,3
1376323510,66,3
1376323599,67,2
1376323661,67,2
1376323740,67,2
1376323963,66,3
1376324315,68,1
1376324466,67,2
1376324916,67,2
1376325037,67,2
1376325203,66,3
1376325579,67,2
1376325627,66,3
1376325646,66,3
1376326165,66,3
1376326351,67,2
1376326378,66,3
1376326601,66,3
1376326622,66,3
1376327017,65,4
1376327261,64,5
1376327323,63,6
1376327333,64,5
1376327937,64,5
1376328032,63,6
1376328194,64,5
1376328326,63,6
1376328640,64,5
1376328703,65,4
1376328751,66,3
1376328973,67,2
1376329341,66,3
1376329369,65,4
1376329703,66,3
1376330059,67,2
1376330367,66,3
1376330606,63,6
1376330652,64,5
1376330731,64,5
1376330802,65,3
1376330805,66,3
1376331349,65,4
1376331521,65,4
1376331542,61,8
1376331689,60,9
1376332231,59,10
1376332329,58,11
1376332509,57,12
1376332661,56,13
1376332711,55,14
1376332842,55,14
1376332854,56,13
1376333009,58,11
1376333118,56,13
1376333614,57,12
1376333646,56,13
1376334039,56,13
1376334089,57,12
1376334122,58,11
1376334623,57,12
1376335058,52,17
1376335096,52,17
1376335701,52,17
1376335769,51,18
1376336254,46,23
1376336301,45,24
1376336361,48,21
1376336578,47,22
1376336680,47,22
1376336980,47,22
1376336983,48,21
1376337568,46,23
1376337760,38,30
1376337819,39,30
1376337834,38,31
1376337935,38,31
1376338007,42,27
1376338008,42,27
1376338612,42,27
1376338952,41,28
1376339555,41,28
1376339922,41,28
1376339965,42,27
1376340031,42,26
1376340081,43,25
1376340162,43,25
1376340179,44,24
1376340279,44,24
1376340304,44,24
1376340377,45,23
1376340452,46,22
1376340494,47,21
1376340582,45,23
1376340600,42,26
1376341204,42,27
1376341808,42,27
1376342412,42,27
1376342971,43,26
1376343576,43,26
1376344179,43,26
1376344434,42,27
1376345037,42,27
1376345659,42,27
1376345730,42,27
1376345802,43,26
1376345918,43,26
1376345964,44,25
1376346003,45,24
1376346280,44,25
1376346323,44,25
1376346393,44,25
1376346513,44,25
1376346578,44,25
1376346598,45,24
1376346936,43,26
1376347122,43,26
1376347131,44,25
1376347222,45,24
1376347255,44,25
1376347352,44,25
1376347402,45,24
1376348007,45,24
1376348612,45,24
1376349216,45,24
1376349282,45,24
1376349550,45,24
1376349697,46,23
1376349797,46,23
1376350401,46,23
1376351004,46,23
1376351608,46,23
1376352213,46,23
1376352816,46,23
1376353420,46,23
1376354024,46,23
1376354628,46,23
1376355231,46,23
1376355835,46,23
1376356173,45,24
1376356231,45,24
1376356338,45,24
1376356374,46,23
1376356978,46,23
1376357582,46,23
1376358209,46,23
1376358754,45,24
1376359359,45,24
1376359963,45,24
1376360566,45,24
1376361170,45,24
1376361774,45,24
1376362378,45,24
1376362981,45,24
1376363585,45,24
1376364189,45,24
1376364793,45,24
1376365397,45,24
1376366001,45,24
1376366605,45,24
1376367209,45,24
1376367812,45,24
1376368416,45,24
1376369020,45,24
1376369624,45,24
1376370227,45,24
1376370831,45,24
1376371435,45,24
1376371740,46,23
1376371790,45,24
1376372064,44,25
1376372274,43,26
1376372879,43,26
1376372981,42,27
1376373326,41,28
1376373930,41,28
1376374029,42,27
1376374380,41,28
1376374456,40,29
1376374589,41,28
1376375035,40,29
1376375481,39,30
1376376093,38,31
1376376553,38,31
1376376689,38,31
1376376758,39,30
1376376799,40,29
1376376827,41,28
1376376938,42,27
1376376980,41,28
1376377049,41,28
1376377094,42,27
1376377698,42,27
1376377893,41,28
1376378026,39,30
1376378576,39,30
1376378711,40,29
1376379215,39,30
1376379226,40,29
1376379306,39,30
1376379435,40,29
1376379583,41,28
1376379876,40,29
1376380058,40,29
1376380106,41,28
1376380233,41,28
1376380274,41,28
1376380417,40,29
1376380429,41,28
1376381033,41,28
1376381429,40,29
1376382034,40,29
1376382638,40,29
1376383242,40,29
1376383846,40,29
1376384451,40,29
1376384696,41,28
1376385030,41,28
1376385071,42,27
1376385147,42,27
1376385223,40,29
1376385674,41,28
1376386278,41,28
1376386813,42,27
1376387343,43,26
1376387948,43,26
1376388320,44,25
1376388365,44,25
1376388450,45,24
1376389054,45,24
1376389122,45,24
1376389136,43,26
1376389242,43,26
1376389245,44,25
1376389736,45,24
1376389822,46,23
1376389897,46,23
1376389908,45,24
1376390021,45,24
1376390025,44,25
1376390278,45,24
1376390555,44,25
1376390660,44,25
1376390741,44,25
1376390766,43,26
1376390922,41,28
1376390947,42,27
1376391021,42,27
1376391157,42,27
1376391215,41,28
1376391281,42,27
1376391334,43,26
1376391511,43,26
1376391583,44,25
1376391617,44,25
1376391690,43,26
1376392115,43,26
1376392229,44,25
1376392340,45,24
1376392540,45,24
1376392544,44,25
1376392717,44,25
1376392753,45,24
1376392822,44,25
1376393426,44,25
1376393794,43,26
1376393812,43,26
1376394282,43,26
1376394285,44,25
1376394451,43,26
1376394701,43,26
1376394732,44,25
1376395297,43,26
1376395421,43,26
1376395542,44,25
1376395602,44,25
1376395662,44,25
1376395721,45,24
1376395745,45,24
1376395937,45,24
1376395997,46,23
1376396031,45,24
1376396192,45,24
1376396309,45,24
1376396343,46,23
1376396822,46,23
1376396868,47,22
1376396965,47,22
1376396992,48,21
1376397299,47,22
1376397506,46,23
1376397782,45,24
1376398063,45,24
1376398075,47,22
1376398679,47,22
1376399081,45,24
1376399685,45,24
1376399832,46,23
1376399958,46,23
1376400026,47,22
1376400103,48,21
1376400140,49,20
1376400251,48,21
1376400326,47,22
1376400795,46,23
1376400982,46,23
1376401035,46,23
1376401535,47,22
1376402140,47,22
1376402623,47,22
1376402626,48,21
1376403102,48,21
1376403126,47,22
1376403224,46,23
1376403276,44,25
1376403880,44,25
1376404482,44,25
1376404485,43,26
1376404707,44,25
1376404814,44,25
1376404871,45,24
1376404954,47,22
1376405017,49,20
1376405080,49,20
1376405137,48,21
1376405178,50,19
1376405442,49,20
1376405452,46,23
1376405586,46,23
1376405676,47,22
1376405801,48,21
1376405859,48,21
1376405876,47,22
1376406063,47,22
1376406144,48,21
1376406747,48,21
1376406804,48,21
1376406879,49,20
1376406927,50,19
1376406979,51,18
1376407043,52,17
1376407222,52,17
1376407259,53,16
1376407351,53,16
1376407400,55,14
1376407473,55,14
1376407499,56,13
1376407722,55,14
1376407773,55,14
1376407896,56,13
1376407918,57,12
1376408015,56,13
1376408068,58,11
1376408093,59,10
1376408396,60,9
1376408736,60,9
1376408764,62,7
1376408947,61,8
1376409197,61,8
1376409324,60,9
1376409350,61,8
1376409523,61,8
1376409582,62,7
1376409600,61,8
1376410204,61,8
1376410363,61,8
1376410405,59,10
1376410463,60,9
1376411068,60,9
1376411118,59,10
1376411381,57,12
1376411585,58,11
1376411638,59,10
1376411822,60,9
1376411955,61,8
1376412181,60,9
1376412335,60,9
1376412582,60,8
1376412640,61,7
1376412682,62,6
1376412750,61,7
1376412865,62,6
1376413168,63,5
1376413235,61,7
1376413294,62,6
1376413899,62,7
1376414021,61,8
1376414080,60,9
1376414608,59,10
1376414672,59,10
1376414834,58,11
1376414964,59,10
1376415036,58,11
1376415091,59,10
1376415138,60,9
1376415223,61,8
1376415281,60,9
1376415292,59,10
1376415399,60,9
1376415450,61,8
1376415518,61,8
1376415550,61,8
1376415593,61,8
1376415660,60,9
1376415749,60,9
1376416218,59,10
1376416282,58,11
1376416343,53,16
1376416601,54,15
1376417206,54,15
1376417811,54,15
1376418042,55,14
1376418086,55,14
1376418128,57,12
1376418461,57,12
1376418471,58,11
1376419075,58,11
1376419229,56,13
1376419272,55,14
1376419506,56,13
1376420134,55,14
1376420190,55,14
1376420430,56,13
1376420469,57,12
1376421074,57,12
1376421258,56,13
1376421462,54,15
1376422067,54,15
1376422670,54,15
1376423274,54,15
1376423588,51,18
1376423714,52,17
1376424318,52,17
1376424692,51,18
1376425057,49,20
1376425349,48,21
1376425381,47,22
1376425985,47,22
1376426589,47,22
1376427194,47,22
1376427798,47,22
1376428402,47,22
1376428896,47,22
1376428960,49,20
1376429564,49,20
1376430168,49,20
1376430450,49,20
1376430937,48,21
1376430996,49,20
1376431046,50,19
1376431066,51,18
1376431160,51,18
1376431204,52,17
1376431808,52,17
1376432022,51,18
1376432219,50,19
1376432823,50,19
1376433368,49,20
1376433973,49,20
1376434384,48,21
1376434987,48,21
1376435282,48,21
1376435887,48,21
1376436490,48,21
1376437094,48,21
1376437698,48,21
1376438134,47,22
1376438738,47,22
1376439342,47,22
1376439947,47,22
1376440550,47,22
1376441154,47,22
1376441759,47,22
1376442363,47,22
1376442967,47,22
1376443570,47,22
1376444174,47,22
1376444610,47,22
1376445214,47,22
1376445818,47,22
1376446422,47,22
1376447026,47,22
1376447629,47,22
1376448233,47,22
1376448837,47,22
1376449442,47,22
1376450046,47,22
1376450649,47,22
1376451253,47,22
1376451857,47,22
1376452462,47,22
1376453065,47,22
1376453669,47,22
1376454273,47,22
1376454877,47,22
1376455480,47,22
1376456084,47,22
1376456688,47,22
1376457292,47,22
1376457895,47,22
1376458499,47,22
1376458565,46,23
1376459169,46,23
1376459769,45,24
1376460366,44,25
1376460443,45,24
1376460837,44,25
1376460898,45,24
1376461195,43,26
1376461799,43,26
1376462037,42,27
1376462201,42,27
1376462236,43,26
1376462380,44,25
1376462984,44,25
1376463282,45,24
1376463373,44,25
1376463487,43,26
1376463859,42,27
1376464204,43,26
1376464318,42,27
1376464508,41,28
1376464644,42,27
1376464766,43,26
1376464893,43,26
1376464924,44,25
1376465025,44,25
1376465247,44,25
1376465851,44,25
1376465907,46,23
1376466211,46,23
1376466385,45,24
1376466430,44,25
1376466788,43,26
1376467243,42,27
1376467271,42,27
1376467321,43,26
1376467926,43,26
1376468530,43,26
1376469135,43,26
1376469739,43,26
1376470343,43,26
1376470479,43,26
1376471081,44,25
1376471496,43,26
1376471741,42,27
1376471763,41,28
1376472222,41,28
1376472226,40,29
1376472830,40,29
1376472930,38,31
1376472997,37,32
1376473057,38,31
1376473115,39,30
1376473560,40,29
1376474165,40,29
1376474703,41,28
1376475201,42,27
1376475309,40,29
1376475489,39,30
1376475763,39,29
1376475785,40,29
1376476055,38,31
1376476203,37,32
1376476448,35,34
1376476537,35,34
1376476658,35,34
1376476749,35,34
1376477196,35,34
1376477408,34,35
1376477458,34,35
1376477904,34,35
1376477977,36,33
1376478025,37,32
1376478078,38,31
1376478109,39,30
1376478505,39,30
1376478576,39,30
1376478625,38,31
1376478692,37,32
1376478725,37,32
1376478881,38,31
1376478930,39,30
1376479482,39,30
1376479542,40,29
1376479545,41,28
1376480149,41,28
1376480753,41,28
1376481149,41,28
1376481199,43,26
1376481577,42,27
1376481636,44,25
1376481684,44,25
1376481763,46,23
1376481919,44,25
1376481997,44,25
1376482046,45,24
1376482096,45,24
1376482161,45,24
1376482216,46,23
1376482303,43,26
1376482317,42,27
1376482649,43,26
1376482677,44,25
1376482742,43,26
1376482864,43,26
1376483294,44,25
1376483898,44,25
1376483965,43,26
1376484032,42,27
1376484463,42,27
1376484475,43,26
1376484534,44,25
1376484636,45,24
1376484701,45,24
1376484704,46,23
1376484883,47,22
1376484938,47,22
1376485002,46,23
1376485033,46,23
1376485179,46,23
1376485189,47,22
1376485411,47,22
1376485582,45,24
1376485618,45,24
1376485808,46,23
1376485899,47,22
1376485927,48,21
1376486324,48,21
1376486333,49,20
1376486901,49,20
1376486970,49,20
1376487574,49,20
1376487598,49,20
1376487661,50,19
1376487942,50,19
1376488008,51,18
1376488122,51,18
1376488124,52,17
1376488381,52,17
1376488458,53,16
1376488690,52,17
1376488821,53,16
1376489055,53,15
1376489140,53,15
1376489201,52,16
1376489503,52,16
1376489658,52,16
1376489895,52,16
1376489955,52,16
1376490029,52,16
1376490249,53,15
1376490461,52,16
1376490524,53,15
1376490565,53,15
1376490917,52,16
1376491053,52,16
1376491071,53,15
1376491381,52,16
1376491705,53,15
1376491947,54,14
1376492220,53,15
1376492405,52,16
1376492723,52,16
1376493293,51,17
1376493897,51,18
1376494200,50,19
1376494838,51,18
1376495067,52,17
1376495094,51,18
1376495220,51,18
1376495298,52,17
1376495564,51,18
1376495623,53,16
1376495683,53,16
1376495715,54,15
1376495803,54,15
1376495839,54,15
1376495905,54,15
1376495975,54,15
1376496076,56,13
1376496461,56,13
1376496524,55,14
1376496540,55,14
1376496675,52,17
1376496821,53,16
1376496882,53,16
1376496932,54,14
1376496963,55,13
1376497164,54,14
1376497202,55,13
1376497262,54,14
1376497467,55,13
1376497588,54,14
1376498126,55,13
1376498733,55,14
1376498972,54,15
1376499281,54,15
1376499284,55,14
1376499499,55,14
1376499527,56,13
1376499643,57,12
1376499698,59,10
1376500003,60,9
1376500424,60,9
1376500477,61,8
1376500508,63,6
1376501112,63,6
1376501199,63,6
1376501222,64,5
1376501418,65,4
1376501604,64,5
1376501640,62,7
1376502245,62,7
1376502862,63,6
1376503388,61,8
1376503598,61,8
1376503654,61,8
1376503697,62,7
1376503959,62,7
1376503969,63,6
1376504170,63,6
1376504526,63,6
1376504827,64,5
1376505284,62,7
1376505620,61,8
1376506183,61,8
1376506186,60,9
1376506482,60,9
1376506485,61,8
1376507016,62,7
1376507097,62,7
1376507648,64,5
1376508256,63,6
1376508444,62,7
1376508623,63,6
1376508666,62,7
1376508870,59,10
1376509473,59,10
1376509943,60,9
1376510022,60,9
1376510054,61,8
1376510198,62,7
1376510706,63,6
1376510779,64,5
1376510856,63,6
1376511460,63,6
1376511522,63,6
1376511580,62,7
1376511638,61,8
1376512243,61,8
1376512603,61,8
1376512630,64,5
1376512680,65,4
1376512781,66,3
1376513385,66,3
1376513596,65,4
1376514002,66,3
1376514606,66,3
1376514666,67,2
1376515270,67,2
1376515874,67,2
1376516478,67,2
1376516681,66,3
1376516706,62,7
1376516783,62,7
1376516857,63,6
1376516920,65,4
1376516982,66,3
1376516985,67,2
1376517589,67,2
1376518072,66,3
1376518173,66,3
1376518580,65,4
1376519081,64,5
1376519143,64,5
1376519560,64,5
1376519595,65,4
1376519706,64,5
1376519795,64,5
1376519856,65,4
1376520460,65,4
1376520822,64,5
1376520883,64,5
1376520886,65,4
1376520955,63,6
1376521062,63,6
1376521130,63,6
1376521268,63,6
1376521433,63,6
1376521540,63,6
1376521581,62,7
1376521614,61,8
1376521738,60,9
1376522342,60,9
1376522959,61,8
1376523356,60,9
1376523961,60,9
1376524566,60,9
1376525171,60,9
1376525774,60,9
1376526251,58,11
1376526822,59,10
1376526876,58,11
1376526890,59,10
1376527494,59,10
1376528099,59,10
1376528703,59,10
1376529307,59,10
1376529911,59,10
1376530515,59,10
1376531005,59,10
1376531609,59,10
1376532213,59,10
1376532817,59,10
1376533421,59,10
1376534024,59,10
1376534612,60,9
1376535216,60,9
1376535820,60,9
1376536424,60,9
1376537028,60,9
1376537631,60,9
1376538235,60,9
1376538839,60,9
1376539443,60,9
1376540046,60,9
1376540651,60,9
1376541255,60,9
1376541858,60,9
1376542462,60,9
1376543066,60,9
1376543670,60,9
1376544273,60,9
1376544658,58,11
1376545262,58,11
1376545399,60,9
1376545463,60,9
1376545528,61,8
1376546132,61,8
1376546736,61,8
1376547340,61,8
1376547903,60,9
1376548507,60,9
1376549111,60,9
1376549440,60,9
1376549443,61,8
1376550048,61,8
1376550651,61,8
1376551255,61,8
1376551859,61,8
1376552464,61,8
1376552695,60,9
1376552921,59,10
1376552932,58,11
1376553521,56,12
1376553603,52,17
1376554208,52,17
1376554811,52,17
1376555416,52,17
1376556020,52,17
1376556624,52,17
1376557233,52,17
1376557534,51,18
1376557756,50,19
1376558361,50,19
1376558741,48,21
1376558796,48,21
1376559399,48,21
1376560004,48,21
1376560329,46,23
1376560388,46,23
1376560453,46,23
1376560514,47,22
1376560556,48,21
1376561160,48,21
1376561764,48,21
1376562162,49,20
1376562204,47,22
1376562276,48,21
1376562331,47,21
1376562382,47,21
1376562436,48,20
1376562482,49,19
1376562830,48,20
1376563003,48,20
1376563013,48,20
1376563285,47,21
1376563524,46,22
1376563556,45,23
1376563941,43,25
1376564545,43,26
1376564769,42,27
1376564900,41,28
1376564980,40,29
1376565101,40,29
1376565161,42,27
1376565217,44,25
1376565278,46,23
1376565323,46,23
1376565380,45,24
1376565521,46,23
1376565570,46,23
1376565631,46,23
1376565727,47,22
1376565795,47,22
1376565828,48,21
1376565939,48,21
1376566047,51,18
1376566121,52,17
1376566177,52,17
1376566188,52,17
1376566302,53,16
1376566345,54,15
1376566419,53,16
1376566474,54,15
1376566513,55,14
1376566565,56,13
1376566707,55,14
1376566763,55,14
1376566790,55,14
1376566887,56,13
1376566922,55,14
1376567526,55,14
1376567621,52,16
1376567636,52,17
1376567990,51,18
1376568090,51,18
1376568148,52,17
1376568216,53,16
1376568461,52,17
1376568490,52,17
1376568604,52,17
1376568659,53,16
1376569049,53,16
1376569099,53,16
1376569225,53,16
1376569289,54,15
1376569421,54,15
1376569835,55,14
1376569903,56,13
1376569932,57,12
1376570047,57,12
1376570142,55,14
1376570167,54,15
1376570309,55,14
1376570334,56,13
1376570435,56,13
1376570527,55,14
1376570979,55,14
1376571033,56,13
1376571093,56,13
1376571144,58,11
1376571488,56,13
1376571618,54,15
1376571664,54,15
1376572091,54,15
1376572174,55,14
1376572349,56,13
1376572420,57,12
1376572481,58,11
1376572555,58,11
1376572655,59,10
1376572995,57,12
1376573116,57,12
1376573180,57,12
1376573317,58,11
1376573424,59,10
1376573712,58,11
1376573863,54,15
1376574085,53,16
1376574152,52,17
1376574221,52,17
1376574277,52,17
1376574319,50,19
1376574445,48,21
1376574788,48,21
1376574878,50,19
1376574940,50,19
1376574992,50,19
1376575054,49,20
1376575107,47,22
1376575236,47,22
1376575282,49,20
1376575424,49,20
1376575428,48,21
1376575854,47,22
1376576109,46,23
1376576322,45,24
1376576339,43,26
1376576430,44,25
1376576592,43,26
1376576738,42,27
1376576848,43,26
1376576915,44,25
1376576970,44,25
1376577035,46,23
1376577095,47,22
1376577134,48,21
1376577206,48,21
1376577281,48,21
1376577326,48,21
1376577393,48,21
1376577407,48,21
1376577522,49,20
1376577580,51,18
1376577607,51,18
1376577644,51,18
1376577848,51,18
1376577972,51,18
1376578049,51,17
1376578121,51,17
1376578127,49,19
1376578229,47,21
1376578539,47,21
1376579142,47,21
1376579163,47,22
1376579222,46,23
1376579320,43,26
1376579358,42,27
1376579673,42,27
1376579736,43,26
1376579775,46,23
1376579852,41,28
1376579914,42,27
1376579976,42,27
1376580029,45,24
1376580102,45,24
1376580114,45,24
1376580323,45,24
1376580376,46,23
1376580507,45,24
1376580638,46,23
1376580656,46,23
1376580748,46,23
1376580801,47,22
1376580842,47,22
1376581003,47,21
1376581049,49,20
1376581116,50,19
1376581170,52,17
1376581233,51,18
1376581302,50,19
1376581356,50,19
1376581416,51,18
1376581474,52,17
1376581536,54,15
1376581594,55,14
1376581628,55,14
1376581718,50,19
1376581733,51,18
1376581874,49,20
1376581980,50,19
1376582078,50,19
1376582118,50,19
1376582212,50,19
1376582281,51,18
1376582353,52,17
1376582499,47,22
1376582568,47,22
1376582662,47,22
1376582735,49,20
1376582862,50,19
1376582905,50,19
1376582962,51,18
1376583041,51,18
1376583102,51,18
1376583160,50,19
1376583246,48,21
1376583522,48,21
1376583568,48,21
1376583631,48,21
1376583671,49,20
1376583881,49,20
1376583938,52,17
1376584053,52,17
1376584121,54,15
1376584333,54,15
1376584400,54,15
1376584603,54,15
1376584650,51,18
1376584705,53,16
1376584830,52,17
1376584869,54,15
1376584961,54,15
1376585006,55,14
1376585074,54,15
1376585136,55,14
1376585150,55,14
1376585238,54,15
1376585316,53,16
1376585375,49,20
1376585427,52,17
1376585479,52,17
1376585543,52,17
1376585621,53,16
1376585649,53,16
1376585694,54,15
1376585896,54,15
1376585976,55,14
1376586029,55,13
1376586086,56,13
1376586569,58,11
1376586641,58,11
1376586645,57,12
1376586758,57,12
1376586797,57,12
1376587153,53,16
1376587203,53,16
1376587268,53,16
1376587475,53,16
1376587501,53,16
1376587558,53,16
1376587744,53,16
1376587788,54,15
1376587891,54,15
1376587954,54,15
1376588255,54,15
1376588368,54,15
1376588386,54,15
1376588494,54,15
1376588530,54,15
1376588801,54,15
1376588827,52,17
1376588909,52,17
1376589076,48,21
1376589162,48,21
1376589211,48,21
1376589246,48,21
1376589439,48,21
1376589495,48,21
1376589551,47,22
1376590183,47,22
1376590231,50,19
1376590399,51,18
1376590541,51,18
1376590600,50,19
1376590795,49,20
1376590924,50,19
1376591290,51,18
1376591646,51,18
1376591907,51,18
1376592512,51,18
1376593117,51,18
1376593128,50,19
1376593766,49,20
1376593821,43,26
1376594426,43,26
1376595036,43,26
1376595046,44,25
1376595213,44,25
1376595320,44,25
1376595634,43,26
1376595702,43,26
1376595728,43,26
1376595790,44,25
1376596394,44,25
1376596806,45,24
1376597410,45,24
1376597528,44,25
1376598127,41,28
1376598212,39,30
1376598244,37,32
1376598366,38,31
1376598580,37,32
1376598642,37,32
1376598698,36,33
1376598713,37,32
1376599060,37,32
1376599071,38,31
1376599166,39,30
1376599202,40,29
1376599806,40,29
1376600202,40,29
1376600316,42,27
1376600351,43,26
1376600957,43,26
1376601207,43,26
1376601279,44,25
1376601884,44,25
1376602488,44,25
1376602718,45,24
1376602775,46,23
1376602881,47,22
1376603486,47,22
1376604090,47,22
1376604693,47,22
1376605297,47,22
1376605901,47,22
1376606430,45,24
1376606606,45,24
1376606674,45,24
1376606737,45,24
1376606969,46,23
1376607264,46,23
1376607868,46,23
1376607958,45,24
1376608175,46,23
1376608223,47,22
1376608589,47,22
1376608643,47,21
1376608687,48,20
1376608727,49,19
1376609332,49,20
1376609433,48,21
1376609923,48,21
1376609982,49,20
1376609985,50,19
1376610455,48,21
1376610560,48,21
1376610634,49,20
1376610690,49,19
1376610733,49,19
1376611039,52,16
1376611644,52,16
1376612249,52,16
1376612853,52,16
1376612938,52,16
1376613020,52,16
1376613624,52,16
1376614227,52,16
1376614720,51,17
1376614783,51,17
1376614801,51,17
1376615405,51,17
1376616009,51,17
1376616612,51,17
1376617408,51,17
1376618012,51,17
1376618615,51,17
1376619219,51,17
1376619823,51,17
1376620427,51,17
1376620930,50,18
1376621534,50,18
1376622138,50,18
1376622742,50,18
1376623346,50,18
1376623949,50,18
1376624553,50,18
1376625157,50,18
1376625761,50,18
1376626365,50,18
1376626974,50,18
1376627579,50,18
1376628182,50,18
1376628786,50,18
1376629390,50,18
1376629995,50,18
1376630599,50,18
1376631203,50,18
1376631263,49,19
1376631559,48,20
1376632163,48,20
1376632766,48,20
1376633370,48,20
1376633975,48,20
1376634579,48,20
1376635183,48,20
1376635528,49,19
1376635555,50,18
1376635904,51,18
1376636056,52,17
1376636378,51,18
1376636982,51,18
1376637642,50,19
1376638061,49,20
1376638076,50,19
1376638285,49,20
1376638889,49,20
1376638951,48,21
1376639545,47,22
1376640149,47,22
1376640495,47,22
1376640582,48,21
1376641186,48,21
1376641411,49,20
1376641457,50,19
1376641608,49,20
1376642212,49,20
1376642816,49,20
1376643100,50,19
1376643103,49,20
1376643211,50,19
1376643306,52,17
1376643452,53,16
1376643922,52,17
1376643996,52,17
1376644281,51,18
1376644885,51,18
1376645489,51,18
1376645717,50,19
1376646321,50,19
1376646924,50,19
1376646992,50,19
1376647181,50,19
1376647228,51,18
1376647413,51,18
1376647448,52,17
1376647542,52,17
1376647576,52,17
1376647655,52,17
1376647736,52,17
1376647834,49,20
1376648438,49,20
1376649043,49,20
1376649080,47,22
1376649149,45,24
1376649260,45,24
1376649317,46,23
1376649359,47,22
1376649455,48,21
1376649690,48,21
1376649743,47,22
1376649931,46,23
1376650535,46,23
1376650646,45,24
1376651251,45,24
1376651442,44,25
1376651657,45,24
1376651787,46,23
1376652391,46,23
1376652443,44,25
1376652502,44,25
1376652557,44,25
1376652641,45,24
1376652697,45,24
1376652872,43,26
1376652935,44,25
1376653122,44,25
1376653175,45,24
1376653238,45,24
1376653245,45,24
1376653360,45,24
1376653421,44,25
1376653528,43,26
1376653575,44,25
1376653883,42,27
1376654487,42,27
1376654582,40,29
1376654743,41,28
1376654853,39,30
1376654947,40,29
1376655206,40,29
1376655461,41,28
1376655490,42,27
1376655550,41,28
1376655630,41,28
1376655699,42,27
1376655836,42,27
1376655936,42,27
1376655977,43,26
1376656422,43,26
1376656424,43,26
1376656496,44,25
1376656599,43,26
1376656618,43,26
1376656718,44,25
1376656836,45,24
1376656940,44,25
1376657071,44,25
1376657261,44,25
1376657314,45,24
1376657410,45,24
1376657484,45,24
1376657517,45,24
1376657599,45,24
1376657649,41,28
1376657775,41,28
1376657819,42,27
1376657967,41,28
1376658278,41,28
1376658299,43,26
1376658717,44,25
1376659300,44,25
1376659311,43,26
1376659413,43,26
1376659436,43,26
1376659517,43,26
1376659580,44,25
1376660184,44,25
1376660790,44,25
1376661395,44,25
1376661990,44,25
1376662109,46,23
1376662173,47,22
1376662229,46,23
1376662270,45,24
1376662516,45,24
1376662596,46,23
1376662694,45,24
1376662775,44,25
1376662826,42,27
1376662947,43,26
1376663007,40,29
1376663144,40,29
1376663162,41,28
1376663316,41,28
1376663372,42,27
1376663436,43,26
1376663479,44,25
1376663538,45,24
1376663605,46,23
1376663633,46,23
1376663709,47,22
1376664313,47,22
1376664556,48,21
1376664597,47,22
1376664737,45,24
1376664980,45,24
1376665037,45,24
1376665103,46,23
1376665194,46,23
1376665264,46,23
1376665311,47,22
1376665476,48,21
1376665537,46,23
1376665722,45,24
1376665760,47,22
1376665883,46,23
1376666248,46,23
1376666298,47,22
1376666330,48,21
1376666620,49,20
1376666679,50,19
1376667021,50,19
1376667065,49,20
1376667153,47,22
1376667169,48,21
1376667279,49,20
1376667403,49,20
1376667415,51,18
1376667522,51,18
1376667526,52,17
1376667996,51,18
1376668184,51,18
1376668243,52,17
1376668246,53,16
1376668412,53,16
1376668471,53,16
1376668534,52,17
1376668596,53,16
1376668647,54,15
1376668695,54,15
1376668768,54,15
1376669036,54,15
1376669202,54,15
1376669213,55,14
1376669323,53,16
1376669325,54,15
1376669804,55,14
1376669862,49,20
1376669923,51,18
1376669943,51,18
1376669999,52,17
1376670582,52,17
1376670592,53,16
1376670782,54,15
1376671174,55,14
1376671778,55,14
1376671828,56,13
1376672061,54,15
1376672262,54,15
1376672265,55,14
1376672680,53,16
1376672834,54,15
1376673029,55,14
1376673153,54,15
1376673206,54,15
1376673272,56,13
1376673343,56,13
1376673819,55,14
1376673856,54,15
1376673935,53,16
1376674117,49,20
1376674264,50,19
1376674869,50,19
1376675144,50,19
1376675204,50,19
1376675206,51,18
1376675535,52,17
1376676140,52,17
1376676744,52,17
1376677053,53,16
1376677484,51,18
1376677933,50,19
1376678083,49,20
1376678092,48,21
1376678696,48,21
1376679300,48,21
1376679904,48,21
1376680022,49,20
1376680627,49,20
1376680775,46,23
1376681380,46,23
1376681820,45,24
1376681922,46,23
1376681962,47,22
1376682566,47,22
1376682829,46,23
1376683413,46,23
1376683458,46,23
1376683521,45,24
1376683655,45,24
1376684140,46,23
1376684744,46,23
1376684860,45,24
1376685136,45,24
1376685276,45,24
1376685332,46,23
1376685365,47,22
1376685970,47,22
1376686107,48,21
1376686229,49,20
1376686345,50,19
1376686578,50,19
1376686653,51,18
1376686685,52,17
1376687289,52,17
1376687893,52,17
1376688236,52,17
1376688291,53,16
1376688393,51,18
1376688459,52,17
1376688812,51,18
1376689416,51,18
1376690020,51,18
1376690624,51,18
1376690839,51,18
1376690924,52,17
1376690955,52,17
1376691024,52,17
1376691057,53,16
1376691506,52,17
1376691776,51,18
1376692380,51,18
1376692984,51,18
1376693588,51,18
1376693930,50,19
1376694038,50,19
1376694057,50,19
1376694164,51,18
1376694768,51,18
1376695117,51,18
1376695220,51,18
1376695291,52,17
1376695403,52,17
1376695454,53,16
1376696058,53,16
1376696560,53,16
1376696570,54,15
1376697174,54,15
1376697358,54,15
1376697583,54,15
1376697586,54,15
1376697669,55,14
1376697762,55,14
1376697948,55,14
1376698009,55,14
1376698119,56,13
1376698724,56,13
1376699327,56,13
1376699503,56,13
1376699533,56,13
1376699587,57,12
1376699699,57,12
1376699801,57,12
1376699918,56,13
1376700133,57,12
1376700737,57,12
1376701341,57,12
1376701945,57,12
1376702251,57,12
1376702310,57,12
1376702914,57,12
1376703518,57,12
1376703893,57,12
1376704497,57,12
1376705101,57,12
1376705705,57,12
1376706308,57,12
1376706912,57,12
1376707516,57,12
1376708015,56,13
1376708620,56,13
1376708709,54,15
1376709031,56,13
1376709636,56,13
1376710240,56,13
1376710843,56,13
1376711447,56,13
1376711700,57,12
1376712304,57,12
1376712908,57,12
1376713511,57,12
1376713957,57,12
1376714561,57,12
1376715165,57,12
1376715769,57,12
1376716373,57,12
1376716977,57,12
1376717581,57,12
1376717988,56,13
1376718591,56,13
1376719195,56,13
1376719299,55,14
1376719330,55,14
1376719603,55,14
1376719613,56,13
1376720217,56,13
1376720824,56,13
1376721428,56,13
1376722032,56,13
1376722635,56,13
1376722733,55,14
1376723337,55,14
1376723941,55,14
1376724544,55,14
1376724670,54,15
1376724762,54,15
1376724766,53,16
1376725369,53,16
1376725973,53,16
1376726577,53,16
1376727181,53,16
1376727785,53,16
1376728389,53,16
1376728839,53,16
1376728899,52,17
1376728959,52,17
1376728974,52,17
1376729578,52,17
1376730182,52,17
1376730785,52,17
1376731423,52,17
1376731520,53,16
1376731604,53,16
1376731637,54,15
1376731715,54,15
1376731835,54,15
1376731878,54,15
1376731940,54,15
1376731989,55,14
1376732593,55,14
1376732901,54,15
1376733505,54,15
1376734109,54,15
1376734491,53,16
1376734840,51,18
1376734866,50,19
1376735182,51,18
1376735242,46,23
1376735304,48,21
1376735683,48,21
1376735738,47,22
1376735969,47,22
1376736103,47,22
1376736174,47,22
1376736778,47,22
1376737293,46,23
1376737305,46,23
1376737811,45,24
1376738051,43,26
1376738655,43,26
1376739150,44,25
1376739520,43,26
1376739856,42,27
1376739943,42,27
1376739989,42,27
1376740063,42,27
1376740184,42,27
1376740209,43,26
1376740353,42,27
1376740600,42,27
1376740610,43,26
1376740888,42,27
1376741002,43,26
1376741077,42,27
1376741088,43,26
1376741691,43,26
1376742318,43,26
1376742365,44,25
1376742437,45,24
1376742498,44,25
1376742564,45,24
1376743169,45,24
1376743774,45,24
1376744094,44,25
1376744377,44,25
1376744443,44,25
1376744489,45,24
1376744545,46,23
1376744605,44,25
1376744742,43,26
1376744794,43,26
1376744864,43,26
1376744910,44,25
1376745344,44,25
1376745385,46,23
1376746000,46,23
1376746009,46,23
1376746088,48,21
1376746139,48,21
1376746225,49,20
1376746594,50,19
1376746645,49,20
1376746697,50,19
1376747176,51,18
1376747207,51,18
1376747722,50,19
1376747753,50,19
1376747856,50,19
1376747888,51,18
1376748004,51,18
1376748091,52,17
1376748177,52,17
1376748282,54,15
1376748344,52,17
1376748400,52,17
1376748452,54,15
1376748516,56,13
1376748580,57,12
1376748622,59,10
1376748667,59,10
1376748740,60,9
1376748822,60,9
1376748856,61,8
1376749295,60,9
1376749355,58,11
1376749482,56,13
1376749538,59,10
1376749558,61,8
1376749762,63,6
1376750199,63,6
1376750246,63,6
1376750320,60,8
1376750352,55,14
1376750472,55,14
1376750563,55,13
1376750612,55,13
1376750676,55,14
1376750730,55,14
1376750757,55,14
1376750817,55,14
1376750914,56,13
1376751460,55,14
1376751472,54,15
1376751704,54,15
1376751725,58,11
1376752329,58,11
1376752406,58,11
1376752478,59,10
1376753001,60,9
1376753070,60,9
1376753096,61,8
1376753700,61,8
1376753775,63,6
1376753883,63,6
1376754488,63,6
1376754545,62,7
1376754642,61,8
1376754645,60,9
1376754859,60,9
1376754942,62,7
1376755004,63,6
1376755050,64,5
1376755098,64,5
1376755165,65,4
1376755771,65,4
1376755900,67,2
1376755908,67,2
1376756370,66,3
1376756424,66,3
1376756456,67,2
1376757060,67,2
1376757664,67,2
1376757992,66,3
1376758116,66,3
1376758160,66,3
1376758190,67,2
1376758795,67,2
1376759399,67,2
1376759796,66,3
1376759983,62,7
1376760104,62,7
1376760112,62,7
1376760414,61,8
1376760556,57,12
1376760595,57,12
1376760741,57,12
1376760813,56,13
1376760863,56,13
1376760930,55,14
1376760992,53,16
1376761041,53,16
1376761067,53,16
1376761240,54,15
1376761674,52,17
1376762107,51,18
1376762188,49,20
1376762308,50,19
1376762923,48,21
1376762974,49,20
1376763013,49,20
1376763617,49,20
1376763942,47,22
1376764013,46,23
1376764120,48,21
1376764159,49,20
1376764235,48,21
1376764285,49,20
1376764322,50,19
1376764518,51,18
1376764722,52,16
1376764755,54,15
1376765359,54,15
1376765851,53,16
1376765912,54,15
1376766320,53,16
1376766580,53,16
1376766611,53,16
1376766694,54,15
1376766762,54,15
1376766821,55,14
1376767364,55,14
1376767369,53,16
1376767604,53,16
1376767607,52,17
1376767839,48,20
1376767869,47,22
1376768024,47,22
1376768036,47,22
1376768641,47,22
1376768969,45,24
1376769002,45,24
1376769097,47,22
1376769701,47,22
1376770306,47,22
1376770603,47,22
1376770613,46,23
1376771001,43,26
1376771378,43,26
1376771432,45,24
1376771461,46,23
1376771544,46,23
1376771586,45,24
1376771676,45,24
1376771717,46,23
1376771882,47,22
1376771972,48,21
1376772082,47,22
1376772115,48,21
1376772210,48,21
1376772284,47,22
1376772318,48,21
1376772396,48,21
1376772449,50,19
1376772515,51,18
1376773063,50,19
1376773102,49,20
1376773155,49,20
1376773227,50,19
1376773268,51,18
1376773359,50,19
1376773415,50,19
1376773484,50,19
1376773530,51,18
1376773603,51,18
1376773706,51,18
1376773757,51,18
1376773845,52,17
1376773848,53,16
1376773961,52,17
1376774013,50,19
1376774083,50,19
1376774129,50,19
1376774198,50,19
1376774255,52,17
1376774287,53,16
1376774620,53,16
1376774683,54,15
1376774965,54,15
1376775043,55,14
1376775102,56,13
1376775146,57,12
1376775750,57,12
1376776354,57,12
1376776959,57,12
1376777563,57,12
1376778167,57,12
1376778771,57,12
1376779031,58,11
1376779118,58,11
1376779243,58,11
1376779274,59,10
1376779422,59,10
1376779460,59,10
1376779533,60,9
1376779777,59,10
1376779798,59,10
1376780137,60,9
1376780742,60,9
1376781346,60,9
1376781425,59,10
1376782029,59,10
1376782633,59,10
1376783237,59,10
1376783840,59,10
1376783934,60,9
1376784538,60,9
1376785165,59,10
1376785769,59,10
1376786373,59,10
1376786977,59,10
1376787580,59,10
1376788184,59,10
1376788223,58,11
1376788827,58,11
1376789431,58,11
1376790209,58,11
1376790589,58,11
1376791193,58,11
1376791797,58,11
1376792401,58,11
1376793005,58,11
1376793608,58,11
1376794212,58,11
1376794816,58,11
1376795421,58,11
1376796025,58,11
1376796628,58,11
1376797233,58,11
1376797838,58,11
1376798442,58,11
1376799045,58,11
1376799649,58,11
1376800253,58,11
1376800857,58,11
1376801462,58,11
1376802066,58,11
1376802669,58,11
1376803274,58,11
1376803877,58,11
1376804295,57,12
1376804899,57,12
1376805503,57,12
1376806107,57,12
1376806710,57,12
1376807314,57,12
1376807675,58,11
1376808279,58,11
1376808880,57,12
1376809484,57,12
1376810088,57,12
1376810692,57,12
1376811079,56,13
1376811684,56,13
1376812291,56,13
1376812895,56,13
1376813437,57,12
1376814041,57,12
1376814073,56,13
1376814402,57,12
1376815007,57,12
1376815241,56,13
1376815254,54,15
1376815539,53,16
1376816143,53,16
1376816747,53,16
1376817350,53,16
1376817954,53,16
1376818172,51,18
1376818266,52,17
1376818899,52,17
1376818931,54,15
1376819437,55,14
1376820042,55,14
1376820186,55,14
1376820521,55,14
1376820566,54,15
1376820632,54,15
1376821237,54,15
1376821663,53,16
1376821674,52,17
1376822278,52,17
1376822372,51,18
1376822976,51,18
1376823385,50,19
1376823444,49,20
1376823486,49,20
1376824091,49,20
1376824696,49,20
1376824829,48,21
1376825000,48,21
1376825142,47,22
1376825146,46,23
1376825431,47,22
1376825493,48,21
1376826096,48,21
1376826701,48,21
1376827305,48,21
1376827382,47,22
1376827580,47,22
1376828184,47,22
1376828261,49,20
1376828320,50,19
1376828376,51,18
1376828432,51,18
1376828463,52,17
1376828677,52,17
1376828741,52,17
1376828800,51,18
1376829404,51,18
1376829501,49,20
1376829784,48,21
1376830149,49,20
1376830740,50,19
1376830885,47,22
1376830915,48,21
1376831519,48,21
1376831709,47,22
1376831797,48,21
1376831858,49,20
1376831922,45,24
1376831982,43,26
1376832024,40,29
1376832076,40,29
1376832163,40,29
1376832181,40,29
1376832243,41,28
1376832335,41,28
1376832377,41,28
1376832429,42,27
1376832523,42,26
1376832570,43,25
1376832609,43,25
1376832649,44,24
