1376208489,50,4
1376209093,50,4
1376209696,50,4
1376210300,50,4
1376210903,50,4
1376211507,50,4
1376212111,50,4
1376212716,50,4
1376212988,52,2
1376213357,51,3
1376213962,51,3
1376214565,51,3
1376215169,51,3
1376215772,51,3
1376216376,51,3
1376216545,51,3
1376216578,52,2
1376217181,52,2
1376217462,53,1
1376218066,53,1
1376218327,54,0
1376218932,54,0
1376219143,53,1
1376219145,52,2
1376219750,52,2
1376220354,52,2
1376220882,52,2
1376220908,54,0
1376221512,54,0
1376222116,54,0
1376222720,54,0
1376223325,54,0
1376223929,54,0
1376224541,51,3
1376224549,52,2
1376224780,52,2
1376224802,52,2
1376225250,51,3
1376225722,52,2
1376226326,52,2
1376226929,52,2
1376227534,52,2
1376228137,52,2
1376228251,53,1
1376228549,52,2
1376229153,52,2
1376229757,52,2
1376230103,50,4
1376230721,50,4
1376230731,51,3
1376231021,50,4
1376231127,48,6
1376231184,48,6
1376231217,49,5
1376231298,50,4
1376231902,50,4
1376232042,50,4
1376232089,50,4
1376232487,51,3
1376232865,52,2
1376232970,51,3
1376233007,51,3
1376233646,53,1
1376234251,53,1
1376234855,53,1
1376235341,53,1
1376235345,52,2
1376235949,51,3
1376236156,52,2
1376236214,51,3
1376236294,52,2
1376236898,52,2
1376236938,52,2
1376237379,52,2
1376237442,53,1
1376237445,54,0
1376238049,54,0
1376238596,53,1
1376239200,53,1
1376239566,52,2
1376240170,52,2
1376240699,53,1
1376240935,52,2
1376241539,52,2
1376242142,52,2
1376242361,52,2
1376242410,54,0
1376243013,54,0
1376243383,53,1
1376244006,52,2
1376244053,50,4
1376244656,50,4
1376245177,50,4
1376245188,51,3
1376245792,51,3
1376246018,52,2
1376246035,51,3
1376246184,52,2
1376246242,53,1
1376246540,53,1
1376246567,54,0
1376247171,54,0
1376247774,54,0
1376248378,54,0
1376248583,53,1
1376249187,53,1
1376249547,54,0
1376249986,53,1
1376250065,54,0
1376250668,54,0
1376251272,54,0
1376251875,54,0
1376252108,53,1
1376252712,53,1
1376253315,53,1
1376253919,53,1
1376254523,53,1
1376254849,52,2
1376255452,52,2
1376256056,52,2
1376256659,52,2
1376257263,52,2
1376257433,51,3
1376258037,51,3
1376258310,52,2
1376258913,52,2
1376259517,52,2
1376260121,52,2
1376260724,52,2
1376261327,52,2
1376261931,52,2
1376262534,52,2
1376263138,52,2
1376263742,52,2
1376264345,52,2
1376264949,52,2
1376265552,52,2
1376266156,52,2
1376266760,52,2
1376267363,52,2
1376267967,52,2
1376268570,52,2
1376269174,52,2
1376269778,52,2
1376270381,52,2
1376270985,52,2
1376271589,52,2
1376272062,52,2
1376272666,52,2
1376273269,52,2
1376273873,52,2
1376274477,52,2
1376274820,54,0
1376275423,54,0
1376276027,54,0
1376276630,54,0
1376277234,54,0
1376277838,54,0
1376278441,54,0
1376279045,54,0
1376279648,54,0
1376280252,54,0
1376280856,54,0
1376281459,54,0
1376282063,54,0
1376282666,54,0
1376283270,54,0
1376283874,54,0
1376284477,54,0
1376285082,54,0
1376285685,54,0
1376286290,54,0
1376286894,54,0
1376287498,54,0
1376288102,54,0
1376288707,54,0
1376289311,54,0
1376289916,54,0
1376290119,53,1
1376290323,54,0
1376290922,53,1
1376291526,53,1
1376292132,53,1
1376292737,53,1
1376292981,54,0
1376293585,54,0
1376294188,54,0
1376294407,53,1
1376294499,53,1
1376294509,54,0
1376294630,53,1
1376295235,53,1
1376295523,53,1
1376295533,54,0
1376296136,54,0
1376296741,54,0
1376297346,54,0
1376297950,54,0
1376298554,54,0
1376299158,54,0
1376299762,54,0
1376300060,53,1
1376300664,53,1
1376301268,53,1
1376301503,51,3
1376302107,51,3
1376302333,50,4
1376302937,50,4
1376303370,51,3
1376303592,52,2
1376304196,52,2
1376304755,53,1
1376305193,52,2
1376305440,53,1
1376306081,52,2
1376306612,51,3
1376307215,51,3
1376307705,50,4
1376308310,50,4
1376308914,50,4
1376309519,50,4
1376310085,51,3
1376310151,52,2
1376310632,53,1
1376311237,53,1
1376311552,52,2
1376312155,52,2
1376312759,52,2
1376313161,52,2
1376313201,54,0
1376313805,54,0
1376313962,53,1
1376314455,54,0
1376314852,53,1
1376315302,50,4
1376315874,49,5
1376316040,49,5
1376316051,49,5
1376316106,50,4
1376316710,50,4
1376317222,50,4
1376317275,51,3
1376317480,52,2
1376318084,52,2
1376318501,52,2
1376318512,53,1
1376318972,52,2
1376319124,51,3
1376319219,51,3
1376319523,51,3
1376319547,49,5
1376319753,48,6
1376320065,48,6
1376320108,48,6
1376320171,48,6
1376320203,49,5
1376320763,49,5
1376320790,50,4
1376320917,49,5
1376321203,49,5
1376321205,50,4
1376321501,50,4
1376321623,50,4
1376321658,50,4
1376321850,49,5
1376321920,50,4
1376322040,50,4
1376322073,51,3
1376322442,51,3
1376322573,52,2
1376323176,52,2
1376323780,52,2
1376323866,50,4
1376324082,50,4
1376324110,53,1
1376324714,53,1
1376324881,50,4
1376325485,50,4
1376325663,51,3
1376325777,52,2
1376325833,51,3
1376326338,52,2
1376326399,52,2
1376326449,52,2
1376326541,51,3
1376326602,52,2
1376326707,53,1
1376326729,54,0
1376327332,54,0
1376327661,53,1
1376328087,52,2
1376328337,54,0
1376328916,53,1
1376329164,52,2
1376329768,52,2
1376329830,53,1
1376330434,53,1
1376330948,52,2
1376331029,53,1
1376331385,54,0
1376331988,54,0
1376332592,54,0
1376333195,54,0
1376333381,52,2
1376333407,53,1
1376333797,54,0
1376334401,54,0
1376334608,53,1
1376334819,53,1
1376334828,54,0
1376335432,54,0
1376336036,54,0
1376336640,54,0
1376336850,53,1
1376337453,53,1
1376338057,53,1
1376338657,50,4
1376338714,51,3
1376338772,52,2
1376339098,53,1
1376339195,54,0
1376339799,54,0
1376340403,54,0
1376340479,54,0
1376341083,54,0
1376341686,54,0
1376342290,54,0
1376342893,54,0
1376343497,54,0
1376344100,54,0
1376344597,53,1
1376345200,53,1
1376345804,53,1
1376346407,53,1
1376346637,52,2
1376347240,52,2
1376347844,52,2
1376348448,52,2
1376349051,52,2
1376349655,52,2
1376350258,52,2
1376350862,52,2
1376351465,52,2
1376352069,52,2
1376352370,51,3
1376352974,51,3
1376353577,51,3
1376354181,51,3
1376354784,51,3
1376355388,51,3
1376355992,51,3
1376356595,51,3
1376357199,51,3
1376357802,51,3
1376358441,51,3
1376359045,51,3
1376359649,51,3
1376360253,51,3
1376360856,51,3
1376361460,51,3
1376362063,51,3
1376362667,51,3
1376363271,51,3
1376363874,51,3
1376364478,51,3
1376365082,51,3
1376365685,51,3
1376366289,51,3
1376366893,51,3
1376367498,51,3
1376368101,51,3
1376368705,51,3
1376369308,51,3
1376369912,51,3
1376370516,51,3
1376371119,51,3
1376371723,51,3
1376372327,51,3
1376372951,52,2
1376373474,51,3
1376373759,52,2
1376374364,52,2
1376374968,52,2
1376375572,52,2
1376375981,52,2
1376375984,53,1
1376376068,53,1
1376376602,54,0
1376377206,54,0
1376377809,54,0
1376377868,53,1
1376378302,52,2
1376378905,52,2
1376379473,51,3
1376380077,51,3
1376380231,52,2
1376380422,52,2
1376380424,53,1
1376380696,54,0
1376381310,53,1
1376381914,53,1
1376382518,53,1
1376383122,53,1
1376383725,53,1
1376384329,53,1
1376384738,52,2
1376385162,52,2
1376385164,52,2
1376385552,52,2
1376385641,52,2
1376385975,52,2
1376386043,52,2
1376386163,52,2
1376386213,52,2
1376386470,52,2
1376387074,52,2
1376387678,52,2
1376388282,52,2
1376388482,51,3
1376388921,52,2
1376389524,52,2
1376390128,52,2
1376390733,52,2
1376390861,51,3
1376391466,51,3
1376391718,50,4
1376392206,49,5
1376392300,49,5
1376392310,50,4
1376392863,51,3
1376393218,52,2
1376393822,52,2
1376394144,51,3
1376394748,51,3
1376395352,51,3
1376395957,51,3
1376395966,52,2
1376396570,52,2
1376397194,53,1
1376397797,53,1
1376398403,53,1
1376399007,53,1
1376399612,53,1
1376400065,54,0
1376400625,53,1
1376400676,53,1
1376400801,53,1
1376400876,54,0
1376401481,54,0
1376402140,53,1
1376402745,53,1
1376403219,52,2
1376403240,51,3
1376403843,51,3
1376404116,50,4
1376404520,50,4
1376404592,52,2
1376404624,52,2
1376405229,52,2
1376405601,53,1
1376406205,53,1
1376406808,53,1
1376406941,53,1
1376406949,52,2
1376407103,50,4
1376407629,48,6
1376407778,49,5
1376408004,48,6
1376408607,48,6
1376409211,48,6
1376409702,49,5
1376410341,47,7
1376410419,46,8
1376410477,47,7
1376410831,46,8
1376411383,46,8
1376411397,44,10
1376411483,45,9
1376411579,44,10
1376412167,43,11
1376412243,42,12
1376412658,43,11
1376412758,44,10
1376413000,44,10
1376413009,43,11
1376413304,43,11
1376413306,44,10
1376413410,45,9
1376413518,46,8
1376413630,46,8
1376413718,46,8
1376413780,46,8
1376413844,47,7
1376413876,48,6
1376413916,49,5
1376414072,50,4
1376414187,50,4
1376414261,52,2
1376414291,54,0
1376414362,53,1
1376414853,52,2
1376415240,53,1
1376415464,53,1
1376415466,54,0
1376415620,53,1
1376416244,53,1
1376416247,54,0
1376416900,53,1
1376417281,52,2
1376417607,51,3
1376417833,52,2
1376418102,52,2
1376418112,53,1
1376418227,53,1
1376418469,52,2
1376418760,52,2
1376418768,53,1
1376419054,54,0
1376419453,53,1
1376419574,52,2
1376420033,51,3
1376420637,51,3
1376420969,52,2
1376421342,52,2
1376421361,54,0
1376421729,53,1
1376422334,53,1
1376422544,53,1
1376422552,51,3
1376422745,52,2
1376423263,53,1
1376423266,54,0
1376423870,54,0
1376424474,54,0
1376425079,54,0
1376425683,54,0
1376426286,54,0
1376426890,54,0
1376427436,53,1
1376428041,53,1
1376428586,50,4
1376429051,49,5
1376429654,49,5
1376430258,49,5
1376430863,49,5
1376431466,49,5
1376432070,49,5
1376432673,49,5
1376433277,49,5
1376433880,49,5
1376434484,49,5
1376435087,49,5
1376435691,49,5
1376436295,49,5
1376436898,49,5
1376437502,49,5
1376438105,49,5
1376438709,49,5
1376439312,49,5
1376439916,49,5
1376440520,49,5
1376441123,49,5
1376441727,49,5
1376442331,49,5
1376442934,49,5
1376443538,49,5
1376444142,49,5
1376444860,49,5
1376445463,49,5
1376446067,49,5
1376446671,49,5
1376447275,49,5
1376447879,49,5
1376448482,49,5
1376449086,49,5
1376449689,49,5
1376450293,49,5
1376450896,49,5
1376451500,49,5
1376452103,49,5
1376452707,49,5
1376453311,49,5
1376453914,49,5
1376454518,49,5
1376455122,49,5
1376455725,49,5
1376456328,49,5
1376456932,49,5
1376457536,49,5
1376458139,49,5
1376458743,49,5
1376459347,49,5
1376459950,49,5
1376460554,49,5
1376461157,49,5
1376461720,48,6
1376462324,48,6
1376462768,46,8
1376462834,45,9
1376462904,46,8
1376463029,47,7
1376463358,46,8
1376463964,46,8
1376464203,45,9
1376464479,44,10
1376464506,44,10
1376464590,44,10
1376464653,45,9
1376465010,44,10
1376465614,44,10
1376466219,44,10
1376466525,43,11
1376466816,44,10
1376467420,44,10
1376467455,45,9
1376468058,45,9
1376468662,45,9
1376469266,45,9
1376469868,45,9
1376470209,44,10
1376470813,44,10
1376471417,44,10
1376471492,45,9
1376471505,45,9
1376471567,46,8
1376472171,46,8
1376472774,46,8
1376473072,45,9
1376473677,45,9
1376474142,46,8
1376474746,46,8
1376475349,46,8
1376475953,46,8
1376476528,45,9
1376476821,46,8
1376477014,46,8
1376477048,46,7
1376477134,46,7
1376477177,46,8
1376477240,46,8
1376477290,47,7
1376477383,47,7
1376477386,48,6
1376477494,49,5
1376477964,50,4
1376478107,49,5
1376478333,49,5
1376478352,49,4
1376478422,50,3
1376478840,49,4
1376479446,49,5
1376479995,48,6
1376480598,48,6
1376480984,48,6
1376480986,49,5
1376481359,50,4
1376481963,50,4
1376482568,50,4
1376482683,49,5
1376483287,49,5
1376483393,47,7
1376483996,47,7
1376484358,46,8
1376484451,45,9
1376484625,44,10
1376485230,44,10
1376485352,42,12
1376485394,41,13
1376485839,40,14
1376485958,39,14
1376485981,39,15
1376486081,38,16
1376486475,39,15
1376487078,39,15
1376487628,40,14
1376488183,41,13
1376488602,41,13
1376488623,41,13
1376488830,40,14
1376489434,40,14
1376490037,40,14
1376490162,39,15
1376490464,40,14
1376490878,40,14
1376490888,41,13
1376491052,40,14
1376491635,37,17
1376492239,37,17
1376492796,36,18
1376492851,37,17
1376493283,38,16
1376493887,38,16
1376494494,38,16
1376494573,37,17
1376494884,38,16
1376495487,38,16
1376496091,38,16
1376496403,38,16
1376496406,37,17
1376496850,36,18
1376496943,36,18
1376496947,35,19
1376497378,34,20
1376497982,34,20
1376498284,35,19
1376498490,35,19
1376498546,35,19
1376498585,36,18
1376498662,36,18
1376498695,37,17
1376498985,36,18
1376499207,37,17
1376499662,38,16
1376499871,36,18
1376500003,37,17
1376500653,37,17
1376500875,38,16
1376501063,39,15
1376501305,40,14
1376501600,39,15
1376501648,39,15
1376501706,39,15
1376501802,39,15
1376501805,40,14
1376502100,40,14
1376502122,42,12
1376502725,42,12
1376502986,43,11
1376503603,42,12
1376503713,42,12
1376503757,43,11
1376503787,44,10
1376504014,45,9
1376504030,44,10
1376504172,45,9
1376504621,46,8
1376504632,47,7
1376504983,48,6
1376505008,49,5
1376505146,50,4
1376505750,50,4
1376505777,51,3
1376506375,52,2
1376506584,53,1
1376507188,53,1
1376507791,53,1
1376508395,53,1
1376508998,53,1
1376509602,53,1
1376510189,51,3
1376510793,51,3
1376511396,51,3
1376511856,50,4
1376511921,50,4
1376511991,50,4
1376512041,51,3
1376512645,51,3
1376513248,51,3
1376513299,51,3
1376513360,51,3
1376513963,51,3
1376514567,51,3
1376515171,51,3
1376515463,50,4
1376515713,50,4
1376515747,51,3
1376516351,51,3
1376516955,51,3
1376517558,51,3
1376517754,50,4
1376518357,50,4
1376518961,50,4
1376519565,50,4
1376520168,50,4
1376520772,50,4
1376521386,50,4
1376521539,51,3
1376522142,51,3
1376522597,50,4
1376523201,50,4
1376523805,50,4
1376524408,50,4
1376525012,50,4
1376525615,50,4
1376526219,50,4
1376526822,50,4
1376527009,49,5
1376527612,49,5
1376528216,49,5
1376528668,48,6
1376529271,48,6
1376529875,48,6
1376530479,48,6
1376531241,48,6
1376531323,48,6
1376531328,48,6
1376531933,48,6
1376532537,48,6
1376533140,48,6
1376533744,48,6
1376534347,48,6
1376534951,48,6
1376535554,48,6
1376536158,48,6
1376536761,48,6
1376537365,48,6
1376537968,48,6
1376538572,48,6
1376539175,48,6
1376539779,48,6
1376540382,48,6
1376540986,48,6
1376541590,48,6
1376542193,48,6
1376542797,48,6
1376543400,48,6
1376544004,48,6
1376544607,48,6
1376545211,48,6
1376545814,48,6
1376546418,48,6
1376546644,47,7
1376547248,47,7
1376547851,47,7
1376548347,46,8
1376548951,46,8
1376549182,47,7
1376549366,47,7
1376549415,47,7
1376549495,47,7
1376549678,47,7
1376549740,48,6
1376549837,48,6
1376549866,49,5
1376550470,49,5
1376551073,49,5
1376551677,49,5
1376552281,49,5
1376552884,49,5
1376553488,49,5
1376554091,49,5
1376554695,49,5
1376555213,50,4
1376555816,50,4
1376556025,49,5
1376556629,49,5
1376557232,49,5
1376557836,49,5
1376557907,48,6
1376558511,48,6
1376559114,48,6
1376559718,48,6
1376560358,48,6
1376560372,49,5
1376560976,49,5
1376561581,49,5
1376562185,49,5
1376562700,49,5
1376563304,49,5
1376563723,49,5
1376563753,50,4
1376563830,51,3
1376563849,52,2
1376564050,50,4
1376564262,51,3
1376564286,52,2
1376564437,51,3
1376564661,51,3
1376564741,50,4
1376564762,49,5
1376565161,49,5
1376565164,50,4
1376565419,51,3
1376565928,50,4
1376566056,51,3
1376566659,51,3
1376567081,51,3
1376567089,52,2
1376567335,51,3
1376567573,50,4
1376567755,49,5
1376568281,47,7
1376568316,47,7
1376568378,48,6
1376568421,49,5
1376568504,50,4
1376568938,51,3
1376569062,50,4
1376569667,50,4
1376570271,50,4
1376570876,50,4
1376571393,49,5
1376571643,48,6
1376571646,47,7
1376572251,47,7
1376572854,47,7
1376572955,48,6
1376573557,48,6
1376573645,48,6
1376573711,49,5
1376573766,49,5
1376573860,49,5
1376573909,50,4
1376574040,49,5
1376574059,48,6
1376574580,46,8
1376575016,45,9
1376575114,45,9
1376575181,45,9
1376575208,46,8
1376575356,47,7
1376575895,48,6
1376575984,49,5
1376576588,49,5
1376577192,49,5
1376577461,49,5
1376577506,48,6
1376577554,48,6
1376577624,48,6
1376577868,50,4
1376578475,49,5
1376578641,48,6
1376579244,48,6
1376579525,49,5
1376580129,49,5
1376580281,49,5
1376580284,48,6
1376580888,48,6
1376581491,48,6
1376581721,49,5
1376581777,50,4
1376582181,49,5
1376582784,49,5
1376583213,49,4
1376583244,50,4
1376583394,49,5
1376583427,50,4
1376583506,50,4
1376583553,51,3
1376583617,50,4
1376583662,51,3
1376583750,51,3
1376583776,52,2
1376584380,52,2
1376584985,52,2
1376585256,50,4
1376585859,50,4
1376585923,50,4
1376586312,51,3
1376586362,51,3
1376586519,51,3
1376586559,52,2
1376587164,52,2
1376587768,52,2
1376588371,52,2
1376588974,52,2
1376589329,51,3
1376589671,50,4
1376590276,50,4
1376590448,51,3
1376590838,51,3
1376590848,52,2
1376591381,52,2
1376591391,53,1
1376591995,53,1
1376592599,53,1
1376593203,53,1
1376593807,53,1
1376594410,53,1
1376595014,53,1
1376595617,53,1
1376596037,52,2
1376596641,52,2
1376597244,52,2
1376597848,52,2
1376598452,52,2
1376599057,52,2
1376599660,52,2
1376600264,52,2
1376600867,52,2
1376601473,52,2
1376601691,53,1
1376601815,52,2
1376601936,53,1
1376602541,53,1
1376603144,53,1
1376603639,52,2
1376604032,53,1
1376604479,52,2
1376604938,53,1
1376605355,51,3
1376605420,51,3
1376605508,52,2
1376605550,53,1
1376606154,53,1
1376606757,53,1
1376607361,53,1
1376607964,53,1
1376608570,53,1
1376609174,53,1
1376609778,53,1
1376610381,53,1
1376610985,53,1
1376611588,53,1
1376612192,53,1
1376612795,53,1
1376613399,53,1
1376614003,53,1
1376614606,53,1
1376615210,53,1
1376615813,53,1
1376616417,53,1
1376617021,53,1
1376617648,53,1
1376618252,53,1
1376618855,53,1
1376619459,53,1
1376620062,53,1
1376620666,53,1
1376621269,53,1
1376621442,52,2
1376622045,52,2
1376622649,52,2
1376623252,52,2
1376623856,52,2
1376624460,52,2
1376625063,52,2
1376625666,52,2
1376626270,52,2
1376626874,52,2
1376627477,52,2
1376628081,52,2
1376628684,52,2
1376629288,52,2
1376629892,52,2
1376630495,52,2
1376631099,52,2
1376631702,52,2
1376632306,52,2
1376632401,51,3
1376633004,51,3
1376633319,52,2
1376633923,52,2
1376634527,52,2
1376635130,52,2
1376635633,52,2
1376635694,53,1
1376635834,53,1
1376635895,53,0
1376635951,53,0
1376635985,54,0
1376636082,54,0
1376636128,53,1
1376636450,52,2
1376637054,52,2
1376637657,52,2
1376638261,52,2
1376638806,53,1
1376638933,51,3
1376639537,51,3
1376640141,51,3
1376640744,51,3
1376641348,51,3
1376641951,51,3
1376642555,51,3
1376643158,51,3
1376643762,51,3
1376643935,50,4
1376644538,50,4
1376644587,51,3
1376645190,51,3
1376645794,51,3
1376646398,51,3
1376646571,49,5
1376646706,48,6
1376646881,46,8
1376646940,45,9
1376647179,46,8
1376647703,45,9
1376648307,45,9
1376648679,43,11
1376648742,43,11
1376649238,42,12
1376649528,41,13
1376649812,40,14
1376649916,41,13
1376650520,41,13
1376651123,41,13
1376651328,40,14
1376651911,41,13
1376651981,40,14
1376652006,41,13
1376652101,42,12
1376652195,43,11
1376652309,44,10
1376652890,42,12
1376653480,41,13
1376654084,41,13
1376654688,41,13
1376654851,41,13
1376655455,41,13
1376655523,40,14
1376655539,39,15
1376656144,39,15
1376656748,39,15
1376656843,37,17
1376657039,36,18
1376657629,35,19
1376657957,36,18
1376658221,36,18
1376658224,37,17
1376658511,37,17
1376658816,36,18
1376658896,34,20
1376659284,34,20
1376659317,34,20
1376659414,35,19
1376659541,35,19
1376659623,35,19
1376659782,35,19
1376659815,34,20
1376659902,34,20
1376659940,35,19
1376659971,36,18
1376660576,36,18
1376661132,37,17
1376661216,36,18
1376661256,37,17
1376661477,38,16
1376661618,37,17
1376661876,38,16
1376662179,37,17
1376662661,37,17
1376662705,38,16
1376662765,38,16
1376662800,39,15
1376662935,40,14
1376663023,40,14
1376663070,42,12
1376663673,42,12
1376663780,41,13
1376664379,40,14
1376664690,40,14
1376664748,41,13
1376664786,42,12
1376665180,42,12
1376665188,43,11
1376665836,42,12
1376666441,42,12
1376667045,42,12
1376667103,42,12
1376667105,41,13
1376667454,42,12
1376667522,41,13
1376667584,42,12
1376667621,41,13
1376667759,40,14
1376668056,40,14
1376668085,41,13
1376668574,39,15
1376668885,39,15
1376668929,40,14
1376669007,39,15
1376669073,40,14
1376669132,40,14
1376669194,40,14
1376669227,41,13
1376669441,40,14
1376669484,41,13
1376670087,41,13
1376670298,40,14
1376670823,40,14
1376670874,42,12
1376671477,42,12
1376671571,40,14
1376672175,40,14
1376672322,40,14
1376672360,39,15
1376672413,39,15
1376672477,40,14
1376673082,40,14
1376673686,40,14
1376673998,40,14
1376674007,41,13
1376674611,41,13
1376675215,41,13
1376675604,40,14
1376676208,40,14
1376676812,40,14
1376677416,40,14
1376678020,40,14
1376678477,40,14
1376678563,41,13
1376678571,42,12
1376678829,44,10
1376678955,45,9
1376679473,46,8
1376680076,46,8
1376680680,46,8
1376681283,46,8
1376681888,46,8
1376682492,46,8
1376683096,46,8
1376683699,46,8
1376684303,46,8
1376684683,46,8
1376684700,48,6
1376685304,48,6
1376685907,48,6
1376686511,48,6
1376687115,48,6
1376687718,48,6
1376688027,46,8
1376688631,46,8
1376689235,46,8
1376689838,46,8
1376690442,46,8
1376691046,46,8
1376691661,44,10
1376692265,44,10
1376692868,44,10
1376693473,44,10
1376694076,44,10
1376694680,44,10
1376695284,44,10
1376695887,44,10
1376696491,44,10
1376697094,44,10
1376697698,44,10
1376698302,44,10
1376698906,44,10
1376699509,44,10
1376700113,44,10
1376700716,44,10
1376701320,44,10
1376701905,44,10
1376702009,43,11
1376702613,43,11
1376703216,43,11
1376704041,43,11
1376704124,43,11
1376704130,43,11
1376704733,43,11
1376705337,43,11
1376705941,43,11
1376706544,43,11
1376707148,43,11
1376707751,43,11
1376708355,43,11
1376708958,43,11
1376709562,43,11
1376710165,43,11
1376710769,43,11
1376711372,43,11
1376711977,43,11
1376712581,43,11
1376713070,42,12
1376713673,42,12
1376714277,42,12
1376714880,42,12
1376715484,42,12
1376716087,42,12
1376716691,42,12
1376717294,42,12
1376717898,42,12
1376718502,42,12
1376718590,41,13
1376719194,41,13
1376719287,42,12
1376719725,43,11
1376720328,43,11
1376720932,43,11
1376721535,43,11
1376722139,43,11
1376722742,43,11
1376723346,43,11
1376723467,42,12
1376724070,42,12
1376724356,41,13
1376724960,41,13
1376725219,40,14
1376725760,41,13
1376725839,40,14
1376726311,39,15
1376726440,40,14
1376726474,41,13
1376726517,41,13
1376726607,42,12
1376726859,41,13
1376726964,41,13
1376727015,41,13
1376727088,41,13
1376727266,41,13
1376727405,41,13
1376727460,41,13
1376727515,41,13
1376727765,41,13
1376727823,41,13
1376727826,40,14
1376727922,41,13
1376728155,42,12
1376728261,42,12
1376728342,42,12
1376728946,42,12
1376729148,41,13
1376729752,41,13
1376730213,41,13
1376730392,42,12
1376730435,43,11
1376731040,43,11
1376731341,45,9
1376731494,44,10
1376731718,45,9
1376732323,45,9
1376732631,44,10
1376733139,45,9
1376733224,45,9
1376733234,46,8
1376733449,46,8
1376733484,47,7
1376733766,47,7
1376733845,48,6
1376733922,49,5
1376734525,49,5
1376735129,49,5
1376735201,48,6
1376735249,48,6
1376735852,48,6
1376736125,49,5
1376736271,49,5
1376736301,50,4
1376736465,50,4
1376736468,49,5
1376736877,47,7
1376737481,47,7
1376737783,46,8
1376737794,46,8
1376738399,46,8
1376739004,46,8
1376739608,46,8
1376739984,47,7
1376740059,47,7
1376740086,48,6
1376740263,47,7
1376740844,47,7
1376740851,45,9
1376741456,45,9
1376742059,45,9
1376742225,46,8
1376742314,47,7
1376742457,48,6
1376742578,49,5
1376742809,50,4
1376743413,50,4
1376743832,51,3
1376744436,51,3
1376744669,51,3
1376745102,50,4
1376745113,49,5
1376745677,48,6
1376745796,45,9
1376746359,44,10
1376746373,43,11
1376747000,41,13
1376747118,41,13
1376747149,42,12
1376747517,41,13
1376748121,41,13
1376748344,39,15
1376748460,39,15
1376748512,41,13
1376748751,42,12
1376748787,43,11
1376749144,42,12
1376749748,42,12
1376750016,41,13
1376750076,41,13
1376750121,41,13
1376750724,41,13
1376751309,40,14
1376751613,38,16
1376751785,38,16
1376751872,37,17
1376752287,36,18
1376752504,36,18
1376752580,36,17
1376752659,36,17
1376752721,37,16
1376752782,37,16
1376752904,36,17
1376752939,36,17
1376752985,36,17
1376753059,36,17
1376753091,37,16
1376753524,38,15
1376753708,37,16
1376754312,37,17
1376754917,37,17
1376755425,37,17
1376755427,38,16
1376755807,36,18
1376755877,35,19
1376756260,35,19
1376756268,36,18
1376756706,37,17
1376756783,36,18
1376757104,36,18
1376757106,37,17
1376757285,34,20
1376757559,33,21
1376757702,31,23
1376757735,31,23
1376757792,32,22
1376758051,34,20
1376758654,34,20
1376758831,34,20
1376758897,34,20
1376758934,35,19
1376759201,35,19
1376759210,36,18
1376759683,37,17
1376759742,36,18
1376759922,37,17
1376759937,38,16
1376760057,39,15
1376760163,38,16
1376760198,39,15
1376760796,39,15
1376760835,40,14
1376760922,40,14
1376760994,41,13
1376761029,42,12
1376761203,43,11
1376761300,43,11
1376761310,44,10
1376761657,44,10
1376761707,45,9
1376761995,46,8
1376762171,47,7
1376762239,48,6
1376762666,49,5
1376763270,49,5
1376763873,49,5
1376764476,49,5
1376765079,49,5
1376765684,49,5
1376765697,48,6
1376766302,48,6
1376766906,48,6
1376767509,48,6
1376767822,49,5
1376768426,49,5
1376769029,49,5
1376769633,49,5
1376769727,49,5
1376769825,49,4
1376769837,50,3
1376770441,50,4
1376771045,50,4
1376771650,50,4
1376772254,50,4
1376772859,50,4
1376773463,50,4
1376774067,50,4
1376774671,50,4
1376775137,48,6
1376775742,48,6
1376776346,48,6
1376776950,48,6
1376777555,48,6
1376778160,48,6
1376778764,48,6
1376779368,48,6
1376779972,48,6
1376780576,48,6
1376781180,48,6
1376781784,48,6
1376782388,48,6
1376782993,48,6
1376783597,48,6
1376784202,48,6
1376784434,47,7
1376785038,47,7
1376785641,47,7
1376786245,47,7
1376786848,47,7
1376787452,47,7
1376788056,47,7
1376788160,47,7
1376788383,47,7
1376788602,47,7
1376788611,48,6
1376789215,48,6
1376789679,46,8
1376789727,46,8
1376789786,46,8
1376789853,46,8
1376789912,47,7
1376790453,47,7
1376791056,47,7
1376791660,47,7
1376792264,47,7
1376792868,47,7
1376793472,47,7
1376794077,47,7
1376794682,47,7
1376795286,47,7
1376795889,47,7
1376796493,47,7
1376797096,47,7
1376797700,47,7
1376798305,47,7
1376798909,47,7
1376799513,47,7
1376800118,47,7
1376800722,47,7
1376801327,47,7
1376801932,47,7
1376802537,47,7
1376803141,47,7
1376803745,47,7
1376804349,47,7
1376804953,47,7
1376805182,46,8
1376805785,46,8
1376806173,47,7
1376806778,47,7
1376807383,47,7
1376807986,47,7
1376808590,47,7
1376809193,47,7
1376809798,47,7
1376810402,47,7
1376811007,47,7
1376811281,47,7
1376811293,49,5
1376811897,49,5
1376812500,49,5
1376813105,49,5
1376813710,49,5
1376814313,49,5
1376814917,49,5
1376815522,49,5
1376816127,49,5
1376816318,49,5
1376816335,48,6
1376816939,48,6
1376817542,48,6
1376817734,49,5
1376818338,49,5
1376818927,48,6
1376819532,48,6
1376819623,48,6
1376819626,49,5
1376820230,49,5
1376820834,49,5
1376820945,49,5
1376821151,49,5
1376821195,50,4
1376821300,50,4
1376821365,50,4
1376821482,50,4
1376821512,51,3
1376822116,51,3
1376822382,51,3
1376822395,53,1
1376822999,53,1
1376823604,53,1
1376824207,53,1
1376824812,53,1
1376825415,53,1
1376826019,53,1
1376826624,53,1
1376827228,53,1
1376827586,51,3
1376828190,51,3
1376828794,51,3
1376829398,51,3
1376829457,52,2
1376829983,51,3
1376830587,51,3
1376831190,51,3
1376831795,51,3
1376832399,51,3
1376832929,50,4
