1376208293,46,1
1376208897,46,1
1376209501,46,1
1376210104,46,1
1376210707,46,1
1376210918,45,2
1376211522,45,2
1376212125,45,2
1376212539,46,1
1376213143,46,1
1376213746,46,1
1376213871,45,2
1376214042,45,2
1376214045,44,3
1376214238,45,2
1376214341,46,1
1376214382,46,1
1376214443,45,2
1376215046,45,2
1376215568,45,2
1376215706,45,2
1376215750,46,1
1376216353,46,1
1376216957,46,1
1376217017,44,3
1376217475,45,2
1376218079,45,2
1376218704,45,2
1376218735,46,1
1376219339,46,1
1376219581,45,2
1376219971,44,3
1376220379,44,3
1376220408,45,2
1376220503,45,2
1376220573,45,2
1376220618,45,2
1376221222,45,2
1376221394,43,4
1376221707,41,6
1376221779,43,4
1376221824,44,3
1376221878,45,2
1376222482,45,2
1376222579,46,1
1376222747,45,2
1376223074,45,2
1376223137,45,2
1376223212,45,2
1376223257,46,1
1376223862,46,1
1376223943,46,1
1376223975,45,2
1376224014,46,1
1376224618,46,1
1376224918,45,2
1376225521,45,2
1376225596,44,3
1376225740,44,3
1376225754,44,2
1376225862,44,3
1376225914,45,2
1376225943,45,2
1376226163,45,2
1376226165,46,1
1376226236,44,3
1376226338,45,2
1376226360,46,1
1376226548,46,1
1376226695,46,1
1376226805,46,1
1376227408,46,1
1376227821,45,2
1376227989,46,1
1376228486,45,2
1376228617,44,3
1376228846,45,2
1376229099,44,3
1376229136,43,4
1376229272,44,3
1376229397,44,3
1376229427,44,3
1376229511,44,3
1376229569,44,3
1376229630,44,3
1376229695,40,7
1376229761,42,5
1376229809,44,3
1376229876,45,2
1376229903,45,2
1376230009,45,2
1376230269,46,1
1376230484,46,1
1376230487,45,2
1376230777,44,3
1376230788,45,2
1376230997,46,1
1376231562,44,3
1376231581,45,2
1376231816,46,1
1376232118,45,2
1376232627,46,1
1376232816,45,2
1376232970,46,1
1376233574,46,1
1376234177,46,1
1376234781,46,1
1376235093,45,2
1376235400,45,2
1376235408,46,1
1376235571,45,2
1376235661,45,2
1376235710,45,2
1376235789,45,2
1376235836,45,2
1376235919,45,2
1376236062,44,3
1376236092,45,2
1376236696,45,2
1376237299,45,2
1376237425,46,1
1376237622,45,2
1376238226,45,2
1376238450,46,1
1376239054,46,1
1376239559,45,2
1376239941,45,2
1376240545,45,2
1376240692,44,3
1376241040,45,2
1376241643,45,2
1376242247,45,2
1376242574,43,4
1376242739,44,3
1376242841,44,3
1376242853,45,2
1376242992,43,4
1376243290,42,5
1376243497,41,6
1376243559,40,7
1376243963,41,6
1376244225,41,6
1376244227,42,5
1376244422,43,4
1376245025,43,4
1376245087,43,4
1376245177,43,4
1376245242,43,4
1376245278,44,3
1376245416,42,5
1376245473,43,4
1376245608,42,5
1376246212,42,5
1376246760,43,4
1376247077,44,3
1376247681,44,3
1376247733,43,4
1376247933,44,3
1376248360,44,3
1376248397,42,5
1376248592,41,6
1376248791,40,7
1376249395,40,7
1376249773,41,6
1376249839,42,5
1376249904,43,4
1376250399,42,5
1376250781,41,6
1376251361,41,6
1376251506,43,4
1376251565,42,5
1376251660,43,4
1376251839,44,3
1376251989,45,2
1376252547,46,1
1376252582,45,2
1376253184,46,1
1376253227,46,1
1376253831,46,1
1376254435,46,1
1376255078,45,2
1376255358,46,1
1376255962,46,1
1376256566,46,1
1376257169,46,1
1376257773,46,1
1376258377,46,1
1376258980,46,1
1376259583,46,1
1376260186,46,1
1376260458,44,3
1376260866,45,2
1376260988,45,2
1376261037,46,1
1376261640,46,1
1376262244,46,1
1376262846,46,1
1376263431,45,2
1376263574,46,1
1376264177,46,1
1376264780,46,1
1376265384,46,1
1376265987,46,1
1376266420,45,2
1376267024,45,2
1376267627,45,2
1376268231,45,2
1376268834,45,2
1376269438,45,2
1376269933,45,2
1376270537,45,2
1376271140,45,2
1376271744,45,2
1376272348,45,2
1376272722,45,2
1376273326,45,2
1376273929,45,2
1376274533,45,2
1376275136,45,2
1376275740,45,2
1376276343,45,2
1376276947,45,2
1376277550,45,2
1376278154,45,2
1376278757,45,2
1376279361,45,2
1376279965,45,2
1376280568,45,2
1376281172,45,2
1376281775,45,2
1376282379,45,2
1376282982,45,2
1376283586,45,2
1376283761,45,2
1376283770,46,1
1376284374,46,1
1376284977,46,1
1376285581,46,1
1376286185,46,1
1376286789,46,1
1376287392,46,1
1376287996,46,1
1376288600,46,1
1376289203,46,1
1376289579,45,2
1376289895,46,1
1376290271,45,2
1376290833,45,2
1376290894,45,2
1376291497,45,2
1376291654,46,1
1376292256,45,2
1376292860,45,2
1376292913,46,1
1376293517,46,1
1376294121,46,1
1376294724,46,1
1376295162,46,1
1376295164,45,2
1376295462,45,2
1376295465,44,3
1376295635,45,2
1376296061,46,1
1376296157,46,1
1376296760,46,1
1376297364,46,1
1376297968,46,1
1376298571,46,1
1376299167,45,2
1376299284,46,1
1376299888,46,1
1376300492,46,1
1376301096,46,1
1376301700,46,1
1376302303,46,1
1376302907,46,1
1376303291,46,1
1376303894,46,1
1376304498,46,1
1376304859,45,2
1376305035,46,1
1376305638,46,1
1376306242,46,1
1376306596,45,2
1376306740,45,2
1376306750,46,1
1376306905,45,2
1376307103,45,2
1376307171,45,2
1376307414,46,1
1376308017,46,1
1376308131,45,2
1376308648,45,2
1376308698,45,2
1376308770,45,2
1376308918,45,2
1376308986,45,2
1376309055,46,1
1376309485,45,2
1376309682,46,1
1376310265,44,3
1376310583,45,2
1376310626,45,2
1376310701,44,3
1376310757,45,2
1376310783,46,1
1376311115,45,2
1376311719,45,2
1376311828,43,4
1376311863,41,6
1376312467,41,6
1376312558,43,4
1376312592,44,3
1376312858,45,2
1376313041,46,1
1376313084,46,1
1376313217,45,2
1376313340,45,2
1376313349,46,1
1376313732,45,2
1376314045,44,3
1376314081,45,2
1376314599,45,2
1376314607,46,1
1376314877,46,1
1376314961,46,1
1376314984,46,1
1376315377,45,2
1376315387,46,1
1376315736,46,1
1376315966,45,2
1376316032,44,3
1376316381,44,3
1376316424,45,2
1376316504,45,2
1376316545,45,2
1376316813,44,3
1376317017,45,2
1376317601,44,3
1376317635,44,3
1376317719,44,3
1376317752,44,3
1376317792,45,2
1376318396,45,2
1376318600,43,4
1376318667,42,5
1376318762,43,4
1376318857,41,6
1376318979,41,6
1376319033,41,6
1376319086,43,4
1376319702,43,4
1376319712,44,3
1376319817,44,3
1376319880,45,2
1376319892,44,3
1376320034,45,2
1376320091,46,1
1376320213,46,1
1376320292,45,2
1376320601,45,2
1376320612,46,1
1376321255,45,2
1376321861,46,1
1376322103,46,1
1376322105,45,2
1376322311,44,3
1376322540,43,4
1376322884,42,5
1376322892,43,4
1376323169,41,6
1376323302,42,5
1376323568,42,5
1376323693,42,5
1376323891,42,5
1376323998,42,5
1376324076,41,6
1376324142,41,6
1376324184,41,6
1376324239,42,5
1376324342,43,4
1376324424,43,4
1376324467,44,3
1376324799,42,5
1376324853,42,5
1376324875,43,4
1376324956,44,3
1376325093,46,1
1376325594,45,2
1376325655,46,1
1376325875,45,2
1376325961,46,1
1376326179,46,1
1376326212,45,2
1376326341,44,3
1376326422,43,4
1376326439,45,2
1376326602,45,2
1376326612,45,2
1376326720,46,1
1376327206,45,2
1376327559,45,2
1376327605,45,2
1376327714,46,1
1376328126,45,2
1376328335,44,3
1376328441,45,2
1376328632,44,3
1376328660,44,3
1376328761,44,3
1376328802,45,2
1376328834,46,1
1376329093,45,2
1376329143,46,1
1376329296,45,2
1376329341,45,2
1376329438,44,3
1376329926,45,2
1376330015,45,2
1376330128,43,4
1376330201,43,4
1376330203,44,3
1376330431,43,4
1376330504,43,4
1376330560,44,3
1376330601,44,3
1376330742,43,4
1376330790,44,3
1376330982,44,3
1376330985,45,2
1376331516,45,2
1376331526,46,1
1376331625,45,2
1376331663,46,1
1376332063,45,2
1376332633,46,1
1376333237,46,1
1376333377,45,2
1376333620,44,3
1376333854,44,3
1376334265,44,3
1376334326,44,3
1376334390,43,4
1376334555,42,5
1376334806,43,4
1376335057,44,3
1376335094,46,1
1376335179,44,2
1376335212,45,2
1376335281,45,2
1376335354,45,2
1376335372,46,1
1376335633,45,2
1376335831,43,4
1376336020,43,4
1376336074,45,2
1376336298,46,1
1376336845,45,2
1376337125,44,3
1376337243,43,4
1376337392,44,3
1376337459,43,4
1376337521,45,2
1376337528,46,1
1376338103,46,1
1376338162,46,1
1376338219,46,1
1376338823,46,1
1376338963,46,1
1376339020,45,2
1376339022,46,1
1376339625,46,1
1376340229,46,1
1376340832,46,1
1376341436,46,1
1376341874,45,2
1376342478,45,2
1376342777,45,2
1376342840,46,1
1376343444,46,1
1376344047,46,1
1376344651,46,1
1376344978,45,2
1376345224,45,2
1376345442,45,1
1376345445,44,2
1376345822,44,2
1376345889,45,2
1376345946,44,3
1376346018,46,1
1376346630,46,1
1376347233,46,1
1376347837,46,1
1376348209,45,2
1376348812,45,2
1376349416,45,2
1376350019,45,2
1376350658,45,2
1376350715,46,1
1376351319,46,1
1376351922,46,1
1376352526,46,1
1376353130,46,1
1376353733,46,1
1376354337,46,1
1376354940,46,1
1376355544,46,1
1376356337,46,1
1376356941,46,1
1376357544,46,1
1376358148,46,1
1376358751,46,1
1376358816,45,2
1376358984,46,1
1376359587,46,1
1376360191,46,1
1376360794,46,1
1376361398,46,1
1376362002,46,1
1376362605,46,1
1376363208,46,1
1376363812,46,1
1376364416,46,1
1376365019,46,1
1376365623,46,1
1376366226,46,1
1376366830,46,1
1376367433,46,1
1376368037,46,1
1376368640,46,1
1376369244,46,1
1376369847,46,1
1376370450,46,1
1376371054,46,1
1376371657,46,1
1376372261,46,1
1376372864,46,1
1376373468,46,1
1376373849,46,1
1376374452,46,1
1376375055,46,1
1376375211,45,2
1376375640,46,1
1376376244,46,1
1376376321,46,1
1376376753,45,2
1376376840,44,3
1376376937,45,2
1376377235,45,2
1376377270,46,1
1376377638,45,2
1376377711,46,1
1376377981,45,2
1376378184,46,1
1376378788,46,1
1376378885,45,2
1376379062,46,1
1376379194,45,2
1376379624,45,2
1376379925,46,1
1376380529,46,1
1376380809,46,1
1376381413,46,1
1376382016,46,1
1376382555,45,2
1376383158,45,2
1376383221,46,1
1376383825,46,1
1376384429,46,1
1376385032,46,1
1376385635,46,1
1376386239,46,1
1376386843,46,1
1376387446,46,1
1376388050,46,1
1376388477,45,2
1376388580,45,2
1376388589,46,1
1376389192,46,1
1376389795,46,1
1376389939,45,2
1376390203,44,3
1376390213,43,4
1376390378,44,3
1376390756,45,2
1376390818,46,1
1376391421,46,1
1376391643,44,3
1376391697,44,3
1376391734,44,3
1376391942,44,3
1376391951,45,2
1376392601,44,3
1376392910,44,3
1376393011,44,3
1376393080,44,3
1376393117,44,3
1376393145,44,3
1376393230,44,3
1376393334,44,3
1376393619,44,3
1376393704,44,3
1376393936,44,3
1376394062,44,3
1376394126,45,2
1376394655,46,1
1376395103,45,2
1376395374,44,3
1376395519,44,3
1376395576,45,2
1376396180,45,2
1376396783,45,2
1376397158,46,1
1376397635,44,3
1376398156,45,2
1376398291,45,2
1376398323,46,1
1376398502,45,2
1376398618,46,1
1376398747,45,2
1376398806,44,3
1376398987,45,2
1376399278,44,3
1376399882,44,3
1376400163,44,3
1376400171,42,5
1376400416,40,7
1376400668,40,7
1376401255,40,7
1376401351,40,7
1376401409,40,7
1376401456,40,7
1376401602,42,5
1376401660,42,4
1376401718,42,4
1376401781,42,4
1376401783,43,3
1376402387,43,4
1376402462,44,3
1376402622,44,3
1376402658,44,3
1376402712,45,2
1376402766,44,3
1376403370,44,3
1376403429,45,2
1376403739,46,1
1376404320,45,2
1376404396,46,1
1376404576,45,2
1376405198,45,2
1376405206,46,1
1376405353,46,1
1376405420,45,2
1376405615,45,2
1376405684,44,3
1376405738,44,3
1376405799,44,3
1376405838,44,3
1376405897,45,2
1376405937,45,2
1376406020,45,2
1376406382,46,1
1376406986,46,1
1376407301,46,1
1376407303,45,2
1376407901,45,2
1376407910,46,1
1376408243,45,2
1376408349,44,3
1376408455,45,2
1376409091,46,1
1376409695,46,1
1376410057,45,2
1376410123,45,2
1376410149,46,1
1376410518,45,2
1376410756,45,2
1376410867,44,3
1376410941,45,2
1376411238,45,2
1376411345,46,1
1376411495,45,2
1376411549,46,1
1376411707,45,2
1376411862,46,1
1376411915,42,5
1376411951,44,3
1376412012,45,2
1376412102,45,2
1376412116,46,1
1376412277,45,2
1376412338,45,2
1376412390,45,2
1376412459,44,3
1376412494,44,3
1376412554,45,2
1376412690,46,1
1376412773,45,2
1376412880,46,1
1376413062,45,2
1376413072,46,1
1376413201,45,2
1376413301,46,1
1376413353,45,2
1376413541,45,2
1376413562,46,1
1376413657,46,1
1376413693,46,1
1376414285,45,2
1376414382,45,2
1376414391,46,1
1376414838,46,1
1376414920,44,3
1376414942,45,2
1376415073,45,2
1376415373,46,1
1376415603,45,2
1376415655,44,3
1376415839,43,4
1376415965,42,5
1376416036,41,6
1376416133,40,7
1376416393,39,8
1376416522,40,7
1376416764,41,6
1376416808,42,5
1376416862,41,6
1376416939,42,5
1376417081,42,5
1376417140,42,5
1376417186,44,3
1376417340,44,3
1376417681,43,4
1376417717,44,3
1376418071,44,3
1376418275,45,2
1376418310,46,1
1376418913,46,1
1376419002,45,2
1376419057,44,3
1376419153,43,4
1376419323,44,3
1376419927,44,3
1376420049,44,3
1376420132,46,1
1376420678,45,2
1376420706,44,3
1376420969,43,4
1376421039,42,5
1376421094,42,5
1376421155,41,6
1376421203,41,6
1376421274,42,5
1376421334,44,3
1376421446,45,2
1376421701,45,2
1376421704,44,3
1376422308,44,3
1376422744,43,4
1376423348,43,4
1376423534,44,3
1376424138,44,3
1376424322,45,2
1376424925,45,2
1376425529,45,2
1376426056,44,3
1376426500,45,2
1376426559,44,3
1376426569,45,2
1376426775,44,3
1376426842,45,2
1376427318,46,1
1376427921,46,1
1376428524,46,1
1376428685,44,3
1376428765,44,3
1376428835,46,1
1376429439,46,1
1376430040,46,1
1376430057,46,1
1376430661,46,1
1376431264,46,1
1376431868,46,1
1376432471,46,1
1376433075,46,1
1376433678,46,1
1376434103,45,2
1376434151,46,1
1376434754,46,1
1376435358,46,1
1376435962,46,1
1376436565,46,1
1376437169,46,1
1376437773,46,1
1376438044,45,2
1376438647,45,2
1376438919,44,3
1376438979,43,4
1376438990,44,3
1376439593,44,3
1376439793,43,4
1376440397,43,4
1376440602,43,4
1376440604,44,3
1376441128,45,2
1376441191,46,1
1376441323,46,1
1376441325,45,2
1376441929,45,2
1376442533,45,2
1376442735,45,2
1376443001,46,1
1376443605,46,1
1376444209,46,1
1376444342,45,2
1376444946,45,2
1376445549,45,2
1376446153,45,2
1376446757,45,2
1376447361,45,2
1376447964,45,2
1376448567,45,2
1376449170,45,2
1376449774,45,2
1376450377,45,2
1376450981,45,2
1376451585,45,2
1376452188,45,2
1376452792,45,2
1376453395,45,2
1376453999,45,2
1376454602,45,2
1376455206,45,2
1376455809,45,2
1376456413,45,2
1376457016,45,2
1376457620,45,2
1376457873,46,1
1376458075,45,2
1376458679,45,2
1376459283,45,2
1376459443,45,2
1376459445,46,1
1376460049,46,1
1376460653,46,1
1376461256,46,1
1376461860,46,1
1376462345,45,2
1376462410,46,1
1376463013,46,1
1376463229,45,2
1376463833,45,2
1376464121,44,3
1376464440,43,4
1376464486,42,5
1376464574,41,6
1376464703,43,4
1376464771,44,3
1376464988,45,2
1376465117,44,3
1376465212,45,2
1376465405,43,4
1376465481,44,3
1376465915,45,2
1376466511,46,1
1376467114,46,1
1376467718,46,1
1376468322,46,1
1376468925,46,1
1376469004,45,2
1376469608,45,2
1376470003,45,2
1376470011,46,1
1376470231,47,0
1376470278,47,0
1376470882,47,0
1376471485,47,0
1376472088,47,0
1376472692,47,0
1376472999,46,0
1376473026,46,1
1376473344,47,0
1376473948,47,0
1376474551,47,0
1376474694,46,1
1376475298,46,1
1376475636,45,2
1376475799,46,1
1376475959,45,2
1376476734,45,2
1376476831,45,2
1376477322,46,1
1376477489,47,0
1376478093,47,0
1376478696,47,0
1376478712,47,0
1376479315,47,0
1376479919,47,0
1376480143,47,0
1376480146,46,1
1376480217,45,2
1376480821,45,2
1376481006,45,2
1376481140,45,2
1376481606,45,2
1376481762,46,1
1376482349,47,0
1376482953,47,0
1376483556,47,0
1376484087,46,1
1376484211,46,1
1376484263,47,0
1376484867,47,0
1376485471,47,0
1376486074,47,0
1376486678,47,0
1376487281,47,0
1376487884,47,0
1376488488,47,0
1376488603,47,0
1376488612,45,2
1376488698,45,2
1376488772,45,2
1376488839,45,2
1376488887,45,2
1376488950,45,2
1376489013,46,1
1376489066,47,0
1376489670,47,0
1376489742,46,1
1376489856,44,3
1376490222,45,2
1376490235,46,1
1376490438,44,3
1376490511,44,3
1376490528,44,3
1376490643,45,2
1376490732,45,2
1376491019,44,3
1376491110,45,2
1376491181,44,3
1376491231,46,1
1376491300,46,1
1376491324,47,0
1376491928,47,0
1376492024,46,1
1376492056,46,1
1376492515,47,0
1376493118,47,0
1376493624,45,2
1376493764,45,2
1376493767,44,3
1376494081,45,2
1376494593,47,0
1376494859,46,1
1376495051,46,1
1376495264,47,0
1376495327,46,1
1376495517,47,0
1376495950,46,1
1376496054,45,2
1376496388,44,3
1376496667,43,4
1376496758,43,4
1376496818,41,6
1376496879,41,6
1376496913,42,5
1376496995,42,5
1376497049,43,4
1376497089,42,5
1376497164,43,4
1376497577,42,5
1376497784,44,3
1376497821,44,3
1376497918,45,2
1376498435,46,1
1376498462,47,0
1376498933,47,0
1376499182,46,1
1376499785,46,1
1376499990,47,0
1376500594,47,0
1376501009,45,2
1376501170,46,1
1376501321,46,1
1376501364,46,1
1376501561,46,1
1376501569,47,0
1376501765,47,0
1376502396,46,1
1376502540,45,2
1376502690,44,3
1376502718,45,2
1376503321,45,2
1376503414,44,3
1376503482,45,2
1376503503,46,1
1376503901,46,1
1376503914,47,0
1376504322,47,0
1376504362,45,2
1376504822,44,3
1376504911,44,3
1376504943,45,2
1376505098,45,2
1376505159,46,1
1376505185,46,1
1376505263,46,1
1376505307,47,0
1376505701,46,1
1376506211,47,0
1376506782,47,0
1376506785,46,1
1376507138,47,0
1376507742,47,0
1376508346,47,0
1376508792,46,1
1376508854,47,0
1376509135,46,1
1376509594,47,0
1376509606,47,0
1376509664,47,0
1376510202,46,1
1376510375,47,0
1376510438,46,1
1376510614,46,1
1376510713,46,1
1376510799,46,1
1376510815,46,1
1376510973,44,3
1376511576,44,3
1376512180,44,3
1376512446,43,4
1376512534,42,5
1376512602,42,5
1376512682,42,5
1376512749,42,5
1376512820,42,5
1376512902,42,5
1376512914,44,3
1376513002,45,2
1376513606,45,2
1376514056,44,3
1376514399,44,3
1376514407,45,2
1376514500,46,1
1376515104,46,1
1376515465,45,2
1376515603,45,2
1376515668,45,2
1376515754,45,2
1376515828,46,1
1376515878,46,1
1376515947,46,1
1376515994,46,1
1376516076,45,2
1376516131,45,2
1376516174,45,2
1376516247,44,3
1376516298,43,4
1376516366,43,4
1376516402,44,3
1376516560,44,3
1376516594,46,1
1376516670,47,0
1376517274,47,0
1376517877,47,0
1376518481,47,0
1376518677,47,0
1376519281,47,0
1376519884,47,0
1376520488,47,0
1376521092,47,0
1376521279,46,1
1376521883,46,1
1376522487,46,1
1376523091,46,1
1376523254,46,1
1376523810,46,1
1376523832,46,1
1376523893,47,0
1376524496,47,0
1376524812,46,1
1376525416,46,1
1376526020,46,1
1376526202,46,1
1376526237,47,0
1376526566,46,1
1376527170,46,1
1376527442,47,0
1376528046,47,0
1376528649,47,0
1376529134,47,0
1376529737,47,0
1376530341,47,0
1376530945,47,0
1376531548,47,0
1376532152,47,0
1376532756,47,0
1376533359,47,0
1376533963,47,0
1376534567,47,0
1376535170,47,0
1376535773,47,0
1376536410,46,1
1376536643,47,0
1376537247,47,0
1376537851,47,0
1376538127,46,1
1376538731,46,1
1376539334,46,1
1376539938,46,1
1376540541,46,1
1376541145,46,1
1376541748,46,1
1376542352,46,1
1376542955,46,1
1376543559,46,1
1376544035,47,0
1376544436,46,1
1376544581,46,1
1376544589,47,0
1376545192,47,0
1376545796,47,0
1376546399,47,0
1376547003,47,0
1376547607,47,0
1376548210,47,0
1376548813,47,0
1376548894,46,1
1376549498,46,1
1376549667,47,0
1376550270,47,0
1376550874,47,0
1376551477,47,0
1376552081,47,0
1376552685,47,0
1376553288,47,0
1376553892,47,0
1376554495,47,0
1376554933,46,1
1376555056,47,0
1376555659,47,0
1376555877,46,1
1376556513,47,0
1376557117,47,0
1376557406,47,0
1376558009,47,0
1376558344,46,1
1376558947,46,1
1376559173,45,2
1376559777,45,2
1376559874,46,1
1376559960,47,0
1376560564,47,0
1376561167,47,0
1376561771,47,0
1376562374,47,0
1376562978,47,0
1376563582,47,0
1376564185,47,0
1376564217,46,1
1376564498,45,2
1376564517,45,2
1376564701,44,3
1376565043,45,2
1376565096,46,1
1376565148,46,1
1376565282,46,1
1376565309,44,3
1376565507,43,4
1376565612,44,3
1376565752,45,2
1376565818,45,2
1376565919,46,1
1376566045,46,1
1376566230,46,1
1376566320,46,1
1376566420,46,1
1376566465,44,3
1376566603,44,3
1376566630,44,3
1376566711,46,1
1376567243,47,0
1376567757,46,1
1376567867,47,0
1376568470,47,0
1376568872,45,2
1376568998,46,1
1376569601,46,1
1376569737,46,1
1376569792,47,0
1376570395,47,0
1376570999,47,0
1376571602,47,0
1376572206,47,0
1376572681,46,1
1376572810,47,0
1376573029,46,1
1376573244,47,0
1376573848,47,0
1376573940,46,1
1376574157,47,0
1376574636,46,1
1376574743,47,0
1376574839,46,1
1376574921,46,1
1376575043,47,0
1376575646,47,0
1376576192,46,1
1376576441,46,1
1376576493,45,2
1376576529,46,1
1376576742,46,1
1376576857,46,1
1376577131,46,1
1376577215,47,0
1376577240,47,0
1376577844,47,0
1376578430,46,1
1376579033,46,1
1376579104,45,2
1376579502,45,2
1376579505,46,1
1376579585,44,3
1376579740,45,2
1376579790,45,2
1376579863,46,1
1376579884,46,1
1376579976,46,1
1376580013,47,0
1376580316,47,0
1376580702,46,1
1376580705,45,2
1376580941,45,2
1376580995,44,3
1376581028,45,2
1376581356,44,3
1376581600,45,2
1376581610,46,1
1376581696,46,1
1376581760,45,2
1376581791,44,3
1376581960,45,2
1376582251,46,1
1376582319,46,1
1376582367,47,0
1376582970,47,0
1376583099,47,0
1376583703,47,0
1376583880,45,2
1376584183,44,3
1376584240,43,4
1376584277,43,4
1376584361,43,4
1376584416,43,4
1376584461,42,5
1376584526,42,5
1376584647,43,4
1376584720,45,2
1376584841,45,2
1376584894,44,3
1376584940,45,2
1376584989,45,2
1376585079,46,1
1376585112,44,3
1376585201,45,2
1376585305,46,1
1376585693,45,2
1376586082,46,1
1376586163,46,1
1376586272,45,2
1376586699,44,3
1376586708,45,2
1376587252,44,3
1376587876,44,3
1376588132,45,2
1376588342,44,3
1376588425,43,4
1376588481,44,3
1376588719,43,4
1376589343,42,5
1376589643,43,4
1376590246,43,4
1376590363,43,4
1376590366,42,5
1376590577,40,7
1376590618,39,8
1376590675,38,9
1376590901,37,10
1376591018,37,10
1376591052,38,9
1376591111,36,11
1376591242,37,10
1376591409,36,11
1376591798,37,10
1376591920,37,10
1376592100,36,11
1376592109,35,12
1376592670,34,13
1376592775,34,13
1376592884,35,12
1376592934,34,13
1376593092,34,13
1376593183,36,11
1376593227,37,10
1376593326,38,9
1376593404,39,8
1376593435,39,8
1376593590,39,8
1376593658,39,8
1376593685,39,8
1376593779,40,7
1376593827,40,7
1376593992,41,6
1376594195,41,6
1376594278,41,6
1376594329,40,7
1376594932,40,7
1376595535,40,7
1376595977,41,6
1376596055,42,5
1376596068,43,4
1376596671,43,4
1376596796,42,5
1376597083,43,4
1376597199,44,3
1376597241,44,3
1376597623,43,4
1376597645,44,3
1376597716,43,4
1376598320,43,4
1376598924,43,4
1376599527,43,4
1376599719,43,4
1376599902,43,4
1376599913,44,3
1376600185,45,2
1376600788,45,2
1376601101,44,3
1376601253,43,4
1376601435,42,5
1376601588,41,6
1376602191,41,6
1376602795,41,6
1376602901,42,5
1376602928,42,5
1376602970,43,4
1376603078,44,3
1376603682,44,3
1376604045,43,4
1376604065,43,4
1376604159,43,4
1376604205,43,4
1376604227,44,3
1376604830,44,3
1376604972,45,2
1376605481,45,2
1376605491,46,1
1376606122,47,0
1376606726,47,0
1376607329,47,0
1376607611,46,1
1376608214,46,1
1376608895,46,1
1376609499,46,1
1376610103,46,1
1376610707,46,1
1376611310,46,1
1376611407,45,2
1376612011,45,2
1376612615,45,2
1376613218,45,2
1376613235,46,1
1376613839,46,1
1376614104,47,0
1376614708,47,0
1376615311,47,0
1376615535,47,0
1376616139,47,0
1376616743,47,0
1376617346,47,0
1376617950,47,0
1376618554,47,0
1376619157,47,0
1376619761,47,0
1376620364,47,0
1376620968,47,0
1376621571,47,0
1376622175,47,0
1376622778,47,0
1376623382,47,0
1376623985,47,0
1376624589,47,0
1376625192,47,0
1376625321,47,0
1376625924,47,0
1376626528,47,0
1376627131,47,0
1376627735,47,0
1376628339,47,0
1376628942,47,0
1376629546,47,0
1376630149,47,0
1376630753,47,0
1376631356,47,0
1376631960,47,0
1376632262,46,1
1376632489,45,2
1376633092,45,2
1376633418,46,1
1376633731,45,2
1376633966,45,2
1376634364,45,2
1376634610,46,1
1376635053,47,0
1376635656,47,0
1376636260,47,0
1376636863,47,0
1376637467,47,0
1376638122,46,1
1376638156,46,1
1376638193,46,1
1376638422,46,1
1376638431,47,0
1376638698,47,0
1376638969,47,0
1376639573,47,0
1376640177,47,0
1376640780,47,0
1376641384,47,0
1376641987,47,0
1376642285,45,2
1376642889,45,2
1376642940,44,3
1376643403,43,4
1376643566,43,4
1376643596,44,3
1376643874,44,3
1376643943,46,1
1376643962,46,1
1376644061,46,1
1376644063,47,0
1376644667,47,0
1376644775,46,1
1376644981,47,0
1376645031,46,1
1376645243,46,1
1376645269,47,0
1376645873,47,0
1376646341,46,1
1376646726,46,1
1376646804,46,1
1376646870,46,1
1376646938,46,1
1376646979,45,2
1376647040,46,1
1376647103,46,1
1376647179,46,1
1376647218,47,0
1376647657,46,1
1376648153,45,2
1376648679,46,1
1376648804,46,1
1376648806,47,0
1376649410,47,0
1376649882,46,1
1376650062,47,0
1376650666,47,0
1376651269,47,0
1376651873,47,0
1376652477,47,0
1376652639,46,1
1376652942,46,1
1376652944,47,0
1376653191,46,1
1376653571,45,2
1376653719,44,3
1376653802,45,2
1376653872,46,1
1376654476,46,1
1376654620,47,0
1376654788,45,2
1376654834,46,1
1376655014,45,2
1376655136,47,0
1376655740,47,0
1376655847,46,1
1376656450,46,1
1376657054,46,1
1376657247,46,1
1376657287,46,1
1376657381,46,1
1376657384,45,2
1376657560,45,2
1376657570,46,1
1376657663,47,0
1376658267,47,0
1376658871,47,0
1376659474,47,0
1376659547,46,1
1376659682,47,0
1376659923,46,1
1376660135,47,0
1376660739,47,0
1376661342,47,0
1376661392,46,1
1376661682,45,2
1376661910,44,3
1376662283,44,3
1376662385,45,2
1376662663,46,1
1376662884,46,1
1376663074,46,1
1376663258,47,0
1376663844,47,0
1376664275,46,1
1376664545,45,2
1376664915,46,1
1376664993,47,0
1376665071,46,1
1376665154,47,0
1376665738,46,1
1376665891,46,1
1376665961,46,1
1376665970,47,0
1376666343,46,1
1376666619,46,1
1376666628,47,0
1376667090,45,2
1376667332,45,2
1376667363,46,1
1376667452,45,2
1376667512,47,0
1376667572,47,0
1376668176,47,0
1376668434,46,1
1376668952,47,0
1376669130,46,1
1376669695,45,2
1376669885,46,1
1376670398,44,3
1376670567,44,3
1376670813,45,2
1376670899,46,1
1376671020,47,0
1376671397,45,2
1376671590,46,1
1376671618,46,1
1376671711,46,1
1376671776,46,1
1376671820,47,0
1376671958,46,1
1376672002,45,2
1376672165,44,3
1376672221,43,4
1376672375,41,6
1376672414,41,6
1376672499,40,7
1376672551,41,6
1376672599,41,6
1376672681,42,5
1376672785,40,7
1376672984,40,7
1376672994,41,6
1376673111,40,7
1376673200,41,6
1376673238,42,5
1376673535,40,7
1376673704,40,7
1376673716,38,9
1376674063,38,9
1376674111,38,9
1376674157,39,8
1376674232,39,8
1376674364,39,8
1376674382,38,9
1376674541,36,11
1376674551,38,9
1376674638,38,9
1376674880,39,8
1376674963,39,8
1376674997,40,7
1376675607,40,7
1376676161,40,7
1376676199,42,5
1376676278,40,7
1376676308,42,5
1376676583,42,5
1376676679,42,5
1376677283,42,5
1376677783,42,5
1376677791,43,4
1376678366,44,3
1376678705,45,2
1376678983,45,2
1376678987,43,4
1376679074,43,4
1376679161,44,3
1376679764,44,3
1376680341,43,4
1376680418,43,4
1376680482,44,3
1376680523,44,3
1376680601,44,3
1376681205,44,3
1376681430,43,4
1376682033,43,4
1376682361,44,3
1376682431,43,4
1376682923,44,3
1376683316,45,2
1376683798,46,1
1376684403,46,1
1376684563,46,1
1376684571,47,0
1376684782,46,1
1376685207,46,1
1376685251,46,1
1376685855,46,1
1376686458,46,1
1376687062,46,1
1376687665,46,1
1376687941,45,2
1376688344,45,2
1376688347,46,1
1376688951,46,1
1376689047,47,0
1376689650,47,0
1376690254,47,0
1376690404,47,0
1376690912,46,1
1376691516,46,1
1376692120,46,1
1376692364,46,1
1376692372,47,0
1376692975,47,0
1376693579,47,0
1376694182,47,0
1376694786,47,0
1376695390,47,0
1376695993,47,0
1376696597,47,0
1376697200,47,0
1376697804,47,0
1376698407,47,0
1376699011,47,0
1376699614,47,0
1376699779,46,1
1376700383,46,1
1376700988,46,1
1376701591,46,1
1376701963,47,0
1376702567,47,0
1376703171,47,0
1376703774,47,0
1376704377,47,0
1376704981,47,0
1376705585,47,0
1376706188,47,0
1376706792,47,0
1376707395,47,0
1376707999,47,0
1376708602,47,0
1376709098,46,1
1376709118,45,2
1376709721,45,2
1376710078,46,1
1376710577,46,1
1376711180,46,1
1376711784,46,1
1376712387,46,1
1376712991,46,1
1376713594,46,1
1376714197,46,1
1376714801,46,1
1376715404,46,1
1376716008,46,1
1376716611,46,1
1376716719,46,0
1376716750,47,0
1376717269,46,1
1376717872,46,1
1376718476,46,1
1376719079,46,1
1376719295,47,0
1376719899,47,0
1376720502,47,0
1376721106,47,0
1376721709,47,0
1376722354,46,1
1376722515,47,0
1376723119,47,0
1376723722,47,0
1376724326,47,0
1376724930,47,0
1376725534,47,0
1376726138,47,0
1376726741,47,0
1376726895,47,0
1376726927,47,0
1376727420,46,1
1376727631,45,2
1376728167,46,1
1376728359,45,2
1376728459,45,2
1376728713,46,1
1376728816,46,1
1376729420,46,1
1376730023,46,1
1376730496,46,1
1376731099,46,1
1376731703,46,1
1376732307,46,1
1376732436,45,2
1376733040,45,2
1376733525,43,4
1376733526,43,4
1376733735,44,3
1376733876,45,2
1376733900,46,1
1376734172,47,0
1376734300,46,1
1376734337,46,1
1376734369,47,0
1376734972,47,0
1376735209,46,1
1376735813,46,1
1376735984,46,1
1376736092,47,0
1376736696,47,0
1376736972,46,1
1376737243,47,0
1376737763,46,1
1376737947,46,1
1376738381,46,1
1376738409,47,0
1376739013,47,0
1376739126,46,1
1376739323,47,0
1376739398,46,1
1376739542,45,2
1376739823,45,2
1376739885,45,2
1376739934,45,2
1376739980,46,1
1376740063,46,1
1376740168,47,0
1376740774,46,1
1376740837,47,0
1376741441,47,0
1376742024,47,0
1376742627,47,0
1376743246,47,0
1376743248,46,1
1376743349,46,1
1376743391,47,0
1376743995,47,0
1376744065,46,1
1376744669,46,1
1376745045,47,0
1376745104,47,0
1376745215,47,0
1376745818,47,0
1376746422,47,0
1376747025,47,0
1376747369,46,1
1376747444,46,1
1376747454,47,0
1376748045,46,1
1376748054,47,0
1376748503,46,1
1376748638,46,1
1376748648,47,0
1376748878,46,1
1376749481,46,1
1376749649,47,0
1376750253,47,0
1376750856,47,0
1376751058,46,1
1376751464,46,1
1376751490,47,0
1376751781,46,1
1376751930,47,0
1376752498,46,1
1376752990,45,2
1376753185,47,0
1376753801,46,1
1376753838,47,0
1376753898,46,1
1376754497,45,2
1376754584,46,1
1376754791,47,0
1376755394,47,0
1376755998,47,0
1376756621,46,1
1376756738,45,2
1376756923,45,2
1376756931,46,1
1376757282,47,0
1376757885,47,0
1376758489,47,0
1376758603,45,2
1376759259,45,2
1376759324,45,2
1376759358,47,0
1376759984,46,1
1376760145,47,0
1376760623,47,0
1376761227,47,0
1376761604,47,0
1376761606,46,1
1376761709,45,2
1376761834,44,3
1376761950,45,2
1376762021,45,2
1376762030,46,1
1376762304,46,1
1376762326,46,1
1376762396,47,0
1376762654,46,1
1376763270,45,2
1376763334,44,3
1376763756,41,5
1376763925,38,8
1376764172,39,7
1376764224,40,6
1376764750,41,5
1376764895,40,6
1376765127,40,6
1376765155,41,5
1376765369,40,6
1376765424,41,5
1376765558,42,4
1376765821,43,3
1376765951,42,4
1376766014,43,3
1376766123,43,3
1376766214,43,3
1376766258,44,2
1376766520,44,2
1376766566,46,0
1376766728,45,1
1376766823,45,1
1376766865,45,1
1376767433,46,0
1376767662,44,2
1376767928,43,3
1376768199,42,4
1376768213,42,4
1376768325,42,4
1376768465,42,4
1376768672,42,4
1376768896,43,3
1376768945,44,2
1376769390,43,3
1376769519,45,1
1376769855,46,0
1376770459,46,0
1376771062,46,0
1376771569,45,1
1376771778,44,2
1376772382,44,2
1376772986,44,2
1376773342,42,4
1376773799,41,5
1376774403,41,5
1376774598,40,6
1376775161,41,5
1376775820,42,4
1376775843,43,3
1376776446,43,3
1376777050,43,3
1376777165,44,2
1376777653,46,0
1376778257,46,0
1376778861,46,0
1376779200,44,2
1376779804,44,2
1376780196,43,3
1376780375,44,2
1376780703,45,1
1376780765,44,2
1376781369,44,2
1376781972,44,2
1376782518,45,1
1376783121,45,1
1376783725,45,1
1376784007,45,1
1376784611,45,1
1376785214,45,1
1376785818,45,1
1376786421,45,1
1376787025,45,1
1376787628,45,1
1376788345,45,1
1376789320,45,1
1376789332,45,1
1376789428,45,1
1376789496,46,0
1376790100,46,0
1376790703,46,0
1376791307,46,0
1376791910,46,0
1376792081,46,0
1376792685,46,0
1376793289,46,0
1376793892,46,0
1376794521,45,1
1376795124,45,1
1376795728,45,1
1376796331,45,1
1376796935,45,1
1376797538,45,1
1376798141,45,1
1376798745,45,1
1376799348,45,1
1376799952,45,1
1376800555,45,1
1376801159,45,1
1376801763,45,1
1376802079,46,0
1376802334,45,1
1376802938,45,1
1376803388,46,0
1376803430,45,1
1376804033,45,1
1376804637,45,1
1376805240,45,1
1376805844,45,1
1376806448,45,1
1376806905,45,1
1376806907,46,0
1376807510,46,0
1376807769,45,1
1376808373,45,1
1376808976,45,1
1376809580,45,1
1376810110,46,0
1376810713,46,0
1376811317,46,0
1376811920,46,0
1376812255,46,0
1376812858,46,0
1376813462,46,0
1376814065,46,0
1376814669,46,0
1376815273,46,0
1376815876,46,0
1376816488,46,0
1376817091,46,0
1376817695,46,0
1376818298,46,0
1376818902,46,0
1376819505,46,0
1376820109,46,0
1376820712,46,0
1376821162,44,2
1376821766,44,2
1376822287,44,2
1376822918,46,0
1376823522,46,0
1376824105,45,1
1376824513,46,0
1376824710,45,1
1376824738,44,2
1376824947,45,1
1376825603,44,2
1376825675,44,2
1376825738,43,3
1376825755,43,3
1376826362,42,4
1376826426,43,3
1376826721,42,4
1376826805,41,5
1376827409,41,5
1376827535,42,4
1376828114,43,3
1376828202,44,2
1376828375,43,3
1376828979,43,3
1376829020,45,1
1376829520,44,2
1376829568,44,2
1376829613,45,1
1376829941,44,2
1376830290,43,3
1376830587,44,2
1376830721,45,1
1376830933,46,0
1376831536,46,0
1376831682,46,0
1376831709,45,1
1376831771,46,0
1376832035,45,1
1376832125,46,0
1376832729,46,0
1376833003,46,0
1376833016,44,2
