1376208590,25,8
1376209194,25,8
1376209798,25,8
1376210402,25,8
1376211006,25,8
1376211611,25,8
1376212215,25,8
1376212819,25,8
1376213423,25,8
1376214028,25,8
1376214631,25,8
1376215235,25,8
1376215361,24,8
1376215399,23,10
1376216002,23,10
1376216605,23,10
1376216860,23,10
1376216917,25,8
1376217521,25,8
1376218126,25,8
1376218352,23,10
1376218471,23,10
1376218539,23,10
1376218567,23,10
1376218643,24,9
1376218673,25,8
1376219212,25,8
1376219313,25,8
1376219372,25,8
1376219602,25,8
1376219632,24,9
1376220040,24,9
1376220049,25,8
1376220652,25,8
1376221121,24,9
1376221129,23,10
1376221733,23,10
1376222021,24,9
1376222031,22,11
1376222200,23,10
1376222255,24,9
1376222291,25,8
1376222896,25,8
1376223404,23,10
1376224008,23,10
1376224506,23,10
1376224656,24,9
1376225259,24,9
1376225315,24,9
1376225345,25,8
1376225729,25,8
1376225763,25,8
1376225852,25,8
1376225892,26,7
1376226495,26,7
1376226545,26,7
1376226621,26,7
1376226663,26,7
1376226740,25,8
1376226852,25,8
1376227002,24,9
1376227043,24,9
1376227095,25,8
1376227178,27,6
1376227224,28,5
1376227257,29,4
1376227861,29,4
1376228302,30,3
1376228842,28,5
1376229098,28,5
1376229129,29,4
1376229197,29,4
1376229321,30,3
1376229925,30,3
1376229984,29,4
1376230164,29,4
1376230188,30,3
1376230301,30,3
1376230309,31,2
1376230912,31,2
1376231073,30,3
1376231676,30,3
1376232280,30,3
1376232777,32,1
1376233380,32,1
1376233597,32,1
1376234200,32,1
1376234804,32,1
1376235407,32,1
1376236011,32,1
1376236614,32,1
1376237081,31,2
1376237151,31,2
1376237311,31,2
1376237340,32,1
1376237944,32,1
1376238265,32,1
1376238869,32,1
1376239382,31,2
1376239655,32,1
1376240259,32,1
1376240864,32,1
1376241467,32,1
1376242072,32,1
1376242675,32,1
1376243280,32,1
1376243883,32,1
1376244487,32,1
1376245007,31,2
1376245445,32,1
1376246049,32,1
1376246652,32,1
1376247256,32,1
1376247859,32,1
1376248463,32,1
1376249066,32,1
1376249670,32,1
1376250273,32,1
1376250877,32,1
1376251178,32,1
1376251244,32,1
1376251848,32,1
1376252451,32,1
1376253055,32,1
1376253333,31,2
1376253937,31,2
1376254540,31,2
1376255144,31,2
1376255517,32,1
1376256098,31,2
1376256702,31,2
1376257305,31,2
1376257909,31,2
1376258513,31,2
1376259116,31,2
1376259720,31,2
1376260324,31,2
1376260927,31,2
1376261531,31,2
1376262134,31,2
1376262738,31,2
1376262972,32,1
1376263576,32,1
1376264179,32,1
1376264783,32,1
1376265387,32,1
1376265990,32,1
1376266594,32,1
1376267197,32,1
1376267801,32,1
1376268404,32,1
1376269008,32,1
1376269612,32,1
1376269994,32,1
1376270597,32,1
1376271201,32,1
1376271804,32,1
1376272408,32,1
1376273011,32,1
1376273615,32,1
1376274218,32,1
1376274822,32,1
1376275425,32,1
1376276029,32,1
1376276632,32,1
1376277236,32,1
1376277840,32,1
1376278443,32,1
1376279048,32,1
1376279652,32,1
1376280255,32,1
1376280859,32,1
1376281463,32,1
1376282066,32,1
1376282670,32,1
1376283273,32,1
1376283877,32,1
1376284480,32,1
1376285084,32,1
1376285687,32,1
1376286052,31,2
1376286376,30,3
1376286979,30,3
1376287206,31,2
1376287810,31,2
1376288413,31,2
1376289016,31,2
1376289620,31,2
1376290224,31,2
1376290827,31,2
1376290960,31,2
1376290963,30,3
1376291536,29,4
1376292139,29,4
1376292199,28,5
1376292320,27,6
1376292383,26,7
1376292641,24,9
1376293244,24,9
1376293362,24,9
1376293364,23,10
1376293468,22,11
1376294071,22,11
1376294675,22,11
1376294832,21,12
1376295319,22,11
1376295922,22,11
1376296340,20,13
1376296903,19,14
1376296922,16,17
1376297527,16,17
1376298130,16,17
1376298255,16,16
1376298858,16,16
1376299462,16,16
1376300066,16,16
1376300377,14,18
1376300980,14,18
1376301102,12,20
1376301105,11,21
1376301583,10,22
1376301749,11,21
1376302363,11,21
1376302365,10,22
1376302969,10,22
1376303440,9,23
1376303453,8,24
1376303531,9,23
1376304096,9,23
1376304699,9,23
1376305303,9,23
1376305719,7,25
1376305777,7,25
1376305797,8,24
1376306401,8,24
1376306861,6,26
1376307465,6,26
1376307723,6,26
1376308326,6,26
1376308692,5,27
1376309296,5,27
1376309899,5,27
1376310301,4,28
1376310904,4,28
1376311508,4,28
1376311712,5,27
1376311760,6,26
1376312364,6,26
1376312487,7,25
1376312553,7,25
1376313157,7,25
1376313761,7,25
1376314364,7,25
1376314967,7,25
1376315572,7,25
1376316043,6,26
1376316053,5,27
1376316656,5,27
1376317260,5,27
1376317631,5,27
1376317714,7,25
1376318159,8,24
1376318306,8,24
1376318343,9,23
1376318560,7,25
1376319165,7,25
1376319768,7,25
1376320100,8,24
1376320179,9,23
1376320228,10,22
1376320266,11,21
1376320588,10,22
1376320848,9,23
1376320937,8,24
1376321165,5,27
1376321666,5,27
1376321717,4,28
1376321802,3,29
1376322028,3,29
1376322103,5,27
1376322247,6,26
1376322840,5,27
1376323443,5,27
1376323520,5,27
1376323592,6,26
1376323654,7,25
1376324045,7,25
1376324119,8,24
1376324369,7,25
1376324400,8,24
1376324586,9,23
1376325189,9,23
1376325343,10,22
1376325362,12,20
1376325461,11,20
1376325480,10,22
1376325917,11,21
1376326060,11,21
1376326224,12,20
1376326363,13,19
1376326406,14,18
1376326876,14,18
1376326948,15,17
1376326973,15,17
1376327074,15,17
1376327103,16,16
1376327200,17,15
1376327493,17,15
1376327558,18,14
1376327589,20,12
1376327638,21,11
1376327727,20,12
1376327919,21,11
1376328015,22,10
1376328101,22,10
1376328110,23,9
1376328402,24,8
1376328560,25,7
1376328848,26,6
1376328983,28,4
1376329424,28,4
1376329693,28,4
1376329923,29,3
1376330020,30,2
1376330066,28,4
1376330097,29,3
1376330701,29,3
1376330967,30,2
1376331275,30,2
1376331879,30,2
1376332483,30,2
1376332803,29,3
1376332897,30,2
1376333501,30,2
1376334105,30,2
1376334708,30,2
1376335303,30,2
1376335907,31,1
1376336511,31,1
1376337115,31,1
1376337717,31,1
1376338321,31,1
1376338924,31,1
1376339432,31,1
1376339460,32,0
1376340064,32,0
1376340667,32,0
1376340997,31,1
1376341600,31,1
1376342204,31,1
1376342502,30,2
1376342558,30,2
1376342565,31,1
1376343170,31,1
1376343269,31,1
1376343344,31,1
1376343450,31,1
1376344055,31,1
1376344509,31,1
1376344561,31,1
1376344622,31,1
1376345227,31,1
1376345831,31,1
1376346079,32,0
1376346682,32,0
1376347286,32,0
1376347890,32,0
1376348494,32,0
1376349097,32,0
1376349701,32,0
1376350304,32,0
1376350908,32,0
1376351511,32,0
1376352115,32,0
1376352718,32,0
1376353322,32,0
1376353926,32,0
1376354530,32,0
1376355133,32,0
1376355737,32,0
1376356394,32,0
1376356949,31,1
1376357553,31,1
1376358156,31,1
1376358760,31,1
1376359363,31,1
1376359966,31,1
1376360570,31,1
1376361173,31,1
1376361777,31,1
1376362381,31,1
1376362506,30,2
1376363109,30,2
1376363713,30,2
1376364316,30,2
1376364920,30,2
1376365523,30,2
1376366126,30,2
1376366730,30,2
1376367333,30,2
1376367937,30,2
1376368541,30,2
1376369144,30,2
1376369299,29,3
1376369902,29,3
1376370506,29,3
1376371109,29,3
1376371713,29,3
1376372316,29,3
1376372850,28,4
1376373453,28,4
1376373734,29,3
1376374030,28,4
1376374634,28,4
1376375066,27,5
1376375670,27,5
1376375979,26,6
1376376582,26,6
1376376686,25,7
1376377290,25,7
1376377505,24,8
1376377617,23,9
1376378220,23,9
1376378369,22,10
1376378406,23,9
1376378464,22,10
1376378536,21,11
1376378932,20,12
1376379208,20,12
1376379241,21,11
1376379574,20,12
1376379683,19,13
1376379785,18,14
1376380093,15,17
1376380126,14,18
1376380264,13,19
1376380867,13,19
1376380961,12,20
1376381566,12,20
1376382169,12,20
1376382773,12,20
1376383376,12,20
1376383980,12,20
1376384511,12,20
1376385053,11,21
1376385276,12,21
1376385304,12,21
1376385440,13,20
1376385505,13,20
1376385527,13,20
1376386131,13,20
1376386735,13,20
1376387339,13,20
1376387943,13,20
1376388547,13,20
1376389151,13,20
1376389568,11,22
1376390172,11,22
1376390418,11,22
1376390481,12,21
1376390548,13,20
1376390833,13,20
1376390869,14,19
1376390970,14,19
1376391019,14,19
1376391060,15,18
1376391367,14,19
1376391970,14,19
1376392574,14,19
1376393203,14,19
1376393247,15,18
1376393851,15,18
1376394014,16,17
1376394182,15,18
1376394726,14,19
1376395330,14,19
1376395934,14,19
1376396479,13,20
1376397082,13,20
1376397342,13,20
1376397344,14,19
1376397803,15,18
1376398120,15,18
1376398168,16,17
1376398203,16,17
1376398336,14,19
1376398940,14,19
1376399148,13,20
1376399752,13,20
1376399936,14,19
1376400554,15,18
1376401159,15,18
1376401239,14,19
1376401475,15,18
1376402079,15,18
1376402425,15,18
1376402456,16,17
1376402559,16,17
1376402616,17,16
1376402668,18,15
1376402706,19,14
1376403023,18,15
1376403250,16,17
1376403446,16,17
1376403523,16,17
1376403525,17,16
1376403761,17,16
1376403811,13,20
1376404127,13,20
1376404470,13,20
1376404602,14,19
1376404604,15,18
1376404719,16,17
1376405324,16,17
1376405927,16,17
1376406175,17,16
1376406342,17,16
1376406350,18,15
1376406502,17,16
1376406579,16,17
1376406595,16,17
1376406802,14,19
1376407407,14,19
1376407889,15,18
1376408494,15,18
1376408694,16,17
1376408775,17,16
1376409384,16,17
1376409420,16,17
1376409499,16,17
1376409558,17,16
1376409695,19,14
1376409714,20,13
1376410312,21,12
1376410455,22,11
1376410774,22,11
1376411378,22,11
1376411983,22,11
1376412241,21,12
1376412475,22,11
1376412685,20,13
1376413011,19,14
1376413116,19,14
1376413164,20,13
1376413188,21,12
1376413416,22,11
1376413468,22,11
1376413517,23,10
1376413565,23,10
1376413650,23,10
1376413673,24,9
1376413755,25,8
1376414151,24,9
1376414431,25,8
1376414736,26,7
1376414770,27,6
1376415184,28,5
1376415504,29,4
1376415552,29,4
1376415642,30,3
1376415702,26,7
1376415818,27,6
1376415883,29,4
1376415940,30,3
1376415978,31,2
1376416406,32,1
1376417010,32,1
1376417614,32,1
1376417851,33,0
1376418454,33,0
1376419058,33,0
1376419605,33,0
1376420208,33,0
1376420812,33,0
1376420962,33,0
1376421566,33,0
1376422169,33,0
1376422772,33,0
1376423376,33,0
1376423980,33,0
1376424289,32,1
1376424892,32,1
1376425496,32,1
1376425760,33,0
1376426364,33,0
1376426967,33,0
1376427570,33,0
1376428175,33,0
1376428779,33,0
1376429382,33,0
1376429986,33,0
1376430589,33,0
1376431193,33,0
1376431796,33,0
1376432400,33,0
1376433003,33,0
1376433607,33,0
1376434210,33,0
1376434814,33,0
1376435417,33,0
1376436021,33,0
1376436569,33,0
1376437172,33,0
1376437776,33,0
1376438379,33,0
1376438983,33,0
1376439586,33,0
1376440189,33,0
1376440794,33,0
1376441398,33,0
1376442001,33,0
1376442794,33,0
1376443397,33,0
1376444001,33,0
1376444604,33,0
1376444650,32,1
1376445148,33,0
1376445751,33,0
1376446355,33,0
1376446959,33,0
1376447562,33,0
1376448166,33,0
1376448770,33,0
1376449373,33,0
1376449976,33,0
1376450579,33,0
1376451183,33,0
1376451786,33,0
1376452390,33,0
1376452994,33,0
1376453597,33,0
1376454200,33,0
1376454804,33,0
1376455407,33,0
1376456011,33,0
1376456615,33,0
1376456958,32,1
1376457561,32,1
1376458134,31,2
1376458440,30,3
1376459043,30,3
1376459647,30,3
1376459735,29,4
1376459894,28,5
1376460497,28,5
1376460681,29,4
1376461285,29,4
1376461373,29,4
1376461441,29,4
1376461494,30,3
1376461614,31,2
1376461978,30,3
1376462582,30,3
1376463186,30,3
1376463789,30,3
1376464392,30,3
1376464455,29,4
1376464547,28,5
1376465151,28,5
1376465255,27,6
1376465434,28,5
1376465569,26,7
1376465679,25,8
1376465724,24,9
1376465959,23,10
1376465997,22,11
1376466103,22,11
1376466105,22,11
1376466217,22,11
1376466284,22,11
1376466401,22,11
1376467004,22,11
1376467257,21,12
1376467862,21,12
1376468252,22,11
1376468856,22,11
1376469332,23,10
1376469935,23,10
1376470135,22,11
1376470738,22,11
1376471342,22,11
1376471946,22,11
1376472549,22,11
1376473153,22,11
1376473756,22,11
1376474263,22,11
1376474266,23,10
1376474376,22,11
1376474979,22,11
1376475583,22,11
1376476107,21,12
1376476698,22,11
1376477293,23,10
1376477629,22,11
1376477976,19,14
1376478431,18,15
1376479034,18,15
1376479514,17,16
1376479568,16,17
1376480171,16,17
1376480803,16,17
1376480806,17,16
1376480977,18,15
1376481007,19,14
1376481084,19,14
1376481130,20,13
1376481735,20,13
1376481923,21,12
1376482527,21,12
1376482851,20,13
1376482962,20,13
1376482992,21,12
1376483596,21,12
1376484201,21,12
1376484805,21,12
1376485408,21,12
1376486011,21,12
1376486614,21,12
1376487218,21,12
1376487822,21,12
1376488420,22,11
1376489074,22,11
1376489106,22,11
1376489263,23,10
1376489502,23,10
1376489505,24,9
1376489742,24,9
1376489774,24,9
1376490378,24,9
1376490653,23,10
1376491257,23,10
1376491860,23,10
1376492073,24,9
1376492415,23,10
1376492452,24,9
1376492947,23,10
1376493354,22,11
1376493882,22,11
1376493941,22,11
1376493948,23,10
1376494553,23,10
1376494711,24,9
1376494889,25,8
1376495492,25,8
1376495683,26,7
1376495729,27,6
1376496160,27,6
1376496169,28,5
1376496596,29,4
1376496844,30,3
1376497448,30,3
1376497531,31,2
1376498135,31,2
1376498601,32,1
1376498764,33,0
1376498853,32,1
1376499003,33,0
1376499205,32,1
1376499547,33,0
1376500151,33,0
1376500755,33,0
1376501359,33,0
1376501838,33,0
1376502441,33,0
1376503045,33,0
1376503648,33,0
1376503820,32,1
1376504423,32,1
1376504919,33,0
1376505523,33,0
1376506127,33,0
1376506730,33,0
1376507334,33,0
1376507615,32,1
1376507795,31,2
1376508398,31,2
1376508565,31,2
1376508697,31,2
1376508730,32,1
1376508931,33,0
1376509535,33,0
1376510138,33,0
1376510315,32,1
1376510918,32,1
1376511325,30,3
1376511455,30,3
1376511494,30,3
1376511550,30,3
1376511657,29,4
1376512261,29,4
1376512865,29,4
1376513213,29,4
1376513816,29,4
1376514263,30,3
1376514867,30,3
1376515050,28,5
1376515231,28,5
1376515289,28,5
1376515329,28,5
1376515933,28,5
1376516536,28,5
1376517140,28,5
1376517743,28,5
1376517882,28,5
1376517884,29,4
1376518488,29,4
1376519091,29,4
1376519695,29,4
1376520299,29,4
1376520902,29,4
1376521444,30,3
1376522048,30,3
1376522652,30,3
1376523257,30,3
1376523861,30,3
1376524416,31,2
1376525019,31,2
1376525077,32,1
1376525140,32,1
1376525154,32,1
1376525235,32,1
1376525278,33,0
1376525882,33,0
1376526485,33,0
1376527089,33,0
1376527693,33,0
1376528296,33,0
1376528899,33,0
1376529281,33,0
1376529287,33,0
1376529891,33,0
1376530494,33,0
1376531098,33,0
1376531701,33,0
1376532305,33,0
1376532908,33,0
1376533512,33,0
1376534115,33,0
1376534719,33,0
1376535141,32,1
1376535744,32,1
1376536348,32,1
1376536813,33,0
1376537417,33,0
1376538021,33,0
1376538625,33,0
1376539228,33,0
1376539832,33,0
1376540436,33,0
1376541040,33,0
1376541210,31,2
1376541814,31,2
1376542419,31,2
1376543022,31,2
1376543626,31,2
1376544229,31,2
1376544833,31,2
1376545436,31,2
1376545781,31,2
1376545783,30,3
1376546387,30,3
1376546991,30,3
1376547594,30,3
1376548197,30,3
1376548801,30,3
1376549405,30,3
1376549799,30,3
1376549806,31,2
1376550409,31,2
1376551013,31,2
1376551617,31,2
1376552220,31,2
1376552299,30,3
1376552902,30,3
1376553505,30,3
1376554109,30,3
1376554713,30,3
1376554996,28,5
1376555599,28,5
1376556024,28,5
1376556100,29,4
1376556110,30,3
1376556582,29,4
1376557185,29,4
1376557457,29,4
1376558061,29,4
1376558664,29,4
1376558711,29,4
1376558752,30,3
1376558861,30,3
1376558870,30,3
1376559474,30,3
1376559581,30,3
1376559631,30,3
1376559699,31,2
1376560097,32,1
1376560700,32,1
1376561304,32,1
1376561408,30,3
1376561971,30,3
1376562011,31,2
1376562614,31,2
1376562680,32,1
1376562811,31,2
1376563414,31,2
1376563617,30,3
1376564221,30,3
1376564616,28,5
1376565220,28,5
1376565665,27,6
1376565801,28,5
1376566355,26,7
1376566959,26,7
1376567563,26,7
1376568166,26,7
1376568559,26,7
1376568636,27,6
1376568683,28,5
1376568712,29,4
1376569315,29,4
1376569442,29,4
1376569518,29,4
1376569594,29,4
1376569653,29,4
1376570257,29,4
1376570737,29,4
1376570790,31,2
1376570936,32,1
1376571540,32,1
1376571614,31,2
1376572218,31,2
1376572522,31,2
1376572643,31,2
1376573247,31,2
1376573337,32,1
1376573920,31,2
1376574524,31,2
1376574835,31,2
1376574899,32,1
1376574966,32,1
1376575569,32,1
1376575772,30,3
1376575864,31,2
1376576290,30,3
1376576894,30,3
1376576942,27,6
1376577546,27,6
1376578150,27,6
1376578754,27,6
1376578883,27,6
1376578959,26,7
1376578979,26,7
1376579256,26,7
1376579281,25,8
1376579340,25,8
1376579396,26,7
1376579557,28,5
1376579637,29,4
1376579762,28,5
1376579826,29,4
1376580277,30,3
1376580880,30,3
1376580965,31,2
1376581111,30,3
1376581142,30,3
1376581233,30,3
1376581292,30,3
1376581363,30,3
1376581365,31,2
1376581962,30,3
1376581964,29,4
1376582053,29,4
1376582679,29,4
1376582980,28,5
1376583096,29,4
1376583154,27,6
1376583220,28,5
1376583272,28,5
1376583715,26,7
1376584298,26,7
1376584363,27,6
1376584525,28,5
1376584589,29,4
1376584615,30,3
1376584939,29,4
1376585543,29,4
1376585835,28,5
1376586439,28,5
1376586755,26,7
1376586772,24,9
1376586936,24,9
1376586981,26,7
1376587182,26,7
1376587185,25,8
1376587405,25,8
1376587581,25,8
1376587661,27,6
1376588011,26,7
1376588614,26,7
1376588892,27,6
1376589495,27,6
1376590099,27,6
1376590454,25,8
1376590529,24,9
1376590719,25,8
1376590758,26,7
1376590917,25,8
1376591521,25,8
1376592124,25,8
1376592210,25,8
1376592571,25,8
1376592638,26,7
1376592702,28,5
1376592704,29,4
1376592818,27,6
1376592845,29,4
1376593448,29,4
1376593809,29,4
1376593957,29,4
1376593976,29,4
1376594579,29,4
1376595182,29,4
1376595438,28,5
1376596041,28,5
1376596253,27,6
1376596857,27,6
1376597460,27,6
1376598064,27,6
1376598667,27,6
1376599271,27,6
1376599517,27,6
1376599547,27,6
1376599624,27,6
1376599771,27,6
1376599806,28,5
1376599943,29,4
1376600547,29,4
1376601150,29,4
1376601754,29,4
1376601960,28,5
1376602564,28,5
1376602776,29,4
1376603118,29,4
1376603160,30,3
1376603315,30,3
1376603717,31,2
1376604321,31,2
1376604448,32,1
1376604533,33,0
1376605137,33,0
1376605740,33,0
1376606344,33,0
1376606947,33,0
1376607551,33,0
1376608155,33,0
1376608759,33,0
1376609362,33,0
1376609584,33,0
1376610187,33,0
1376610790,33,0
1376611394,33,0
1376611783,33,0
1376611785,32,1
1376612389,32,1
1376612993,32,1
1376613597,32,1
1376614201,32,1
1376614805,32,1
1376615597,32,1
1376616200,32,1
1376616803,32,1
1376617407,32,1
1376618011,32,1
1376618614,32,1
1376619218,32,1
1376619821,32,1
1376620425,32,1
1376621028,32,1
1376621632,32,1
1376621902,31,2
1376622506,31,2
1376623110,31,2
1376623713,31,2
1376624317,31,2
1376624920,31,2
1376625524,31,2
1376626127,31,2
1376626731,31,2
1376627334,31,2
1376627938,31,2
1376628541,31,2
1376629145,31,2
1376629260,30,3
1376629864,30,3
1376630467,30,3
1376631071,30,3
1376631675,30,3
1376632287,29,4
1376632471,28,5
1376633074,28,5
1376633678,28,5
1376634282,28,5
1376634731,29,4
1376635145,28,5
1376635748,28,5
1376635912,27,6
1376636515,27,6
1376637119,27,6
1376637722,27,6
1376638111,27,6
1376638154,28,4
1376638314,27,5
1376638918,27,6
1376639319,28,5
1376639768,27,6
1376640372,27,6
1376640975,27,6
1376641579,27,6
1376642182,27,6
1376642786,27,6
1376643389,27,6
1376643993,27,6
1376644596,27,6
1376644804,26,7
1376645407,26,7
1376646011,26,7
1376646614,26,7
1376646824,26,7
1376646860,27,6
1376646924,28,5
1376647277,27,6
1376647880,27,6
1376648484,27,6
1376649088,27,6
1376649163,26,7
1376649183,22,11
1376649786,22,11
1376650345,23,10
1376650948,23,10
1376651552,23,10
1376651741,22,11
1376651786,21,12
1376651842,20,13
1376651918,19,14
1376652522,19,14
1376653015,20,13
1376653619,20,13
1376654222,20,13
1376654825,20,13
1376655429,20,13
1376655720,21,12
1376656039,19,14
1376656097,18,15
1376656156,18,15
1376656530,16,17
1376656775,17,16
1376656802,18,15
1376657406,18,15
1376657659,18,15
1376657742,20,13
1376657797,20,13
1376657812,21,12
1376657906,20,13
1376657974,20,13
1376658222,20,13
1376658225,19,14
1376658341,19,14
1376658380,19,14
1376658417,19,14
1376658481,20,13
1376658741,19,14
1376658854,19,14
1376658941,21,12
1376658963,21,12
1376659046,21,12
1376659098,22,11
1376659156,22,11
1376659226,22,11
1376659254,23,10
1376659858,23,10
1376660461,23,10
1376661065,23,10
1376661218,23,10
1376661821,23,10
1376661911,21,12
1376662514,21,12
1376663118,21,12
1376663497,21,12
1376663541,22,11
1376663792,23,10
1376663858,25,8
1376664316,25,8
1376664399,26,7
1376664446,27,6
1376664511,29,4
1376664683,29,4
1376664767,29,4
1376664883,31,2
1376664886,32,1
1376664986,33,0
1376665590,33,0
1376665718,30,3
1376665867,31,2
1376666472,31,2
1376667076,31,2
1376667480,32,1
1376667571,32,1
1376667650,32,1
1376667756,31,2
1376667776,30,3
1376668100,29,4
1376668170,29,4
1376668356,29,4
1376668366,30,3
1376668988,30,3
1376669026,29,4
1376669140,29,4
1376669743,29,4
1376670147,30,3
1376670213,30,3
1376670250,31,2
1376670854,31,2
1376671471,30,3
1376671645,30,3
1376671706,31,2
1376671728,32,1
1376672331,32,1
1376672935,32,1
1376673342,31,2
1376673384,30,3
1376673444,30,3
1376673470,31,2
1376674074,31,2
1376674461,32,1
1376674741,31,2
1376675345,31,2
1376675948,31,2
1376676018,29,4
1376676622,29,4
1376677035,30,3
1376677292,31,2
1376677463,29,4
1376677689,30,3
1376677867,29,4
1376678470,29,4
1376678680,28,5
1376679163,27,6
1376679200,25,8
1376679816,24,9
1376680419,24,9
1376680601,23,10
1376681205,23,10
1376681809,23,10
1376682412,23,10
1376682811,24,9
1376683415,24,9
1376683783,25,8
1376684387,25,8
1376684990,25,8
1376685269,25,8
1376685308,26,7
1376685378,27,6
1376685583,28,5
1376686187,28,5
1376686446,26,7
1376687049,26,7
1376687260,24,9
1376687681,25,8
1376687706,26,7
1376688311,26,7
1376688914,26,7
1376689518,26,7
1376690121,26,7
1376690725,26,7
1376691328,26,7
1376691932,26,7
1376692536,26,7
1376692655,26,7
1376692678,27,6
1376693281,27,6
1376693885,27,6
1376694489,27,6
1376694579,27,6
1376694588,28,5
1376695193,28,5
1376695797,28,5
1376696401,28,5
1376696468,27,6
1376697072,27,6
1376697677,27,6
1376698281,27,6
1376698884,27,6
1376699193,27,6
1376699332,27,6
1376699652,27,6
1376699791,24,9
1376700394,24,9
1376700998,24,9
1376701602,24,9
1376702080,24,9
1376702085,24,9
1376702690,24,9
1376702905,23,10
1376702981,22,11
1376703019,22,11
1376703623,22,11
1376704227,22,11
1376704829,22,11
1376705433,22,11
1376706037,22,11
1376706640,22,11
1376707244,22,11
1376707384,21,12
1376707987,21,12
1376708131,20,13
1376708735,20,13
1376709338,20,13
1376709863,19,13
1376709893,19,14
1376710496,19,14
1376711100,19,14
1376711703,19,14
1376712306,19,14
1376712910,19,14
1376713513,19,14
1376714117,19,14
1376714721,19,14
1376715324,19,14
1376715927,19,14
1376716531,19,14
1376717134,19,14
1376717738,19,14
1376718074,18,15
1376718677,18,15
1376719281,18,15
1376719885,18,15
1376720489,18,15
1376721092,18,15
1376721696,18,15
1376722299,18,15
1376722903,18,15
1376722982,19,14
1376723083,19,14
1376723117,19,14
1376723244,20,13
1376723847,20,13
1376724451,20,13
1376725054,20,13
1376725657,20,13
1376726261,20,13
1376726865,20,13
1376727468,20,13
1376727924,19,14
1376728350,17,16
1376728535,17,16
1376728571,18,15
1376729174,18,15
1376729778,18,15
1376729897,18,15
1376730018,17,16
1376730160,18,15
1376730226,19,14
1376730831,19,14
1376731434,19,14
1376731741,18,15
1376732344,18,15
1376732855,19,14
1376733332,18,15
1376733935,18,15
1376734119,18,15
1376734601,16,17
1376734960,16,17
1376734975,17,16
1376735202,16,17
1376735209,14,19
1376735897,14,19
1376735981,16,17
1376736013,17,16
1376736617,17,16
1376737220,17,16
1376737353,17,16
1376737425,18,15
1376737457,18,15
1376737499,18,15
1376737563,18,15
1376737721,18,15
1376737754,18,15
1376737817,18,15
1376738420,18,15
1376739024,18,15
1376739338,17,16
1376739356,16,17
1376739517,16,17
1376739576,17,16
1376739588,16,17
1376739683,15,18
1376739734,15,18
1376739809,15,18
1376739868,16,17
1376739907,17,16
1376740165,19,14
1376740769,19,14
1376740997,20,13
1376741059,21,12
1376741662,21,12
1376742266,21,12
1376742869,21,12
1376743473,21,12
1376743695,21,12
1376743778,21,12
1376743828,21,12
1376743965,21,12
1376743967,22,11
1376744570,22,11
1376745186,22,11
1376745358,22,11
1376745502,23,10
1376745566,23,10
1376745681,24,9
1376745726,24,9
1376745770,25,8
1376746373,25,8
1376746626,23,10
1376746809,23,10
1376746893,24,9
1376747008,26,7
1376747044,27,6
1376747111,27,6
1376747153,27,6
1376747756,27,6
1376747984,27,6
1376748006,24,9
1376748610,24,9
1376748707,23,10
1376749311,23,10
1376749472,24,9
1376750042,25,8
1376750144,24,9
1376750146,23,10
1376750524,21,12
1376750681,19,14
1376750704,18,15
1376750890,17,16
1376751030,17,16
1376751093,15,18
1376751339,15,18
1376751389,17,16
1376751993,17,16
1376752329,18,15
1376752854,19,14
1376752922,18,15
1376753487,16,17
1376753680,16,17
1376753688,17,16
1376754291,17,16
1376754757,18,15
1376754822,20,13
1376754852,21,12
1376755003,21,12
1376755045,22,11
1376755204,22,11
1376755270,22,11
1376755411,21,12
1376756015,21,12
1376756562,21,12
1376756608,22,11
1376756672,23,10
1376757276,23,10
1376757825,23,10
1376757900,24,9
1376758087,24,9
1376758184,24,9
1376758226,26,7
1376758301,26,7
1376758325,27,6
1376758411,28,5
1376758479,28,5
1376758525,29,4
1376758553,30,3
1376758965,30,3
1376758981,32,1
1376759586,32,1
1376760189,32,1
1376760793,32,1
1376760883,30,3
1376761486,30,3
1376762090,30,3
1376762693,30,3
1376762958,28,5
1376763455,29,4
1376763524,30,3
1376764010,30,3
1376764163,30,3
1376764294,31,2
1376764326,32,1
1376764438,31,2
1376764995,30,3
1376765599,30,3
1376766202,30,3
1376766806,30,3
1376766921,28,5
1376767044,29,4
1376767118,29,4
1376767151,30,3
1376767754,30,3
1376768358,30,3
1376768961,30,3
1376769575,31,2
1376770179,31,2
1376770784,31,2
1376771387,31,2
1376771992,31,2
1376772268,32,1
1376772696,30,3
1376773299,30,3
1376773836,29,4
1376773875,28,5
1376774478,28,5
1376775083,28,5
1376775686,28,5
1376776291,28,5
1376776895,28,5
1376777498,28,5
1376778101,28,5
1376778705,28,5
1376779309,28,5
1376779912,28,5
1376780203,28,5
1376780206,27,6
1376780809,27,6
1376781413,27,6
1376781704,25,8
1376781820,25,8
1376781871,26,7
1376781917,26,7
1376781976,27,6
1376782262,28,5
1376782865,28,5
1376783470,28,5
1376784074,28,5
1376784679,28,5
1376785282,28,5
1376785886,28,5
1376786489,28,5
1376787093,28,5
1376787696,28,5
1376788396,28,5
1376789000,28,5
1376789603,28,5
1376790207,28,5
1376790811,28,5
1376790930,28,5
1376790957,29,4
1376791560,29,4
1376792164,29,4
1376792768,29,4
1376793371,29,4
1376793620,28,5
1376794201,27,6
1376794759,26,7
1376795362,26,7
1376795973,27,6
1376796271,26,7
1376796875,26,7
1376797478,26,7
1376798082,26,7
1376798685,26,7
1376799289,26,7
1376799725,27,6
1376800329,27,6
1376800932,27,6
1376801536,27,6
1376802139,27,6
1376802744,27,6
1376803348,27,6
1376803951,27,6
1376804309,26,7
1376804913,26,7
1376805076,25,8
1376805680,25,8
1376805797,24,9
1376805941,25,8
1376806544,25,8
1376807148,25,8
1376807433,25,8
1376808037,25,8
1376808165,25,8
1376808200,25,8
1376808264,25,8
1376808337,26,7
1376808393,27,6
1376808444,28,5
1376809048,28,5
1376809651,28,5
1376810256,28,5
1376810859,28,5
1376811464,28,5
1376811911,27,6
1376812364,27,6
1376812419,29,4
1376812468,31,2
1376812542,30,3
1376812591,30,3
1376812617,31,2
1376813221,31,2
1376813824,31,2
1376814445,31,2
1376814522,29,4
1376815115,30,3
1376815718,30,3
1376816321,30,3
1376816925,30,3
1376817529,30,3
1376818132,30,3
1376818769,28,5
1376819372,28,5
1376819976,28,5
1376820579,28,5
1376821058,29,4
1376821243,27,6
1376821422,27,6
1376821430,28,5
1376821586,29,4
1376821772,27,6
1376822047,26,7
1376822650,26,7
1376823253,26,7
1376823391,28,5
1376823995,28,5
1376824598,28,5
1376825145,28,5
1376825195,30,3
1376825505,30,3
1376825513,31,2
1376826117,31,2
1376826720,31,2
1376827324,31,2
1376827927,31,2
1376828430,30,3
1376829014,28,5
1376829079,28,5
1376829631,26,7
1376830235,26,7
1376830718,27,6
1376830782,26,7
1376830888,27,6
1376831492,27,6
1376832096,27,6
1376832594,25,8
