1376208562,40,3
1376209167,40,3
1376209771,40,3
1376210367,41,2
1376210970,41,2
1376211360,42,1
1376211964,42,1
1376212568,42,1
1376213171,42,1
1376213775,42,1
1376214379,42,1
1376214984,42,1
1376215588,42,1
1376216191,42,1
1376216796,42,1
1376217142,41,2
1376217435,39,4
1376217523,39,4
1376217531,41,2
1376218136,41,2
1376218701,42,1
1376219304,42,1
1376219484,41,2
1376219786,42,1
1376220391,42,1
1376220994,42,1
1376221470,41,2
1376222033,42,1
1376222638,42,1
1376223242,42,1
1376223846,42,1
1376224449,42,1
1376225053,42,1
1376225657,42,1
1376225843,41,2
1376226447,41,2
1376227051,41,2
1376227655,41,2
1376228188,40,3
1376228622,40,3
1376228637,41,2
1376228741,41,2
1376228752,42,1
1376229356,42,1
1376229960,42,1
1376230564,42,1
1376230839,42,1
1376231444,42,1
1376232048,42,1
1376232494,41,2
1376232682,42,1
1376233287,42,1
1376233891,42,1
1376234387,41,2
1376234464,42,1
1376235069,42,1
1376235673,42,1
1376236277,42,1
1376236881,42,1
1376237486,42,1
1376238188,40,3
1376238601,40,3
1376238805,39,4
1376239410,39,4
1376239816,40,3
1376240420,40,3
1376241025,40,3
1376241194,41,2
1376241798,41,2
1376242423,40,3
1376242472,40,3
1376242524,40,3
1376242575,39,4
1376243180,39,4
1376243656,38,5
1376244260,38,5
1376244863,38,5
1376245467,38,5
1376246072,38,5
1376246677,38,5
1376247280,38,5
1376247885,38,5
1376248488,38,5
1376248655,37,6
1376248711,37,6
1376248769,37,6
1376248810,38,5
1376249414,38,5
1376249734,37,6
1376249748,36,7
1376249969,37,6
1376250031,38,5
1376250635,38,5
1376251238,38,5
1376251842,38,5
1376252446,38,5
1376252535,39,4
1376253139,39,4
1376253743,39,4
1376254347,39,4
1376254951,39,4
1376255554,39,4
1376256158,39,4
1376256186,40,3
1376256790,40,3
1376257394,40,3
1376257464,39,4
1376257528,39,4
1376257568,39,4
1376258172,39,4
1376258351,40,3
1376258956,40,3
1376259560,40,3
1376260164,40,3
1376260768,40,3
1376261372,40,3
1376261975,40,3
1376262183,41,2
1376262787,41,2
1376263391,41,2
1376263995,41,2
1376264599,41,2
1376265202,41,2
1376265806,41,2
1376266410,41,2
1376267019,41,2
1376267623,41,2
1376268227,41,2
1376268831,41,2
1376269434,41,2
1376270038,41,2
1376270406,41,2
1376271011,41,2
1376271614,41,2
1376272218,41,2
1376272823,41,2
1376273426,41,2
1376274030,41,2
1376274634,41,2
1376275238,41,2
1376275841,41,2
1376276445,41,2
1376277049,41,2
1376277652,41,2
1376278256,41,2
1376278519,40,3
1376279124,40,3
1376279728,40,3
1376280331,40,3
1376280935,40,3
1376281539,40,3
1376282143,40,3
1376282747,40,3
1376283351,40,3
1376283955,40,3
1376284559,40,3
1376285163,40,3
1376285521,41,2
1376286125,41,2
1376286728,41,2
1376287332,41,2
1376287936,41,2
1376288540,41,2
1376289144,41,2
1376289747,41,2
1376290347,40,3
1376290951,40,3
1376291555,40,3
1376292159,40,3
1376292212,39,4
1376292671,40,3
1376293276,40,3
1376293316,41,2
1376293919,41,2
1376294523,41,2
1376295127,41,2
1376295737,41,2
1376296341,41,2
1376296946,41,2
1376297196,42,1
1376297563,42,1
1376298168,42,1
1376298771,42,1
1376299356,43,0
1376299960,43,0
1376300487,42,1
1376301091,42,1
1376301696,42,1
1376302300,42,1
1376302904,42,1
1376303509,42,1
1376303716,41,2
1376304321,41,2
1376304472,40,3
1376305112,41,2
1376305216,42,1
1376305788,41,2
1376306425,42,1
1376307029,42,1
1376307633,42,1
1376308236,42,1
1376308840,42,1
1376309442,42,1
1376309445,43,0
1376309880,42,1
1376310034,41,2
1376310075,41,2
1376310159,42,1
1376310764,42,1
1376311368,42,1
1376311971,42,1
1376312561,42,1
1376312564,43,0
1376313168,43,0
1376313773,43,0
1376314377,43,0
1376314981,43,0
1376315191,42,1
1376315476,43,0
1376316080,43,0
1376316685,43,0
1376317289,43,0
1376317445,42,1
1376318049,42,1
1376318653,42,1
1376319257,42,1
1376319862,42,1
1376320466,42,1
1376321070,42,1
1376321414,43,0
1376321886,42,1
1376322491,42,1
1376323095,42,1
1376323631,41,2
1376323838,42,1
1376324442,41,2
1376324583,40,3
1376324713,39,4
1376324806,38,5
1376324941,37,6
1376325575,38,5
1376325925,39,4
1376326422,39,4
1376326454,41,2
1376326688,42,1
1376326805,41,2
1376327140,41,2
1376327147,42,1
1376327310,41,2
1376327341,40,3
1376327945,40,3
1376328549,40,3
1376328813,40,3
1376329416,40,3
1376329505,39,4
1376329563,40,3
1376329992,40,3
1376330075,42,1
1376330315,43,0
1376330919,43,0
1376331393,41,2
1376331998,41,2
1376332601,41,2
1376333077,42,1
1376333682,42,1
1376333715,43,0
1376334319,43,0
1376334603,42,1
1376335207,42,1
1376335518,43,0
1376336122,43,0
1376336727,43,0
1376337137,42,1
1376337742,42,1
1376338346,42,1
1376338423,42,1
1376338425,43,0
1376339029,43,0
1376339633,43,0
1376340237,43,0
1376340841,43,0
1376341444,43,0
1376342048,43,0
1376342652,43,0
1376343255,43,0
1376343860,43,0
1376344464,43,0
1376345068,43,0
1376345672,43,0
1376346276,43,0
1376346879,43,0
1376347483,43,0
1376348088,43,0
1376348692,43,0
1376349296,43,0
1376349900,43,0
1376350504,43,0
1376351107,43,0
1376351711,43,0
1376352316,43,0
1376352920,43,0
1376353524,43,0
1376354127,43,0
1376354731,43,0
1376355335,43,0
1376355939,43,0
1376356808,43,0
1376357412,43,0
1376358016,43,0
1376358620,43,0
1376359223,43,0
1376359827,43,0
1376360432,43,0
1376361037,43,0
1376361640,43,0
1376362244,43,0
1376362848,43,0
1376363452,43,0
1376364055,43,0
1376364659,43,0
1376365263,43,0
1376365867,43,0
1376366471,43,0
1376367074,43,0
1376367678,43,0
1376368282,43,0
1376368886,43,0
1376369489,43,0
1376370095,43,0
1376370699,43,0
1376371303,43,0
1376371907,43,0
1376372510,43,0
1376373115,43,0
1376373719,43,0
1376374323,43,0
1376374926,43,0
1376375531,43,0
1376376135,43,0
1376376739,43,0
1376377342,43,0
1376377946,43,0
1376378187,42,1
1376378792,42,1
1376379142,43,0
1376379747,43,0
1376380351,43,0
1376380955,43,0
1376381559,43,0
1376382162,43,0
1376382766,43,0
1376383371,43,0
1376383974,43,0
1376384578,43,0
1376385182,43,0
1376385787,43,0
1376386157,42,1
1376386762,42,1
1376387366,42,1
1376387622,42,1
1376387625,43,0
1376387967,41,2
1376388572,41,2
1376388844,40,3
1376389448,40,3
1376389626,41,2
1376390056,40,3
1376390183,41,2
1376390788,41,2
1376391190,40,3
1376391735,39,4
1376392301,40,3
1376392450,41,2
1376393054,41,2
1376393658,41,2
1376393784,42,1
1376393863,42,1
1376394467,43,0
1376394883,43,0
1376394885,42,1
1376395050,43,0
1376395472,43,0
1376396076,43,0
1376396681,43,0
1376397285,43,0
1376397889,43,0
1376398494,43,0
1376399098,43,0
1376399701,43,0
1376400305,43,0
1376400909,43,0
1376401276,42,1
1376401880,42,1
1376402484,42,1
1376402552,43,0
1376402694,42,1
1376403299,42,1
1376403421,43,0
1376404026,43,0
1376404368,42,1
1376404972,42,1
1376405270,41,2
1376405874,41,2
1376406479,41,2
1376407028,42,1
1376407446,43,0
1376408050,43,0
1376408096,42,1
1376408618,41,2
1376409224,41,2
1376409461,42,1
1376410065,42,1
1376410241,42,1
1376410251,43,0
1376410855,43,0
1376411459,43,0
1376412064,43,0
1376412667,43,0
1376413271,43,0
1376413875,43,0
1376414480,43,0
1376415086,43,0
1376415308,42,1
1376415785,41,2
1376415938,42,1
1376416439,43,0
1376417043,43,0
1376417141,42,1
1376417432,43,0
1376418037,43,0
1376418532,42,1
1376419136,42,1
1376419521,41,2
1376420126,41,2
1376420360,39,4
1376420649,38,5
1376421254,38,5
1376421857,38,5
1376422461,38,5
1376423010,39,4
1376423614,39,4
1376424218,39,4
1376424822,39,4
1376425426,39,4
1376426030,39,4
1376426543,40,3
1376426616,40,3
1376426629,41,2
1376427234,41,2
1376427838,41,2
1376428442,41,2
1376429046,41,2
1376429593,42,1
1376430197,42,1
1376430801,42,1
1376431405,42,1
1376432009,42,1
1376432613,42,1
1376433218,42,1
1376433249,41,2
1376433853,41,2
1376434457,41,2
1376435060,41,2
1376435153,40,3
1376435758,40,3
1376436361,40,3
1376436965,40,3
1376437569,40,3
1376438173,40,3
1376438777,40,3
1376439380,40,3
1376439909,39,4
1376440513,39,4
1376441116,39,4
1376441503,40,3
1376442106,40,3
1376442716,40,3
1376443207,40,3
1376443811,40,3
1376444415,40,3
1376445019,40,3
1376445623,40,3
1376446226,40,3
1376446830,40,3
1376447434,40,3
1376448038,40,3
1376448642,40,3
1376449246,40,3
1376449850,40,3
1376450453,40,3
1376451057,40,3
1376451661,40,3
1376452265,40,3
1376452869,40,3
1376453472,40,3
1376454076,40,3
1376454680,40,3
1376454839,41,2
1376455442,41,2
1376456046,41,2
1376456143,41,2
1376456151,42,1
1376456360,42,1
1376456964,42,1
1376457568,42,1
1376458172,42,1
1376458622,43,0
1376459226,43,0
1376459830,43,0
1376460435,43,0
1376460710,42,1
1376460987,43,0
1376461592,43,0
1376461940,42,1
1376462123,43,0
1376462663,42,1
1376463267,42,1
1376463730,41,2
1376464320,42,1
1376464800,43,0
1376465441,43,0
1376465449,42,1
1376465900,43,0
1376466504,43,0
1376467108,43,0
1376467713,43,0
1376468317,43,0
1376468872,42,1
1376469476,42,1
1376470090,43,0
1376470248,42,1
1376470571,43,0
1376471013,43,0
1376471618,43,0
1376472222,43,0
1376472825,43,0
1376473430,43,0
1376474034,43,0
1376474637,43,0
1376475241,43,0
1376475845,43,0
1376476449,43,0
1376476562,42,1
1376477038,43,0
1376477642,43,0
1376478246,43,0
1376478699,42,1
1376478761,43,0
1376479365,43,0
1376479969,43,0
1376480573,43,0
1376481176,43,0
1376481281,42,1
1376481892,42,1
1376482495,42,1
1376482835,42,1
1376482853,42,1
1376483457,42,1
1376483643,41,2
1376483705,42,1
1376484309,42,1
1376484913,42,1
1376484994,43,0
1376485599,43,0
1376486202,43,0
1376486806,43,0
1376487410,43,0
1376488014,43,0
1376488562,42,1
1376489166,42,1
1376489770,42,1
1376489883,41,2
1376490450,40,3
1376490838,41,2
1376491048,42,1
1376491652,42,1
1376491942,43,0
1376492515,42,1
1376493119,42,1
1376493729,42,1
1376494364,42,1
1376494366,41,2
1376494778,41,2
1376494787,42,1
1376494960,42,1
1376494977,43,0
1376495324,43,0
1376495357,43,0
1376495731,42,1
1376495765,42,1
1376495888,42,1
1376495928,43,0
1376496534,43,0
1376496894,41,2
1376497039,40,3
1376497207,40,3
1376497440,41,2
1376498044,41,2
1376498380,42,1
1376498415,42,1
1376498717,41,2
1376499322,41,2
1376499402,41,2
1376499429,41,2
1376499883,41,2
1376499913,41,2
1376500174,40,3
1376500778,40,3
1376501382,40,3
1376501428,41,2
1376502032,41,2
1376502637,41,2
1376503193,40,3
1376503797,40,3
1376504425,40,3
1376504852,42,1
1376505096,41,2
1376505700,41,2
1376506304,41,2
1376506908,41,2
1376507105,43,0
1376507709,43,0
1376508313,43,0
1376508918,43,0
1376509522,43,0
1376510125,43,0
1376510730,43,0
1376511333,43,0
1376511937,43,0
1376512541,43,0
1376513146,43,0
1376513750,43,0
1376514354,43,0
1376514957,43,0
1376515561,43,0
1376516165,43,0
1376516768,43,0
1376517088,42,1
1376517692,42,1
1376518296,42,1
1376518900,42,1
1376519504,42,1
1376519601,40,3
1376519682,40,3
1376519724,40,3
1376519774,41,2
1376520224,41,2
1376520227,42,1
1376520831,42,1
1376521435,42,1
1376521775,41,2
1376522379,41,2
1376522983,41,2
1376523587,41,2
1376524191,41,2
1376524795,41,2
1376525125,41,2
1376525259,41,2
1376525290,42,1
1376525335,43,0
1376525940,43,0
1376526545,43,0
1376527148,43,0
1376527752,43,0
1376528356,43,0
1376528960,43,0
1376529698,43,0
1376530302,43,0
1376530905,43,0
1376531509,43,0
1376532113,43,0
1376532717,43,0
1376533321,43,0
1376533925,43,0
1376534529,43,0
1376535133,43,0
1376535737,43,0
1376536296,42,1
1376536900,42,1
1376537504,42,1
1376538107,42,1
1376538711,42,1
1376539315,42,1
1376539919,42,1
1376540138,42,1
1376540146,43,0
1376540750,43,0
1376541353,43,0
1376541957,43,0
1376542561,43,0
1376543165,43,0
1376543769,43,0
1376544372,43,0
1376544976,43,0
1376545580,43,0
1376546184,43,0
1376546788,43,0
1376547392,43,0
1376547996,43,0
1376548600,43,0
1376549204,43,0
1376549808,43,0
1376550412,43,0
1376551016,43,0
1376551620,43,0
1376552223,43,0
1376552827,43,0
1376553431,43,0
1376554034,43,0
1376554638,43,0
1376555242,43,0
1376555846,43,0
1376556449,43,0
1376557053,43,0
1376557657,43,0
1376558261,43,0
1376558867,43,0
1376559471,43,0
1376560076,43,0
1376560680,43,0
1376560733,41,2
1376560874,43,0
1376561478,43,0
1376562082,43,0
1376562686,43,0
1376563289,43,0
1376563893,43,0
1376564497,43,0
1376565102,43,0
1376565707,43,0
1376566311,43,0
1376566915,43,0
1376567519,43,0
1376568123,43,0
1376568727,43,0
1376569331,43,0
1376569934,43,0
1376570538,43,0
1376571142,43,0
1376571746,43,0
1376572349,43,0
1376572433,42,1
1376572516,43,0
1376573120,43,0
1376573726,43,0
1376574331,43,0
1376574741,42,1
1376575345,42,1
1376575782,42,1
1376575785,43,0
1376576389,43,0
1376576993,43,0
1376577597,43,0
1376578201,43,0
1376578804,43,0
1376579408,43,0
1376579982,43,0
1376579985,42,1
1376580589,42,1
1376581193,42,1
1376581568,41,2
1376581742,42,1
1376581950,43,0
1376582554,43,0
1376583158,43,0
1376583762,43,0
1376584365,43,0
1376584969,43,0
1376585573,43,0
1376586177,43,0
1376586781,43,0
1376587391,43,0
1376587995,43,0
1376588598,43,0
1376589202,43,0
1376589802,41,2
1376589865,40,3
1376590058,39,4
1376590173,39,4
1376590237,40,3
1376590268,40,3
1376590423,40,3
1376590479,40,3
1376590992,41,2
1376591537,42,1
1376592161,42,1
1376592220,40,3
1376592279,39,4
1376592643,39,4
1376592646,40,3
1376592955,39,4
1376593081,40,3
1376593685,40,3
1376594289,40,3
1376594892,40,3
1376595496,40,3
1376596100,40,3
1376596704,40,3
1376597099,40,3
1376597153,41,2
1376597438,41,2
1376597448,42,1
1376598053,42,1
1376598657,42,1
1376599294,43,0
1376599899,43,0
1376600502,43,0
1376601106,43,0
1376601710,43,0
1376602314,43,0
1376602917,43,0
1376603521,43,0
1376603674,41,2
1376604278,41,2
1376604882,41,2
1376605237,39,4
1376605841,39,4
1376606445,39,4
1376606797,41,2
1376606859,41,2
1376606924,41,2
1376606926,42,1
1376607089,42,1
1376607161,43,0
1376607765,43,0
1376608369,43,0
1376608973,43,0
1376609582,43,0
1376610186,43,0
1376610789,43,0
1376611394,43,0
1376611998,43,0
1376612602,43,0
1376613205,43,0
1376613737,42,1
1376614341,42,1
1376614945,42,1
1376615548,42,1
1376616008,42,1
1376616612,42,1
1376617216,42,1
1376617820,42,1
1376618424,42,1
1376619027,42,1
1376619631,42,1
1376620235,42,1
1376620839,42,1
1376621442,42,1
1376622046,42,1
1376622650,42,1
1376623254,42,1
1376623858,42,1
1376624462,42,1
1376625066,42,1
1376625670,42,1
1376626273,42,1
1376626877,42,1
1376627481,42,1
1376628085,42,1
1376628689,42,1
1376629134,43,0
1376629738,43,0
1376630342,43,0
1376630946,43,0
1376631549,43,0
1376632153,43,0
1376632757,43,0
1376633361,43,0
1376633965,43,0
1376634568,43,0
1376635172,43,0
1376635776,43,0
1376636380,43,0
1376636984,43,0
1376637588,43,0
1376638192,43,0
1376638795,43,0
1376639399,43,0
1376640003,43,0
1376640607,43,0
1376641211,43,0
1376641814,43,0
1376642028,43,0
1376642632,43,0
1376643236,43,0
1376643820,42,1
1376644425,42,1
1376645029,42,1
1376645634,42,1
1376646239,42,1
1376646632,43,0
1376647139,42,1
1376647321,43,0
1376647926,43,0
1376648531,43,0
1376649134,43,0
1376649565,42,1
1376650169,42,1
1376650773,42,1
1376651377,42,1
1376651981,42,1
1376652586,42,1
1376652660,43,0
1376653063,43,0
1376653668,43,0
1376654271,43,0
1376654907,42,1
1376655511,42,1
1376656114,42,1
1376656718,42,1
1376657322,42,1
1376657780,42,1
1376657995,43,0
1376658599,43,0
1376659203,43,0
1376659801,42,1
1376660410,42,1
1376660562,42,1
1376660572,43,0
1376661176,43,0
1376661784,43,0
1376661860,42,1
1376661925,42,1
1376661988,43,0
1376662037,43,0
1376662641,43,0
1376663246,43,0
1376663850,43,0
1376664029,42,1
1376664161,42,1
1376664209,41,2
1376664334,42,1
1376664374,43,0
1376664978,43,0
1376665581,43,0
1376666185,43,0
1376666789,43,0
1376667392,43,0
1376667997,43,0
1376668601,43,0
1376668816,42,1
1376669419,42,1
1376669528,43,0
1376670133,43,0
1376670736,43,0
1376671340,43,0
1376671944,43,0
1376672462,41,2
1376673067,41,2
1376673193,42,1
1376673429,41,2
1376673619,39,4
1376674223,39,4
1376674289,40,3
1376674326,40,3
1376674602,39,4
1376674696,40,3
1376675300,40,3
1376675764,39,4
1376675857,39,4
1376675886,41,2
1376675965,40,3
1376676568,40,3
1376676973,40,3
1376677059,41,2
1376677663,41,2
1376678233,42,1
1376678728,41,2
1376679031,40,3
1376679224,41,2
1376679827,41,2
1376680431,41,2
1376681035,41,2
1376681639,41,2
1376681814,40,3
1376682418,40,3
1376683022,40,3
1376683630,40,3
1376683677,40,3
1376683762,40,3
1376683823,40,3
1376684427,40,3
1376685031,40,3
1376685634,40,3
1376686239,40,3
1376686849,40,3
1376687315,41,2
1376687849,40,3
1376687870,39,4
1376688474,39,4
1376689077,39,4
1376689405,38,5
1376690008,38,5
1376690612,38,5
1376691216,38,5
1376691820,38,5
1376692424,38,5
1376692642,37,6
1376693246,37,6
1376693744,37,6
1376693753,38,5
1376694084,37,6
1376694688,37,6
1376695215,38,5
1376695819,38,5
1376696423,38,5
1376697026,38,5
1376697630,38,5
1376697985,37,6
1376698589,37,6
1376699193,37,6
1376699403,38,5
1376699913,39,4
1376700518,39,4
1376701121,39,4
1376701731,39,4
1376702488,39,4
1376703093,39,4
1376703697,39,4
1376704300,39,4
1376704903,39,4
1376704924,39,4
1376705187,39,4
1376705240,39,4
1376705420,39,4
1376706023,39,4
1376706628,39,4
1376707232,39,4
1376707835,39,4
1376708439,39,4
1376709043,39,4
1376709649,39,4
1376710252,39,4
1376710856,39,4
1376711460,39,4
1376712064,39,4
1376712668,39,4
1376713272,39,4
1376713876,39,4
1376714479,39,4
1376715084,39,4
1376715559,39,4
1376715592,39,4
1376715681,39,4
1376715822,39,4
1376716426,39,4
1376716833,40,3
1376717437,40,3
1376718040,40,3
1376718644,40,3
1376719248,40,3
1376719853,40,3
1376720457,40,3
1376721061,40,3
1376721665,40,3
1376722269,40,3
1376722872,40,3
1376723476,40,3
1376724074,40,3
1376724152,40,3
1376724214,40,3
1376724244,40,3
1376724848,40,3
1376725452,40,3
1376726056,40,3
1376726660,40,3
1376727025,41,2
1376727629,41,2
1376728233,41,2
1376728836,41,2
1376729297,41,2
1376729621,40,3
1376729640,40,3
1376730009,41,2
1376730599,42,1
1376730974,42,1
1376731013,43,0
1376731616,43,0
1376732220,43,0
1376732825,43,0
1376733429,43,0
1376734033,43,0
1376734638,43,0
1376735242,43,0
1376735846,43,0
1376736082,42,1
1376736687,42,1
1376737290,42,1
1376737900,42,1
1376738504,42,1
1376739108,42,1
1376739564,42,1
1376739588,43,0
1376739771,42,1
1376739899,41,2
1376740281,41,2
1376740483,42,1
1376741087,42,1
1376741691,42,1
1376741988,41,2
1376742592,41,2
1376742916,42,1
1376743520,42,1
1376743724,42,1
1376743726,43,0
1376744332,43,0
1376744936,43,0
1376745540,43,0
1376746143,43,0
1376746748,43,0
1376747352,43,0
1376747389,42,1
1376747477,42,1
1376747523,43,0
1376748128,43,0
1376748509,42,1
1376748583,41,2
1376749187,41,2
1376749716,42,1
1376750320,42,1
1376750439,42,1
1376750448,43,0
1376751052,43,0
1376751656,43,0
1376752259,43,0
1376752864,43,0
1376753467,43,0
1376754071,43,0
1376754674,43,0
1376755279,43,0
1376755882,43,0
1376756486,43,0
1376757090,43,0
1376757693,43,0
1376758297,43,0
1376758901,43,0
1376759024,38,4
1376759037,37,6
1376759641,37,6
1376760245,37,6
1376760849,37,6
1376761453,37,6
1376761866,36,7
1376762470,36,7
1376762603,36,7
1376762630,36,7
1376762694,36,7
1376763298,36,7
1376763413,35,8
1376763635,36,7
1376764239,36,7
1376764844,36,7
1376765421,34,9
1376765646,33,10
1376766098,33,10
1376766702,33,10
1376767307,33,10
1376767476,31,12
1376767528,31,12
1376767600,31,12
1376767660,32,11
1376767699,33,10
1376767987,32,11
1376768046,32,11
1376768650,32,11
1376769254,32,11
1376769607,30,13
1376770211,30,13
1376770814,30,13
1376771008,29,14
1376771358,28,15
1376771626,28,15
1376771675,29,14
1376772279,29,14
1376772438,30,13
1376773042,30,13
1376773646,30,13
1376774250,30,13
1376774618,28,15
1376775223,28,15
1376775826,28,15
1376776121,27,16
1376776176,27,16
1376776223,28,15
1376776827,28,15
1376777430,28,15
1376777558,27,16
1376778080,25,18
1376778113,24,19
1376778671,23,20
1376779275,23,20
1376779879,23,20
1376780482,23,20
1376780972,22,21
1376780988,21,22
1376781592,21,22
1376782196,21,22
1376782800,21,22
1376783403,21,22
1376784007,21,22
1376784611,21,22
1376785215,21,22
1376785819,21,22
1376786423,21,22
1376786671,21,22
1376786732,22,21
1376786777,23,20
1376787381,23,20
1376787985,23,20
1376788807,23,20
1376789411,23,20
1376790015,23,20
1376790076,24,19
1376790680,24,19
1376791284,24,19
1376791887,24,19
1376792491,24,19
1376793095,24,19
1376793187,24,19
1376793267,25,18
1376793298,25,18
1376793902,25,18
1376794284,25,18
1376794312,26,17
1376794916,26,17
1376795519,26,17
1376796123,26,17
1376796727,26,17
1376797331,26,17
1376797934,26,17
1376798538,26,17
1376799143,26,17
1376799746,26,17
1376800350,26,17
1376800954,26,17
1376801558,26,17
1376802162,26,17
1376802765,26,17
1376803369,26,17
1376804018,27,16
1376804622,27,16
1376805226,27,16
1376805831,27,16
1376806435,27,16
1376807039,27,16
1376807644,27,16
1376808249,27,16
1376808852,27,16
1376809456,27,16
1376810060,27,16
1376810663,27,16
1376811267,27,16
1376811885,29,14
1376812488,29,14
1376813092,29,14
1376813599,29,14
1376813661,31,12
1376813942,32,11
1376814546,32,11
1376814722,32,11
1376814822,32,11
1376814872,33,10
1376815476,33,10
1376816079,33,10
1376816322,32,11
1376816369,32,11
1376816434,33,10
1376816662,33,10
1376816720,33,10
1376816749,33,10
1376816849,33,10
1376816903,33,10
1376817507,33,10
1376818040,34,9
1376818531,33,10
1376818740,34,9
1376819255,34,9
1376819289,34,9
1376819894,34,9
1376820497,34,9
1376821101,34,9
1376821426,36,7
1376821438,36,7
1376822042,36,7
1376822564,36,7
1376822566,37,6
1376823170,37,6
1376823774,37,6
1376824362,39,4
1376824384,39,4
1376824988,39,4
1376825592,39,4
1376826197,39,4
1376826800,39,4
1376827404,39,4
1376828008,39,4
1376828612,39,4
1376829216,39,4
1376829698,39,4
1376829736,40,3
1376830261,38,5
1376830866,38,5
1376831469,38,5
1376831598,38,5
1376831638,39,4
1376832242,39,4
1376832846,39,4
