1376208716,23,0
1376209320,23,0
1376209924,23,0
1376210528,23,0
1376211132,23,0
1376211736,23,0
1376212339,23,0
1376212944,23,0
1376213303,22,1
1376213907,22,1
1376214511,22,1
1376215115,22,1
1376215719,22,1
1376216323,22,1
1376216677,21,2
1376216821,22,1
1376217425,22,1
1376218003,22,1
1376218005,21,2
1376218178,23,0
1376218196,22,1
1376218799,22,1
1376219403,22,1
1376220006,22,1
1376220181,23,0
1376220784,23,0
1376221388,23,0
1376221991,23,0
1376222595,23,0
1376223198,23,0
1376223802,23,0
1376224358,22,1
1376224961,22,1
1376225040,23,0
1376225643,23,0
1376226247,23,0
1376226850,23,0
1376227454,23,0
1376228057,23,0
1376228562,23,0
1376229165,23,0
1376229547,22,1
1376230150,22,1
1376230375,23,0
1376230979,23,0
1376231582,23,0
1376232186,23,0
1376232789,23,0
1376233392,23,0
1376233996,23,0
1376234599,23,0
1376235203,23,0
1376235806,23,0
1376236410,23,0
1376237013,23,0
1376237617,23,0
1376238220,23,0
1376238824,23,0
1376239427,23,0
1376240030,23,0
1376240634,23,0
1376241238,23,0
1376241841,23,0
1376242444,23,0
1376243048,23,0
1376243651,23,0
1376244255,23,0
1376244859,23,0
1376245462,23,0
1376246066,23,0
1376246669,23,0
1376247273,23,0
1376247876,23,0
1376248480,23,0
1376248975,22,1
1376249578,22,1
1376250182,22,1
1376250824,23,0
1376251427,23,0
1376252031,23,0
1376252634,23,0
1376253238,23,0
1376253841,23,0
1376254445,23,0
1376255048,23,0
1376255652,23,0
1376256256,23,0
1376256859,23,0
1376257463,23,0
1376258066,23,0
1376258670,23,0
1376259273,23,0
1376259877,23,0
1376260480,23,0
1376261084,23,0
1376261687,23,0
1376262290,23,0
1376262894,23,0
1376263498,23,0
1376264101,23,0
1376264705,23,0
1376265308,23,0
1376265912,23,0
1376266515,23,0
1376267119,23,0
1376267722,23,0
1376268326,23,0
1376268929,23,0
1376269533,23,0
1376270136,23,0
1376270740,23,0
1376271343,23,0
1376271947,23,0
1376272420,23,0
1376273024,23,0
1376273627,23,0
1376274231,23,0
1376274834,23,0
1376275438,23,0
1376276041,23,0
1376276645,23,0
1376277248,23,0
1376277852,23,0
1376278455,23,0
1376279059,23,0
1376279662,23,0
1376280266,23,0
1376280869,23,0
1376281473,23,0
1376282077,23,0
1376282680,23,0
1376283111,22,1
1376283714,22,1
1376283979,23,0
1376284583,23,0
1376285187,23,0
1376285327,22,1
1376285909,22,1
1376286087,23,0
1376286161,23,0
1376286163,22,1
1376286582,21,2
1376287186,21,2
1376287599,20,3
1376288012,21,2
1376288153,20,3
1376288415,19,4
1376288853,20,3
1376288867,19,4
1376288997,17,6
1376289102,17,6
1376289104,18,5
1376289396,18,5
1376289406,19,4
1376289636,20,3
1376289693,21,2
1376289743,22,1
1376289812,23,0
1376290415,23,0
1376290445,22,1
1376291049,22,1
1376291257,23,0
1376291306,22,1
1376291355,21,2
1376291402,22,1
1376292014,22,1
1376292384,21,2
1376292857,20,3
1376293439,21,2
1376293631,22,1
1376293888,21,2
1376294408,22,1
1376295011,22,1
1376295615,22,1
1376296218,22,1
1376296821,22,1
1376296866,23,0
1376297241,22,1
1376297694,23,0
1376297767,22,1
1376298371,22,1
1376298974,22,1
1376299578,22,1
1376300182,22,1
1376300785,22,1
1376301043,22,1
1376301051,23,0
1376301655,23,0
1376302258,23,0
1376302670,22,1
1376303017,21,2
1376303620,21,2
1376303881,22,1
1376304333,23,0
1376304937,23,0
1376305540,23,0
1376306187,22,1
1376306593,21,2
1376307138,20,3
1376307523,20,3
1376307525,21,2
1376308129,21,2
1376308732,21,2
1376309323,21,2
1376309329,19,4
1376309618,18,5
1376310040,19,4
1376310048,20,3
1376310368,21,2
1376310757,20,3
1376311361,20,3
1376311539,21,2
1376311682,22,1
1376312286,22,1
1376312799,21,2
1376313402,21,2
1376313821,21,2
1376313864,22,1
1376314031,23,0
1376314635,23,0
1376315238,23,0
1376315842,23,0
1376316334,22,1
1376316742,21,2
1376317346,21,2
1376317949,21,2
1376318303,22,1
1376318906,22,1
1376319510,22,1
1376319690,22,1
1376320293,22,1
1376320810,21,2
1376321413,21,2
1376321559,20,3
1376321707,21,2
1376321921,19,4
1376322044,19,4
1376322052,20,3
1376322116,21,2
1376322317,22,1
1376322354,21,2
1376322634,20,3
1376322664,20,3
1376322739,20,3
1376322776,21,2
1376322880,21,2
1376322921,22,1
1376323526,22,1
1376323701,21,2
1376323889,20,3
1376324268,19,4
1376324501,19,4
1376324504,20,3
1376324743,21,2
1376324960,22,1
1376325024,23,0
1376325174,22,1
1376325240,21,2
1376325351,20,3
1376325616,21,2
1376325794,22,1
1376325872,23,0
1376326475,23,0
1376326680,22,1
1376326769,22,1
1376327068,20,3
1376327491,21,2
1376327622,21,2
1376327624,22,1
1376328255,23,0
1376328858,23,0
1376329462,23,0
1376330066,23,0
1376330669,23,0
1376331272,23,0
1376331876,23,0
1376332480,23,0
1376333083,23,0
1376333686,23,0
1376334290,23,0
1376334894,23,0
1376335497,23,0
1376336101,23,0
1376336704,23,0
1376337308,23,0
1376337911,23,0
1376338515,23,0
1376339118,23,0
1376339722,23,0
1376340326,23,0
1376340929,23,0
1376341533,23,0
1376342136,23,0
1376342739,23,0
1376343343,23,0
1376343946,23,0
1376344586,22,1
1376345190,22,1
1376345793,22,1
1376346397,22,1
1376347000,22,1
1376347604,22,1
1376348208,22,1
1376348811,22,1
1376349415,22,1
1376350018,22,1
1376350622,22,1
1376351225,22,1
1376351829,22,1
1376352432,22,1
1376353036,22,1
1376353639,22,1
1376354243,22,1
1376354846,22,1
1376354961,23,0
1376355564,23,0
1376356168,23,0
1376356771,23,0
1376357375,23,0
1376357978,23,0
1376358582,23,0
1376358821,23,0
1376359424,23,0
1376360027,23,0
1376360631,23,0
1376361234,23,0
1376361838,23,0
1376362441,23,0
1376363045,23,0
1376363648,23,0
1376364252,23,0
1376364855,23,0
1376365459,23,0
1376366062,23,0
1376366201,22,1
1376366213,22,1
1376366816,22,1
1376367420,22,1
1376368023,22,1
1376368627,22,1
1376368817,23,0
1376368923,22,1
1376369526,22,1
1376370130,22,1
1376370458,23,0
1376371062,23,0
1376371666,23,0
1376372269,23,0
1376372650,22,1
1376372753,21,2
1376372826,20,3
1376372994,19,4
1376373221,20,3
1376373275,21,2
1376373577,22,1
1376374181,22,1
1376374278,23,0
1376374369,22,1
1376374435,21,2
1376374540,20,3
1376374777,21,2
1376375076,20,3
1376375156,19,4
1376375214,18,5
1376375741,18,5
1376375772,20,3
1376375915,19,4
1376375936,20,3
1376376200,20,3
1376376280,20,3
1376376291,21,2
1376376399,21,2
1376376409,22,1
1376376743,23,0
1376376822,22,1
1376376875,23,0
1376376921,22,1
1376377071,23,0
1376377345,22,1
1376377692,21,2
1376378309,20,3
1376378382,20,3
1376378441,21,2
1376378443,22,1
1376378829,21,2
1376378908,22,1
1376379132,23,0
1376379736,23,0
1376380339,23,0
1376380943,23,0
1376381338,22,1
1376381942,22,1
1376382437,21,2
1376383041,21,2
1376383644,21,2
1376384105,22,1
1376384708,22,1
1376385312,22,1
1376385915,22,1
1376386519,22,1
1376387122,22,1
1376387726,22,1
1376388039,21,2
1376388157,20,3
1376388182,21,2
1376388230,20,3
1376388456,21,2
1376389023,20,3
1376389173,21,2
1376389606,20,3
1376390209,20,3
1376390521,21,2
1376390665,21,2
1376390792,22,1
1376391395,22,1
1376391470,22,1
1376391574,23,0
1376391948,22,1
1376392053,21,2
1376392104,21,2
1376392181,22,1
1376392211,23,0
1376392815,23,0
1376393001,22,1
1376393201,23,0
1376393805,23,0
1376394409,23,0
1376395013,23,0
1376395192,22,1
1376395710,23,0
1376396313,23,0
1376396917,23,0
1376397522,23,0
1376398126,23,0
1376398730,23,0
1376399333,23,0
1376399938,23,0
1376400365,22,1
1376400968,22,1
1376401572,22,1
1376402176,22,1
1376402768,20,3
1376402905,19,4
1376403509,19,4
1376404112,19,4
1376404205,18,5
1376404808,18,5
1376405102,19,4
1376405198,17,6
1376405207,16,7
1376405640,15,8
1376406006,17,6
1376406394,16,7
1376406725,17,6
1376407230,18,5
1376407833,18,5
1376407859,17,6
1376407953,16,7
1376408198,15,8
1376408314,17,6
1376408379,17,6
1376408413,17,6
1376408492,18,5
1376408753,17,6
1376408901,18,5
1376409092,19,4
1376409209,20,3
1376409255,19,4
1376409639,21,2
1376409896,20,3
1376409952,19,4
1376410339,20,3
1376410401,20,3
1376410451,20,3
1376410777,19,4
1376410814,20,3
1376411197,21,2
1376411497,20,3
1376411807,19,4
1376411885,20,3
1376412119,20,3
1376412263,21,2
1376412402,21,2
1376412550,20,3
1376412758,21,2
1376413362,21,2
1376413965,21,2
1376414570,21,2
1376414899,20,3
1376415443,21,2
1376415475,20,3
1376415635,21,2
1376415967,22,1
1376416570,22,1
1376416923,21,2
1376417501,22,1
1376418105,22,1
1376418709,22,1
1376419312,22,1
1376419916,22,1
1376420124,23,0
1376420728,23,0
1376421331,23,0
1376421935,23,0
1376422088,22,1
1376422254,23,0
1376422857,23,0
1376423460,23,0
1376424064,23,0
1376424667,23,0
1376425271,23,0
1376425874,23,0
1376426477,23,0
1376427081,23,0
1376427685,23,0
1376428288,23,0
1376428892,23,0
1376429495,23,0
1376430099,23,0
1376430702,23,0
1376431306,23,0
1376431914,22,1
1376432518,22,1
1376433121,22,1
1376433209,23,0
1376433812,23,0
1376434415,23,0
1376435018,23,0
1376435622,23,0
1376436225,23,0
1376436829,23,0
1376437432,23,0
1376438036,23,0
1376438639,23,0
1376439243,23,0
1376439846,23,0
1376440450,23,0
1376441054,23,0
1376441657,23,0
1376442260,23,0
1376442864,23,0
1376443468,23,0
1376444071,23,0
1376444675,23,0
1376445220,23,0
1376445823,23,0
1376446426,23,0
1376447030,23,0
1376447633,23,0
1376448237,23,0
1376448840,23,0
1376449443,23,0
1376450047,23,0
1376450651,23,0
1376451254,23,0
1376451859,23,0
1376452463,23,0
1376453067,23,0
1376453670,23,0
1376454274,23,0
1376454877,23,0
1376455481,23,0
1376456084,23,0
1376456688,23,0
1376457291,23,0
1376457895,23,0
1376458107,22,1
1376458590,21,2
1376459194,21,2
1376459545,20,3
1376460149,20,3
1376460648,19,4
1376460742,21,2
1376460768,20,3
1376460831,19,4
1376460999,18,5
1376461090,17,6
1376461243,17,6
1376461245,18,5
1376461359,17,6
1376461619,16,7
1376461766,15,8
1376462179,14,9
1376462297,15,8
1376462468,16,7
1376462901,17,6
1376462982,17,6
1376463008,15,8
1376463326,14,9
1376463607,15,8
1376463647,14,9
1376463936,15,8
1376464175,16,7
1376464567,17,6
1376464612,18,5
1376464723,19,4
1376464960,19,4
1376465454,20,3
1376466057,20,3
1376466245,21,2
1376466298,22,1
1376466902,22,1
1376467464,21,2
1376468067,21,2
1376468198,22,1
1376468801,22,1
1376469166,21,2
1376469759,21,2
1376469795,21,2
1376470399,21,2
1376471002,21,2
1376471054,22,1
1376471658,22,1
1376471798,23,0
1376472402,23,0
1376472977,22,1
1376473580,22,1
1376474122,23,0
1376474726,23,0
1376475331,23,0
1376475943,23,0
1376475973,21,2
1376476144,20,3
1376476439,21,2
1376477042,21,2
1376477560,21,2
1376477571,22,1
1376478175,22,1
1376478479,21,2
1376478928,21,2
1376479442,20,3
1376479749,22,1
1376479865,23,0
1376480469,23,0
1376481072,23,0
1376481677,23,0
1376482281,23,0
1376482885,23,0
1376483488,23,0
1376484092,23,0
1376484695,23,0
1376485299,23,0
1376485902,23,0
1376485986,22,1
1376486285,23,0
1376486889,23,0
1376487492,23,0
1376487930,22,1
1376488533,22,1
1376489137,22,1
1376489170,21,2
1376489774,21,2
1376490378,21,2
1376490981,21,2
1376491570,20,3
1376491647,21,2
1376492250,21,2
1376492298,22,1
1376492841,21,2
1376493309,20,3
1376493912,20,3
1376494516,20,3
1376494772,19,4
1376494907,18,5
1376495010,17,6
1376495082,17,6
1376495084,18,5
1376495169,17,6
1376495520,18,5
1376496091,18,5
1376496122,18,5
1376496210,19,4
1376496276,19,4
1376496313,21,2
1376496512,20,3
1376496775,19,4
1376496878,18,5
1376496965,19,4
1376497150,18,5
1376497303,18,5
1376497305,19,4
1376497529,18,5
1376497662,18,5
1376497674,20,3
1376497971,19,4
1376498142,16,7
1376498374,18,5
1376498432,18,5
1376498708,19,4
1376498801,20,3
1376498816,21,2
1376499311,20,3
1376499735,21,2
1376500178,22,1
1376500260,23,0
1376500864,23,0
1376501468,23,0
1376501640,22,1
1376501737,23,0
1376501784,22,1
1376501863,22,1
1376501878,22,1
1376501957,23,0
1376502560,23,0
1376503164,23,0
1376503766,22,1
1376503842,22,1
1376503878,23,0
1376504482,23,0
1376505085,23,0
1376505689,23,0
1376506292,23,0
1376506896,23,0
1376507500,23,0
1376508104,23,0
1376508708,23,0
1376509311,23,0
1376509915,23,0
1376510519,23,0
1376511122,23,0
1376511725,23,0
1376512329,23,0
1376512932,23,0
1376513536,23,0
1376514140,23,0
1376514744,23,0
1376515347,23,0
1376515951,23,0
1376516554,23,0
1376517158,23,0
1376517761,23,0
1376518365,23,0
1376518968,23,0
1376519572,23,0
1376520175,23,0
1376520779,23,0
1376521383,23,0
1376521986,23,0
1376522589,23,0
1376523193,23,0
1376523797,23,0
1376524400,23,0
1376525003,23,0
1376525608,23,0
1376526212,23,0
1376526815,23,0
1376527419,23,0
1376528022,23,0
1376528626,23,0
1376529229,23,0
1376529833,23,0
1376530436,23,0
1376531040,23,0
1376531619,23,0
1376531709,23,0
1376532313,23,0
1376532917,23,0
1376533520,23,0
1376534124,23,0
1376534727,23,0
1376535331,23,0
1376535934,23,0
1376536538,23,0
1376537141,23,0
1376537745,23,0
1376538349,23,0
1376538952,23,0
1376539556,23,0
1376540159,23,0
1376540763,23,0
1376541366,23,0
1376541970,23,0
1376542573,23,0
1376543177,23,0
1376543780,23,0
1376544030,22,1
1376544635,22,1
1376544731,21,2
1376545335,21,2
1376545706,20,3
1376546309,20,3
1376546913,20,3
1376547516,20,3
1376548121,20,3
1376548725,20,3
1376549329,20,3
1376549934,20,3
1376550538,20,3
1376551142,20,3
1376551655,21,2
1376551909,20,3
1376552514,20,3
1376553118,20,3
1376553206,20,3
1376553810,20,3
1376554413,20,3
1376555018,20,3
1376555622,20,3
1376555708,19,4
1376556313,19,4
1376556916,19,4
1376557120,20,3
1376557725,20,3
1376557801,21,2
1376558405,21,2
1376559008,21,2
1376559611,21,2
1376560214,21,2
1376560517,20,3
1376560585,20,3
1376560639,21,2
1376560667,22,1
1376561271,22,1
1376561875,22,1
1376562480,22,1
1376563083,22,1
1376563687,22,1
1376564290,22,1
1376564894,22,1
1376565368,21,2
1376565971,21,2
1376566574,21,2
1376567178,21,2
1376567782,21,2
1376567948,22,1
1376568102,22,1
1376568104,23,0
1376568281,22,1
1376568363,21,2
1376568762,22,1
1376568786,22,1
1376568938,23,0
1376569541,23,0
1376570145,23,0
1376570748,23,0
1376571353,23,0
1376571956,23,0
1376572559,23,0
1376573165,23,0
1376573769,23,0
1376573840,23,0
1376574444,23,0
1376575047,23,0
1376575431,22,1
1376576035,22,1
1376576638,22,1
1376576875,23,0
1376577478,23,0
1376578081,23,0
1376578685,23,0
1376579288,23,0
1376579892,23,0
1376580094,22,1
1376580698,22,1
1376581301,22,1
1376581613,23,0
1376582216,23,0
1376582820,23,0
1376583232,21,2
1376583341,20,3
1376583365,22,1
1376583509,21,2
1376583542,20,3
1376583845,21,2
1376584032,22,1
1376584636,22,1
1376584939,23,0
1376585542,23,0
1376586146,23,0
1376586749,23,0
1376587353,23,0
1376587957,23,0
1376588560,23,0
1376589165,23,0
1376589768,23,0
1376590372,23,0
1376590976,23,0
1376591580,23,0
1376592183,23,0
1376592787,23,0
1376593390,23,0
1376593994,23,0
1376594597,23,0
1376595201,23,0
1376595804,23,0
1376596408,23,0
1376597011,23,0
1376597614,23,0
1376598218,23,0
1376598821,23,0
1376599425,23,0
1376600028,23,0
1376600632,23,0
1376601236,23,0
1376601839,23,0
1376602443,23,0
1376603046,23,0
1376603650,23,0
1376604253,23,0
1376604857,23,0
1376605460,23,0
1376606064,23,0
1376606667,23,0
1376607271,23,0
1376607874,23,0
1376608478,23,0
1376609081,23,0
1376609685,23,0
1376609816,23,0
1376610420,23,0
1376611023,23,0
1376611627,23,0
1376612230,23,0
1376612834,23,0
1376613437,23,0
1376614041,23,0
1376614644,23,0
1376615248,23,0
1376615852,23,0
1376616455,23,0
1376617059,23,0
1376617662,23,0
1376618021,23,0
1376618558,22,1
1376619161,22,1
1376619765,22,1
1376620368,22,1
1376620972,22,1
1376621576,22,1
1376622179,22,1
1376622783,22,1
1376623387,22,1
1376623991,22,1
1376624594,22,1
1376625198,22,1
1376625801,22,1
1376626405,22,1
1376627009,22,1
1376627613,22,1
1376628217,22,1
1376628273,21,2
1376628393,20,3
1376628997,20,3
1376629600,20,3
1376630204,20,3
1376630563,20,3
1376630571,21,2
1376630882,22,1
1376630975,22,1
1376630995,23,0
1376631599,23,0
1376631698,22,1
1376632302,22,1
1376632719,22,1
1376632733,22,1
1376633039,23,0
1376633592,22,1
1376633841,21,2
1376634457,20,3
1376634737,19,4
1376634835,18,5
1376635439,18,5
1376635835,18,5
1376635898,18,5
1376636013,19,4
1376636072,19,4
1376636282,19,4
1376636429,19,4
1376636678,20,3
1376636784,21,2
1376637387,21,2
1376637991,21,2
1376638594,21,2
1376638896,23,0
1376639500,23,0
1376640103,23,0
1376640707,23,0
1376641310,23,0
1376641914,23,0
1376642517,23,0
1376643121,23,0
1376643725,23,0
1376644328,23,0
1376644797,22,1
1376645400,22,1
1376645772,23,0
1376646376,23,0
1376646752,22,1
1376646780,21,2
1376647384,21,2
1376647989,21,2
1376648593,21,2
1376648792,22,1
1376649124,20,3
1376649283,20,3
1376649297,22,1
1376649402,22,1
1376649404,23,0
1376650008,23,0
1376650611,23,0
1376651215,23,0
1376651821,23,0
1376652425,23,0
1376652536,22,1
1376652807,21,2
1376653315,22,1
1376653919,22,1
1376654521,22,1
1376655125,22,1
1376655728,22,1
1376656332,22,1
1376656836,21,2
1376657439,21,2
1376657799,19,4
1376657815,19,4
1376658386,20,3
1376658633,20,3
1376658646,21,2
1376659250,21,2
1376659854,21,2
1376659905,20,3
1376660082,20,3
1376660172,20,3
1376660216,21,2
1376660323,22,1
1376660926,22,1
1376661185,22,1
1376661228,23,0
1376661832,23,0
1376662375,22,1
1376662979,22,1
1376663260,22,1
1376663275,23,0
1376663443,22,1
1376664046,22,1
1376664650,22,1
1376665203,21,2
1376665806,21,2
1376666410,21,2
1376666521,20,3
1376666711,19,4
1376666851,18,5
1376667393,19,4
1376667996,19,4
1376668600,19,4
1376668950,18,5
1376668979,18,5
1376669583,18,5
1376670039,19,4
1376670532,18,5
1376670855,17,6
1376671459,17,6
1376672063,17,6
1376672440,17,6
1376672525,18,5
1376673128,18,5
1376673217,18,5
1376673271,19,4
1376673325,20,3
1376673788,19,4
1376674392,19,4
1376674997,19,4
1376675559,19,4
1376675566,20,3
1376676170,20,3
1376676774,20,3
1376677183,20,3
1376677192,21,2
1376677537,21,2
1376677580,21,2
1376678184,21,2
1376678442,21,2
1376678444,22,1
1376679048,22,1
1376679651,22,1
1376680255,22,1
1376680859,22,1
1376681462,22,1
1376682066,22,1
1376682156,22,1
1376682167,23,0
1376682771,23,0
1376682909,23,0
1376683514,23,0
1376684118,23,0
1376684721,23,0
1376685325,23,0
1376685928,23,0
1376686532,23,0
1376687136,23,0
1376687739,23,0
1376688342,23,0
1376688946,23,0
1376689549,23,0
1376690153,23,0
1376690756,23,0
1376691360,23,0
1376691963,23,0
1376692567,23,0
1376693170,23,0
1376693774,23,0
1376694378,23,0
1376694982,23,0
1376695586,23,0
1376696189,23,0
1376696793,23,0
1376697396,23,0
1376698000,23,0
1376698603,23,0
1376699207,23,0
1376699810,23,0
1376700414,23,0
1376701017,23,0
1376701621,23,0
1376702224,23,0
1376702828,23,0
1376703431,23,0
1376704035,23,0
1376704413,23,0
1376704504,23,0
1376705109,23,0
1376705712,23,0
1376706315,23,0
1376706919,23,0
1376707522,23,0
1376708126,23,0
1376708729,23,0
1376709333,23,0
1376709936,23,0
1376710540,23,0
1376711144,23,0
1376711747,23,0
1376712351,23,0
1376712954,23,0
1376713558,23,0
1376714161,23,0
1376714270,22,1
1376714874,22,1
1376715478,22,1
1376715577,23,0
1376716180,23,0
1376716783,23,0
1376717387,23,0
1376717991,23,0
1376718219,22,1
1376718822,22,1
1376719039,21,2
1376719450,20,3
1376720054,20,3
1376720444,21,2
1376721048,21,2
1376721666,22,1
1376722269,22,1
1376722873,22,1
1376723050,21,2
1376723654,21,2
1376724257,21,2
1376724861,21,2
1376725465,21,2
1376726068,21,2
1376726672,21,2
1376727171,20,3
1376727775,20,3
1376728379,20,3
1376728441,21,2
1376728670,19,4
1376729274,19,4
1376729877,19,4
1376730481,19,4
1376731085,19,4
1376731689,19,4
1376732293,19,4
1376732896,19,4
1376733500,19,4
1376734103,19,4
1376734464,20,3
1376735068,20,3
1376735366,21,2
1376735495,22,1
1376736098,22,1
1376736701,22,1
1376737305,22,1
1376737908,22,1
1376738200,21,2
1376738804,21,2
1376739100,22,1
1376739301,23,0
1376739904,23,0
1376740508,23,0
1376741111,23,0
1376741715,23,0
1376742121,22,1
1376742496,21,2
1376743101,21,2
1376743705,21,2
1376743734,20,3
1376744337,20,3
1376744941,20,3
1376745544,20,3
1376745978,20,3
1376746065,21,2
1376746110,22,1
1376746133,23,0
1376746738,23,0
1376747342,23,0
1376747562,23,0
1376747565,22,1
1376747952,23,0
1376748582,22,1
1376749186,22,1
1376749790,22,1
1376750394,22,1
1376750997,22,1
1376751601,22,1
1376752205,22,1
1376752451,21,2
1376752872,22,1
1376752963,22,1
1376752965,21,2
1376753569,21,2
1376754172,21,2
1376754776,21,2
1376754944,22,1
1376755037,23,0
1376755641,23,0
1376756244,23,0
1376756560,19,4
1376756609,13,10
1376757213,13,10
1376757732,14,9
1376758335,14,9
1376758940,14,9
1376759441,14,9
1376759478,15,8
1376759620,14,9
1376759780,15,8
1376760384,15,8
1376760987,15,8
1376761591,15,8
1376762194,15,8
1376762798,15,8
1376762956,15,8
1376763036,16,7
1376763303,16,7
1376763906,16,7
1376764510,16,7
1376765113,16,7
1376765717,16,7
1376766321,16,7
1376766924,16,7
1376767061,17,6
1376767113,18,5
1376767716,18,5
1376768319,18,5
1376768877,19,4
1376769481,19,4
1376769922,19,4
1376769996,19,4
1376770038,19,4
1376770118,19,4
1376770161,21,2
1376770765,21,2
1376771015,22,1
1376771618,22,1
1376772222,22,1
1376772588,21,2
1376773192,21,2
1376773795,21,2
1376774399,21,2
1376775003,21,2
1376775271,21,2
1376775328,22,1
1376775932,22,1
1376776535,22,1
1376777139,22,1
1376777742,22,1
1376778346,22,1
1376778949,22,1
1376779553,22,1
1376780156,22,1
1376780760,22,1
1376781364,22,1
1376781967,22,1
1376782571,22,1
1376783174,22,1
1376783778,22,1
1376784381,22,1
1376784985,22,1
1376785588,22,1
1376786192,22,1
1376786795,22,1
1376787399,22,1
1376788003,22,1
1376788606,22,1
1376789210,22,1
1376789813,22,1
1376790417,22,1
1376790823,22,1
1376790848,22,1
1376791452,22,1
1376792056,22,1
1376792660,22,1
1376793264,22,1
1376793867,22,1
1376794471,22,1
1376795074,22,1
1376795678,22,1
1376796282,22,1
1376796885,22,1
1376797488,22,1
1376798092,22,1
1376798696,22,1
1376799299,22,1
1376799903,22,1
1376800506,22,1
1376801110,22,1
1376801714,22,1
1376802318,22,1
1376802921,22,1
1376803525,22,1
1376804128,22,1
1376804732,22,1
1376805335,22,1
1376805939,22,1
1376806542,22,1
1376807147,22,1
1376807751,22,1
1376808355,22,1
1376808958,22,1
1376809562,22,1
1376810166,22,1
1376810769,22,1
1376811259,23,0
1376811863,23,0
1376812467,23,0
1376813070,23,0
1376813675,23,0
1376814278,23,0
1376814883,23,0
1376815486,23,0
1376816090,23,0
1376816693,23,0
1376817299,23,0
1376817902,23,0
1376818507,23,0
1376819110,23,0
1376819714,23,0
1376820318,23,0
1376820569,23,0
1376820590,23,0
1376820652,23,0
1376820775,23,0
1376821055,23,0
1376821329,23,0
1376821932,23,0
1376822537,23,0
1376823141,23,0
1376823745,23,0
1376824349,23,0
1376824953,23,0
1376825557,23,0
1376826160,23,0
1376826764,23,0
1376827367,23,0
1376827971,23,0
1376828574,23,0
1376829178,23,0
1376829781,23,0
1376830385,23,0
1376830988,23,0
1376831592,23,0
1376832195,23,0
1376832799,23,0
