1376208605,17,4
1376208755,18,3
1376208822,18,3
1376208870,20,1
1376209461,20,1
1376210065,20,1
1376210668,20,1
1376211041,20,1
1376211057,20,1
1376211660,20,1
1376212146,20,1
1376212210,20,1
1376212294,20,1
1376212898,20,1
1376213010,20,1
1376213025,20,1
1376213629,20,1
1376214233,20,1
1376214702,20,1
1376214705,19,2
1376214879,20,1
1376214926,20,1
1376215003,20,1
1376215005,19,2
1376215608,19,2
1376216124,19,2
1376216178,20,1
1376216256,20,0
1376216859,20,1
1376217463,20,1
1376218066,20,1
1376218180,21,0
1376218783,21,0
1376219171,20,1
1376219774,20,1
1376220182,21,0
1376220786,21,0
1376221389,21,0
1376221993,21,0
1376222596,21,0
1376223200,21,0
1376223803,21,0
1376223997,19,2
1376224009,18,3
1376224121,18,3
1376224124,19,2
1376224482,19,2
1376224489,20,1
1376224578,20,1
1376224618,21,0
1376224997,19,2
1376225057,19,2
1376225108,19,2
1376225170,19,2
1376225773,19,2
1376225905,19,2
1376225935,19,2
1376226039,19,2
1376226162,21,0
1376226486,19,2
1376226631,20,1
1376226655,21,0
1376226983,20,1
1376227297,21,0
1376227901,21,0
1376228504,21,0
1376229108,21,0
1376229711,21,0
1376230315,21,0
1376230919,21,0
1376231522,21,0
1376232125,21,0
1376232729,21,0
1376232822,19,2
1376232963,21,0
1376233566,21,0
1376234170,21,0
1376234773,19,2
1376235377,19,2
1376235453,18,3
1376235467,18,3
1376235547,18,3
1376235588,19,2
1376236192,19,2
1376236448,20,1
1376236660,20,1
1376236688,20,1
1376236752,20,1
1376236808,18,3
1376237136,19,2
1376237234,20,1
1376237274,19,2
1376237877,19,2
1376238481,19,2
1376238639,20,1
1376238664,21,0
1376239267,21,0
1376239373,20,1
1376239977,20,1
1376240291,21,0
1376240895,21,0
1376241498,21,0
1376242101,21,0
1376242705,21,0
1376243000,20,1
1376243603,20,1
1376244207,20,1
1376244810,20,1
1376245346,19,2
1376245950,19,2
1376246553,19,2
1376247157,19,2
1376247760,19,2
1376248364,19,2
1376248967,19,2
1376249340,18,3
1376249944,18,3
1376250089,17,4
1376250693,17,4
1376251296,17,4
1376251437,15,6
1376252071,14,7
1376252675,14,7
1376253278,14,7
1376253882,14,7
1376254486,14,7
1376255021,13,8
1376255025,12,9
1376255628,12,9
1376256232,12,9
1376256513,11,10
1376257116,11,10
1376257720,11,10
1376258323,11,10
1376258927,11,10
1376259530,11,10
1376260134,11,10
1376260287,10,11
1376260316,11,10
1376260920,11,10
1376261523,11,10
1376262127,11,10
1376262730,11,10
1376263334,11,10
1376263937,11,10
1376264541,11,10
1376265144,11,10
1376265748,11,10
1376266201,12,9
1376266805,12,9
1376267408,12,9
1376268012,12,9
1376268615,12,9
1376269219,12,9
1376269822,12,9
1376270426,12,9
1376271029,12,9
1376271428,12,9
1376272032,12,9
1376272636,12,9
1376273239,12,9
1376273843,12,9
1376274446,12,9
1376275050,12,9
1376275653,12,9
1376276257,12,9
1376276860,12,9
1376277464,12,9
1376277955,13,8
1376278558,13,8
1376279162,13,8
1376279765,13,8
1376280369,13,8
1376280972,13,8
1376281576,13,8
1376282179,13,8
1376282783,13,8
1376283386,13,8
1376283990,13,8
1376284594,13,8
1376285197,13,8
1376285801,13,8
1376286419,14,7
1376287022,14,7
1376287391,13,8
1376287580,13,8
1376287949,14,7
1376288553,14,7
1376288617,13,8
1376288659,15,6
1376289204,14,7
1376289277,15,6
1376289342,16,5
1376289390,17,4
1376289871,18,3
1376290038,18,2
1376290119,19,1
1376290231,20,1
1376290834,20,1
1376290898,20,1
1376290954,20,0
1376291557,20,1
1376291833,20,1
1376292436,20,1
1376293000,20,1
1376293004,19,2
1376293122,19,2
1376293180,20,1
1376293231,21,0
1376293834,21,0
1376294437,21,0
1376295040,21,0
1376295643,21,0
1376295997,19,2
1376296216,19,2
1376296289,20,1
1376296317,21,0
1376296921,21,0
1376297525,21,0
1376298128,21,0
1376298732,21,0
1376299099,21,0
1376299703,21,0
1376300306,21,0
1376300910,21,0
1376301513,21,0
1376301681,20,1
1376301987,21,0
1376302590,21,0
1376302693,20,1
1376303137,21,0
1376303480,20,1
1376303953,21,0
1376304557,21,0
1376305161,21,0
1376305764,21,0
1376305907,20,1
1376306141,18,3
1376306148,17,4
1376306341,15,6
1376306982,15,6
1376307039,16,5
1376307070,17,4
1376307590,16,5
1376308194,16,5
1376308499,15,6
1376309102,15,6
1376309528,13,8
1376309814,14,7
1376310417,14,7
1376310936,14,7
1376310973,14,7
1376311224,14,7
1376311259,15,6
1376311862,15,6
1376312179,13,8
1376312214,14,7
1376312363,16,5
1376312966,16,5
1376313570,16,5
1376313762,16,5
1376313807,17,4
1376313846,18,3
1376313971,19,2
1376314117,17,4
1376314599,18,3
1376314731,18,3
1376314795,19,2
1376315344,19,2
1376315422,19,2
1376315475,20,1
1376315792,19,2
1376316396,19,2
1376316438,18,3
1376316732,19,2
1376317282,17,4
1376317315,18,3
1376317691,17,4
1376318170,18,3
1376318479,18,3
1376318516,18,3
1376318647,18,3
1376318722,18,3
1376318758,18,3
1376318836,19,2
1376318890,19,2
1376318929,20,1
1376319532,20,1
1376319978,19,2
1376320026,16,5
1376320629,16,5
1376320753,15,6
1376321128,14,7
1376321732,14,7
1376321813,13,8
1376321977,13,8
1376322580,13,8
1376322623,14,7
1376323226,14,7
1376323417,15,6
1376323542,17,4
1376324145,17,4
1376324749,17,4
1376324925,16,5
1376325119,17,4
1376325185,16,5
1376325418,15,6
1376325606,14,7
1376326055,14,7
1376326067,13,8
1376326153,12,9
1376326299,13,8
1376326847,12,9
1376327341,13,8
1376327544,11,10
1376327634,10,11
1376328035,10,11
1376328094,10,11
1376328147,11,10
1376328194,12,9
1376328279,10,11
1376328492,12,9
1376328581,12,9
1376328615,14,7
1376329218,14,7
1376329493,15,6
1376330051,14,7
1376330142,14,7
1376330196,13,8
1376330668,14,7
1376331158,14,7
1376331168,15,6
1376331311,16,5
1376331814,15,6
1376332180,14,7
1376332205,13,8
1376332808,13,8
1376333441,11,10
1376333861,8,13
1376333888,7,14
1376334211,6,15
1376334257,6,15
1376334447,7,14
1376334474,8,13
1376334844,6,15
1376335447,6,15
1376336066,7,14
1376336559,8,13
1376336971,9,12
1376337575,9,12
1376337832,8,13
1376338173,7,14
1376338220,5,16
1376338587,4,17
1376338692,7,14
1376339314,6,15
1376339918,6,15
1376340099,6,15
1376340107,7,14
1376340710,7,14
1376341314,7,14
1376341917,7,14
1376342233,8,13
1376342773,9,12
1376343374,9,12
1376343454,10,11
1376343816,8,13
1376343971,8,13
1376344060,9,12
1376344103,9,12
1376344171,10,11
1376344523,12,9
1376345127,12,9
1376345730,12,9
1376346334,12,9
1376346862,11,10
1376347466,11,10
1376348069,11,10
1376348673,11,10
1376349277,11,10
1376349498,11,10
1376349532,11,10
1376350135,11,10
1376350739,11,10
1376351342,11,10
1376351946,11,10
1376352549,11,10
1376353153,11,10
1376353756,11,10
1376354360,11,10
1376354964,11,10
1376355567,11,10
1376356171,11,10
1376356683,12,9
1376357287,12,9
1376357827,12,9
1376358193,13,8
1376358796,13,8
1376359400,13,8
1376360003,13,8
1376360607,13,8
1376361211,13,8
1376361814,13,8
1376362418,13,8
1376363021,13,8
1376363625,13,8
1376364228,13,8
1376364326,13,8
1376364357,14,7
1376364961,14,7
1376365564,14,7
1376366168,14,7
1376366771,14,7
1376367375,14,7
1376367978,14,7
1376368582,14,7
1376369186,14,7
1376369789,14,7
1376370392,14,7
1376370996,14,7
1376371600,14,7
1376372203,14,7
1376372807,14,7
1376373171,15,6
1376373744,14,7
1376374200,13,8
1376374409,14,7
1376374663,14,7
1376374665,15,6
1376374855,16,5
1376375094,17,4
1376375229,18,3
1376375376,18,3
1376375386,19,2
1376375766,20,1
1376376244,21,0
1376376403,20,1
1376376424,20,1
1376376898,21,0
1376376971,20,1
1376377575,20,1
1376377634,20,1
1376377719,20,1
1376377733,20,1
1376378344,20,1
1376378947,20,1
1376379551,20,1
1376380154,20,1
1376380536,19,2
1376380808,20,1
1376381246,19,2
1376381849,19,2
1376382218,19,2
1376382228,20,1
1376382293,19,2
1376382368,18,3
1376382541,17,4
1376382883,16,5
1376383362,17,4
1376384022,18,3
1376384055,18,3
1376384113,18,3
1376384191,19,2
1376384413,18,3
1376385017,18,3
1376385304,17,4
1376385864,16,5
1376386467,16,5
1376386644,17,4
1376386686,17,4
1376386731,18,3
1376387109,19,2
1376387303,19,2
1376387436,19,1
1376387459,19,1
1376387904,20,0
1376388508,20,1
1376388637,21,0
1376389241,21,0
1376389383,20,1
1376389986,20,1
1376390590,20,1
1376391194,20,1
1376391514,21,0
1376392117,21,0
1376392721,21,0
1376393325,21,0
1376393460,21,0
1376394063,21,0
1376394666,21,0
1376395270,21,0
1376395873,21,0
1376396477,21,0
1376397087,20,1
1376397690,20,1
1376398293,20,1
1376398414,21,0
1376399018,21,0
1376399621,21,0
1376400225,21,0
1376400828,21,0
1376401432,21,0
1376401611,20,1
1376402215,20,1
1376402857,20,1
1376402904,20,1
1376402925,20,1
1376403528,20,1
1376403801,21,0
1376404405,21,0
1376405008,21,0
1376405612,21,0
1376406215,21,0
1376406799,21,0
1376407402,21,0
1376407515,20,1
1376407901,19,2
1376408482,20,1
1376408961,20,1
1376409031,21,0
1376409472,20,1
1376409553,21,0
1376410156,21,0
1376410760,21,0
1376410820,20,1
1376411138,21,0
1376411355,20,1
1376411958,20,1
1376412550,21,0
1376413154,21,0
1376413757,21,0
1376414143,21,0
1376414145,20,1
1376414493,21,0
1376414942,20,1
1376415054,21,0
1376415658,21,0
1376415955,20,1
1376416137,19,2
1376416278,20,1
1376416882,20,1
1376417097,19,2
1376417266,18,3
1376417475,17,4
1376418079,17,4
1376418300,16,5
1376418744,15,6
1376418924,16,5
1376418981,16,5
1376419081,17,4
1376419240,16,5
1376419482,17,4
1376419485,16,5
1376419700,15,6
1376419972,14,7
1376420051,13,8
1376420105,12,9
1376420621,11,10
1376420629,12,9
1376420725,11,10
1376420768,12,9
1376420820,13,8
1376421218,11,10
1376421281,9,12
1376421884,9,12
1376422488,9,12
1376423091,9,12
1376423370,5,16
1376423958,4,17
1376424383,5,16
1376424987,5,16
1376425139,4,17
1376425743,4,17
1376426346,4,17
1376426656,3,18
1376426799,3,18
1376426809,4,17
1376427413,4,17
1376428017,4,17
1376428493,3,18
1376428681,4,17
1376428763,4,17
1376428837,6,15
1376428890,9,12
1376428962,9,12
1376429080,9,12
1376429095,9,12
1376429261,8,13
1376429298,8,13
1376429368,8,13
1376429433,7,14
1376429476,8,13
1376429560,10,11
1376430163,10,11
1376430417,9,12
1376431021,9,12
1376431625,9,12
1376431901,8,13
1376431961,8,13
1376432006,8,13
1376432035,9,12
1376432639,9,12
1376432773,9,12
1376432893,8,12
1376432945,9,12
1376433095,8,13
1376433454,9,12
1376434058,9,12
1376434661,9,12
1376435264,9,12
1376435868,9,12
1376436471,9,12
1376437075,9,12
1376437457,10,11
1376437932,11,10
1376438073,13,8
1376438677,13,8
1376439280,13,8
1376439884,13,8
1376440488,13,8
1376441091,13,8
1376441695,13,8
1376442298,13,8
1376442902,13,8
1376443505,13,8
1376444226,13,8
1376444830,13,8
1376445433,13,8
1376446036,13,8
1376446640,13,8
1376447244,13,8
1376447847,13,8
1376448163,13,8
1376448172,12,9
1376448775,12,9
1376449379,12,9
1376449983,12,9
1376450586,12,9
1376451190,12,9
1376451793,12,9
1376452397,12,9
1376453000,12,9
1376453604,12,9
1376454207,12,9
1376454811,12,9
1376455418,12,9
1376455427,13,8
1376455579,14,7
1376456183,14,7
1376456786,14,7
1376457389,14,7
1376457993,14,7
1376458597,14,7
1376458837,15,6
1376458954,16,5
1376459557,16,5
1376460001,15,6
1376460604,15,6
1376460996,16,5
1376461600,16,5
1376461760,17,4
1376461838,17,4
1376461898,19,2
1376462500,21,0
1376462868,21,0
1376463471,21,0
1376464074,21,0
1376464678,21,0
1376464748,20,1
1376464817,21,0
1376465420,21,0
1376465637,20,0
1376465706,21,0
1376466310,21,0
1376466913,21,0
1376467516,21,0
1376468120,21,0
1376468723,21,0
1376469327,21,0
1376469931,21,0
1376470534,21,0
1376471137,21,0
1376471741,21,0
1376472355,20,1
1376472568,21,0
1376473171,21,0
1376473390,21,0
1376473473,20,1
1376473532,20,1
1376474135,20,1
1376474738,20,1
1376475342,20,1
1376475945,20,1
1376476204,20,1
1376476296,20,1
1376476335,21,0
1376476407,20,1
1376476466,20,1
1376476498,21,0
1376477102,21,0
1376477705,21,0
1376478309,21,0
1376478912,21,0
1376479516,21,0
1376480119,21,0
1376480740,20,1
1376480750,20,1
1376481354,20,1
1376481761,18,3
1376482196,19,2
1376482300,18,3
1376482315,19,2
1376482416,20,1
1376482429,20,1
1376482542,21,0
1376482987,20,1
1376483590,20,1
1376484194,20,1
1376484608,19,2
1376484941,20,1
1376485545,20,1
1376486003,20,1
1376486345,19,2
1376486652,20,1
1376486847,19,2
1376486880,20,1
1376487484,20,1
1376488058,19,2
1376488661,19,2
1376489265,19,2
1376489868,19,2
1376490472,19,2
1376491075,19,2
1376491679,19,2
1376492282,19,2
1376492886,19,2
1376493336,17,3
1376493362,15,6
1376494004,15,6
1376494006,13,8
1376494610,13,8
1376494707,15,6
1376494775,16,5
1376494817,17,4
1376494928,18,3
1376495532,18,3
1376495706,19,2
1376496310,19,2
1376496395,20,1
1376496429,18,3
1376496503,17,4
1376496560,14,7
1376497163,14,7
1376497427,13,8
1376497768,12,9
1376498344,13,8
1376498625,13,8
1376498628,12,9
1376498837,11,10
1376498911,9,12
1376498968,8,13
1376499581,7,14
1376499850,8,13
1376500157,7,14
1376500597,8,13
1376501082,7,14
1376501182,6,15
1376501254,5,16
1376501477,5,16
1376501509,6,15
1376501650,5,16
1376501744,6,15
1376501751,7,14
1376502354,7,14
1376502552,8,13
1376502758,9,12
1376502912,9,12
1376503003,11,10
1376503117,10,11
1376503162,11,10
1376503765,11,10
1376504389,11,10
1376504461,10,11
1376505065,10,11
1376505204,9,12
1376505261,8,13
1376505313,9,12
1376505386,9,12
1376505415,10,11
1376506019,10,11
1376506622,10,11
1376507224,9,12
1376507665,10,11
1376508268,10,11
1376508872,10,11
1376509267,10,11
1376509360,9,12
1376509402,11,10
1376510006,11,10
1376510610,11,10
1376511057,10,11
1376511614,11,10
1376511698,10,11
1376512302,10,11
1376512906,10,11
1376513110,9,12
1376513225,8,13
1376513829,8,13
1376514086,8,13
1376514163,10,11
1376514766,10,11
1376515370,10,11
1376515681,11,10
1376516284,11,10
1376516426,11,10
1376516502,12,9
1376516529,14,7
1376516572,15,6
1376517175,15,6
1376517778,15,6
1376518318,16,5
1376518922,16,5
1376519525,16,5
1376520128,16,5
1376520262,17,4
1376520865,17,4
1376521413,17,4
1376521476,19,2
1376522079,19,2
1376522683,19,2
1376523103,20,1
1376523128,21,0
1376523731,21,0
1376524335,21,0
1376524938,21,0
1376525542,21,0
1376525812,20,1
1376525937,19,2
1376526540,19,2
1376527143,19,2
1376527747,19,2
1376528351,19,2
1376528954,19,2
1376529558,19,2
1376530161,19,2
1376530712,19,2
1376531316,19,2
1376531920,19,2
1376532523,19,2
1376533127,19,2
1376533730,19,2
1376534333,19,2
1376534936,19,2
1376535540,19,2
1376536144,19,2
1376536747,19,2
1376537351,19,2
1376537554,18,3
1376538158,18,3
1376538761,18,3
1376539364,18,3
1376539913,19,2
1376540516,19,2
1376541120,19,2
1376541723,19,2
1376542327,19,2
1376542930,19,2
1376543533,19,2
1376544137,19,2
1376544740,19,2
1376545344,19,2
1376545947,19,2
1376546551,19,2
1376546801,19,2
1376546803,18,3
1376547221,18,3
1376547323,19,2
1376547432,19,2
1376547491,20,1
1376548094,20,1
1376548170,21,0
1376548773,21,0
1376549377,21,0
1376549462,21,0
1376550066,21,0
1376550669,21,0
1376551273,21,0
1376551876,21,0
1376552480,21,0
1376553083,21,0
1376553687,21,0
1376554290,21,0
1376554482,20,1
1376554768,21,0
1376555372,21,0
1376555975,21,0
1376556579,21,0
1376557182,21,0
1376557786,21,0
1376558435,20,1
1376559039,20,1
1376559439,21,0
1376560042,21,0
1376560646,21,0
1376561250,21,0
1376561853,21,0
1376562457,21,0
1376563060,21,0
1376563664,21,0
1376564267,21,0
1376564736,19,2
1376564794,20,1
1376565003,21,0
1376565606,21,0
1376565936,19,2
1376566539,19,2
1376567143,19,2
1376567775,19,2
1376567822,20,1
1376567873,21,0
1376568477,21,0
1376569080,21,0
1376569684,21,0
1376570287,21,0
1376570426,19,2
1376570730,20,1
1376571333,20,1
1376571915,21,0
1376572519,21,0
1376573122,21,0
1376573726,21,0
1376574329,21,0
1376574933,21,0
1376575536,21,0
1376575948,20,1
1376576552,20,1
1376577155,20,1
1376577428,19,2
1376578032,19,2
1376578252,20,1
1376578856,20,1
1376579459,20,1
1376580063,20,1
1376580666,20,1
1376581270,20,1
1376581896,19,2
1376582018,19,2
1376582028,18,3
1376582202,17,4
1376582241,18,3
1376582278,19,2
1376582821,18,3
1376583424,18,3
1376584028,18,3
1376584299,16,5
1376584317,14,7
1376584921,14,7
1376585259,12,9
1376585863,12,9
1376586466,12,9
1376586607,12,9
1376586691,13,8
1376586760,13,8
1376586818,14,7
1376587300,15,6
1376587303,16,5
1376587414,15,6
1376587959,11,9
1376587975,10,10
1376588058,11,9
1376588128,12,9
1376588152,11,10
1376588593,9,12
1376588940,8,13
1376589037,8,13
1376589045,9,12
1376589158,6,15
1376589209,4,17
1376589813,4,17
1376590417,4,17
1376591022,4,17
1376591259,4,17
1376591311,6,15
1376591551,6,15
1376591569,6,15
1376591648,7,14
1376592251,7,14
1376592607,6,15
1376592742,4,17
1376592785,4,17
1376592848,4,17
1376592908,5,16
1376592949,6,15
1376593482,6,15
1376593525,7,14
1376593599,7,14
1376593645,8,13
1376594057,7,14
1376594109,7,14
1376594183,7,14
1376594236,7,14
1376594322,7,14
1376594324,8,13
1376594928,8,13
1376595003,7,14
1376595607,7,14
1376596084,6,15
1376596688,6,15
1376597292,6,15
1376597331,7,14
1376597520,6,15
1376597904,6,15
1376598508,6,15
1376599111,6,15
1376599403,5,16
1376599522,4,17
1376599913,2,19
1376600516,2,19
1376601120,2,19
1376601724,2,19
1376602327,2,19
1376602946,1,20
1376602999,1,20
1376603076,1,20
1376603137,2,19
1376603180,3,18
1376603385,3,18
1376603458,3,18
1376603972,2,19
1376604019,0,21
1376604381,0,21
1376604444,1,20
1376604579,2,19
1376604596,1,20
1376604905,2,19
1376605035,3,18
1376605638,3,18
1376605718,4,17
1376606321,4,17
1376606925,4,17
1376607050,3,18
1376607654,3,18
1376608257,3,18
1376608355,3,18
1376608448,3,18
1376608528,3,17
1376608603,3,17
1376608642,4,16
1376609245,4,17
1376609849,4,17
1376610273,4,17
1376610401,4,17
1376610462,5,16
1376610503,6,15
1376610538,7,14
1376610630,8,13
1376610781,7,14
1376611384,7,14
1376611524,7,14
1376611546,8,13
1376612149,8,13
1376612753,8,13
1376613356,8,13
1376613960,8,13
1376614564,8,13
1376615167,8,13
1376615770,8,13
1376616374,8,13
1376617027,8,13
1376617630,8,13
1376618234,8,13
1376618837,8,13
1376619441,8,13
1376620045,8,13
1376620648,8,13
1376621252,8,13
1376621855,8,13
1376622459,8,13
1376622758,7,14
1376622859,8,13
1376623463,8,13
1376624066,8,13
1376624670,8,13
1376625273,8,13
1376625877,8,13
1376626480,8,13
1376627084,8,13
1376627687,8,13
1376628291,8,13
1376628894,8,13
1376629498,8,13
1376630101,8,13
1376630705,8,13
1376631308,8,13
1376631912,8,13
1376632515,8,13
1376633119,8,13
1376633722,8,13
1376634326,8,13
1376634832,9,12
1376635435,9,12
1376636039,9,12
1376636504,9,12
1376636511,10,11
1376636860,9,12
1376636875,9,12
1376637272,10,11
1376637468,9,12
1376638072,9,12
1376638238,9,12
1376638288,9,12
1376638344,10,11
1376638373,11,10
1376638841,11,10
1376638902,12,9
1376638962,14,7
1376639075,14,7
1376639141,14,7
1376639187,15,5
1376639262,15,6
1376639310,17,4
1376639376,18,3
1376639980,18,3
1376640583,18,3
1376640659,19,2
1376641262,19,2
1376641866,19,2
1376642470,19,2
1376643074,19,2
1376643641,19,1
1376643653,20,0
1376643955,20,0
1376644242,20,0
1376644243,20,0
1376644894,19,2
1376644979,20,1
1376645226,21,0
1376645829,21,0
1376646432,21,0
1376647036,21,0
1376647640,21,0
1376648243,21,0
1376648847,21,0
1376649136,20,1
1376649739,20,1
1376650153,19,2
1376650757,19,2
1376651361,19,2
1376651409,18,3
1376651664,19,2
1376652268,19,2
1376652871,19,2
1376652891,20,1
1376653180,20,1
1376653189,21,0
1376653792,21,0
1376654396,21,0
1376654999,21,0
1376655604,21,0
1376656207,21,0
1376656811,21,0
1376657414,21,0
1376658018,21,0
1376658143,20,1
1376658739,19,2
1376658805,19,2
1376658832,18,3
1376659477,18,3
1376659486,19,2
1376659651,18,3
1376660254,18,3
1376660382,18,3
1376660405,20,1
1376661008,20,1
1376661334,18,3
1376661938,18,3
1376662053,19,2
1376662132,18,3
1376662374,19,2
1376662990,19,2
1376663283,20,1
1376663732,19,2
1376664335,19,2
1376664810,20,1
1376665413,20,1
1376666016,20,1
1376666278,19,2
1376666882,19,2
1376667232,20,1
1376667328,19,2
1376667932,19,2
1376668381,18,3
1376668882,19,2
1376668972,20,1
1376669576,20,1
1376670179,20,1
1376670783,20,1
1376671386,20,1
1376671474,17,4
1376671541,16,5
1376671598,15,6
1376671623,14,7
1376672227,14,7
1376672830,14,7
1376673007,12,9
1376673398,13,8
1376673523,14,7
1376673531,15,6
1376673628,16,5
1376674231,16,5
1376674835,16,5
1376674948,15,6
1376675121,14,7
1376675178,16,5
1376675782,16,5
1376676385,16,5
1376676989,16,5
1376677238,16,5
1376677263,17,4
1376677630,16,5
1376677763,16,5
1376677814,15,6
1376678418,15,6
1376678501,16,5
1376679105,16,5
1376679708,16,5
1376680312,16,5
1376680916,16,5
1376681519,16,5
1376682123,16,5
1376682726,16,5
1376683330,16,5
1376683417,16,5
1376683606,16,5
1376683626,17,4
1376684229,17,4
1376684832,17,4
1376684936,18,3
1376685539,18,3
1376686143,18,3
1376686746,18,3
1376687350,18,3
1376687953,18,3
1376688238,19,2
1376688842,19,2
1376688937,18,3
1376689487,17,4
1376689657,17,4
1376689749,17,4
1376689810,17,4
1376689860,17,4
1376689963,18,3
1376690566,18,3
1376691170,18,3
1376691451,19,2
1376691557,18,3
1376691694,19,2
1376692298,19,2
1376692901,19,2
1376693505,19,2
1376693860,20,1
1376693889,20,1
1376694492,20,1
1376695096,20,1
1376695699,20,1
1376696303,20,1
1376696906,20,1
1376697509,20,1
1376698113,20,1
1376698716,20,1
1376699320,20,1
1376699924,20,1
1376700527,20,1
1376701130,20,1
1376701734,20,1
1376702338,20,1
1376702941,20,1
1376703506,20,1
1376703651,21,0
1376704255,21,0
1376704858,21,0
1376705462,21,0
1376706065,21,0
1376706669,21,0
1376707272,21,0
1376707876,21,0
1376708479,21,0
1376709083,21,0
1376709686,21,0
1376710290,21,0
1376710893,21,0
1376711497,21,0
1376712101,21,0
1376712704,21,0
1376713307,21,0
1376713911,21,0
1376714515,21,0
1376715118,21,0
1376715722,21,0
1376716325,21,0
1376716929,21,0
1376717532,21,0
1376718136,21,0
1376718739,21,0
1376719343,21,0
1376719947,21,0
1376720550,21,0
1376721153,21,0
1376721757,21,0
1376722361,21,0
1376722964,21,0
1376723567,21,0
1376724171,21,0
1376724775,21,0
1376725378,21,0
1376725982,21,0
1376726585,21,0
1376727189,21,0
1376727792,21,0
1376728396,21,0
1376728999,21,0
1376729603,21,0
1376730207,21,0
1376730744,19,2
1376731061,20,1
1376731554,19,2
1376731936,19,2
1376731972,20,1
1376732072,21,0
1376732120,20,1
1376732261,20,1
1376732271,21,0
1376732756,21,0
1376733360,21,0
1376733963,21,0
1376734567,21,0
1376735171,21,0
1376735774,21,0
1376736378,21,0
1376736981,21,0
1376737585,21,0
1376738188,21,0
1376738792,21,0
1376739395,21,0
1376739758,20,1
1376740362,20,1
1376740651,21,0
1376741155,21,0
1376741759,21,0
1376742362,21,0
1376742965,21,0
1376743358,19,2
1376743503,20,1
1376743577,19,2
1376743823,20,1
1376744010,18,3
1376744613,18,3
1376745147,18,2
1376745188,19,1
1376745436,20,0
1376746039,20,1
1376746356,20,1
1376746413,20,0
1376746427,20,0
1376747030,20,1
1376747634,20,1
1376748038,20,0
1376748641,20,1
1376748795,19,2
1376748869,18,3
1376748940,18,2
1376749004,18,2
1376749063,18,2
1376749112,18,2
1376749158,18,2
1376749237,19,1
1376749410,19,1
1376749504,20,0
1376749596,20,0
1376749646,21,0
1376750249,21,0
1376750853,21,0
1376751456,21,0
1376751583,21,0
1376751585,20,1
1376752189,20,1
1376752536,19,2
1376752788,19,2
1376752885,20,1
1376752921,20,1
1376753002,20,1
1376753037,21,0
1376753499,20,1
1376753529,19,2
1376754132,19,2
1376754643,19,1
1376754652,19,1
1376754761,18,2
1376754820,18,2
1376754943,18,3
1376754988,19,2
1376755591,19,2
1376756195,19,2
1376756798,19,2
1376757171,18,3
1376757774,18,3
1376758121,18,3
1376758181,18,3
1376758201,19,2
1376758804,19,2
1376759317,18,3
1376759331,17,4
1376759935,17,4
1376760097,19,2
1376760701,19,2
1376760731,20,1
1376761335,20,1
1376761566,21,0
1376762169,21,0
1376762773,21,0
1376762924,21,0
1376762926,20,1
1376763054,19,2
1376763705,18,3
1376763714,16,5
1376763995,17,4
1376764220,17,4
1376764303,18,3
1376764941,17,4
1376765459,16,5
1376765856,17,4
1376766460,17,4
1376767063,17,4
1376767465,15,6
1376767769,14,7
1376768187,16,5
1376768790,16,5
1376769394,16,5
1376769701,16,5
1376769758,17,4
1376769816,17,4
1376769855,17,4
1376770458,17,4
1376771061,17,4
1376771665,17,4
1376771921,16,5
1376772524,16,5
1376773128,16,5
1376773731,16,5
1376774335,16,5
1376774564,16,5
1376774608,14,7
1376775211,14,7
1376775663,13,8
1376776267,13,8
1376776870,13,8
1376777474,13,8
1376778077,13,8
1376778681,13,8
1376779285,13,8
1376779888,13,8
1376779959,14,7
1376780562,14,7
1376780984,14,7
1376781036,15,6
1376781640,15,6
1376782243,15,6
1376782847,15,6
1376783450,15,6
1376783510,14,7
1376784113,14,7
1376784717,14,7
1376785320,14,7
1376785924,14,7
1376786527,14,7
1376787131,14,7
1376787734,14,7
1376788543,13,8
1376788605,14,7
1376789208,14,7
1376789825,14,7
1376790429,14,7
1376791033,14,7
1376791636,14,7
1376792240,14,7
1376792843,14,7
1376793447,14,7
1376794050,14,7
1376794654,14,7
1376794915,15,6
1376795519,15,6
1376795625,15,6
1376795661,15,6
1376796265,15,6
1376796559,15,6
1376797162,15,6
1376797766,15,6
1376798369,15,6
1376798486,14,7
1376799090,14,7
1376799693,14,7
1376800297,14,7
1376800900,14,7
1376801504,14,7
1376802107,14,7
1376802711,14,7
1376803313,14,7
1376803917,14,7
1376804520,14,7
1376805124,14,7
1376805727,14,7
1376806079,14,7
1376806232,14,7
1376806311,15,6
1376806368,15,6
1376806468,15,6
1376806508,16,5
1376807111,16,5
1376807715,16,5
1376807828,17,4
1376808431,17,4
1376808697,17,4
1376808723,18,3
1376809326,18,3
1376809930,18,3
1376810288,17,4
1376810778,18,3
1376811381,18,3
1376811985,18,3
1376812588,18,3
1376813133,18,3
1376813197,19,2
1376813801,19,2
1376814405,19,2
1376814725,20,1
1376815328,20,1
1376815778,19,2
1376815941,18,3
1376816178,19,2
1376816782,19,2
1376817153,17,4
1376817756,17,4
1376818114,17,4
1376818164,17,4
1376818244,18,3
1376818848,18,3
1376819451,18,3
1376819592,17,4
1376820195,17,4
1376820790,18,3
1376821393,18,3
1376821997,18,3
1376822600,18,3
1376822769,19,2
1376823372,19,2
1376823976,19,2
1376824579,19,2
1376824822,20,1
1376825425,20,1
1376826029,20,1
1376826632,20,1
1376827239,19,2
1376827842,19,2
1376827903,20,1
1376828506,20,1
1376829109,20,1
1376829712,20,1
1376830050,19,2
1376830654,19,2
1376831257,19,2
1376831339,20,1
1376831943,20,1
1376832546,20,1
