1376208609,42,2
1376209106,43,1
1376209321,43,1
1376209926,43,1
1376210529,43,1
1376211133,43,1
1376211403,43,1
1376211405,42,2
1376212009,42,2
1376212613,42,2
1376213216,42,2
1376213820,42,2
1376214259,43,1
1376214416,44,0
1376214736,43,1
1376215107,41,3
1376215491,40,4
1376215805,39,5
1376216410,39,5
1376216901,38,6
1376217188,39,5
1376217461,40,4
1376217515,41,3
1376217687,42,2
1376217954,42,2
1376218050,43,1
1376218654,43,1
1376218952,44,0
1376219555,44,0
1376220159,44,0
1376220762,44,0
1376221366,44,0
1376221970,44,0
1376222550,43,1
1376222982,43,1
1376222992,44,0
1376223596,44,0
1376224190,43,1
1376224794,43,1
1376225143,43,1
1376225151,44,0
1376225754,44,0
1376226358,44,0
1376226962,44,0
1376227567,44,0
1376228170,44,0
1376228742,44,0
1376228745,43,1
1376229095,44,0
1376229699,44,0
1376230303,44,0
1376230908,44,0
1376231512,44,0
1376231677,43,1
1376232281,43,1
1376232884,43,1
1376233400,41,3
1376233525,40,4
1376233690,39,5
1376233831,40,4
1376234138,42,2
1376234154,43,1
1376234758,43,1
1376235361,43,1
1376235994,44,0
1376236598,44,0
1376236697,42,2
1376237059,41,3
1376237431,39,5
1376237676,37,7
1376237700,36,8
1376237841,36,8
1376237883,37,7
1376238340,36,8
1376238723,36,8
1376238835,36,8
1376239117,36,8
1376239190,38,6
1376239749,39,5
1376239902,39,5
1376240022,38,6
1376240121,38,6
1376240260,39,5
1376240287,40,4
1376240343,40,4
1376240388,41,3
1376240880,42,2
1376241084,43,1
1376241154,41,3
1376241760,41,3
1376241781,43,1
1376241874,41,3
1376242481,41,3
1376242489,42,2
1376243093,42,2
1376243192,44,0
1376243623,44,0
1376243629,42,2
1376244232,42,2
1376244408,41,3
1376245011,41,3
1376245298,41,3
1376245307,42,2
1376245519,43,1
1376246124,43,1
1376246647,43,1
1376246734,43,1
1376246768,44,0
1376247372,44,0
1376247975,44,0
1376248339,42,2
1376248942,42,2
1376249545,42,2
1376250149,42,2
1376250743,43,1
1376250913,44,0
1376251516,44,0
1376252120,44,0
1376252723,44,0
1376253327,44,0
1376253711,43,1
1376254315,43,1
1376254522,42,2
1376255127,42,2
1376255732,42,2
1376256336,42,2
1376256941,42,2
1376257537,43,1
1376257884,44,0
1376258487,44,0
1376259091,44,0
1376259170,42,2
1376259774,42,2
1376259924,44,0
1376260035,43,1
1376260640,43,1
1376261243,43,1
1376261847,43,1
1376262450,43,1
1376263054,43,1
1376263657,43,1
1376264261,43,1
1376264864,43,1
1376265468,43,1
1376266071,43,1
1376266675,43,1
1376267279,43,1
1376267882,43,1
1376268486,43,1
1376269089,43,1
1376269692,43,1
1376270296,43,1
1376270899,43,1
1376271503,43,1
1376284236,37,7
1376284245,38,6
1376284454,40,4
1376284537,41,3
1376284577,40,4
1376285180,40,4
1376285291,41,3
1376285894,41,3
1376285980,40,4
1376285989,41,3
1376286331,42,2
1376286577,41,3
1376287007,40,4
1376287200,39,5
1376287584,38,6
1376287898,38,6
1376287915,38,6
1376288071,41,3
1376288256,42,2
1376288537,41,3
1376288569,40,4
1376288663,40,4
1376288740,40,3
1376288747,40,4
1376288920,39,5
1376288928,40,4
1376289012,39,5
1376289090,38,6
1376289154,36,8
1376289307,35,9
1376289360,33,11
1376289534,32,12
1376289685,31,13
1376289748,32,12
1376289811,32,12
1376289878,32,12
1376289892,33,11
1376290002,32,12
1376290016,33,11
1376290104,32,12
1376290181,30,14
1376290342,29,15
1376290476,30,14
1376290510,31,13
1376291114,31,13
1376291311,30,14
1376291561,30,14
1376291613,29,15
1376291918,28,16
1376292100,28,16
1376292142,31,13
1376292380,32,12
1376292471,31,13
1376292603,32,12
1376292672,31,13
1376292857,30,14
1376292939,31,13
1376293475,31,13
1376293490,32,12
1376293594,31,13
1376293773,32,12
1376294300,33,11
1376294668,34,10
1376294987,33,11
1376295468,32,12
1376296025,31,13
1376296250,30,14
1376296644,31,13
1376297253,32,12
1376297320,33,11
1376297431,33,11
1376297464,34,10
1376297552,37,7
1376298157,37,7
1376298331,36,8
1376298936,36,8
1376299539,36,8
1376300143,36,8
1376300253,37,7
1376300643,36,8
1376300924,36,8
1376300934,37,7
1376301035,36,8
1376301216,37,7
1376301279,37,7
1376301293,38,6
1376301458,36,8
1376301809,37,7
1376301882,38,6
1376301906,39,5
1376301985,39,5
1376302056,40,3
1376302110,41,2
1376302290,42,1
1376302361,42,1
1376302403,41,2
1376302572,40,3
1376302722,40,3
1376302724,41,2
1376303021,42,1
1376303426,41,2
1376303900,42,1
1376304262,42,1
1376304459,43,1
1376304512,43,1
1376304528,42,2
1376304862,43,1
1376304934,43,1
1376305048,42,2
1376305634,43,1
1376306035,42,2
1376306235,41,3
1376306502,40,4
1376306515,40,4
1376306947,39,5
1376307357,39,5
1376307537,39,5
1376307616,39,5
1376307760,40,4
1376307808,42,2
1376308408,43,1
1376309012,43,1
1376309499,43,1
1376310103,43,1
1376310708,43,1
1376311313,43,1
1376311917,43,1
1376312521,43,1
1376313157,42,2
1376313711,41,3
1376314085,42,2
1376314575,40,4
1376314951,39,5
1376315554,39,5
1376316001,38,6
1376316386,39,5
1376316789,40,4
1376317188,39,5
1376317772,39,5
1376317800,40,4
1376318378,39,5
1376318782,37,7
1376318806,36,8
1376319125,37,7
1376319236,38,6
1376319759,39,5
1376320262,40,4
1376320413,39,5
1376321017,39,5
1376321200,38,6
1376321364,37,7
1376321431,36,8
1376321490,35,9
1376321708,36,8
1376321857,37,7
1376321875,38,6
1376322096,36,8
1376322243,37,7
1376322386,38,6
1376322444,39,5
1376322614,40,4
1376322718,41,3
1376323229,41,3
1376323266,42,2
1376323871,42,2
1376323921,43,1
1376323978,42,2
1376324128,40,4
1376324179,39,5
1376324262,39,5
1376324265,40,4
1376324378,38,5
1376324398,38,5
1376324538,39,4
1376324622,38,5
1376324696,38,6
1376324914,39,5
1376324979,38,6
1376325023,36,8
1376325248,35,9
1376325328,36,8
1376325368,37,7
1376325501,35,9
1376325565,36,8
1376325643,36,8
1376325692,38,6
1376325820,38,6
1376325878,39,5
1376325912,40,4
1376325994,40,4
1376326039,42,2
1376326120,41,3
1376326153,41,3
1376326234,40,4
1376326638,41,3
1376326670,40,4
1376326832,41,3
1376326927,41,3
1376327055,40,4
1376327113,41,3
1376327417,43,1
1376327554,43,1
1376327669,43,1
1376328274,43,1
1376328878,43,1
1376329482,43,1
1376329811,42,2
1376330380,43,1
1376330443,43,1
1376330447,42,2
1376331052,42,2
1376331656,42,2
1376332297,43,1
1376332400,44,0
1376332495,43,1
1376333101,43,1
1376333704,43,1
1376334307,43,1
1376334912,43,1
1376335516,43,1
1376336121,43,1
1376336276,42,2
1376336453,43,1
1376336580,43,1
1376337184,43,1
1376337788,43,1
1376338056,42,2
1376338660,42,2
1376339125,41,3
1376339728,41,3
1376340332,41,3
1376340935,41,3
1376340958,42,2
1376341561,42,2
1376342066,43,1
1376342485,44,0
1376342524,43,1
1376342920,41,3
1376342949,41,3
1376343012,41,3
1376343092,41,3
1376343696,41,3
1376344294,37,7
1376344323,37,7
1376344407,37,7
1376344457,38,6
1376344523,39,5
1376344578,40,4
1376344615,41,3
1376345136,42,2
1376345740,42,2
1376345992,43,1
1376346597,43,1
1376346723,42,2
1376347327,42,2
1376347931,42,2
1376348534,42,2
1376348743,42,2
1376348752,43,1
1376349356,43,1
1376349495,42,2
1376349582,42,2
1376349635,43,1
1376350239,43,1
1376350843,43,1
1376351446,43,1
1376352050,43,1
1376352653,43,1
1376353257,43,1
1376353861,43,1
1376354465,43,1
1376355069,43,1
1376355672,43,1
1376356276,43,1
1376356879,43,1
1376357483,43,1
1376358086,43,1
1376358615,43,1
1376359220,43,1
1376359824,43,1
1376360427,43,1
1376361031,43,1
1376361635,43,1
1376362239,43,1
1376362843,43,1
1376363446,43,1
1376364050,43,1
1376364653,43,1
1376365257,43,1
1376365650,42,2
1376366018,44,0
1376366622,44,0
1376367225,44,0
1376367511,43,1
1376367650,42,2
1376368254,42,2
1376368858,42,2
1376369281,43,1
1376369884,43,1
1376370452,42,2
1376370701,43,1
1376371046,42,2
1376371216,41,3
1376371301,41,3
1376371311,42,2
1376371777,41,3
1376372380,41,3
1376372475,42,2
1376372691,41,3
1376372840,42,2
1376372869,41,3
1376373189,40,4
1376373379,39,5
1376373740,38,6
1376374116,39,5
1376374474,39,5
1376374630,40,4
1376374841,40,4
1376374887,41,3
1376375116,40,4
1376375218,39,5
1376375272,40,4
1376375351,38,6
1376375442,37,7
1376375637,38,6
1376375735,36,8
1376375796,36,8
1376375811,36,8
1376375872,35,9
1376376014,36,8
1376376365,37,7
1376376436,36,8
1376376513,35,9
1376376575,33,11
1376376624,34,10
1376376745,35,9
1376376921,34,10
1376377003,33,11
1376377178,32,12
1376377281,32,12
1376377355,32,12
1376377370,33,11
1376377722,32,12
1376377745,31,13
1376377949,31,13
1376377966,32,12
1376378197,33,11
1376378243,33,11
1376378322,33,11
1376378325,32,12
1376378474,33,11
1376378622,33,11
1376378694,32,12
1376378758,31,13
1376378968,30,14
1376379017,31,13
1376379084,30,14
1376379161,30,14
1376379191,28,16
1376379235,27,17
1376379338,27,17
1376379359,28,16
1376379492,27,17
1376379565,27,17
1376379585,28,16
1376379840,26,18
1376380029,27,17
1376380154,26,18
1376380356,26,18
1376380412,27,17
1376380776,28,16
1376380884,26,18
1376381201,27,17
1376381335,26,18
1376381399,25,19
1376381610,24,20
1376381658,23,21
1376381733,23,21
1376381759,24,20
1376382363,24,20
1376382968,23,21
1376383222,24,20
1376383285,23,21
1376383333,23,21
1376383477,23,21
1376383497,25,19
1376384070,25,19
1376384290,24,20
1376384439,24,20
1376384488,24,20
1376384563,23,20
1376384601,24,19
1376385092,24,19
1376385148,24,19
1376385196,24,19
1376385384,23,20
1376385431,22,21
1376385486,21,22
1376386090,21,23
1376386404,20,24
1376386528,20,24
1376386564,21,23
1376386899,20,24
1376386947,20,24
1376386989,20,24
1376387076,21,23
1376387111,21,23
1376387715,21,23
1376388107,20,24
1376388720,19,25
1376388878,18,26
1376388998,18,26
1376389039,18,26
1376389101,19,25
1376389144,19,25
1376389187,20,24
1376389760,19,25
1376389902,19,25
1376389934,20,24
1376390231,19,25
1376390481,19,25
1376390531,20,24
1376390970,20,24
1376391032,21,23
1376391150,20,24
1376391193,20,24
1376391338,21,23
1376391382,20,24
1376391415,19,25
1376391926,20,24
1376392223,19,25
1376392277,20,24
1376392794,19,25
1376393013,19,25
1376393065,21,23
1376393196,21,23
1376393210,22,22
1376393815,22,22
1376393897,22,22
1376394085,23,21
1376394504,21,23
1376394740,19,25
1376394820,20,24
1376394825,21,23
1376395274,20,24
1376395356,20,24
1376395405,20,24
1376395434,21,23
1376395776,22,22
1376395890,22,22
1376395922,23,21
1376396439,23,21
1376396501,24,20
1376397074,25,19
1376397217,26,18
1376397820,26,18
1376398134,25,19
1376398603,25,19
1376398625,26,18
1376398861,26,18
1376399014,26,18
1376399074,26,18
1376399110,26,18
1376399188,26,18
1376399329,25,19
1376399723,24,20
1376400327,24,20
1376400402,25,19
1376400756,25,19
1376400776,26,18
1376401166,26,18
1376401197,27,17
1376401526,28,16
1376401722,30,14
1376401935,29,15
1376402095,28,16
1376402698,28,16
1376403302,28,16
1376403906,28,16
1376404232,28,16
1376404251,29,15
1376404445,28,16
1376404598,28,16
1376404823,29,15
1376405426,29,15
1376405682,29,15
1376405718,29,15
1376405801,29,15
1376405842,30,14
1376406123,31,13
1376406727,31,13
1376406858,31,13
1376406940,30,14
1376407022,29,15
1376407171,29,15
1376407234,29,15
1376407249,30,14
1376407412,29,15
1376408015,29,15
1376408134,29,15
1376408151,30,14
1376408494,30,14
1376408563,29,15
1376408578,28,16
1376408684,29,15
1376408742,27,17
1376408750,27,17
1376409030,27,17
1376409049,28,16
1376409151,29,15
1376409363,30,14
1376409440,31,13
1376409544,32,12
1376409642,32,12
1376409661,30,14
1376409756,29,15
1376409804,28,16
1376409845,29,15
1376410052,29,15
1376410124,31,13
1376410127,30,14
1376410362,30,14
1376410379,31,13
1376410473,30,14
1376410505,30,14
1376410575,31,13
1376410714,31,13
1376410775,30,14
1376410838,30,14
1376410885,31,13
1376410934,33,11
1376411564,33,11
1376411621,33,11
1376411680,34,10
1376411741,37,7
1376411794,40,4
1376412187,41,3
1376412255,40,4
1376412523,42,2
1376412541,43,1
1376412622,41,3
1376412732,39,5
1376412863,40,4
1376413056,42,2
1376413322,43,1
1376413648,42,2
1376413901,42,2
1376413910,43,1
1376414515,43,1
1376414660,44,0
1376414743,44,0
1376415157,42,2
1376415270,42,2
1376415325,43,1
1376415380,44,0
1376415983,44,0
1376416080,43,1
1376416531,44,0
1376416857,43,1
1376417460,43,1
1376417763,42,2
1376417986,44,0
1376418590,44,0
1376419194,44,0
1376419531,41,3
1376419927,42,2
1376420017,43,1
1376420036,44,0
1376420640,44,0
1376420850,44,0
1376420867,44,0
1376421470,44,0
1376422074,44,0
1376422678,44,0
1376423281,44,0
1376423885,44,0
1376424489,44,0
1376424863,43,1
1376425466,43,1
1376426070,43,1
1376426674,43,1
1376426980,43,1
1376427027,43,1
1376427062,44,0
1376427665,44,0
1376428268,44,0
1376428873,44,0
1376429477,44,0
1376430081,44,0
1376430685,44,0
1376431289,44,0
1376431894,44,0
1376432499,44,0
1376433103,44,0
1376433706,44,0
1376434310,44,0
1376434913,44,0
1376435517,44,0
1376436121,44,0
1376436764,44,0
1376436766,43,1
1376437370,43,1
1376437973,43,1
1376438577,43,1
1376439180,43,1
1376439784,43,1
1376440387,43,1
1376440991,43,1
1376441594,43,1
1376442198,43,1
1376442802,43,1
1376443407,43,1
1376444010,43,1
1376444614,43,1
1376445075,43,1
1376445680,43,1
1376446283,43,1
1376446887,43,1
1376447491,43,1
1376448095,43,1
1376448698,43,1
1376449302,43,1
1376449905,43,1
1376450509,43,1
1376451113,43,1
1376451716,43,1
1376452117,42,2
1376452722,42,2
1376453326,42,2
1376453852,41,3
1376454062,40,4
1376454667,40,4
1376455270,40,4
1376455463,41,3
1376456066,41,3
1376456123,40,4
1376456259,41,3
1376456432,40,4
1376456463,39,5
1376456514,38,6
1376457117,38,6
1376457198,39,5
1376457368,40,4
1376457651,39,5
1376457738,40,4
1376458033,41,3
1376458636,41,3
1376459240,41,3
1376459419,42,2
1376459453,43,1
1376459582,42,2
1376459689,41,3
1376459900,40,4
1376460033,38,6
1376460051,37,7
1376460349,36,8
1376460478,35,9
1376460751,36,8
1376460768,35,9
1376461001,35,9
1376461012,36,8
1376461184,36,8
1376461187,37,7
1376461398,36,8
1376461539,35,9
1376461624,34,10
1376461763,33,11
1376461818,32,12
1376461949,31,13
1376462059,30,14
1376462140,28,16
1376462660,27,17
1376462911,27,17
1376462943,28,16
1376463090,27,17
1376463458,27,17
1376463476,27,17
1376463742,26,18
1376463824,27,17
1376463827,27,17
1376463925,26,18
1376464063,25,19
1376464114,25,19
1376464243,24,20
1376464278,25,19
1376464492,24,20
1376464648,24,20
1376464674,25,19
1376464758,24,20
1376464802,24,20
1376464879,24,20
1376464961,25,19
1376465193,23,21
1376465264,23,21
1376465295,25,19
1376465368,24,20
1376465424,23,21
1376465524,22,22
1376465783,21,23
1376465812,22,22
1376466012,23,21
1376466233,22,22
1376466837,22,22
1376466900,21,23
1376467004,21,23
1376467007,20,24
1376467290,20,24
1376467350,20,24
1376467380,21,23
1376467716,21,23
1376467728,23,21
1376468263,22,22
1376468924,22,22
1376468927,21,23
1376469529,21,23
1376470132,21,23
1376470596,22,22
1376470750,23,21
1376471238,22,22
1376471359,22,22
1376471390,23,21
1376471562,23,21
1376471576,22,22
1376471662,23,21
1376471854,24,20
1376471907,24,20
1376471931,25,19
1376472161,25,19
1376472211,25,19
1376472276,25,18
1376472323,26,18
1376472386,26,18
1376472814,27,17
1376473423,27,17
1376473467,27,17
1376473523,27,17
1376473749,28,16
1376474204,28,16
1376474206,27,17
1376474619,26,18
1376474641,27,17
1376474913,28,16
1376475016,27,17
1376475076,26,18
1376475272,27,17
1376475431,28,16
1376475576,27,17
1376475618,28,16
1376475809,28,16
1376475828,29,15
1376476128,28,16
1376476420,29,15
1376476479,29,15
1376476533,30,14
1376477138,30,14
1376477192,31,13
1376477342,32,12
1376477655,33,11
1376478085,34,10
1376478522,33,11
1376478580,34,10
1376478810,35,9
1376478855,36,8
1376479294,35,9
1376479586,36,8
1376480018,37,7
1376480076,36,8
1376480133,37,7
1376480181,39,5
1376480258,40,4
1376480320,39,5
1376480344,40,4
1376480607,40,4
1376480669,40,4
1376480786,40,4
1376480824,41,3
1376481142,40,4
1376481413,41,3
1376481535,42,2
1376481703,43,1
1376482103,44,0
1376482707,44,0
1376483310,44,0
1376483914,44,0
1376484519,44,0
1376485122,44,0
1376485726,44,0
1376485807,43,1
1376486041,42,2
1376486643,43,1
1376486984,43,1
1376486993,44,0
1376487344,43,1
1376487552,42,2
1376487771,41,3
1376488218,42,2
1376488289,42,2
1376488400,42,2
1376488903,42,2
1376488907,43,1
1376489158,44,0
1376489376,43,1
1376489677,43,1
1376490281,43,1
1376490460,42,2
1376490737,43,1
1376490895,42,2
1376491079,43,1
1376491518,43,1
1376491901,44,0
1376491965,43,1
1376492331,42,2
1376492920,42,2
1376492929,43,1
1376493533,43,1
1376494005,43,1
1376494007,44,0
1376494304,43,1
1376494421,42,2
1376494468,43,1
1376494638,42,2
1376494849,41,3
1376495158,40,4
1376495215,41,3
1376495291,43,1
1376495389,42,2
1376495531,41,3
1376495653,42,2
1376495893,41,3
1376496071,42,2
1376496132,41,3
1376496337,42,2
1376496420,43,1
1376496626,42,2
1376496697,42,2
1376496735,43,1
1376496977,44,0
1376497059,43,1
1376497101,44,0
1376497433,43,1
1376497529,44,0
1376497632,43,1
1376497986,42,2
1376498070,42,2
1376498130,42,2
1376498176,43,1
1376498624,44,0
1376498636,43,1
1376499009,42,2
1376499214,43,1
1376499268,43,1
1376499299,44,0
1376499398,44,0
1376499860,43,1
1376499952,41,3
1376500327,40,4
1376500436,41,3
1376500560,42,2
1376500836,43,1
1376500887,44,0
1376500939,43,1
1376501543,43,1
1376501599,44,0
1376502022,43,1
1376502094,42,2
1376502697,42,2
1376502928,41,3
1376503001,42,2
1376503326,41,3
1376503887,41,3
1376504262,41,3
1376504265,42,2
1376504868,42,2
1376505259,41,3
1376505318,41,3
1376505364,41,3
1376505513,41,3
1376505877,41,3
1376505899,42,2
1376506504,42,2
1376507108,42,2
1376507212,41,3
1376507815,41,3
1376508140,42,2
1376508414,43,1
1376509018,43,1
1376509622,43,1
1376510225,43,1
1376510829,43,1
1376511432,43,1
1376512036,43,1
1376512640,43,1
1376513243,43,1
1376513848,43,1
1376514453,43,1
1376515056,43,1
1376515661,43,1
1376515918,42,2
1376516460,43,1
1376517064,43,1
1376517667,43,1
1376518271,43,1
1376518875,43,1
1376519479,43,1
1376520082,43,1
1376520685,43,1
1376521288,43,1
1376521893,43,1
1376522263,43,1
1376522265,42,2
1376522870,42,2
1376523473,42,2
1376524077,42,2
1376524681,42,2
1376525285,42,2
1376525429,42,2
1376526033,42,2
1376526637,42,2
1376526808,41,3
1376527412,41,3
1376528015,41,3
1376528619,41,3
1376529222,41,3
1376529826,41,3
1376530429,41,3
1376531017,40,4
1376531109,40,4
1376531562,40,4
1376531567,40,4
1376532172,40,4
1376532776,40,4
1376533379,40,4
1376533983,40,4
1376534586,40,4
1376535190,40,4
1376535793,40,4
1376536397,40,4
1376537000,40,4
1376537604,40,4
1376538207,40,4
1376538811,40,4
1376539415,40,4
1376540018,40,4
1376540180,39,5
1376540784,39,5
1376541387,39,5
1376541990,39,5
1376542085,38,6
1376542689,38,6
1376543293,38,6
1376543896,38,6
1376544500,38,6
1376545103,38,6
1376545722,37,7
1376545872,36,8
1376546476,36,8
1376547079,36,8
1376547683,36,8
1376548288,36,8
1376548869,35,9
1376549472,35,9
1376550076,35,9
1376550679,35,9
1376551079,34,10
1376551720,34,10
1376551733,35,9
1376552337,35,9
1376552793,35,9
1376552860,35,9
1376552913,35,9
1376552947,36,8
1376553551,36,8
1376553635,36,8
1376553667,37,7
1376554271,37,7
1376554876,37,7
1376555312,35,9
1376555917,35,9
1376556510,35,9
1376556563,36,8
1376556629,37,7
1376557159,36,8
1376557400,37,7
1376558003,37,7
1376558606,37,7
1376558896,38,6
1376559288,37,7
1376559892,37,7
1376560495,37,7
1376560655,38,6
1376561259,38,6
1376561864,38,6
1376562209,38,6
1376562236,39,5
1376562723,40,4
1376563327,40,4
1376563930,40,4
1376564114,40,4
1376564719,40,4
1376565334,41,3
1376565618,40,4
1376565956,39,5
1376566560,39,5
1376567163,39,5
1376567530,40,4
1376567760,41,3
1376568008,41,3
1376568275,39,5
1376568290,38,6
1376568367,39,5
1376568875,39,5
1376568926,39,5
1376568984,39,5
1376569111,38,6
1376569343,39,5
1376569411,40,4
1376569454,41,3
1376569514,42,2
1376569843,43,1
1376570202,43,1
1376570240,43,1
1376570843,43,1
1376571132,42,2
1376571575,42,2
1376571711,42,2
1376571817,43,1
1376571877,43,1
1376571905,43,1
1376572118,43,1
1376572154,44,0
1376572336,43,0
1376572939,43,0
1376573074,43,0
1376573139,44,0
1376573166,43,1
1376573246,43,1
1376573850,43,1
1376574356,42,2
1376574941,42,2
1376575546,42,2
1376576150,42,2
1376576753,42,2
1376577231,42,2
1376577836,42,2
1376578230,43,1
1376578296,42,2
1376578900,42,2
1376579478,41,3
1376580082,41,3
1376580686,41,3
1376581240,42,2
1376581598,43,1
1376581650,42,2
1376582254,42,2
1376582635,41,3
1376583239,41,3
1376583842,41,3
1376584446,41,3
1376585049,41,3
1376585460,40,4
1376585773,41,3
1376585851,42,2
1376586455,42,2
1376586505,42,2
1376586627,42,2
1376586673,42,2
1376586746,42,2
1376587350,42,2
1376587953,42,2
1376588557,42,2
1376589160,42,2
1376589764,42,2
1376590369,42,2
1376590972,42,2
1376591556,41,3
1376592161,41,3
1376592764,41,3
1376593368,41,3
1376593837,42,2
1376594441,42,2
1376595044,42,2
1376595648,42,2
1376595856,42,2
1376596062,42,2
1376596704,41,3
1376597309,41,3
1376597913,41,3
1376598517,41,3
1376599121,41,3
1376599726,41,3
1376599899,41,3
1376600504,41,3
1376601108,41,3
1376601712,41,3
1376602316,41,3
1376602920,41,3
1376603524,41,3
1376604128,41,3
1376604731,41,3
1376605339,41,3
1376605942,41,3
1376606269,40,4
1376606558,37,7
1376606740,37,7
1376606749,38,6
1376607353,38,6
1376607957,38,6
1376608561,38,6
1376609164,38,6
1376609660,39,5
1376610264,39,5
1376610867,39,5
1376610999,39,5
1376611036,41,3
1376611640,41,3
1376612244,41,3
1376612847,41,3
1376613451,41,3
1376614054,41,3
1376614602,40,4
1376615205,40,4
1376615809,40,4
1376616412,40,4
1376617016,40,4
1376617619,40,4
1376617876,40,4
1376618480,40,4
1376619084,40,4
1376619687,40,4
1376620291,40,4
1376620895,40,4
1376621498,40,4
1376622102,40,4
1376622706,40,4
1376623312,40,4
1376623915,40,4
1376624518,40,4
1376625123,40,4
1376625727,40,4
1376626330,40,4
1376626447,39,5
1376626812,38,6
1376627417,38,6
1376628021,38,6
1376628626,38,6
1376629022,37,7
1376629626,37,7
1376629686,36,8
1376630297,36,8
1376630901,36,8
1376631102,36,8
1376631113,37,7
1376631185,38,6
1376631402,39,5
1376632006,39,5
1376632621,40,4
1376632789,39,5
1376633392,39,5
1376633597,40,4
1376633660,39,5
1376633760,40,4
1376633990,39,5
1376634532,40,4
1376635136,40,4
1376635326,41,3
1376635407,41,3
1376635479,41,3
1376635725,40,4
1376635763,41,3
1376635880,40,4
1376636188,40,4
1376636278,39,5
1376636373,37,7
1376636432,37,7
1376636503,39,5
1376636551,39,5
1376636680,38,6
1376636750,37,7
1376637031,36,8
1376637516,37,7
1376637707,36,8
1376638311,36,8
1376638915,36,8
1376639060,35,9
1376639417,34,10
1376639657,35,9
1376640150,36,8
1376640330,37,7
1376640579,37,7
1376640589,38,6
1376641221,38,6
1376641271,38,6
1376641359,38,6
1376641373,39,5
1376641475,38,6
1376641522,39,5
1376641721,40,4
1376641963,40,4
1376641971,40,4
1376642230,41,3
1376642333,40,4
1376642768,41,3
1376642886,42,2
1376643490,42,2
1376643914,41,3
1376644519,41,3
1376644854,42,2
1376645458,42,2
1376646063,42,2
1376646279,41,3
1376646301,40,4
1376646520,40,4
1376646529,41,3
1376647002,42,2
1376647606,42,2
1376648241,43,1
1376648652,43,1
1376648725,43,1
1376648762,44,0
1376648954,43,1
1376649558,43,1
1376649606,43,1
1376649667,44,0
1376649718,43,1
1376650324,43,1
1376650374,44,0
1376650978,44,0
1376651331,43,1
1376651889,42,2
1376652254,42,2
1376652366,42,2
1376652623,42,2
1376653227,42,2
1376653730,42,2
1376653854,42,2
1376653963,41,3
1376653989,41,3
1376654257,41,3
1376654442,41,3
1376654444,40,4
1376654546,40,4
1376654592,40,4
1376655207,41,3
1376655578,42,2
1376655636,42,2
1376655942,42,2
1376656096,41,3
1376656534,42,2
1376657100,42,2
1376657312,41,3
1376657916,41,3
1376658519,41,3
1376659022,41,3
1376659088,41,3
1376659263,40,4
1376659358,40,4
1376659406,42,2
1376660010,42,2
1376660109,41,3
1376660282,40,4
1376660334,39,5
1376660797,38,6
1376661402,38,6
1376661459,37,7
1376661513,36,8
1376661581,37,7
1376661813,35,9
1376661940,36,8
1376662054,38,6
1376662151,39,5
1376662219,40,4
1376662507,39,5
1376662599,37,7
1376662768,38,6
1376662835,37,7
1376663090,36,8
1376663169,37,7
1376663361,38,6
1376663548,37,7
1376663789,36,8
1376664088,35,9
1376664259,36,8
1376664573,37,7
1376664756,37,7
1376664786,37,7
1376665265,36,8
1376665719,37,7
1376665925,38,6
1376666533,39,5
1376666956,38,6
1376667265,36,8
1376667308,35,9
1376667402,33,11
1376667998,32,12
1376668020,34,10
1376668117,34,10
1376668130,35,9
1376668508,34,10
1376668670,33,11
1376668775,34,10
1376669061,33,11
1376669195,32,12
1376669468,32,12
1376669549,33,11
1376669597,33,10
1376669682,35,9
1376669798,35,9
1376669858,36,8
1376669923,36,8
1376669961,37,7
1376670019,37,7
1376670048,38,6
1376670605,39,5
1376670974,40,4
1376671089,39,5
1376671169,39,5
1376671239,39,5
1376671281,40,4
1376671599,41,3
1376671927,40,4
1376672531,40,4
1376672680,41,3
1376672750,40,4
1376673282,41,3
1376673284,42,2
1376673500,43,1
1376673801,42,2
1376673943,41,3
1376674357,42,2
1376674367,41,3
1376674779,42,2
1376675383,42,2
1376675887,43,1
1376676040,42,2
1376676452,41,3
1376676842,39,5
1376677052,40,4
1376677449,39,5
1376678053,39,5
1376678520,40,4
1376678973,39,5
1376679038,39,5
1376679100,41,3
1376679187,42,2
1376679790,42,2
1376680393,42,2
1376680997,42,2
1376681601,42,2
1376682218,41,3
1376682822,41,3
1376683426,41,3
1376683594,40,4
1376684202,40,4
1376684806,40,4
1376685409,40,4
1376685515,41,3
1376686119,41,3
1376686723,41,3
1376686975,40,4
1376687578,40,4
1376688181,40,4
1376688785,40,4
1376689388,40,4
1376689992,40,4
1376690485,41,3
1376690531,40,4
1376691026,39,5
1376691087,38,6
1376691691,38,6
1376692295,38,6
1376692899,38,6
1376693502,38,6
1376693559,38,6
1376693593,39,5
1376694094,38,6
1376694701,38,6
1376695304,38,6
1376695908,38,6
1376696511,38,6
1376697115,38,6
1376697266,38,6
1376697869,38,6
1376698473,38,6
1376698959,37,7
1376699562,37,7
1376700166,37,7
1376700769,37,7
1376701373,37,7
1376701976,37,7
1376702580,37,7
1376703184,37,7
1376703787,37,7
1376704360,37,7
1376704366,37,7
1376704767,37,7
1376705371,37,7
1376705975,37,7
1376706578,37,7
1376707182,37,7
1376707786,37,7
1376708389,37,7
1376708993,37,7
1376709322,36,8
1376709926,36,8
1376710529,36,8
1376711133,36,8
1376711312,35,9
1376711332,34,10
1376711936,34,10
1376712539,34,10
1376712872,33,11
1376712992,33,11
1376713004,33,11
1376713607,33,11
1376714211,33,11
1376714814,33,11
1376715418,33,11
1376715673,32,12
1376716277,32,12
1376716881,32,12
1376717103,31,13
1376717365,32,12
1376717968,32,12
1376718204,33,11
1376718807,33,11
1376719411,33,11
1376720015,33,11
1376720620,33,11
1376721224,33,11
1376721828,33,11
1376722409,32,12
1376723012,32,12
1376723411,33,11
1376723994,32,12
1376724182,31,13
1376724784,32,12
1376725389,32,12
1376725992,32,12
1376726365,31,13
1376726970,31,13
1376727573,31,13
1376727788,30,14
1376728391,30,14
1376728995,30,14
1376729174,31,13
1376729259,30,14
1376729276,29,15
1376729498,29,15
1376729646,28,16
1376730250,28,16
1376730797,29,15
1376731165,30,14
1376731770,30,14
1376732081,30,14
1376732182,30,14
1376732250,29,15
1376732297,30,14
1376732614,30,14
1376732677,30,14
1376732695,31,13
1376732864,31,13
1376732890,30,14
1376732962,30,14
1376733040,29,15
1376733099,30,14
1376733404,29,15
1376733702,29,15
1376733705,28,16
1376733989,30,14
1376734560,29,15
1376734664,29,15
1376734841,29,15
1376734883,30,14
1376735227,28,16
1376735727,28,16
1376735801,28,16
1376736031,28,16
1376736094,28,16
1376736132,28,16
1376736247,28,16
1376736403,29,15
1376736474,30,14
1376736537,31,13
1376737141,31,13
1376737745,31,13
1376738376,32,12
1376738797,32,12
1376738812,33,11
1376739415,33,11
1376739564,31,13
1376739817,31,13
1376739832,32,12
1376740323,31,13
1376740722,31,13
1376741327,31,13
1376741762,32,12
1376742212,32,12
1376742247,32,12
1376742302,33,11
1376742384,33,11
1376742460,34,10
1376742757,34,10
1376742819,34,10
1376743423,34,10
1376743555,34,10
1376743655,36,8
1376744250,38,6
1376744371,37,7
1376744613,36,8
1376745098,36,8
1376745702,36,8
1376746184,36,8
1376746220,38,6
1376746710,39,5
1376747166,40,4
1376747559,40,4
1376747664,40,4
1376748139,39,5
1376748743,39,5
1376748923,39,5
1376749237,40,4
1376749841,40,4
1376749986,41,3
1376750319,42,2
1376750835,43,1
1376751367,44,0
1376751989,43,1
1376752022,42,2
1376752626,42,2
1376753015,42,2
1376753084,42,2
1376753099,44,0
1376753703,44,0
1376754306,44,0
1376754910,44,0
1376755514,44,0
1376756117,44,0
1376756442,39,5
1376756490,34,10
1376757095,34,10
1376757707,34,10
1376757825,35,9
1376758428,35,9
1376758584,36,8
1376759190,35,9
1376759324,34,10
1376759936,34,10
1376760222,33,11
1376760338,33,11
1376760351,34,10
1376760538,35,9
1376760639,35,9
1376760650,36,8
1376760930,37,7
1376761239,37,7
1376761250,38,6
1376761784,37,7
1376762428,38,6
1376763033,38,6
1376763636,38,6
1376764241,38,6
1376764755,37,7
1376765359,37,7
1376765601,37,7
1376765634,37,7
1376765713,37,7
1376765758,37,7
1376766362,37,7
1376766449,38,6
1376766517,39,5
1376766560,40,4
1376766643,41,3
1376767246,41,3
1376767631,42,2
1376767773,43,1
1376768377,43,1
1376768463,42,2
1376769067,42,2
1376769363,42,2
1376769429,42,2
1376769473,42,2
1376769575,42,2
1376769694,42,2
1376769934,43,1
1376770442,42,2
1376771046,42,2
1376771651,42,2
1376772254,42,2
1376772766,42,2
1376772769,43,1
1376773372,43,1
1376773977,43,1
1376774581,43,1
1376775185,43,1
1376775789,43,1
1376776392,43,1
1376776883,42,2
1376777486,42,2
1376778090,42,2
1376778694,42,2
1376779297,42,2
1376779901,42,2
1376780067,43,1
1376780671,43,1
1376781277,43,1
1376781881,43,1
1376782485,43,1
1376783088,43,1
1376783692,43,1
1376784296,43,1
1376784489,42,2
1376785093,42,2
1376785666,42,2
1376785669,41,3
1376786272,41,3
1376786877,41,3
1376787480,41,3
1376788083,41,3
1376788687,41,3
1376789290,41,3
1376789445,41,3
1376789447,40,4
1376790053,40,4
1376790676,40,4
1376791280,40,4
1376791884,40,4
1376792488,40,4
1376793092,40,4
1376793695,40,4
1376794299,40,4
1376794903,40,4
1376795507,40,4
1376796111,40,4
1376796714,40,4
1376797318,40,4
1376797922,40,4
1376798525,40,4
1376799130,40,4
1376799733,40,4
1376800337,40,4
1376800940,40,4
1376801545,40,4
1376802149,40,4
1376802753,40,4
1376803357,40,4
1376803962,40,4
1376804565,40,4
1376805170,40,4
1376805774,40,4
1376806378,40,4
1376806953,41,3
1376807557,41,3
1376807758,40,4
1376808102,41,3
1376808631,41,3
1376809236,41,3
1376809840,41,3
1376810443,41,3
1376810711,41,3
1376811316,41,3
1376811525,41,3
1376811534,40,4
1376812138,40,4
1376812741,40,4
1376812962,40,4
1376812971,40,4
1376813576,40,4
1376813685,40,4
1376813693,41,3
1376814297,41,3
1376814689,41,3
1376815294,41,3
1376815897,41,3
1376816501,41,3
1376817105,41,3
1376817708,41,3
1376818312,41,3
1376818421,42,2
1376818465,42,2
1376818488,43,1
1376819092,43,1
1376819551,42,2
1376820155,42,2
1376820574,43,1
1376820884,43,1
1376820887,44,0
1376821491,44,0
1376822095,44,0
1376822698,44,0
1376823302,44,0
1376823905,44,0
1376824509,44,0
1376825055,43,1
1376825659,43,1
1376826262,43,1
1376826865,43,1
1376827468,43,1
1376827708,42,2
1376827733,42,2
1376828122,42,2
1376828725,42,2
1376829329,42,2
1376829812,43,1
1376830416,43,1
1376831020,43,1
1376831227,42,2
1376831622,42,2
1376831629,43,1
1376832233,43,1
1376832836,43,1
