1376208353,18,2
1376208956,18,2
1376209560,18,2
1376210163,18,2
1376210439,18,2
1376210557,18,1
1376211161,18,2
1376211491,18,1
1376212094,18,2
1376212698,18,2
1376213302,18,2
1376213905,18,2
1376214509,18,2
1376215112,18,2
1376215249,18,2
1376215852,18,2
1376216456,18,2
1376217059,18,2
1376217663,18,2
1376218266,18,2
1376218870,18,2
1376219473,18,2
1376220077,18,2
1376220680,18,2
1376221284,18,2
1376221357,17,2
1376221380,18,2
1376221424,18,2
1376221498,19,1
1376222102,19,1
1376222705,19,1
1376223309,19,1
1376223912,19,1
1376224057,19,1
1376224116,19,1
1376224720,19,1
1376225323,19,1
1376225927,19,1
1376226530,19,1
1376227134,19,1
1376227737,19,1
1376228341,19,1
1376228718,19,1
1376228794,19,1
1376228818,19,1
1376228876,20,0
1376229479,20,0
1376229733,19,1
1376230107,20,0
1376230657,19,1
1376230702,19,1
1376230733,20,0
1376231337,20,0
1376231940,20,0
1376232455,18,2
1376232562,18,2
1376232634,19,1
1376232655,20,0
1376233258,20,0
1376233578,20,0
1376233617,20,0
1376234221,20,0
1376234824,20,0
1376235428,20,0
1376236031,20,0
1376236635,20,0
1376237022,19,1
1376237030,18,2
1376237189,17,3
1376237792,17,3
1376238396,17,3
1376238522,18,2
1376238530,19,1
1376239133,19,1
1376239225,17,3
1376239829,17,3
1376240433,17,3
1376241036,17,3
1376241640,17,3
1376242243,17,3
1376242472,18,2
1376242505,19,1
1376242782,18,2
1376242784,17,3
1376243387,17,3
1376243682,17,3
1376243706,16,4
1376243764,16,4
1376243854,17,3
1376243951,16,4
1376244209,17,3
1376244812,17,3
1376245416,17,3
1376245469,19,1
1376246073,19,1
1376246677,19,1
1376247280,19,1
1376247884,19,1
1376248488,19,1
1376249091,19,1
1376249695,19,1
1376250298,19,1
1376250902,19,1
1376251505,19,1
1376251959,19,1
1376251968,20,0
1376252571,20,0
1376253175,20,0
1376253778,20,0
1376254205,19,1
1376254452,20,0
1376255056,20,0
1376255659,20,0
1376256263,20,0
1376256866,20,0
1376257470,20,0
1376258074,20,0
1376258632,18,2
1376259236,18,2
1376259839,18,2
1376260443,18,2
1376261047,18,2
1376261650,18,2
1376262253,18,2
1376262857,18,2
1376263460,18,2
1376264064,18,2
1376264667,18,2
1376265271,18,2
1376265875,18,2
1376266478,18,2
1376267082,18,2
1376267685,18,2
1376268289,18,2
1376268892,18,2
1376269496,18,2
1376270099,18,2
1376270703,18,2
1376271306,18,2
1376271910,18,2
1376272338,18,2
1376272941,18,2
1376273452,17,3
1376274056,17,3
1376274659,17,3
1376275263,17,3
1376275867,17,3
1376276470,17,3
1376277074,17,3
1376277677,17,3
1376278281,17,3
1376278884,17,3
1376279488,17,3
1376280091,17,3
1376280695,17,3
1376281299,17,3
1376281902,17,3
1376282506,17,3
1376283112,17,3
1376283715,17,3
1376284319,17,3
1376284922,17,3
1376285526,17,3
1376286129,17,3
1376286745,16,4
1376286832,15,5
1376286907,15,5
1376286960,15,5
1376287054,14,6
1376287104,14,6
1376287708,14,6
1376287960,14,6
1376287963,13,7
1376288566,13,7
1376288743,13,7
1376288751,14,6
1376288867,13,7
1376289023,13,7
1376289168,12,8
1376289693,12,8
1376289710,13,7
1376289994,14,6
1376290186,13,7
1376290416,14,6
1376291016,15,5
1376291121,14,6
1376291189,13,7
1376291793,13,7
1376291937,12,8
1376292095,11,9
1376292618,11,9
1376292656,12,8
1376292728,11,9
1376293332,11,9
1376293630,12,8
1376293698,11,9
1376294302,11,9
1376294461,10,10
1376294612,8,12
1376294904,9,11
1376295390,10,10
1376295993,10,10
1376296597,10,10
1376297200,10,10
1376297804,10,10
1376298407,10,10
1376299011,10,10
1376299615,10,10
1376300218,10,10
1376300822,10,10
1376301425,10,10
1376302030,10,10
1376302142,11,9
1376302473,11,9
1376302528,12,8
1376302599,14,6
1376303203,14,6
1376303716,13,7
1376303946,12,8
1376304550,12,8
1376305154,12,8
1376305734,13,7
1376306337,13,7
1376306941,13,7
1376307093,14,6
1376307520,15,5
1376307581,16,4
1376307603,16,4
1376307697,16,4
1376307752,17,3
1376307790,17,3
1376307869,18,2
1376307927,18,2
1376307984,18,2
1376308105,19,1
1376308138,19,1
1376308287,18,2
1376308353,18,2
1376308395,18,2
1376308540,14,6
1376308580,14,6
1376308646,14,6
1376308721,14,6
1376309324,14,6
1376309929,14,6
1376310038,14,6
1376310131,15,5
1376310265,16,4
1376310869,16,4
1376311482,17,3
1376312086,17,3
1376312382,17,3
1376312392,18,2
1376312672,17,3
1376312786,16,4
1376313212,17,3
1376313311,17,2
1376313354,18,1
1376313509,17,2
1376314112,17,3
1376314715,17,3
1376314824,18,2
1376314945,17,3
1376315007,13,7
1376315554,13,7
1376315595,14,6
1376315630,15,5
1376316233,15,5
1376316443,14,6
1376317046,14,6
1376317297,13,7
1376317419,13,7
1376317451,14,6
1376318055,14,6
1376318440,14,6
1376318473,14,6
1376318538,14,6
1376318584,15,5
1376318756,14,6
1376318862,14,6
1376318921,14,6
1376318924,15,5
1376319330,16,4
1376319934,16,4
1376320542,16,4
1376320721,16,4
1376320782,16,4
1376320827,17,3
1376321431,17,3
1376321712,18,2
1376322316,18,2
1376322460,19,1
1376322586,18,2
1376322706,17,3
1376322859,18,2
1376323330,17,3
1376323678,18,2
1376323774,19,1
1376324377,19,1
1376324980,19,1
1376325244,20,0
1376325308,19,1
1376325878,19,1
1376325887,20,0
1376326117,19,1
1376326721,19,1
1376326929,18,2
1376327377,19,1
1376327502,19,1
1376327504,20,0
1376328108,20,0
1376328711,20,0
1376329315,20,0
1376329919,20,0
1376330522,20,0
1376331126,20,0
1376331729,20,0
1376331899,19,1
1376332502,19,1
1376333106,19,1
1376333305,18,2
1376333909,18,2
1376334512,18,2
1376335116,18,2
1376335719,18,2
1376336323,18,2
1376336926,18,2
1376337530,18,2
1376337618,18,2
1376337665,19,1
1376337998,18,2
1376338602,18,2
1376339205,18,2
1376339457,19,1
1376340060,19,1
1376340663,19,1
1376341267,19,1
1376341870,19,1
1376342064,20,0
1376342781,20,0
1376343384,20,0
1376343988,20,0
1376344591,20,0
1376345195,20,0
1376345343,19,1
1376345946,19,1
1376346550,19,1
1376347153,19,1
1376347480,19,1
1376347487,20,0
1376348091,20,0
1376348694,20,0
1376349298,20,0
1376349901,20,0
1376350505,20,0
1376351108,20,0
1376351712,20,0
1376352316,20,0
1376352919,20,0
1376353523,20,0
1376354126,20,0
1376354729,20,0
1376355333,20,0
1376355937,20,0
1376356540,20,0
1376357144,20,0
1376357747,20,0
1376358351,20,0
1376358740,20,0
1376359344,20,0
1376359948,20,0
1376360551,20,0
1376361012,19,1
1376361616,19,1
1376362219,19,1
1376362823,19,1
1376363426,19,1
1376364030,19,1
1376364633,19,1
1376365237,19,1
1376365840,19,1
1376366099,19,1
1376366702,19,1
1376367306,19,1
1376367910,19,1
1376368513,19,1
1376369122,20,0
1376369146,19,1
1376369750,19,1
1376370353,19,1
1376370957,19,1
1376371560,19,1
1376372164,19,1
1376372767,19,1
1376372978,18,2
1376373581,18,2
1376374185,18,2
1376374788,18,2
1376375443,18,2
1376375445,17,3
1376375842,16,4
1376375925,15,5
1376376135,16,4
1376376691,17,3
1376377250,16,4
1376377358,17,3
1376377962,17,3
1376378442,17,3
1376378444,16,4
1376378590,17,3
1376378752,16,4
1376379181,15,5
1376379508,16,4
1376379685,15,5
1376380289,15,5
1376380892,15,5
1376381496,15,5
1376382099,15,5
1376382703,15,5
1376383306,15,5
1376383910,15,5
1376384513,15,5
1376385117,15,5
1376385720,15,5
1376386324,15,5
1376386928,15,5
1376387531,15,5
1376387674,15,5
1376387703,16,4
1376388307,16,4
1376388938,17,3
1376388954,18,2
1376389557,18,2
1376389783,18,2
1376389832,19,1
1376390136,18,2
1376390739,18,2
1376391343,18,2
1376391947,18,2
1376392551,18,2
1376393155,18,2
1376393365,17,3
1376393969,17,3
1376394360,16,3
1376394831,14,5
1376395254,15,4
1376395505,16,3
1376396043,17,2
1376396283,16,3
1376396528,15,4
1376397131,15,4
1376397735,15,4
1376398338,15,4
1376398513,14,5
1376399116,14,5
1376399211,13,6
1376399815,13,6
1376400418,13,6
1376401023,13,6
1376401142,13,7
1376401291,13,7
1376401363,15,5
1376401421,17,3
1376401472,18,2
1376401521,19,1
1376402124,19,1
1376402486,17,3
1376403089,17,3
1376403398,17,3
1376403800,17,3
1376403855,17,3
1376404458,17,3
1376405062,17,3
1376405665,17,3
1376406246,15,5
1376406850,15,5
1376407260,14,6
1376407342,15,5
1376407577,16,4
1376408181,16,4
1376408800,16,4
1376408808,17,3
1376408917,18,2
1376409520,18,2
1376409538,17,3
1376409744,18,2
1376409881,18,2
1376409928,20,0
1376409970,19,1
1376410573,19,1
1376411177,19,1
1376411780,19,1
1376412384,19,1
1376412809,19,1
1376412870,19,1
1376413473,19,1
1376413700,18,2
1376413851,17,3
1376414222,18,2
1376414826,18,2
1376415430,18,2
1376415615,19,1
1376416218,19,1
1376416822,19,1
1376417425,19,1
1376418029,19,1
1376418440,18,2
1376419043,18,2
1376419647,18,2
1376420138,18,2
1376420154,19,1
1376420362,18,2
1376420521,19,1
1376421124,19,1
1376421728,19,1
1376422331,19,1
1376422479,19,1
1376422764,19,1
1376422816,20,0
1376422862,19,1
1376423466,19,1
1376424069,19,1
1376424673,19,1
1376424821,19,1
1376425425,19,1
1376426029,19,1
1376426632,19,1
1376426895,18,2
1376427498,18,2
1376428102,18,2
1376428706,18,2
1376429309,18,2
1376429913,18,2
1376430516,18,2
1376430598,19,1
1376431201,19,1
1376431466,17,3
1376432021,17,3
1376432049,18,2
1376432131,17,3
1376432194,18,2
1376432798,18,2
1376432888,17,3
1376433491,17,3
1376434095,17,3
1376434698,17,3
1376435302,17,3
1376435905,17,3
1376436508,17,3
1376437112,17,3
1376437715,17,3
1376438319,17,3
1376438922,17,3
1376439526,17,3
1376440129,17,3
1376440733,17,3
1376441336,17,3
1376441940,17,3
1376442544,17,3
1376443148,17,3
1376443751,17,3
1376444355,17,3
1376445139,17,3
1376445742,17,3
1376446345,17,3
1376446949,17,3
1376447553,17,3
1376448156,17,3
1376448760,17,3
1376449363,17,3
1376449967,17,3
1376450570,17,3
1376451174,17,3
1376451777,17,3
1376452381,17,3
1376452984,17,3
1376453588,17,3
1376454191,17,3
1376454795,17,3
1376455399,17,3
1376455452,18,2
1376456056,18,2
1376456660,18,2
1376457263,18,2
1376457867,18,2
1376458470,18,2
1376459074,18,2
1376459677,18,2
1376460281,18,2
1376460403,18,2
1376460405,17,3
1376461009,17,3
1376461612,17,3
1376461794,18,2
1376462301,19,1
1376462904,19,1
1376463378,18,2
1376463446,18,2
1376463669,17,3
1376463822,17,2
1376463848,17,2
1376463925,17,3
1376463983,16,4
1376464475,17,3
1376464980,16,4
1376465540,15,5
1376465659,14,6
1376465796,13,7
1376466070,13,7
1376466121,14,6
1376466720,13,7
1376466867,14,6
1376467471,14,6
1376467531,13,7
1376467946,12,8
1376468549,12,8
1376469153,12,8
1376469757,12,8
1376470360,12,8
1376470963,12,8
1376471002,13,7
1376471605,13,7
1376472209,13,7
1376472813,13,7
1376473172,14,6
1376473706,14,6
1376473731,14,6
1376474334,14,6
1376474544,15,5
1376475147,15,5
1376475331,14,6
1376475365,13,7
1376475671,12,8
1376475822,12,8
1376475831,13,7
1376475934,12,8
1376476287,13,7
1376476352,12,8
1376476461,13,7
1376477064,13,7
1376477299,14,6
1376477417,15,5
1376477677,17,3
1376477971,18,2
1376478417,17,3
1376478870,18,2
1376479289,17,3
1376479839,17,3
1376479875,17,3
1376479933,18,2
1376480024,19,1
1376480036,20,0
1376480640,20,0
1376481243,20,0
1376481701,20,0
1376481704,19,1
1376482307,19,1
1376482906,18,2
1376483509,18,2
1376484113,18,2
1376484542,17,3
1376485146,17,3
1376485749,17,3
1376486353,17,3
1376486956,17,3
1376487560,17,3
1376488163,17,3
1376488298,18,2
1376488902,18,2
1376489383,18,2
1376489443,19,1
1376489474,20,0
1376490078,20,0
1376490681,20,0
1376491285,20,0
1376491889,20,0
1376492493,20,0
1376492992,19,1
1376493397,20,0
1376493796,19,1
1376494170,18,2
1376494460,19,1
1376494803,20,0
1376494867,19,1
1376495471,19,1
1376495550,20,0
1376495872,19,1
1376496164,20,0
1376496754,18,2
1376496816,18,2
1376496882,18,2
1376496891,19,1
1376497494,19,1
1376498098,19,1
1376498562,19,1
1376499165,19,1
1376499769,19,1
1376499873,18,2
1376500477,18,2
1376501080,18,2
1376501382,19,1
1376502044,19,1
1376502046,18,2
1376502650,18,2
1376503253,18,2
1376503857,18,2
1376504053,19,1
1376504657,19,1
1376505260,19,1
1376505437,18,2
1376506040,18,2
1376506644,18,2
1376507247,18,2
1376507851,18,2
1376508454,18,2
1376508994,18,2
1376509039,19,1
1376509088,19,1
1376509138,18,2
1376509742,18,2
1376510345,18,2
1376510949,18,2
1376511218,18,2
1376511251,19,1
1376511854,19,1
1376512458,19,1
1376513062,19,1
1376513665,19,1
1376513924,19,1
1376513926,18,2
1376514102,18,2
1376514111,19,1
1376514715,19,1
1376515318,19,1
1376515922,19,1
1376516525,19,1
1376517129,19,1
1376517732,19,1
1376518336,19,1
1376518939,19,1
1376519543,19,1
1376520147,19,1
1376520750,19,1
1376521353,19,1
1376521957,19,1
1376522560,19,1
1376523164,19,1
1376523767,19,1
1376524371,19,1
1376524974,19,1
1376525578,19,1
1376526181,19,1
1376526785,19,1
1376526890,18,2
1376527493,18,2
1376528097,18,2
1376528700,18,2
1376529304,18,2
1376529908,18,2
1376530511,18,2
1376531115,18,2
1376531535,18,2
1376531636,18,2
1376532239,18,2
1376532843,18,2
1376533446,18,2
1376534049,18,2
1376534653,18,2
1376535256,18,2
1376535860,18,2
1376536463,18,2
1376537067,18,2
1376537670,18,2
1376538274,18,2
1376538877,18,2
1376539481,18,2
1376540085,18,2
1376540688,18,2
1376541291,18,2
1376541893,19,1
1376542497,19,1
1376543100,19,1
1376543593,18,2
1376544197,18,2
1376544800,18,2
1376545118,17,3
1376545722,17,3
1376546325,17,3
1376546929,17,3
1376547532,17,3
1376548136,17,3
1376548739,17,3
1376549343,17,3
1376549946,17,3
1376550550,17,3
1376551154,17,3
1376551600,17,3
1376551610,18,2
1376552214,18,2
1376552817,18,2
1376553421,18,2
1376554024,18,2
1376554628,18,2
1376555231,18,2
1376555835,18,2
1376556221,18,2
1376556248,13,7
1376556391,13,7
1376556446,14,6
1376556517,16,4
1376556574,17,3
1376556603,18,2
1376557206,18,2
1376557810,18,2
1376558413,18,2
1376559017,18,2
1376559620,18,2
1376560224,18,2
1376560827,18,2
1376561431,18,2
1376562034,18,2
1376562638,18,2
1376562806,17,3
1376563410,17,3
1376564013,17,3
1376564439,18,2
1376565043,18,2
1376565294,17,3
1376565545,18,2
1376566149,18,2
1376566752,18,2
1376567356,18,2
1376567959,18,2
1376568563,18,2
1376569167,18,2
1376569770,18,2
1376570374,18,2
1376570977,18,2
1376571581,18,2
1376572184,18,2
1376572788,18,2
1376573391,18,2
1376573618,18,2
1376573664,18,2
1376574268,18,2
1376574871,18,2
1376575475,18,2
1376576079,18,2
1376576682,18,2
1376577286,18,2
1376577400,17,3
1376577568,18,2
1376578171,18,2
1376578775,18,2
1376579378,18,2
1376579982,18,2
1376580585,18,2
1376581189,18,2
1376581792,18,2
1376582396,18,2
1376583000,18,2
1376583605,18,2
1376584208,18,2
1376584812,18,2
1376585439,19,1
1376585501,19,1
1376585534,18,2
1376586137,18,2
1376586741,18,2
1376587345,18,2
1376587948,18,2
1376588552,18,2
1376589155,18,2
1376589759,18,2
1376590362,18,2
1376591019,17,3
1376591623,17,3
1376592227,17,3
1376592830,17,3
1376593433,17,3
1376594037,17,3
1376594641,17,3
1376595244,17,3
1376595848,17,3
1376596451,17,3
1376597054,17,3
1376597658,17,3
1376598261,17,3
1376598865,17,3
1376599469,17,3
1376600072,17,3
1376600113,17,3
1376600178,18,2
1376600241,19,1
1376600302,17,3
1376600358,17,3
1376600426,19,1
1376600455,18,2
1376600508,17,3
1376601111,17,3
1376601715,17,3
1376602318,17,3
1376602389,16,4
1376602992,16,4
1376603596,16,4
1376604199,16,4
1376604803,16,4
1376605407,16,4
1376606010,16,4
1376606617,16,4
1376606629,17,3
1376606725,18,2
1376607329,18,2
1376607933,18,2
1376608536,18,2
1376609140,18,2
1376609743,18,2
1376610347,18,2
1376610950,18,2
1376611554,18,2
1376612157,18,2
1376612761,18,2
1376613364,18,2
1376613968,18,2
1376614571,18,2
1376615175,18,2
1376615321,18,2
1376615324,17,3
1376615927,17,3
1376616531,17,3
1376617134,17,3
1376617940,17,3
1376618544,17,3
1376619147,17,3
1376619751,17,3
1376620355,17,3
1376620958,17,3
1376621561,17,3
1376622165,17,3
1376622769,17,3
1376623372,17,3
1376623976,17,3
1376624579,17,3
1376625183,17,3
1376625786,17,3
1376626390,17,3
1376626993,17,3
1376627597,17,3
1376628200,17,3
1376628418,18,2
1376629022,18,2
1376629625,18,2
1376630229,18,2
1376630833,18,2
1376631435,18,2
1376632038,18,2
1376632642,18,2
1376633245,18,2
1376633704,17,3
1376634308,17,3
1376634911,17,3
1376635515,17,3
1376636118,17,3
1376636722,17,3
1376637326,17,3
1376637929,17,3
1376638312,16,4
1376638916,16,4
1376639518,16,4
1376639918,16,4
1376639954,17,3
1376640558,17,3
1376641161,17,3
1376641765,17,3
1376642368,17,3
1376642548,17,3
1376642568,17,3
1376643172,17,3
1376643335,17,3
1376643347,18,2
1376643950,18,2
1376644554,18,2
1376645157,18,2
1376645761,18,2
1376646042,18,2
1376646052,19,1
1376646656,19,1
1376647259,19,1
1376647830,20,0
1376648433,20,0
1376649037,20,0
1376649640,20,0
1376650244,20,0
1376650737,19,1
1376651341,19,1
1376651945,19,1
1376652010,18,2
1376652613,18,2
1376653217,18,2
1376653821,18,2
1376654424,18,2
1376655028,18,2
1376655631,18,2
1376655838,17,3
1376656441,17,3
1376656915,16,4
1376657518,16,4
1376658113,17,3
1376658580,18,2
1376659184,18,2
1376659787,18,2
1376660141,18,2
1376660164,19,1
1376660768,19,1
1376661193,18,2
1376661797,18,2
1376662400,18,2
1376663004,18,2
1376663056,19,1
1376663660,19,1
1376664263,19,1
1376664866,19,1
1376665469,19,1
1376666073,19,1
1376666676,19,1
1376667201,18,2
1376667523,18,2
1376667561,19,1
1376668165,19,1
1376668768,19,1
1376669371,19,1
1376669975,19,1
1376670579,19,1
1376671182,19,1
1376671834,19,1
1376671855,20,0
1376671997,19,1
1376672601,19,1
1376673136,20,0
1376673739,20,0
1376674343,20,0
1376674946,20,0
1376675550,20,0
1376676153,20,0
1376676560,19,1
1376677164,19,1
1376677768,19,1
1376678372,19,1
1376678975,19,1
1376679402,19,1
1376679404,20,0
1376680008,20,0
1376680612,20,0
1376680952,19,1
1376681556,19,1
1376681802,18,2
1376682405,18,2
1376682670,19,1
1376683273,19,1
1376683877,19,1
1376684480,19,1
1376685084,19,1
1376685687,19,1
1376686291,19,1
1376686894,19,1
1376687498,19,1
1376687658,20,0
1376688261,20,0
1376688865,20,0
1376689468,20,0
1376690072,20,0
1376690675,20,0
1376691279,20,0
1376691519,19,1
1376692122,19,1
1376692726,19,1
1376693329,19,1
1376693933,19,1
1376694289,18,2
1376694892,18,2
1376695496,18,2
1376696100,18,2
1376696703,18,2
1376697306,18,2
1376697910,18,2
1376698353,17,3
1376698957,17,3
1376699560,17,3
1376700164,17,3
1376700767,17,3
1376701332,16,4
1376701935,16,4
1376702539,16,4
1376703142,16,4
1376703746,16,4
1376704439,14,6
1376705043,14,6
1376705448,13,7
1376706051,13,7
1376706655,13,7
1376707258,13,7
1376707862,13,7
1376708465,13,7
1376709069,13,7
1376709672,13,7
1376710276,13,7
1376710879,13,7
1376711483,13,7
1376712086,13,7
1376712690,13,7
1376713293,13,7
1376713897,13,7
1376714501,13,7
1376715104,13,7
1376715708,13,7
1376716311,13,7
1376716915,13,7
1376717518,13,7
1376718122,13,7
1376718725,13,7
1376719329,13,7
1376719932,13,7
1376720536,13,7
1376721140,13,7
1376721743,13,7
1376722347,13,7
1376722950,13,7
1376723227,12,8
1376723830,12,8
1376724434,12,8
1376725037,12,8
1376725641,12,8
1376726244,12,8
1376726848,12,8
1376727451,12,8
1376728055,12,8
1376728393,12,8
1376728429,13,7
1376729032,13,7
1376729237,12,8
1376729841,12,8
1376730449,12,8
1376730492,13,7
1376730556,13,7
1376730829,13,7
1376730960,13,7
1376731008,14,6
1376731302,14,6
1376731349,14,6
1376731952,14,6
1376732556,14,6
1376733159,14,6
1376733763,14,6
1376734366,14,6
1376734970,14,6
1376735573,14,6
1376736177,14,6
1376736704,15,5
1376736819,16,4
1376737423,16,4
1376738026,16,4
1376738630,16,4
1376738787,17,3
1376738852,17,3
1376739224,16,4
1376739282,16,4
1376739310,17,3
1376739392,17,3
1376739438,18,2
1376739495,18,2
1376739530,19,1
1376740133,19,1
1376740736,19,1
1376741340,19,1
1376741944,19,1
1376742547,19,1
1376743151,19,1
1376743754,19,1
1376744358,19,1
1376744961,19,1
1376745565,19,1
1376746168,19,1
1376746344,20,0
1376746947,20,0
1376747551,20,0
1376748154,20,0
1376748758,20,0
1376749362,20,0
1376749965,20,0
1376750569,20,0
1376751172,20,0
1376751819,19,1
1376752423,19,1
1376752602,19,1
1376752611,20,0
1376753214,20,0
1376753626,19,1
1376753977,17,3
1376754250,16,4
1376754884,16,3
1376754944,18,2
1376755002,20,0
1376755605,20,0
1376756209,20,0
1376756583,19,1
1376757187,19,1
1376757790,19,1
1376758394,19,1
1376758997,19,1
1376759158,20,0
1376759762,20,0
1376760365,20,0
1376760969,20,0
1376761572,20,0
1376762176,20,0
1376762779,20,0
1376763122,20,0
1376763725,20,0
1376764328,20,0
1376764932,20,0
1376765535,20,0
1376766139,20,0
1376766743,20,0
1376767346,20,0
1376767950,20,0
1376768553,20,0
1376769157,20,0
1376769760,20,0
1376770363,20,0
1376770967,20,0
1376771571,20,0
1376772174,20,0
1376772326,18,2
1376772353,17,3
1376772956,17,3
1376773183,17,3
1376773191,18,2
1376773794,18,2
1376774398,18,2
1376775001,18,2
1376775605,18,2
1376776208,18,2
1376776812,18,2
1376777415,18,2
1376777506,18,2
1376778110,18,2
1376778713,18,2
1376779317,18,2
1376779920,18,2
1376780524,18,2
1376781127,18,2
1376781731,18,2
1376782335,18,2
1376782472,17,3
1376783076,17,3
1376783679,17,3
1376784282,17,3
1376784886,17,3
1376785490,17,3
1376785664,18,2
1376786267,18,2
1376786871,18,2
1376786995,17,3
1376787599,17,3
1376788203,17,3
1376788806,17,3
1376789410,17,3
1376790013,17,3
1376790739,17,3
1376791343,17,3
1376791947,17,3
1376792069,17,3
1376792091,17,3
1376792181,19,1
1376792784,19,1
1376793070,18,2
1376793673,18,2
1376794277,18,2
1376794880,18,2
1376795392,17,3
1376795996,17,3
1376796599,17,3
1376797203,17,3
1376797806,17,3
1376798410,17,3
1376799013,17,3
1376799617,17,3
1376800220,17,3
1376800824,17,3
1376801427,17,3
1376802031,17,3
1376802634,17,3
1376803238,17,3
1376803842,17,3
1376804445,17,3
1376805049,17,3
1376805652,17,3
1376806256,17,3
1376806859,17,3
1376807463,17,3
1376808066,17,3
1376808670,17,3
1376809273,17,3
1376809877,17,3
1376810481,17,3
1376811084,17,3
1376811687,17,3
1376812291,17,3
1376812895,17,3
1376813498,17,3
1376814101,17,3
1376814705,17,3
1376815309,17,3
1376815912,17,3
1376816426,16,4
1376817029,16,4
1376817633,16,4
1376818236,16,4
1376818298,16,4
1376818330,17,3
1376818367,17,3
1376818515,18,2
1376819119,18,2
1376819722,18,2
1376820264,19,1
1376820867,19,1
1376821053,19,1
1376821084,20,0
1376821687,20,0
1376822291,20,0
1376822894,20,0
1376823498,20,0
1376824101,20,0
1376824705,20,0
1376825308,20,0
1376825852,18,2
1376826456,18,2
1376827060,18,2
1376827663,18,2
1376828267,18,2
1376828870,18,2
1376829473,18,2
1376830077,18,2
1376830201,19,1
1376830805,19,1
1376831408,19,1
1376832011,19,1
1376832486,20,0
